707600 120 45
89 25
1 25
191 25
42 25
151 25
44 34
130 25
168 25
116 25
124 34
34 41
31 25
54 25
16 25
189 25
126 25
111 25
128 25
184 9
101 25
180 9
56 25
121 34
91 25
57 41
33 25
137 25
69 25
17 9
19 25
10 25
9 25
165 25
86 25
76 25
125 25
188 25
105 25
103 25
136 25
154 25
45 9
22 25
79 25
122 25
68 41
170 25
143 25
163 25
4 25
119 25
88 9
30 25
82 41
107 25
6 25
92 25
93 25
138 25
171 25
167 41
190 25
5 25
133 25
156 25
158 25
3 25
11 25
0 25
150 41
102 25
52 25
134 25
139 25
20 41
26 25
176 25
159 25
113 25
162 25
72 25
112 25
149 25
135 25
38 9
174 25
61 25
140 25
118 25
23 41
77 34
145 34
144 25
39 25
32 25
148 25
109 9
13 25
73 9
8 25
43 9
66 25
94 25
185 25
21 25
50 25
141 25
58 25
18 34
152 41
120 25
169 41
46 25
177 25
98 25
183 41
27 9
173 25
114 41
12 25
153 25
175 34
97 25
35 25
74 25
55 25
37 25
7 41
41 25
96 34
172 41
108 25
24 25
131 25
95 25
117 41
99 25
142 41
83 25
28 25
155 25
64 41
100 25
132 25
2 25
129 34
186 25
110 25
160 25
87 9
15 25
51 25
192 25
178 25
127 25
164 25
181 25
59 25
179 41
115 34
60 25
161 25
62 25
67 41
182 25
63 25
166 25
187 25
81 34
49 25
47 34
90 25
25 41
123 25
36 25
157 41
65 41
147 25
14 25
106 41
40 25
53 34
29 41
71 9
75 25
146 25
84 25
85 25
193 25
48 25
70 25
78 25
80 41
104 25
run time cost of algorithm DRT_AG is 0.000598seconds
