1156000 104 64
463 34
550 34
504 34
258 34
486 34
417 34
105 12
583 12
556 34
270 12
581 34
275 12
436 34
737 34
228 34
156 12
175 34
368 34
635 34
524 12
681 34
205 34
93 34
209 34
683 34
572 34
186 34
410 34
19 34
160 34
248 34
528 34
64 34
97 34
109 34
601 12
481 12
71 34
740 34
329 34
75 12
797 12
122 34
578 12
128 34
575 34
231 34
114 34
717 34
677 34
742 34
393 34
468 34
288 34
752 34
655 34
191 34
185 34
704 34
1 34
474 34
483 34
660 34
796 34
138 34
63 34
688 34
340 34
337 34
260 34
347 34
351 34
456 34
643 41
710 12
200 34
362 34
387 12
485 34
716 34
21 12
661 34
753 34
149 12
382 34
448 34
450 34
180 34
374 34
252 34
140 34
794 34
83 34
493 34
94 34
132 34
494 34
561 34
187 34
756 12
52 34
15 34
357 34
464 34
801 34
261 34
510 34
107 34
70 34
344 34
255 34
548 34
503 34
709 34
515 34
585 34
316 12
573 12
307 34
304 34
32 34
719 34
533 34
152 34
294 34
693 34
62 34
694 34
383 34
129 34
565 34
650 34
274 34
539 34
284 12
38 34
629 34
771 34
218 12
449 34
181 34
729 34
206 34
455 41
145 12
144 34
735 34
603 34
459 34
47 34
37 12
367 34
395 12
574 34
170 34
723 34
446 34
672 41
168 34
220 34
17 34
551 34
162 34
759 34
673 34
472 34
516 34
791 34
513 34
537 34
803 34
623 34
234 34
508 34
287 12
5 12
426 34
702 34
501 34
657 34
139 34
549 34
571 34
423 8
605 34
267 34
529 12
604 12
725 34
314 34
467 34
173 12
479 34
461 34
640 34
598 41
789 34
326 41
645 34
736 34
111 34
434 34
78 41
155 34
339 34
421 34
626 34
244 12
356 34
495 12
397 12
312 34
497 12
741 34
172 34
687 34
41 12
361 12
498 34
269 34
31 41
296 34
447 12
9 34
40 34
225 34
331 12
748 34
458 34
666 34
42 34
167 34
639 34
518 34
608 34
487 34
772 34
733 34
653 34
444 34
774 34
489 34
538 34
691 34
82 34
620 34
28 34
247 34
542 34
249 34
332 34
625 34
451 34
611 34
682 34
22 34
177 34
408 34
406 34
76 41
553 34
778 34
758 41
399 34
166 34
627 34
266 34
520 34
731 34
416 34
53 34
786 34
699 34
502 34
36 34
334 34
425 41
204 34
286 34
96 34
385 12
142 34
665 34
552 34
99 34
793 34
322 34
72 12
715 12
289 34
355 41
377 34
440 12
765 34
354 34
79 41
51 34
411 34
644 34
370 34
394 34
26 34
184 34
750 12
415 34
658 34
182 34
465 41
751 34
33 12
755 34
610 34
221 34
352 12
496 34
126 41
547 34
373 34
125 12
591 12
276 34
580 41
388 34
163 34
577 34
65 34
315 34
20 34
217 34
776 34
179 34
452 12
570 34
371 34
534 34
569 34
147 34
775 34
654 34
39 34
462 34
593 41
203 34
732 34
724 34
476 34
154 41
349 34
246 8
402 34
698 34
616 34
525 34
777 34
57 34
226 34
746 34
431 34
253 34
618 8
773 34
319 34
358 34
35 34
49 34
306 12
781 41
305 34
536 12
514 41
350 34
726 34
596 34
619 34
241 41
401 34
73 34
268 34
151 41
189 34
743 12
506 34
615 12
346 34
558 34
609 34
10 34
780 34
579 34
390 34
229 41
722 34
488 34
554 34
491 34
121 34
689 41
768 34
422 34
293 34
540 34
642 34
108 34
299 34
432 34
427 34
29 34
338 12
419 41
507 34
409 34
115 34
505 34
412 12
13 8
706 12
12 34
343 34
119 34
58 34
106 34
197 34
589 34
659 41
469 34
381 34
232 34
437 34
278 34
712 34
678 12
521 34
45 34
148 12
146 41
435 41
90 41
273 34
317 34
98 34
30 34
164 34
101 34
120 34
400 34
188 41
379 41
222 34
783 34
67 34
674 34
407 34
500 12
0 34
342 34
745 34
251 12
24 12
787 34
34 34
263 12
7 34
428 34
235 41
692 12
88 34
159 41
68 34
790 34
442 34
380 34
259 34
165 41
628 34
586 12
4 34
634 34
555 41
466 34
300 34
327 41
543 12
647 41
606 34
662 34
663 41
190 41
429 34
696 34
800 34
671 12
238 34
584 34
545 34
183 34
757 34
600 12
679 34
291 34
695 34
257 34
213 34
767 34
201 12
89 34
414 34
592 12
460 34
656 34
703 12
285 12
403 34
471 34
527 41
398 34
91 34
700 41
143 12
492 34
59 34
264 34
652 34
622 41
430 34
196 34
546 34
718 34
541 34
708 34
233 34
2 34
336 34
799 34
646 41
3 34
290 34
438 41
785 34
54 34
477 34
636 34
133 41
353 12
560 34
739 34
245 34
280 34
66 34
675 34
602 34
566 34
112 34
690 34
242 41
664 12
169 12
441 34
161 41
237 34
668 12
749 34
48 34
424 34
171 41
762 41
522 34
116 34
617 34
60 34
795 34
711 34
130 34
621 41
348 34
87 12
599 34
311 12
384 34
292 34
194 41
386 34
567 34
391 41
564 34
517 34
18 34
46 41
613 12
747 34
61 34
588 12
303 34
453 34
443 12
809 34
808 34
590 34
210 34
587 34
728 34
212 34
738 34
123 41
802 34
766 34
11 34
669 34
92 34
413 34
74 34
637 34
499 34
523 34
614 12
359 12
136 34
137 34
50 34
157 34
345 41
360 34
630 41
788 34
6 34
445 12
392 34
77 34
418 34
697 34
764 34
150 41
153 34
490 34
102 34
607 34
85 12
158 12
632 34
633 34
651 41
531 34
648 41
535 34
230 41
744 34
131 12
297 41
174 34
433 34
649 41
532 34
454 41
124 34
134 34
207 34
375 41
117 12
195 34
8 41
324 34
667 12
55 41
475 12
25 34
363 8
480 34
335 41
333 34
216 34
100 34
482 34
16 34
365 34
214 34
211 34
271 34
730 34
792 34
713 41
705 41
330 41
323 34
366 34
701 34
470 41
761 41
685 12
707 34
224 34
243 12
714 34
23 34
308 41
104 34
44 41
281 41
806 34
511 34
277 34
576 34
763 34
509 34
110 34
215 41
14 41
86 34
227 34
594 34
782 34
178 34
81 12
239 12
84 41
378 34
376 34
420 34
372 34
641 12
192 34
457 41
473 41
198 34
624 34
301 34
320 12
141 34
313 34
199 34
804 34
684 34
282 41
563 34
405 34
103 34
734 12
265 41
807 34
559 34
798 34
530 34
612 34
526 34
27 34
484 34
250 34
254 12
56 34
69 34
784 34
439 12
279 34
341 34
328 34
770 34
754 34
676 34
680 34
302 41
595 12
118 34
760 12
727 12
310 34
721 41
318 34
113 34
544 12
298 41
223 34
176 34
43 34
519 34
240 34
478 8
256 34
283 34
638 8
80 34
389 41
769 41
309 34
127 34
404 34
272 41
208 41
597 41
262 41
582 12
631 34
670 34
562 34
321 34
219 12
295 34
202 12
325 34
236 41
193 34
686 34
512 41
557 34
720 34
135 41
568 34
95 34
805 34
364 12
369 34
396 8
779 41
run time cost of algorithm DRT_BD is 0.355515seconds
