11195600 170 19
629 25
283 25
94 25
451 9
82 25
912 25
376 25
791 25
462 25
573 25
74 25
269 25
470 25
815 25
205 25
539 34
449 25
76 25
139 25
65 25
525 25
203 25
674 25
931 25
443 25
883 25
517 25
152 25
958 41
502 25
690 25
843 25
637 25
848 25
356 25
797 25
196 9
869 25
628 25
732 41
621 25
679 25
400 25
344 9
529 41
728 25
490 41
795 25
193 25
798 25
257 9
378 25
606 25
87 25
79 25
137 25
770 25
114 25
496 25
799 34
57 25
497 25
522 9
688 25
319 34
265 34
379 25
26 25
644 41
549 25
746 25
608 25
660 25
233 41
255 9
272 25
940 25
46 25
745 25
135 25
895 25
701 25
777 25
216 25
861 34
867 25
761 25
935 25
317 25
598 25
838 25
103 25
312 25
303 41
956 41
460 41
685 41
90 41
769 9
504 41
330 41
709 34
437 41
591 41
222 41
287 9
185 41
875 41
890 41
423 41
757 41
546 41
739 41
0 41
48 41
174 41
16 41
617 41
393 41
810 41
554 41
40 41
724 41
5 41
584 41
226 41
676 41
11 34
118 41
335 41
372 41
696 41
631 41
365 41
85 41
321 41
568 41
792 41
246 41
310 41
334 41
647 41
488 41
537 41
396 34
692 41
650 41
501 41
260 41
948 41
371 34
917 9
845 38
383 41
240 41
698 41
699 41
648 41
762 41
891 34
281 41
61 41
544 41
186 41
807 41
879 37
188 41
1 41
831 41
343 41
231 41
909 34
754 41
47 41
370 41
508 41
902 41
624 41
316 41
314 41
127 41
949 41
362 41
199 41
309 41
355 41
885 37
718 41
160 41
750 37
556 34
419 37
803 37
863 37
526 37
656 37
239 37
446 34
916 37
49 37
500 9
45 9
377 37
358 38
723 9
854 34
951 37
88 37
952 37
675 37
346 38
521 37
115 38
615 37
756 37
430 38
822 37
342 38
574 34
878 38
454 37
569 37
336 34
422 38
772 9
306 34
576 34
78 38
776 37
520 34
817 38
235 37
918 38
557 37
220 37
337 34
469 37
487 34
302 37
129 37
366 9
178 37
468 37
148 9
353 9
71 37
705 38
599 37
53 37
802 37
908 41
187 37
540 37
937 38
175 37
642 38
941 37
43 37
489 37
759 37
832 38
62 38
219 38
411 37
36 37
407 37
821 37
202 37
753 37
796 34
463 37
959 34
551 37
445 38
491 38
418 37
771 37
768 37
874 38
855 37
673 37
671 9
562 34
282 38
191 37
30 34
524 37
913 38
194 9
605 37
923 37
884 37
416 9
914 34
198 34
296 37
507 37
51 38
928 34
805 34
251 38
155 37
880 37
256 38
461 37
18 38
785 38
611 37
357 9
579 37
484 34
929 9
163 37
313 37
352 38
899 38
72 37
906 37
20 34
567 37
681 37
25 37
172 38
425 37
33 34
96 37
93 37
925 38
693 37
329 38
180 37
433 37
560 38
844 38
603 38
669 34
593 37
597 38
495 37
543 37
209 37
933 34
897 37
691 38
662 38
301 37
601 37
534 38
102 38
420 37
712 37
523 37
315 37
262 9
737 37
409 38
458 37
276 38
428 38
921 38
700 37
734 38
266 37
626 37
498 37
168 38
588 37
653 37
587 34
325 9
804 38
29 37
748 37
55 37
113 38
708 37
619 36
320 38
694 37
545 37
740 38
836 34
56 34
623 37
322 37
98 37
697 37
735 37
326 37
270 37
710 37
9 38
58 37
132 37
134 34
559 34
722 37
939 37
510 38
758 37
210 38
572 34
894 34
811 37
828 37
438 38
612 37
412 37
351 37
613 34
459 34
394 38
364 37
620 37
742 34
405 37
877 37
241 37
390 37
4 34
136 34
278 37
703 34
120 38
146 37
34 38
872 38
886 34
223 34
245 34
859 34
50 34
483 34
153 34
645 34
147 34
924 34
565 34
782 38
144 38
954 34
182 34
54 34
600 34
639 34
778 9
819 38
816 34
781 34
873 38
541 34
888 34
83 34
801 34
86 34
406 34
250 9
892 34
518 34
934 38
32 38
862 34
263 34
789 34
253 34
876 34
479 34
369 34
141 9
871 24
228 38
553 33
842 34
727 34
427 34
305 9
499 38
655 38
404 34
60 38
130 34
432 34
860 34
289 34
248 34
578 38
324 34
610 34
519 34
138 34
181 38
12 34
123 34
686 38
905 34
503 34
695 34
285 34
784 34
641 34
852 34
274 34
755 34
775 34
646 34
89 38
414 34
452 38
381 33
218 38
946 33
415 34
714 34
706 34
280 38
936 34
417 34
506 34
813 34
930 34
486 34
109 38
106 34
717 38
387 9
481 38
580 24
164 34
150 34
766 9
814 34
577 34
477 9
284 34
183 34
413 33
392 34
947 34
535 34
28 34
442 34
786 34
156 34
206 34
77 34
581 34
738 34
105 34
866 33
864 34
571 34
938 38
505 38
932 34
783 38
920 34
794 34
338 38
192 38
533 34
680 34
217 34
663 34
166 34
563 34
2 34
259 38
63 34
286 34
426 9
258 34
167 34
361 34
304 34
767 38
726 38
494 34
736 38
687 34
197 34
731 34
151 34
960 34
464 34
851 34
232 34
267 34
589 34
69 9
790 34
52 9
38 38
189 34
227 34
104 34
171 38
297 38
73 34
444 34
328 34
511 9
10 34
345 9
476 34
847 34
247 9
743 34
159 34
607 38
249 38
760 33
779 34
596 34
410 8
787 34
793 34
275 34
515 34
402 34
808 33
471 9
472 34
896 34
512 34
633 34
594 34
711 34
555 38
480 34
901 34
8 34
531 38
6 34
514 34
744 34
475 34
252 34
666 34
751 9
230 34
882 34
14 9
389 34
149 34
654 34
586 34
450 34
456 33
195 34
24 34
31 34
453 34
809 38
625 33
592 38
169 38
682 34
919 9
829 34
835 34
207 34
66 33
473 34
944 34
858 33
13 34
604 34
961 34
665 38
904 34
3 34
922 34
493 38
388 34
367 38
763 38
229 34
21 34
99 38
100 38
291 34
552 34
131 9
664 34
143 33
279 34
271 34
659 34
915 34
684 38
638 8
184 38
943 34
375 38
17 34
382 38
331 34
308 34
538 9
651 33
955 34
652 34
812 34
820 34
564 36
730 38
360 34
881 33
294 33
635 33
530 33
595 33
590 33
448 33
162 33
59 24
704 38
244 33
846 24
347 33
720 9
142 38
121 33
111 33
124 25
558 41
668 34
340 33
683 38
190 36
327 9
707 24
213 33
725 38
145 38
81 38
830 38
825 33
42 33
264 33
945 38
436 24
110 24
887 33
80 8
467 33
293 33
201 38
204 33
363 36
780 33
677 33
583 24
627 33
170 9
157 33
575 38
806 8
236 33
536 38
614 33
348 8
133 38
441 33
900 38
211 33
290 33
548 33
158 33
70 33
833 24
853 33
478 36
636 36
165 33
826 33
391 36
618 33
788 33
749 33
35 8
108 33
311 33
116 33
39 33
399 33
92 8
298 38
37 36
429 8
22 24
602 38
75 33
733 33
907 31
225 33
547 38
19 33
421 24
385 9
238 38
893 9
747 33
634 33
672 38
154 9
841 33
359 33
307 9
395 24
957 33
435 33
292 24
857 33
455 33
237 33
27 33
702 36
485 33
439 33
658 33
570 38
773 33
903 38
721 9
107 24
856 33
839 38
212 8
689 9
177 38
176 38
582 38
173 24
765 33
243 33
870 38
431 33
224 9
585 33
214 33
84 33
318 29
616 33
516 38
823 9
140 33
333 9
424 24
15 31
566 33
398 33
408 33
374 24
550 8
609 33
221 33
927 9
715 33
122 33
234 33
509 38
339 24
208 24
349 33
242 24
95 31
528 33
254 33
268 33
926 33
277 38
661 33
117 38
128 29
542 8
273 38
23 33
434 33
380 33
630 33
261 33
840 38
950 33
532 33
834 33
97 33
299 33
527 33
889 29
800 33
752 9
827 33
332 38
200 36
397 33
667 9
126 38
323 33
179 33
288 33
401 33
719 36
341 38
7 33
741 17
643 38
729 38
849 38
850 38
161 31
492 9
657 33
119 33
868 38
474 9
898 33
44 38
295 33
386 38
837 8
670 33
384 36
649 33
561 33
942 33
354 33
818 8
67 33
911 33
41 38
953 8
716 38
713 8
513 33
64 38
678 33
622 33
824 33
373 24
447 33
112 33
68 38
300 33
457 36
125 33
465 33
632 33
440 38
368 33
403 38
350 33
910 33
482 38
640 33
91 29
764 38
215 33
774 38
101 38
865 33
466 33
run time cost of algorithm DRT_AG is 0.010328seconds
