11596000 170 19
82 34
113 25
117 34
387 25
409 25
349 34
797 25
329 25
283 25
554 25
389 25
167 9
739 25
52 25
529 25
396 25
905 34
966 25
3 41
819 25
562 9
942 25
502 25
773 25
343 25
560 25
286 9
762 25
473 34
471 25
248 25
262 25
109 34
453 25
620 25
36 25
272 25
688 25
809 41
885 25
964 25
653 9
525 25
459 41
460 25
556 41
86 25
189 25
629 25
179 34
177 25
138 25
879 25
13 25
571 25
55 25
578 25
514 25
508 34
660 25
860 41
237 25
918 25
309 25
339 25
429 25
388 25
474 25
569 9
432 25
323 34
63 25
561 41
598 25
605 25
186 25
716 25
231 25
637 25
359 9
30 25
245 25
234 34
445 41
444 25
435 25
807 25
168 25
927 25
540 25
646 25
287 25
563 25
636 25
706 25
416 41
481 41
258 25
224 25
848 25
193 34
482 25
787 41
492 41
654 41
100 41
538 41
666 41
780 41
943 41
837 41
856 41
233 41
107 41
355 41
447 41
789 41
728 41
229 41
720 41
618 41
121 41
655 41
57 9
584 34
683 41
859 34
829 9
642 41
368 41
528 41
104 41
652 41
888 41
591 37
209 41
360 41
639 41
315 41
433 41
900 41
22 41
658 41
377 41
727 41
25 41
314 41
391 41
750 41
606 41
956 41
858 41
662 41
815 41
682 41
501 41
140 41
307 9
320 41
438 37
497 41
338 34
753 41
703 41
15 41
278 41
543 41
123 37
785 41
361 41
722 41
220 41
84 41
826 41
536 41
681 41
130 41
559 41
817 38
580 41
603 41
340 34
92 37
883 41
566 41
403 41
422 34
333 41
894 34
974 41
788 41
225 41
565 41
470 41
29 37
978 41
724 41
699 41
126 37
958 37
423 37
458 37
294 34
249 37
517 34
324 37
206 38
496 37
300 37
594 37
301 34
308 37
744 38
12 37
977 37
583 37
982 34
634 34
875 37
940 37
575 34
814 37
478 9
6 34
959 37
929 37
932 9
341 37
326 38
687 34
988 38
745 38
267 37
411 37
589 37
607 34
733 37
295 37
784 38
202 37
869 37
647 37
244 38
928 37
644 34
963 37
581 37
174 8
175 38
567 38
212 9
585 34
648 37
383 37
631 37
987 38
587 34
58 38
336 37
242 41
395 38
261 37
871 37
741 37
114 37
151 38
454 37
622 38
694 37
924 37
158 37
64 38
187 37
756 37
254 37
358 37
185 37
223 34
818 34
155 38
42 34
685 37
145 34
912 37
148 37
199 38
761 37
73 9
346 34
548 34
822 38
120 37
405 9
417 37
843 37
993 37
311 38
390 37
641 37
413 8
946 37
434 38
934 37
364 38
431 9
824 37
675 37
876 38
906 37
714 37
944 37
37 37
61 34
265 37
217 37
582 34
663 38
330 37
297 37
752 38
776 37
255 37
291 37
878 37
779 34
872 9
436 37
640 37
726 38
131 38
442 37
704 38
754 38
89 37
38 9
573 34
226 37
537 34
862 37
160 34
949 37
832 34
490 38
799 37
725 34
282 34
275 37
712 38
786 37
450 37
71 38
957 37
195 38
347 37
464 34
874 34
939 37
354 34
335 37
263 34
161 38
611 37
394 36
122 37
674 34
18 38
930 37
83 38
765 37
547 37
207 37
49 34
950 37
97 37
530 37
804 37
427 9
378 34
146 38
519 37
513 37
947 37
969 37
951 37
910 37
698 37
751 37
558 8
870 37
449 34
16 34
279 34
861 37
369 34
337 37
626 37
319 37
271 37
398 37
173 37
325 38
493 38
962 38
990 37
235 37
111 37
721 34
127 34
805 37
7 34
568 34
778 37
801 34
191 9
873 37
236 37
863 34
60 34
803 34
505 9
85 34
495 38
56 38
293 34
256 34
955 38
968 34
925 9
208 34
43 9
363 34
284 34
737 34
676 34
661 34
866 34
599 34
766 34
715 34
798 34
833 38
624 34
99 34
487 34
78 34
707 38
171 34
47 38
845 34
670 34
574 34
32 34
919 34
379 34
375 34
800 38
734 34
991 8
348 34
808 34
680 34
981 34
200 34
855 9
759 34
614 38
251 34
908 38
356 34
150 34
299 34
736 34
414 34
367 34
976 9
317 34
738 34
835 34
327 38
730 38
916 34
783 34
477 34
102 38
600 34
106 38
954 34
936 34
673 34
392 34
764 34
485 34
81 34
118 38
134 33
69 34
677 34
985 33
810 34
729 34
296 34
847 34
531 34
51 34
393 34
221 34
886 34
218 9
353 38
553 34
592 33
913 38
465 38
400 34
711 34
352 38
719 38
884 38
91 38
461 34
684 38
238 38
192 34
54 34
897 38
914 9
4 24
806 38
70 34
153 34
303 34
88 34
532 34
535 38
821 34
204 34
671 38
619 38
345 34
486 34
46 34
864 34
953 34
811 34
623 34
625 33
162 34
790 34
439 9
112 9
178 38
602 9
273 38
887 9
475 34
95 34
371 34
276 34
125 34
415 34
215 34
302 34
241 34
608 34
507 34
116 34
667 38
534 33
746 34
305 34
468 9
419 34
196 34
615 38
697 34
970 8
277 34
828 34
412 34
101 38
503 34
557 34
609 9
142 34
243 33
701 9
260 33
542 33
270 34
24 34
586 33
820 38
332 34
410 34
76 33
382 34
499 34
370 34
994 34
825 38
74 34
366 34
643 33
9 33
281 34
280 34
632 33
768 34
240 38
857 33
457 34
917 34
68 38
911 38
509 34
915 9
65 34
669 38
59 38
452 33
740 38
8 33
678 32
39 38
903 33
441 33
222 33
713 33
812 24
718 38
867 38
183 24
895 33
708 33
882 24
941 33
184 31
2 33
141 33
679 33
896 33
802 33
961 33
328 33
827 33
232 9
75 33
657 33
135 33
66 33
197 9
201 33
512 38
45 38
239 38
472 33
132 38
483 24
732 33
443 33
41 33
110 9
19 33
668 38
159 38
23 29
604 33
893 38
250 9
763 38
399 38
384 33
686 33
984 33
362 33
181 38
1 33
428 38
17 9
850 33
823 33
351 33
979 33
401 33
635 33
645 38
638 33
62 38
266 6
20 33
342 38
90 38
137 33
105 33
973 33
34 38
853 36
93 38
451 24
166 33
695 9
169 6
596 24
136 33
904 38
96 33
579 33
816 38
555 36
933 33
743 33
124 29
289 33
163 33
836 38
782 33
149 33
965 33
649 8
210 38
735 8
381 33
795 38
760 33
214 38
115 38
588 38
526 33
421 38
425 33
628 24
952 38
621 33
617 33
830 38
5 38
498 33
545 38
831 6
770 33
310 38
747 33
408 38
777 38
144 33
775 33
33 38
48 33
264 33
285 33
570 36
213 25
552 41
664 33
94 34
318 38
899 38
909 32
380 38
420 33
691 33
839 38
923 33
129 33
772 33
774 33
288 24
705 33
948 33
769 9
689 33
87 9
133 33
40 33
489 33
290 33
491 38
516 38
203 38
742 33
838 9
50 33
854 32
28 8
749 33
304 24
868 8
527 33
659 9
268 38
665 33
180 9
322 33
312 33
577 33
292 33
188 33
767 33
717 36
633 24
515 33
147 29
426 33
488 24
446 33
456 33
551 33
182 33
108 38
44 31
430 33
170 38
219 33
139 8
172 33
922 33
227 38
484 36
247 9
992 9
211 36
424 38
541 33
945 38
613 33
467 36
440 36
504 9
152 36
692 6
194 29
771 29
164 38
841 24
937 38
165 33
373 33
960 38
995 33
331 33
650 33
252 24
77 38
26 9
844 33
27 33
269 9
518 31
500 9
890 24
476 36
402 33
595 38
610 33
813 33
274 33
257 33
246 38
176 38
157 38
709 24
702 33
544 33
989 29
53 38
796 33
494 38
572 33
455 33
79 33
397 33
98 33
627 38
128 33
334 24
723 33
365 33
374 33
376 38
852 9
386 38
21 9
651 9
437 33
143 8
846 9
921 33
781 33
480 33
154 33
842 36
156 33
205 33
901 33
313 33
539 38
533 33
793 33
986 38
980 33
757 29
710 36
902 38
190 33
216 33
230 33
865 38
938 8
466 33
0 8
794 33
35 33
469 38
462 38
564 33
690 33
316 33
344 33
259 33
889 8
792 33
550 9
983 33
67 36
849 31
851 33
972 33
926 8
350 38
601 33
593 33
931 24
372 33
385 33
321 36
11 33
877 38
898 33
510 33
612 33
418 33
630 33
971 38
590 33
748 33
198 33
892 9
546 33
549 38
479 8
406 31
523 33
616 9
920 33
576 33
758 24
656 36
880 33
693 33
597 38
834 33
31 33
357 33
521 8
463 33
891 33
306 8
967 29
298 33
103 38
448 33
672 36
522 9
935 33
731 38
407 24
72 29
511 32
881 33
696 33
907 33
840 38
14 33
228 33
119 33
755 9
975 33
253 33
506 33
700 33
791 33
404 33
524 24
520 29
10 33
80 33
run time cost of algorithm DRT_AG is 0.010607seconds
