314800 157 67
7 34
61 34
78 34
24 34
8 34
12 34
95 34
9 34
71 34
13 24
47 34
81 34
35 34
17 34
22 34
19 34
21 34
4 0
93 34
73 34
74 34
66 24
43 34
97 34
59 34
45 34
28 34
56 24
99 34
80 24
10 34
5 34
20 34
30 34
53 34
84 34
16 24
68 34
83 34
91 34
55 24
3 34
64 34
41 34
85 34
37 34
54 0
90 0
11 34
6 34
29 24
98 24
27 0
51 34
79 24
32 24
57 24
23 34
42 34
50 24
96 34
39 34
76 34
46 24
75 20
62 34
101 34
14 34
58 24
52 34
33 34
0 24
69 34
77 34
88 24
25 24
87 34
40 34
2 34
31 24
82 34
36 34
15 34
48 24
70 34
18 24
86 34
34 34
89 34
92 24
65 24
63 24
100 34
38 34
26 24
94 24
60 34
44 34
49 34
72 34
1 34
67 34
run time cost of algorithm DRT_BD is 0.010235seconds
