1535600 170 43
400 25
370 25
361 25
346 25
320 25
129 25
296 25
288 25
182 25
263 25
216 25
236 25
222 25
240 25
88 25
404 25
100 25
115 25
372 9
348 25
327 25
12 25
133 9
145 25
283 25
164 25
270 25
185 25
234 25
443 25
209 25
200 25
187 25
278 25
39 25
402 25
414 25
85 25
218 25
33 34
250 25
274 41
174 25
150 25
146 25
302 9
303 25
315 41
385 25
78 41
54 25
227 41
363 25
246 25
3 25
153 25
147 25
266 25
131 25
347 25
192 25
433 25
0 25
6 25
53 25
360 25
163 25
403 25
251 25
62 25
241 25
415 41
417 25
422 25
305 25
313 25
311 25
436 25
233 25
308 25
232 25
285 25
358 25
401 25
116 25
117 25
384 25
157 25
334 25
186 25
104 25
314 25
215 25
177 25
434 25
335 25
93 25
393 25
189 25
289 25
18 9
268 25
152 41
271 9
77 25
388 25
120 25
49 25
165 25
151 25
183 41
258 25
418 25
325 25
79 25
138 25
113 25
423 9
122 25
365 25
340 25
61 25
195 25
380 25
221 34
374 25
421 25
378 25
29 25
214 25
438 25
27 25
40 34
130 25
291 25
102 25
382 25
267 34
23 25
229 25
205 25
396 25
369 41
286 41
65 41
58 25
366 25
66 9
406 25
7 25
128 25
156 34
26 9
30 34
75 41
25 25
127 25
238 41
256 25
359 41
330 25
201 34
310 37
184 25
226 25
441 9
448 25
228 25
168 41
264 25
277 25
223 25
439 25
342 41
50 25
175 41
244 25
259 25
220 34
211 34
103 25
328 25
408 41
332 25
121 25
125 25
354 25
22 25
355 25
56 9
114 9
425 25
171 25
383 25
106 9
322 25
180 25
197 25
318 25
407 25
287 25
166 41
15 25
338 25
225 25
210 41
76 25
80 25
445 9
31 25
83 25
199 25
381 25
333 41
430 25
64 25
108 25
217 25
9 25
142 25
41 8
154 41
8 41
11 25
386 25
111 25
134 9
101 25
59 41
265 25
431 34
17 25
297 25
301 34
86 25
37 41
312 25
73 41
34 25
447 41
97 25
391 9
349 25
416 9
176 25
67 25
52 25
409 41
139 41
140 25
144 25
300 25
343 25
159 25
60 41
254 41
371 25
257 9
295 25
203 25
207 25
89 41
248 25
202 34
74 9
45 25
352 25
237 41
98 25
356 38
208 25
336 25
51 25
1 25
451 25
282 25
68 25
279 6
20 25
28 41
339 25
219 25
272 9
212 25
284 41
194 25
321 41
373 25
4 41
167 41
345 25
155 9
126 41
351 25
57 25
357 25
379 25
43 25
427 9
239 25
316 25
38 41
96 41
71 9
389 41
392 25
178 41
337 41
47 25
143 41
344 25
99 25
91 25
292 25
72 25
92 25
160 25
341 25
69 34
319 41
413 25
252 25
255 25
158 25
112 41
2 25
21 25
397 41
253 41
198 25
204 25
294 25
82 25
132 25
95 25
281 34
394 25
261 41
411 41
273 25
55 25
5 25
70 25
387 25
376 41
169 25
307 41
426 25
107 41
242 37
44 34
399 41
362 25
173 9
90 25
435 25
110 25
10 25
432 37
124 41
119 25
141 41
213 25
377 41
317 41
323 25
449 25
262 25
276 25
280 41
136 9
442 41
293 25
299 41
364 25
245 9
390 41
444 25
428 25
306 25
375 41
14 25
424 25
453 25
191 34
32 34
118 41
109 34
235 25
105 25
367 25
247 25
249 25
326 41
94 25
275 34
87 25
410 9
137 37
298 25
304 25
309 25
148 41
405 41
149 9
329 34
162 41
36 41
170 34
452 25
172 25
395 34
450 41
179 25
135 25
331 25
446 25
35 25
16 41
419 34
420 25
19 25
48 25
193 25
196 25
350 25
353 25
260 25
231 25
24 25
368 41
46 25
243 41
429 41
230 25
269 41
224 25
437 25
206 25
190 34
440 25
84 41
188 41
290 37
123 34
81 41
161 37
13 25
63 34
181 25
412 25
324 25
398 9
42 25
run time cost of algorithm DRT_AG is 0.002485seconds
