539000 97 18
0 0
1 0
2 34
3 0
4 0
5 0
6 0
7 34
8 0
9 0
10 0
11 0
12 0
13 0
14 0
15 34
16 0
17 0
18 0
19 0
20 0
21 0
22 0
23 0
24 0
25 0
26 0
27 0
28 0
29 0
30 0
31 0
32 0
33 0
34 0
35 0
36 0
37 0
38 0
39 0
40 0
41 0
42 0
43 0
44 0
45 0
46 0
47 34
48 34
49 0
50 0
51 0
52 1
53 1
54 0
55 0
56 1
57 0
58 0
59 34
60 0
61 1
62 0
63 0
64 0
65 0
66 1
67 0
68 0
69 0
70 0
71 0
72 0
73 1
74 0
75 0
76 0
77 0
78 1
79 0
80 1
81 1
82 0
83 34
84 34
85 0
86 0
87 1
88 1
89 1
90 0
91 1
92 0
93 1
94 0
95 0
96 1
97 2
98 0
99 1
100 0
101 34
102 1
103 0
104 0
run time cost of algorithm SM_CTP is 0.017076seconds
