1768600 161 48
346 9
395 9
207 9
316 9
51 9
340 9
330 9
142 9
41 9
38 9
325 9
180 9
190 9
273 9
185 9
181 9
307 9
61 9
152 9
364 9
92 9
262 9
78 9
230 9
312 9
27 34
10 9
128 9
249 9
100 9
49 34
223 9
278 34
288 9
394 9
338 9
97 9
120 9
218 9
306 9
299 9
166 9
366 9
391 9
42 6
1 9
73 9
287 6
329 9
98 9
256 9
240 9
121 9
14 9
158 34
160 9
318 9
291 9
170 9
68 9
350 9
45 9
71 9
233 9
320 9
303 34
175 9
235 9
334 9
314 9
20 9
4 9
138 9
225 9
113 9
335 9
194 9
11 9
172 9
8 9
208 9
317 9
211 9
229 9
5 9
171 9
89 9
302 9
220 9
102 9
355 9
254 9
301 34
107 9
32 34
76 9
246 9
2 9
222 9
371 9
117 9
104 6
269 9
310 9
178 9
84 34
323 9
96 6
48 9
62 34
345 9
283 9
112 6
381 34
244 9
392 9
384 9
300 9
293 9
276 9
101 9
110 9
304 9
389 9
87 9
286 9
13 9
82 9
74 9
337 34
327 9
216 6
163 9
145 9
237 9
125 34
271 9
204 9
26 9
227 9
3 9
197 9
248 9
342 9
35 9
385 34
111 9
212 9
252 9
313 9
173 9
109 9
390 9
57 9
242 9
324 9
59 9
383 9
333 34
282 6
126 9
191 9
63 9
336 9
15 9
326 9
54 9
357 9
91 9
58 6
362 9
373 9
88 9
40 9
25 9
352 9
351 9
328 9
241 6
311 9
186 9
65 9
53 9
380 9
206 9
382 9
258 9
177 9
319 9
360 9
116 9
219 9
239 9
85 34
17 9
44 9
267 9
129 9
358 9
93 9
94 9
376 9
245 9
135 9
228 9
0 9
64 9
154 9
290 9
70 9
139 9
393 9
238 9
349 9
292 9
149 9
162 9
247 9
210 9
209 9
264 9
201 9
188 9
151 9
144 34
39 6
253 9
155 6
12 6
9 9
31 34
332 9
363 9
22 9
215 9
315 9
134 9
119 9
199 9
368 9
344 9
399 6
369 6
251 9
309 9
69 6
29 9
231 9
156 9
161 9
295 9
202 9
224 9
141 9
146 9
176 9
132 9
67 9
137 6
153 9
90 9
296 9
66 9
193 9
169 9
6 9
60 34
279 9
103 9
81 9
277 6
140 9
375 9
47 9
114 9
294 9
157 9
16 9
205 9
150 9
28 9
275 9
261 9
183 9
348 9
214 9
339 9
18 9
50 9
198 9
36 9
184 9
372 9
221 6
343 9
203 9
143 9
43 9
274 6
46 9
106 9
281 6
321 6
99 34
259 9
308 9
52 9
30 9
250 6
378 9
130 9
263 9
108 9
270 9
167 9
217 9
354 9
77 9
23 9
397 9
165 9
226 9
187 6
105 9
353 9
243 9
396 9
86 6
189 9
398 34
377 9
213 9
388 9
164 9
280 9
347 6
367 9
365 9
200 9
341 6
192 9
34 9
83 6
118 9
122 9
79 9
33 9
272 9
297 9
159 9
148 6
234 9
95 6
147 9
115 9
75 9
268 9
24 9
19 9
298 9
127 9
123 9
232 9
284 9
285 9
356 9
56 9
361 9
131 9
260 9
266 9
55 9
195 9
7 6
179 9
374 9
174 9
289 9
379 9
168 9
196 9
21 9
322 6
265 9
257 9
255 6
80 9
37 9
182 9
305 6
359 9
386 9
387 6
133 9
72 34
124 9
331 9
370 9
136 9
236 9
run time cost of algorithm DRT_AG is 0.002316seconds
