2941200 97 14
279 44
65 44
495 44
250 44
172 44
269 44
310 44
258 44
67 44
492 44
493 44
142 44
173 44
90 44
478 44
254 44
340 44
185 44
278 44
500 44
443 44
261 44
59 44
58 44
386 44
382 44
433 44
253 34
19 44
257 44
293 44
144 44
284 44
518 44
230 44
359 44
188 44
154 44
282 44
458 44
303 44
436 44
165 44
467 44
198 44
513 44
138 44
175 44
345 44
470 44
82 44
416 44
383 44
325 44
16 44
8 44
246 44
438 34
494 44
347 44
311 44
169 44
79 44
150 44
479 44
378 44
137 44
6 44
149 44
10 44
152 44
439 44
241 44
353 44
370 44
483 44
424 44
100 44
506 44
192 44
489 44
71 34
108 44
375 44
377 44
499 44
44 44
522 44
411 44
372 44
236 34
296 44
226 44
354 44
235 44
509 44
508 44
42 44
434 44
66 44
81 44
77 44
231 44
7 44
159 44
474 44
481 44
453 44
247 44
15 44
268 44
116 44
473 44
55 44
307 44
449 34
444 44
126 44
181 44
105 44
482 44
352 44
222 44
75 44
17 44
504 44
364 44
248 44
128 44
22 44
218 44
342 44
166 44
294 44
4 44
167 44
3 44
338 44
205 44
371 44
505 44
304 44
35 44
317 44
395 44
61 44
328 44
385 44
99 44
243 44
244 44
414 44
428 44
361 34
299 44
514 34
87 2
33 44
163 44
497 44
389 44
139 44
334 44
440 2
520 44
43 44
70 44
437 44
333 44
362 44
259 44
219 44
5 2
109 44
475 44
374 44
210 44
134 44
365 34
503 2
238 44
221 44
442 2
376 44
13 2
276 44
291 44
480 44
51 44
187 44
94 2
469 34
112 34
30 44
38 44
34 44
91 44
511 44
335 44
135 2
306 44
206 44
31 44
164 44
420 44
98 44
54 44
56 34
110 44
423 44
485 44
351 44
515 2
418 44
468 44
380 34
129 44
409 44
266 2
512 44
201 2
517 44
195 44
88 44
72 44
125 44
2 44
262 44
450 44
507 44
379 44
476 44
102 44
180 44
273 44
123 44
53 44
92 44
171 34
272 44
461 44
73 44
422 2
111 44
332 44
369 44
302 44
39 44
312 44
429 34
141 44
193 44
76 2
80 44
168 44
155 44
435 44
355 44
452 44
37 44
425 44
498 44
384 44
421 44
177 34
316 2
431 44
127 44
358 34
121 44
32 44
252 44
211 44
308 44
320 44
190 44
97 44
394 44
390 44
346 44
286 44
232 44
113 2
256 2
213 44
23 2
20 44
148 2
350 34
318 44
208 44
153 44
457 34
456 2
356 44
27 44
0 44
368 44
399 34
412 44
404 44
145 44
224 44
430 44
83 44
523 2
85 44
223 44
202 44
275 44
47 44
398 44
197 44
281 44
11 44
184 44
21 44
204 44
191 2
227 44
516 44
122 44
228 44
225 44
277 44
426 44
233 2
363 44
388 2
413 44
289 44
160 44
441 44
337 44
295 44
52 44
209 44
463 44
491 44
408 44
260 44
400 44
48 44
477 44
93 44
521 44
117 44
14 2
393 44
196 44
290 44
405 44
25 44
315 44
502 44
46 2
445 44
170 44
28 44
410 44
270 44
432 2
263 44
319 44
323 44
357 44
484 44
451 44
45 44
242 44
251 44
297 44
203 44
336 44
331 44
186 2
447 44
178 44
182 44
234 44
214 44
36 44
490 44
448 34
407 44
287 44
106 44
161 44
68 2
216 44
237 44
57 44
245 2
327 2
103 44
292 2
344 44
84 44
329 44
274 2
300 44
402 44
465 44
314 44
114 34
101 44
466 44
40 44
462 44
86 44
136 44
174 2
249 44
373 44
360 44
95 44
1 44
189 34
401 44
200 44
74 44
49 44
217 44
41 44
157 44
146 44
381 44
104 44
305 44
472 44
471 44
118 44
151 44
156 44
158 2
62 44
397 44
229 44
460 44
132 44
179 44
271 44
162 2
194 44
183 44
115 44
239 44
207 44
339 44
119 44
78 34
403 44
285 2
29 44
89 44
255 2
486 44
288 2
488 44
24 44
510 2
26 44
309 2
392 2
140 44
464 44
524 44
298 44
96 44
455 44
12 2
176 44
220 44
366 44
367 2
199 2
454 44
519 44
280 44
147 44
427 44
321 44
322 44
283 44
130 44
143 44
391 44
131 44
313 2
69 2
64 44
324 2
343 34
496 44
50 44
387 44
406 2
240 2
267 44
212 44
215 44
396 44
349 44
487 44
330 44
326 44
63 44
415 2
417 34
419 44
348 44
341 44
264 44
18 44
124 44
120 44
446 44
301 44
107 44
60 2
501 44
265 44
133 34
9 44
459 2
run time cost of algorithm DRT_BD is 0.139492seconds
