373750 98 16
94 34
90 9
28 9
156 9
187 9
51 9
96 9
35 9
129 9
174 9
13 34
7 9
24 9
176 9
189 9
117 9
131 9
50 9
110 9
103 9
127 9
112 9
18 9
80 34
81 9
107 9
26 34
137 9
104 9
25 9
195 9
89 9
31 9
116 9
45 9
162 0
207 9
27 34
37 9
159 9
71 9
64 9
138 9
69 9
143 9
142 9
86 9
126 9
180 9
66 9
203 9
150 9
16 0
147 0
194 9
56 9
83 9
39 9
170 9
68 9
151 0
92 9
61 0
118 9
20 9
178 9
76 9
124 34
119 9
133 9
191 9
55 9
209 9
130 9
123 9
60 9
57 0
10 9
125 9
17 9
184 9
42 0
158 9
111 9
197 9
149 9
62 0
166 0
196 9
72 9
121 9
135 9
185 9
93 0
0 0
106 9
146 9
202 9
47 9
190 0
101 9
140 9
105 9
30 9
188 34
82 0
29 9
54 9
59 9
12 9
154 9
210 9
200 9
6 9
132 9
77 9
43 9
199 9
120 9
65 0
205 34
169 9
193 9
175 9
67 9
182 9
165 9
32 9
204 0
22 34
168 9
21 0
36 0
63 0
79 0
108 0
95 9
2 9
74 9
192 0
136 9
48 9
23 9
5 9
87 9
157 9
73 9
34 9
153 9
211 34
141 9
46 0
84 9
134 9
163 0
91 0
179 9
8 9
115 9
155 9
144 9
208 0
122 9
19 9
98 0
49 9
1 0
183 0
33 9
161 34
148 0
177 9
58 9
171 9
113 9
206 0
164 9
41 9
9 0
128 9
152 9
3 8
75 9
100 9
186 9
78 0
114 9
70 9
97 9
4 9
14 9
173 9
102 0
172 9
52 0
160 0
85 9
53 0
198 9
201 9
15 9
40 9
99 0
139 9
44 9
145 9
38 9
109 9
181 9
88 9
11 9
167 0
run time cost of algorithm DRT_BD is 0.031181seconds
