3359600 170 28
494 25
594 41
597 34
162 25
4 25
576 25
138 25
566 25
552 25
206 25
72 9
280 25
504 25
298 34
476 25
307 25
813 25
79 25
683 25
687 25
371 25
469 25
462 25
437 25
421 25
423 41
429 25
735 25
729 41
29 25
723 25
412 25
390 25
386 25
364 25
358 9
333 25
306 25
479 25
282 25
209 25
521 25
638 25
637 25
529 25
188 41
628 25
564 41
181 25
570 25
169 25
2 25
52 25
153 9
592 25
788 25
147 25
57 25
159 9
850 41
610 25
176 25
560 25
629 25
839 25
537 9
530 25
186 25
8 9
205 34
826 25
219 25
40 34
652 25
439 25
242 25
13 41
77 41
822 25
15 41
473 25
795 25
794 25
460 25
370 25
151 25
764 25
741 25
751 25
758 25
414 9
762 34
411 34
387 9
405 25
394 25
22 25
97 25
406 41
590 25
382 25
379 25
876 34
170 25
369 25
697 9
106 25
695 34
174 25
344 25
343 41
339 25
177 25
807 25
545 25
137 25
632 25
675 9
303 41
674 25
824 25
11 25
644 25
196 25
510 41
246 25
216 25
232 25
509 34
481 25
258 25
833 25
516 25
265 25
277 25
680 34
836 9
310 41
328 25
337 25
619 25
352 25
84 25
606 25
856 25
602 25
709 25
583 25
434 25
0 34
291 25
630 25
335 25
737 25
847 34
559 25
774 25
104 25
377 41
12 25
235 34
161 25
502 25
163 9
487 25
401 25
427 25
126 25
711 25
802 9
468 34
442 25
432 25
399 25
490 25
389 25
100 25
273 25
523 25
555 25
766 25
348 41
571 25
578 9
217 25
855 25
593 25
868 34
679 9
684 25
200 25
76 41
877 41
356 25
359 25
841 25
818 25
693 25
398 25
266 25
92 34
457 25
80 25
171 41
486 25
664 25
69 41
525 41
539 25
768 34
761 41
756 25
733 25
608 34
609 25
618 25
736 25
117 25
192 25
128 25
857 25
121 25
845 25
59 25
783 25
561 25
636 25
30 34
844 34
698 25
527 25
696 25
164 41
817 34
520 9
140 25
662 41
408 25
804 25
85 25
587 34
149 41
19 25
485 25
253 25
477 25
168 41
728 25
690 25
463 25
459 25
799 9
125 25
681 41
730 41
778 41
175 25
257 25
810 25
417 25
90 9
726 41
410 41
71 41
178 25
127 25
692 41
198 34
393 25
660 41
160 25
827 25
229 25
659 25
368 9
43 41
562 41
222 25
346 25
336 25
631 34
25 25
114 25
26 25
118 25
285 25
713 25
150 41
86 25
714 25
874 34
866 25
862 25
691 9
452 41
3 25
35 25
854 25
455 41
180 25
111 25
157 25
519 25
563 25
569 25
535 25
673 25
580 41
781 25
665 25
600 25
524 25
402 41
443 9
626 25
66 25
316 9
48 34
318 25
811 25
812 25
624 41
240 25
820 25
465 41
413 25
478 37
264 41
641 34
329 25
311 25
645 25
268 25
207 25
825 25
10 9
254 41
224 25
139 25
558 25
843 25
456 9
227 25
21 34
271 25
376 25
278 9
347 9
24 34
146 25
554 25
549 41
739 25
700 25
354 25
1 25
725 25
361 9
861 25
300 41
720 34
284 25
362 25
135 25
513 25
540 25
305 25
518 25
133 25
832 41
55 25
595 41
748 25
215 41
313 25
213 25
760 25
23 41
203 41
101 25
262 41
204 25
620 9
506 25
319 37
407 25
325 25
44 25
790 38
654 25
444 41
391 25
651 41
792 25
634 41
82 25
801 41
167 41
68 37
39 9
661 9
493 25
809 25
131 9
323 41
322 25
440 41
497 25
672 25
677 25
141 25
752 25
815 25
202 25
260 41
373 25
49 41
474 25
746 25
199 25
589 41
694 25
283 41
699 41
185 41
304 25
134 9
838 25
275 25
470 25
859 25
721 25
543 25
472 25
542 9
435 41
572 25
538 34
573 25
220 34
93 41
532 41
625 41
45 41
123 9
526 41
41 41
447 41
649 41
514 41
450 9
451 41
685 34
32 41
704 41
342 41
765 41
779 41
73 41
250 41
789 34
496 37
800 41
808 9
488 41
324 41
144 37
241 38
823 41
115 41
851 41
380 34
56 25
226 25
771 41
871 9
78 41
548 41
340 41
384 41
341 41
61 41
136 41
757 41
233 41
349 37
718 41
865 38
716 41
193 41
201 41
293 41
707 41
415 41
238 41
367 41
154 9
83 41
301 41
842 41
613 41
392 41
65 41
366 9
551 41
103 41
633 41
787 41
38 9
194 37
796 41
34 41
211 41
816 41
107 41
483 41
357 41
446 41
484 41
584 41
256 41
353 41
424 41
586 41
190 37
724 41
759 41
375 34
142 41
863 41
295 41
113 41
706 41
110 41
701 41
635 41
214 38
409 38
33 9
777 9
769 41
770 41
650 37
378 38
290 34
639 41
869 41
867 41
682 41
47 37
505 9
9 41
511 9
287 41
430 9
236 34
767 41
575 34
784 37
345 41
426 41
124 41
418 41
396 41
616 41
330 41
498 41
840 41
143 41
195 37
835 37
753 41
617 41
17 41
574 41
94 41
338 41
350 41
670 37
686 34
740 41
286 34
166 41
248 34
512 9
547 34
129 41
517 41
732 38
482 41
148 41
87 41
16 41
453 41
179 41
585 41
436 6
63 41
598 41
112 34
581 41
710 34
579 41
828 41
388 34
464 41
852 41
849 41
197 41
208 38
231 37
425 41
81 41
433 41
495 41
615 41
791 37
458 41
550 37
431 41
251 41
621 41
416 37
239 38
105 41
782 37
31 41
374 41
308 34
315 41
109 41
189 34
218 41
449 41
244 41
27 37
351 41
669 41
385 41
750 41
438 41
522 41
870 41
567 37
533 37
647 41
37 41
806 9
448 6
74 41
5 41
89 41
363 41
492 37
601 41
326 41
50 41
247 41
658 41
67 41
604 41
837 41
607 37
663 41
860 34
245 41
116 37
622 37
763 41
130 41
210 41
62 41
428 41
263 41
237 41
312 37
276 38
327 41
467 41
848 41
445 37
541 37
591 41
46 41
249 41
400 41
546 41
780 37
51 9
165 41
671 41
744 41
289 41
666 41
745 41
259 41
274 41
152 41
422 38
640 9
132 41
99 41
183 41
58 41
605 41
172 37
503 41
834 41
612 37
656 41
269 41
614 41
331 41
223 41
515 9
334 34
829 41
743 41
742 41
642 41
297 34
53 41
302 41
155 41
772 37
773 41
864 41
734 37
309 41
646 34
676 41
588 41
727 41
420 41
648 41
643 41
853 41
875 41
499 41
722 34
234 34
320 41
332 41
667 41
668 37
599 41
20 37
70 41
821 41
705 41
14 41
383 41
489 37
64 41
754 41
404 9
556 41
623 38
102 37
507 41
173 41
565 41
731 38
122 41
272 41
491 41
461 41
611 41
158 41
755 41
230 37
582 41
321 41
403 41
397 41
184 41
596 41
717 41
454 37
279 41
603 41
703 41
577 8
480 34
314 41
747 9
786 41
568 37
294 41
715 37
243 34
145 41
466 37
775 38
98 41
18 41
212 37
627 34
719 41
655 38
91 37
221 41
688 41
95 34
261 41
805 41
225 9
395 41
299 37
528 37
96 37
657 41
793 41
252 37
814 41
317 34
42 37
441 41
75 41
678 41
381 9
36 41
281 41
372 34
228 41
858 9
708 37
360 41
508 41
557 41
54 37
419 37
28 41
60 37
187 41
288 41
7 41
749 41
738 41
6 41
501 41
500 41
108 41
88 37
156 41
355 38
846 41
471 37
182 9
120 41
831 41
119 41
830 34
191 41
553 41
296 41
712 41
544 37
776 34
702 34
365 41
689 38
292 41
255 41
536 41
534 41
819 41
270 41
785 41
267 41
531 34
475 41
872 37
873 34
797 41
653 41
798 41
803 9
run time cost of algorithm DRT_AG is 0.008514seconds
