2388600 104 68
0 0
1 0
2 34
3 34
4 34
5 34
6 34
7 34
8 34
9 34
10 34
11 34
12 34
13 34
14 34
15 34
16 34
17 34
18 34
19 34
20 34
21 34
22 34
23 34
24 34
25 34
26 34
27 0
28 34
29 34
30 34
31 34
32 0
33 34
34 34
35 34
36 34
37 34
38 34
39 34
40 41
41 34
42 34
43 34
44 34
45 34
46 34
47 0
48 34
49 34
50 0
51 41
52 34
53 34
54 34
55 34
56 34
57 34
58 34
59 34
60 34
61 34
62 34
63 34
64 34
65 34
66 41
67 34
68 34
69 34
70 34
71 34
72 34
73 34
74 34
75 34
76 34
77 34
78 34
79 34
80 34
81 41
82 34
83 34
84 34
85 34
86 34
87 34
88 34
89 0
90 34
91 34
92 34
93 34
94 0
95 34
96 34
97 34
98 34
99 0
100 34
101 0
102 34
103 34
104 0
105 34
106 34
107 34
108 34
109 34
110 34
111 34
112 34
113 0
114 41
115 34
116 41
117 34
118 34
119 34
120 34
121 34
122 34
123 41
124 34
125 34
126 34
127 34
128 34
129 34
130 34
131 34
132 41
133 41
134 34
135 0
136 34
137 41
138 34
139 34
140 34
141 34
142 34
143 34
144 34
145 34
146 34
147 34
148 34
149 34
150 34
151 34
152 34
153 34
154 34
155 34
156 34
157 34
158 34
159 34
160 34
161 34
162 34
163 0
164 34
165 34
166 34
167 34
168 34
169 34
170 34
171 34
172 34
173 34
174 34
175 34
176 34
177 34
178 34
179 41
180 34
181 41
182 34
183 34
184 34
185 34
186 34
187 34
188 0
189 34
190 34
191 34
192 34
193 34
194 41
195 34
196 34
197 34
198 34
199 34
200 34
201 34
202 34
203 34
204 34
205 34
206 41
207 34
208 34
209 34
210 34
211 34
212 34
213 41
214 34
215 34
216 34
217 34
218 34
219 34
220 34
221 0
222 34
223 41
224 34
225 0
226 34
227 34
228 41
229 34
230 0
231 34
232 34
233 41
234 34
235 0
236 41
237 34
238 34
239 34
240 34
241 34
242 34
243 0
244 34
245 34
246 34
247 34
248 34
249 34
250 34
251 34
252 8
253 34
254 34
255 34
256 34
257 41
258 34
259 34
260 41
261 34
262 41
263 34
264 41
265 34
266 34
267 34
268 34
269 34
270 34
271 34
272 34
273 34
274 34
275 34
276 34
277 34
278 34
279 34
280 34
281 34
282 41
283 34
284 34
285 34
286 34
287 34
288 0
289 41
290 41
291 41
292 34
293 34
294 34
295 34
296 34
297 0
298 34
299 34
300 34
301 34
302 34
303 34
304 34
305 34
306 34
307 34
308 34
309 34
310 34
311 34
312 34
313 34
314 0
315 41
316 34
317 34
318 34
319 41
320 34
321 34
322 34
323 41
324 34
325 34
326 0
327 34
328 34
329 34
330 34
331 34
332 34
333 34
334 34
335 34
336 34
337 34
338 41
339 34
340 34
341 41
342 34
343 41
344 34
345 34
346 34
347 34
348 41
349 34
350 41
351 34
352 34
353 0
354 34
355 34
356 34
357 34
358 0
359 34
360 41
361 41
362 34
363 34
364 41
365 34
366 34
367 34
368 34
369 34
370 34
371 34
372 34
373 34
374 34
375 34
376 41
377 34
378 34
379 34
380 34
381 34
382 34
383 34
384 34
385 34
386 34
387 34
388 34
389 41
390 34
391 34
392 34
393 34
394 41
395 34
396 41
397 41
398 34
399 34
400 34
401 8
402 34
403 34
404 0
405 34
406 34
407 34
408 41
409 41
410 34
411 34
412 34
413 41
414 34
415 34
416 34
417 34
418 34
419 34
420 34
421 34
422 34
423 0
424 0
425 34
426 34
427 41
428 34
429 34
430 34
431 34
432 1
433 41
434 34
435 41
436 34
437 34
438 34
439 34
440 41
441 41
442 34
443 41
444 0
445 34
446 34
447 34
448 34
449 0
450 41
451 34
452 41
453 34
454 41
455 0
456 34
457 34
458 41
459 34
460 0
461 34
462 41
463 41
464 34
465 0
466 0
467 34
468 41
469 0
470 41
471 41
472 0
473 34
474 41
475 41
476 34
477 41
478 34
479 41
480 8
481 34
482 34
483 34
484 41
485 41
486 34
487 34
488 34
489 34
490 34
491 34
492 34
493 41
494 34
495 41
496 41
497 34
498 41
499 41
500 41
501 8
502 34
503 34
504 34
505 41
506 41
507 41
508 34
509 0
510 41
511 41
512 34
513 34
514 34
515 41
516 34
517 34
518 34
519 0
520 34
521 41
522 34
523 34
524 34
525 8
526 41
527 34
528 41
529 34
530 34
531 41
532 34
533 41
534 41
535 34
536 34
537 34
538 34
539 34
540 34
541 41
542 34
543 34
544 34
545 34
546 34
547 41
548 41
549 34
550 34
551 34
552 34
553 34
554 34
555 8
556 41
557 0
558 34
559 34
560 34
561 34
562 34
563 34
564 41
565 34
566 34
567 34
568 34
569 34
570 0
571 0
572 34
573 34
574 34
575 34
576 34
577 34
578 0
579 41
580 34
581 34
582 34
583 34
584 41
585 34
586 8
587 0
588 41
589 41
590 34
591 34
592 34
593 34
594 34
595 41
596 34
597 34
598 34
599 34
600 34
601 41
602 34
603 34
604 34
605 41
606 41
607 41
608 34
609 34
610 41
611 8
612 34
613 34
614 41
615 34
616 41
617 34
618 0
619 34
620 34
621 41
622 41
623 8
624 34
625 34
626 8
627 41
628 34
629 34
630 34
631 34
632 34
633 0
634 34
635 34
636 34
637 8
638 34
639 34
640 34
641 0
642 34
643 34
644 34
645 34
646 34
647 34
648 34
649 0
650 41
651 34
652 34
653 41
654 34
655 34
656 34
657 34
658 34
659 8
660 34
661 34
662 34
663 41
664 34
665 34
666 0
667 34
668 41
669 34
670 41
671 34
672 41
673 34
674 34
675 8
676 34
677 34
678 34
679 34
680 41
681 34
682 41
683 41
684 34
685 41
686 34
687 34
688 34
689 34
690 34
691 41
692 41
693 41
694 41
695 34
696 34
697 41
698 8
699 34
700 34
701 34
702 0
703 34
704 34
705 34
706 34
707 34
708 41
709 41
710 34
711 34
712 34
713 34
714 34
715 34
716 41
717 34
718 34
719 34
720 34
721 0
722 34
723 41
724 34
725 34
726 0
727 41
728 34
729 41
730 41
731 34
732 34
733 34
734 34
run time cost of algorithm SM_CTP is 1.3371seconds
