1129000 104 67
138 34
343 34
301 34
88 34
97 0
102 34
38 0
77 34
320 34
23 34
21 34
153 34
329 34
99 34
105 34
48 34
4 34
239 34
69 34
238 34
193 34
10 34
142 34
9 34
34 34
285 34
236 34
233 34
37 34
297 34
186 34
31 34
370 34
367 34
24 34
254 34
187 34
252 34
225 34
246 34
43 34
130 34
3 34
314 34
176 34
250 34
8 34
351 0
150 34
54 34
26 34
111 34
70 0
144 34
101 34
159 34
226 0
19 34
348 34
20 34
355 34
265 34
312 34
280 0
347 34
282 34
202 34
319 34
29 34
18 34
216 34
191 0
296 34
205 34
258 34
119 34
294 34
358 34
125 0
79 34
230 34
251 34
313 34
35 34
378 34
95 34
341 34
340 34
13 34
12 34
337 34
214 34
141 34
346 34
333 34
168 34
330 34
361 34
278 34
92 0
67 34
270 34
262 34
64 34
302 34
165 34
316 34
290 34
199 34
223 34
22 34
210 34
295 41
190 34
114 34
271 34
17 34
152 34
27 34
291 34
289 34
203 34
317 34
128 34
57 34
204 34
58 34
52 34
60 34
275 34
179 34
39 34
63 34
237 34
85 0
170 34
56 34
293 34
206 34
49 34
100 34
198 34
273 34
181 34
218 34
161 41
327 34
115 34
322 0
188 34
364 34
242 34
227 34
229 34
30 34
71 34
32 34
65 34
274 34
304 34
357 34
59 34
55 34
122 34
73 34
131 34
166 41
350 34
207 34
121 34
256 34
116 34
110 34
371 34
263 34
139 34
365 34
192 0
220 34
80 34
305 34
243 34
257 34
240 34
177 41
108 34
107 34
318 34
284 41
224 34
74 34
245 34
344 34
120 34
155 34
298 34
334 34
197 0
244 34
14 34
133 34
217 34
255 34
113 34
148 34
78 34
286 0
260 34
96 0
33 34
40 34
89 34
375 34
259 34
136 34
215 34
323 34
201 34
132 34
352 34
157 0
366 34
309 34
303 34
362 34
47 34
300 34
374 34
42 34
212 34
98 34
143 41
174 34
241 34
325 34
328 34
11 34
269 34
124 34
160 34
163 34
44 34
232 34
28 34
25 34
173 34
178 34
5 34
247 34
172 34
127 34
342 34
15 34
321 34
117 34
137 34
208 34
211 0
104 34
266 41
372 34
276 0
94 34
248 0
129 34
185 34
368 34
261 34
356 34
61 34
72 34
268 34
68 34
234 34
93 34
184 34
1 34
195 34
90 34
354 41
331 0
345 34
118 34
283 0
162 34
84 0
231 34
264 34
222 34
103 34
62 34
81 0
147 34
91 34
376 34
175 34
145 34
109 8
167 34
196 41
349 34
339 34
338 34
377 34
53 34
373 34
308 34
126 0
336 0
86 34
228 34
36 0
267 0
182 34
75 34
76 34
123 34
249 34
51 34
353 34
149 34
164 34
235 34
332 34
87 34
200 34
180 34
281 34
369 0
140 34
183 34
292 34
169 34
7 34
46 34
335 34
287 41
156 34
82 34
66 34
277 41
2 34
151 34
272 34
171 34
0 34
41 34
307 34
45 34
106 34
221 34
219 34
213 34
359 34
135 41
363 34
154 34
194 34
16 34
310 34
299 34
83 34
279 34
112 34
209 34
158 34
326 34
146 34
324 34
134 34
360 34
253 34
288 34
50 34
306 34
311 34
315 0
6 34
189 34
run time cost of algorithm DRT_BD is 0.09108seconds
