1329400 104 65
0 34
1 34
2 34
3 34
4 34
5 34
6 34
7 34
8 34
9 34
10 34
11 34
12 34
13 34
14 34
15 34
16 34
17 34
18 34
19 34
20 34
21 34
22 0
23 34
24 34
25 34
26 34
27 34
28 34
29 34
30 34
31 34
32 0
33 34
34 34
35 0
36 34
37 34
38 34
39 34
40 34
41 34
42 34
43 34
44 0
45 34
46 34
47 34
48 34
49 34
50 34
51 34
52 34
53 34
54 34
55 34
56 34
57 34
58 34
59 34
60 34
61 34
62 41
63 34
64 34
65 34
66 34
67 34
68 34
69 34
70 34
71 34
72 0
73 41
74 34
75 34
76 34
77 34
78 34
79 41
80 34
81 34
82 34
83 34
84 34
85 34
86 34
87 34
88 34
89 41
90 34
91 34
92 34
93 34
94 34
95 34
96 41
97 34
98 34
99 34
100 41
101 34
102 34
103 34
104 34
105 34
106 34
107 34
108 0
109 34
110 34
111 41
112 34
113 34
114 34
115 41
116 34
117 0
118 0
119 34
120 34
121 34
122 8
123 0
124 34
125 34
126 34
127 34
128 34
129 34
130 34
131 34
132 34
133 0
134 34
135 34
136 34
137 41
138 34
139 34
140 41
141 34
142 41
143 34
144 34
145 0
146 34
147 0
148 34
149 0
150 34
151 41
152 34
153 34
154 34
155 34
156 34
157 34
158 34
159 34
160 34
161 34
162 41
163 34
164 34
165 34
166 34
167 34
168 41
169 41
170 34
171 34
172 34
173 34
174 0
175 34
176 0
177 0
178 34
179 34
180 34
181 41
182 34
183 34
184 34
185 0
186 41
187 34
188 34
189 34
190 34
191 34
192 34
193 34
194 34
195 41
196 34
197 34
198 1
199 41
200 34
201 34
202 0
203 34
204 34
205 34
206 34
207 41
208 34
209 34
210 34
211 34
212 34
213 34
214 0
215 41
216 34
217 34
218 34
219 34
220 41
221 41
222 34
223 34
224 34
225 8
226 34
227 0
228 34
229 0
230 34
231 0
232 0
233 34
234 34
235 34
236 41
237 34
238 34
239 34
240 41
241 34
242 41
243 41
244 34
245 34
246 34
247 34
248 41
249 34
250 41
251 41
252 0
253 41
254 34
255 34
256 34
257 34
258 34
259 34
260 34
261 34
262 34
263 34
264 41
265 41
266 41
267 34
268 34
269 34
270 34
271 34
272 0
273 34
274 34
275 34
276 34
277 34
278 0
279 34
280 0
281 34
282 41
283 41
284 41
285 0
286 34
287 0
288 34
289 34
290 34
291 41
292 34
293 34
294 34
295 34
296 34
297 34
298 41
299 34
300 34
301 34
302 34
303 34
304 34
305 34
306 8
307 8
308 34
309 0
310 41
311 34
312 34
313 8
314 34
315 41
316 41
317 34
318 34
319 34
320 34
321 34
322 34
323 41
324 34
325 0
326 34
327 41
328 8
329 34
330 34
331 34
332 0
333 34
334 34
335 34
336 41
337 34
338 34
339 34
340 41
341 34
342 34
343 41
344 34
345 0
346 0
347 34
348 34
349 34
350 8
351 34
352 34
353 8
354 41
355 34
356 34
357 0
358 34
359 34
360 34
361 34
362 41
363 34
364 34
365 34
366 34
367 41
368 34
369 41
370 34
371 34
372 34
373 34
374 34
375 34
376 41
377 34
378 34
379 41
380 0
381 8
382 41
383 41
384 34
385 34
386 0
387 34
388 8
389 34
390 0
391 34
392 34
393 34
394 34
395 8
396 34
397 41
398 34
399 34
400 34
401 0
402 34
403 8
404 34
405 34
406 8
407 34
408 34
409 41
410 0
411 34
412 34
413 34
414 34
415 34
416 41
417 41
418 34
419 34
420 34
421 34
422 34
423 41
424 34
425 34
426 34
427 34
428 0
429 0
430 0
431 41
run time cost of algorithm SM_CTP is 0.550893seconds
