2312400 170 41
512 25
117 25
540 25
113 25
187 25
193 34
486 25
216 25
471 25
76 41
249 25
442 25
263 25
340 25
273 34
414 25
303 25
313 25
383 25
622 25
137 9
626 25
387 41
319 25
455 41
393 25
70 25
149 25
329 25
344 25
179 25
366 25
16 25
217 25
253 25
178 25
410 25
58 25
210 25
209 25
108 25
431 25
184 25
353 25
492 41
610 41
607 41
100 25
96 25
603 25
5 25
197 25
227 25
429 25
548 25
416 9
545 25
629 9
364 25
119 25
33 25
621 25
304 25
521 25
24 25
456 9
593 25
490 25
497 34
290 25
553 25
630 25
270 25
587 25
462 25
355 25
488 34
515 25
21 41
359 34
578 25
295 25
176 9
565 25
342 25
481 25
341 41
260 25
212 41
11 25
504 25
51 25
83 25
220 34
61 25
269 25
505 25
191 34
245 25
19 25
72 25
181 25
590 34
453 34
114 25
421 25
493 25
26 25
332 25
141 25
110 41
278 34
543 25
277 25
611 9
386 25
561 25
605 41
293 25
487 25
196 25
601 25
467 25
166 25
30 9
157 25
531 25
583 41
153 25
466 25
69 25
523 25
526 25
458 9
237 25
358 25
136 25
445 25
248 25
435 25
577 25
208 25
41 25
199 25
36 41
29 34
308 25
539 25
396 25
371 25
537 25
318 25
168 25
164 25
331 25
513 25
450 25
330 25
18 25
20 25
160 41
325 25
625 25
638 25
381 25
256 25
599 25
219 41
266 25
392 9
50 25
47 25
275 25
173 34
39 25
525 25
564 41
370 25
406 25
550 25
180 25
115 34
131 25
397 25
296 34
9 9
186 25
596 25
322 25
236 25
255 25
509 34
636 25
376 25
573 25
37 9
424 41
530 41
198 34
132 25
206 41
150 25
202 25
306 9
281 25
361 25
252 25
28 41
91 25
35 25
580 9
627 25
226 25
476 34
214 25
500 25
122 25
563 25
433 25
350 25
389 41
474 9
508 25
337 25
426 41
437 25
291 9
43 25
315 34
409 25
585 41
59 25
68 41
288 25
443 25
615 34
156 25
591 25
408 25
64 34
10 25
566 41
242 41
243 25
285 25
62 25
94 25
320 25
235 41
205 9
517 25
567 25
32 25
312 41
334 25
229 25
128 25
17 25
502 25
436 25
598 25
158 25
532 34
324 41
623 25
218 25
170 25
534 25
225 41
84 25
461 25
215 25
135 34
568 25
233 25
516 34
101 25
189 41
628 25
420 41
562 41
6 41
632 25
283 25
247 41
418 41
506 25
470 25
579 34
244 41
125 41
395 41
192 25
97 41
352 25
15 25
538 25
60 9
407 34
144 25
405 25
551 25
302 41
524 25
574 41
402 25
201 25
400 25
367 41
480 41
89 25
8 25
85 25
127 25
483 25
195 25
200 25
159 25
265 25
287 25
617 25
600 25
552 25
162 25
163 41
403 25
326 41
529 25
138 25
440 9
528 25
413 9
65 34
75 25
597 25
280 41
351 25
368 41
250 41
129 41
558 34
109 25
130 41
423 25
343 37
520 9
234 25
613 25
619 34
349 34
140 25
336 25
379 25
311 25
53 25
172 25
430 25
317 25
23 25
0 25
190 25
527 41
56 41
232 25
231 25
365 25
415 41
211 25
631 25
571 25
446 41
602 25
372 25
102 41
88 25
228 25
13 41
382 9
510 25
511 9
380 34
469 34
377 25
618 34
165 25
289 25
427 25
507 25
556 41
103 25
549 25
339 25
357 25
316 25
499 25
494 25
459 41
74 25
417 25
581 25
133 41
240 25
121 37
394 25
257 25
107 9
258 25
604 41
230 41
388 41
44 25
612 25
465 41
12 34
182 25
3 25
484 25
362 25
637 41
78 25
575 25
360 25
569 25
98 25
482 41
633 25
347 25
4 25
475 41
375 25
589 25
555 25
432 25
472 25
222 25
22 41
38 9
299 25
142 25
307 25
401 41
124 41
254 41
546 25
541 25
118 25
535 41
447 41
536 9
73 25
241 25
301 41
441 25
66 41
454 41
439 34
183 25
63 41
309 25
635 25
592 41
55 25
46 25
519 41
204 25
586 25
384 34
425 41
99 25
335 9
588 41
105 9
297 9
268 25
7 41
261 25
169 41
503 25
345 25
411 25
305 25
155 34
298 8
151 41
310 41
139 41
489 41
34 25
639 25
126 25
27 25
120 25
185 41
614 25
42 25
608 25
544 25
390 41
49 25
478 25
438 34
554 25
271 41
274 25
174 9
300 25
514 41
294 25
292 25
412 25
624 25
468 25
576 25
86 25
67 25
276 25
152 25
595 25
175 25
557 25
264 41
398 25
262 25
106 25
259 25
314 41
547 25
321 25
491 25
452 41
282 25
93 41
286 25
194 41
52 41
391 41
363 41
448 25
167 41
634 25
473 25
284 9
542 41
77 41
582 25
496 25
80 41
369 25
279 41
323 41
146 34
87 25
104 41
328 25
338 41
620 9
31 41
463 25
203 41
428 25
560 25
267 25
2 25
123 25
522 9
92 25
616 25
213 41
451 25
348 25
570 41
48 41
145 41
584 25
112 25
457 41
161 41
419 25
251 25
111 25
495 25
606 25
143 34
82 25
609 25
346 25
154 25
327 25
238 9
498 34
373 38
485 25
14 25
54 41
594 25
477 25
399 41
272 41
501 25
177 25
95 34
171 25
1 41
356 25
533 34
116 41
223 25
444 41
374 25
224 41
147 25
572 25
422 25
207 37
464 25
40 41
378 25
385 41
25 25
333 41
404 41
518 25
188 25
239 9
559 25
90 41
148 25
45 34
81 41
434 41
460 9
79 25
57 25
354 25
246 41
449 34
479 25
221 41
71 25
134 25
run time cost of algorithm DRT_AG is 0.004688seconds
