846350 104 64
582 2
185 34
394 34
484 34
525 34
5 34
59 34
43 34
375 34
73 34
76 34
353 34
564 34
255 34
352 34
89 34
93 34
626 34
139 34
316 34
454 34
128 34
553 34
448 34
310 2
265 34
467 34
477 34
149 34
196 34
45 34
636 2
192 34
115 34
456 34
268 34
80 34
226 34
360 34
212 34
492 8
111 41
452 34
600 34
317 34
141 34
559 34
621 34
613 34
523 2
583 34
74 34
438 34
286 34
119 34
123 34
88 34
83 34
21 34
398 2
71 34
586 34
381 34
216 34
42 34
530 34
106 34
300 2
153 34
364 41
54 2
285 34
12 8
402 34
291 34
13 34
620 34
273 34
614 34
36 34
595 2
347 34
81 34
1 34
536 34
266 41
121 41
575 34
590 2
522 34
550 34
22 34
604 34
589 2
163 2
391 34
96 2
100 34
491 34
186 34
97 34
200 34
545 34
210 34
598 34
221 2
367 34
118 34
479 34
233 34
478 34
146 34
171 34
195 34
201 34
504 34
207 34
612 34
8 34
528 34
625 41
217 34
369 34
283 34
240 34
72 34
244 34
622 34
274 34
51 41
520 34
138 34
101 34
576 34
134 34
399 34
308 34
215 34
50 41
87 41
464 34
623 34
358 34
14 34
245 34
499 34
125 34
404 2
356 34
542 34
495 34
18 2
555 41
512 34
309 34
225 34
324 34
323 2
418 34
458 8
306 2
282 34
501 34
108 34
405 34
20 41
319 34
103 34
133 34
41 8
601 34
340 34
482 41
131 34
596 34
384 34
366 8
563 41
350 34
173 34
488 34
436 2
447 34
162 34
205 34
370 34
608 34
182 34
581 34
349 34
187 34
411 41
510 34
250 34
62 2
390 34
333 34
627 41
558 34
437 34
569 41
279 2
137 34
136 41
474 34
314 34
422 34
577 34
460 2
359 41
10 41
305 34
55 41
218 34
66 41
117 34
120 34
326 34
142 2
329 34
371 2
549 34
624 34
86 34
470 34
440 2
476 34
502 34
388 34
513 34
243 34
348 34
237 34
312 41
607 34
455 2
546 41
396 34
166 2
591 34
63 34
615 34
56 34
287 34
354 34
453 2
435 34
585 34
377 2
84 34
639 34
39 34
315 34
122 34
318 34
441 34
374 41
571 34
284 34
327 34
606 41
294 34
403 34
548 34
430 41
95 34
629 2
179 2
526 34
19 34
357 41
355 34
135 34
235 41
311 34
490 2
617 34
508 41
129 41
148 41
514 34
541 34
325 34
152 34
387 2
158 41
334 41
188 34
372 34
322 8
304 34
473 34
517 34
259 8
486 34
335 34
28 34
297 41
540 34
341 41
506 34
253 34
631 34
406 34
4 41
431 34
140 34
31 2
132 34
160 34
260 2
425 34
433 34
44 34
521 34
519 41
99 34
451 34
500 34
174 41
579 34
208 41
295 34
11 34
211 41
261 41
263 41
258 34
303 34
24 34
507 34
264 34
321 8
70 34
529 34
496 34
180 41
219 34
638 2
147 41
68 34
276 34
280 2
46 41
483 41
293 34
169 41
37 34
389 41
23 8
262 34
77 34
292 41
190 34
57 2
498 41
339 2
471 34
376 34
248 34
170 2
229 41
228 41
516 41
222 34
594 34
573 34
269 34
271 8
105 34
16 41
267 41
509 2
65 34
570 34
609 34
561 34
449 34
423 34
426 41
202 8
640 41
635 34
574 34
164 34
588 34
26 41
176 34
554 34
116 41
298 34
299 34
419 41
331 34
256 2
346 41
481 2
368 34
475 34
463 34
227 34
567 34
249 41
252 2
551 34
424 34
415 34
94 34
443 41
584 41
472 2
15 34
461 41
400 34
457 41
238 34
593 34
417 41
432 34
392 41
189 34
393 34
511 34
489 2
527 34
407 34
485 2
337 41
543 41
344 41
289 2
421 41
155 34
515 8
603 34
275 41
67 41
605 34
143 34
578 34
254 34
560 34
168 41
214 34
203 34
281 41
307 41
107 41
630 34
194 34
7 41
114 41
231 34
547 41
232 2
199 34
234 34
414 34
47 34
172 2
592 41
534 34
533 41
85 34
336 34
49 41
599 2
75 34
535 34
198 41
209 41
538 41
167 34
362 41
450 34
78 41
79 41
330 34
409 34
178 34
365 34
213 41
466 41
165 2
632 34
151 34
239 34
566 34
442 34
112 34
110 2
175 2
487 8
40 8
379 34
288 34
3 41
378 41
468 41
385 34
634 34
602 34
184 34
27 2
92 41
320 41
193 41
91 41
338 2
429 34
272 2
328 34
616 41
58 34
611 34
434 41
539 34
408 2
64 41
35 8
313 34
446 41
459 41
204 41
177 34
568 34
556 34
380 8
127 41
126 34
130 34
144 41
157 34
597 2
610 34
191 34
619 2
444 34
637 34
257 34
270 34
531 41
145 34
351 34
537 41
98 41
342 34
412 34
505 8
30 2
224 2
497 34
480 2
2 34
236 41
0 34
17 41
48 2
420 34
242 34
518 8
524 41
382 34
532 2
363 2
150 2
302 2
154 41
161 2
345 34
278 2
6 8
552 41
34 2
562 41
413 41
82 34
401 41
109 34
587 34
181 34
183 34
493 34
465 8
439 34
428 2
246 34
544 41
416 34
60 41
90 41
397 34
386 34
102 41
104 34
230 41
124 34
113 34
580 8
383 41
223 8
343 41
572 34
395 34
220 34
290 34
206 41
503 41
69 8
29 34
32 41
38 2
159 41
197 34
247 34
427 34
618 41
52 34
156 34
332 34
410 8
445 41
628 41
241 34
462 41
9 8
557 2
373 41
565 41
361 41
53 41
61 34
301 34
251 34
33 34
277 8
25 2
296 34
633 34
469 41
494 41
run time cost of algorithm DRT_BD is 0.245615seconds
