5112800 152 65
0 41
1 21
2 41
3 21
4 41
5 21
6 41
7 21
8 21
9 21
10 41
11 34
12 41
13 34
14 41
15 41
16 41
17 41
18 21
19 34
20 0
21 34
22 41
23 21
24 41
25 41
26 0
27 41
28 41
29 41
30 34
31 21
32 21
33 41
34 41
35 41
36 0
37 41
38 21
39 41
40 0
41 0
42 21
43 41
44 41
45 21
46 21
47 21
48 41
49 41
50 41
51 41
52 21
53 41
54 21
55 21
56 41
57 41
58 41
59 41
60 21
61 34
62 21
63 41
64 41
65 41
66 41
67 21
68 34
69 21
70 21
71 21
72 21
73 41
74 21
75 34
76 41
77 21
78 21
79 21
80 34
81 41
82 21
83 41
84 21
85 41
86 21
87 21
88 0
89 21
90 41
91 41
92 21
93 21
94 21
95 21
96 21
97 0
98 41
99 41
100 21
101 41
102 41
103 21
104 21
105 21
106 41
107 41
108 21
109 21
110 34
111 34
112 0
113 21
114 41
115 41
116 34
117 41
118 21
119 34
120 21
121 0
122 21
123 21
124 0
125 34
126 41
127 41
128 41
129 21
130 41
131 21
132 21
133 41
134 21
135 41
136 21
137 21
138 41
139 41
140 41
141 0
142 21
143 34
144 41
145 41
146 21
147 41
148 21
149 41
150 41
151 21
152 21
153 41
154 21
155 41
156 21
157 41
158 41
159 41
160 41
161 41
162 41
163 21
164 21
165 21
166 21
167 41
168 0
169 21
170 21
171 21
172 21
173 41
174 21
175 41
176 41
177 41
178 0
179 41
180 41
181 0
182 21
183 41
184 21
185 41
186 21
187 21
188 41
189 41
190 41
191 41
192 21
193 0
194 21
195 34
196 21
197 21
198 41
199 21
200 41
201 41
202 41
203 21
204 41
205 21
206 34
207 21
208 41
209 41
210 0
211 34
212 34
213 41
214 41
215 21
216 41
217 41
218 41
219 41
220 21
221 41
222 34
223 41
224 41
225 41
226 41
227 21
228 21
229 21
230 34
231 21
232 41
233 41
234 21
235 41
236 41
237 41
238 21
239 41
240 0
241 41
242 41
243 21
244 21
245 41
246 21
247 34
248 21
249 41
250 0
251 21
252 41
253 0
254 41
255 41
256 21
257 41
258 21
259 34
260 21
261 21
262 41
263 21
264 21
265 21
266 0
267 41
268 41
269 41
270 21
271 34
272 21
273 41
274 21
275 34
276 21
277 21
278 41
279 21
280 41
281 41
282 41
283 34
284 41
285 41
286 21
287 21
288 21
289 34
290 21
291 41
292 21
293 41
294 21
295 41
296 34
297 41
298 41
299 34
300 41
301 41
302 34
303 41
304 34
305 21
306 21
307 0
308 41
309 21
310 41
311 21
312 41
313 21
314 21
315 21
316 41
317 41
318 21
319 41
320 41
321 41
322 41
323 34
324 21
325 41
326 41
327 21
328 41
329 21
330 21
331 21
332 21
333 0
334 41
335 0
336 0
337 21
338 41
339 0
340 0
341 41
342 21
343 21
344 41
345 0
346 0
347 21
348 21
349 21
350 41
351 41
352 21
353 41
354 21
355 21
356 21
357 41
358 41
359 21
360 41
361 21
362 41
363 21
364 21
365 41
366 41
367 34
368 21
369 21
370 21
371 41
372 41
373 41
374 41
375 21
376 21
377 21
378 41
379 41
380 41
381 21
382 21
383 41
384 21
385 21
386 0
387 21
388 34
389 41
390 41
391 21
392 41
393 21
394 41
395 41
396 41
397 21
398 21
399 0
400 21
401 41
402 41
403 21
404 21
405 41
406 21
407 34
408 21
409 21
410 41
411 41
412 21
413 34
414 41
415 41
416 21
417 41
418 41
419 21
420 41
421 21
422 41
423 34
424 34
425 34
426 21
427 41
428 21
429 21
430 41
431 41
432 41
433 0
434 21
435 21
436 21
437 21
438 34
439 34
440 34
441 21
442 34
443 21
444 21
445 0
446 34
447 0
448 34
449 21
450 21
451 21
452 34
453 34
454 21
455 34
456 34
457 41
458 34
459 21
460 34
461 0
462 34
463 21
464 34
465 0
466 34
467 34
468 21
469 21
470 21
471 34
472 34
473 34
474 21
475 21
476 34
477 21
478 34
479 34
480 21
481 21
482 21
483 0
484 21
485 21
486 34
487 21
488 34
489 21
490 34
491 21
492 34
493 21
494 34
495 21
496 21
497 0
498 34
499 34
500 41
501 34
502 34
503 21
504 21
505 34
506 0
507 21
508 34
509 21
510 34
511 34
512 21
513 21
514 34
515 34
516 21
517 34
518 21
519 34
520 34
521 34
522 34
523 21
524 34
525 21
526 34
527 34
528 34
529 34
530 21
531 21
532 34
533 34
534 21
535 34
536 21
537 34
538 21
539 34
540 34
541 21
542 34
543 21
544 21
545 21
546 34
547 34
548 34
549 34
550 41
551 34
552 34
553 21
554 21
555 34
556 34
557 21
558 21
559 0
560 21
561 34
562 21
563 34
564 21
565 21
566 21
567 21
568 21
569 21
570 34
571 21
572 21
573 21
574 34
575 34
576 34
run time cost of algorithm SM_CTP is 0.867264seconds
