1469800 98 17
0 0
1 0
2 0
3 0
4 0
5 0
6 0
7 0
8 0
9 0
10 0
11 0
12 0
13 0
14 34
15 0
16 0
17 0
18 0
19 0
20 0
21 0
22 0
23 0
24 34
25 0
26 0
27 0
28 0
29 0
30 0
31 0
32 0
33 34
34 0
35 0
36 0
37 0
38 0
39 0
40 0
41 0
42 0
43 0
44 0
45 0
46 0
47 0
48 0
49 0
50 0
51 0
52 0
53 0
54 0
55 0
56 0
57 0
58 0
59 0
60 0
61 0
62 0
63 0
64 0
65 0
66 0
67 0
68 0
69 0
70 0
71 0
72 0
73 0
74 0
75 0
76 0
77 34
78 0
79 0
80 0
81 0
82 0
83 0
84 0
85 1
86 0
87 0
88 0
89 0
90 0
91 0
92 0
93 0
94 0
95 0
96 0
97 0
98 34
99 0
100 0
101 0
102 0
103 0
104 0
105 0
106 0
107 0
108 0
109 0
110 0
111 0
112 0
113 0
114 0
115 0
116 0
117 1
118 0
119 0
120 0
121 0
122 0
123 0
124 0
125 0
126 0
127 0
128 0
129 8
130 0
131 0
132 1
133 0
134 0
135 34
136 0
137 0
138 1
139 0
140 0
141 0
142 0
143 0
144 0
145 0
146 0
147 0
148 0
149 0
150 0
151 34
152 34
153 1
154 0
155 0
156 0
157 0
158 0
159 0
160 0
161 0
162 0
163 0
164 0
165 0
166 0
167 34
168 0
169 1
170 0
171 0
172 1
173 0
174 0
175 0
176 0
177 0
178 0
179 0
180 0
181 0
182 0
183 1
184 0
185 0
186 0
187 0
188 0
189 0
190 0
191 0
192 0
193 0
194 0
195 0
196 0
197 0
198 0
199 0
200 34
201 1
202 0
203 0
204 0
205 0
206 0
207 0
208 0
209 1
210 0
211 0
212 0
213 0
214 0
215 1
216 0
217 0
218 1
219 0
220 1
221 0
222 0
223 0
224 0
225 0
226 0
227 0
228 0
229 34
230 34
231 1
232 0
233 0
234 0
235 1
236 34
237 0
238 0
239 0
240 0
241 0
242 0
243 0
244 0
245 0
246 0
247 0
248 0
249 0
250 0
251 1
252 0
253 0
254 0
255 1
256 0
257 0
258 0
259 0
260 0
261 0
262 0
263 0
264 0
265 0
266 1
267 1
268 0
269 0
270 0
271 0
272 1
273 0
274 0
275 0
276 1
277 1
278 0
279 0
280 0
281 0
282 34
283 1
284 0
285 1
286 0
287 0
288 0
289 1
290 0
291 0
292 1
293 0
294 0
295 0
296 0
297 0
298 1
299 0
300 1
301 0
302 0
303 0
304 0
305 0
306 0
307 0
308 1
309 0
310 2
311 0
312 0
313 0
314 0
315 0
316 0
317 0
318 0
319 0
320 0
321 1
322 1
323 0
324 1
325 0
326 0
327 0
328 0
329 0
330 1
331 1
332 0
333 1
334 1
335 0
336 34
337 0
338 0
339 1
340 0
341 1
342 0
343 1
344 0
345 1
346 1
347 0
348 34
349 0
350 0
351 0
352 0
353 0
354 1
355 0
356 0
357 0
358 0
359 0
360 0
361 0
362 1
363 0
364 0
365 0
366 1
367 34
368 0
369 0
370 0
371 2
372 0
373 0
374 1
375 0
376 0
377 0
378 34
379 0
380 1
381 0
382 1
383 0
384 0
385 0
386 1
387 0
388 0
389 2
390 0
391 0
392 0
393 0
394 0
395 1
396 0
397 0
398 1
399 0
400 0
401 0
402 0
403 0
404 0
405 0
406 0
407 1
408 0
409 0
410 0
411 0
412 0
413 0
414 0
415 34
416 0
417 0
418 0
419 1
420 1
421 34
422 0
423 0
424 0
425 0
426 0
427 0
428 0
429 0
430 0
431 1
432 0
433 0
434 1
435 0
436 0
437 0
438 1
439 0
440 34
441 0
442 0
443 1
444 0
445 34
446 1
447 0
448 1
449 0
450 1
451 0
452 0
453 0
454 1
455 1
456 0
457 0
458 0
459 0
460 34
461 0
462 0
463 0
464 0
465 0
466 0
467 0
468 0
469 1
470 0
471 0
472 0
473 1
474 1
475 0
476 1
477 0
478 1
479 1
480 0
481 1
482 0
483 0
484 0
485 1
486 0
487 0
488 0
489 34
490 0
491 2
492 0
493 1
494 0
495 0
496 0
497 0
498 1
499 0
500 0
501 0
502 0
503 0
504 1
505 0
506 0
507 1
508 1
509 0
510 1
511 34
512 0
513 34
514 1
515 0
516 0
517 0
518 1
519 1
520 34
521 1
522 1
523 0
524 1
525 1
526 1
527 0
528 0
529 0
530 0
531 0
532 0
533 0
534 0
535 0
536 0
537 0
538 0
539 0
540 0
541 1
542 1
543 0
544 0
545 1
546 1
547 0
548 0
549 1
550 0
551 0
552 0
553 1
554 1
555 0
556 0
557 34
558 1
559 0
560 0
561 0
562 1
563 1
564 0
565 0
566 0
567 0
568 0
569 1
570 0
571 34
572 1
573 0
574 1
575 1
576 0
577 0
578 34
579 34
580 0
581 0
582 1
583 0
584 0
585 0
586 34
587 0
588 0
589 0
590 0
591 1
592 1
593 0
594 0
595 0
596 0
597 0
598 0
599 0
600 0
601 1
602 0
603 1
604 1
605 0
606 34
607 0
608 0
609 0
610 0
611 1
612 0
613 0
614 1
615 0
616 0
617 34
618 0
619 2
620 1
621 0
622 0
623 0
624 1
625 0
626 1
627 0
628 0
629 0
630 0
631 1
632 1
633 1
634 1
635 1
636 0
637 0
638 34
639 34
640 2
641 1
642 0
643 0
644 0
645 0
646 1
647 1
648 0
649 1
650 0
651 1
652 0
653 1
654 1
655 1
656 1
657 0
658 0
659 1
660 1
661 0
662 1
663 0
664 0
665 0
666 0
667 1
668 0
669 34
670 0
671 0
672 0
673 34
674 1
675 0
676 2
677 34
678 2
679 34
680 0
681 0
682 2
683 0
684 1
685 1
686 1
687 0
688 0
689 0
690 34
691 0
692 34
693 2
694 1
695 0
696 0
697 1
698 0
699 0
700 2
701 0
702 0
703 0
704 0
705 0
706 34
707 1
708 1
709 0
710 0
711 0
712 1
713 0
714 0
715 1
716 0
717 0
718 0
719 0
720 0
721 0
722 0
723 0
724 1
725 0
726 0
727 1
728 0
729 0
730 0
731 0
732 0
733 2
734 1
735 0
736 0
737 1
738 0
739 0
740 0
741 0
742 0
743 1
744 0
745 0
746 0
747 0
748 0
749 0
750 1
751 0
752 0
753 1
754 0
755 0
756 1
757 34
758 1
759 0
760 0
761 1
762 34
763 0
764 2
765 0
766 0
767 0
768 0
769 0
770 34
771 0
772 1
773 34
774 0
775 0
776 1
777 1
778 34
779 0
780 0
781 0
782 0
783 0
784 0
785 1
786 1
787 1
788 0
789 1
790 2
791 0
792 1
793 0
794 0
795 0
796 0
797 0
798 1
799 34
800 0
801 0
802 1
803 1
804 34
805 1
806 0
807 0
808 1
809 0
810 1
811 0
812 0
813 1
814 0
815 0
816 0
817 1
818 34
819 2
820 0
821 0
822 0
823 0
824 0
825 0
826 34
827 1
828 0
829 0
830 0
831 0
832 0
833 0
834 1
835 1
836 1
837 0
838 1
839 0
840 0
841 34
842 2
843 0
844 1
845 2
846 0
847 1
run time cost of algorithm SM_CTP is 1.41465seconds
