1472400 109 67
61 0
239 34
121 0
60 34
53 34
48 34
184 34
178 34
170 34
72 34
142 34
38 34
138 34
36 34
34 34
33 34
224 34
17 34
261 34
365 34
257 34
177 34
25 34
212 34
56 34
321 34
20 34
249 34
69 0
316 34
123 34
275 34
186 34
74 0
245 34
78 34
175 34
370 34
112 34
379 34
244 34
297 34
346 34
79 34
353 34
230 34
277 34
47 34
266 34
135 34
263 0
190 34
52 34
169 34
22 34
324 34
23 34
59 34
288 34
328 0
369 34
366 34
24 34
209 34
29 34
30 34
355 0
44 34
68 34
150 34
312 34
320 34
120 34
375 34
390 0
306 34
171 34
199 34
201 0
329 34
54 34
327 34
51 34
5 0
115 34
67 0
305 34
15 34
259 34
139 34
211 34
279 34
183 34
335 34
278 34
157 34
137 34
258 24
104 34
40 34
18 34
107 34
382 34
368 34
234 34
185 34
314 34
206 34
377 34
99 0
37 34
140 34
359 34
229 34
154 34
380 34
343 34
76 34
195 34
235 34
122 0
323 34
167 34
342 34
124 34
339 34
189 34
333 34
39 34
108 34
299 34
220 34
31 34
11 34
21 34
264 34
158 24
143 34
141 34
27 34
284 34
145 34
181 34
90 34
94 34
252 34
222 34
198 34
109 34
41 34
371 34
376 34
4 34
282 34
66 34
318 34
237 34
28 34
119 34
84 34
86 34
97 34
260 34
247 34
113 34
125 34
392 34
0 0
281 34
92 34
133 34
362 34
384 34
80 34
7 34
132 34
341 34
243 34
238 34
319 0
322 34
35 34
285 34
347 34
383 34
255 34
309 34
182 34
9 34
130 34
73 34
64 34
334 34
242 34
336 34
156 34
216 34
8 34
293 34
98 0
265 34
351 0
91 34
203 34
280 34
105 34
207 34
146 34
253 34
373 34
367 34
148 34
337 34
270 34
286 34
192 0
58 34
248 34
165 34
240 34
42 34
118 34
386 34
163 34
268 34
62 34
204 34
173 34
292 34
153 24
63 34
166 34
10 34
43 34
126 34
273 34
236 34
372 34
345 34
19 34
274 34
89 34
152 34
262 0
354 34
331 34
246 34
381 34
283 34
136 34
71 24
103 34
389 34
358 34
326 34
217 34
193 0
106 34
250 34
88 34
208 34
2 34
276 34
344 34
50 34
85 34
83 34
388 34
221 34
287 34
16 34
93 34
378 34
57 0
233 34
102 34
296 34
298 34
374 34
301 34
114 24
96 34
168 34
311 0
215 34
348 34
330 34
228 0
357 34
26 34
315 34
197 34
3 24
179 34
254 34
295 34
155 34
70 34
159 34
219 34
223 34
251 34
269 34
13 34
147 34
241 34
194 34
75 34
87 34
310 34
111 34
290 34
218 34
385 34
267 34
205 34
302 34
1 34
81 34
14 34
304 24
360 34
162 34
200 34
32 34
144 34
325 34
352 34
350 34
129 34
214 34
45 24
188 34
363 34
291 34
313 34
231 34
226 0
300 34
272 34
338 34
164 34
176 0
101 34
256 0
213 34
210 34
149 34
332 34
12 34
77 34
307 34
361 34
117 34
128 34
127 34
65 34
191 34
49 34
46 0
317 0
227 8
172 34
289 34
364 34
161 0
160 34
100 34
110 34
6 34
349 34
134 34
180 0
294 34
356 34
82 34
151 34
131 34
303 34
225 34
55 34
308 34
95 34
196 34
187 0
232 34
340 34
174 34
387 34
116 34
202 0
271 34
391 34
run time cost of algorithm DRT_BD is 0.094891seconds
