7523200 161 61
49 33
253 33
361 31
605 34
245 0
59 33
108 33
235 32
454 32
532 31
259 33
564 32
384 31
90 34
403 31
476 33
472 32
173 34
680 32
690 0
178 34
433 34
516 34
15 32
507 31
786 31
369 32
530 0
18 34
424 33
27 32
202 32
291 34
697 0
154 0
495 31
411 41
751 32
776 32
785 31
458 34
684 31
325 32
655 32
475 34
65 0
389 0
570 33
41 32
375 32
506 34
262 34
798 31
527 34
533 32
118 34
255 31
759 33
503 33
387 32
336 0
410 33
64 32
35 32
419 33
685 32
313 0
500 34
145 32
148 32
481 32
442 0
679 8
677 34
111 32
514 0
636 33
482 33
286 32
404 34
349 31
327 33
661 0
25 34
226 34
402 34
733 34
393 33
747 0
615 31
782 31
100 31
363 31
446 34
660 31
170 31
490 32
143 31
396 33
36 0
385 32
7 33
282 34
371 34
707 33
138 0
152 32
700 34
413 32
21 34
447 33
452 32
73 32
311 33
210 31
141 0
620 32
237 34
562 32
546 32
268 33
551 34
463 31
244 33
505 32
486 31
632 32
295 31
674 31
17 32
163 0
91 31
701 33
98 34
374 0
55 33
611 32
444 31
693 32
95 32
703 31
569 34
0 32
388 32
217 32
696 33
455 32
114 33
298 31
149 32
582 31
113 33
581 33
586 32
155 31
89 34
580 32
340 31
57 31
421 31
740 34
628 31
162 34
58 32
88 32
626 31
743 0
438 32
109 34
38 32
47 34
645 32
763 32
236 32
556 32
23 0
483 34
443 31
531 0
137 33
450 34
457 33
39 34
19 31
602 33
165 32
144 34
334 34
87 34
33 0
82 34
492 33
220 34
534 34
61 34
689 33
246 34
474 32
422 32
176 32
101 32
283 33
146 31
477 32
493 34
540 31
359 31
276 32
229 32
648 41
3 33
66 33
671 34
211 34
537 34
216 31
10 31
42 33
673 32
523 32
726 32
339 0
504 32
676 32
324 32
510 32
289 32
790 32
243 32
126 34
773 32
182 34
559 34
543 32
261 34
508 32
469 0
770 32
604 33
491 34
418 34
709 32
168 34
132 34
169 34
103 33
462 32
297 31
797 33
249 32
204 34
736 34
122 31
449 31
14 33
681 32
637 34
203 31
663 32
71 32
370 34
756 31
640 33
242 32
183 32
191 31
788 41
356 34
522 31
52 31
386 32
498 31
350 32
153 32
264 34
377 32
365 32
518 33
574 32
50 34
329 31
451 34
519 0
338 34
796 33
159 0
394 34
177 32
357 31
400 33
593 34
120 34
74 34
778 34
274 0
772 34
594 34
731 33
80 33
29 0
300 31
218 32
467 32
135 33
288 0
755 32
622 33
180 0
77 32
635 31
664 31
448 32
791 32
174 0
607 33
465 34
171 31
667 32
718 34
231 32
405 32
484 33
390 31
112 33
379 32
331 33
367 31
711 31
758 31
301 0
566 33
147 33
609 34
230 0
63 34
437 31
762 32
439 32
30 32
552 31
783 32
744 31
780 0
378 0
432 31
208 31
224 33
9 33
258 0
430 32
256 32
107 31
4 0
398 34
219 32
769 32
223 0
479 31
250 31
662 31
156 32
793 32
721 31
124 31
128 31
579 32
131 34
485 31
752 31
69 0
160 33
190 34
187 32
487 0
225 34
72 33
181 31
706 34
6 34
12 34
621 31
241 32
738 31
260 32
426 0
647 31
54 31
768 32
525 33
380 31
757 34
269 31
299 32
106 32
84 33
116 33
5 41
764 32
587 32
649 31
630 32
195 31
200 32
351 34
529 34
784 31
406 32
407 31
732 31
708 33
761 33
280 32
127 34
265 31
453 31
285 34
232 31
585 34
619 32
639 0
526 34
748 32
642 34
643 31
456 0
68 33
99 33
563 33
710 33
24 31
278 32
478 31
774 32
8 32
85 34
315 33
239 41
429 31
459 41
657 32
353 34
641 32
542 34
712 34
548 32
568 31
513 34
345 32
37 31
698 32
558 34
511 34
67 31
591 33
435 32
172 33
739 31
524 34
391 31
270 32
461 31
40 0
553 41
115 31
623 33
196 31
489 33
354 33
13 33
306 33
545 31
409 34
414 31
319 31
584 32
466 34
502 33
651 31
96 34
213 32
625 34
573 41
618 31
597 32
117 32
257 33
252 32
767 31
381 32
610 32
320 31
314 34
310 32
638 33
539 34
2 33
302 31
358 33
166 34
45 34
592 31
434 33
737 32
735 32
572 33
728 32
730 32
304 0
44 32
440 31
672 33
342 32
307 31
167 31
150 32
192 33
110 32
227 31
612 31
627 0
716 34
686 33
670 33
284 32
668 32
536 34
330 32
704 31
372 32
665 32
328 32
687 31
346 32
293 32
53 0
633 31
420 32
417 32
715 34
714 33
214 31
317 33
323 33
702 31
719 33
795 32
658 34
787 32
34 31
601 31
142 31
233 31
598 32
326 34
746 32
161 34
544 31
427 31
46 32
209 32
383 34
16 31
368 32
392 33
212 34
395 32
468 32
588 33
766 32
631 31
105 32
266 34
347 34
515 31
441 31
332 32
750 32
765 32
781 32
121 31
294 34
616 34
341 32
520 31
136 33
471 33
789 32
775 31
754 32
308 32
742 32
692 32
629 0
364 33
366 31
164 33
92 33
423 32
470 32
86 34
207 33
362 41
312 32
603 34
158 32
60 31
185 31
26 34
281 34
228 34
75 31
460 32
151 32
129 31
567 33
305 32
497 34
473 31
157 31
344 31
541 34
104 34
634 33
445 0
644 33
425 32
538 32
722 33
734 32
397 33
555 32
348 31
62 31
401 0
595 31
337 34
335 34
322 34
691 32
431 31
287 33
271 0
222 31
792 33
653 31
724 0
606 34
496 34
360 41
682 32
28 32
688 0
729 31
725 32
279 33
76 33
608 33
130 34
560 31
31 33
652 33
577 32
416 32
596 32
571 31
741 31
140 34
273 31
139 31
248 31
771 0
93 31
309 31
376 0
779 33
189 34
193 31
521 33
201 33
590 33
428 34
535 31
557 33
251 33
123 34
254 31
355 33
22 31
646 0
583 0
234 33
501 0
512 31
382 31
221 31
753 33
720 31
760 33
272 33
464 33
561 34
290 33
333 33
352 33
184 34
480 33
292 33
678 34
675 33
188 33
415 34
654 33
727 33
179 33
666 0
723 33
277 33
565 33
576 33
589 33
199 33
197 33
186 41
79 33
412 33
659 33
198 33
206 33
238 33
125 33
694 33
699 33
528 33
713 33
119 33
499 34
669 33
70 33
240 33
296 33
51 34
517 33
509 34
102 33
617 34
205 41
650 33
321 34
81 34
749 33
554 33
267 33
494 41
705 41
56 33
599 33
683 33
488 33
777 33
215 33
20 33
550 34
436 34
83 34
343 33
175 34
247 33
717 34
263 41
78 8
408 33
549 33
547 33
48 0
613 33
373 41
316 33
318 33
94 33
578 33
656 8
275 34
133 33
745 33
600 41
32 33
194 33
624 34
614 0
1 33
97 34
575 41
43 33
695 33
794 33
11 34
134 34
303 34
399 33
run time cost of algorithm DRT_BD is 0.339413seconds
