334800 109 67
21 34
94 34
61 34
56 34
98 34
76 34
50 34
34 34
104 34
13 0
46 34
40 34
0 34
90 34
88 34
87 34
73 34
23 34
5 24
44 34
47 34
60 34
18 34
69 34
72 34
2 0
15 24
42 24
95 34
91 34
33 34
78 34
32 34
36 8
29 34
41 34
89 34
62 34
83 24
38 24
6 24
7 34
14 24
96 34
9 34
8 34
81 34
65 24
49 34
99 0
82 24
80 34
48 34
97 41
86 34
1 34
43 34
27 34
51 34
58 34
59 34
93 34
63 0
92 34
11 34
101 24
45 34
102 34
52 24
20 34
55 41
26 34
3 34
39 24
35 34
75 34
19 34
79 34
84 34
28 24
25 34
12 34
85 34
4 24
103 34
70 34
68 24
22 41
16 24
66 24
100 34
67 34
64 34
37 34
53 24
31 34
24 34
105 34
71 34
77 34
30 24
10 34
74 24
57 34
54 24
17 24
run time cost of algorithm DRT_BD is 0.009098seconds
