5701000 97 14
126 39
754 39
185 39
47 39
420 39
42 39
669 39
631 39
272 39
18 39
239 39
102 39
961 39
488 39
733 39
3 39
709 39
502 39
918 39
210 39
628 39
619 39
262 39
887 39
243 39
922 39
551 39
531 39
360 39
371 11
402 39
51 39
714 34
347 39
577 39
351 39
265 39
288 39
259 39
29 39
92 39
895 39
814 39
568 39
692 39
196 39
443 39
329 39
897 39
480 39
846 39
601 39
323 39
500 39
914 39
406 39
503 39
921 39
780 39
784 39
137 39
342 39
927 39
118 39
606 39
88 39
949 39
697 39
703 39
508 39
602 39
156 39
782 39
511 39
616 39
518 34
76 39
688 39
746 39
539 39
960 39
916 39
81 39
9 39
104 11
864 39
1 39
446 39
793 39
452 39
30 39
574 39
863 39
332 39
589 39
112 39
295 39
886 11
597 39
546 39
62 39
759 34
418 34
851 39
7 39
932 39
399 39
505 39
264 39
913 39
235 39
388 39
23 39
659 39
901 34
376 39
483 39
73 39
99 39
447 39
95 39
109 39
78 39
19 39
32 39
234 39
671 39
569 11
412 39
345 39
43 39
453 39
325 39
258 39
830 39
881 39
53 39
833 39
4 34
340 39
390 39
440 39
306 39
486 39
334 34
369 39
459 34
108 39
558 39
763 39
550 39
254 39
476 34
202 39
911 39
307 39
938 39
608 39
271 34
159 39
124 39
753 39
492 39
882 39
245 39
299 39
2 39
600 39
346 39
48 39
445 39
853 39
595 39
173 39
720 39
230 39
308 39
532 39
629 39
433 39
867 39
630 39
670 39
197 39
267 39
614 39
730 39
83 39
827 39
82 39
557 39
387 39
34 39
790 39
721 39
848 39
471 39
645 11
571 39
858 39
195 39
337 39
695 39
327 39
207 39
113 39
507 39
633 39
177 39
765 39
149 39
310 39
363 39
79 34
807 39
699 39
702 39
816 39
91 39
653 39
355 39
889 39
590 39
59 39
718 39
286 39
330 39
382 39
37 39
775 39
939 39
380 39
824 39
912 39
101 39
941 39
138 39
278 39
431 39
178 39
350 39
176 39
950 39
472 11
56 39
612 39
478 39
114 39
580 39
603 11
57 39
810 34
767 39
241 39
357 39
175 39
713 39
439 39
89 39
331 39
201 39
378 34
27 39
781 39
489 39
796 39
689 34
25 39
936 39
655 39
543 39
224 11
13 39
208 39
442 39
515 39
276 39
573 39
301 39
728 39
560 39
189 39
930 39
717 39
119 39
802 39
805 39
166 39
200 39
16 39
141 39
832 39
26 34
121 39
883 39
884 39
232 39
66 39
172 39
409 39
739 39
188 39
740 39
67 39
12 39
691 39
743 39
672 39
107 39
766 39
644 39
222 11
944 39
127 39
952 39
803 39
250 39
812 39
90 39
128 39
610 39
562 11
585 11
33 39
381 39
367 39
495 39
146 39
432 39
909 39
125 39
636 39
497 39
268 39
870 39
587 39
920 39
570 39
594 39
130 34
888 39
465 39
475 39
785 39
798 39
747 11
305 39
460 39
840 39
182 11
868 39
667 39
174 39
28 39
186 34
878 39
10 39
292 39
300 39
414 34
362 34
98 39
545 39
845 39
236 39
943 39
240 39
822 39
529 39
317 39
521 39
683 39
359 34
498 39
799 39
561 39
818 39
525 39
719 39
256 39
244 39
530 39
269 11
800 39
449 11
61 39
415 39
229 34
559 39
668 11
22 39
750 11
289 39
923 39
877 39
917 39
396 39
0 39
481 39
522 39
526 39
247 39
220 39
209 11
745 39
428 39
838 39
80 39
875 39
204 39
60 39
214 39
844 39
773 39
140 39
115 39
353 39
394 11
457 39
734 34
314 39
46 39
665 39
865 39
854 39
158 39
384 39
841 39
154 39
120 39
635 39
513 39
426 34
650 39
828 11
778 39
437 39
593 39
94 39
541 39
890 39
715 39
192 39
468 39
817 39
624 39
217 39
660 39
579 39
566 39
876 39
461 39
356 39
180 39
693 39
199 39
386 39
738 39
907 39
662 11
374 39
129 39
819 39
469 11
609 39
52 39
900 39
547 39
677 39
675 39
171 39
762 11
646 39
926 39
637 39
111 39
623 39
242 39
117 39
820 39
598 39
757 39
903 39
731 39
694 39
874 39
951 39
395 39
403 39
899 39
398 39
291 39
285 39
370 39
393 39
49 39
611 39
328 39
613 39
843 34
228 39
377 39
133 39
206 39
945 39
97 39
801 39
852 39
205 39
509 39
287 39
316 39
512 39
906 39
563 39
212 11
213 39
484 39
144 39
584 39
663 39
591 39
407 39
523 39
423 39
639 39
638 39
429 39
385 39
248 39
86 39
405 39
397 39
658 39
77 39
379 39
772 39
211 39
679 39
319 11
427 39
946 39
198 11
704 39
148 39
87 39
41 39
8 39
263 39
275 39
813 39
752 39
294 39
17 39
686 39
164 39
605 39
871 11
678 39
866 39
934 39
632 39
225 39
246 39
857 39
779 39
783 39
540 39
862 39
524 39
252 39
103 34
283 39
155 39
474 11
701 39
797 39
320 39
135 39
464 34
170 39
303 39
365 39
534 39
274 34
372 39
741 39
749 39
458 34
517 11
24 11
556 39
898 39
257 39
218 39
132 39
39 39
454 39
194 39
604 39
277 39
69 39
769 39
893 39
341 39
477 34
63 39
368 39
485 39
666 39
383 39
506 39
787 39
326 39
836 39
758 39
298 39
823 39
634 39
661 11
168 39
954 34
928 39
855 39
501 39
905 39
147 39
411 39
761 39
35 39
157 34
760 39
700 39
467 39
947 39
161 39
455 39
312 39
809 39
352 39
744 39
873 34
416 39
774 39
549 39
685 39
879 39
131 39
514 11
680 39
583 39
74 39
322 39
620 39
64 39
270 39
436 34
375 39
373 11
592 39
105 39
794 39
722 39
335 39
321 39
233 11
187 39
533 39
191 39
821 39
764 11
724 11
482 11
179 11
795 11
123 11
931 11
425 11
856 11
581 34
908 11
336 11
648 11
424 11
136 34
451 11
548 11
808 11
516 11
588 11
657 11
31 11
723 11
520 11
6 11
861 11
304 11
71 11
849 11
575 11
842 11
656 11
11 11
354 11
116 11
14 11
829 11
837 11
553 11
737 11
160 11
572 11
338 11
673 11
237 11
391 11
542 11
748 11
607 11
652 11
880 11
193 11
349 11
735 11
929 11
296 11
227 11
896 11
706 11
647 11
422 11
150 11
251 11
106 11
664 11
937 11
891 11
410 11
771 11
696 11
389 39
642 39
565 39
44 11
710 11
940 11
726 11
261 11
925 11
203 11
791 11
216 11
885 11
400 11
708 34
344 11
58 11
625 11
627 11
139 11
582 11
462 34
487 11
872 11
756 11
789 11
419 11
847 11
776 11
231 11
729 11
494 11
651 11
55 11
892 11
223 11
438 11
902 11
151 11
649 11
20 11
578 11
915 11
959 11
284 11
640 11
181 11
93 11
705 11
479 11
219 11
430 11
599 11
956 11
736 11
339 11
751 11
162 11
456 11
491 11
266 11
408 11
682 34
165 11
596 11
687 11
70 11
281 11
153 11
499 34
143 11
466 11
421 11
190 11
777 11
942 11
544 11
681 11
955 11
84 11
493 11
811 11
859 34
622 11
770 11
348 11
834 11
309 11
826 11
293 11
869 11
924 11
110 11
536 11
860 11
183 11
45 11
935 11
50 11
324 34
21 11
36 11
626 11
5 11
401 11
850 11
490 11
537 11
567 11
904 11
725 11
910 11
674 11
707 11
134 11
152 11
260 11
621 11
333 11
315 11
142 11
85 11
366 11
15 11
441 11
576 11
343 34
450 34
831 11
318 11
815 11
361 11
169 11
463 11
290 11
226 11
894 11
163 11
552 11
806 11
519 11
535 11
302 11
444 34
279 11
617 11
792 11
684 11
615 11
755 11
957 11
732 11
54 34
953 11
504 11
768 11
68 11
65 11
528 34
167 11
404 11
510 11
72 11
473 11
835 11
727 34
417 11
297 34
221 11
470 34
448 11
712 11
215 11
145 11
786 11
618 11
280 11
249 11
555 11
654 11
100 34
564 11
919 34
40 34
255 11
38 11
282 11
804 11
238 11
313 11
311 11
253 11
75 11
364 11
122 11
273 11
958 11
933 11
527 11
788 11
676 11
690 11
711 34
538 11
825 11
948 11
496 11
554 11
392 11
586 11
742 11
435 11
434 11
698 34
716 11
184 11
643 11
641 11
839 11
96 11
413 11
358 11
run time cost of algorithm DRT_BD is 0.247643seconds
