4870000 120 58
0 29
1 0
2 34
3 29
4 29
5 29
6 29
7 29
8 29
9 29
10 0
11 29
12 29
13 29
14 34
15 29
16 29
17 0
18 29
19 29
20 29
21 29
22 29
23 29
24 29
25 29
26 34
27 29
28 29
29 29
30 29
31 29
32 29
33 29
34 29
35 29
36 34
37 29
38 29
39 34
40 34
41 29
42 34
43 34
44 29
45 29
46 34
47 34
48 29
49 34
50 29
51 29
52 29
53 29
54 29
55 34
56 34
57 29
58 29
59 34
60 34
61 34
62 29
63 29
64 34
65 34
66 34
67 34
68 34
69 29
70 29
71 29
72 34
73 29
74 29
75 29
76 34
77 29
78 29
79 29
80 29
81 34
82 29
83 34
84 29
85 29
86 34
87 29
88 29
89 34
90 29
91 29
92 29
93 29
94 34
95 29
96 29
97 29
98 29
99 0
100 29
101 29
102 29
103 29
104 29
105 34
106 34
107 29
108 29
109 0
110 8
111 29
112 29
113 34
114 29
115 29
116 29
117 29
118 34
119 29
120 29
121 34
122 34
123 29
124 29
125 29
126 34
127 34
128 34
129 34
130 29
131 29
132 0
133 29
134 29
135 34
136 29
137 0
138 29
139 29
140 29
141 29
142 29
143 29
144 34
145 34
146 29
147 29
148 0
149 29
150 34
151 29
152 29
153 29
154 29
155 29
156 29
157 29
158 29
159 29
160 34
161 29
162 29
163 29
164 29
165 29
166 29
167 34
168 29
169 34
170 29
171 29
172 29
173 0
174 29
175 29
176 29
177 34
178 34
179 34
180 34
181 34
182 0
183 29
184 29
185 29
186 29
187 29
188 29
189 34
190 29
191 29
192 34
193 34
194 29
195 34
196 34
197 29
198 29
199 29
200 29
201 34
202 34
203 29
204 29
205 34
206 29
207 29
208 34
209 0
210 34
211 29
212 34
213 29
214 29
215 29
216 29
217 34
218 29
219 34
220 34
221 34
222 34
223 29
224 29
225 34
226 0
227 29
228 29
229 34
230 29
231 29
232 29
233 0
234 29
235 34
236 29
237 29
238 29
239 34
240 34
241 29
242 29
243 34
244 34
245 29
246 34
247 29
248 0
249 34
250 29
251 29
252 34
253 29
254 0
255 41
256 34
257 29
258 29
259 0
260 34
261 34
262 29
263 34
264 29
265 0
266 34
267 29
268 29
269 34
270 29
271 29
272 29
273 41
274 34
275 29
276 29
277 34
278 0
279 34
280 29
281 34
282 29
283 29
284 29
285 29
286 29
287 34
288 34
289 29
290 29
291 29
292 29
293 29
294 29
295 34
296 29
297 29
298 29
299 0
300 34
301 29
302 29
303 29
304 29
305 29
306 41
307 29
308 34
309 34
310 0
311 29
312 29
313 34
314 29
315 0
316 34
317 34
318 29
319 34
320 0
321 34
322 29
323 29
324 34
325 29
326 29
327 34
328 34
329 29
330 0
331 29
332 34
333 29
334 34
335 34
336 34
337 34
338 34
339 29
340 34
341 29
342 8
343 34
344 29
345 34
346 29
347 34
348 29
349 34
350 34
351 34
352 29
353 34
354 34
355 34
356 34
357 34
358 41
359 34
360 34
361 34
362 29
363 34
364 34
365 34
366 34
367 41
368 34
369 34
370 34
371 34
372 34
373 34
374 34
375 34
376 34
377 34
378 0
379 34
380 41
381 34
382 41
383 34
384 34
385 34
386 34
387 8
388 34
389 41
390 34
391 34
392 41
393 34
394 34
395 8
396 34
397 34
398 34
399 34
400 41
401 34
402 34
403 34
404 34
405 41
406 34
407 34
408 34
409 34
410 34
411 34
412 34
413 34
414 34
415 34
416 34
417 34
418 34
419 34
420 34
421 34
422 34
423 34
424 34
425 41
426 34
427 29
428 34
429 34
430 0
431 34
432 41
433 34
434 0
435 41
436 34
437 34
438 41
439 34
440 34
441 41
442 41
443 41
444 41
445 41
446 41
447 8
448 8
449 34
450 41
451 41
452 41
453 41
454 41
455 41
456 41
457 41
458 41
459 41
460 41
461 41
462 41
463 34
464 41
465 41
466 0
467 41
468 8
469 0
470 41
471 41
472 41
473 41
474 41
475 41
476 0
477 41
478 41
479 41
480 41
481 41
482 0
483 41
484 41
485 8
486 34
487 41
488 41
489 41
490 41
491 41
492 41
493 41
494 41
495 41
496 8
497 41
498 41
499 41
500 41
501 41
502 41
503 41
504 41
505 0
506 8
507 41
508 41
509 0
510 41
511 41
512 41
513 41
514 41
515 8
516 41
run time cost of algorithm SM_CTP is 1.085seconds
