684700 170 41
402 25
362 25
97 25
33 9
209 34
428 25
301 25
26 25
364 9
245 25
145 25
146 9
298 25
424 25
56 34
240 25
44 9
79 25
9 34
91 41
408 9
130 25
186 25
29 34
272 25
215 25
27 25
263 25
160 25
98 34
180 34
379 41
16 25
184 9
47 25
152 41
426 25
112 9
393 25
262 25
203 25
131 25
320 34
244 34
342 25
381 25
344 25
346 9
354 9
373 25
238 25
315 25
88 25
386 25
311 25
181 25
178 25
308 25
11 25
302 25
254 25
138 25
39 9
423 25
422 41
149 25
228 34
333 41
275 25
113 25
54 25
86 25
90 25
24 9
42 25
136 41
128 25
282 25
108 25
290 25
377 25
192 25
415 9
406 25
23 25
382 25
106 25
193 25
83 34
317 9
0 25
341 25
1 9
403 25
370 25
123 25
204 9
425 25
413 25
137 25
14 41
332 25
267 25
319 25
210 25
225 25
115 6
397 25
248 34
223 25
294 25
147 9
237 25
66 34
380 25
224 25
81 25
208 25
365 25
255 41
349 34
336 25
167 25
129 25
35 34
312 9
260 25
85 25
122 25
316 25
369 25
164 9
323 25
117 34
80 25
78 34
278 9
326 34
368 25
431 9
372 25
194 25
172 41
325 25
345 9
205 41
19 34
427 25
58 9
293 25
392 25
307 41
340 25
231 25
37 34
151 25
246 9
159 25
261 34
429 41
353 34
161 41
69 41
34 25
234 25
196 25
175 25
176 25
421 25
114 25
32 9
221 25
328 25
230 25
166 9
77 25
169 25
3 25
201 25
279 25
375 25
179 34
314 25
118 34
189 41
330 25
217 25
64 25
251 41
15 25
241 34
18 41
410 34
404 34
264 25
120 25
143 9
150 25
38 25
216 9
48 41
358 25
132 25
411 9
276 9
389 25
170 25
68 41
356 9
162 34
306 41
126 41
417 9
213 41
22 25
25 25
396 9
247 25
343 25
148 34
227 25
433 9
337 25
99 25
100 25
65 25
395 41
285 34
283 41
374 41
419 25
334 41
73 25
385 25
219 25
232 41
157 25
214 9
257 34
127 41
378 34
303 41
104 9
121 25
59 25
52 25
432 25
361 25
310 34
183 25
416 41
401 34
206 25
62 25
339 25
324 9
305 9
284 25
249 25
252 25
414 9
177 25
31 9
259 25
60 25
352 25
229 37
107 34
119 41
253 41
200 9
165 25
355 25
318 25
109 25
281 9
67 41
309 9
4 41
8 25
20 41
21 37
265 34
202 41
212 25
2 41
6 25
141 25
418 25
329 25
17 25
156 41
199 41
258 25
348 25
297 25
359 25
105 41
61 25
277 25
399 25
182 41
155 25
154 41
134 8
190 25
84 34
171 25
124 9
10 25
274 9
235 25
288 25
388 41
51 25
207 25
239 25
101 9
144 34
327 25
187 9
376 25
287 41
76 41
135 9
40 25
233 25
273 25
371 41
102 25
300 34
409 34
111 25
57 25
304 34
140 25
351 25
222 25
95 34
49 25
280 25
335 34
398 25
218 25
268 25
63 41
158 34
400 25
390 25
420 9
220 25
243 41
55 25
46 25
387 25
292 25
92 25
5 41
236 25
383 25
313 25
295 25
43 41
256 9
195 9
116 25
89 41
331 41
74 25
188 25
30 25
291 25
407 41
367 41
163 25
321 25
96 34
350 25
12 41
322 25
198 25
93 9
41 25
296 25
36 41
338 34
430 25
125 25
242 41
94 41
53 25
357 25
103 41
110 9
270 25
226 9
71 25
70 25
250 25
347 41
174 9
394 41
75 25
391 34
289 41
7 25
266 41
271 8
191 41
153 41
360 25
211 25
366 25
133 25
185 25
197 25
168 41
72 25
87 9
28 25
82 25
412 25
286 25
363 41
139 25
50 41
299 25
269 25
405 37
13 25
142 25
173 41
384 25
45 41
run time cost of algorithm DRT_AG is 0.002787seconds
