2890000 109 69
0 41
1 41
2 41
3 41
4 41
5 41
6 41
7 41
8 41
9 41
10 41
11 41
12 41
13 41
14 34
15 41
16 41
17 41
18 41
19 41
20 41
21 41
22 41
23 41
24 41
25 41
26 41
27 34
28 34
29 41
30 41
31 41
32 0
33 41
34 41
35 41
36 41
37 41
38 34
39 41
40 41
41 41
42 0
43 41
44 41
45 41
46 41
47 41
48 41
49 34
50 0
51 41
52 41
53 41
54 41
55 41
56 34
57 41
58 34
59 41
60 41
61 41
62 41
63 41
64 0
65 41
66 41
67 41
68 41
69 41
70 34
71 41
72 41
73 41
74 41
75 41
76 41
77 41
78 41
79 41
80 34
81 41
82 41
83 41
84 41
85 41
86 41
87 41
88 41
89 41
90 41
91 41
92 34
93 41
94 41
95 41
96 41
97 41
98 41
99 41
100 41
101 41
102 41
103 41
104 41
105 41
106 41
107 41
108 41
109 0
110 41
111 41
112 41
113 41
114 41
115 41
116 41
117 34
118 0
119 41
120 41
121 34
122 41
123 0
124 41
125 34
126 41
127 41
128 41
129 41
130 41
131 41
132 41
133 0
134 41
135 41
136 34
137 41
138 34
139 34
140 41
141 41
142 34
143 41
144 34
145 41
146 41
147 41
148 41
149 41
150 34
151 34
152 41
153 0
154 41
155 41
156 0
157 41
158 41
159 41
160 41
161 41
162 41
163 41
164 34
165 41
166 41
167 34
168 41
169 41
170 41
171 41
172 34
173 34
174 41
175 41
176 34
177 41
178 41
179 41
180 41
181 41
182 41
183 34
184 41
185 41
186 41
187 41
188 41
189 41
190 41
191 41
192 0
193 41
194 41
195 41
196 41
197 41
198 41
199 41
200 41
201 34
202 41
203 34
204 0
205 41
206 34
207 41
208 41
209 41
210 41
211 41
212 0
213 41
214 34
215 0
216 41
217 41
218 41
219 41
220 41
221 34
222 41
223 41
224 41
225 41
226 41
227 41
228 41
229 1
230 41
231 41
232 41
233 41
234 41
235 41
236 41
237 41
238 41
239 34
240 24
241 41
242 41
243 41
244 41
245 41
246 41
247 41
248 41
249 41
250 41
251 34
252 41
253 41
254 41
255 34
256 34
257 41
258 41
259 34
260 41
261 34
262 41
263 41
264 41
265 0
266 41
267 34
268 0
269 34
270 34
271 41
272 34
273 41
274 41
275 34
276 34
277 34
278 34
279 41
280 34
281 41
282 41
283 0
284 41
285 41
286 41
287 34
288 34
289 34
290 34
291 34
292 34
293 41
294 41
295 34
296 41
297 0
298 0
299 34
300 41
301 41
302 41
303 41
304 0
305 41
306 41
307 41
308 0
309 41
310 41
311 41
312 41
313 41
314 41
315 41
316 34
317 41
318 41
319 41
320 34
321 41
322 34
323 34
324 41
325 34
326 41
327 41
328 24
329 34
330 41
331 41
332 34
333 41
334 41
335 41
336 34
337 34
338 41
339 34
340 41
341 34
342 41
343 41
344 34
345 41
346 41
347 41
348 41
349 0
350 34
351 41
352 41
353 34
354 41
355 34
356 41
357 41
358 34
359 41
360 41
361 41
362 41
363 41
364 41
365 34
366 41
367 41
368 41
369 41
370 34
371 41
372 24
373 41
374 41
375 0
376 34
377 41
378 0
379 34
380 41
381 41
382 41
383 41
384 34
385 41
386 34
387 41
388 41
389 41
390 41
391 41
392 41
393 41
394 0
395 34
396 8
397 41
398 41
399 34
400 41
401 34
402 41
403 34
404 41
405 41
406 41
407 34
408 0
409 41
410 41
411 34
412 41
413 41
414 41
415 34
416 41
417 41
418 34
419 41
420 41
421 41
422 41
423 34
424 41
425 41
426 41
427 41
428 41
429 34
430 41
431 41
432 41
433 41
434 41
435 41
436 41
437 41
438 34
439 41
440 41
441 34
442 34
443 34
444 41
445 34
446 34
447 34
448 41
449 0
450 41
451 41
452 34
453 41
454 34
455 34
456 41
457 41
458 34
459 0
460 24
461 34
462 34
463 41
464 41
465 34
466 41
467 41
468 34
469 41
470 41
471 41
472 34
473 41
474 34
475 41
476 34
477 41
478 41
479 41
480 41
481 34
482 34
483 34
484 41
485 41
486 34
487 41
488 34
489 34
490 41
491 24
492 34
493 41
494 41
495 41
496 41
497 34
498 34
499 41
500 34
501 34
502 34
503 41
504 41
505 0
506 34
507 41
508 41
509 41
510 34
511 41
512 34
513 41
514 41
515 41
516 34
517 34
518 34
519 41
520 41
521 41
522 41
523 0
524 41
525 41
526 0
527 41
528 41
529 34
530 41
531 41
532 41
533 41
534 24
535 41
536 41
537 34
538 0
539 41
540 41
541 34
542 34
543 34
544 34
545 34
546 34
547 41
548 24
549 41
550 41
551 41
552 34
553 41
554 41
555 41
556 34
557 41
558 34
559 41
560 34
561 41
562 41
563 41
564 41
565 41
566 41
567 34
568 34
569 0
570 41
571 34
572 34
573 41
574 41
575 41
576 41
577 41
578 41
579 34
580 34
581 24
582 41
583 34
584 41
585 34
586 0
587 0
588 41
589 41
590 34
591 41
592 34
593 41
594 34
595 41
596 34
597 41
598 41
599 41
600 34
601 41
602 41
603 34
604 41
605 34
606 41
607 34
608 41
609 41
610 0
611 34
612 34
613 41
614 41
615 41
616 41
617 41
618 34
619 0
620 41
621 24
622 41
623 34
624 41
625 41
626 24
627 41
628 41
629 41
630 41
631 41
632 8
633 34
634 41
635 41
636 41
637 34
638 41
639 34
640 41
641 34
642 41
643 41
644 34
645 41
646 41
647 0
648 41
649 34
650 34
651 34
652 34
653 41
654 34
655 41
656 34
657 41
658 34
659 24
660 41
661 41
662 34
663 41
664 41
665 41
666 41
667 34
668 41
669 41
670 34
671 41
672 41
673 34
674 41
675 34
676 41
677 41
678 34
679 34
680 34
681 41
682 34
683 41
684 41
685 41
686 24
687 34
688 41
689 41
690 41
691 34
692 0
693 41
694 41
695 41
696 34
697 41
698 41
699 41
700 41
701 24
702 41
703 34
704 41
705 34
706 34
707 41
708 41
709 34
710 41
711 24
712 0
713 41
714 41
715 34
716 41
717 41
718 34
719 0
720 8
721 34
722 41
723 41
724 34
725 34
726 41
727 0
728 41
729 34
730 0
731 34
732 24
733 34
734 34
735 34
736 0
737 34
738 24
739 34
740 24
741 34
742 34
743 34
744 34
745 24
746 34
747 34
748 8
749 34
750 41
751 0
752 34
753 34
754 24
755 34
756 34
757 34
758 24
759 24
760 34
761 34
762 34
763 34
764 0
765 34
766 24
767 8
768 34
769 34
770 24
771 24
772 34
773 34
774 24
775 34
776 34
777 41
778 0
779 34
780 34
781 34
782 24
783 34
784 34
785 34
786 34
run time cost of algorithm SM_CTP is 2.07289seconds
