1771400 97 15
24 45
199 45
8 45
53 34
47 45
126 45
211 45
191 45
64 45
129 34
26 45
213 45
180 45
255 45
146 45
74 45
29 45
95 45
209 45
301 45
131 45
169 45
107 45
189 45
1 45
261 45
97 45
184 45
9 45
40 45
172 45
17 45
187 45
299 45
98 45
96 45
235 45
6 45
185 45
234 45
72 45
182 45
88 45
21 45
137 45
143 45
140 45
216 45
164 45
166 45
186 45
118 45
28 45
132 45
32 45
298 45
188 45
49 45
14 45
214 45
116 45
179 45
111 45
130 45
82 45
181 45
121 45
257 45
246 45
65 45
85 45
20 45
69 45
253 45
61 45
18 45
44 34
221 45
161 45
23 45
46 34
251 45
71 45
274 45
226 45
284 45
224 34
138 45
201 45
288 34
136 45
127 45
295 45
152 45
153 45
265 45
162 45
12 45
281 45
134 45
100 45
92 45
135 45
233 45
212 45
78 45
268 34
237 45
57 45
34 45
63 45
58 45
287 45
240 45
13 45
244 45
27 34
141 45
294 45
133 45
52 45
163 45
105 45
174 45
56 45
231 45
120 45
55 45
150 45
155 45
173 45
144 45
3 45
83 34
279 45
228 45
110 45
36 45
207 45
196 45
48 45
11 45
194 45
76 45
293 45
156 0
296 45
160 45
22 45
91 45
117 45
90 45
123 45
217 45
81 45
190 45
54 45
178 0
30 0
232 34
66 0
119 45
208 45
93 45
192 45
258 45
215 0
10 34
145 45
104 0
25 45
114 45
250 34
198 45
300 45
266 45
158 45
290 45
109 45
19 0
128 45
277 45
59 45
252 45
62 45
195 0
77 45
147 0
157 45
248 45
273 45
249 0
210 0
260 45
269 0
139 45
35 45
205 45
206 45
142 45
165 0
267 45
106 0
87 45
175 0
171 0
239 45
225 45
115 45
33 45
177 45
229 45
292 34
236 0
89 45
241 45
101 45
70 45
0 45
80 45
102 45
2 0
4 0
270 45
51 45
200 45
219 45
285 45
94 45
5 45
31 0
112 0
38 0
272 34
50 34
193 45
170 45
167 0
45 45
125 45
122 34
291 0
254 45
73 45
16 45
67 45
159 45
220 0
7 0
41 45
256 45
42 45
238 0
276 45
203 45
247 0
202 45
259 0
39 45
86 0
297 0
84 45
148 45
245 45
197 0
183 45
286 0
262 0
263 34
15 45
68 45
108 45
204 45
43 45
282 45
275 45
243 0
168 45
227 45
79 0
60 0
113 45
103 45
289 0
75 45
218 0
37 0
278 0
242 45
280 34
283 45
124 45
149 45
99 0
230 0
222 45
264 45
271 45
154 0
176 0
223 0
151 45
run time cost of algorithm DRT_BD is 0.044249seconds
