1327200 109 68
80 34
131 34
102 34
108 34
73 34
5 0
125 34
20 34
111 34
25 34
107 34
104 34
151 34
33 34
9 34
95 34
132 34
11 34
103 34
66 0
96 34
152 34
122 34
141 34
136 34
130 34
40 34
127 34
120 34
98 34
42 34
12 34
77 34
112 34
41 34
87 34
16 34
79 34
101 34
23 34
124 34
129 34
83 34
6 34
134 34
56 34
0 34
75 34
109 34
93 34
43 34
59 34
99 34
137 34
69 34
29 34
86 34
19 34
142 34
44 34
128 34
144 34
48 34
118 34
145 34
65 34
106 34
123 34
88 34
35 24
140 34
138 34
114 34
76 34
30 34
1 34
21 24
32 24
22 24
146 24
46 34
15 34
64 34
91 34
57 34
52 34
90 24
85 8
149 34
55 24
14 34
24 34
53 34
26 24
58 24
68 34
115 34
63 34
150 34
17 24
60 34
49 8
113 34
135 34
47 34
62 34
36 34
18 24
8 34
50 34
70 34
133 34
78 34
10 34
27 34
38 34
54 34
97 34
94 24
13 34
92 34
117 24
119 34
3 24
2 34
72 34
67 24
39 34
110 34
7 24
4 34
100 24
126 34
116 34
148 24
31 24
74 34
82 34
61 24
147 34
81 24
89 34
28 24
71 0
34 34
45 34
121 34
139 34
84 0
143 34
105 34
37 34
51 0
run time cost of algorithm DRT_BD is 0.016414seconds
