400800 120 42
41 25
32 25
60 25
44 9
111 25
102 25
25 25
23 9
56 25
37 25
70 41
108 25
86 25
50 25
82 34
10 25
76 34
67 25
13 25
105 25
49 25
9 25
16 25
71 41
43 9
35 41
17 41
106 25
30 25
26 25
53 25
4 25
107 25
72 25
61 25
100 25
74 25
83 9
99 25
22 25
21 25
91 9
15 25
2 25
90 25
109 9
45 25
52 25
20 41
115 41
59 34
19 25
64 25
1 25
63 25
96 25
33 25
94 41
114 25
14 25
5 25
42 25
101 25
57 25
58 25
47 25
40 25
28 25
27 25
8 41
79 37
89 25
85 25
39 25
73 25
78 41
38 25
0 9
31 25
110 41
11 41
3 41
97 41
65 41
113 25
88 25
54 25
103 25
36 34
62 25
77 9
93 37
92 41
95 41
112 25
34 41
18 25
80 25
55 34
84 37
24 9
51 37
69 25
48 25
46 25
104 34
12 25
29 25
7 34
66 25
68 25
98 41
75 25
87 25
6 41
81 41
116 9
run time cost of algorithm DRT_AG is 0.000382seconds
