282200 97 16
42 15
125 15
69 15
88 15
64 15
55 15
143 15
56 15
127 15
116 15
60 15
129 15
68 15
122 15
107 15
101 15
44 34
2 15
6 15
57 15
90 15
41 34
10 15
4 15
149 15
106 15
65 15
30 15
7 15
146 15
49 15
14 15
138 15
43 15
100 15
98 34
96 34
25 15
15 15
12 34
142 15
52 15
75 15
140 15
83 15
16 15
26 15
85 15
28 15
99 15
111 15
20 15
32 15
0 15
84 15
77 15
73 34
91 15
34 15
102 15
18 15
141 15
94 15
132 15
80 15
82 15
58 15
36 15
133 15
74 15
66 15
9 15
145 15
113 15
131 15
59 15
33 15
29 15
119 15
5 15
45 15
72 15
8 15
103 34
81 15
87 15
71 15
108 15
86 34
67 15
79 34
112 15
104 15
92 15
37 15
48 15
136 15
147 15
27 15
105 15
110 15
13 15
50 15
21 15
1 15
53 15
46 15
31 15
19 34
40 15
128 15
24 15
114 15
61 15
135 15
22 0
117 15
97 15
11 34
70 15
118 15
130 15
126 15
134 15
17 15
51 15
137 15
144 0
139 15
123 15
120 34
124 15
63 15
89 15
95 15
121 15
115 15
109 15
35 0
38 15
47 15
3 15
93 15
23 0
78 15
62 15
54 15
148 15
76 15
39 15
run time cost of algorithm DRT_BD is 0.022317seconds
