1416800 161 40
223 25
103 25
214 25
112 25
253 25
209 25
190 25
80 25
94 25
139 25
135 25
301 41
146 34
124 9
74 25
155 9
320 25
183 41
309 25
210 25
315 25
215 25
220 25
231 25
87 25
79 25
178 41
280 25
180 25
267 25
98 25
48 25
248 25
110 9
246 25
40 34
39 25
62 25
53 25
284 9
92 25
296 25
292 25
147 25
177 25
100 25
212 25
316 25
207 25
49 25
126 25
187 25
186 41
293 41
42 25
158 25
304 25
289 25
25 25
85 25
38 9
104 25
93 25
240 34
189 41
278 41
282 25
217 25
173 25
117 9
305 25
115 25
168 41
265 25
303 25
129 25
90 25
164 25
244 9
3 9
153 25
8 25
64 25
179 25
23 41
56 9
144 25
300 34
102 25
226 25
264 41
91 34
133 41
297 34
151 25
154 25
285 34
36 25
71 41
66 41
201 25
205 9
256 25
318 25
247 25
109 25
106 25
17 25
184 25
279 25
15 25
160 25
234 25
159 25
272 25
52 41
208 25
11 25
260 25
225 25
132 25
131 25
30 25
57 25
291 25
281 41
195 41
162 41
125 25
142 25
6 34
181 25
273 41
222 9
111 25
270 41
141 41
219 25
224 25
96 25
43 25
108 25
134 25
191 25
130 41
99 41
277 41
78 34
75 25
257 25
122 25
137 25
5 25
119 25
161 25
238 9
165 41
302 41
123 41
50 34
271 25
150 25
114 25
241 9
22 25
9 25
127 25
252 9
58 41
29 34
24 34
82 9
120 25
138 41
295 34
1 25
197 41
14 25
167 9
16 25
287 25
19 25
45 41
268 41
83 41
206 41
299 34
261 25
169 9
145 41
255 25
317 25
314 25
170 25
239 25
228 41
262 9
298 25
113 41
18 41
51 25
77 34
33 25
274 25
97 41
13 34
54 41
313 41
307 9
10 25
7 25
269 25
319 25
140 25
199 25
176 25
213 41
46 25
47 25
37 25
152 25
73 25
163 41
229 25
259 25
171 41
28 25
182 41
101 25
44 25
218 41
221 25
86 41
70 25
55 9
174 34
63 25
60 25
263 25
198 41
95 25
172 25
27 25
188 41
65 25
243 25
0 25
196 41
76 41
249 41
242 25
236 25
294 25
227 25
203 25
128 25
276 41
81 25
116 41
306 41
88 25
26 41
41 34
61 25
202 41
310 41
194 25
156 41
251 41
143 9
235 25
175 41
67 25
283 41
59 25
192 34
193 25
107 25
204 25
312 41
308 25
121 6
35 25
166 25
84 38
254 41
149 25
20 9
216 25
4 9
118 25
290 25
232 34
69 37
105 41
21 25
89 34
286 41
233 25
237 9
250 25
148 9
12 41
157 25
68 25
288 41
245 25
311 9
266 9
258 25
32 37
185 25
136 34
72 25
275 9
200 41
211 41
31 34
230 41
2 25
34 25
run time cost of algorithm DRT_AG is 0.001713seconds
