463550 104 63
283 34
8 34
94 34
63 34
301 34
274 34
181 34
169 34
44 34
30 34
28 34
25 34
168 34
303 34
225 34
218 34
194 34
154 34
142 13
76 34
0 34
92 13
265 34
133 34
196 13
48 34
46 34
287 34
1 34
100 34
19 34
210 34
123 13
186 34
129 34
83 34
247 34
322 34
115 13
95 34
110 34
90 34
188 34
145 34
302 34
144 34
207 13
209 34
263 34
327 34
314 13
65 34
87 34
219 34
248 34
292 34
158 34
237 34
234 13
105 34
152 34
220 34
149 34
125 34
45 34
138 13
267 34
11 13
278 34
257 13
213 34
306 34
6 41
255 13
193 34
332 34
118 34
12 13
174 34
281 34
47 34
156 13
227 34
58 34
146 34
243 34
178 34
88 34
153 34
93 34
272 34
3 13
101 34
311 34
18 34
252 34
259 34
221 34
160 34
309 34
211 34
22 34
197 13
251 8
72 34
294 41
2 34
75 34
335 34
157 13
228 34
173 13
232 34
99 34
124 34
222 34
5 34
165 13
249 34
134 34
323 34
26 41
183 34
131 34
120 34
273 41
108 34
176 34
135 34
7 34
229 34
43 34
143 34
69 8
240 34
175 34
271 34
189 34
147 34
185 41
180 13
246 34
324 34
330 34
208 41
198 13
27 41
159 34
203 34
82 34
297 34
331 34
151 34
80 34
258 34
307 34
320 13
316 34
164 41
113 13
16 8
107 13
150 34
49 34
205 34
328 34
126 13
60 34
179 34
300 13
78 34
268 34
128 34
140 13
295 34
298 13
148 34
14 41
285 34
130 34
204 34
163 34
114 34
54 34
66 34
170 34
104 34
86 34
201 34
200 34
91 34
57 34
235 34
74 34
299 41
38 34
39 34
56 34
293 34
329 34
24 13
223 34
242 34
275 34
106 34
139 34
250 34
212 34
325 34
326 41
32 34
15 34
79 13
136 34
215 13
35 34
296 41
64 8
132 34
85 34
260 34
304 41
305 34
245 34
244 8
202 8
61 34
262 41
230 34
241 34
67 34
214 41
199 34
177 34
31 34
161 34
103 34
127 41
254 13
50 34
84 34
280 34
187 34
121 34
277 34
23 34
172 34
270 41
37 34
33 34
282 34
137 34
315 34
117 41
239 34
171 34
291 34
290 34
288 34
256 34
29 34
70 34
333 34
318 34
266 34
167 34
269 41
122 34
111 13
59 34
238 34
119 13
224 41
334 8
53 34
36 34
62 13
195 34
264 13
98 34
73 34
192 41
312 34
319 34
313 41
284 13
279 34
34 34
236 13
81 34
253 34
10 34
310 34
184 34
96 34
289 34
116 34
42 34
166 34
226 34
109 34
68 34
9 41
190 34
77 13
321 34
162 13
52 34
55 34
231 34
17 34
191 13
182 34
286 34
112 8
102 34
41 13
97 41
20 34
217 34
216 34
206 34
317 34
71 34
308 34
51 34
261 34
276 34
233 34
155 34
89 34
13 41
141 13
4 41
40 34
21 13
run time cost of algorithm DRT_BD is 0.060593seconds
