1079200 109 66
30 34
0 34
55 34
51 34
49 34
8 34
77 34
48 34
5 34
100 34
4 0
75 0
92 34
116 34
2 0
124 34
69 34
7 34
46 34
97 34
26 34
93 34
38 34
87 34
80 34
28 34
101 34
58 34
111 34
40 34
19 34
67 34
74 34
102 34
1 34
70 34
99 24
104 34
107 24
88 0
21 24
83 0
3 34
6 34
42 34
65 34
24 0
15 34
32 24
23 24
79 34
103 34
115 34
56 34
12 34
68 24
113 34
89 24
14 34
20 34
84 34
114 34
17 34
72 34
22 34
59 34
91 34
110 34
118 34
9 34
57 34
66 34
109 34
11 8
54 34
31 34
105 0
61 34
63 34
122 24
85 34
52 34
108 34
117 34
112 34
98 34
35 34
64 34
33 34
44 8
76 34
81 34
13 34
37 34
123 34
82 34
106 34
45 34
43 34
120 34
29 24
121 34
41 24
60 24
86 34
34 24
71 34
10 34
39 34
95 34
25 34
96 0
94 34
62 24
53 34
18 34
73 24
36 24
47 34
125 24
119 34
50 34
90 34
16 24
27 34
78 24
run time cost of algorithm DRT_BD is 0.012581seconds
