258400 97 17
40 1
138 1
97 1
35 1
57 1
70 1
143 1
7 1
114 1
26 1
119 1
4 1
137 1
132 1
47 1
74 1
11 34
80 1
39 1
8 1
133 1
103 1
13 1
106 1
31 1
58 1
16 1
69 34
92 1
12 1
44 1
75 1
146 1
112 1
72 1
65 1
121 1
76 1
89 1
108 1
123 1
27 1
127 1
9 1
50 34
135 1
34 1
51 1
99 1
59 34
84 1
56 1
102 1
61 1
71 1
21 1
85 1
49 1
55 1
81 34
105 34
131 34
33 1
78 1
67 1
98 1
68 1
54 1
129 1
149 1
3 1
19 1
147 1
53 34
109 1
120 1
95 1
117 1
113 1
41 1
38 1
148 34
66 1
79 1
42 34
110 1
104 34
60 1
83 1
20 1
23 1
29 1
115 1
28 1
88 1
122 1
111 1
82 1
63 1
91 1
100 34
125 1
87 1
5 1
45 1
107 1
139 1
1 1
130 1
6 1
86 1
46 1
0 1
30 1
22 1
145 1
37 1
141 1
140 1
24 1
128 1
134 1
116 1
77 34
2 1
93 34
90 1
62 1
96 1
144 1
52 1
32 1
118 1
124 34
94 1
142 1
10 1
43 1
48 1
136 1
14 1
15 1
36 1
73 1
25 1
101 1
64 1
17 1
18 1
126 1
run time cost of algorithm DRT_BD is 0.013094seconds
