1190800 109 66
0 34
1 34
2 34
3 34
4 34
5 34
6 34
7 0
8 34
9 34
10 34
11 34
12 34
13 34
14 34
15 34
16 34
17 34
18 34
19 34
20 34
21 34
22 34
23 34
24 34
25 34
26 34
27 34
28 34
29 34
30 34
31 34
32 34
33 34
34 34
35 34
36 34
37 0
38 34
39 34
40 0
41 34
42 34
43 34
44 0
45 34
46 34
47 34
48 34
49 34
50 34
51 0
52 8
53 34
54 0
55 0
56 34
57 34
58 34
59 34
60 34
61 34
62 34
63 34
64 34
65 34
66 34
67 34
68 34
69 34
70 34
71 34
72 34
73 34
74 34
75 34
76 34
77 34
78 34
79 34
80 34
81 24
82 34
83 34
84 34
85 34
86 34
87 34
88 34
89 34
90 34
91 34
92 34
93 34
94 34
95 34
96 34
97 34
98 34
99 0
100 34
101 0
102 34
103 34
104 34
105 34
106 0
107 34
108 0
109 34
110 34
111 8
112 34
113 34
114 34
115 34
116 34
117 0
118 34
119 34
120 34
121 24
122 34
123 34
124 0
125 34
126 24
127 34
128 34
129 34
130 34
131 0
132 34
133 34
134 34
135 24
136 34
137 34
138 34
139 34
140 34
141 34
142 34
143 34
144 34
145 34
146 34
147 8
148 24
149 34
150 34
151 34
152 34
153 34
154 34
155 34
156 0
157 34
158 34
159 34
160 34
161 34
162 34
163 34
164 34
165 34
166 34
167 34
168 34
169 8
170 24
171 24
172 34
173 24
174 34
175 34
176 34
177 34
178 34
179 34
180 34
181 34
182 34
183 34
184 34
185 34
186 34
187 34
188 34
189 0
190 34
191 34
192 24
193 34
194 34
195 34
196 34
197 34
198 34
199 34
200 34
201 34
202 34
203 34
204 34
205 0
206 34
207 24
208 34
209 34
210 34
211 24
212 34
213 34
214 34
215 34
216 0
217 34
218 34
219 34
220 24
221 0
222 34
223 34
224 34
225 34
226 24
227 24
228 34
229 0
230 34
231 34
232 34
233 24
234 34
235 34
236 34
237 34
238 0
239 24
240 0
241 34
242 34
243 34
244 24
245 24
246 24
247 24
248 34
249 34
250 34
251 24
252 24
253 34
254 24
255 34
256 24
257 34
258 24
259 34
260 34
261 34
262 34
263 24
264 34
265 34
266 34
267 34
268 24
269 24
270 34
271 24
272 34
273 34
274 34
275 34
276 34
277 34
278 34
279 34
280 34
281 34
282 34
283 8
284 34
285 34
286 34
287 34
288 24
289 34
290 24
291 34
292 34
293 34
294 24
295 34
296 34
297 8
298 24
299 34
300 34
301 34
302 34
303 34
304 34
305 0
306 34
307 34
308 34
309 34
310 24
311 24
312 34
313 34
314 8
run time cost of algorithm SM_CTP is 0.276756seconds
