6332800 120 60
0 29
1 29
2 34
3 41
4 29
5 29
6 41
7 29
8 29
9 29
10 29
11 29
12 29
13 29
14 0
15 29
16 29
17 41
18 34
19 29
20 29
21 29
22 29
23 29
24 29
25 29
26 29
27 29
28 29
29 34
30 29
31 41
32 34
33 41
34 41
35 29
36 29
37 34
38 29
39 29
40 41
41 0
42 41
43 29
44 41
45 34
46 29
47 29
48 41
49 29
50 29
51 29
52 29
53 29
54 29
55 34
56 29
57 41
58 29
59 0
60 29
61 34
62 29
63 29
64 29
65 29
66 29
67 29
68 41
69 29
70 29
71 29
72 29
73 29
74 41
75 29
76 29
77 29
78 34
79 29
80 29
81 29
82 34
83 29
84 29
85 0
86 41
87 0
88 29
89 29
90 29
91 29
92 0
93 41
94 29
95 29
96 29
97 41
98 34
99 29
100 0
101 29
102 34
103 29
104 29
105 29
106 41
107 29
108 34
109 29
110 29
111 41
112 29
113 29
114 29
115 29
116 29
117 29
118 0
119 29
120 29
121 29
122 29
123 29
124 29
125 29
126 29
127 29
128 29
129 41
130 29
131 29
132 41
133 29
134 29
135 29
136 29
137 29
138 29
139 41
140 29
141 41
142 41
143 29
144 29
145 29
146 29
147 0
148 29
149 34
150 34
151 29
152 29
153 29
154 41
155 41
156 0
157 34
158 29
159 29
160 29
161 29
162 29
163 0
164 41
165 29
166 0
167 29
168 0
169 29
170 29
171 29
172 29
173 29
174 41
175 41
176 29
177 29
178 29
179 0
180 29
181 0
182 29
183 29
184 29
185 29
186 29
187 29
188 34
189 29
190 29
191 41
192 41
193 29
194 29
195 29
196 29
197 29
198 29
199 34
200 29
201 29
202 29
203 34
204 29
205 29
206 29
207 29
208 29
209 41
210 29
211 29
212 0
213 41
214 29
215 29
216 0
217 34
218 29
219 29
220 29
221 0
222 29
223 29
224 29
225 29
226 29
227 29
228 41
229 29
230 41
231 29
232 41
233 41
234 41
235 41
236 41
237 29
238 41
239 29
240 29
241 29
242 29
243 29
244 29
245 29
246 41
247 41
248 29
249 41
250 41
251 29
252 29
253 41
254 41
255 41
256 29
257 29
258 29
259 41
260 29
261 29
262 29
263 29
264 29
265 34
266 29
267 29
268 34
269 29
270 29
271 29
272 29
273 41
274 29
275 41
276 29
277 29
278 29
279 41
280 29
281 29
282 29
283 29
284 29
285 29
286 29
287 29
288 29
289 0
290 29
291 29
292 29
293 29
294 29
295 29
296 29
297 29
298 41
299 29
300 29
301 29
302 41
303 29
304 29
305 29
306 29
307 29
308 29
309 29
310 29
311 29
312 29
313 29
314 29
315 29
316 29
317 29
318 29
319 29
320 29
321 29
322 29
323 41
324 29
325 29
326 29
327 41
328 29
329 29
330 29
331 29
332 29
333 34
334 0
335 29
336 29
337 29
338 29
339 0
340 29
341 29
342 29
343 41
344 41
345 29
346 29
347 41
348 41
349 41
350 0
351 41
352 41
353 41
354 41
355 41
356 41
357 41
358 41
359 41
360 41
361 41
362 41
363 0
364 41
365 41
366 0
367 41
368 0
369 41
370 41
371 34
372 41
373 41
374 41
375 41
376 41
377 0
378 41
379 41
380 41
381 41
382 0
383 41
384 41
385 41
386 41
387 41
388 41
389 41
390 34
391 41
392 41
393 41
394 41
395 41
396 41
397 0
398 41
399 41
400 41
401 41
402 41
403 41
404 29
405 41
406 41
407 41
408 41
409 0
410 41
411 34
412 0
413 0
414 41
415 41
416 41
417 41
418 41
419 41
420 41
421 41
422 41
423 41
424 0
425 41
426 41
427 41
428 0
429 41
430 41
431 41
432 34
433 41
434 34
435 41
436 41
437 41
438 41
439 41
440 41
441 29
442 41
443 41
444 41
445 41
446 41
447 41
448 0
449 41
450 0
451 41
452 34
453 41
454 41
455 41
456 0
457 41
458 41
459 41
460 34
461 41
462 41
463 41
464 41
465 41
466 41
467 41
468 41
469 41
470 41
471 41
472 41
473 0
474 34
475 41
476 41
477 41
478 41
479 41
480 41
481 41
482 41
483 41
484 41
485 41
486 41
487 41
488 41
489 41
490 41
491 41
492 41
493 41
494 41
495 34
496 41
497 34
498 41
499 34
500 34
501 41
502 34
503 34
504 34
505 34
506 34
507 34
508 34
509 34
510 34
511 0
512 34
513 41
514 34
515 34
516 34
517 34
518 34
519 34
520 34
521 34
522 34
523 34
524 34
525 34
526 34
527 34
528 34
529 34
530 34
531 34
532 34
533 34
534 34
535 34
536 0
537 34
538 34
539 34
540 34
541 34
542 34
543 34
544 34
545 0
546 34
547 34
548 34
549 34
550 34
551 34
552 34
553 34
554 34
555 34
556 34
557 34
558 34
559 34
560 0
561 34
562 34
563 34
564 34
565 41
566 34
567 34
568 34
569 34
570 34
571 34
572 34
573 34
574 34
575 34
576 34
577 34
578 34
579 34
580 34
581 34
582 34
583 34
584 34
585 41
586 34
587 34
588 34
589 34
590 34
591 34
592 34
593 34
594 34
595 34
596 34
597 34
598 34
599 34
600 34
601 34
602 34
603 34
604 34
605 34
606 34
607 34
608 34
609 34
610 34
611 0
612 34
613 34
614 34
615 34
616 34
617 0
618 0
619 34
620 34
621 34
622 34
623 34
624 34
625 34
626 34
627 34
628 34
629 34
630 34
631 34
632 34
633 34
634 34
635 34
636 34
637 34
638 34
639 34
640 34
641 34
642 34
643 34
644 0
645 34
646 34
647 34
648 0
649 34
650 34
651 34
652 34
653 34
654 34
655 34
656 34
657 34
658 34
659 34
660 34
661 34
662 34
663 34
664 34
665 34
666 34
667 34
668 24
669 24
670 24
671 24
672 8
673 24
674 34
675 24
676 24
677 34
678 24
679 24
680 24
681 24
682 0
683 8
684 24
685 34
686 8
687 34
688 24
689 24
690 24
691 24
692 24
693 34
694 24
695 24
696 24
697 24
698 24
699 24
700 0
701 24
run time cost of algorithm SM_CTP is 1.7927seconds
