1149600 170 48
272 34
687 9
180 9
786 9
787 9
329 9
556 9
104 9
401 34
421 9
69 9
834 9
476 9
290 34
295 9
308 9
135 9
672 9
95 9
87 9
462 9
468 9
848 9
499 9
607 9
575 9
219 9
370 34
242 9
386 9
110 9
343 9
522 9
388 9
325 34
405 9
658 9
266 9
483 6
409 34
546 9
587 9
764 9
415 9
359 34
474 9
270 9
776 9
506 9
332 9
35 6
475 9
746 9
714 9
428 9
162 34
367 9
321 9
18 9
72 9
151 9
829 9
442 9
284 9
122 9
448 6
387 9
390 9
61 9
202 9
783 9
60 9
555 34
644 9
341 9
5 9
44 6
191 34
596 9
145 9
80 9
762 9
274 9
398 9
657 9
411 9
385 9
729 34
681 9
259 9
662 9
375 9
670 9
600 9
735 9
671 9
50 9
249 9
210 9
835 9
397 9
395 9
560 9
633 9
747 9
311 9
439 9
176 9
500 9
831 9
614 9
737 9
664 9
98 9
383 9
682 9
137 9
549 9
615 9
404 9
797 9
718 9
445 9
449 9
161 9
129 9
185 9
519 9
243 9
854 6
619 9
381 34
111 9
108 9
174 6
768 9
620 9
192 9
458 9
685 9
3 9
315 34
435 9
92 9
410 9
431 9
76 9
79 9
730 9
30 9
4 6
758 9
190 9
669 6
353 9
333 9
263 9
576 9
771 9
833 9
778 34
222 9
838 9
94 9
630 9
47 9
552 9
601 6
683 9
55 9
56 9
288 34
302 9
17 9
103 9
234 9
149 6
513 9
224 9
774 34
324 9
337 9
345 9
680 9
371 9
663 6
812 34
822 9
418 9
826 9
70 9
632 9
467 9
193 9
43 9
37 9
846 9
26 9
604 9
761 9
760 9
561 9
584 9
204 9
0 9
541 9
300 9
649 9
796 9
780 9
179 6
42 34
594 9
711 9
310 9
456 9
358 9
63 9
455 9
446 9
660 9
203 9
197 9
265 9
856 9
777 9
504 9
258 34
479 9
117 9
354 9
605 9
304 9
666 9
186 34
719 9
157 9
824 9
703 9
158 34
342 9
798 9
163 9
617 9
748 9
338 9
143 9
127 9
639 9
142 9
675 6
641 9
384 6
515 9
438 9
514 9
608 6
845 9
586 9
412 34
650 6
523 34
65 9
53 9
570 34
399 9
54 9
694 9
661 9
400 9
739 9
813 9
528 9
618 9
489 9
840 9
184 9
568 9
366 9
495 9
194 9
15 9
553 34
740 9
139 9
805 9
516 9
472 9
537 34
539 9
361 9
759 9
827 9
114 9
382 9
756 9
289 9
297 9
585 9
571 9
569 9
90 6
196 9
673 9
189 9
85 9
357 9
825 9
138 9
330 9
485 9
147 9
804 9
294 9
106 9
45 34
690 9
298 9
48 9
721 9
195 34
674 9
305 9
351 9
81 9
793 9
654 9
67 9
328 9
542 34
279 6
791 6
622 9
724 34
517 9
201 9
547 9
278 9
181 9
166 9
667 9
447 9
492 9
572 9
372 9
566 6
471 34
125 9
722 6
322 8
128 9
229 9
416 6
595 9
230 34
293 9
307 9
709 6
593 9
767 34
716 9
705 6
453 34
602 9
378 9
16 9
377 34
533 9
318 9
287 9
857 9
792 9
260 9
286 9
723 34
505 9
592 9
443 9
465 6
88 9
86 9
227 6
642 6
323 34
684 6
57 6
581 9
154 9
255 9
508 9
488 9
628 9
306 9
22 9
636 9
437 9
655 9
420 9
126 9
319 6
7 9
336 9
136 6
312 6
782 9
530 9
31 6
613 9
396 9
752 9
347 9
598 9
480 9
40 6
380 9
82 9
712 6
38 6
799 9
819 9
490 9
772 9
816 9
626 9
344 9
425 9
460 9
52 9
257 9
509 9
646 6
765 34
634 9
97 9
853 9
71 9
749 9
209 6
545 9
591 9
225 9
525 6
743 9
362 9
738 9
123 9
256 6
609 9
62 9
59 34
507 6
727 9
175 9
532 9
691 9
124 9
496 9
784 9
851 34
518 9
247 34
717 9
273 9
597 9
198 9
559 9
478 9
621 9
481 9
423 34
233 6
292 6
331 9
301 9
836 9
638 9
107 34
317 9
548 9
172 9
755 34
314 9
498 6
627 9
134 9
77 34
806 9
236 10
588 9
14 34
843 9
99 9
623 9
565 9
668 9
686 9
803 9
391 9
697 9
326 9
368 9
24 9
436 34
156 9
235 9
610 9
339 9
1 9
745 9
810 9
231 9
153 9
529 9
183 34
46 34
527 34
502 9
637 9
148 34
708 9
754 9
699 9
23 9
352 9
115 9
105 9
28 9
808 9
741 9
536 9
419 6
558 9
540 9
10 9
710 6
232 9
369 6
452 9
141 9
363 34
766 9
417 9
116 9
577 9
751 9
215 9
720 9
538 9
744 9
567 6
214 9
291 9
466 9
213 9
228 6
402 9
847 9
2 9
167 9
742 9
494 9
844 34
725 34
355 6
414 9
590 6
348 9
221 9
12 9
133 9
427 6
461 6
837 9
121 9
119 9
6 6
165 9
849 9
612 9
611 6
36 9
429 9
34 9
477 6
503 9
454 9
211 9
573 9
64 6
695 9
200 6
188 9
132 9
789 9
168 9
524 6
603 9
731 9
146 9
340 9
313 34
648 6
246 6
164 34
244 9
665 9
557 6
334 34
512 9
277 9
8 9
335 6
469 9
89 9
216 9
732 9
457 34
150 9
9 9
360 9
261 9
769 9
171 9
821 9
21 34
170 9
775 6
281 9
463 9
814 9
285 9
631 6
653 34
652 9
698 6
113 9
120 9
704 9
794 9
520 9
39 6
785 9
521 9
140 9
217 9
625 34
51 9
487 9
640 9
264 9
734 9
579 6
757 9
616 6
20 6
562 9
187 9
700 9
830 9
815 9
327 9
320 9
66 9
606 9
393 9
408 34
413 9
73 9
182 9
726 9
728 9
373 9
733 9
296 9
702 9
510 9
486 6
677 9
651 9
790 9
248 9
693 9
582 9
811 9
583 9
206 9
551 9
544 9
238 9
656 9
32 9
484 9
692 9
75 9
434 6
440 9
130 9
696 9
112 9
750 9
823 9
346 9
152 6
491 9
534 9
160 9
27 34
406 34
550 6
253 9
169 9
11 34
855 9
212 9
268 9
271 9
858 6
441 9
624 9
178 9
763 9
374 6
574 9
818 9
205 9
364 9
820 6
424 9
800 6
645 9
531 9
770 9
144 9
450 10
303 6
309 9
736 6
239 6
68 9
689 6
852 6
240 9
589 6
102 9
173 9
226 9
118 9
269 9
275 6
564 9
432 9
779 9
25 9
282 6
19 9
832 9
802 9
535 9
753 6
349 9
433 10
109 9
713 6
635 9
817 9
29 9
578 34
842 34
706 9
430 9
283 9
807 9
394 6
101 9
459 6
199 9
356 9
422 9
83 9
473 9
78 9
218 9
155 9
74 9
688 34
647 9
299 9
701 9
250 9
251 34
501 9
643 9
58 9
795 9
543 6
841 6
177 6
280 9
497 9
676 9
376 9
464 9
49 9
451 9
629 34
403 9
93 9
809 34
100 34
96 9
91 9
444 9
159 9
208 34
470 9
781 9
350 9
563 9
493 9
13 34
426 6
580 9
715 9
392 9
389 34
773 9
407 9
801 9
365 9
84 9
554 9
220 6
828 6
707 9
252 9
511 6
41 34
526 6
482 9
839 9
599 9
131 9
788 9
33 6
659 9
379 6
207 9
678 6
679 6
223 6
850 6
237 6
241 9
245 9
316 9
254 9
262 9
276 9
267 6
run time cost of algorithm DRT_AG is 0.008408seconds
