614300 170 38
62 25
334 25
274 34
211 9
93 41
6 9
266 25
311 41
277 25
292 25
233 25
70 25
194 25
176 25
12 25
256 25
26 25
373 9
24 25
262 25
61 9
155 25
343 25
90 25
162 25
181 34
2 25
185 25
154 25
312 34
102 34
296 25
73 25
353 34
72 9
217 9
121 41
116 25
138 25
368 41
34 25
196 25
174 25
324 25
208 25
379 25
16 25
135 25
67 25
91 25
131 9
307 25
219 25
213 25
160 25
21 25
19 25
94 25
243 25
319 25
232 25
152 41
39 25
159 25
237 25
272 25
214 25
327 34
193 25
117 9
97 25
372 25
346 9
173 9
234 25
165 25
161 41
46 25
87 41
13 25
139 9
357 25
258 25
240 41
289 34
293 9
146 41
378 25
335 25
198 9
7 34
5 25
57 25
60 25
111 25
180 25
147 25
43 9
356 25
27 41
11 25
169 41
199 25
9 25
32 25
273 41
337 25
8 25
317 25
236 41
110 9
349 25
179 41
88 41
31 25
223 25
371 25
128 9
203 25
95 8
227 25
339 9
275 34
332 41
306 34
301 41
105 9
153 9
64 25
318 41
36 25
376 34
229 25
267 25
54 25
15 25
377 41
224 25
141 34
374 25
300 34
186 25
215 41
355 25
104 25
140 25
99 25
263 41
226 25
145 41
184 25
81 25
177 41
254 25
239 41
28 25
326 37
221 34
3 25
151 9
132 25
123 25
338 25
35 25
222 25
246 34
362 41
58 41
168 9
340 34
268 41
0 25
42 9
78 34
212 41
85 25
98 41
112 25
120 25
288 41
143 41
291 25
129 25
265 25
37 41
249 25
257 41
351 41
1 9
375 25
286 25
103 25
331 34
89 25
80 41
14 34
308 25
40 41
114 25
320 25
96 41
228 41
157 9
260 37
106 25
282 25
66 25
69 41
310 25
79 34
210 41
75 25
252 41
22 25
322 34
71 25
253 25
49 34
190 25
122 41
133 25
206 41
325 34
74 25
207 25
171 25
365 41
259 34
156 25
164 41
269 25
191 25
280 9
115 25
321 25
366 34
216 25
47 25
118 25
202 41
59 9
68 25
76 9
86 41
294 41
278 25
45 25
342 9
55 41
192 34
323 41
381 9
205 41
299 25
242 9
50 9
305 41
200 41
333 25
188 25
84 25
261 25
83 41
329 34
56 34
247 41
309 25
271 25
303 25
354 9
220 25
4 41
287 25
183 9
100 9
108 41
167 34
51 25
350 34
126 41
276 41
29 41
119 9
10 37
52 9
341 25
149 9
77 25
82 25
124 9
270 25
230 41
18 34
364 34
290 25
44 25
347 41
336 25
197 25
125 34
316 41
23 25
218 41
360 25
345 25
195 25
150 34
92 25
172 9
283 9
352 34
109 41
245 37
20 34
248 41
369 41
250 41
231 25
33 25
313 41
244 25
101 34
328 25
241 41
314 25
315 25
148 25
38 9
344 9
182 25
295 41
367 34
297 25
298 34
302 41
158 41
142 25
285 25
41 9
255 9
166 25
65 25
63 25
370 41
53 8
281 25
363 25
251 25
201 41
264 25
235 41
144 34
107 41
380 25
137 41
136 41
170 25
358 9
359 9
48 25
279 25
189 41
187 41
30 25
304 25
175 25
113 34
130 25
209 34
204 25
134 25
238 25
163 25
17 34
225 25
361 9
348 25
127 41
330 41
25 41
178 6
284 34
run time cost of algorithm DRT_AG is 0.002139seconds
