363700 161 46
208 9
204 9
151 9
84 9
283 9
267 9
103 9
13 9
190 9
188 9
221 9
8 9
281 9
246 9
104 9
153 9
180 9
235 9
244 34
243 9
113 9
189 9
101 9
161 9
30 9
174 9
32 9
197 9
89 9
105 9
62 9
71 6
137 6
78 9
19 9
203 34
155 9
269 9
3 9
274 9
279 9
284 9
76 9
218 9
179 9
245 9
223 9
15 9
165 9
157 9
232 9
238 9
98 9
268 9
252 9
102 9
72 9
35 9
50 9
230 9
168 9
200 34
97 34
147 9
79 9
134 9
47 9
225 9
270 9
217 9
211 9
149 9
286 34
271 9
257 6
6 9
38 9
166 9
111 9
228 9
171 9
56 9
249 9
94 9
191 9
292 34
150 9
80 9
262 9
254 9
53 9
117 9
261 9
210 9
9 9
46 9
290 9
66 6
18 9
81 9
181 9
87 9
63 9
136 9
178 9
88 9
213 9
14 9
160 9
140 9
173 9
227 9
183 9
138 9
99 9
12 9
131 9
199 9
112 9
276 9
216 9
96 9
1 9
41 9
209 9
55 9
187 9
83 9
16 6
259 9
75 34
229 9
68 9
10 9
124 9
67 9
107 9
52 9
146 9
64 9
231 9
167 9
285 9
128 9
182 9
40 34
250 9
162 9
122 9
20 9
26 9
24 9
158 9
159 9
196 9
251 9
273 9
202 6
226 9
110 9
144 9
119 9
25 34
42 9
39 9
121 9
152 9
247 9
176 9
239 9
234 9
93 9
266 9
85 9
240 9
255 9
289 9
143 34
248 6
164 9
43 9
141 9
236 9
44 9
133 9
287 9
169 9
11 9
263 9
222 34
198 9
37 9
253 9
108 9
49 9
59 9
77 9
139 9
195 9
22 9
27 9
175 34
135 9
193 34
260 9
123 9
73 9
177 34
114 9
7 9
280 9
278 9
265 9
92 9
219 9
116 9
28 9
291 34
242 9
275 9
2 9
184 9
194 9
33 34
142 9
206 9
129 9
54 9
70 9
241 9
132 9
65 9
277 9
21 6
215 9
34 9
258 9
212 9
91 9
237 9
109 9
29 9
86 9
100 34
130 9
170 9
23 9
125 9
57 9
31 9
201 6
214 9
58 9
60 34
4 9
115 9
118 9
272 9
95 9
127 9
205 9
207 9
256 9
156 9
90 9
74 34
163 9
192 9
172 34
69 9
186 9
224 9
220 9
233 9
282 9
48 9
264 9
154 9
120 9
36 9
106 9
185 6
17 9
45 9
5 34
51 9
61 9
0 9
126 34
148 9
82 9
145 9
288 9
run time cost of algorithm DRT_AG is 0.00121seconds
