3500000 170 52
491 9
492 9
42 9
253 9
377 9
289 9
71 9
75 9
80 9
417 9
107 9
675 9
110 34
122 9
149 34
562 9
144 9
555 9
576 9
552 9
535 9
533 9
448 9
594 9
93 9
309 9
471 9
6 9
482 9
54 9
2 9
39 9
571 9
735 9
405 9
494 9
711 9
69 9
276 9
502 9
322 9
765 9
543 9
140 9
358 9
568 9
623 9
214 9
433 9
532 6
213 9
669 9
112 9
680 9
629 9
457 9
52 34
703 9
516 9
673 9
668 9
729 9
374 9
406 9
396 9
466 9
356 9
223 9
86 9
160 9
732 9
650 9
11 9
180 9
695 9
366 9
398 9
473 9
30 9
506 9
37 9
443 9
33 9
150 9
490 9
221 9
519 9
314 9
375 9
587 34
454 34
32 9
364 9
284 34
235 9
679 9
472 9
199 9
666 9
70 34
340 9
390 9
225 9
318 9
549 9
170 9
407 9
554 9
161 6
616 9
370 9
344 9
404 9
744 9
175 9
512 9
561 9
611 6
649 9
461 9
204 9
371 9
544 9
74 9
248 9
111 9
343 9
345 9
622 9
339 6
121 6
657 9
654 9
246 9
252 9
209 9
44 9
683 9
757 9
742 9
182 9
96 9
35 9
632 9
566 9
23 6
165 9
712 9
24 9
694 9
328 34
4 9
242 9
341 9
127 9
89 9
541 9
132 9
651 9
523 9
653 9
174 34
662 9
287 9
238 9
368 9
495 9
139 9
3 9
384 9
598 9
716 9
416 9
76 34
206 9
426 9
619 6
501 9
577 9
381 9
359 9
27 9
425 9
183 9
247 9
295 9
686 9
455 9
452 9
220 9
197 9
329 9
709 6
61 9
172 9
489 9
708 9
432 9
28 9
271 9
231 6
349 9
684 34
444 9
350 9
658 9
670 9
230 9
465 9
739 9
411 6
103 34
451 6
586 9
499 6
49 9
659 9
685 6
635 6
696 9
36 9
330 9
373 9
324 9
163 9
279 9
701 9
504 9
641 6
706 9
589 9
625 9
228 9
528 6
264 9
311 9
263 9
19 9
337 9
257 9
509 9
78 9
306 9
275 9
606 9
95 34
517 9
250 9
307 9
593 9
570 9
77 9
234 34
45 9
665 6
382 9
148 9
255 9
592 6
453 9
743 9
194 6
645 9
510 9
595 34
637 9
462 9
266 9
22 9
124 9
661 6
162 9
727 9
305 9
207 6
219 9
291 9
268 6
38 6
763 9
369 9
152 9
550 9
484 9
299 9
477 6
224 9
646 9
740 9
422 9
634 9
538 9
277 34
486 9
507 9
10 9
584 9
408 6
7 9
261 9
667 6
262 9
14 34
601 6
50 9
702 9
21 34
191 9
764 34
244 9
599 6
59 9
572 9
450 9
440 9
53 9
674 9
229 9
420 9
609 9
91 9
699 9
97 9
700 9
590 10
441 9
585 6
90 9
254 9
269 9
325 9
456 9
363 9
186 9
188 9
697 9
18 6
574 9
728 9
556 9
372 6
713 9
338 9
361 9
212 6
120 9
304 9
640 9
280 9
58 34
692 9
151 9
628 9
168 9
286 9
68 9
766 9
297 6
747 9
123 9
573 6
761 6
737 9
153 9
459 9
442 6
303 9
474 6
478 9
497 9
481 9
392 9
283 9
755 6
503 6
527 9
333 9
627 6
565 9
505 9
588 6
8 9
439 9
759 9
621 9
520 9
331 9
687 9
631 9
278 9
731 9
173 34
435 9
141 9
767 6
391 9
380 9
241 9
424 9
676 9
423 9
155 9
447 9
202 9
354 9
146 9
690 9
12 9
211 10
85 9
438 9
714 9
644 9
610 9
0 9
296 9
134 9
705 6
483 9
600 9
301 6
521 6
210 9
114 9
548 9
514 9
511 9
487 9
26 34
539 9
158 9
722 9
771 9
310 9
704 6
648 9
754 9
460 9
157 9
500 6
362 6
34 9
189 6
536 9
579 9
65 9
597 9
20 9
567 9
240 10
40 9
102 6
733 9
321 9
596 9
394 6
718 34
196 6
717 9
633 6
753 9
294 34
419 9
691 9
762 6
64 9
82 9
326 9
475 9
118 9
300 9
583 8
302 6
320 9
115 9
258 6
83 9
721 6
100 6
688 9
639 34
176 6
542 9
379 9
376 9
55 9
560 10
558 9
336 9
267 9
274 6
464 6
758 6
540 6
367 9
177 9
290 9
215 9
94 6
429 34
312 9
537 6
760 9
724 9
693 6
190 6
256 9
159 6
591 9
203 6
564 9
389 9
25 9
513 6
137 6
515 9
222 9
226 34
67 6
660 9
707 9
400 6
522 9
485 9
342 9
101 9
323 9
237 34
402 9
436 9
437 9
351 6
347 6
614 6
534 9
72 9
128 9
108 9
749 9
547 9
479 6
395 9
546 9
605 9
604 9
104 9
557 6
288 9
480 9
748 9
476 9
738 9
56 9
167 9
553 6
62 9
756 9
608 6
581 9
493 9
723 9
31 9
270 9
431 34
116 10
496 9
498 6
385 6
81 9
770 9
643 6
249 34
726 6
531 6
281 6
125 6
133 9
530 34
720 6
357 34
412 9
16 6
383 9
360 9
327 9
193 6
126 6
677 6
217 9
84 9
259 9
613 9
166 9
397 6
672 6
43 9
769 6
216 9
617 9
265 34
603 9
355 9
624 9
715 9
508 9
143 9
698 9
195 9
1 10
428 9
551 9
154 34
655 6
319 6
409 9
642 9
136 9
393 9
171 9
689 9
185 9
602 9
60 9
57 9
445 9
218 9
365 9
243 9
618 9
488 9
681 9
470 9
418 9
403 9
569 9
317 6
129 9
63 9
201 34
545 9
678 9
387 9
449 9
113 6
768 9
272 9
730 9
386 9
630 6
313 9
79 6
41 9
9 6
626 9
745 9
332 34
88 6
582 9
580 6
378 6
92 9
17 9
526 9
421 9
260 6
232 34
46 9
734 9
13 10
524 6
51 9
236 6
308 9
205 9
119 6
401 9
105 6
334 6
682 9
414 6
469 9
467 9
315 6
410 34
239 6
434 9
458 9
48 9
227 9
273 9
251 6
245 9
413 9
131 9
388 6
647 9
130 6
656 6
346 9
335 9
109 6
106 6
138 6
652 6
292 6
671 6
282 34
135 10
750 6
446 6
615 6
636 10
145 6
741 6
746 6
293 6
620 34
352 6
578 6
563 6
710 6
298 6
192 6
184 6
751 6
518 6
559 6
736 6
208 6
612 6
348 10
181 6
664 6
399 10
142 6
427 6
29 10
66 6
179 34
663 6
725 6
5 6
187 6
607 6
285 6
719 6
415 10
638 10
147 6
156 10
169 6
752 6
198 6
200 6
73 6
430 6
15 6
525 6
772 10
164 6
99 6
98 34
178 10
87 6
233 6
117 6
316 6
47 10
353 6
463 6
468 6
529 10
575 6
run time cost of algorithm DRT_AG is 0.006732seconds
