8172000 159 65
0 29
1 34
2 33
3 0
4 0
5 49
6 49
7 29
8 34
9 34
10 29
11 29
12 29
13 29
14 29
15 49
16 49
17 29
18 49
19 29
20 49
21 29
22 49
23 49
24 49
25 49
26 29
27 0
28 29
29 34
30 49
31 49
32 49
33 49
34 49
35 49
36 49
37 49
38 34
39 29
40 49
41 29
42 29
43 29
44 49
45 34
46 29
47 29
48 49
49 49
50 29
51 29
52 49
53 49
54 49
55 34
56 49
57 49
58 49
59 49
60 29
61 29
62 29
63 29
64 29
65 34
66 34
67 29
68 29
69 29
70 49
71 34
72 29
73 34
74 49
75 34
76 34
77 34
78 34
79 29
80 29
81 49
82 49
83 29
84 49
85 29
86 49
87 29
88 49
89 0
90 49
91 29
92 29
93 29
94 49
95 0
96 29
97 29
98 29
99 49
100 34
101 49
102 29
103 49
104 29
105 34
106 29
107 29
108 34
109 29
110 49
111 33
112 29
113 29
114 49
115 49
116 29
117 29
118 29
119 49
120 49
121 29
122 29
123 29
124 0
125 29
126 34
127 49
128 29
129 49
130 29
131 34
132 29
133 49
134 49
135 29
136 29
137 33
138 29
139 29
140 29
141 29
142 34
143 49
144 29
145 49
146 34
147 49
148 49
149 29
150 49
151 49
152 29
153 29
154 34
155 49
156 49
157 34
158 34
159 33
160 34
161 29
162 49
163 34
164 29
165 29
166 29
167 29
168 29
169 29
170 33
171 34
172 29
173 29
174 8
175 49
176 49
177 49
178 49
179 49
180 29
181 29
182 49
183 29
184 49
185 29
186 49
187 49
188 34
189 29
190 34
191 29
192 29
193 34
194 29
195 34
196 29
197 29
198 49
199 49
200 34
201 34
202 29
203 49
204 49
205 49
206 34
207 29
208 29
209 41
210 29
211 49
212 49
213 34
214 29
215 29
216 29
217 29
218 34
219 29
220 29
221 49
222 29
223 0
224 33
225 29
226 49
227 33
228 29
229 33
230 49
231 29
232 49
233 29
234 29
235 49
236 29
237 49
238 34
239 34
240 34
241 29
242 34
243 49
244 34
245 49
246 29
247 34
248 33
249 41
250 34
251 29
252 29
253 49
254 29
255 29
256 49
257 34
258 29
259 49
260 33
261 29
262 0
263 34
264 29
265 29
266 49
267 34
268 34
269 49
270 29
271 49
272 49
273 29
274 0
275 49
276 29
277 34
278 29
279 49
280 49
281 29
282 49
283 49
284 49
285 29
286 34
287 49
288 29
289 49
290 49
291 49
292 49
293 29
294 49
295 29
296 29
297 29
298 29
299 34
300 0
301 49
302 33
303 29
304 49
305 34
306 49
307 29
308 0
309 29
310 49
311 49
312 49
313 33
314 49
315 49
316 33
317 49
318 29
319 49
320 29
321 49
322 29
323 29
324 34
325 49
326 49
327 29
328 49
329 49
330 34
331 34
332 33
333 29
334 29
335 29
336 49
337 29
338 29
339 29
340 29
341 29
342 49
343 29
344 49
345 34
346 0
347 33
348 49
349 0
350 34
351 29
352 29
353 34
354 29
355 49
356 29
357 29
358 33
359 49
360 29
361 29
362 49
363 49
364 29
365 49
366 29
367 49
368 0
369 34
370 34
371 33
372 29
373 49
374 0
375 49
376 29
377 49
378 34
379 29
380 29
381 33
382 49
383 29
384 29
385 49
386 29
387 29
388 29
389 29
390 49
391 33
392 29
393 33
394 33
395 49
396 34
397 49
398 34
399 1
400 34
401 33
402 33
403 49
404 29
405 34
406 33
407 49
408 49
409 49
410 34
411 34
412 49
413 49
414 49
415 49
416 49
417 34
418 29
419 49
420 49
421 29
422 29
423 33
424 49
425 34
426 49
427 29
428 34
429 49
430 49
431 49
432 0
433 33
434 29
435 29
436 34
437 34
438 29
439 33
440 34
441 49
442 49
443 0
444 49
445 49
446 29
447 29
448 34
449 33
450 0
451 29
452 49
453 0
454 29
455 34
456 49
457 49
458 29
459 49
460 33
461 29
462 49
463 29
464 49
465 29
466 29
467 49
468 29
469 33
470 29
471 49
472 49
473 29
474 34
475 34
476 49
477 0
478 49
479 29
480 49
481 33
482 29
483 49
484 34
485 49
486 49
487 34
488 0
489 49
490 33
491 34
492 29
493 49
494 29
495 34
496 34
497 34
498 49
499 34
500 29
501 29
502 49
503 34
504 49
505 49
506 29
507 0
508 49
509 34
510 49
511 49
512 29
513 29
514 29
515 34
516 34
517 29
518 49
519 34
520 49
521 49
522 49
523 33
524 49
525 29
526 0
527 29
528 29
529 29
530 29
531 29
532 49
533 29
534 29
535 49
536 49
537 29
538 29
539 34
540 34
541 29
542 29
543 49
544 34
545 49
546 49
547 34
548 49
549 29
550 29
551 33
552 33
553 29
554 33
555 49
556 29
557 34
558 34
559 33
560 0
561 49
562 49
563 33
564 0
565 34
566 33
567 49
568 49
569 34
570 49
571 49
572 33
573 33
574 49
575 33
576 33
577 49
578 33
579 33
580 33
581 49
582 34
583 49
584 49
585 49
586 33
587 33
588 49
589 34
590 34
591 49
592 33
593 49
594 0
595 49
596 34
597 49
598 49
599 33
600 0
601 49
602 0
603 49
604 49
605 49
606 49
607 34
608 49
609 49
610 34
611 49
612 33
613 41
614 49
615 34
616 29
617 49
618 34
619 33
620 34
621 49
622 33
623 49
624 49
625 49
626 33
627 33
628 33
629 34
630 29
631 33
632 34
633 33
634 34
635 0
636 33
637 49
638 33
639 33
640 33
641 0
642 33
643 33
644 0
645 33
646 49
647 33
648 33
649 49
650 34
651 33
652 34
653 34
654 0
655 34
656 49
657 34
658 34
659 33
660 33
661 49
662 33
663 34
664 33
665 33
666 33
667 49
668 34
669 49
670 49
671 49
672 49
673 0
674 33
675 33
676 33
677 0
678 49
679 49
680 49
681 33
682 33
683 49
684 33
685 0
686 33
687 33
688 49
689 33
690 49
691 34
692 0
693 33
694 49
695 0
696 33
697 34
698 33
699 0
700 49
701 49
702 33
703 49
704 33
705 41
706 34
707 33
708 49
709 33
710 33
711 33
712 33
713 33
714 34
715 34
716 33
717 49
718 0
719 33
720 33
721 33
722 33
723 33
724 33
725 33
726 33
727 33
728 33
729 33
730 33
731 33
732 33
733 34
734 33
735 49
736 33
737 33
738 33
739 33
740 34
741 34
742 0
743 0
744 34
745 33
746 0
747 33
748 33
749 33
750 33
751 33
752 34
753 33
754 33
755 33
756 33
757 33
758 33
759 34
760 34
761 33
762 33
763 33
764 33
765 33
766 33
767 33
768 33
769 33
770 33
771 33
772 33
773 33
774 34
775 33
776 33
777 34
778 0
779 33
780 34
781 33
782 33
783 41
784 33
785 33
786 33
787 33
788 33
789 49
790 33
791 33
792 49
793 34
794 33
795 33
796 34
797 33
798 34
799 33
800 33
801 0
802 33
803 34
804 33
805 33
806 33
807 33
808 0
809 33
810 33
811 34
812 34
813 34
814 33
815 0
816 33
817 0
818 33
819 34
820 0
821 34
822 33
823 33
824 34
825 34
826 33
827 33
828 1
829 33
830 33
831 33
832 34
833 34
834 33
835 33
836 0
837 0
838 34
839 33
840 34
841 34
842 33
843 33
844 8
845 34
846 33
847 33
848 33
849 0
850 33
851 33
852 33
853 0
854 33
855 34
856 33
857 41
858 33
859 33
860 33
861 34
862 8
863 33
864 33
865 34
866 33
867 34
868 33
869 34
870 34
871 33
872 33
873 34
874 41
875 34
876 34
877 33
run time cost of algorithm SM_CTP is 2.9644seconds
