9864000 170 18
88 25
741 25
739 34
689 25
433 25
370 25
459 41
704 25
801 25
82 25
192 9
8 41
406 25
319 34
655 25
510 25
460 25
565 25
133 25
123 25
638 25
115 25
513 41
823 25
249 25
246 41
207 25
512 25
177 41
549 25
358 25
412 25
609 25
784 25
379 9
279 25
481 25
331 25
3 25
695 25
136 25
5 25
527 25
141 25
328 25
324 9
15 25
263 25
245 25
662 25
466 25
232 25
410 25
110 25
81 25
681 25
573 25
562 25
500 25
54 41
226 25
601 25
522 34
118 25
454 25
353 25
753 25
701 9
541 25
504 25
536 25
171 25
569 25
431 25
386 9
373 25
844 25
348 25
480 25
651 25
62 25
242 25
567 25
446 25
447 25
196 25
401 25
521 25
45 25
722 25
840 9
814 34
345 41
338 41
327 41
26 41
691 41
815 34
190 41
720 41
499 41
768 41
828 41
393 37
578 41
802 41
23 41
121 41
320 41
453 41
198 34
715 41
372 41
520 37
43 41
841 9
667 41
822 41
603 41
157 41
186 41
740 41
554 41
415 41
518 41
362 41
623 41
705 41
830 41
60 41
187 41
185 41
156 41
390 41
775 41
532 9
79 41
779 41
138 41
798 41
231 41
302 41
607 41
145 41
180 41
556 9
360 41
743 41
311 41
427 41
85 41
589 41
333 41
756 41
733 41
834 37
89 41
179 41
261 38
274 41
599 9
700 41
127 41
36 38
343 41
332 41
41 41
669 41
457 34
462 41
625 41
627 41
665 41
199 34
233 41
64 41
749 41
497 34
52 41
445 34
267 41
366 37
808 41
221 41
548 9
277 41
130 34
606 41
714 41
378 41
425 41
33 41
575 41
680 41
57 38
498 34
255 34
568 34
163 37
580 9
487 37
574 38
767 38
619 37
685 38
771 37
359 37
564 38
286 37
38 37
692 37
441 9
349 34
542 34
161 37
112 9
46 38
309 37
439 41
517 34
793 37
611 37
586 38
537 9
315 9
495 37
76 38
786 38
758 37
718 9
472 37
543 37
340 37
419 37
183 37
816 37
34 37
106 37
413 37
53 37
247 38
55 37
66 38
282 38
630 37
2 38
68 34
107 37
546 9
104 37
250 38
380 38
761 34
182 34
725 38
374 37
679 34
256 9
528 37
414 37
318 37
98 37
653 34
268 37
116 34
807 37
763 37
273 34
687 34
350 34
11 34
719 37
493 37
747 37
742 37
298 37
176 34
155 37
696 38
203 37
818 37
465 38
604 34
301 9
640 38
22 34
306 37
620 37
152 37
458 34
525 38
648 37
357 37
416 37
91 9
622 37
351 37
241 38
663 9
787 37
376 37
821 37
594 37
644 37
449 34
647 37
813 37
391 38
588 34
507 37
428 38
92 37
717 9
396 34
448 38
47 38
827 38
56 34
467 38
429 37
162 38
682 37
297 38
483 34
254 37
755 37
310 37
641 37
325 37
400 34
703 37
675 37
132 37
694 34
321 38
724 37
509 37
765 37
769 37
1 38
530 34
833 37
296 9
566 38
832 37
676 38
547 34
729 34
97 38
571 37
492 38
479 37
745 37
87 37
643 37
671 34
443 37
159 37
471 9
838 9
216 9
778 37
146 34
539 9
334 37
456 38
290 37
799 38
344 38
160 38
560 34
829 34
51 34
633 37
591 38
712 34
404 38
339 38
63 34
488 38
174 37
709 34
72 9
434 38
702 37
264 36
602 37
227 37
9 9
421 37
25 37
563 38
394 38
248 37
597 37
168 34
736 34
260 37
262 37
184 38
336 38
436 37
24 34
553 34
584 37
581 34
576 38
484 38
605 37
389 37
698 34
570 37
656 38
631 37
150 38
476 38
515 37
422 9
710 38
109 38
461 34
37 37
634 38
128 37
385 37
639 37
678 37
810 38
824 37
202 38
114 37
6 34
219 34
284 37
61 37
124 9
812 38
170 34
636 37
494 37
307 38
142 37
473 34
806 34
482 34
435 37
534 37
409 34
317 37
175 37
746 38
496 37
303 34
475 37
650 37
529 37
699 37
222 9
119 34
275 38
17 38
67 34
285 38
292 38
523 34
519 37
143 37
224 37
809 38
658 33
308 37
596 37
730 34
134 37
474 36
354 9
514 37
189 37
211 38
621 37
558 38
555 9
120 9
93 34
356 37
243 37
582 37
346 37
172 37
762 37
491 38
770 38
280 34
387 37
690 37
384 37
90 34
252 38
342 37
213 34
732 37
194 34
276 37
503 37
103 37
595 38
800 38
371 34
197 37
612 34
635 37
777 37
423 38
369 34
804 37
450 37
206 37
326 38
218 38
201 6
659 37
780 37
477 37
169 38
540 37
147 37
579 38
291 38
388 34
402 34
337 38
803 37
108 37
10 38
600 38
283 37
48 34
468 34
684 38
788 38
65 37
323 38
783 37
797 37
129 38
364 37
617 37
785 9
293 37
444 37
165 34
628 34
836 37
40 38
220 9
288 38
511 37
744 37
438 34
204 37
766 37
70 34
316 38
382 34
101 34
329 34
683 37
731 38
516 38
826 37
531 37
381 37
485 37
726 34
774 37
728 37
693 38
442 38
140 37
426 34
363 34
470 34
526 38
69 34
713 34
398 9
506 34
83 34
632 34
408 34
295 34
557 38
137 34
257 38
392 34
842 34
367 38
77 34
544 34
524 34
304 34
748 38
239 34
587 34
74 34
811 34
234 38
269 9
538 24
95 34
613 34
347 38
839 38
49 34
235 34
738 34
831 34
270 34
30 9
452 33
322 34
646 34
418 34
673 8
789 33
781 38
598 34
395 38
572 9
299 34
502 34
407 38
14 9
188 34
365 34
314 9
583 34
660 34
590 9
78 34
432 34
451 34
361 34
403 9
32 25
664 41
217 9
278 38
31 34
251 34
707 34
149 34
688 38
559 34
341 34
794 34
131 38
230 33
752 34
750 38
287 34
111 33
44 34
490 34
593 38
508 34
84 34
300 34
615 34
164 9
670 34
618 34
208 9
420 34
616 38
791 34
18 9
677 34
193 34
244 9
237 34
59 9
551 33
637 36
50 34
113 9
455 34
795 34
281 34
228 34
209 34
223 34
686 34
29 33
158 38
819 38
289 34
610 34
210 38
377 38
666 33
7 34
229 33
489 34
21 34
430 34
790 38
585 34
125 34
825 34
19 38
837 34
535 34
817 34
266 38
668 38
117 34
178 33
28 33
411 33
721 34
734 34
355 34
71 34
727 38
102 9
417 34
624 34
716 34
135 34
501 34
486 34
782 34
469 34
368 38
86 38
397 34
39 34
843 9
661 9
533 38
375 34
383 9
706 33
652 34
122 34
820 34
776 9
195 34
773 33
240 34
330 38
757 9
657 38
399 38
181 38
352 9
238 34
16 34
545 34
708 34
105 34
173 34
735 34
313 34
626 8
215 34
225 38
42 34
478 34
154 34
153 33
464 34
99 38
764 24
759 34
654 34
552 38
35 34
27 38
645 33
614 34
305 38
20 34
608 9
672 34
674 34
191 33
151 34
463 38
505 34
212 38
214 38
58 38
236 34
126 34
258 34
561 34
629 34
805 33
649 34
139 34
440 34
75 34
723 38
312 34
144 34
792 34
796 34
405 34
754 33
4 38
73 34
697 38
0 33
166 38
148 34
259 34
577 33
80 34
12 38
772 34
272 34
550 34
737 9
100 34
96 34
437 34
294 34
167 34
751 34
835 38
424 38
335 34
253 33
760 36
592 34
94 34
642 8
711 34
271 9
13 38
205 34
200 38
265 38
run time cost of algorithm DRT_AG is 0.007894seconds
