3242000 161 50
484 9
146 9
598 9
43 9
633 9
608 9
6 34
409 9
689 9
162 9
408 9
451 9
18 9
673 9
294 9
374 9
87 34
28 34
473 9
670 9
238 9
219 34
159 9
16 9
582 9
522 9
523 9
261 9
290 9
196 9
656 9
147 6
91 9
7 9
35 9
330 9
247 9
557 9
20 34
650 9
392 9
704 9
365 9
424 9
71 9
622 9
158 34
15 9
174 9
176 9
145 9
492 9
678 9
527 9
165 9
364 9
143 9
525 9
702 9
204 9
454 9
226 9
618 9
22 34
81 9
102 9
152 9
653 9
150 9
236 9
93 34
368 9
114 9
153 9
63 9
494 9
607 9
667 9
628 9
303 9
326 9
287 9
510 9
269 9
49 6
213 9
396 9
399 9
495 9
381 34
699 9
431 9
265 9
95 9
14 34
398 9
708 9
683 9
432 9
550 9
41 9
722 9
255 6
395 9
571 9
574 9
416 9
341 9
234 9
169 9
406 9
590 9
648 9
314 9
34 9
501 9
286 9
30 9
463 9
560 9
693 9
709 9
46 9
410 9
212 9
209 34
113 9
701 9
183 9
482 9
481 9
345 9
404 9
123 9
99 9
252 9
216 9
103 9
413 9
375 9
729 9
184 9
244 6
455 6
349 9
273 9
29 9
638 9
445 6
188 9
659 9
84 9
225 6
284 9
401 9
674 9
559 9
694 9
663 9
520 34
218 9
635 9
696 34
577 9
626 9
25 9
597 9
370 9
59 9
320 9
534 9
88 9
75 6
307 9
506 34
98 9
485 9
423 34
94 9
211 9
357 9
637 9
630 9
148 9
92 9
133 9
259 9
319 9
2 9
182 9
11 34
185 9
253 9
570 9
544 6
705 9
645 9
700 6
707 9
614 9
251 9
129 9
466 9
555 9
513 9
140 9
258 34
551 9
279 9
282 9
67 6
12 9
647 9
422 6
407 6
615 34
717 9
435 9
69 9
254 9
340 9
53 6
167 34
262 9
272 9
468 9
627 9
97 34
543 9
221 9
728 9
573 9
719 9
720 9
110 34
297 9
31 9
462 9
120 9
600 9
434 6
706 6
591 9
730 9
54 9
606 9
73 9
193 6
8 9
657 6
412 6
613 6
144 9
36 6
187 9
448 6
139 6
449 9
415 9
411 6
575 9
418 9
664 9
524 6
504 9
358 6
373 9
477 6
64 9
727 9
270 9
402 9
545 9
561 6
156 6
636 9
112 9
271 6
264 9
469 9
260 9
52 9
356 9
27 9
581 9
178 9
461 6
682 9
713 9
136 9
516 6
19 9
161 9
594 9
354 6
425 6
438 9
681 10
471 6
476 9
208 9
710 6
289 9
649 9
387 9
467 9
283 9
603 9
578 9
530 9
155 9
692 9
13 9
313 9
105 9
281 6
203 9
507 9
677 34
300 9
612 9
526 9
378 6
405 9
332 9
617 9
291 9
588 6
72 9
556 9
117 9
38 6
44 9
493 9
718 9
26 9
369 9
227 9
610 9
376 9
536 6
429 9
440 9
576 9
172 9
295 9
164 9
229 9
514 9
355 6
305 9
723 9
499 9
634 9
517 9
532 34
389 6
228 9
24 34
457 6
348 9
285 9
651 9
298 9
205 9
427 9
596 9
421 6
500 6
10 9
436 9
488 9
486 9
362 9
3 9
539 34
388 9
33 9
589 6
237 6
458 9
690 6
263 6
658 9
135 9
301 34
242 34
257 9
616 9
426 9
78 6
119 6
170 9
86 9
231 9
671 9
163 9
605 9
256 9
249 9
351 6
124 9
668 9
595 9
118 34
703 34
333 9
267 6
77 9
475 6
363 9
684 9
199 9
202 9
233 9
531 9
521 9
101 9
611 9
533 6
629 9
157 9
1 9
299 6
639 9
42 9
621 9
518 9
572 9
60 9
151 9
173 9
232 9
201 9
593 6
126 9
480 9
512 34
76 9
447 34
680 9
686 6
541 9
74 9
553 9
419 6
528 9
324 9
731 9
672 9
250 9
327 9
490 9
400 9
149 6
104 9
584 9
642 9
384 9
328 9
691 9
726 9
58 9
230 9
275 9
308 9
644 9
128 9
665 34
168 9
568 34
23 6
420 9
641 9
359 9
131 9
248 34
586 9
546 9
274 6
465 6
350 9
414 6
235 6
40 9
266 9
239 6
601 9
142 9
217 6
549 6
302 9
529 6
470 9
654 9
80 6
325 6
306 6
352 9
79 34
37 9
464 9
460 9
127 9
443 9
547 9
276 9
498 9
666 9
57 9
625 34
646 6
478 9
489 9
222 9
511 9
311 9
441 9
166 6
90 9
446 9
393 9
138 9
452 9
344 9
453 9
479 6
5 9
177 9
390 9
585 34
347 9
198 9
565 9
353 6
197 6
32 9
336 6
4 9
587 9
367 9
714 9
566 34
385 9
189 6
496 9
715 6
134 6
191 9
360 9
483 9
660 9
535 9
338 6
339 10
83 9
554 9
632 6
579 34
371 9
17 9
179 6
316 9
564 9
548 10
569 9
342 9
65 9
515 9
47 9
563 9
697 9
334 6
439 6
220 6
45 6
214 9
190 9
725 9
711 9
372 6
380 6
394 6
437 9
245 9
85 9
192 9
430 6
96 9
100 9
288 9
318 9
312 9
335 6
293 6
0 6
21 6
509 6
194 9
688 6
51 9
111 9
122 9
160 9
652 9
195 9
310 9
321 9
323 34
456 6
9 6
361 9
403 9
280 9
309 6
296 9
39 9
695 9
240 6
721 10
687 9
329 6
643 9
428 6
679 9
68 6
519 9
141 9
474 6
669 9
382 6
186 6
508 6
206 9
540 9
620 6
685 9
181 9
132 9
125 6
200 9
623 34
55 9
675 9
592 6
558 9
366 9
724 9
108 34
712 9
609 9
377 10
602 9
383 6
433 9
655 34
472 6
567 9
732 6
661 9
631 9
116 9
491 6
137 6
154 9
175 9
215 9
241 6
82 9
89 6
171 6
223 6
315 6
331 9
343 9
322 6
56 6
66 6
538 6
109 9
130 9
580 9
444 6
224 34
599 9
379 9
346 9
662 6
337 9
180 9
562 9
243 6
386 10
246 6
552 9
106 6
292 9
268 6
48 9
397 9
417 9
442 9
640 9
121 9
115 9
624 9
107 6
698 6
304 9
542 9
207 9
604 9
459 9
716 9
502 6
61 9
391 34
210 9
676 6
537 9
505 34
503 9
497 9
487 9
619 9
70 9
450 9
62 9
583 6
278 9
50 9
317 9
277 9
run time cost of algorithm DRT_AG is 0.006632seconds
