5120000 152 61
194 34
223 33
49 33
291 34
313 33
263 21
336 33
25 34
355 33
183 33
167 34
435 21
354 21
211 34
103 33
332 21
539 21
428 21
368 33
466 33
207 33
531 33
311 21
271 33
28 0
442 33
130 33
333 21
413 33
411 21
150 33
381 34
433 33
540 33
37 21
54 33
490 21
15 33
48 33
542 34
508 21
312 34
279 33
458 0
349 0
237 21
522 21
56 0
488 21
446 21
455 21
485 33
469 34
515 21
527 21
344 34
160 33
44 33
101 21
30 21
201 33
403 21
144 34
94 0
521 21
528 21
454 21
71 33
407 33
247 33
478 33
307 33
156 33
353 21
76 33
496 33
213 33
157 33
273 33
373 21
438 0
200 21
92 21
233 21
504 21
36 34
114 33
482 21
431 33
248 21
326 34
24 33
31 33
290 21
158 21
287 21
204 21
525 21
218 33
323 21
434 33
253 21
257 21
471 33
424 33
417 21
416 21
267 33
460 21
74 33
252 34
161 33
162 33
32 21
461 34
33 21
331 21
255 33
498 21
34 21
203 34
81 21
91 34
40 34
402 21
491 21
52 0
102 21
13 21
535 21
236 34
262 21
382 33
301 21
511 33
208 34
456 33
334 21
379 21
317 33
17 21
177 0
172 21
309 33
126 21
85 34
72 33
459 21
480 0
53 0
241 33
95 33
449 21
250 33
467 34
245 34
439 34
384 21
289 21
45 33
530 33
370 33
387 33
409 34
99 0
451 33
212 33
514 34
239 34
226 21
1 34
57 34
100 0
136 0
385 34
327 21
329 21
502 33
479 34
184 21
115 34
394 0
270 21
265 21
254 34
6 34
337 33
503 21
283 21
181 21
361 33
116 21
401 21
132 21
217 21
351 34
180 0
231 21
166 21
105 34
244 21
340 21
170 34
148 34
185 21
310 21
406 0
18 21
251 33
346 34
532 21
282 34
505 33
489 33
43 34
390 21
60 33
519 34
362 34
274 21
59 21
463 21
410 33
541 21
256 21
391 21
0 21
462 34
230 33
328 21
345 0
269 34
192 21
235 21
486 21
380 21
537 0
295 21
335 21
457 34
395 21
168 33
9 21
86 33
483 21
222 21
352 21
520 21
238 21
137 21
376 21
536 21
375 34
3 33
404 21
234 34
73 0
2 0
437 33
448 0
495 34
378 33
46 21
131 0
517 21
389 33
110 21
93 21
214 21
26 33
134 21
484 21
107 21
70 34
341 33
77 33
149 33
426 33
63 33
494 33
209 33
11 21
140 34
232 21
228 34
365 34
19 33
220 21
436 33
473 34
62 21
152 34
7 21
66 21
50 33
371 33
246 21
543 34
159 33
430 0
155 33
111 21
21 21
372 0
358 33
123 21
545 21
153 21
324 34
193 34
500 33
322 21
189 34
386 34
366 33
288 21
89 34
529 0
397 34
476 33
225 21
87 21
249 33
210 33
304 34
420 21
27 21
84 0
242 21
202 33
318 21
497 33
42 21
135 34
300 33
330 21
475 33
216 0
240 34
127 21
112 34
98 21
41 21
117 21
360 34
197 0
196 8
138 33
350 33
518 33
198 21
422 8
65 34
447 33
441 34
109 21
154 21
325 33
464 21
104 21
506 21
414 21
316 34
399 0
61 21
487 21
306 34
243 21
510 33
319 0
423 34
174 21
227 0
421 34
315 0
125 21
191 33
538 21
356 21
259 21
444 21
10 33
418 33
272 21
465 34
171 21
96 34
219 21
338 21
14 21
544 33
69 21
224 34
524 33
302 34
533 21
440 21
122 33
206 33
88 21
164 33
35 21
38 33
260 21
8 21
119 0
275 33
501 21
392 33
343 33
398 21
429 33
133 21
178 34
293 21
377 21
16 34
176 33
321 34
78 21
367 34
499 33
68 33
64 21
470 34
477 0
58 21
427 33
4 21
276 34
419 21
296 21
297 21
526 21
221 0
229 21
320 33
277 21
165 34
292 34
305 21
139 34
261 21
106 21
199 34
118 33
281 33
342 0
443 21
299 33
450 34
314 34
169 34
374 21
51 34
142 21
400 34
175 34
20 33
405 33
468 21
90 21
286 34
452 34
39 21
121 33
47 21
481 21
425 33
215 33
278 33
108 33
396 33
383 33
512 33
516 33
280 33
509 33
339 33
432 33
298 33
97 34
79 34
453 34
5 33
266 34
388 33
179 34
258 33
141 33
173 34
143 33
75 34
264 33
55 34
303 33
205 33
308 33
363 34
23 33
357 33
120 33
493 33
147 33
146 33
82 33
523 34
445 33
83 33
359 33
151 33
415 33
369 33
393 33
145 33
472 33
492 33
347 33
195 33
534 33
474 33
182 33
412 33
80 33
22 33
129 34
29 33
128 33
284 33
113 33
408 33
186 33
364 0
124 33
348 34
12 34
188 33
285 33
190 33
513 33
507 34
294 34
163 33
67 33
268 33
187 33
run time cost of algorithm DRT_BD is 0.145882seconds
