2481200 109 66
403 34
162 34
157 34
216 34
662 34
233 34
6 34
656 34
236 34
259 34
266 34
296 10
314 34
642 34
359 34
15 34
98 34
387 34
167 34
404 34
469 10
475 34
52 34
482 10
484 34
488 8
515 34
529 34
0 34
202 34
277 34
124 34
293 34
347 34
375 25
424 34
426 34
455 34
487 34
40 34
362 34
283 34
122 34
275 34
644 34
672 34
493 34
315 34
131 34
564 34
638 34
439 34
200 34
543 34
64 34
471 34
289 34
220 10
536 34
55 34
645 34
470 34
624 34
158 34
116 34
601 34
667 34
320 34
68 34
441 10
180 25
178 34
338 34
353 34
139 25
237 34
367 34
201 34
385 34
212 34
392 34
86 34
626 34
654 34
58 34
295 34
60 34
80 25
577 34
664 34
206 34
310 34
44 10
658 25
160 34
95 34
442 34
561 34
244 34
550 34
483 34
330 34
38 34
604 34
263 10
621 34
428 34
613 34
356 34
334 34
101 34
417 34
273 10
655 34
92 34
171 34
159 25
117 34
625 34
628 34
214 34
397 34
530 34
572 34
401 34
472 25
104 10
127 34
595 34
53 34
316 34
335 25
653 34
349 34
480 34
460 25
66 34
137 34
257 25
70 34
253 34
191 34
537 34
562 34
440 34
379 34
415 10
594 34
148 34
406 34
407 34
79 34
579 25
384 34
234 10
637 34
360 34
573 34
260 34
261 34
115 34
620 34
600 34
305 10
164 34
169 34
89 34
674 34
247 34
11 25
568 10
659 34
505 34
280 34
485 34
481 34
14 34
177 34
661 25
150 34
456 34
26 25
309 34
209 34
444 34
437 34
75 34
81 34
351 34
83 34
357 34
152 34
364 34
90 34
372 34
366 34
377 34
94 8
91 34
365 25
617 34
361 25
391 34
615 34
102 34
103 34
405 34
20 10
107 34
448 25
333 34
25 34
179 34
119 34
294 25
591 34
473 34
486 25
526 34
566 34
262 10
650 34
382 25
168 34
311 34
211 34
183 34
192 34
297 34
445 34
189 34
210 34
580 34
166 34
342 34
574 34
32 34
142 34
153 34
42 34
248 34
535 25
611 34
100 34
141 34
358 25
634 34
643 25
570 10
457 34
36 34
569 34
436 34
497 25
524 34
255 34
499 10
521 34
554 34
74 34
176 25
519 34
612 34
276 34
478 34
556 34
72 34
340 34
509 34
636 34
300 34
343 34
631 34
576 34
433 34
432 34
45 25
128 34
232 34
575 34
71 34
59 34
49 34
13 34
669 34
292 25
411 34
28 34
313 34
125 34
490 10
332 25
17 25
48 25
284 34
413 34
503 34
581 34
673 34
274 34
242 34
546 34
267 34
323 34
474 34
235 34
258 34
307 34
62 10
368 34
163 34
622 25
468 34
531 34
114 34
418 34
369 34
299 25
161 34
394 34
388 34
2 34
27 25
589 34
245 25
136 25
429 34
327 34
197 10
270 34
508 10
67 25
186 34
585 34
582 34
603 34
592 25
466 10
8 34
18 34
230 34
51 34
545 34
243 34
204 34
302 25
350 34
105 25
317 34
264 34
602 10
623 34
252 25
291 34
249 34
246 34
435 34
414 34
451 10
578 25
41 34
269 34
143 25
118 34
272 34
130 34
174 34
227 34
657 34
217 34
195 34
378 25
619 34
265 25
563 25
528 34
121 34
50 34
476 34
303 25
618 25
34 34
57 34
467 34
194 34
285 34
321 25
88 34
279 25
221 34
588 25
73 34
203 34
78 34
668 34
154 34
145 10
590 25
33 25
583 34
489 34
47 10
459 34
319 8
304 34
363 25
93 34
393 25
22 34
409 34
134 34
627 25
479 34
185 34
496 34
348 25
144 34
196 25
205 25
39 8
16 34
663 34
383 34
113 25
224 25
147 34
250 25
251 34
633 34
149 34
43 25
165 10
106 10
96 34
434 34
9 25
207 25
82 25
374 34
54 34
182 34
412 34
548 34
640 34
331 34
97 34
408 34
518 34
219 25
7 34
438 34
632 25
278 34
123 25
557 34
539 25
607 10
76 25
395 34
199 25
425 34
461 34
190 25
463 34
584 34
542 25
532 34
608 34
61 34
498 34
641 8
306 25
462 34
4 34
597 25
268 34
446 10
567 34
298 34
606 34
525 25
527 25
390 34
555 25
610 34
77 34
173 34
547 34
553 34
400 34
551 34
648 10
373 34
346 34
238 34
495 8
175 34
381 34
370 34
355 34
410 34
84 25
156 34
5 25
652 34
240 34
241 34
222 34
129 10
534 8
430 34
1 34
614 34
344 34
571 25
616 8
649 34
138 34
328 34
329 34
110 8
146 34
516 34
630 25
336 25
85 34
140 25
513 25
30 10
389 25
427 34
151 25
423 25
533 8
271 25
599 34
506 34
420 34
172 10
322 34
63 34
635 10
21 34
565 34
494 25
544 34
37 34
99 34
239 10
540 34
419 10
46 25
208 34
647 34
87 25
155 25
510 34
12 25
558 10
3 25
312 34
639 25
477 34
308 25
421 10
184 34
665 34
213 25
120 34
19 25
399 34
69 34
447 34
452 25
453 25
596 34
593 34
587 34
492 34
337 25
629 34
504 34
371 25
559 25
500 25
398 34
402 34
512 34
35 34
231 34
133 34
646 34
132 25
282 10
354 10
345 8
288 34
605 34
24 8
376 25
109 34
339 25
522 34
541 25
598 34
325 34
523 34
431 25
454 34
65 34
223 8
416 10
215 10
23 34
29 25
198 25
396 34
386 8
108 8
507 34
465 25
609 34
352 25
422 34
341 34
443 10
671 25
670 10
450 8
187 34
666 34
520 25
501 34
111 34
552 25
660 10
301 34
491 25
290 25
225 25
226 25
286 25
126 10
514 25
229 25
458 10
464 25
560 25
135 25
651 8
254 25
256 25
56 25
10 25
281 25
228 25
287 25
517 8
549 25
218 25
112 25
586 8
318 25
511 25
193 25
324 25
326 25
188 25
31 25
502 25
380 8
449 25
181 8
170 25
538 25
run time cost of algorithm DRT_BD is 0.271886seconds
