5764000 159 66
598 29
58 49
311 34
516 49
501 29
555 34
108 34
486 49
219 49
27 1
427 29
558 49
56 49
99 34
522 1
384 29
147 49
462 34
391 29
612 29
397 34
430 29
66 49
182 49
602 29
81 49
390 49
41 49
567 29
291 49
305 49
387 29
97 29
343 29
8 49
467 34
435 29
615 49
283 29
605 29
456 49
478 29
632 29
126 49
124 29
497 34
337 34
513 29
519 49
398 34
523 49
228 29
75 49
454 49
175 49
359 34
52 34
113 29
547 29
481 49
458 34
31 49
29 49
560 49
365 49
288 34
266 34
101 34
455 49
534 49
531 29
161 49
143 49
584 49
404 49
409 49
76 34
635 49
83 29
241 34
423 34
21 29
139 34
489 49
127 29
42 49
210 49
172 29
569 49
637 34
289 49
477 1
591 34
329 34
601 49
88 49
439 49
587 29
151 1
438 34
371 29
284 29
382 29
78 29
195 29
551 49
260 34
408 49
372 49
112 49
23 49
449 29
44 29
43 29
411 34
354 49
570 29
621 49
257 29
394 49
509 34
36 29
51 34
575 49
320 29
339 49
131 34
255 49
505 49
281 34
348 29
574 29
448 29
544 29
636 49
363 49
313 49
14 49
344 49
388 49
154 29
280 29
59 49
548 29
197 34
206 49
393 49
94 29
9 34
366 29
374 49
461 29
314 49
549 49
319 34
28 29
168 29
7 29
188 49
413 34
563 34
60 49
40 1
30 34
93 29
105 34
537 49
109 49
179 29
474 49
493 29
285 29
64 49
538 49
357 29
401 29
407 1
274 49
595 49
91 29
609 29
200 34
421 29
189 49
480 1
349 34
630 49
254 29
226 29
466 49
465 49
594 29
152 29
100 29
242 49
184 49
3 49
317 29
352 34
437 49
503 29
165 49
395 34
229 29
80 34
380 49
141 49
475 29
230 34
247 49
620 49
34 29
174 29
406 29
450 34
178 29
331 29
169 34
545 29
441 49
110 29
347 29
568 34
573 34
205 29
463 29
559 29
265 34
295 29
71 29
536 49
49 29
233 1
153 34
447 49
440 29
525 34
362 49
190 34
376 49
96 29
433 49
246 49
603 29
202 34
256 1
543 49
333 29
622 1
309 34
596 34
487 29
418 29
506 49
491 34
186 1
629 29
170 49
86 29
608 29
185 1
294 29
293 49
588 34
63 49
221 34
495 29
328 34
68 49
628 29
173 49
444 29
323 49
553 29
597 29
122 34
130 49
332 29
6 49
45 1
253 49
424 1
419 49
443 29
386 29
50 29
472 1
583 1
0 49
26 34
504 49
264 49
19 49
160 49
140 29
235 49
192 49
240 24
149 29
540 29
106 49
199 49
164 49
92 29
342 34
251 49
227 29
370 29
198 29
420 49
330 29
532 34
20 49
496 34
15 29
158 34
104 29
306 34
244 49
116 29
400 49
581 34
25 34
148 29
201 34
618 29
482 49
566 29
529 34
1 34
416 49
520 34
259 49
35 29
410 34
89 29
239 49
457 34
4 49
426 49
432 29
258 29
95 34
459 49
552 49
16 34
271 49
307 34
434 29
47 29
77 34
517 1
442 29
90 29
402 34
245 49
268 24
163 29
396 29
279 49
528 49
85 29
607 34
484 49
582 29
167 49
262 34
125 29
135 1
579 49
128 29
118 34
82 29
33 49
273 1
634 49
290 34
577 34
316 29
526 24
5 49
53 49
48 34
171 1
146 34
234 29
22 34
592 29
142 34
326 49
69 29
514 49
361 49
453 49
464 34
350 29
452 49
358 49
236 49
276 29
468 1
243 34
624 29
196 49
403 29
383 49
220 49
428 49
304 34
300 34
412 49
417 29
213 49
422 29
556 29
123 34
218 49
203 49
156 34
389 29
193 34
269 29
282 49
261 29
166 29
129 29
533 49
84 29
471 34
521 29
473 29
561 29
117 49
377 29
604 49
322 29
492 29
611 49
578 29
73 1
600 34
191 34
120 49
616 29
270 49
114 34
155 49
483 49
375 34
599 29
338 49
572 29
312 49
72 49
10 29
102 49
138 34
17 29
586 34
392 29
24 49
593 34
518 29
57 29
136 49
70 29
485 34
327 49
610 34
589 29
215 49
79 29
385 24
614 29
524 29
217 1
580 1
369 49
208 29
65 49
287 29
399 1
436 49
325 1
364 29
225 49
162 49
315 34
414 49
318 49
490 49
479 29
176 49
194 34
298 34
207 24
222 49
633 49
231 49
11 34
180 49
296 29
237 29
626 49
512 29
379 34
542 34
576 1
562 29
55 1
87 29
183 49
554 34
299 29
150 29
488 34
132 29
145 1
541 29
74 49
321 1
500 49
499 49
134 49
355 29
606 29
351 29
2 49
510 49
12 34
625 24
356 34
67 29
61 29
346 49
511 49
508 34
425 34
38 49
181 49
98 34
613 49
286 29
535 29
367 49
381 49
111 29
204 49
62 29
498 34
335 49
617 49
527 34
550 49
415 49
157 49
564 49
277 49
336 34
353 34
310 34
340 34
107 29
223 34
214 29
275 49
631 29
250 34
115 29
494 49
37 49
297 34
446 49
263 1
121 29
103 34
429 49
267 34
546 29
507 29
476 49
248 49
539 34
469 49
405 49
119 34
46 49
144 49
445 34
159 49
451 49
272 29
368 1
460 34
238 34
585 34
209 1
515 49
565 49
627 29
470 49
224 29
557 34
571 1
373 34
13 34
324 29
216 29
302 29
187 34
177 1
334 29
530 29
292 34
137 29
301 34
341 34
345 29
623 29
638 34
590 29
308 29
211 29
133 1
502 34
18 29
252 34
232 34
378 29
303 1
54 29
39 29
619 29
249 34
360 34
32 34
212 34
431 34
278 34
run time cost of algorithm DRT_BD is 0.181026seconds
