10539200 170 17
853 25
38 25
664 34
78 25
622 25
148 25
41 25
43 25
728 25
607 25
365 25
717 34
325 25
332 25
106 25
414 25
810 25
629 9
497 41
523 25
888 34
881 25
659 25
903 25
722 25
727 25
176 25
394 25
355 25
515 25
494 25
201 25
9 25
870 25
319 25
99 25
670 25
37 9
226 41
492 25
766 41
100 25
404 25
393 41
140 25
687 25
342 25
652 25
402 25
637 41
639 25
866 25
696 25
516 25
311 25
189 25
119 25
786 25
337 9
359 9
282 25
751 25
320 25
350 25
216 25
837 25
81 25
604 25
680 25
150 25
592 25
724 25
76 25
437 34
865 41
553 25
522 25
280 25
306 25
864 25
29 25
828 25
115 25
489 41
610 25
455 25
208 25
323 25
417 41
85 25
293 25
137 41
892 25
642 41
730 41
737 41
521 41
546 41
902 41
509 41
850 41
348 41
151 41
179 34
407 41
21 41
398 9
491 41
678 41
164 41
851 9
109 41
349 41
767 34
345 41
807 41
138 41
808 34
626 37
192 41
195 41
295 38
127 41
361 41
373 41
125 34
638 41
671 41
915 41
77 41
162 9
910 41
116 41
694 41
789 41
729 41
754 41
647 41
542 41
256 41
34 41
600 41
408 41
95 41
601 34
310 41
634 41
10 41
32 41
322 9
644 41
452 41
457 41
623 9
86 41
281 41
660 41
818 41
734 41
529 41
830 41
93 41
439 41
395 41
275 41
554 41
775 41
432 41
399 34
486 41
271 41
505 41
121 41
298 37
313 41
809 41
136 41
56 41
231 41
44 41
186 37
418 9
707 41
614 41
40 41
27 41
47 41
880 41
651 41
770 41
856 34
641 38
704 34
39 9
80 37
589 37
70 37
386 34
64 37
331 38
191 37
247 37
112 34
375 37
501 37
746 37
540 38
773 38
314 37
292 37
129 34
861 9
197 41
145 37
265 37
898 37
184 37
803 38
161 38
7 34
356 37
513 37
263 38
612 38
673 37
657 37
175 37
597 37
83 37
817 38
388 38
690 37
427 37
209 34
321 34
181 38
172 38
259 34
569 38
867 37
276 37
650 37
448 37
440 37
307 34
765 37
761 37
312 38
406 37
777 38
277 37
254 37
390 37
498 34
676 34
79 37
347 37
771 37
131 34
346 34
463 34
434 38
565 34
97 37
683 37
351 37
675 37
380 37
480 34
66 37
587 37
391 37
400 38
364 38
253 38
454 34
258 34
822 37
806 37
798 37
249 37
19 38
769 8
246 37
738 37
3 9
926 9
232 37
466 34
213 37
456 37
883 37
154 34
167 9
170 37
315 38
658 38
430 34
590 37
28 37
609 37
616 34
352 38
621 37
760 37
328 37
574 37
718 37
640 37
132 37
17 37
412 37
891 37
378 37
720 34
733 37
289 37
923 34
900 38
643 37
899 38
873 37
858 38
477 38
833 37
814 37
502 34
503 34
139 38
144 38
624 37
757 37
654 9
230 37
905 34
217 34
560 37
31 37
397 38
214 37
68 37
324 37
772 38
719 34
749 37
368 38
855 34
721 38
468 37
334 37
227 34
743 38
655 37
889 38
779 34
685 37
598 34
302 9
59 37
533 34
52 37
22 34
124 38
190 34
296 38
878 38
716 37
736 37
782 37
50 34
269 37
316 34
901 37
860 37
908 37
300 37
843 34
747 37
744 37
838 34
848 38
921 38
911 37
353 37
336 38
360 34
33 37
596 9
581 37
496 38
800 37
863 37
428 9
372 37
710 38
576 37
98 38
829 9
49 37
14 34
297 34
785 37
857 38
508 37
206 38
177 37
608 34
204 37
484 38
572 37
128 37
134 37
409 37
682 9
742 38
447 34
787 34
874 38
549 38
152 38
74 38
490 37
812 9
519 38
465 37
884 37
0 37
278 38
630 37
633 38
238 38
174 34
487 37
750 33
474 38
141 9
105 34
804 37
401 37
796 34
594 37
929 38
583 37
45 9
221 37
686 37
207 34
868 9
482 37
920 37
118 37
606 34
631 34
62 37
613 37
894 37
711 38
241 9
63 38
887 9
69 34
776 34
681 38
58 37
473 38
431 37
471 37
358 37
564 37
846 37
218 37
441 38
635 34
712 38
532 38
481 37
199 34
330 37
436 37
912 37
264 38
778 38
187 37
229 37
595 37
784 37
693 38
438 37
763 37
504 37
799 37
534 34
684 34
169 38
668 34
914 34
783 34
488 34
370 34
210 34
423 38
237 34
442 6
758 33
211 34
185 34
272 38
585 38
309 34
236 9
732 34
366 34
46 34
824 34
578 34
188 34
695 33
517 38
854 34
464 38
862 34
120 34
250 34
215 34
171 34
212 34
193 34
158 38
752 38
55 34
478 8
531 34
147 34
257 9
143 34
632 34
4 38
239 34
57 34
602 34
885 34
205 38
768 34
385 9
893 34
645 34
667 34
11 9
557 38
715 33
305 34
460 34
426 34
340 34
96 34
422 9
411 34
877 34
182 38
913 34
551 34
274 34
849 38
886 34
811 33
301 38
897 34
168 34
183 34
816 34
823 34
104 38
859 34
648 34
165 34
847 34
343 34
723 34
544 34
525 34
219 34
451 34
117 34
619 34
674 38
819 34
90 34
511 34
661 34
879 34
159 33
666 34
543 34
890 34
285 34
462 34
225 34
333 34
110 34
173 34
514 34
852 38
101 34
53 33
697 38
836 9
245 38
698 34
270 34
445 34
51 8
876 38
570 34
291 34
279 38
329 34
286 34
528 34
6 34
344 38
381 34
75 38
403 38
89 38
424 34
705 34
669 34
842 34
593 34
149 34
931 34
790 34
458 33
459 34
24 34
552 38
419 38
23 34
791 34
665 34
196 34
916 34
415 38
413 38
725 9
506 34
160 38
795 38
326 34
741 34
304 34
369 34
495 38
512 34
748 34
384 34
663 34
288 34
762 38
714 34
526 34
103 38
223 34
825 34
731 34
240 34
573 9
453 34
579 38
243 34
788 34
26 38
1 38
780 9
821 38
92 38
224 38
538 34
584 34
283 33
220 34
383 34
153 34
84 34
917 36
73 38
541 34
367 9
446 34
461 34
703 34
802 34
318 34
603 34
252 34
689 33
739 33
371 34
615 34
36 33
617 38
35 34
672 38
563 34
520 34
904 34
909 34
290 34
338 25
308 41
527 33
759 34
869 34
571 34
102 34
510 34
54 34
483 9
30 34
450 34
871 34
233 34
827 33
357 34
700 24
376 9
135 38
18 34
706 34
126 33
198 34
2 34
500 9
294 38
845 38
781 34
472 34
251 8
299 38
262 34
561 34
656 34
178 34
813 34
735 34
625 34
94 34
627 34
435 38
548 34
577 34
764 38
677 34
756 9
156 38
832 9
550 34
618 34
882 34
444 34
692 34
470 38
13 38
261 33
363 34
507 34
114 34
895 38
605 9
566 34
354 34
88 34
599 34
844 34
273 34
449 34
443 34
558 33
420 34
410 38
133 34
774 38
20 34
123 34
726 24
536 34
405 34
362 34
740 38
317 34
575 34
303 38
142 34
475 34
228 34
111 9
485 38
927 33
341 34
793 38
841 34
611 34
708 34
556 34
387 34
335 38
535 34
547 34
122 34
713 34
539 38
493 34
5 33
42 33
421 34
433 34
87 34
479 38
157 34
580 8
753 34
268 38
591 34
476 33
872 34
25 34
327 34
61 33
797 34
701 34
588 34
815 34
244 34
155 34
831 34
679 34
636 34
12 38
826 34
839 34
537 38
15 34
555 34
559 34
896 34
582 34
260 34
649 9
163 34
792 34
924 34
91 34
628 34
425 34
925 9
396 34
67 34
65 33
48 34
130 38
202 34
840 38
203 34
702 34
545 34
586 34
429 34
267 33
194 36
60 8
699 24
524 24
568 33
374 33
166 38
284 33
919 8
255 33
200 9
691 33
108 33
662 33
377 33
469 24
146 33
389 33
71 33
180 33
922 9
113 36
234 38
567 33
499 33
339 38
820 33
709 29
530 33
72 33
906 33
467 33
646 9
928 38
745 33
222 24
8 24
835 9
416 24
287 33
16 33
107 33
82 33
805 33
248 38
392 33
653 38
688 33
794 38
518 24
562 38
907 33
379 38
382 33
620 24
918 33
266 33
801 33
242 8
235 33
875 33
755 38
930 33
834 33
run time cost of algorithm DRT_AG is 0.009479seconds
