1520000 120 45
110 41
140 25
390 25
145 25
335 25
203 41
208 25
253 34
323 34
262 41
10 25
299 25
12 25
276 25
330 25
237 25
226 25
19 25
219 25
212 41
331 25
195 25
189 34
185 25
176 25
144 25
130 25
0 25
75 25
73 25
38 9
43 25
280 25
307 25
6 25
360 25
392 25
138 25
123 25
53 25
46 25
213 25
332 25
214 25
319 34
181 25
157 25
141 25
415 25
34 25
398 41
302 25
4 25
422 25
228 25
224 41
201 25
200 41
186 25
182 25
363 25
128 25
124 41
33 25
61 34
99 25
86 25
322 25
281 25
42 25
336 25
338 25
29 25
87 25
342 25
106 34
48 25
399 25
199 34
311 25
8 25
247 25
9 25
386 41
376 25
229 25
45 25
375 25
317 25
369 25
222 25
170 25
368 25
289 9
417 25
104 25
419 25
97 25
355 25
184 25
346 25
91 41
209 25
296 25
39 25
321 25
256 25
118 25
76 9
11 34
244 34
190 25
100 25
25 25
206 34
15 25
263 25
220 25
269 25
287 25
255 25
117 25
66 25
31 41
16 25
59 25
127 25
68 25
371 25
297 25
188 25
345 41
305 25
215 25
246 41
379 25
361 41
221 25
264 25
309 41
165 25
242 41
49 25
303 34
285 25
77 25
411 25
156 25
149 25
408 25
254 25
24 25
348 25
204 25
40 41
236 34
211 25
103 25
28 25
126 25
47 25
402 25
393 25
167 25
304 25
409 25
166 25
174 25
69 25
352 25
333 25
359 25
78 25
248 25
259 25
293 25
351 41
151 25
396 25
7 25
175 41
406 9
194 25
381 25
21 9
183 25
205 25
102 34
383 25
410 25
147 25
71 25
343 9
271 25
278 25
394 25
109 25
251 9
198 25
407 25
267 25
81 25
414 25
380 25
137 25
310 34
374 25
158 25
230 25
413 25
37 34
320 25
418 25
421 25
358 25
129 41
217 25
178 25
260 25
112 25
400 25
227 25
92 25
266 41
2 25
235 25
391 9
187 34
85 25
90 25
30 25
357 25
404 41
80 25
161 25
233 25
300 25
153 25
154 41
93 25
96 25
162 25
416 25
223 25
385 25
412 25
288 25
131 41
344 41
196 25
101 25
301 41
252 25
63 25
74 25
339 25
83 25
340 25
84 25
308 25
275 41
26 34
274 25
273 25
370 25
163 41
119 25
290 41
114 25
382 25
347 34
364 25
146 25
245 25
173 25
353 25
314 25
155 9
125 25
378 25
389 25
403 25
372 34
18 25
239 25
65 25
298 41
55 25
143 41
152 41
136 25
282 25
122 25
286 25
315 25
105 25
291 9
41 41
294 9
325 25
58 25
160 25
234 41
292 25
56 34
64 25
67 41
113 9
388 25
120 25
14 25
133 9
135 25
150 25
3 25
192 9
349 25
207 25
216 25
240 25
329 25
328 25
324 25
172 25
366 25
44 25
362 25
51 25
54 25
387 25
241 41
5 25
318 41
218 25
20 25
115 25
356 41
401 41
250 25
312 41
249 25
50 25
32 41
35 25
60 25
210 41
22 25
95 41
395 25
82 25
193 25
89 25
277 25
341 25
225 25
169 25
377 25
373 25
13 25
202 25
62 25
354 25
268 25
384 25
179 25
334 9
177 25
272 25
231 25
232 25
139 25
171 25
164 25
159 41
313 41
142 25
425 25
238 25
79 25
365 25
134 25
27 34
424 25
88 34
423 25
121 25
243 25
52 25
279 34
420 25
116 34
316 25
1 34
111 25
327 34
23 41
107 25
397 41
98 25
265 41
197 34
257 41
261 25
270 25
283 41
405 25
367 25
337 25
70 25
72 25
36 41
306 25
17 25
295 25
258 25
57 25
284 25
168 25
94 25
108 25
350 25
326 25
191 25
180 25
132 41
148 25
run time cost of algorithm DRT_AG is 0.00227seconds
