1678000 161 49
175 9
53 9
137 9
30 9
81 9
325 9
257 9
265 9
212 9
214 34
284 9
215 9
71 9
330 9
254 9
202 9
219 9
25 9
320 9
51 9
209 9
133 9
124 9
18 9
253 9
324 9
260 9
44 9
196 9
48 9
176 9
94 9
118 9
68 9
129 9
126 9
33 9
75 9
39 6
292 9
120 9
344 9
65 9
154 9
233 9
270 9
309 9
47 34
315 34
183 9
323 34
231 34
28 9
190 9
73 9
264 9
109 9
156 9
56 9
59 9
128 9
83 9
221 9
227 9
4 9
200 9
144 9
268 9
42 9
50 9
43 9
298 9
347 34
40 9
34 9
246 9
277 9
199 9
64 9
161 9
230 9
121 9
296 9
312 9
350 9
125 9
331 9
235 9
37 9
11 9
302 9
255 9
3 34
345 9
314 9
169 9
6 6
45 9
100 9
101 9
80 9
2 6
102 9
335 9
272 9
208 9
72 6
74 9
62 9
278 9
158 9
119 34
149 9
29 6
244 34
188 9
184 9
181 9
112 9
186 9
167 9
216 9
131 34
38 9
226 34
79 9
98 9
290 9
54 9
294 9
304 9
123 9
148 9
282 9
108 9
107 9
99 9
87 9
247 9
46 9
166 9
1 9
49 9
218 9
145 9
12 9
111 9
76 9
127 9
84 9
36 9
17 9
193 9
78 9
281 34
132 9
198 9
288 9
88 9
138 6
23 9
89 9
338 9
250 6
349 9
251 34
97 9
82 9
26 9
114 9
159 6
77 9
187 9
258 9
341 9
205 6
70 9
223 9
342 9
293 9
165 9
305 6
41 9
225 9
5 9
153 9
343 6
134 9
297 9
262 9
195 9
92 9
299 9
113 9
317 6
32 6
139 34
334 9
86 9
327 9
346 6
308 9
31 9
117 9
287 9
58 6
245 9
303 9
91 9
173 9
130 6
7 9
203 34
143 9
340 9
142 9
217 9
19 9
15 34
61 9
291 9
13 6
20 9
263 9
106 34
237 9
174 9
122 9
248 9
276 9
69 9
164 9
146 9
178 9
10 9
151 6
96 9
182 9
168 9
274 9
271 6
234 6
90 9
180 9
241 9
332 9
162 9
333 9
147 9
85 9
285 34
194 9
322 9
60 9
152 6
189 9
115 9
256 9
185 9
27 9
261 9
232 9
306 9
150 9
336 9
172 6
8 9
224 6
177 9
213 9
191 9
192 34
236 9
95 34
35 9
222 9
239 9
55 9
348 6
104 6
110 9
273 6
242 6
14 9
22 9
238 9
93 9
140 9
321 9
141 9
179 9
229 6
240 9
252 9
52 6
63 9
301 9
243 9
326 9
136 9
135 9
307 9
279 9
16 9
259 9
170 9
201 9
67 9
311 9
204 9
286 9
283 6
329 6
160 9
0 9
316 9
103 6
269 9
171 9
220 6
210 9
105 9
211 6
289 6
197 6
9 9
207 9
280 9
249 9
337 9
310 9
228 6
163 9
157 9
318 9
267 9
328 9
266 6
21 6
295 9
57 9
313 9
24 10
206 9
66 9
155 6
275 9
339 9
116 9
319 9
300 9
run time cost of algorithm DRT_AG is 0.002308seconds
