2740400 117 61
0 33
1 33
2 33
3 33
4 33
5 33
6 34
7 34
8 33
9 33
10 33
11 33
12 0
13 34
14 33
15 34
16 0
17 33
18 33
19 33
20 33
21 33
22 33
23 33
24 0
25 34
26 34
27 34
28 33
29 34
30 33
31 34
32 33
33 33
34 33
35 33
36 33
37 33
38 33
39 33
40 34
41 33
42 34
43 33
44 33
45 33
46 0
47 34
48 33
49 33
50 33
51 34
52 34
53 33
54 33
55 33
56 33
57 33
58 33
59 33
60 33
61 33
62 33
63 34
64 33
65 33
66 33
67 33
68 33
69 33
70 33
71 33
72 33
73 33
74 33
75 33
76 34
77 34
78 33
79 34
80 34
81 33
82 34
83 33
84 34
85 33
86 33
87 33
88 33
89 33
90 33
91 34
92 33
93 33
94 33
95 33
96 33
97 33
98 0
99 34
100 33
101 0
102 33
103 33
104 33
105 33
106 33
107 34
108 33
109 34
110 33
111 33
112 34
113 34
114 33
115 34
116 33
117 33
118 33
119 34
120 34
121 33
122 33
123 33
124 33
125 0
126 33
127 33
128 34
129 33
130 33
131 0
132 33
133 33
134 34
135 34
136 34
137 34
138 34
139 33
140 33
141 33
142 33
143 33
144 33
145 34
146 34
147 33
148 33
149 33
150 33
151 33
152 33
153 33
154 33
155 33
156 33
157 33
158 33
159 33
160 33
161 33
162 34
163 33
164 33
165 33
166 33
167 33
168 33
169 33
170 33
171 0
172 34
173 33
174 33
175 33
176 33
177 33
178 34
179 34
180 33
181 33
182 33
183 33
184 33
185 34
186 33
187 33
188 34
189 33
190 33
191 33
192 34
193 33
194 33
195 33
196 34
197 33
198 33
199 33
200 33
201 33
202 34
203 33
204 0
205 33
206 33
207 33
208 33
209 0
210 33
211 34
212 34
213 33
214 33
215 33
216 34
217 33
218 34
219 34
220 33
221 33
222 33
223 33
224 33
225 33
226 33
227 33
228 33
229 33
230 33
231 33
232 33
233 33
234 33
235 0
236 0
237 34
238 33
239 33
240 33
241 33
242 33
243 34
244 33
245 33
246 33
247 34
248 33
249 33
250 0
251 34
252 33
253 34
254 33
255 33
256 34
257 33
258 33
259 33
260 33
261 33
262 33
263 33
264 33
265 33
266 33
267 34
268 33
269 33
270 33
271 34
272 34
273 0
274 34
275 33
276 33
277 33
278 33
279 33
280 33
281 33
282 33
283 41
284 34
285 34
286 33
287 33
288 33
289 33
290 33
291 0
292 33
293 33
294 33
295 33
296 33
297 34
298 34
299 33
300 33
301 33
302 34
303 33
304 33
305 34
306 33
307 41
308 33
309 34
310 33
311 33
312 34
313 33
314 33
315 34
316 34
317 33
318 33
319 33
320 33
321 0
322 34
323 0
324 33
325 33
326 33
327 33
328 33
329 33
330 33
331 34
332 34
333 33
334 34
335 33
336 33
337 33
338 34
339 33
340 33
341 33
342 33
343 0
344 34
345 33
346 33
347 33
348 33
349 33
350 33
351 0
352 33
353 33
354 33
355 33
356 34
357 33
358 33
359 33
360 33
361 34
362 0
363 34
364 33
365 34
366 34
367 33
368 33
369 33
370 33
371 34
372 33
373 33
374 34
375 33
376 33
377 34
378 33
379 34
380 33
381 0
382 34
383 33
384 33
385 34
386 33
387 33
388 34
389 33
390 33
391 33
392 33
393 33
394 33
395 34
396 33
397 33
398 34
399 33
400 34
401 33
402 33
403 0
404 33
405 33
406 33
407 33
408 33
409 33
410 33
411 33
412 0
413 34
414 33
415 33
416 33
417 33
418 33
419 0
420 34
421 33
422 34
423 33
424 33
425 33
426 33
427 33
428 33
429 33
430 33
431 34
432 0
433 34
434 33
435 33
436 33
437 33
438 33
439 0
440 33
441 34
442 33
443 0
444 33
445 0
446 33
447 34
448 33
449 33
450 33
451 34
452 33
453 33
454 34
455 33
456 33
457 33
458 33
459 33
460 33
461 0
462 33
463 33
464 34
465 33
466 34
467 33
468 34
469 33
470 33
471 0
472 33
473 33
474 0
475 33
476 33
477 34
478 33
479 34
480 33
481 34
482 33
483 33
484 33
485 33
486 0
487 33
488 33
489 33
490 33
491 33
492 33
493 33
494 34
495 33
496 33
497 33
498 34
499 0
500 34
501 34
502 33
503 33
504 33
505 33
506 0
507 33
508 33
509 33
510 33
511 0
512 33
513 33
514 33
515 33
516 34
517 33
518 33
519 33
520 33
521 34
522 33
523 33
524 33
525 33
526 33
527 33
528 33
529 34
530 33
531 34
532 34
533 33
534 34
535 34
536 33
537 34
538 33
539 34
540 33
541 34
542 0
543 33
544 34
545 34
546 34
547 0
548 33
549 34
550 33
551 33
552 8
553 33
554 33
555 33
556 34
557 34
558 0
559 33
560 33
561 33
562 33
563 34
564 33
565 33
566 33
567 33
568 33
569 34
570 33
571 33
572 33
573 33
574 33
575 33
576 33
577 33
578 34
579 33
580 33
581 33
582 33
583 34
584 33
585 0
586 33
587 34
588 33
589 33
590 33
591 34
592 33
593 33
594 33
595 0
596 0
597 33
598 33
599 33
600 0
601 34
602 0
603 33
604 33
605 34
606 33
607 34
608 0
609 34
610 33
611 33
612 34
613 33
614 0
615 34
616 33
617 33
618 33
619 33
620 33
621 33
622 33
623 34
624 34
625 33
626 33
627 33
628 0
629 33
630 34
631 33
632 33
633 33
634 33
635 0
636 33
637 33
638 33
639 33
640 34
641 34
642 33
643 34
644 33
645 33
646 34
647 33
648 33
649 33
650 33
651 33
652 0
653 33
654 0
655 34
656 33
657 34
658 34
659 34
660 33
661 34
662 34
663 33
664 33
665 33
666 34
667 33
668 33
669 34
670 33
671 34
672 33
673 34
674 0
675 33
676 34
677 33
678 33
679 33
680 33
681 0
682 33
683 34
684 34
685 0
686 34
687 34
688 33
689 33
690 34
691 0
692 33
693 33
694 33
695 34
696 34
697 34
698 33
699 33
700 0
701 33
702 33
703 34
704 33
705 33
706 34
707 33
708 34
709 33
710 33
711 33
712 33
713 33
714 33
715 34
716 33
717 34
718 33
719 33
720 0
721 34
722 33
723 33
724 33
725 34
726 34
727 33
728 33
729 34
730 33
731 33
732 34
733 0
734 34
735 33
736 33
737 33
738 33
739 33
740 33
741 33
742 33
743 34
744 34
745 33
746 33
747 33
748 33
749 34
750 33
751 33
752 33
753 33
754 33
755 33
756 33
757 33
758 34
759 33
760 33
761 0
762 33
763 34
764 34
765 33
766 33
767 33
768 34
769 33
770 34
771 33
772 34
773 34
774 33
775 33
776 33
777 0
778 33
779 34
780 33
781 33
782 33
783 34
784 33
785 33
786 34
787 0
788 33
789 33
790 33
791 34
792 33
793 33
794 33
795 33
796 33
797 33
798 34
799 33
800 34
801 34
802 34
803 33
804 34
805 33
806 33
807 0
808 34
809 33
810 33
811 34
812 0
813 33
814 33
815 34
816 33
817 33
818 33
819 33
820 33
821 34
822 33
823 33
824 33
825 33
826 33
827 0
828 34
829 33
830 33
831 33
832 33
833 33
834 34
835 33
836 33
837 34
838 0
839 33
840 33
841 34
842 0
843 33
844 33
845 33
846 33
847 33
848 34
849 34
850 33
851 33
852 33
853 33
854 33
855 34
856 34
857 33
858 33
859 34
860 33
861 33
862 33
863 33
864 33
865 34
866 34
867 34
868 34
869 34
870 33
871 34
872 0
873 34
874 34
875 41
876 34
877 0
878 34
879 33
880 34
881 34
882 34
883 34
884 34
885 34
886 34
887 34
888 34
889 34
890 34
891 34
892 0
893 34
894 0
895 34
896 34
897 33
898 34
899 34
900 34
901 34
run time cost of algorithm SM_CTP is 2.14187seconds
