1005850 104 64
0 34
70 41
62 34
153 3
88 34
190 34
694 34
496 34
693 34
255 34
384 34
303 3
247 34
223 3
73 3
170 34
453 34
673 34
37 34
418 34
192 34
549 34
521 34
164 34
100 34
490 34
39 34
177 34
234 34
383 34
442 34
647 34
658 34
477 34
653 3
353 34
575 34
233 34
326 34
321 34
574 34
275 34
567 34
20 34
597 34
252 34
445 34
666 34
429 34
7 34
96 34
372 34
614 34
609 34
176 34
378 34
528 34
366 34
313 34
634 34
214 3
423 34
258 34
21 34
638 34
42 34
570 34
571 34
644 34
665 3
446 34
244 34
464 34
307 34
415 34
175 3
76 3
396 34
136 34
698 34
127 34
119 34
312 34
347 34
523 34
90 34
548 34
460 34
590 34
410 34
586 34
288 34
64 34
582 34
621 34
180 34
508 3
357 34
52 34
605 3
329 3
438 34
165 3
55 34
47 34
447 3
168 34
661 34
346 8
344 34
232 34
31 34
112 34
462 3
708 34
484 34
116 3
457 34
402 34
334 34
289 34
318 34
704 34
645 34
315 34
102 8
340 34
198 34
208 34
687 34
380 34
280 34
308 3
265 3
387 3
18 34
240 34
703 34
604 41
106 3
292 34
57 34
291 34
242 8
263 34
324 34
705 34
13 34
677 34
282 34
284 34
302 3
309 34
593 34
317 34
322 34
72 34
555 34
509 3
444 34
381 34
162 34
440 34
259 34
688 34
114 3
294 34
295 34
225 34
486 34
218 41
610 34
579 34
437 34
143 34
399 34
230 34
651 41
120 34
172 34
615 34
211 34
63 34
200 3
559 34
558 34
186 34
532 34
352 34
421 34
264 8
659 34
691 34
439 34
184 34
452 34
183 8
254 34
301 34
281 34
359 34
629 34
14 34
147 34
125 34
178 34
422 3
213 34
212 34
271 34
500 3
274 34
587 34
250 34
69 34
602 34
388 34
139 34
323 34
161 34
11 3
221 34
327 34
680 34
199 34
671 34
431 3
235 34
29 34
336 34
511 34
34 3
93 34
370 41
398 34
451 34
397 34
148 3
487 34
154 34
585 34
267 34
569 3
140 34
367 34
171 34
660 34
376 34
675 34
676 34
243 34
41 34
625 34
479 34
495 3
362 34
690 34
550 34
256 34
530 34
382 34
355 34
287 34
428 34
138 34
45 41
624 34
299 41
697 34
518 34
641 3
98 34
277 41
187 34
82 34
657 34
354 34
105 34
481 34
358 34
539 34
71 34
678 34
568 34
560 34
343 34
547 34
25 3
331 34
74 34
145 34
60 34
412 34
636 34
465 34
510 34
126 34
123 34
637 34
10 3
448 34
341 3
669 3
17 34
632 34
505 3
682 34
150 3
606 3
583 34
189 34
188 41
216 34
149 34
499 34
373 41
475 34
174 41
472 34
32 34
502 3
409 34
122 34
231 34
529 34
414 34
48 34
557 41
4 34
622 34
432 3
316 34
332 34
385 34
363 34
91 34
598 34
305 34
204 34
131 34
67 34
78 34
534 3
707 34
458 3
61 34
672 34
348 34
152 34
201 34
516 34
26 3
611 34
413 41
325 34
97 3
310 34
601 34
425 34
608 34
369 41
620 34
441 34
27 34
56 34
540 34
151 41
33 34
655 34
561 34
59 3
648 34
612 34
360 34
416 34
618 34
512 3
109 34
478 3
683 41
467 34
533 34
706 34
663 34
573 34
43 34
220 34
552 34
525 34
701 34
700 34
181 34
689 8
261 34
377 34
633 34
350 34
87 34
664 41
15 34
469 41
356 3
1 34
95 3
209 34
405 34
137 34
630 34
293 41
92 34
222 3
599 34
269 34
28 34
459 34
339 3
390 34
592 3
668 41
132 34
474 34
319 34
108 34
260 34
589 34
545 34
236 34
468 34
159 34
507 34
456 34
215 34
311 34
135 8
527 34
9 34
471 34
65 34
419 34
591 34
163 34
144 34
30 41
337 34
24 34
270 34
157 34
639 34
503 34
449 34
554 41
403 41
193 34
238 34
283 34
506 34
6 34
685 34
50 34
210 34
35 41
461 34
248 34
374 41
556 34
173 34
635 41
130 34
699 34
686 34
375 34
393 34
12 34
526 3
515 34
542 34
195 34
406 34
49 34
513 34
262 34
273 34
115 34
649 34
320 3
430 34
85 34
141 41
514 41
607 34
146 34
395 34
600 34
23 34
272 34
473 34
485 34
470 34
241 3
562 34
628 34
572 34
68 34
46 3
543 34
84 34
335 34
603 34
480 34
110 34
404 34
364 34
619 34
99 34
330 34
551 34
674 34
207 34
565 34
2 41
229 34
38 8
117 34
466 34
483 3
400 34
167 34
53 34
408 3
5 34
497 34
520 34
679 34
196 41
488 34
257 41
538 34
662 34
19 34
650 34
285 34
544 34
226 34
206 41
435 34
580 34
133 3
578 34
129 34
564 8
536 3
541 41
286 41
517 34
640 34
631 3
217 34
498 34
197 34
191 34
349 34
389 41
391 34
66 34
434 34
450 34
155 34
300 41
253 34
504 34
40 34
306 34
411 34
16 34
205 34
695 34
179 34
279 3
584 34
489 34
22 34
652 34
345 34
656 34
702 34
681 34
297 34
531 34
588 8
290 34
249 34
371 34
443 3
219 34
646 34
595 34
596 34
692 34
44 34
494 3
566 34
386 34
86 34
237 3
394 34
124 34
314 34
298 3
58 3
616 34
134 34
361 34
613 34
420 34
617 3
537 3
203 41
522 34
379 3
251 41
77 41
304 34
266 34
118 34
424 34
51 34
482 34
368 34
342 34
103 34
296 41
563 3
128 3
36 34
83 34
3 3
276 34
101 34
80 34
182 34
158 34
491 34
407 34
417 34
142 34
427 34
581 3
278 34
684 34
576 34
121 41
623 34
202 34
228 34
643 34
519 34
104 3
654 34
463 34
246 3
455 34
454 34
113 34
642 41
351 34
185 34
577 34
166 41
160 34
107 41
268 41
626 34
333 34
169 3
79 34
553 34
156 8
426 34
476 34
94 34
492 34
709 34
501 34
524 34
89 34
111 34
436 34
401 41
75 34
670 34
594 8
667 34
227 34
239 34
627 34
493 3
535 34
392 34
546 3
81 3
8 34
696 34
365 3
194 34
338 34
54 34
328 34
224 34
245 34
433 34
run time cost of algorithm DRT_BD is 0.318798seconds
