282800 109 68
0 34
74 34
62 34
40 34
15 34
45 0
87 34
85 34
13 34
29 34
11 34
73 34
70 34
24 34
72 34
5 34
41 34
69 34
6 34
86 34
53 34
10 34
65 34
49 34
79 34
78 34
19 34
35 34
90 34
89 34
26 34
9 34
17 34
61 0
23 34
12 34
42 34
60 34
4 34
50 34
36 34
63 24
80 34
76 34
75 34
33 34
8 34
83 34
22 34
20 34
28 34
34 34
32 34
18 34
46 34
77 34
16 34
66 34
25 34
71 34
67 0
47 0
3 34
27 34
55 34
54 34
68 34
51 34
43 34
81 34
37 34
64 34
59 34
1 34
52 34
44 34
14 34
84 34
7 34
30 34
48 24
57 34
88 0
2 34
39 34
31 24
58 34
56 34
21 34
82 34
38 34
run time cost of algorithm DRT_BD is 0.006419seconds
