2038800 112 68
392 34
88 34
2 34
375 34
408 34
407 34
76 34
378 34
500 34
667 34
631 34
108 34
503 34
115 34
356 34
122 34
59 34
294 34
638 34
459 34
170 34
650 34
329 34
422 34
390 34
434 34
26 34
411 34
529 34
276 34
214 34
613 37
475 34
204 34
284 34
430 34
545 34
287 34
363 34
289 34
67 34
182 34
506 34
507 34
382 34
137 34
487 34
384 34
48 34
56 34
480 34
448 34
161 34
163 34
158 34
578 34
660 34
172 34
574 34
509 34
659 34
351 34
522 34
381 34
232 34
230 34
293 34
186 34
471 34
666 34
104 34
472 34
630 34
654 34
377 34
201 34
539 34
3 34
374 34
437 37
211 34
311 34
435 34
222 34
282 34
120 34
86 34
626 34
543 34
410 34
136 37
593 34
536 34
213 34
526 34
598 34
64 34
308 34
228 37
229 34
484 23
299 34
254 34
15 34
455 34
457 23
564 34
324 34
428 34
440 34
663 23
586 34
190 34
605 23
231 34
66 34
547 34
277 34
427 34
202 34
616 23
224 34
184 34
372 34
640 34
615 34
594 34
461 34
210 34
387 34
18 34
40 34
143 34
366 34
119 34
273 34
395 34
416 34
601 34
133 23
195 34
550 34
479 37
32 34
490 34
322 34
515 34
617 34
264 34
16 34
269 34
642 34
30 34
266 34
662 23
432 23
406 34
285 34
541 34
39 34
315 34
268 34
146 34
257 34
164 34
297 34
187 23
110 34
300 34
238 34
646 34
396 34
444 34
173 34
116 34
217 34
310 34
597 34
309 34
582 34
584 34
523 34
216 34
357 34
313 34
112 34
349 34
153 34
96 34
160 34
591 23
135 34
8 34
90 34
199 34
55 34
495 34
397 37
54 34
394 37
93 23
290 34
367 34
261 34
71 37
103 34
339 37
70 34
105 23
534 34
610 34
244 34
155 23
438 34
580 34
519 37
393 34
452 34
25 34
449 34
179 34
566 34
573 34
354 37
338 37
493 34
446 34
478 34
599 37
496 34
453 34
53 37
368 34
504 37
612 34
259 34
417 37
237 34
169 34
585 34
181 34
656 37
129 34
208 34
33 23
581 34
632 34
513 34
248 37
657 37
462 34
649 8
81 34
36 23
218 34
79 23
347 37
639 37
489 34
661 34
648 34
655 34
399 34
468 37
24 34
265 34
61 34
450 37
150 34
621 34
11 23
154 37
404 34
256 37
464 34
111 34
89 37
252 34
567 34
127 23
280 34
488 23
156 34
538 23
669 34
12 34
418 34
499 37
35 37
41 37
77 23
628 34
505 34
99 34
512 34
102 34
602 34
128 34
298 34
240 23
350 37
485 34
592 23
576 37
168 37
327 34
320 34
348 34
424 34
255 37
527 34
441 37
312 34
352 34
518 34
275 34
239 34
668 8
139 23
637 34
385 34
614 34
336 34
323 34
159 37
521 34
286 34
658 34
183 8
83 34
78 34
361 23
514 34
555 37
42 34
442 34
553 34
283 34
14 34
147 34
425 23
498 34
473 34
68 37
62 34
635 34
194 34
6 34
227 34
73 34
141 34
653 34
532 34
596 37
123 34
423 37
121 34
31 34
1 34
607 34
629 34
401 37
267 37
246 34
171 37
373 34
221 34
28 34
439 34
618 34
670 37
98 34
409 34
365 34
414 34
234 34
524 34
74 34
520 34
379 34
590 34
447 37
560 8
303 23
288 34
157 37
340 34
651 34
386 34
151 34
451 37
620 34
142 34
502 34
38 34
57 34
343 8
570 34
23 34
305 34
326 34
589 34
552 34
608 34
7 34
611 34
192 34
317 34
205 34
260 37
531 34
152 34
0 37
466 34
9 37
17 37
19 37
34 34
307 34
274 37
511 34
233 34
45 34
644 23
223 37
388 34
80 34
383 34
193 34
189 37
91 34
188 37
92 34
563 34
97 37
100 37
565 34
364 37
174 37
117 34
542 34
132 37
162 37
603 34
353 34
571 23
569 34
345 34
177 34
109 23
180 34
433 34
431 34
619 34
624 34
540 34
65 34
421 34
235 34
241 34
420 34
272 34
328 34
43 37
400 37
314 34
131 34
467 34
321 34
458 34
470 23
456 37
220 34
575 37
140 34
215 34
87 34
572 34
402 34
445 23
22 34
279 34
535 34
537 34
359 34
126 34
376 34
291 34
106 34
413 34
107 37
191 37
27 34
281 34
482 23
481 34
21 34
13 34
664 34
318 34
587 34
84 34
44 37
380 37
262 37
4 37
82 34
249 37
460 34
583 34
212 34
508 8
486 8
5 34
245 34
551 8
10 34
554 34
75 37
443 34
391 23
474 34
606 23
436 34
114 34
296 34
101 34
29 34
494 34
604 34
337 34
342 34
178 34
85 34
419 37
301 34
207 34
562 34
206 34
360 34
330 34
558 37
292 37
198 34
568 8
556 34
501 34
306 34
403 34
625 23
69 37
636 37
144 34
623 34
454 37
196 37
52 34
557 34
370 34
203 34
185 34
600 37
492 37
652 34
125 34
530 37
219 34
528 34
271 34
302 34
134 37
51 23
47 34
49 23
426 34
389 34
60 37
643 34
148 34
295 34
335 23
253 37
149 34
58 34
166 37
145 34
577 34
398 37
588 34
175 34
634 34
176 34
516 34
331 34
627 34
226 34
622 34
465 37
491 34
333 34
371 34
546 34
476 34
415 34
334 34
477 37
20 34
548 8
559 34
325 37
304 34
544 34
251 37
355 23
50 37
94 37
561 34
258 34
124 37
243 34
533 34
138 37
633 34
225 34
358 34
165 34
497 34
405 34
332 34
463 34
72 34
517 37
316 37
665 34
525 34
167 34
37 34
46 37
579 34
647 34
118 34
645 37
483 34
369 34
200 34
641 37
250 34
510 37
263 37
247 34
63 37
270 37
242 37
236 37
429 34
278 34
209 34
95 37
197 34
609 37
549 34
113 34
362 23
412 8
341 34
344 34
595 34
130 34
319 34
469 34
346 34
run time cost of algorithm DRT_BD is 0.281498seconds
