5466800 120 19
173 25
110 25
36 25
90 25
369 25
161 25
155 25
12 25
315 25
361 25
76 25
215 25
219 25
311 25
308 25
293 25
254 25
30 25
222 25
413 25
35 25
468 25
185 25
288 25
82 25
275 41
149 25
409 9
187 25
395 25
39 25
142 9
398 9
281 34
278 9
77 41
299 25
435 25
204 25
223 25
477 25
193 25
487 25
50 25
386 25
100 25
125 25
0 25
335 25
122 25
132 9
139 25
317 25
160 25
190 25
464 25
470 25
21 25
202 25
300 25
150 25
434 9
41 25
443 25
373 25
182 34
456 25
291 25
55 25
153 25
428 41
38 25
457 25
63 34
93 25
306 25
331 25
351 25
203 25
344 25
58 41
227 25
118 25
40 25
449 25
321 34
8 25
196 25
430 9
453 25
408 34
269 25
259 41
292 41
209 41
220 41
6 41
174 41
375 41
270 41
79 41
24 41
14 41
309 41
485 41
350 41
325 41
268 9
261 41
412 9
283 41
228 41
189 41
229 41
234 41
198 9
379 41
405 41
416 41
119 37
319 41
99 41
415 41
64 41
253 41
262 41
206 41
148 34
235 41
368 41
67 41
106 41
370 41
393 41
390 41
422 41
179 41
225 41
95 41
224 41
194 41
298 41
329 41
274 41
49 41
250 41
256 41
255 34
195 41
425 41
424 41
289 41
107 41
446 41
66 41
419 41
210 41
396 37
303 41
381 37
214 41
231 41
4 34
462 41
304 41
249 41
473 9
108 41
54 41
374 37
441 41
411 41
383 37
137 41
13 41
267 41
146 41
167 41
2 41
394 41
388 41
211 41
440 41
143 41
474 38
34 41
257 41
264 41
382 41
445 41
478 41
287 41
9 41
305 41
338 41
92 41
438 41
420 34
162 41
251 41
277 41
301 41
75 41
372 41
138 41
437 37
62 41
175 41
18 41
479 41
391 41
348 41
282 41
461 37
378 41
239 41
358 41
226 37
258 41
1 41
3 41
151 38
61 9
59 41
192 41
201 41
342 41
286 34
466 41
51 41
230 41
102 41
362 34
279 41
136 37
451 41
242 41
238 41
265 41
324 41
310 34
213 41
48 41
323 9
188 41
103 41
365 41
127 41
471 41
178 41
157 38
307 41
130 41
101 41
380 34
280 9
345 41
469 41
11 41
233 41
109 9
355 41
349 41
399 37
158 37
296 37
23 41
481 41
164 41
410 37
25 34
248 41
458 41
74 41
465 41
81 41
284 41
16 41
46 41
135 41
140 41
105 41
328 41
133 41
360 41
271 41
191 9
330 41
71 41
384 9
472 9
134 41
131 37
483 41
414 9
113 41
333 41
295 41
252 34
454 41
397 41
129 38
37 34
418 37
356 37
42 34
98 37
243 38
431 37
332 37
72 37
326 37
297 37
85 37
302 37
56 38
376 37
236 37
126 37
78 37
200 37
70 38
169 37
168 37
316 37
154 38
339 9
86 38
241 37
276 37
186 37
407 37
159 38
80 38
343 38
459 37
216 38
340 34
421 37
404 37
436 37
460 37
124 38
347 37
385 34
313 38
364 9
104 37
489 37
87 38
165 37
116 37
337 38
426 37
352 38
417 34
217 37
363 38
28 38
117 25
156 34
197 41
184 37
476 37
455 38
97 34
91 37
5 37
7 38
84 37
346 37
403 37
290 37
482 37
17 37
180 37
266 9
401 37
447 37
171 9
47 37
43 37
322 34
221 34
208 37
10 34
237 34
240 37
212 37
145 37
96 37
433 37
83 38
114 37
141 38
22 38
336 37
359 37
144 38
183 34
52 9
353 34
33 34
442 37
31 38
400 37
177 37
406 37
207 38
320 34
429 37
32 34
484 37
166 38
488 37
444 37
53 38
272 37
115 37
128 34
480 34
475 38
463 37
334 34
327 37
354 37
172 37
432 37
366 37
367 37
218 38
341 37
112 34
19 34
199 37
314 34
121 37
29 37
246 38
467 34
152 37
60 34
392 38
263 38
377 34
44 37
45 34
120 38
427 37
318 38
294 37
273 37
452 34
27 37
89 37
232 34
65 34
88 34
448 9
163 34
312 38
15 37
111 37
20 38
147 37
387 34
69 9
245 37
244 37
371 38
73 37
285 37
423 37
486 37
439 37
26 34
389 34
450 38
402 9
357 37
247 34
57 37
94 37
181 37
68 37
260 37
123 38
170 37
176 34
205 37
run time cost of algorithm DRT_AG is 0.003382seconds
