8854000 170 17
691 25
370 25
195 25
466 25
443 25
166 9
326 25
157 25
219 25
313 25
396 34
192 9
779 9
170 25
777 41
534 9
699 25
660 25
109 25
113 25
541 25
453 25
162 9
183 25
749 25
188 41
426 25
690 25
656 9
715 34
516 25
415 25
61 25
757 25
636 25
284 41
328 25
579 25
524 25
345 25
72 25
167 9
42 25
104 25
506 25
727 25
110 25
390 25
198 25
189 25
469 25
257 34
585 25
664 25
554 41
468 25
160 9
440 25
451 25
560 25
540 25
303 41
758 25
260 34
581 25
552 9
333 25
338 25
641 25
760 25
778 25
675 25
627 25
611 25
127 25
593 25
209 25
44 25
1 34
263 25
301 25
81 41
734 25
763 25
650 41
211 25
225 25
218 25
645 41
329 25
452 25
488 25
619 25
352 34
702 25
708 25
259 25
595 25
601 25
19 41
15 41
124 41
368 41
60 34
372 41
175 41
556 41
486 41
633 9
187 41
663 41
224 41
297 41
371 9
161 41
265 41
227 41
348 41
299 41
459 41
414 41
5 41
182 41
381 41
728 41
63 41
613 41
27 41
546 41
145 41
134 41
82 41
485 41
752 34
496 41
709 41
235 41
141 41
591 34
755 9
455 41
207 9
680 41
538 41
331 41
444 41
761 41
318 41
587 9
395 41
456 41
714 41
454 41
725 41
366 41
509 41
276 41
101 9
26 41
78 41
106 41
517 34
683 41
159 41
384 34
125 41
203 41
532 41
29 9
561 41
623 41
586 41
616 41
567 41
197 9
31 41
181 41
102 41
309 41
76 41
424 37
405 41
71 41
744 41
379 41
747 41
311 41
153 41
607 41
774 41
480 41
448 41
94 41
229 41
717 34
199 41
523 37
358 38
686 38
123 37
594 41
527 34
246 37
394 37
133 37
294 37
287 37
775 38
122 34
13 37
557 9
599 37
164 37
380 37
583 38
24 37
388 9
592 37
245 9
242 34
70 37
515 38
369 38
669 37
105 37
149 37
416 38
359 37
676 38
111 34
608 38
178 9
529 37
697 37
91 37
732 37
667 37
231 37
726 38
634 9
20 37
460 37
95 37
350 38
638 37
668 37
85 37
662 37
344 37
393 38
551 34
116 34
409 37
37 34
173 38
289 37
626 37
748 9
693 34
783 37
18 38
522 37
4 37
511 37
239 37
169 37
504 37
75 37
57 38
391 34
521 34
307 37
103 37
241 38
472 37
482 37
570 37
438 9
609 37
6 37
578 37
47 38
722 38
354 37
281 37
365 37
177 37
464 37
213 38
564 37
431 38
542 37
707 37
412 37
401 38
62 9
769 38
628 38
59 37
292 9
304 38
400 34
308 37
712 37
349 37
543 37
432 37
280 37
555 37
7 38
373 38
718 34
654 37
657 37
549 37
240 37
484 37
174 37
720 34
310 37
631 37
314 37
88 37
411 37
206 38
706 37
637 34
325 37
445 37
2 38
467 37
220 37
228 9
487 37
100 34
525 37
48 34
363 37
119 34
351 37
283 9
721 37
651 37
530 38
250 34
138 37
493 37
108 37
498 38
291 37
270 38
519 9
512 37
558 37
126 38
137 37
646 37
644 38
140 37
450 37
46 38
99 38
671 9
508 37
14 37
442 37
38 9
293 37
406 37
429 38
700 37
130 37
25 37
688 37
750 34
576 34
528 37
479 9
32 38
28 38
156 37
10 37
548 37
288 37
462 38
347 37
572 34
696 34
510 38
597 37
624 37
266 37
403 37
205 37
580 38
417 37
428 38
279 38
237 37
163 37
275 38
399 37
12 37
677 37
457 9
129 37
389 9
754 37
320 37
273 37
66 37
573 34
590 37
258 38
58 37
621 9
41 34
513 37
324 37
290 37
45 38
64 38
610 37
144 37
771 38
364 37
711 37
312 38
674 37
655 8
596 37
652 37
374 34
375 38
505 34
155 37
495 37
107 37
625 38
562 37
305 38
196 38
475 38
606 37
665 37
252 34
446 37
589 38
731 38
392 38
577 34
672 37
112 37
553 34
670 38
685 37
321 37
226 38
473 9
387 34
50 37
518 38
34 9
77 37
56 34
537 37
337 34
190 37
385 38
536 34
341 37
193 37
343 37
264 37
179 38
398 37
574 37
681 38
531 37
185 37
764 38
535 37
150 37
422 38
184 34
243 37
68 37
253 37
520 38
200 37
682 37
568 34
502 37
491 38
49 37
208 37
615 37
0 37
121 37
67 34
382 37
514 37
434 34
492 38
236 37
54 37
661 37
84 9
449 38
80 36
770 38
21 38
216 37
425 9
735 9
356 34
684 38
739 38
402 34
477 38
17 37
230 37
746 38
251 37
458 34
640 34
703 34
215 38
582 38
33 38
762 37
244 38
339 34
86 34
584 38
605 37
419 37
234 9
766 38
79 38
539 37
501 9
120 37
642 38
569 34
40 37
470 37
247 34
503 38
723 38
367 38
768 38
544 34
36 37
286 37
330 34
143 34
135 37
131 37
171 37
214 37
545 37
319 37
180 37
3 34
704 37
317 37
238 25
377 41
694 38
604 37
118 37
172 37
165 37
272 37
152 34
776 37
151 37
421 37
476 37
404 38
386 9
565 34
497 37
740 37
282 37
526 34
332 37
692 34
327 37
302 34
489 38
782 38
261 34
300 34
268 34
22 34
221 34
146 34
413 34
649 38
575 34
598 34
689 38
139 34
433 38
465 38
89 38
51 34
742 38
202 34
658 34
701 34
481 34
471 38
355 34
733 34
614 34
335 34
83 34
435 34
115 38
35 38
724 34
158 34
254 38
248 34
39 34
249 34
474 34
357 34
729 34
334 9
114 34
176 38
298 34
55 34
92 34
30 34
383 34
603 38
622 33
678 34
212 34
620 38
256 34
745 38
563 34
420 34
267 34
705 38
316 34
69 38
441 34
617 34
43 34
600 34
222 34
629 34
659 34
673 38
772 34
430 34
427 34
483 34
93 34
8 34
741 38
494 34
128 34
679 34
743 34
361 34
96 34
274 34
533 34
117 38
136 34
360 34
499 34
635 34
362 34
653 34
666 34
436 38
11 34
463 34
736 34
759 38
53 34
410 38
439 34
65 34
547 34
255 34
550 9
295 34
765 34
571 34
423 34
447 34
262 34
602 34
500 38
194 34
336 38
232 34
566 34
186 34
277 34
223 34
323 34
630 34
73 38
559 34
168 34
418 34
74 38
618 34
98 34
713 34
397 38
738 34
315 34
285 9
52 9
233 34
278 38
217 34
97 34
730 34
751 34
296 34
340 38
322 34
408 34
756 34
737 34
23 34
478 34
148 34
16 34
643 9
201 34
781 34
376 34
719 34
437 34
648 34
147 9
346 38
490 34
753 34
269 34
507 34
342 34
695 34
716 38
204 34
710 38
87 9
378 34
407 34
132 34
191 33
461 34
773 34
698 34
647 34
210 38
780 33
154 38
142 34
612 34
353 34
687 34
588 34
632 34
306 34
767 34
639 34
90 34
9 34
271 34
run time cost of algorithm DRT_AG is 0.00647seconds
