2874800 97 17
274 9
204 9
146 34
439 9
295 9
250 9
240 9
10 9
221 9
199 9
424 9
89 9
389 9
338 9
263 9
200 9
123 9
117 9
70 9
54 9
41 9
292 9
238 9
236 9
212 9
107 9
446 9
27 9
82 9
300 9
248 9
0 9
372 9
21 9
357 9
393 9
159 34
187 9
367 9
311 9
433 9
436 9
203 34
354 9
373 9
447 9
94 9
219 9
217 9
175 9
109 9
258 9
401 9
233 9
143 9
359 9
410 9
456 9
224 9
120 9
126 9
97 9
231 34
59 9
381 9
214 9
251 9
184 9
247 9
47 9
26 9
307 9
230 9
192 9
270 34
387 34
479 9
317 9
416 9
294 9
356 9
384 9
207 9
476 9
385 9
293 9
215 9
425 9
166 9
186 9
421 34
337 9
451 9
383 9
409 9
397 9
228 9
358 9
241 9
15 9
399 9
485 9
152 9
406 9
361 9
13 34
273 9
43 9
35 9
480 9
351 9
279 9
335 9
331 9
310 9
180 9
363 9
78 9
218 9
398 9
4 9
318 9
428 9
374 9
226 9
77 9
326 9
125 9
484 9
58 9
288 9
464 9
173 9
127 9
182 9
67 9
254 9
465 9
411 9
202 9
130 9
46 9
40 9
380 9
188 9
90 9
62 9
160 9
151 9
315 9
268 9
141 9
23 34
305 9
179 9
281 9
49 9
275 9
57 34
100 9
306 9
118 9
378 9
42 9
3 9
66 9
472 9
18 9
462 9
297 9
138 9
257 9
8 9
79 9
86 9
103 9
115 34
365 9
38 9
30 9
72 9
283 9
407 9
144 9
252 9
308 9
481 9
477 9
256 9
414 9
137 9
394 9
121 9
334 9
122 9
211 9
352 9
63 9
191 9
360 34
441 9
142 9
209 9
277 9
170 9
444 9
145 9
155 9
157 9
213 9
29 9
25 9
470 9
419 9
426 9
7 9
75 9
255 9
347 9
272 9
392 9
376 34
454 9
432 9
364 34
9 9
302 9
235 9
96 9
276 9
330 9
289 9
135 9
336 9
64 9
474 9
321 9
37 9
205 9
312 9
181 9
108 9
350 9
368 9
242 9
197 9
259 9
422 9
85 9
377 34
177 9
124 9
101 9
442 9
267 9
478 9
287 9
370 9
400 9
322 9
415 9
168 0
271 9
167 9
201 9
44 9
84 9
457 9
344 9
353 9
194 9
264 9
148 0
92 9
332 9
208 34
291 9
296 9
386 9
198 9
1 9
164 9
278 9
95 9
423 0
346 0
93 0
379 9
147 9
298 9
488 34
17 0
174 9
371 9
286 9
459 9
24 34
74 9
83 9
102 0
33 9
14 9
193 34
404 9
28 9
261 9
440 9
119 9
55 34
61 9
68 9
234 9
303 9
420 0
178 9
156 9
489 9
52 34
134 9
195 0
434 9
229 9
169 34
56 0
466 9
290 34
418 9
382 9
165 9
20 9
390 9
34 9
129 9
342 0
345 9
449 9
114 9
471 0
73 9
339 9
340 9
460 9
163 9
98 9
216 34
391 9
71 9
136 9
133 34
237 9
299 9
413 0
87 9
19 9
412 9
448 0
53 9
463 9
483 9
5 34
225 9
328 0
149 9
16 34
227 0
408 9
482 9
150 9
320 9
222 9
172 34
210 9
116 9
355 9
369 9
429 9
232 9
113 0
106 9
438 9
443 0
161 9
153 9
319 9
185 9
417 0
239 9
341 0
22 9
313 34
430 9
32 9
323 9
402 9
140 34
245 0
223 9
69 9
458 9
11 9
325 34
314 9
220 9
91 9
266 9
39 34
362 9
343 9
31 9
249 0
112 9
468 9
469 9
45 9
301 0
48 9
60 9
262 9
453 9
104 9
405 9
190 9
349 9
253 9
427 9
65 9
304 9
309 9
435 9
450 0
445 0
12 9
131 9
80 0
265 0
403 9
395 9
437 9
244 9
246 9
467 9
105 34
132 9
154 9
158 0
128 34
50 9
81 34
110 9
348 9
396 0
51 9
183 0
139 0
162 9
206 34
171 9
431 9
243 9
282 34
76 9
475 9
260 9
196 34
111 0
455 9
88 9
487 0
452 9
486 0
461 9
176 0
6 0
269 9
327 9
280 9
285 9
329 9
284 9
388 9
189 0
375 0
2 9
366 9
316 9
36 9
99 0
333 9
473 9
324 9
run time cost of algorithm DRT_BD is 0.125634seconds
