2092400 104 68
0 34
1 34
2 0
3 34
4 34
5 34
6 34
7 34
8 34
9 34
10 34
11 34
12 34
13 34
14 34
15 34
16 34
17 34
18 34
19 34
20 34
21 34
22 34
23 34
24 34
25 34
26 34
27 34
28 34
29 34
30 34
31 34
32 34
33 41
34 34
35 0
36 0
37 34
38 0
39 34
40 34
41 34
42 34
43 34
44 34
45 34
46 34
47 34
48 34
49 34
50 34
51 34
52 34
53 34
54 34
55 34
56 34
57 34
58 0
59 0
60 34
61 34
62 34
63 34
64 34
65 34
66 34
67 34
68 34
69 41
70 34
71 34
72 34
73 0
74 34
75 34
76 34
77 34
78 34
79 41
80 34
81 0
82 34
83 34
84 34
85 34
86 34
87 34
88 34
89 34
90 34
91 8
92 34
93 34
94 34
95 34
96 34
97 41
98 34
99 34
100 0
101 34
102 34
103 34
104 41
105 34
106 34
107 41
108 34
109 34
110 34
111 34
112 34
113 34
114 34
115 34
116 34
117 34
118 1
119 41
120 34
121 34
122 34
123 41
124 41
125 0
126 34
127 34
128 34
129 34
130 34
131 0
132 34
133 34
134 34
135 34
136 34
137 41
138 41
139 0
140 34
141 41
142 34
143 34
144 41
145 34
146 34
147 34
148 34
149 34
150 34
151 41
152 34
153 34
154 34
155 34
156 34
157 34
158 34
159 34
160 34
161 34
162 41
163 34
164 0
165 34
166 34
167 41
168 34
169 41
170 34
171 34
172 41
173 34
174 34
175 41
176 8
177 34
178 34
179 34
180 41
181 34
182 41
183 34
184 34
185 34
186 34
187 34
188 34
189 34
190 34
191 41
192 41
193 34
194 34
195 34
196 34
197 34
198 34
199 34
200 34
201 34
202 41
203 34
204 41
205 34
206 34
207 34
208 41
209 41
210 34
211 34
212 34
213 0
214 0
215 34
216 34
217 34
218 34
219 34
220 34
221 41
222 34
223 8
224 34
225 34
226 0
227 0
228 41
229 41
230 34
231 34
232 34
233 34
234 41
235 34
236 34
237 41
238 34
239 34
240 41
241 34
242 34
243 34
244 34
245 34
246 34
247 34
248 34
249 34
250 41
251 34
252 34
253 34
254 34
255 41
256 0
257 34
258 34
259 41
260 34
261 0
262 34
263 34
264 41
265 41
266 34
267 34
268 34
269 34
270 34
271 41
272 0
273 34
274 34
275 34
276 41
277 34
278 34
279 41
280 41
281 41
282 34
283 0
284 0
285 34
286 34
287 34
288 41
289 34
290 0
291 34
292 34
293 34
294 34
295 34
296 41
297 34
298 34
299 41
300 34
301 34
302 34
303 34
304 34
305 34
306 34
307 34
308 41
309 34
310 34
311 34
312 34
313 34
314 34
315 34
316 34
317 34
318 41
319 34
320 41
321 34
322 34
323 34
324 41
325 34
326 34
327 34
328 41
329 34
330 41
331 34
332 41
333 34
334 34
335 34
336 34
337 34
338 34
339 34
340 34
341 34
342 34
343 34
344 41
345 41
346 34
347 41
348 34
349 34
350 8
351 34
352 34
353 41
354 34
355 41
356 34
357 34
358 34
359 41
360 41
361 34
362 41
363 34
364 34
365 34
366 34
367 8
368 34
369 34
370 34
371 8
372 41
373 34
374 41
375 34
376 8
377 34
378 34
379 34
380 34
381 34
382 34
383 8
384 41
385 34
386 34
387 34
388 34
389 41
390 34
391 41
392 34
393 34
394 34
395 41
396 34
397 34
398 41
399 0
400 34
401 34
402 41
403 34
404 41
405 34
406 8
407 8
408 34
409 34
410 41
411 34
412 34
413 34
414 41
415 34
416 41
417 34
418 41
419 34
420 34
421 34
422 34
423 34
424 41
425 34
426 34
427 41
428 0
429 41
430 41
431 34
432 34
433 34
434 34
435 41
436 41
437 41
438 34
439 41
440 34
441 34
442 41
443 34
444 41
445 34
446 41
447 41
448 34
449 34
450 0
451 41
452 0
453 34
454 8
455 34
456 41
457 41
458 34
459 34
460 34
461 41
462 41
463 34
464 34
465 0
466 41
467 41
468 34
469 8
470 34
471 41
472 34
473 41
474 41
475 41
476 34
477 41
478 34
479 34
480 0
481 41
482 41
483 34
484 34
485 41
486 34
487 34
488 41
489 41
490 41
491 8
492 34
493 34
494 0
495 41
496 34
497 34
498 34
499 34
500 34
501 41
502 8
503 41
504 41
505 41
506 34
507 34
508 41
509 34
510 34
511 34
512 34
513 34
514 0
515 41
516 41
517 34
518 34
519 8
520 8
521 34
522 34
523 41
524 34
525 34
526 34
527 41
528 41
529 34
530 34
531 34
532 34
533 34
534 34
535 34
536 0
537 34
538 41
539 34
540 41
541 34
542 34
543 41
544 41
545 34
546 41
547 34
548 34
549 8
550 41
551 34
552 34
553 34
554 41
555 34
556 34
557 34
558 8
559 41
560 41
561 34
562 34
run time cost of algorithm SM_CTP is 0.800494seconds
