3852800 120 56
0 29
1 29
2 0
3 29
4 34
5 29
6 29
7 29
8 34
9 29
10 29
11 29
12 34
13 34
14 29
15 34
16 29
17 29
18 29
19 29
20 29
21 34
22 29
23 34
24 34
25 29
26 29
27 29
28 29
29 0
30 29
31 29
32 34
33 29
34 29
35 29
36 34
37 29
38 29
39 29
40 29
41 29
42 34
43 0
44 29
45 29
46 29
47 29
48 29
49 34
50 29
51 29
52 34
53 29
54 0
55 29
56 0
57 29
58 29
59 29
60 34
61 34
62 29
63 34
64 29
65 34
66 29
67 29
68 34
69 29
70 29
71 0
72 29
73 29
74 29
75 29
76 29
77 0
78 34
79 29
80 29
81 29
82 29
83 29
84 29
85 34
86 0
87 29
88 29
89 29
90 29
91 29
92 34
93 29
94 29
95 29
96 29
97 29
98 29
99 34
100 34
101 34
102 29
103 29
104 29
105 8
106 29
107 29
108 41
109 29
110 29
111 34
112 29
113 29
114 29
115 34
116 29
117 29
118 34
119 29
120 29
121 34
122 29
123 29
124 29
125 34
126 0
127 29
128 0
129 29
130 29
131 29
132 29
133 29
134 34
135 29
136 29
137 29
138 29
139 0
140 29
141 29
142 29
143 29
144 29
145 34
146 34
147 29
148 34
149 0
150 0
151 29
152 29
153 34
154 29
155 29
156 29
157 29
158 29
159 29
160 29
161 29
162 34
163 29
164 29
165 34
166 29
167 29
168 34
169 34
170 29
171 0
172 34
173 29
174 34
175 29
176 29
177 29
178 29
179 34
180 29
181 29
182 29
183 34
184 34
185 34
186 29
187 29
188 29
189 29
190 29
191 34
192 29
193 0
194 29
195 0
196 34
197 34
198 34
199 29
200 29
201 41
202 34
203 34
204 29
205 29
206 29
207 29
208 34
209 29
210 34
211 34
212 29
213 41
214 34
215 29
216 29
217 29
218 0
219 29
220 29
221 34
222 34
223 34
224 0
225 29
226 29
227 29
228 29
229 34
230 29
231 0
232 34
233 29
234 34
235 29
236 29
237 29
238 34
239 29
240 29
241 29
242 29
243 34
244 34
245 34
246 29
247 29
248 29
249 29
250 34
251 29
252 29
253 0
254 29
255 29
256 34
257 29
258 34
259 29
260 34
261 34
262 29
263 34
264 29
265 34
266 34
267 0
268 29
269 29
270 34
271 29
272 29
273 34
274 29
275 29
276 29
277 41
278 29
279 34
280 29
281 34
282 34
283 29
284 29
285 34
286 34
287 29
288 29
289 29
290 34
291 34
292 29
293 29
294 29
295 34
296 34
297 29
298 29
299 34
300 29
301 29
302 29
303 29
304 34
305 34
306 29
307 29
308 34
309 29
310 41
311 34
312 34
313 34
314 29
315 29
316 29
317 0
318 29
319 29
320 29
321 0
322 29
323 29
324 0
325 29
326 34
327 29
328 29
329 29
330 29
331 29
332 34
333 29
334 34
335 34
336 29
337 29
338 34
339 34
340 29
341 34
342 34
343 34
344 34
345 34
346 34
347 29
348 41
349 34
350 34
351 34
352 34
353 34
354 34
355 0
356 41
357 34
358 34
359 41
360 34
361 34
362 34
363 29
364 34
365 34
366 0
367 34
368 34
369 41
370 34
371 41
372 34
373 34
374 34
375 34
376 34
377 0
378 34
379 34
380 34
381 41
382 34
383 34
384 34
385 34
386 41
387 0
388 34
389 41
390 34
391 34
392 34
393 34
394 34
395 34
396 34
397 34
398 41
399 34
400 34
401 34
402 41
403 34
404 34
405 41
406 34
407 34
408 34
409 34
410 34
411 34
412 34
413 0
414 34
415 41
416 34
417 34
418 34
419 41
420 34
421 41
422 41
423 34
424 34
425 41
426 34
427 0
428 34
429 8
430 34
run time cost of algorithm SM_CTP is 0.618246seconds
