1618800 109 69
135 34
416 34
369 34
472 34
360 34
209 34
208 0
42 34
202 34
226 0
195 34
159 34
12 0
162 34
430 34
218 34
65 34
483 0
80 34
274 34
414 34
437 34
99 34
448 34
143 34
13 34
150 34
423 34
28 34
466 34
296 34
69 34
189 34
288 34
77 34
35 34
122 34
310 34
389 34
116 34
373 34
50 34
203 34
101 34
239 34
334 34
381 34
238 34
92 34
432 34
41 34
88 34
281 34
241 0
175 34
252 34
420 34
396 34
425 34
368 34
23 34
67 34
404 34
182 34
463 34
32 34
66 34
219 34
249 0
138 34
206 34
31 34
299 34
443 34
200 34
160 34
371 34
170 34
431 34
94 34
48 34
308 34
136 34
498 34
184 34
419 34
388 34
183 34
304 34
485 34
157 34
118 0
54 34
120 34
441 34
172 34
501 34
236 34
442 34
391 34
270 34
148 34
342 34
176 34
507 34
257 34
319 34
225 34
285 34
140 34
153 34
49 34
24 34
199 34
34 34
477 34
53 34
246 34
506 34
166 0
283 34
19 34
429 34
174 34
81 34
44 34
30 34
177 34
273 34
454 34
181 0
473 34
276 34
211 34
320 34
85 0
197 34
336 34
73 34
95 34
382 34
59 0
435 34
126 34
445 34
524 34
323 34
237 34
20 34
111 34
36 34
348 34
152 34
314 34
366 34
141 34
214 34
361 34
78 34
223 34
383 34
347 34
186 34
459 34
231 34
390 34
267 0
409 34
147 34
453 24
134 0
108 34
107 34
410 34
364 34
495 34
96 34
46 34
158 34
327 34
40 34
341 34
476 34
375 34
3 34
487 34
60 34
458 34
117 34
309 34
121 34
124 34
346 34
193 34
11 34
399 34
254 34
139 34
198 34
300 34
494 34
294 34
516 34
324 34
71 34
427 34
232 34
221 34
356 34
269 34
105 34
352 0
522 24
502 34
156 34
242 34
456 34
178 34
168 34
331 34
340 34
513 34
10 34
317 34
196 34
25 34
353 34
500 34
297 34
292 34
436 34
377 34
146 34
0 34
210 34
7 34
325 34
37 34
47 34
61 34
367 34
484 34
75 34
374 34
468 34
395 34
401 34
277 34
4 34
338 34
339 34
251 34
422 34
479 34
512 34
161 34
87 34
128 34
480 34
457 34
119 34
164 34
504 34
469 34
185 34
83 34
113 34
426 34
38 34
56 0
243 0
490 34
293 34
384 34
474 0
217 34
511 34
74 34
455 34
16 34
394 34
201 34
265 34
179 34
52 34
155 0
481 34
505 34
247 34
90 34
379 34
411 34
230 34
380 34
262 24
438 34
137 34
205 34
332 34
491 34
5 34
301 34
43 34
133 34
496 34
358 34
45 34
233 34
213 34
106 34
207 34
264 34
235 34
354 34
486 34
82 34
191 34
291 34
163 34
115 34
393 34
452 34
14 34
244 34
450 34
412 34
312 34
517 34
372 0
222 34
362 34
464 34
408 34
100 34
295 34
110 34
263 34
413 34
386 34
258 34
79 24
470 34
287 34
402 34
298 24
514 34
302 34
131 34
406 34
451 34
33 34
351 0
18 34
27 34
22 34
169 34
149 34
449 34
307 34
187 34
306 34
194 34
407 34
318 34
461 34
521 34
462 34
343 34
245 34
104 34
6 24
286 34
253 34
392 34
330 34
523 34
378 34
488 34
376 34
519 34
129 34
357 0
497 34
322 34
344 34
64 34
418 34
328 34
261 34
26 34
70 34
97 34
229 34
303 34
475 34
62 34
329 34
403 34
400 34
489 34
275 34
478 34
272 34
370 34
271 0
72 34
91 34
510 34
268 34
266 34
192 34
280 34
154 34
387 34
220 34
55 34
465 34
439 34
335 34
215 34
109 34
471 24
2 34
440 34
424 34
316 34
447 34
51 34
444 34
359 34
350 34
518 34
89 34
290 34
8 34
130 34
349 34
180 34
305 34
515 34
260 34
228 34
313 34
282 34
234 34
204 34
525 34
492 34
63 34
58 34
165 34
98 34
520 34
355 34
415 34
216 34
212 34
188 34
114 34
112 34
145 34
17 34
15 34
125 34
417 34
428 34
167 34
278 34
9 34
363 34
405 34
365 34
86 34
289 34
84 34
250 34
284 34
279 34
142 34
433 34
315 34
57 0
123 0
227 34
93 24
151 34
255 34
259 34
385 34
173 34
508 34
333 34
326 34
321 34
467 34
103 34
460 34
127 34
256 34
398 34
132 34
29 34
248 34
503 34
144 34
224 34
21 34
421 34
190 34
509 34
68 34
482 34
171 34
434 34
240 34
446 34
499 34
397 34
39 34
311 34
493 34
345 34
102 34
76 34
1 34
337 34
run time cost of algorithm DRT_BD is 0.14518seconds
