1080350 170 39
649 25
599 34
284 25
593 25
217 9
41 25
245 25
265 41
502 25
664 25
303 9
25 25
288 25
346 9
341 25
336 25
423 9
455 25
361 34
310 25
196 25
468 9
386 25
118 25
501 25
426 25
279 25
485 25
695 25
49 25
139 25
446 41
383 41
381 9
46 25
418 34
458 25
210 25
209 25
539 25
172 25
269 25
544 34
422 25
563 25
354 25
365 25
407 25
289 25
470 25
352 25
351 25
424 41
686 34
23 25
55 25
57 9
430 25
697 25
605 25
227 25
157 25
168 25
148 41
69 25
184 34
559 9
492 25
195 9
506 9
43 9
507 25
509 25
42 25
100 25
524 25
216 25
683 25
584 25
581 9
154 41
173 25
13 25
177 25
465 25
33 25
53 25
348 25
442 41
343 25
205 25
569 25
373 41
70 25
199 9
406 25
295 25
399 41
119 25
301 9
647 25
254 25
9 25
294 9
326 25
355 9
469 34
129 34
128 41
640 25
117 34
555 25
651 25
110 25
323 41
306 25
494 25
234 41
292 9
171 41
378 25
242 25
672 41
176 25
178 9
276 41
669 25
475 25
666 25
215 34
395 25
103 34
76 41
88 25
320 25
359 25
78 25
137 25
358 25
477 25
505 25
115 34
515 25
444 41
393 25
488 9
305 25
223 41
45 25
298 25
10 9
93 25
107 25
453 25
560 25
371 25
7 34
517 25
273 25
484 25
80 34
598 25
394 25
462 9
536 25
316 34
1 25
92 25
449 25
612 25
244 25
372 25
72 25
578 9
487 25
675 9
673 9
663 25
533 41
48 25
214 41
641 41
331 25
79 25
132 41
656 25
670 34
255 41
73 25
356 25
300 25
147 25
658 25
193 25
163 25
109 25
353 25
568 41
226 25
457 34
615 25
319 25
240 41
131 34
167 41
309 25
58 25
252 25
342 9
251 25
142 34
213 25
278 9
86 34
90 34
436 34
633 34
267 25
528 41
201 41
527 34
510 41
454 41
634 25
108 25
690 25
296 41
657 34
141 25
190 25
130 25
412 41
464 25
660 25
297 25
235 25
403 34
291 25
678 25
228 25
191 34
241 25
682 9
391 41
113 25
508 41
82 25
206 25
335 41
614 41
44 25
47 25
236 25
50 25
18 25
350 34
590 9
565 25
357 25
574 25
366 25
531 34
106 25
135 25
461 25
644 41
149 25
554 25
304 25
36 25
321 34
631 25
253 25
334 25
243 25
600 25
597 25
433 25
542 25
125 34
396 34
281 41
401 41
421 41
456 25
443 25
287 25
349 25
431 9
257 41
439 34
152 9
143 25
37 25
400 34
603 41
638 25
504 6
97 41
601 9
532 25
534 41
367 41
24 34
661 34
566 25
575 9
364 25
308 25
582 41
238 41
338 25
648 25
247 25
645 25
374 25
499 25
186 25
623 41
679 41
427 25
285 41
435 25
451 41
486 25
275 25
114 25
516 41
537 25
81 34
229 25
576 25
345 41
643 34
564 9
56 25
322 25
440 25
448 25
629 41
282 25
151 25
460 41
124 25
498 25
105 25
89 25
220 25
22 34
95 34
63 25
2 25
410 41
224 25
467 25
181 25
472 34
182 34
325 41
8 25
272 41
529 25
561 25
620 25
112 25
676 25
540 25
16 25
368 37
432 25
496 25
62 41
586 25
91 25
290 41
530 25
337 25
650 41
339 25
212 41
404 25
388 25
237 41
414 41
602 34
573 41
145 41
318 41
541 9
567 25
390 25
415 25
219 37
175 25
674 25
12 41
402 25
491 25
627 41
197 41
40 25
239 9
71 25
445 9
526 25
654 25
263 34
27 25
248 25
632 25
98 25
4 41
123 25
389 25
379 34
665 25
450 34
249 25
441 25
218 34
434 41
277 25
518 25
513 25
411 25
459 41
340 41
313 25
169 41
299 25
636 34
588 41
0 25
607 25
610 25
428 34
619 34
180 41
140 25
67 34
409 9
211 41
26 9
549 25
266 41
613 25
189 9
174 41
11 25
77 25
28 34
274 25
347 25
692 41
333 25
478 25
523 34
84 6
548 25
497 25
419 41
111 25
500 25
558 34
646 25
204 9
6 9
408 41
687 25
585 34
258 9
3 25
246 41
52 25
481 41
116 41
606 34
330 34
611 25
520 37
198 25
200 25
622 25
671 25
545 25
233 25
552 41
311 25
150 25
30 34
179 25
225 25
315 25
164 25
655 25
635 41
262 25
21 41
20 25
447 25
667 41
183 25
83 9
327 37
369 25
14 34
293 9
617 25
283 41
479 9
493 9
68 41
543 25
589 9
693 25
302 41
495 25
120 25
628 41
360 25
471 9
413 25
96 25
231 9
328 34
466 25
688 25
570 41
416 41
398 25
630 41
380 25
425 41
99 37
553 41
271 9
87 8
626 9
317 25
642 34
127 34
547 25
594 41
637 9
153 25
609 25
307 25
65 34
592 25
61 25
577 25
34 25
102 41
166 41
525 25
194 41
438 37
75 25
652 25
557 25
680 41
452 25
621 9
684 41
556 41
653 25
221 25
158 25
551 25
521 25
473 41
382 25
170 41
121 34
19 41
691 34
375 25
362 25
463 9
482 25
489 41
312 25
122 41
35 34
270 25
260 41
60 41
587 41
74 41
261 9
188 25
591 25
187 25
572 25
546 25
511 6
596 9
59 41
165 41
437 9
579 9
480 25
101 41
38 41
329 41
519 9
474 25
694 37
608 25
51 34
476 34
162 25
207 25
405 37
429 25
268 41
662 25
161 9
420 25
659 34
392 25
384 41
417 41
136 25
624 41
535 25
376 41
146 41
377 25
314 25
571 6
639 34
232 9
583 25
580 25
138 25
286 25
64 25
259 25
17 25
15 41
104 9
185 25
264 41
324 34
203 9
126 41
344 9
514 41
250 41
222 25
280 25
595 25
133 41
134 41
625 41
54 41
192 25
503 34
681 41
618 34
29 34
144 34
160 9
32 25
156 25
689 34
604 34
159 25
85 34
31 25
550 25
387 9
155 41
370 25
363 9
202 41
397 25
5 41
685 34
522 25
483 25
332 41
616 34
385 25
39 34
512 25
668 41
208 25
538 41
677 41
562 25
94 25
490 25
66 25
230 25
256 25
696 25
run time cost of algorithm DRT_AG is 0.006113seconds
