1113600 170 49
136 9
67 9
443 9
667 9
488 9
720 9
574 9
742 9
111 9
802 9
154 9
533 9
795 9
372 9
622 9
600 9
217 9
641 9
426 9
227 9
367 9
175 9
176 9
509 9
778 9
287 9
328 9
653 9
828 34
190 9
303 9
718 9
109 9
329 9
71 9
681 9
168 9
399 9
754 9
570 9
20 34
62 9
688 9
743 9
144 9
42 9
315 9
78 9
3 9
354 9
728 9
822 9
439 9
712 9
355 9
547 9
56 9
149 9
348 9
43 9
815 9
87 34
301 9
559 34
506 9
562 9
179 9
469 9
15 9
602 9
680 9
214 9
232 9
265 9
629 9
336 9
279 9
248 9
412 9
668 9
790 9
52 9
177 34
780 9
172 9
357 9
86 9
744 34
545 6
164 9
233 9
517 6
477 9
595 9
170 9
762 6
732 9
485 9
228 34
307 9
782 34
727 9
102 9
549 9
635 9
793 9
106 9
673 9
550 9
192 9
187 9
94 6
527 34
263 34
461 9
823 9
699 9
326 9
544 9
178 9
684 6
604 9
789 9
290 6
779 9
437 9
552 9
30 6
163 9
126 6
542 9
272 9
575 9
83 9
462 9
752 9
332 9
430 9
568 9
181 9
65 9
424 6
398 9
826 9
113 9
711 9
415 9
460 9
201 9
489 9
627 9
304 9
750 9
441 9
825 9
155 6
156 9
157 9
208 9
494 9
96 9
34 9
586 9
210 9
32 9
523 9
11 34
289 9
377 9
432 9
776 9
511 9
777 34
774 9
648 9
21 9
520 9
380 9
630 9
593 9
796 9
299 9
636 9
578 9
349 9
692 9
323 9
419 6
560 9
89 34
492 9
493 9
19 9
476 9
733 9
370 9
456 9
408 9
59 6
260 9
658 9
683 9
356 9
495 9
291 34
384 9
161 9
463 9
295 9
147 9
98 9
642 9
693 34
571 9
607 34
613 9
661 6
662 9
337 9
75 9
84 9
678 9
107 9
282 9
572 9
634 9
640 6
308 9
556 9
266 34
230 9
292 6
643 9
63 9
491 9
319 6
644 9
389 6
808 9
23 34
410 9
510 9
158 9
771 9
200 34
490 34
686 34
218 9
18 34
76 9
418 9
753 6
618 9
747 6
611 9
737 9
246 6
731 9
649 9
259 9
245 9
576 6
563 34
314 9
587 9
705 9
148 9
597 9
350 9
213 9
671 9
620 9
112 9
220 34
521 9
346 9
361 9
486 9
669 9
654 9
284 9
647 9
281 34
229 9
185 6
482 9
553 9
565 9
288 9
566 9
567 9
573 9
211 9
429 9
617 9
116 9
830 9
72 34
240 9
730 9
341 9
767 9
27 9
17 9
309 9
14 6
77 9
787 9
513 6
518 6
558 34
591 9
664 9
390 34
496 9
49 6
502 34
515 34
169 34
531 9
467 9
153 9
821 34
133 9
594 9
321 9
624 6
650 9
758 9
393 9
749 9
745 34
373 9
717 6
244 9
48 9
0 34
501 9
219 9
761 9
225 6
226 9
131 9
44 9
748 6
794 9
234 9
685 9
378 9
285 9
64 9
691 9
352 9
722 9
160 9
638 9
689 9
804 6
344 9
529 9
108 9
751 9
483 9
675 9
189 9
698 9
312 9
143 9
740 9
609 9
174 6
690 9
254 34
237 9
818 9
534 9
651 9
363 9
700 9
739 6
707 6
141 6
769 6
138 6
391 6
137 9
827 9
142 9
676 9
387 9
478 9
481 9
73 34
351 9
58 9
293 9
364 34
215 34
105 9
97 9
525 9
805 6
275 9
677 9
392 34
801 9
347 9
582 9
31 34
374 9
540 9
601 9
757 6
619 9
322 9
530 9
241 9
788 9
457 6
235 9
375 9
95 6
183 6
625 34
251 9
807 9
760 9
338 6
297 9
799 9
383 9
118 9
487 9
261 9
81 9
666 9
599 9
47 9
331 9
532 9
39 9
592 8
528 6
716 6
396 6
128 9
334 9
41 9
13 9
798 9
388 9
150 6
286 9
614 34
339 9
277 9
420 34
100 9
679 9
104 9
51 9
2 9
569 9
385 9
91 9
394 6
466 9
223 9
580 9
536 34
238 9
786 34
817 9
406 6
85 34
598 9
397 9
253 9
516 6
50 6
781 9
252 9
125 9
124 9
773 9
359 34
119 9
445 9
191 9
24 9
446 9
697 9
655 9
10 9
151 9
639 9
557 9
729 9
498 9
660 9
333 9
548 6
413 6
519 6
414 9
537 9
395 9
60 9
171 9
588 6
809 6
416 9
345 9
672 9
554 9
165 6
162 6
224 9
37 34
262 34
257 6
632 9
306 9
449 9
135 9
755 9
811 6
204 9
317 9
411 9
152 6
663 34
186 9
819 9
294 6
708 9
606 9
16 9
122 6
792 9
311 6
447 9
450 9
45 6
564 6
812 9
546 6
40 34
90 9
687 9
318 9
173 9
366 9
199 9
324 6
535 9
829 9
258 10
242 9
459 34
313 9
25 9
770 9
583 6
746 6
130 34
455 9
222 34
196 6
401 6
167 9
6 9
79 9
657 6
784 34
454 9
120 9
202 9
8 6
343 9
472 9
247 34
814 9
526 9
5 9
738 9
590 9
589 9
512 9
674 9
93 6
264 9
696 9
145 9
522 9
80 9
7 6
473 9
791 34
800 9
409 6
342 9
197 9
256 9
121 9
723 6
810 6
435 9
88 9
382 9
28 9
719 9
458 9
206 34
101 9
423 6
694 9
129 9
216 9
236 9
310 9
61 9
538 9
425 9
820 6
615 9
9 6
701 9
736 9
110 9
239 9
69 9
652 9
273 9
500 9
276 9
766 9
207 9
305 6
724 9
184 9
646 9
132 6
756 9
1 9
194 9
764 9
484 9
735 6
26 9
386 9
436 9
508 9
628 9
555 6
551 6
465 9
159 9
369 9
268 6
115 6
358 9
497 9
22 9
710 9
725 9
298 9
433 34
803 9
140 9
68 9
505 34
99 9
468 9
195 9
117 6
507 6
36 10
438 9
381 9
474 9
82 9
713 9
670 6
54 6
127 9
405 9
444 9
55 34
702 9
371 9
362 9
57 6
134 9
451 9
407 9
46 9
368 9
448 6
734 6
514 9
656 9
427 6
579 6
610 9
452 6
280 9
402 34
198 6
340 9
659 9
543 9
605 9
330 9
440 9
417 6
360 9
421 9
596 9
209 9
353 6
92 9
296 9
706 9
581 9
249 6
768 9
612 9
431 34
637 9
524 9
271 9
379 6
775 10
231 9
633 9
539 9
541 34
38 6
404 9
709 9
442 9
205 10
785 9
188 9
621 6
103 9
479 9
66 6
29 9
682 34
464 9
335 9
270 9
146 6
182 9
623 34
325 9
428 9
759 9
616 9
365 6
4 6
269 9
585 9
631 6
765 34
704 6
503 9
434 6
35 6
327 9
824 6
603 9
12 34
166 9
584 9
283 9
453 9
243 9
139 9
714 9
53 6
783 9
813 9
816 6
376 9
267 6
561 9
763 9
470 6
274 9
665 9
726 9
471 9
193 9
302 9
123 6
316 9
504 9
212 9
114 6
422 9
300 6
608 9
806 9
221 34
645 6
74 9
70 6
695 6
203 9
715 6
250 9
475 9
480 9
772 9
180 6
278 6
33 6
626 9
797 6
577 9
400 6
703 9
721 6
741 6
255 9
320 6
499 9
403 6
run time cost of algorithm DRT_AG is 0.008162seconds
