4887400 97 16
0 34
1 34
2 0
3 0
4 0
5 0
6 0
7 0
8 0
9 0
10 0
11 0
12 0
13 0
14 0
15 0
16 0
17 0
18 0
19 0
20 0
21 0
22 0
23 34
24 0
25 0
26 0
27 0
28 34
29 0
30 0
31 1
32 0
33 0
34 0
35 0
36 0
37 0
38 0
39 0
40 0
41 0
42 0
43 0
44 0
45 0
46 0
47 0
48 0
49 1
50 0
51 0
52 0
53 0
54 1
55 0
56 1
57 0
58 0
59 0
60 0
61 0
62 0
63 0
64 0
65 0
66 0
67 0
68 0
69 0
70 0
71 0
72 0
73 0
74 0
75 0
76 0
77 0
78 0
79 0
80 0
81 0
82 0
83 0
84 0
85 1
86 0
87 0
88 1
89 0
90 0
91 0
92 0
93 34
94 0
95 0
96 1
97 0
98 0
99 0
100 0
101 0
102 0
103 1
104 1
105 0
106 0
107 1
108 0
109 1
110 0
111 0
112 0
113 0
114 0
115 0
116 1
117 0
118 0
119 34
120 0
121 0
122 0
123 0
124 0
125 0
126 0
127 0
128 1
129 0
130 0
131 0
132 0
133 1
134 0
135 0
136 0
137 0
138 0
139 0
140 0
141 0
142 0
143 0
144 0
145 0
146 0
147 0
148 0
149 1
150 0
151 0
152 0
153 0
154 0
155 0
156 0
157 1
158 0
159 34
160 0
161 34
162 0
163 0
164 0
165 0
166 0
167 1
168 0
169 0
170 0
171 34
172 1
173 0
174 0
175 0
176 0
177 0
178 0
179 0
180 0
181 0
182 0
183 0
184 1
185 0
186 1
187 0
188 34
189 0
190 0
191 0
192 0
193 0
194 0
195 1
196 0
197 0
198 0
199 0
200 1
201 0
202 0
203 34
204 0
205 0
206 0
207 0
208 0
209 0
210 0
211 0
212 0
213 1
214 0
215 0
216 0
217 0
218 0
219 0
220 34
221 0
222 0
223 0
224 0
225 0
226 0
227 1
228 0
229 0
230 0
231 0
232 1
233 0
234 0
235 0
236 0
237 0
238 1
239 0
240 0
241 1
242 0
243 0
244 1
245 0
246 0
247 0
248 0
249 0
250 1
251 1
252 0
253 0
254 0
255 0
256 0
257 34
258 0
259 0
260 0
261 1
262 0
263 0
264 1
265 0
266 0
267 0
268 0
269 0
270 0
271 0
272 0
273 0
274 0
275 0
276 34
277 0
278 0
279 1
280 0
281 0
282 0
283 34
284 0
285 1
286 0
287 0
288 0
289 0
290 0
291 0
292 0
293 0
294 0
295 0
296 0
297 1
298 0
299 0
300 0
301 0
302 0
303 0
304 0
305 0
306 1
307 0
308 0
309 34
310 34
311 0
312 1
313 0
314 0
315 0
316 0
317 1
318 0
319 2
320 0
321 0
322 1
323 0
324 0
325 34
326 1
327 1
328 0
329 0
330 0
331 34
332 1
333 0
334 0
335 0
336 0
337 1
338 0
339 1
340 0
341 0
342 1
343 0
344 0
345 0
346 0
347 0
348 0
349 0
350 1
351 0
352 0
353 0
354 0
355 1
356 0
357 0
358 1
359 0
360 0
361 1
362 0
363 34
364 0
365 1
366 34
367 0
368 0
369 1
370 0
371 0
372 0
373 0
374 0
375 0
376 1
377 0
378 1
379 0
380 0
381 0
382 0
383 0
384 1
385 1
386 0
387 0
388 0
389 1
390 0
391 1
392 0
393 0
394 0
395 0
396 0
397 1
398 0
399 1
400 0
401 0
402 0
403 0
404 0
405 1
406 1
407 0
408 0
409 0
410 1
411 0
412 1
413 1
414 0
415 0
416 0
417 0
418 0
419 1
420 1
421 0
422 0
423 2
424 0
425 0
426 1
427 0
428 1
429 1
430 0
431 34
432 0
433 1
434 0
435 0
436 0
437 0
438 0
439 1
440 1
441 0
442 0
443 1
444 0
445 0
446 1
447 0
448 0
449 0
450 0
451 0
452 0
453 2
454 0
455 0
456 1
457 0
458 0
459 1
460 0
461 0
462 34
463 1
464 0
465 0
466 1
467 0
468 1
469 2
470 0
471 0
472 0
473 1
474 1
475 0
476 0
477 1
478 1
479 0
480 0
481 1
482 0
483 0
484 0
485 0
486 1
487 1
488 0
489 0
490 0
491 1
492 0
493 0
494 1
495 0
496 2
497 0
498 0
499 0
500 0
501 0
502 0
503 34
504 1
505 0
506 0
507 1
508 0
509 0
510 0
511 0
512 0
513 1
514 0
515 0
516 1
517 0
518 0
519 0
520 0
521 0
522 1
523 34
524 1
525 0
526 34
527 0
528 34
529 0
530 0
531 1
532 1
533 0
534 0
535 0
536 0
537 2
538 0
539 1
540 1
541 1
542 1
543 0
544 1
545 1
546 1
547 0
548 1
549 0
550 1
551 34
552 2
553 2
554 1
555 0
556 1
557 0
558 0
559 0
560 0
561 1
562 1
563 0
564 0
565 0
566 1
567 1
568 0
569 0
570 0
571 0
572 1
573 0
574 34
575 0
576 0
577 0
578 2
579 0
580 34
581 0
582 0
583 0
584 0
585 0
586 1
587 1
588 0
589 0
590 0
591 0
592 2
593 0
594 0
595 0
596 34
597 0
598 1
599 0
600 0
601 0
602 1
603 0
604 0
605 0
606 0
607 1
608 0
609 0
610 0
611 0
612 0
613 1
614 1
615 1
616 1
617 1
618 1
619 0
620 0
621 0
622 1
623 34
624 1
625 0
626 0
627 0
628 1
629 0
630 2
631 0
632 0
633 1
634 0
635 1
636 0
637 1
638 0
639 0
640 0
641 0
642 0
643 34
644 0
645 1
646 0
647 0
648 0
649 0
650 0
651 0
652 0
653 0
654 0
655 1
656 0
657 0
658 1
659 0
660 0
661 0
662 1
663 1
664 1
665 0
666 0
667 0
668 0
669 2
670 0
671 0
672 0
673 34
674 0
675 1
676 0
677 0
678 0
679 0
680 1
681 1
682 0
683 1
684 1
685 0
686 1
687 1
688 0
689 1
690 1
691 0
692 1
693 0
694 0
695 0
696 0
697 1
698 1
699 1
700 0
701 0
702 0
703 1
704 1
705 34
706 1
707 0
708 1
709 0
710 1
711 0
712 1
713 1
714 1
715 0
716 0
717 0
718 0
719 34
720 0
721 0
722 34
723 34
724 0
725 0
726 1
727 0
728 0
729 1
730 1
731 0
732 2
733 0
734 0
735 1
736 0
737 0
738 0
739 1
740 34
741 0
742 1
743 0
744 1
745 0
746 0
747 34
748 0
749 0
750 0
751 1
752 0
753 0
754 0
755 1
756 0
757 34
758 0
759 0
760 1
761 0
762 0
763 1
764 0
765 1
766 1
767 0
768 0
769 1
770 0
771 1
772 0
773 0
774 0
775 0
776 0
777 0
778 1
779 1
780 0
781 0
782 0
783 34
784 0
785 1
786 0
787 0
788 1
789 1
790 0
791 1
792 0
793 34
794 0
795 0
796 1
797 34
798 2
799 1
800 0
801 1
802 0
803 1
804 1
805 34
806 0
807 1
808 0
809 1
810 1
811 1
812 34
813 2
814 0
815 0
816 1
817 34
818 0
819 0
820 0
821 2
822 1
823 1
824 0
825 1
826 0
827 0
828 0
run time cost of algorithm SM_CTP is 0.948516seconds
