996800 104 63
415 34
289 39
353 39
490 34
355 39
452 34
496 34
359 34
232 34
596 34
76 34
161 34
505 34
202 34
143 34
722 34
717 34
95 34
224 34
508 34
96 34
699 34
443 34
35 39
287 34
750 34
50 34
537 34
387 34
160 34
745 34
27 34
450 34
574 39
218 34
273 34
590 34
256 39
605 34
501 34
655 8
111 34
240 39
346 34
644 34
465 34
733 34
151 34
487 34
117 39
542 34
270 39
555 34
25 41
684 34
324 34
453 39
73 34
459 34
176 34
210 34
665 34
364 34
6 34
62 34
7 34
71 34
379 34
755 34
316 34
687 34
689 34
484 34
526 34
266 34
418 34
654 34
261 34
373 34
467 41
731 34
326 34
383 34
264 34
428 34
51 34
140 34
20 39
113 34
194 39
696 34
420 34
290 34
313 34
53 34
708 39
375 34
455 41
751 34
33 34
457 41
213 8
164 34
246 34
102 41
225 34
409 39
293 34
279 41
599 39
474 39
344 39
641 34
296 34
114 34
46 41
158 34
0 34
554 34
56 34
120 34
223 39
1 34
204 34
103 34
125 34
99 34
227 34
585 41
444 34
532 34
593 34
275 34
519 34
9 34
551 34
429 34
432 34
664 34
368 34
288 34
36 34
652 34
8 34
10 8
242 34
374 34
60 34
77 34
410 34
573 34
205 39
338 34
403 34
396 34
386 34
93 34
197 34
412 34
578 34
167 34
421 34
446 34
134 39
58 34
179 34
437 34
128 39
22 34
643 39
568 34
150 34
163 34
199 34
200 41
320 41
295 34
146 34
45 41
482 34
675 34
123 39
610 34
292 34
248 34
211 41
257 34
91 34
527 34
479 34
677 34
147 39
377 34
219 34
198 34
159 34
196 34
601 34
642 34
52 34
746 34
638 34
328 34
650 41
529 39
536 34
85 34
393 34
692 41
30 34
112 39
169 39
274 34
667 41
173 34
172 34
369 39
66 34
362 34
74 41
357 34
42 34
702 34
623 34
18 34
12 34
262 34
345 34
624 39
139 41
423 39
436 34
131 34
54 34
507 34
494 34
237 34
378 34
553 34
562 39
538 34
577 39
481 34
612 39
110 41
133 39
659 34
372 34
325 39
301 39
17 34
203 34
721 41
86 34
572 41
521 34
92 34
515 34
622 34
127 34
252 34
633 39
656 34
407 39
400 41
188 34
307 34
549 34
500 39
636 34
489 34
394 34
439 34
108 34
321 34
680 34
695 34
247 34
174 34
305 34
625 41
2 39
384 41
389 34
209 41
718 34
431 34
543 39
184 34
658 39
546 34
352 34
354 34
322 34
385 41
498 34
191 34
445 34
380 41
402 34
241 34
720 41
627 39
32 41
552 34
613 34
19 41
451 39
4 34
628 8
236 41
594 34
466 41
284 34
337 39
419 41
693 39
534 41
468 34
233 34
719 39
351 34
669 39
90 34
360 39
358 34
78 34
323 41
683 34
105 34
469 34
265 41
483 41
743 34
216 41
709 34
137 34
676 34
668 34
193 41
365 39
473 34
34 34
268 34
511 34
602 34
304 34
298 41
162 34
581 41
350 34
630 34
121 39
716 34
157 34
156 34
737 34
516 41
752 34
180 34
714 34
319 39
104 41
651 34
177 41
598 8
609 34
426 34
637 34
13 34
63 34
619 34
49 34
14 34
686 34
648 8
635 34
480 34
300 34
406 39
231 41
582 41
646 41
175 34
366 8
286 34
331 34
679 41
87 34
525 34
190 34
69 41
620 41
98 34
251 34
29 34
154 34
109 34
84 39
399 34
738 34
662 34
492 34
660 34
106 34
220 34
170 34
253 34
100 39
370 41
434 34
621 34
79 34
68 39
414 34
584 34
510 34
645 34
291 39
15 34
349 41
518 34
493 39
512 34
282 34
80 34
280 34
376 34
165 34
458 34
703 34
617 34
124 34
690 34
597 34
634 34
442 41
333 8
486 34
691 39
122 34
187 39
339 39
688 34
330 34
5 34
697 34
348 41
309 41
48 39
215 34
706 34
470 34
614 34
201 0
735 34
710 34
753 34
698 41
75 34
207 34
502 34
557 34
186 39
514 34
583 39
673 34
615 8
727 34
723 34
504 34
3 39
238 34
392 34
591 34
530 34
61 34
391 41
533 39
329 34
259 34
64 34
317 34
226 34
422 34
441 8
367 34
254 34
701 34
632 34
464 39
639 34
371 34
681 34
141 34
517 34
26 34
148 34
341 34
707 34
478 34
228 34
336 34
741 34
462 34
269 34
427 39
155 41
318 34
88 34
255 34
653 34
41 34
640 39
430 34
361 34
308 34
629 34
182 34
332 34
539 41
126 34
281 34
334 39
685 34
168 34
327 34
189 41
382 34
390 41
37 34
571 34
742 39
116 34
142 34
315 41
607 34
107 34
130 34
447 41
540 41
456 34
83 41
285 34
477 34
214 34
724 8
726 41
249 34
40 41
756 39
663 34
388 34
547 34
239 41
448 34
356 34
460 41
475 34
704 34
272 34
97 41
94 39
563 34
575 34
258 34
739 34
566 34
631 41
497 41
616 34
705 34
520 34
195 39
509 41
70 41
729 34
39 41
715 41
57 34
569 41
314 39
408 34
404 41
145 34
417 34
576 41
666 34
397 34
136 34
587 34
24 34
600 34
11 8
217 41
503 34
234 34
449 41
243 34
561 39
744 41
183 34
294 39
674 34
222 34
55 39
671 39
570 34
245 41
748 34
306 39
535 34
303 41
405 41
694 41
740 41
153 34
89 34
72 34
461 34
424 8
101 41
135 41
59 34
212 39
672 34
725 34
171 34
589 34
440 34
178 39
276 34
278 34
132 0
522 34
263 41
579 39
548 8
736 34
647 39
488 34
531 34
23 34
181 39
682 39
208 34
749 34
618 39
47 34
229 34
524 41
711 8
606 34
115 34
149 34
82 8
558 41
747 41
250 41
230 34
564 39
567 34
260 34
267 34
595 34
499 34
713 41
712 39
603 39
297 39
342 41
343 41
433 34
381 41
435 34
454 34
626 34
31 39
152 41
398 34
544 34
302 39
43 34
649 41
528 34
523 41
580 34
28 8
513 34
670 41
340 41
335 41
730 41
586 34
416 34
472 34
611 41
271 41
311 34
506 34
277 34
604 41
476 34
299 41
491 34
363 34
678 34
485 41
138 39
310 39
411 34
495 41
144 41
81 34
559 34
541 41
221 34
463 34
283 34
608 34
67 34
700 41
44 34
754 34
592 34
545 41
556 34
129 34
728 41
657 39
413 34
550 41
565 39
118 34
734 34
185 34
347 34
401 39
425 34
661 34
732 34
119 8
166 34
16 41
65 34
560 41
206 41
192 34
438 34
471 34
244 34
312 34
588 34
235 41
21 39
38 41
395 41
run time cost of algorithm DRT_BD is 0.319586seconds
