1246800 120 39
162 34
281 25
184 25
185 25
68 25
37 9
201 25
217 25
99 25
164 25
65 25
132 25
72 25
16 9
209 9
29 25
246 25
240 25
140 25
187 25
233 25
196 25
86 25
210 25
22 25
102 25
212 25
91 25
206 25
124 25
165 41
284 34
45 9
28 34
189 25
21 25
88 41
32 34
85 41
78 34
14 25
192 25
254 25
171 25
237 41
238 25
54 25
229 25
48 25
49 41
154 41
219 25
25 41
111 25
186 25
266 25
63 25
66 25
231 25
15 25
126 41
71 41
94 25
282 25
259 25
145 25
18 25
203 25
199 25
47 41
40 25
195 25
95 25
122 25
268 25
75 25
11 25
269 41
252 41
272 25
273 25
31 25
2 41
247 25
98 9
215 25
129 25
197 25
64 41
80 25
61 25
221 9
264 41
46 25
159 25
35 25
263 25
69 34
133 25
42 25
76 25
150 25
261 25
178 25
224 25
176 25
175 25
207 25
208 37
113 25
26 25
181 34
242 9
100 41
232 25
280 41
256 41
97 41
253 25
144 25
244 25
149 25
204 25
20 25
58 25
89 25
41 41
67 25
130 25
127 25
10 25
117 25
258 25
105 25
214 37
44 41
52 9
248 25
73 25
257 25
84 25
33 25
174 41
5 25
148 25
158 34
190 41
125 25
123 25
267 41
81 34
226 25
276 25
141 25
205 41
218 25
250 25
157 41
142 9
277 34
262 25
116 25
249 25
239 41
146 25
216 25
90 25
183 41
92 25
93 25
23 25
255 25
110 25
38 25
243 34
143 41
188 41
179 25
220 25
222 25
160 25
191 41
170 34
53 41
131 25
139 25
136 25
228 25
236 25
62 25
167 41
166 25
24 41
198 25
0 25
17 41
152 41
121 9
200 41
115 25
34 41
169 38
109 25
147 25
235 38
79 41
82 25
59 25
163 41
168 41
128 41
177 41
225 9
194 41
137 41
96 25
155 34
7 41
103 25
36 25
51 9
283 41
279 25
6 25
274 41
87 25
271 25
83 25
211 37
153 41
30 41
104 25
77 25
114 41
56 9
134 25
107 25
270 25
135 25
172 25
245 25
50 25
120 25
275 41
161 9
241 41
119 41
234 41
55 25
3 25
70 41
112 41
260 41
230 25
74 41
4 25
202 25
180 41
227 41
19 34
213 41
251 25
223 41
8 25
39 25
27 38
43 9
101 25
278 25
265 41
57 9
1 34
173 41
9 25
182 25
118 34
156 34
108 41
138 25
12 25
13 37
151 25
106 41
60 37
193 25
run time cost of algorithm DRT_AG is 0.001242seconds
