3188400 120 53
0 34
1 34
2 29
3 34
4 29
5 29
6 34
7 29
8 29
9 29
10 34
11 29
12 29
13 29
14 29
15 34
16 34
17 29
18 29
19 29
20 29
21 29
22 29
23 29
24 29
25 29
26 29
27 34
28 34
29 29
30 29
31 29
32 34
33 29
34 34
35 34
36 0
37 29
38 29
39 29
40 29
41 29
42 29
43 29
44 29
45 29
46 34
47 29
48 29
49 34
50 29
51 29
52 34
53 29
54 29
55 29
56 29
57 29
58 29
59 34
60 0
61 34
62 29
63 29
64 29
65 34
66 0
67 29
68 29
69 29
70 29
71 29
72 29
73 34
74 29
75 29
76 29
77 29
78 29
79 29
80 34
81 29
82 29
83 29
84 0
85 29
86 34
87 29
88 29
89 29
90 34
91 29
92 29
93 29
94 29
95 29
96 34
97 0
98 29
99 29
100 34
101 29
102 29
103 29
104 29
105 29
106 29
107 29
108 29
109 29
110 29
111 29
112 29
113 29
114 29
115 29
116 29
117 29
118 29
119 29
120 29
121 34
122 34
123 29
124 34
125 0
126 29
127 34
128 29
129 29
130 29
131 29
132 34
133 29
134 29
135 29
136 34
137 29
138 29
139 29
140 34
141 29
142 29
143 29
144 29
145 34
146 34
147 29
148 29
149 34
150 29
151 34
152 34
153 29
154 29
155 29
156 34
157 29
158 29
159 29
160 34
161 29
162 29
163 29
164 29
165 34
166 34
167 29
168 29
169 34
170 29
171 29
172 29
173 0
174 34
175 29
176 29
177 29
178 34
179 29
180 29
181 29
182 29
183 34
184 29
185 34
186 29
187 29
188 29
189 29
190 34
191 29
192 34
193 34
194 0
195 34
196 34
197 29
198 29
199 29
200 29
201 29
202 29
203 29
204 29
205 0
206 34
207 29
208 29
209 29
210 29
211 34
212 29
213 29
214 29
215 34
216 34
217 29
218 29
219 34
220 29
221 29
222 34
223 29
224 29
225 29
226 29
227 29
228 0
229 29
230 34
231 34
232 29
233 29
234 29
235 34
236 0
237 29
238 29
239 34
240 29
241 29
242 29
243 41
244 29
245 34
246 29
247 34
248 29
249 29
250 29
251 29
252 34
253 0
254 29
255 29
256 29
257 29
258 29
259 29
260 29
261 34
262 34
263 29
264 29
265 29
266 34
267 29
268 29
269 34
270 29
271 29
272 34
273 29
274 34
275 29
276 34
277 29
278 29
279 34
280 29
281 29
282 29
283 29
284 29
285 34
286 34
287 29
288 34
289 29
290 29
291 29
292 0
293 34
294 34
295 8
296 29
297 0
298 34
299 29
300 29
301 29
302 0
303 29
304 29
305 29
306 29
307 29
308 34
309 29
310 29
311 29
312 29
313 0
314 29
315 34
316 0
317 34
318 29
319 34
320 34
321 34
322 29
323 29
324 29
325 29
326 29
327 34
328 29
329 29
330 34
331 34
332 29
333 29
334 29
335 29
336 29
337 29
338 29
339 29
340 34
341 29
342 29
343 29
344 0
345 29
346 34
347 29
348 34
349 29
350 29
351 34
352 29
353 29
354 29
355 29
356 29
357 29
358 29
359 29
360 41
361 34
362 29
363 29
364 29
365 34
366 34
367 34
368 34
369 29
370 34
371 29
372 29
373 29
374 29
375 29
376 34
377 29
378 34
379 29
380 29
381 29
382 29
383 29
384 29
385 29
386 29
387 29
388 29
389 29
390 34
391 29
392 29
393 34
394 29
395 29
396 29
397 29
398 29
399 34
400 0
401 29
402 29
403 29
404 29
405 29
406 29
407 34
408 29
409 29
410 0
411 29
412 29
413 29
414 29
415 29
416 29
417 29
418 34
419 29
420 29
421 34
422 29
423 0
424 29
425 34
426 41
427 29
428 34
429 34
430 29
431 29
432 34
433 34
434 34
435 29
436 29
437 34
438 29
439 34
440 29
441 29
442 34
443 29
444 34
445 29
446 29
447 29
448 29
449 29
450 29
451 41
452 29
453 29
454 29
455 34
456 0
457 29
458 34
459 29
460 29
461 29
462 29
463 29
464 29
465 34
466 0
467 34
468 29
469 29
470 29
471 29
472 34
473 34
474 34
475 34
476 0
477 0
478 29
479 29
480 29
481 29
482 29
483 29
484 29
485 29
486 34
487 0
488 34
489 29
490 29
491 34
492 29
493 29
494 29
495 34
496 29
497 34
498 29
499 29
500 34
501 34
502 41
503 34
504 34
505 29
506 41
507 29
508 0
509 34
510 29
511 29
512 29
513 29
514 29
515 34
516 29
517 0
518 34
519 0
520 29
521 29
522 41
523 34
524 29
525 29
526 29
527 29
528 29
529 29
530 29
531 29
532 34
533 29
534 29
535 34
536 0
537 29
538 8
539 34
540 41
541 41
542 29
543 34
544 29
545 29
546 29
547 29
548 29
549 29
550 29
551 0
552 34
553 29
554 29
555 29
556 29
557 29
558 0
559 29
560 34
561 29
562 0
563 29
564 29
565 29
566 29
567 34
568 29
569 29
570 29
571 34
572 29
573 29
574 29
575 34
576 29
577 29
578 34
579 29
580 34
581 29
582 34
583 34
584 29
585 29
586 29
587 29
588 29
589 29
590 29
591 29
592 34
593 29
594 34
595 29
596 29
597 34
598 34
599 0
600 0
601 34
602 0
603 29
604 29
605 29
606 34
607 0
608 34
609 29
610 29
611 34
612 29
613 29
614 34
615 29
616 29
617 29
618 29
619 29
620 29
621 29
622 29
623 29
624 34
625 29
626 34
627 34
628 34
629 34
630 0
631 34
632 29
633 29
634 29
635 29
636 34
637 29
638 34
639 29
640 29
641 29
642 29
643 29
644 29
645 29
646 34
647 34
648 29
649 0
650 0
651 29
652 29
653 29
654 34
655 29
656 34
657 29
658 34
659 0
660 29
661 29
662 29
663 34
664 29
665 29
666 29
667 29
668 29
669 29
670 34
671 29
672 41
673 29
674 29
675 29
676 34
677 34
678 29
679 29
680 34
681 29
682 29
683 0
684 29
685 29
686 34
687 34
688 29
689 29
690 0
691 34
692 29
693 29
694 0
695 34
696 29
697 29
698 29
699 34
700 0
701 29
702 29
703 29
704 29
705 29
706 34
707 29
708 29
709 0
710 0
711 34
712 0
713 8
714 29
715 29
716 29
717 29
718 34
719 0
720 34
721 34
722 29
723 29
724 29
725 34
726 29
727 34
728 0
729 41
730 29
731 29
732 34
733 29
734 29
735 29
736 34
737 34
738 29
739 29
740 29
741 29
742 34
743 41
744 29
745 34
746 34
747 41
748 29
749 29
750 34
751 29
752 34
753 34
754 29
755 41
756 34
757 34
758 29
759 34
760 41
761 29
762 34
763 34
764 34
765 29
766 34
767 29
768 29
769 29
770 29
771 29
772 29
773 34
774 29
775 34
776 29
777 34
778 34
779 29
780 29
781 34
782 29
783 29
784 34
785 29
786 29
787 29
788 34
789 41
790 29
791 29
792 34
793 34
794 34
795 34
796 34
797 34
798 29
799 0
800 34
801 34
802 34
803 34
804 29
805 29
806 0
807 29
808 34
809 29
810 29
811 0
812 29
813 34
814 0
815 29
816 29
817 34
818 29
819 29
820 29
821 34
822 0
823 29
824 29
825 29
826 29
827 29
828 29
829 29
830 29
831 34
832 34
833 0
834 29
835 34
836 29
837 0
838 29
839 29
840 34
841 29
842 34
843 29
844 29
845 29
846 34
847 41
848 34
849 29
850 34
851 29
852 34
853 34
854 29
855 41
856 29
857 34
858 34
859 34
860 29
861 29
862 41
863 34
864 29
865 34
866 34
867 29
868 41
869 34
870 34
871 8
run time cost of algorithm SM_CTP is 2.7331seconds
