1907400 97 13
40 48
168 48
25 48
257 48
56 48
61 48
265 48
153 48
213 48
21 48
328 48
201 48
110 48
331 48
75 48
242 48
220 48
19 34
97 48
89 48
34 48
313 48
5 48
190 48
232 48
105 48
333 48
262 48
304 48
96 48
247 48
43 48
8 48
200 48
33 48
289 48
188 48
173 48
250 48
149 48
322 48
156 48
129 48
115 48
63 48
13 48
162 48
118 48
7 48
78 48
73 48
326 48
109 48
172 48
249 48
271 48
90 48
23 48
233 48
268 48
57 48
59 48
275 48
176 48
316 34
307 48
184 48
137 48
35 48
127 48
246 48
281 48
26 48
157 48
124 34
306 48
193 48
297 48
29 48
238 48
191 48
288 48
278 48
113 48
224 48
321 48
133 48
166 48
76 48
305 48
175 48
327 48
99 48
335 48
111 48
66 34
150 48
148 48
341 48
218 48
3 48
160 48
264 48
114 48
80 48
93 48
65 48
106 48
252 48
72 48
18 48
135 48
336 48
243 48
229 48
230 48
161 48
42 48
277 48
125 48
62 48
183 48
293 48
81 48
50 48
216 48
48 48
269 48
37 48
198 48
85 48
47 48
270 48
292 48
295 48
205 48
239 48
177 48
178 48
31 48
158 48
303 48
236 48
2 48
185 48
0 48
221 48
226 34
15 34
67 48
55 48
315 48
294 48
300 48
136 34
202 6
223 6
258 6
284 6
38 6
301 6
282 48
244 48
296 48
182 6
228 48
231 48
94 48
74 48
254 48
22 48
312 48
187 34
227 6
68 48
320 48
309 34
141 48
151 48
24 48
154 48
4 6
1 48
95 6
204 48
107 48
196 48
263 48
169 48
286 48
53 48
49 48
14 48
138 6
146 48
163 48
291 6
132 48
280 6
83 48
317 6
255 48
179 6
180 6
54 48
119 48
330 34
143 48
203 48
274 48
261 48
181 48
299 48
121 48
337 48
144 48
318 48
17 48
206 48
41 6
123 6
283 6
217 48
79 48
195 6
298 6
134 48
100 6
260 48
267 48
311 48
208 48
211 6
103 34
88 6
101 6
209 48
102 48
323 6
253 48
159 48
165 48
334 48
11 48
51 6
64 6
324 6
142 48
199 48
241 6
77 6
60 48
225 48
139 6
147 6
30 48
152 6
52 48
302 48
325 48
86 48
259 48
39 48
44 48
126 6
189 6
91 6
222 6
122 48
279 48
167 6
310 48
186 48
329 6
214 48
130 6
215 48
235 48
251 6
237 48
192 6
340 6
98 6
234 48
155 6
87 48
128 48
92 6
248 6
20 6
12 48
112 6
36 6
266 48
82 48
256 6
207 34
170 34
272 6
70 48
28 48
6 48
174 48
287 6
212 6
140 48
240 48
285 6
58 48
171 48
197 48
194 6
120 48
273 48
319 48
69 48
45 48
46 48
32 6
84 48
27 48
210 6
16 48
108 48
219 48
104 48
338 6
117 48
164 48
9 6
290 48
276 34
131 48
71 6
245 48
116 6
308 6
314 6
145 6
10 6
332 6
339 6
run time cost of algorithm DRT_BD is 0.058568seconds
