264300 161 47
4 9
95 9
60 9
171 9
35 9
23 9
160 9
161 9
41 9
92 9
130 9
192 9
156 9
64 9
174 34
44 9
81 9
198 9
163 6
162 9
113 9
69 9
73 9
99 9
199 9
125 9
0 9
5 9
47 34
11 9
200 9
42 9
83 9
110 9
143 9
184 9
112 6
179 9
12 9
167 9
77 9
18 9
134 9
191 9
151 9
38 9
19 9
46 9
6 6
146 9
177 9
132 9
137 34
178 9
127 9
39 9
201 9
144 9
170 9
140 9
155 9
22 9
104 9
94 9
91 34
145 9
14 9
76 9
106 9
82 9
185 9
27 9
139 9
51 9
119 9
2 34
182 6
129 9
21 9
25 9
126 9
121 9
88 34
150 9
56 9
108 9
37 9
53 9
195 9
189 9
101 9
86 9
142 34
159 9
58 9
109 9
181 9
62 9
90 9
173 9
68 9
49 9
32 6
29 9
100 9
114 9
164 9
116 9
117 9
187 9
158 9
1 9
40 9
153 9
172 34
9 9
128 9
7 9
74 9
188 9
79 6
149 6
165 9
111 9
97 9
80 9
124 9
135 9
31 9
16 9
45 9
103 9
183 9
36 9
28 9
98 6
168 9
66 6
120 9
89 9
154 9
133 34
10 9
93 34
3 9
166 9
131 9
136 9
61 9
72 9
196 9
102 9
175 9
26 9
48 9
193 9
33 9
105 9
34 6
87 9
84 9
67 9
57 9
202 9
147 9
13 9
148 9
85 9
176 9
123 9
180 9
71 9
141 34
20 9
107 9
78 9
70 9
59 9
75 9
55 9
54 9
190 9
17 9
152 9
65 6
43 9
118 9
24 9
197 9
15 9
169 9
186 6
30 6
194 9
157 9
138 9
50 9
115 34
203 34
63 9
52 6
96 6
122 9
8 34
run time cost of algorithm DRT_AG is 0.000611seconds
