1472600 161 48
44 9
322 9
149 9
294 9
73 9
65 9
204 9
83 9
213 9
192 9
234 9
120 9
96 9
139 9
243 9
85 9
13 9
121 9
125 9
228 9
17 9
175 9
206 9
91 9
246 9
160 6
251 9
222 9
49 9
28 9
261 9
255 9
172 9
74 9
80 9
145 9
45 9
58 34
267 9
210 9
187 9
306 9
105 9
0 9
303 9
236 9
108 9
137 9
299 9
148 9
75 9
29 9
186 9
129 9
141 9
276 9
279 9
111 9
324 9
98 9
59 34
273 9
170 9
256 9
118 9
258 9
20 6
268 9
259 9
8 9
86 9
54 9
114 9
131 9
280 9
72 9
242 9
41 9
103 9
56 9
317 9
24 9
144 9
62 34
249 9
4 9
193 9
168 9
173 34
310 9
318 9
319 9
37 9
77 6
296 9
290 9
285 9
183 9
156 9
69 9
297 9
82 9
33 9
112 9
277 9
95 9
53 6
158 9
78 9
325 9
5 9
298 6
215 9
171 6
1 9
314 9
207 34
122 9
229 9
21 9
201 9
18 6
165 9
316 9
16 9
240 9
32 9
270 9
309 9
286 9
110 6
127 9
252 9
63 9
67 9
271 6
19 34
313 9
202 9
220 9
93 6
46 9
284 9
79 6
50 9
128 9
176 34
3 9
194 9
30 9
146 34
51 9
140 34
52 9
205 9
39 9
291 9
126 9
272 6
153 9
9 9
195 9
43 9
212 9
225 9
55 9
226 9
47 9
143 9
282 9
218 9
6 9
109 9
119 9
177 9
15 9
22 9
230 9
260 9
152 9
281 9
66 9
278 9
90 34
40 9
269 9
257 6
14 9
161 9
227 6
237 9
27 6
132 9
189 10
25 9
304 9
219 9
307 9
211 34
163 9
197 9
76 9
162 9
169 9
221 9
216 34
138 9
61 9
217 9
60 9
241 6
244 9
164 9
266 9
214 9
198 9
70 9
157 6
107 9
199 6
196 9
253 9
87 9
100 9
11 9
106 9
320 6
265 9
130 34
224 9
142 9
94 9
188 9
34 9
264 9
203 34
293 9
200 9
274 6
184 9
185 9
48 34
235 9
321 9
7 9
102 9
81 9
167 9
99 9
245 9
181 9
247 34
248 9
135 6
179 9
133 9
115 6
154 9
92 9
2 6
23 9
31 9
117 9
305 9
10 9
295 6
287 9
89 34
12 9
113 6
231 9
84 6
68 9
36 9
289 34
233 34
35 9
150 9
134 9
42 6
275 9
223 9
97 6
71 6
26 9
182 34
238 6
308 9
123 9
151 10
254 9
288 9
263 9
301 6
250 9
64 9
300 9
116 9
174 9
190 9
166 9
312 9
311 6
178 9
315 6
57 9
191 9
124 9
262 9
209 9
104 9
180 9
147 9
232 9
136 34
101 34
159 9
88 9
208 9
38 6
292 9
283 9
302 9
155 9
323 9
239 6
run time cost of algorithm DRT_AG is 0.001636seconds
