3953200 170 28
604 25
246 25
414 25
52 41
311 25
740 34
536 25
862 9
85 25
47 25
10 25
185 25
177 25
87 9
239 25
173 25
654 25
477 25
169 9
162 25
225 25
770 25
602 25
454 25
143 25
279 25
596 25
144 41
148 25
576 25
632 25
572 25
639 25
229 25
480 25
35 25
233 25
424 25
668 25
422 25
678 25
101 25
287 25
418 25
794 25
705 25
551 25
855 25
292 25
402 25
724 25
865 25
191 25
256 25
2 25
756 25
301 41
684 41
591 9
625 25
368 25
636 25
767 25
440 25
267 9
121 25
755 25
775 41
105 25
749 9
443 25
126 25
41 25
219 25
380 25
491 25
733 34
478 25
335 25
621 25
607 34
134 25
780 25
400 34
563 25
142 25
812 34
463 25
583 25
340 41
466 25
242 25
826 41
699 25
824 25
167 25
561 25
730 41
417 25
450 25
12 25
543 25
747 25
372 25
200 25
752 25
271 25
364 25
38 34
321 25
186 25
3 41
250 34
503 25
258 34
649 41
768 25
248 25
537 25
253 34
748 25
745 25
676 25
13 41
441 25
779 25
40 25
251 25
285 25
77 41
243 25
616 25
84 25
567 25
693 25
337 34
468 25
574 25
458 41
721 25
215 25
594 25
595 25
839 25
86 9
522 25
277 25
641 9
650 25
118 41
590 25
139 9
28 25
578 25
807 25
539 25
111 41
181 25
603 25
803 25
548 25
382 25
605 25
571 25
550 25
564 41
451 25
725 25
853 25
845 25
680 25
99 34
716 25
57 25
485 25
104 25
677 25
741 34
419 25
843 25
573 25
48 25
182 9
21 9
720 25
255 25
461 25
700 25
864 25
189 25
494 25
841 25
593 25
514 41
78 9
526 25
528 9
309 25
531 41
261 25
183 25
295 41
174 25
45 25
793 9
4 25
783 25
39 25
575 25
577 34
371 25
412 25
11 25
329 25
806 25
873 25
760 25
614 34
67 25
727 25
816 25
221 25
420 25
349 34
275 9
333 25
634 41
829 34
433 25
844 25
231 25
338 25
830 25
435 25
234 25
331 25
667 25
223 25
854 41
363 25
687 25
446 25
813 25
623 25
74 25
129 25
601 25
268 25
579 41
211 25
61 25
59 25
320 34
56 25
403 34
774 25
161 25
313 25
294 25
556 9
262 25
534 34
397 41
797 25
798 25
778 25
406 41
762 25
247 25
83 41
697 41
822 34
98 25
352 41
103 25
429 25
347 41
656 41
344 25
430 25
840 34
431 25
642 41
848 25
633 25
851 25
124 25
630 34
154 25
462 25
210 25
473 25
859 41
559 25
557 25
553 25
511 25
870 9
299 41
0 25
701 25
799 41
384 25
42 25
508 25
872 41
505 25
499 25
498 9
820 41
549 25
293 25
726 25
202 25
481 41
165 41
664 25
808 25
401 25
825 9
151 25
772 25
589 9
413 25
149 25
146 25
427 25
119 25
598 25
432 25
137 25
750 25
280 25
63 9
334 25
130 34
620 25
751 25
281 25
131 34
612 25
611 25
622 25
628 25
217 25
746 25
235 25
597 25
326 25
737 25
115 25
646 25
114 41
869 34
319 25
254 25
470 41
474 25
109 25
396 25
107 25
682 25
489 34
493 34
723 25
527 25
96 25
516 25
378 25
374 25
712 41
22 25
811 41
708 25
442 41
814 25
704 41
517 25
657 41
718 9
766 25
600 41
651 25
837 41
16 25
160 25
187 25
662 25
554 41
482 25
846 41
44 25
544 25
20 25
669 25
672 25
360 25
500 34
805 41
842 25
587 25
79 41
390 25
175 9
538 9
819 25
29 41
387 34
43 41
153 41
467 41
365 41
249 9
76 41
832 41
652 41
416 41
193 41
58 9
735 41
769 41
690 41
95 41
519 41
736 41
9 41
117 41
312 41
75 41
714 41
194 41
120 41
515 41
89 41
624 41
272 41
504 41
342 41
665 41
488 41
552 41
5 41
314 41
761 41
860 41
765 41
205 41
710 41
157 41
207 34
731 41
152 9
421 41
453 41
290 41
648 41
209 41
771 41
113 25
325 9
73 41
232 41
32 41
513 41
227 41
361 41
867 38
330 41
135 37
80 41
773 41
758 37
608 41
116 41
51 41
17 34
660 41
781 41
836 34
784 41
18 34
521 37
861 41
618 41
653 41
647 41
486 41
278 41
155 41
302 41
490 41
197 41
510 41
36 41
199 38
545 9
738 41
339 41
385 41
398 41
97 41
609 41
711 41
62 41
128 41
409 37
728 41
386 41
788 41
496 41
179 37
315 41
689 41
456 41
729 41
206 41
584 41
702 41
585 41
257 41
523 34
351 41
132 41
802 9
228 34
383 41
127 41
694 41
389 41
100 37
102 41
163 41
26 41
792 9
393 41
426 38
786 41
224 37
50 41
640 41
863 41
831 41
444 41
722 41
237 41
240 9
764 41
204 34
362 37
336 37
734 41
411 37
218 41
68 9
410 34
847 37
65 41
483 41
659 41
133 41
353 41
408 37
241 41
259 41
547 41
565 41
445 34
671 41
27 41
318 41
791 41
436 41
530 41
159 41
706 41
303 41
512 37
857 41
264 41
525 34
580 41
520 41
93 41
176 41
821 41
800 41
370 41
570 41
297 37
369 41
298 41
88 41
670 41
535 41
270 41
289 41
868 34
358 41
350 41
613 41
452 41
757 37
415 37
487 41
449 41
208 41
138 37
203 41
810 34
447 41
286 41
60 41
327 41
599 41
407 41
145 41
222 41
1 41
49 41
666 41
306 41
629 41
366 9
304 34
673 41
377 41
391 41
627 38
252 41
213 37
317 34
348 41
123 41
460 41
465 41
170 41
518 34
685 41
827 41
356 41
562 41
71 37
341 41
782 37
719 37
645 37
367 37
569 37
709 34
507 34
178 41
147 41
201 41
245 38
849 9
492 41
472 41
695 41
809 41
307 9
283 41
661 41
379 41
546 37
136 41
112 41
244 41
555 37
823 41
164 34
692 41
817 41
828 41
582 38
674 9
230 37
866 34
276 34
346 34
184 41
388 41
54 41
524 41
675 41
588 41
801 41
739 38
322 34
743 41
542 38
381 41
691 41
122 41
354 37
168 41
345 37
617 41
858 41
698 41
789 41
15 41
140 37
615 41
655 41
835 41
91 37
158 41
46 41
644 41
238 37
265 38
754 41
742 41
713 37
795 41
269 41
282 34
423 41
717 9
610 41
533 41
190 9
94 37
24 41
33 37
81 37
308 9
188 41
495 41
72 41
196 41
399 41
744 41
560 41
635 38
592 41
291 34
274 41
856 37
834 41
459 41
106 37
171 37
438 41
732 41
90 41
428 37
166 34
70 41
343 41
566 41
804 9
476 41
753 41
266 41
66 41
220 41
375 8
509 41
448 37
110 41
787 41
457 37
156 41
31 38
332 41
260 41
328 41
7 41
180 41
53 9
777 41
541 41
540 41
392 37
852 41
34 41
581 41
263 38
30 38
506 41
214 41
497 37
471 37
310 41
296 41
284 41
92 41
626 37
141 41
455 9
703 34
606 41
759 38
376 41
373 9
558 41
192 41
425 41
25 41
6 41
125 37
357 41
37 41
324 41
790 38
288 41
776 38
355 41
359 41
64 41
69 41
394 9
8 38
434 41
815 34
696 41
14 41
818 37
686 41
479 38
484 41
502 34
198 41
663 41
658 41
195 9
638 34
532 41
172 41
619 34
150 41
437 34
833 9
586 34
568 38
631 41
637 9
838 37
529 9
23 41
643 34
108 41
679 37
19 41
501 41
681 41
683 9
475 41
469 41
850 41
464 41
212 41
216 41
688 37
226 37
439 38
707 6
236 41
715 38
405 41
404 9
395 38
82 34
763 41
55 9
273 41
785 9
796 37
323 37
316 41
871 37
305 37
300 34
run time cost of algorithm DRT_AG is 0.008212seconds
