741800 98 15
216 6
300 6
235 6
74 6
355 6
339 6
129 6
269 34
3 6
5 6
82 6
252 6
73 6
402 6
15 6
280 6
20 6
44 6
308 6
141 6
105 6
161 6
385 6
313 34
255 1
62 6
418 6
142 6
307 6
416 6
97 6
0 6
425 6
293 6
160 6
110 6
331 6
367 6
58 6
196 6
21 6
266 6
154 6
57 6
350 34
193 6
344 6
25 34
421 6
39 1
30 6
286 1
153 6
66 6
249 6
113 6
400 6
362 6
433 6
309 6
134 1
19 6
125 6
240 6
64 34
67 6
272 34
128 34
52 6
40 1
87 6
238 6
202 6
334 6
112 6
305 6
306 6
36 6
79 6
424 6
438 6
119 1
122 34
165 6
59 6
409 6
43 6
276 34
321 1
70 6
166 6
371 6
61 1
104 6
358 6
348 6
183 1
394 6
177 6
302 6
38 1
420 6
130 6
171 6
259 6
310 6
441 6
359 1
152 6
405 6
414 1
186 1
431 34
397 34
408 6
72 6
256 6
375 6
278 34
404 6
69 34
406 1
333 6
254 34
237 6
215 6
270 1
31 6
426 6
346 6
26 1
392 6
377 6
376 1
14 6
12 6
319 6
90 6
366 6
93 6
170 6
60 6
340 6
436 1
347 34
96 1
197 6
224 6
356 6
336 1
206 6
106 6
323 6
361 1
287 6
99 6
311 6
135 6
24 34
384 6
91 8
227 6
298 6
295 6
236 6
156 1
71 6
145 1
214 6
78 1
261 6
33 6
89 6
225 6
354 6
314 1
288 6
131 6
434 8
219 6
190 6
168 6
68 6
315 1
162 1
147 6
81 6
80 6
192 6
399 6
274 6
107 6
325 1
143 6
7 6
398 6
84 6
85 6
271 6
86 6
382 1
37 6
185 34
412 6
318 6
151 6
357 6
111 1
29 6
273 6
199 6
117 6
263 6
127 6
289 6
2 1
1 1
296 6
264 6
169 6
231 1
378 6
360 6
164 6
194 1
372 6
176 34
396 1
415 6
241 6
275 6
208 1
137 6
260 6
83 6
167 6
234 34
230 6
316 6
239 6
149 6
285 6
11 6
200 6
335 6
328 6
388 6
42 6
380 6
88 6
4 1
345 6
212 6
369 6
228 6
428 1
246 6
23 6
28 6
262 34
439 1
247 1
226 6
34 6
123 6
250 34
387 6
258 6
146 6
326 34
182 6
223 6
118 6
282 34
139 6
148 6
213 6
401 6
253 6
427 6
189 1
390 6
337 6
268 1
209 6
222 34
365 6
363 6
121 34
283 6
242 6
410 6
324 6
291 6
352 6
251 6
442 6
299 6
150 6
174 6
393 6
55 6
45 1
422 1
181 6
245 34
172 6
332 6
417 6
211 6
277 34
75 6
108 6
349 6
120 6
317 6
233 6
221 6
116 34
65 6
187 6
6 6
48 34
284 6
77 1
395 6
94 6
27 6
184 1
294 34
102 6
100 6
54 6
413 1
329 6
220 6
179 6
374 6
320 6
56 1
383 6
248 6
9 6
41 6
180 1
407 1
301 1
22 6
281 1
201 1
257 6
312 6
63 6
232 1
124 1
207 1
10 1
175 34
114 1
136 6
411 6
279 1
243 6
322 1
217 6
51 1
368 1
435 6
144 6
330 1
35 34
218 6
126 6
229 6
163 6
18 1
304 6
32 34
95 6
17 6
419 1
205 6
353 1
351 6
386 1
76 6
292 6
155 6
47 1
379 6
173 6
430 6
429 1
265 6
389 6
391 6
343 1
290 6
92 6
370 6
188 34
103 1
267 1
381 1
132 6
327 6
13 6
16 6
210 6
49 6
195 6
191 6
178 34
341 1
423 6
109 6
244 6
373 1
432 1
204 6
203 1
158 6
159 1
342 6
297 6
46 6
198 1
364 6
50 6
138 6
115 1
8 1
440 6
303 1
157 1
338 1
140 6
98 6
53 1
133 6
437 6
403 6
101 1
run time cost of algorithm DRT_BD is 0.162706seconds
