4431400 97 14
310 2
375 2
177 2
652 2
327 2
365 2
298 2
537 2
586 2
579 2
203 2
144 2
123 2
415 2
679 2
750 2
475 2
677 2
670 2
200 2
125 2
278 2
495 2
127 2
529 2
753 2
194 2
68 2
473 2
779 2
212 2
559 2
499 2
357 2
181 2
632 2
188 2
304 2
580 2
263 2
246 2
238 2
569 2
543 2
332 2
447 2
400 2
518 2
408 2
315 2
744 2
217 2
334 2
62 2
128 2
39 2
368 2
17 2
435 2
462 2
704 2
216 2
165 2
162 2
695 2
591 2
285 2
288 2
138 2
293 2
151 2
445 2
542 2
766 2
107 2
497 2
72 2
405 2
623 2
79 2
136 2
36 2
356 2
641 2
71 2
280 2
658 2
19 2
725 34
320 2
237 34
53 2
139 2
294 2
373 2
659 2
256 2
694 2
472 34
319 2
61 2
291 2
430 2
325 2
507 2
225 2
270 2
389 2
552 2
226 2
498 2
330 2
124 34
34 2
602 2
572 2
166 34
51 2
322 2
639 2
85 2
277 2
398 2
458 2
265 34
367 2
571 2
171 2
111 2
503 2
737 2
168 2
118 2
179 2
244 2
43 2
342 2
590 2
701 2
443 2
548 2
362 2
703 34
425 2
416 2
208 2
662 2
672 2
738 2
762 2
531 2
326 2
567 34
781 2
93 2
48 2
724 2
476 2
768 34
468 2
78 2
132 2
661 2
690 2
329 2
241 2
206 2
141 2
257 2
387 2
81 2
689 2
648 2
691 2
65 2
533 2
420 2
176 2
721 2
35 2
312 2
103 2
554 2
742 2
668 34
70 2
502 2
120 2
486 2
466 2
644 2
606 2
80 2
121 2
565 2
631 2
160 2
561 2
345 2
347 2
771 2
262 2
470 34
247 2
90 2
409 2
11 2
410 2
413 34
573 2
272 2
427 2
431 2
286 2
729 2
519 2
391 2
102 2
57 2
385 2
612 2
653 34
671 2
440 2
667 2
204 2
642 2
746 2
56 2
524 2
522 2
2 2
657 2
576 2
44 2
202 2
240 2
374 2
702 2
601 2
732 2
189 2
399 2
536 2
456 34
7 2
382 2
479 2
673 2
764 2
660 2
650 34
54 2
148 34
594 2
525 2
10 2
624 2
618 34
604 2
260 2
112 2
140 2
104 2
167 2
303 2
379 2
723 2
97 2
269 2
556 2
231 2
452 2
444 2
274 2
436 2
678 2
306 2
94 34
42 2
778 2
437 2
767 2
156 2
258 2
749 2
249 2
676 2
25 2
596 2
726 2
515 34
428 34
478 2
708 2
421 2
198 2
183 2
175 2
52 2
301 2
359 2
535 2
333 2
577 2
1 2
250 2
393 2
656 2
752 2
532 2
230 2
544 2
481 2
311 2
483 2
338 2
186 2
467 2
464 34
346 2
693 2
494 2
560 2
18 34
83 2
284 2
414 2
549 2
242 2
64 2
728 2
411 2
530 2
759 2
758 2
99 2
313 2
397 2
620 2
386 34
608 2
734 2
471 2
599 2
686 2
733 2
152 2
665 2
88 2
86 34
396 2
477 2
45 2
493 2
355 2
193 2
328 2
634 2
769 2
254 2
441 2
616 2
512 2
675 2
337 2
377 2
488 2
266 2
361 2
727 2
283 2
302 2
628 2
688 2
316 2
539 2
760 2
252 2
566 2
182 2
143 2
376 2
607 2
774 2
754 2
364 2
205 2
480 2
709 2
211 2
597 34
23 2
130 2
38 34
743 2
666 2
101 2
98 2
91 2
773 2
490 2
184 34
674 2
465 2
317 2
268 2
496 34
423 2
307 2
739 2
74 2
75 2
687 2
643 2
84 2
455 2
9 2
47 2
712 2
763 2
40 2
369 2
66 2
129 2
281 2
730 2
755 2
14 2
638 2
534 2
276 2
381 34
229 2
350 2
585 2
259 2
482 2
31 2
501 2
545 34
636 2
461 2
523 34
49 2
593 2
60 34
630 2
76 2
37 2
595 2
3 2
776 2
621 2
289 2
615 2
770 2
150 2
169 2
207 2
588 2
224 2
680 2
119 2
592 2
299 2
133 2
513 2
719 2
308 2
21 2
370 2
243 2
603 2
147 2
716 2
87 34
287 2
73 2
509 2
570 2
279 34
372 2
178 2
720 2
735 2
407 2
610 2
46 2
191 2
584 2
424 2
187 2
614 2
146 2
583 2
506 34
384 2
221 2
20 2
341 2
598 2
748 2
4 2
13 2
100 2
351 2
756 2
116 2
419 2
50 34
197 2
700 2
137 2
261 34
736 2
664 2
540 2
582 2
209 2
300 2
500 2
705 2
96 2
432 2
718 2
380 34
635 34
555 2
698 2
227 2
717 2
219 2
275 2
526 2
305 2
463 2
412 2
378 2
663 2
434 2
323 2
157 2
429 2
589 2
33 2
450 2
451 2
360 2
92 34
392 2
58 2
546 2
134 2
669 2
30 2
487 2
164 2
309 2
196 2
201 2
510 2
627 2
218 2
682 2
731 2
683 2
24 2
722 2
568 2
715 2
63 2
248 2
271 2
646 2
706 2
366 2
528 2
135 2
55 2
22 2
459 2
163 2
504 2
105 2
655 2
236 2
174 2
558 2
713 34
714 2
245 2
390 2
587 2
633 2
185 2
339 2
394 2
344 2
765 2
114 34
453 2
418 2
117 2
438 2
69 2
89 2
172 2
131 2
574 2
108 2
282 2
757 2
343 2
190 2
15 2
629 2
625 2
578 2
740 2
354 2
113 2
349 2
28 2
619 2
541 2
527 2
27 2
469 2
109 2
180 2
449 2
358 2
41 2
514 2
395 2
8 2
110 34
195 2
16 2
213 2
538 2
777 2
521 2
711 2
772 2
439 2
563 2
761 2
273 2
220 2
159 2
474 2
647 2
508 2
442 2
651 2
505 2
609 34
489 2
484 2
296 34
485 2
214 2
448 2
446 2
77 2
331 2
336 2
492 2
173 2
516 2
517 2
29 2
223 2
115 2
553 2
154 2
692 2
557 2
348 2
222 2
126 2
321 2
684 2
215 2
751 2
353 2
352 2
12 2
605 2
406 2
155 2
255 2
460 2
32 2
161 2
710 2
491 2
388 2
637 2
233 2
199 2
520 2
158 2
741 2
82 2
295 2
654 2
314 2
681 2
433 2
547 2
697 2
251 2
106 2
371 2
59 2
403 2
153 2
617 2
622 2
0 34
340 2
26 2
685 2
192 2
645 2
640 2
210 2
363 2
611 2
401 2
745 2
562 2
699 2
775 2
122 2
649 2
511 2
234 2
253 2
707 2
417 34
782 2
581 2
780 2
6 34
67 2
600 2
95 2
290 2
613 2
551 2
335 2
149 2
318 2
239 2
264 2
422 2
267 2
454 2
575 34
383 2
402 2
5 2
292 2
297 2
457 2
232 2
228 34
626 2
550 2
170 2
324 2
145 2
142 2
564 2
426 2
696 2
747 34
404 2
235 2
run time cost of algorithm DRT_BD is 0.233673seconds
