1094400 109 67
141 34
148 34
153 34
60 34
50 34
49 34
188 34
194 34
40 34
175 34
92 34
76 34
154 34
46 34
204 34
220 34
255 34
144 34
109 34
116 34
93 34
4 34
65 34
248 34
280 34
159 0
274 34
177 34
102 34
103 34
18 34
79 34
160 34
162 24
125 0
124 34
272 34
241 34
164 34
169 34
257 34
19 34
80 34
3 34
20 0
286 34
128 34
98 24
263 0
195 34
5 34
96 34
8 0
171 0
246 34
130 34
48 34
10 34
267 34
69 34
143 34
142 34
75 34
222 34
47 34
59 34
270 34
110 34
25 34
88 0
268 34
85 34
149 34
206 34
147 34
99 34
140 34
282 34
129 34
33 34
230 24
151 34
232 34
137 34
87 34
119 34
54 34
52 34
95 34
42 34
213 34
226 34
78 0
135 34
249 34
24 34
238 34
122 24
170 34
41 34
265 34
30 34
275 34
287 34
13 34
239 34
228 34
227 34
168 34
166 34
155 34
132 34
260 34
17 34
250 34
245 34
236 34
31 34
200 34
89 34
173 34
146 24
73 34
81 34
104 24
107 24
114 34
34 34
36 34
205 34
38 34
121 34
201 34
150 34
0 0
211 34
136 34
44 34
138 34
190 0
198 0
131 34
285 34
118 0
214 34
216 34
126 34
94 34
115 34
231 34
161 24
240 0
106 34
259 34
243 34
247 34
156 34
284 34
139 34
276 34
82 34
189 34
256 34
183 34
1 34
180 34
179 34
208 34
223 34
117 34
174 34
71 34
77 34
53 34
178 34
57 34
16 34
83 34
37 34
26 34
145 34
209 34
281 24
91 34
29 34
134 34
66 34
254 8
187 34
105 24
221 34
56 34
23 34
252 34
167 34
163 34
196 34
197 24
273 34
113 34
261 34
51 34
165 0
133 34
12 34
127 0
262 34
237 24
123 34
70 34
283 34
61 0
35 34
203 34
14 34
184 24
58 34
86 34
192 34
72 34
27 34
242 24
97 0
212 34
224 34
111 34
32 34
15 34
271 34
90 34
11 34
39 34
279 34
112 34
235 8
28 34
233 34
2 34
6 34
277 24
9 0
266 34
264 34
176 34
108 34
172 34
158 34
157 34
101 34
22 34
278 34
219 34
182 34
120 34
67 0
244 34
193 34
234 34
152 24
64 34
45 24
210 34
181 24
202 34
7 24
251 34
229 34
191 34
215 34
74 34
62 34
63 34
217 34
218 34
21 34
84 34
253 34
68 34
43 34
100 34
185 34
207 34
258 34
269 34
199 34
225 24
55 34
186 34
run time cost of algorithm DRT_BD is 0.046492seconds
