2104400 104 69
0 34
1 34
2 34
3 34
4 34
5 34
6 34
7 34
8 34
9 34
10 34
11 34
12 34
13 34
14 41
15 34
16 34
17 34
18 34
19 34
20 34
21 34
22 34
23 34
24 34
25 0
26 41
27 34
28 34
29 34
30 34
31 34
32 34
33 34
34 0
35 34
36 34
37 0
38 34
39 34
40 34
41 34
42 34
43 34
44 34
45 34
46 34
47 0
48 34
49 34
50 34
51 34
52 34
53 34
54 41
55 34
56 34
57 34
58 34
59 34
60 0
61 34
62 34
63 1
64 41
65 34
66 34
67 34
68 34
69 34
70 34
71 34
72 34
73 34
74 34
75 41
76 34
77 34
78 34
79 34
80 34
81 34
82 34
83 34
84 41
85 34
86 34
87 34
88 34
89 34
90 34
91 41
92 34
93 41
94 34
95 34
96 34
97 34
98 34
99 41
100 34
101 34
102 41
103 41
104 34
105 0
106 34
107 34
108 34
109 41
110 41
111 34
112 8
113 41
114 41
115 34
116 34
117 34
118 34
119 34
120 41
121 0
122 34
123 34
124 34
125 34
126 34
127 34
128 41
129 34
130 34
131 34
132 34
133 41
134 34
135 34
136 41
137 34
138 41
139 34
140 41
141 34
142 34
143 34
144 41
145 34
146 34
147 34
148 34
149 41
150 41
151 34
152 41
153 34
154 34
155 34
156 34
157 34
158 34
159 34
160 34
161 41
162 34
163 34
164 41
165 34
166 34
167 41
168 34
169 34
170 34
171 41
172 8
173 34
174 0
175 41
176 41
177 34
178 34
179 34
180 34
181 0
182 41
183 41
184 34
185 41
186 34
187 34
188 41
189 0
190 34
191 34
192 41
193 34
194 34
195 34
196 34
197 41
198 34
199 34
200 34
201 8
202 41
203 34
204 41
205 34
206 34
207 34
208 41
209 34
210 34
211 34
212 34
213 34
214 34
215 41
216 34
217 41
218 41
219 34
220 34
221 34
222 41
223 34
224 34
225 41
226 34
227 34
228 34
run time cost of algorithm SM_CTP is 0.162494seconds
