9376400 170 17
167 25
454 41
95 25
240 25
459 25
702 25
638 41
301 25
615 41
31 9
337 25
736 25
659 25
285 9
791 25
282 25
712 25
52 25
405 25
44 41
41 25
464 25
698 41
518 25
711 34
364 25
678 25
35 25
4 25
7 25
563 25
104 25
722 25
607 25
705 41
729 41
141 25
773 25
386 25
382 25
781 25
246 25
221 25
546 25
352 25
142 25
770 25
551 25
188 25
793 25
310 25
224 25
326 9
302 25
254 25
378 41
369 25
130 25
9 25
706 25
458 25
577 25
685 9
279 25
320 25
406 9
122 25
116 41
344 25
69 25
556 25
399 25
684 25
149 25
656 25
746 25
10 25
423 25
493 34
39 9
38 25
737 41
808 25
182 25
485 25
125 25
291 25
648 25
289 25
207 25
272 25
243 25
58 25
206 25
724 41
587 41
581 41
679 41
658 41
430 41
303 41
447 41
609 9
810 41
214 41
794 41
687 41
61 41
766 41
653 41
150 41
636 41
720 41
523 9
462 41
772 41
411 34
261 41
408 41
226 9
65 41
435 41
11 41
313 41
379 41
89 9
565 41
356 41
66 41
121 41
451 34
16 41
549 41
727 41
600 41
502 41
135 41
42 41
610 41
491 41
309 41
728 41
127 41
360 9
718 41
787 41
110 9
257 41
437 41
222 41
505 41
288 41
205 41
319 41
19 41
455 41
665 41
616 41
308 41
30 41
604 41
635 41
231 41
510 41
113 41
108 41
814 9
450 41
168 34
336 41
165 41
345 41
140 41
366 41
37 41
579 37
540 41
710 41
290 41
155 41
498 41
627 34
547 41
305 41
407 41
380 41
721 38
567 37
704 38
692 34
622 37
193 34
349 37
213 37
501 37
145 34
376 37
548 37
351 34
340 34
517 37
98 41
694 37
328 37
529 37
244 38
649 37
390 37
575 37
235 37
368 37
465 37
120 9
190 38
592 37
201 37
660 37
580 37
12 38
792 37
763 38
494 37
490 37
330 38
744 38
203 37
626 34
427 38
449 37
327 34
402 34
731 37
273 37
525 37
164 34
136 37
713 37
394 38
647 37
296 37
555 38
195 37
536 37
232 38
602 37
178 38
594 37
189 34
373 37
632 37
284 34
730 37
558 37
470 37
267 9
740 38
63 37
508 38
526 37
700 37
596 38
545 9
118 37
789 9
657 37
646 38
531 34
389 38
397 37
769 37
761 37
800 37
47 37
472 34
542 38
79 37
101 38
105 37
242 38
106 38
34 34
237 37
398 37
198 37
55 37
499 38
661 37
334 37
576 37
749 34
456 34
111 34
765 37
80 34
495 37
480 34
134 9
640 37
780 37
392 37
24 37
71 37
56 34
292 37
516 38
166 38
741 38
432 37
372 38
489 37
483 38
738 9
582 38
91 38
395 37
20 37
507 37
410 34
391 37
68 34
574 38
274 37
247 34
212 37
251 37
690 37
583 34
420 37
701 38
680 38
441 37
816 37
209 38
186 37
683 37
265 37
414 38
252 38
146 37
208 37
100 37
13 34
54 37
241 37
669 34
675 37
468 9
544 34
533 37
612 37
137 38
625 38
506 37
643 34
248 34
401 34
180 37
388 37
60 37
338 37
629 38
416 34
686 9
281 37
383 37
239 37
175 37
332 37
238 37
25 34
527 37
381 37
439 37
618 37
21 37
350 38
107 37
426 34
277 37
202 37
589 38
218 38
64 37
129 37
294 34
623 37
444 34
266 34
799 38
801 37
633 34
151 37
469 37
466 37
97 37
403 38
256 34
667 37
500 37
492 37
768 37
474 37
759 37
126 38
333 37
553 37
673 37
158 9
269 37
40 9
417 37
798 37
353 34
324 38
745 37
5 37
504 37
424 38
315 37
497 37
36 38
471 34
50 38
255 38
715 37
153 9
795 38
482 37
532 34
714 37
197 37
707 34
538 37
463 37
613 9
771 37
668 37
672 34
169 37
362 37
1 38
664 37
85 37
691 37
359 38
476 37
477 37
355 34
674 34
811 37
161 38
250 37
268 37
59 37
723 37
297 37
147 37
67 38
717 34
611 37
23 34
620 37
367 37
484 38
415 34
162 38
157 37
361 37
588 37
535 37
681 34
514 9
569 34
473 38
123 37
566 34
434 37
93 37
171 38
645 34
6 37
347 37
709 38
299 37
245 37
57 38
370 37
45 38
109 37
782 38
564 37
562 37
446 9
807 34
223 37
74 34
217 37
521 37
144 34
598 34
322 34
184 38
747 34
26 34
467 34
697 34
634 34
343 34
573 9
183 34
163 38
81 38
703 34
133 9
509 9
755 38
689 34
92 34
335 38
595 38
767 38
293 34
211 38
806 34
725 38
662 34
112 34
14 34
421 34
103 34
88 34
287 34
743 34
192 9
286 34
676 34
76 34
776 38
228 38
428 34
419 38
233 34
671 34
331 34
663 34
119 34
797 34
377 34
654 34
757 38
453 34
815 34
15 34
752 38
2 38
524 34
431 38
53 38
496 34
429 34
295 34
3 34
642 34
539 34
628 38
733 34
804 34
358 38
591 38
363 24
264 34
46 38
440 34
650 34
262 34
404 34
115 34
436 34
617 34
528 34
139 34
708 38
788 8
196 34
802 34
62 34
457 34
0 34
719 34
571 34
699 34
96 34
619 9
75 34
229 34
48 34
318 38
375 38
750 38
559 34
348 33
641 34
312 38
475 34
586 34
341 38
77 34
695 34
90 34
812 34
557 25
479 41
143 34
316 34
803 34
230 34
753 34
438 38
82 34
216 33
276 38
84 34
22 34
275 34
597 34
448 34
778 9
530 34
33 34
199 34
512 34
666 34
354 34
215 34
311 34
393 34
18 38
187 34
258 34
317 34
644 34
751 34
716 34
174 38
17 34
693 34
409 34
339 38
452 34
433 38
43 8
304 34
210 34
677 34
270 34
70 38
783 34
260 34
534 34
614 34
522 34
487 34
422 34
585 33
696 38
298 9
181 34
739 38
442 9
87 34
732 38
813 34
809 34
159 38
148 38
114 34
185 34
726 34
639 34
271 34
775 6
49 38
572 33
570 34
519 34
637 34
603 34
323 34
357 34
412 9
220 38
83 38
156 33
606 34
624 34
630 33
425 34
652 34
513 34
306 34
236 38
758 38
511 34
225 34
204 34
599 34
400 34
384 34
307 34
742 34
154 9
29 8
779 34
786 34
280 34
515 34
396 34
520 34
152 34
253 34
325 34
32 34
179 34
176 34
762 38
552 34
86 34
593 38
72 38
605 34
263 34
785 34
760 33
128 34
488 34
584 34
590 36
191 34
503 34
249 9
561 34
568 34
28 38
172 34
8 38
443 34
486 38
543 34
99 34
78 34
194 9
73 34
283 36
371 34
329 34
537 34
655 36
374 34
790 34
51 34
413 34
170 34
578 34
259 33
764 38
132 34
27 34
688 9
387 34
94 33
541 34
651 34
321 34
735 34
117 34
300 33
445 34
554 34
173 38
560 34
342 38
621 38
631 34
418 34
102 34
748 34
460 9
200 34
138 38
227 34
478 34
550 9
777 38
177 34
756 38
670 34
124 38
796 34
601 38
784 38
481 34
219 34
365 34
385 9
314 34
682 34
754 34
131 34
774 34
346 38
608 38
234 34
160 34
805 34
734 34
278 38
461 34
run time cost of algorithm DRT_AG is 0.00699seconds
