1252800 98 17
0 0
1 0
2 0
3 34
4 0
5 0
6 0
7 34
8 0
9 0
10 0
11 0
12 0
13 0
14 0
15 0
16 0
17 0
18 0
19 0
20 0
21 0
22 0
23 0
24 0
25 0
26 0
27 0
28 0
29 0
30 0
31 0
32 0
33 0
34 0
35 0
36 34
37 34
38 0
39 0
40 0
41 0
42 0
43 0
44 0
45 0
46 0
47 0
48 0
49 0
50 0
51 0
52 0
53 0
54 0
55 0
56 0
57 0
58 0
59 0
60 0
61 0
62 0
63 0
64 0
65 0
66 0
67 0
68 0
69 0
70 0
71 34
72 1
73 0
74 1
75 0
76 0
77 0
78 0
79 0
80 0
81 0
82 0
83 1
84 0
85 0
86 0
87 0
88 0
89 0
90 0
91 0
92 1
93 1
94 0
95 0
96 0
97 0
98 0
99 1
100 0
101 0
102 0
103 0
104 0
105 0
106 1
107 34
108 0
109 0
110 1
111 0
112 0
113 1
114 0
115 0
116 0
117 34
118 1
119 0
120 0
121 1
122 0
123 34
124 0
125 0
126 0
127 0
128 0
129 34
130 0
131 0
132 34
133 0
134 0
135 0
136 0
137 1
138 0
139 0
140 0
141 0
142 0
143 0
144 1
145 0
146 0
147 0
148 0
149 0
150 0
151 0
152 0
153 0
154 0
155 0
156 0
157 0
158 0
159 0
160 0
161 0
162 1
163 0
164 1
165 0
166 34
167 1
168 0
169 1
170 0
171 1
172 0
173 0
174 0
175 0
176 0
177 0
178 0
179 1
180 0
181 0
182 34
183 0
184 0
185 34
186 0
187 0
188 0
189 0
190 0
191 1
192 0
193 0
194 34
195 0
196 0
197 0
198 0
199 0
200 0
201 1
202 0
203 0
204 1
205 1
206 0
207 0
208 1
209 0
210 0
211 0
212 1
213 1
214 0
215 0
216 0
217 0
218 0
219 1
220 0
221 0
222 0
223 0
224 0
225 1
226 1
227 0
228 1
229 0
230 1
231 0
232 0
233 0
234 0
235 1
236 0
237 0
238 0
239 0
240 0
241 0
242 0
243 0
244 0
245 34
246 0
247 1
248 0
249 0
250 0
251 0
252 0
253 0
254 34
255 0
256 0
257 34
258 0
259 0
260 0
261 0
262 0
263 0
264 34
265 0
266 0
267 0
268 0
269 0
270 34
271 0
272 34
273 0
274 0
275 1
276 1
277 0
278 0
279 0
280 0
281 1
282 1
283 34
284 1
285 0
286 1
287 1
288 0
289 0
290 0
291 0
292 1
293 0
294 0
295 0
296 0
297 34
298 34
299 0
300 0
301 34
302 1
303 0
304 1
305 34
306 0
307 34
308 1
309 34
310 34
311 0
312 0
313 0
314 0
315 0
316 0
317 0
318 0
319 0
320 0
321 1
322 0
323 0
324 34
325 1
326 0
327 0
328 0
329 0
330 34
331 2
332 0
333 0
334 0
335 0
336 1
337 0
338 1
339 0
340 0
341 0
342 0
343 1
344 0
345 0
346 0
347 0
348 0
349 0
350 0
351 0
352 0
353 0
354 0
355 0
356 0
357 34
358 0
359 0
360 0
361 0
362 34
363 34
364 0
365 0
366 0
367 0
368 1
369 0
370 0
371 34
372 0
373 1
374 0
375 0
376 0
377 0
378 0
379 0
380 0
381 1
382 34
383 0
384 0
385 0
386 0
387 1
388 1
389 0
390 1
391 1
392 34
393 0
394 0
395 0
396 0
397 0
398 0
399 1
400 0
401 0
402 0
403 0
404 0
405 2
406 1
407 34
408 0
409 1
410 1
411 34
412 1
413 0
414 0
415 34
416 0
417 0
418 0
419 1
420 0
421 0
422 1
423 0
424 0
425 1
426 0
427 1
428 0
429 0
430 1
431 1
432 0
433 1
434 0
435 0
436 0
437 1
438 0
439 0
440 1
441 0
442 0
443 0
444 34
445 34
446 0
447 1
448 0
449 0
450 0
451 0
452 0
453 1
454 34
455 1
456 0
457 0
458 0
459 0
460 0
461 0
462 0
463 1
464 0
465 1
466 0
467 1
468 0
469 0
470 1
471 34
472 0
473 1
474 1
475 1
476 1
477 0
478 1
479 0
480 0
481 0
482 2
483 0
484 0
485 0
486 1
487 0
488 0
489 1
490 0
491 0
492 0
493 0
494 0
495 34
496 0
497 0
498 1
499 0
500 1
501 0
502 0
503 0
504 0
505 0
506 0
507 0
508 0
509 0
510 0
511 2
512 0
513 1
514 1
515 0
516 0
517 0
518 0
519 0
520 0
521 1
522 0
523 1
524 0
525 0
526 2
527 0
528 0
529 1
530 1
531 0
532 1
533 0
534 0
535 1
536 0
537 1
538 1
539 0
540 1
541 0
542 34
543 1
544 0
545 2
546 0
547 1
548 1
549 0
550 1
551 2
552 2
553 0
554 1
555 1
556 1
557 0
558 0
559 1
560 0
561 34
562 1
563 0
564 0
565 34
566 0
567 0
568 1
569 1
570 1
571 1
572 0
573 0
574 34
575 0
576 2
577 1
578 0
579 1
580 1
581 0
582 1
583 0
584 0
585 8
586 0
587 1
588 0
589 0
590 1
591 1
592 1
593 2
594 0
595 1
596 0
597 0
598 0
599 2
600 1
601 0
602 0
603 1
604 1
605 0
606 1
607 0
608 1
609 0
610 0
611 1
612 2
613 0
614 1
615 0
616 1
617 2
618 0
619 0
620 1
621 0
622 2
623 0
624 0
625 1
626 0
627 0
628 1
629 0
630 0
631 0
632 1
633 0
634 1
635 1
636 1
637 1
638 1
639 1
640 0
641 0
642 0
643 34
644 34
645 1
646 2
647 0
648 0
649 1
650 1
651 34
652 1
653 1
654 0
655 1
656 1
657 0
658 1
659 0
660 1
661 1
662 0
663 0
664 1
665 1
666 2
667 0
668 1
669 0
670 1
671 0
672 1
673 0
674 0
675 0
676 0
677 1
678 0
679 34
680 0
681 1
682 1
683 34
684 1
685 0
686 1
687 0
688 34
689 1
690 0
691 2
692 0
693 0
694 0
695 1
696 34
697 1
698 0
699 0
700 0
701 0
702 0
703 2
704 0
705 0
706 0
707 34
708 34
709 0
710 1
711 1
712 1
713 1
714 1
715 34
716 0
717 1
718 0
719 1
720 0
721 0
722 0
run time cost of algorithm SM_CTP is 0.857074seconds
