550900 97 18
0 0
1 34
2 0
3 0
4 0
5 0
6 34
7 0
8 0
9 0
10 0
11 0
12 34
13 1
14 0
15 0
16 0
17 0
18 0
19 0
20 0
21 0
22 0
23 0
24 0
25 0
26 0
27 0
28 0
29 0
30 0
31 0
32 0
33 0
34 0
35 0
36 0
37 0
38 0
39 0
40 0
41 0
42 0
43 0
44 0
45 0
46 0
47 0
48 1
49 0
50 0
51 0
52 34
53 0
54 0
55 0
56 0
57 0
58 0
59 0
60 0
61 0
62 0
63 0
64 0
65 0
66 0
67 0
68 0
69 0
70 0
71 0
72 1
73 0
74 1
75 0
76 0
77 34
78 0
79 1
80 0
81 1
82 0
83 0
84 0
85 0
86 1
87 0
88 1
89 0
90 0
91 0
92 1
93 0
94 0
95 1
96 0
97 1
98 0
99 0
100 0
101 0
102 1
103 0
104 0
105 0
106 0
107 34
108 0
109 0
110 0
111 0
112 1
113 34
114 0
115 0
116 34
117 34
118 34
119 0
120 0
121 34
122 0
123 0
124 34
125 1
126 0
127 34
128 0
129 0
130 1
131 34
132 0
133 0
134 0
135 0
136 0
137 34
138 0
139 0
140 34
141 0
142 0
143 0
144 0
145 1
146 1
147 1
148 0
149 0
150 0
151 0
152 1
153 0
154 0
155 0
156 0
157 1
158 0
159 0
160 0
161 1
162 1
163 0
164 0
165 0
166 0
167 0
168 1
169 34
170 34
171 0
172 0
173 0
174 0
175 0
176 0
177 0
178 1
179 0
180 1
181 0
182 1
183 0
184 0
185 0
186 0
187 0
188 1
189 0
190 1
191 34
192 0
193 0
194 0
195 1
196 0
197 1
198 0
199 0
200 2
201 0
202 0
203 0
204 0
205 0
206 1
207 1
208 0
209 1
210 34
211 0
212 1
213 0
214 0
215 2
216 0
217 0
218 0
219 34
220 2
221 1
222 0
223 0
224 1
225 0
226 0
227 34
228 1
229 34
230 1
231 0
232 1
233 0
234 0
235 0
236 0
237 0
238 34
239 0
240 1
241 0
242 1
243 1
244 34
245 0
246 0
247 1
248 1
249 1
250 0
251 0
252 0
253 0
254 1
255 0
256 0
257 1
258 0
259 0
260 0
261 1
262 1
263 1
264 1
265 0
266 0
267 0
268 0
269 0
270 0
271 0
272 1
273 1
274 0
275 0
276 34
277 1
278 0
279 1
280 0
281 0
282 0
283 1
284 0
285 0
286 0
287 0
288 2
289 0
290 1
291 0
292 1
293 2
294 1
295 0
296 0
297 1
298 0
299 0
300 0
301 1
302 0
303 1
304 1
305 1
306 0
307 0
308 1
309 34
310 1
311 0
312 1
313 0
314 0
315 0
316 0
317 0
318 0
319 0
320 34
321 34
322 0
323 0
324 1
325 0
326 1
327 2
run time cost of algorithm SM_CTP is 0.167021seconds
