8018400 171 79
469 29
92 41
764 41
695 0
414 21
349 21
818 0
821 26
788 29
9 41
1 41
557 26
522 34
517 29
849 41
348 21
327 21
338 26
296 29
322 21
546 26
86 41
834 29
515 29
266 29
269 21
325 21
828 0
388 29
208 34
381 34
145 29
715 34
622 41
276 41
621 21
781 26
231 41
731 26
84 0
835 21
20 21
65 29
497 29
509 29
812 41
537 0
657 29
790 29
525 26
340 41
236 41
476 29
169 26
560 0
811 26
304 21
100 41
632 29
699 29
295 41
76 26
122 29
724 26
673 26
413 29
625 26
586 41
528 29
663 21
734 26
494 29
670 29
853 29
457 26
420 29
341 21
684 26
260 21
130 26
278 26
72 21
588 29
182 21
819 29
805 0
190 21
360 41
209 29
722 41
35 21
246 34
554 41
738 0
516 29
589 29
831 29
780 29
183 29
800 26
432 26
418 41
129 41
425 0
789 29
191 34
652 21
224 0
178 41
323 34
8 26
485 26
152 29
558 26
455 41
174 21
725 0
698 41
7 26
105 29
631 29
398 26
826 26
454 21
172 29
666 26
58 41
164 26
563 26
547 26
6 29
39 29
54 29
723 41
611 26
198 26
772 26
716 41
713 34
575 21
46 26
239 41
562 21
616 29
430 21
719 34
298 26
495 26
235 41
732 29
462 26
583 29
757 34
823 26
328 34
344 29
565 29
353 26
363 0
474 41
596 29
548 34
606 21
273 21
482 26
623 29
248 21
51 41
93 29
792 41
653 0
519 21
387 21
30 26
293 21
288 21
238 29
48 41
629 21
628 29
850 26
443 29
523 29
423 29
136 29
720 34
682 29
839 26
94 29
355 0
373 29
771 29
79 29
852 21
275 29
435 0
434 26
139 29
245 29
700 29
17 29
762 41
487 29
380 26
639 41
184 41
159 41
444 21
433 41
247 41
241 41
121 26
202 34
201 26
371 26
658 29
154 21
334 29
814 26
24 21
601 41
529 29
690 21
357 41
181 26
844 29
131 29
68 41
34 0
702 26
619 29
691 26
726 26
451 41
81 29
496 41
42 26
207 21
417 29
552 26
228 29
45 26
29 29
384 29
445 21
693 29
613 0
644 21
733 0
112 21
166 34
744 29
175 21
96 34
337 29
499 29
173 21
502 29
427 29
222 21
234 21
268 29
689 26
479 21
555 21
584 21
287 26
846 26
13 29
210 26
339 41
411 29
331 21
193 29
710 21
685 26
492 29
140 34
540 41
646 41
567 26
602 41
620 21
354 29
262 41
285 29
281 21
665 21
114 26
289 29
389 29
329 29
544 41
766 26
807 41
14 29
568 29
797 41
5 29
543 21
16 29
382 26
233 21
626 26
158 26
106 21
227 21
374 21
37 29
242 29
306 34
582 26
162 41
484 29
778 29
403 34
170 29
52 21
765 21
53 26
156 21
638 26
832 34
816 41
817 26
64 26
324 21
277 21
415 0
161 26
624 29
718 21
199 26
532 41
648 21
206 0
223 26
303 41
244 41
576 26
598 41
101 26
215 41
472 21
822 41
820 0
406 41
421 41
806 21
97 41
561 21
830 21
556 26
167 21
124 26
410 0
229 21
551 0
486 26
399 29
590 29
292 29
585 41
501 29
119 29
721 29
530 26
253 21
767 21
643 41
280 26
104 29
815 34
249 34
203 26
593 21
359 34
566 26
180 41
845 26
342 41
128 26
386 29
272 26
232 26
741 21
508 21
369 0
468 26
127 26
19 41
332 29
321 26
707 26
463 21
192 29
717 21
795 34
397 26
416 34
310 26
351 26
756 29
749 21
15 34
185 26
708 26
843 26
358 21
439 26
307 26
146 41
302 29
573 26
465 21
786 41
326 41
160 41
333 41
141 41
142 21
118 26
471 26
392 34
441 0
61 41
774 21
125 29
687 29
134 21
539 41
791 41
291 41
769 21
49 26
810 26
504 29
559 34
630 41
580 41
396 29
110 21
153 26
197 41
70 21
656 34
579 26
804 29
168 21
591 29
271 21
60 26
274 26
155 21
438 21
195 0
200 21
825 29
634 29
3 21
78 41
692 26
493 34
706 29
481 29
758 26
177 26
446 26
258 29
607 29
813 41
577 29
407 34
98 29
71 34
703 29
473 26
376 34
317 29
796 34
538 26
165 29
117 26
614 21
667 41
214 29
59 26
21 26
600 26
478 29
196 41
642 0
150 41
395 26
394 29
346 29
833 26
12 21
426 29
759 29
311 21
458 34
312 29
179 26
120 21
651 0
264 26
727 34
393 21
372 41
770 26
383 29
467 41
378 0
470 29
447 26
511 41
541 26
437 26
599 34
605 34
408 41
633 0
785 34
636 0
263 41
282 26
668 41
188 21
739 41
82 26
489 26
569 0
243 34
75 26
347 21
95 29
57 0
409 21
254 26
649 29
592 34
436 21
225 29
442 41
318 29
581 29
448 41
41 26
137 0
763 41
320 41
794 0
335 41
753 21
837 29
740 0
505 41
507 41
77 34
655 41
314 29
647 34
609 26
477 21
132 21
701 21
513 34
452 29
671 29
783 34
144 0
574 26
294 29
143 41
424 26
466 29
549 0
809 29
138 29
784 21
650 26
640 29
782 29
18 21
751 26
491 41
352 41
704 29
490 41
390 26
637 29
404 26
102 26
33 26
460 41
55 29
308 41
365 34
669 26
89 41
123 41
315 41
847 21
330 26
840 26
527 21
305 41
356 41
375 41
572 41
148 34
66 41
336 21
205 41
261 41
550 26
798 41
313 41
362 41
777 41
680 0
612 41
801 21
709 21
697 21
802 26
309 41
827 41
787 41
775 21
531 21
696 41
252 26
204 41
267 41
419 21
221 41
803 26
793 21
617 26
768 21
750 26
534 34
659 41
737 21
824 26
80 34
526 41
26 41
109 41
36 21
157 21
40 41
400 41
431 34
111 21
213 26
752 26
475 21
402 26
74 21
779 26
316 29
498 41
851 41
286 26
748 41
44 41
608 41
10 41
773 21
578 41
265 26
848 26
350 21
343 21
297 41
518 26
683 21
674 21
681 26
250 41
38 41
147 41
688 21
56 26
367 41
28 41
754 0
661 34
760 26
524 34
23 26
594 41
270 21
627 41
729 26
237 26
126 34
597 34
171 41
635 41
746 26
503 26
603 34
610 41
604 41
43 21
88 26
587 41
449 26
230 41
116 26
83 21
240 21
25 34
510 34
300 21
319 41
520 41
694 26
533 21
69 34
730 21
660 26
405 41
428 21
32 34
705 26
422 21
345 34
728 41
841 21
571 41
107 26
27 34
645 26
429 34
535 41
220 26
256 26
50 21
735 34
279 34
379 26
570 34
743 21
440 0
838 41
364 41
542 21
62 26
368 34
401 41
67 26
450 41
456 0
677 0
672 41
0 21
761 26
747 41
483 26
47 26
808 41
736 41
63 26
453 41
194 41
799 41
377 41
836 26
219 41
284 21
103 26
22 21
678 41
218 34
217 41
176 34
99 41
686 41
712 41
366 34
115 26
385 41
755 41
226 21
480 41
461 41
11 21
776 21
711 41
113 26
212 26
108 41
133 34
255 21
615 41
618 26
257 21
91 34
2 41
464 34
488 41
745 21
216 26
391 21
545 26
186 0
149 26
512 26
679 41
4 34
151 41
641 26
299 41
459 21
842 26
87 21
521 41
654 21
31 41
536 26
370 41
553 41
500 0
564 21
595 26
189 41
361 21
187 34
662 34
664 26
676 21
73 34
211 21
135 41
90 26
506 41
290 0
675 21
251 34
742 41
829 34
412 41
514 26
85 41
163 34
301 34
283 26
714 26
259 26
run time cost of algorithm DRT_BD is 0.359368seconds
