285300 104 65
0 34
1 34
2 34
3 34
4 34
5 34
6 34
7 34
8 34
9 34
10 34
11 34
12 34
13 34
14 34
15 34
16 0
17 34
18 34
19 34
20 34
21 34
22 0
23 34
24 34
25 34
26 34
27 34
28 34
29 0
30 34
31 34
32 34
33 34
34 0
35 34
36 41
37 34
38 34
39 34
40 34
41 34
42 34
43 0
44 34
45 34
46 34
47 0
48 34
49 34
50 34
51 34
52 34
53 34
54 34
55 34
56 34
57 0
58 34
59 34
60 0
61 34
62 34
63 34
64 34
65 41
66 41
67 34
68 34
69 34
70 41
71 34
72 34
73 34
74 8
75 41
76 34
77 34
78 34
79 34
80 34
81 34
82 34
83 34
84 34
85 0
86 34
87 34
88 0
89 41
90 34
91 34
92 34
93 0
94 34
95 41
96 34
97 34
98 34
99 34
100 41
101 34
102 8
103 0
104 34
105 34
106 34
107 41
108 34
109 34
110 41
111 34
112 34
113 34
114 34
115 34
116 34
117 34
118 41
119 34
120 0
121 0
122 34
123 41
124 34
125 34
126 34
127 34
128 41
129 34
130 0
131 34
132 41
133 34
134 8
135 34
136 8
137 34
138 34
139 34
140 34
141 34
142 34
143 34
144 0
145 34
146 34
147 34
148 34
149 34
150 41
151 34
152 41
153 34
154 41
155 0
156 34
157 34
158 0
159 34
160 41
161 41
162 34
163 34
164 34
165 34
166 41
167 34
168 0
169 8
170 34
171 34
172 41
173 0
174 34
175 34
176 34
177 34
178 41
179 34
180 34
181 34
182 34
183 34
184 41
185 34
186 34
187 0
188 41
189 41
190 34
191 34
192 41
193 34
194 0
195 34
196 34
197 34
198 34
199 41
200 41
201 34
202 34
203 34
204 41
205 41
206 41
207 34
run time cost of algorithm SM_CTP is 0.116636seconds
