1608400 161 45
345 25
319 41
286 41
247 34
4 25
200 25
199 25
158 25
68 25
188 25
314 9
118 25
12 34
101 34
157 25
7 25
96 25
164 25
174 25
297 25
72 25
0 25
370 25
348 34
204 25
208 25
217 25
366 25
28 25
240 25
8 25
271 25
179 25
132 25
233 25
121 25
258 25
176 25
329 25
282 34
249 25
16 25
367 25
237 25
365 25
339 25
123 25
322 25
115 25
81 41
146 25
244 25
48 25
87 25
103 25
290 25
328 25
324 25
215 25
147 25
333 25
277 41
190 25
143 25
186 25
363 25
374 25
128 41
126 25
341 25
239 25
264 25
151 25
35 25
296 25
156 25
183 25
44 25
235 41
189 9
335 25
144 25
94 25
161 34
89 25
292 25
86 34
368 25
299 25
230 34
41 25
232 25
160 25
97 25
192 25
114 41
236 25
155 41
266 25
309 25
108 9
149 25
323 25
195 34
84 25
18 34
6 25
15 25
184 34
281 25
107 25
150 34
216 25
220 25
259 25
25 25
229 25
267 34
11 25
288 9
332 25
293 25
70 25
369 25
340 25
125 25
337 25
376 25
278 25
129 25
326 25
303 9
168 25
133 25
79 34
350 25
62 25
354 25
243 25
50 25
93 25
311 9
313 25
219 9
26 34
371 25
152 34
17 9
256 25
159 25
327 25
60 9
362 25
39 25
228 25
31 25
51 25
2 25
135 25
252 25
13 25
162 34
124 9
163 25
102 25
280 25
29 34
202 34
338 25
275 41
182 25
58 25
352 25
105 25
112 25
104 25
209 25
355 25
21 25
120 25
43 9
91 25
165 6
358 25
136 25
55 25
139 25
9 25
111 25
119 25
191 25
65 25
100 25
30 41
222 25
178 41
201 34
177 25
113 34
260 25
167 25
272 34
353 25
349 34
57 41
5 25
127 25
54 25
205 41
14 34
131 25
187 34
52 25
213 9
316 25
169 25
357 25
47 41
218 25
320 9
261 25
203 25
109 34
263 41
45 25
106 25
173 25
330 9
117 41
242 25
315 25
274 25
360 25
64 25
36 25
74 25
76 34
137 25
227 25
226 25
90 25
251 9
302 34
212 25
294 25
308 25
145 41
171 9
284 25
207 25
42 25
33 9
306 25
241 25
298 41
253 25
214 25
312 25
193 25
19 25
67 34
343 25
73 25
138 25
310 25
154 25
197 41
224 25
221 25
254 25
32 25
356 9
75 25
98 9
317 25
141 25
148 25
198 41
283 25
210 25
211 25
10 25
71 41
318 25
20 25
22 25
321 25
234 41
231 25
85 25
38 41
361 25
304 25
336 34
59 41
301 25
248 25
265 25
172 25
88 25
344 41
295 25
46 25
331 9
194 25
289 25
273 25
95 25
153 25
364 25
325 25
99 25
23 41
130 25
269 41
268 41
375 9
122 41
225 34
27 25
196 25
257 25
255 9
166 25
262 25
185 41
342 41
223 34
140 25
373 25
206 25
110 41
291 25
40 25
305 41
49 25
53 25
61 41
175 25
246 41
134 41
359 25
34 25
307 25
346 25
92 25
82 25
63 25
347 25
351 25
170 41
334 41
180 25
3 25
116 25
270 25
276 25
77 25
181 25
66 25
80 25
56 25
300 25
83 25
69 25
245 25
238 41
37 9
287 25
78 25
250 41
142 25
24 34
285 25
372 25
1 25
279 41
run time cost of algorithm DRT_AG is 0.001746seconds
