1685200 104 69
128 34
124 34
422 0
157 34
531 34
378 34
161 34
369 34
104 34
360 34
520 34
11 34
67 34
13 34
248 34
489 34
79 34
304 34
495 34
300 34
306 34
84 34
308 34
246 34
65 0
63 34
231 34
364 34
28 34
461 34
109 34
530 34
458 34
381 34
34 0
391 34
44 41
121 34
441 34
0 34
258 34
451 34
127 34
254 34
289 34
419 34
234 34
395 34
539 34
221 34
538 34
80 34
149 0
204 34
156 34
30 34
522 34
199 34
58 34
359 34
198 34
195 34
181 34
25 34
66 34
168 34
482 34
523 34
353 34
196 34
327 34
60 34
319 0
26 0
535 34
491 34
9 34
418 34
443 34
188 34
315 34
151 34
390 34
499 34
213 34
148 34
290 0
238 34
135 34
126 34
506 34
91 34
33 34
279 34
288 41
479 34
347 0
171 34
297 34
341 34
338 34
329 34
108 34
71 34
490 34
323 34
487 34
78 34
82 34
7 34
70 41
214 34
182 34
501 34
87 41
480 34
514 34
507 34
375 34
459 34
270 34
457 34
393 34
141 34
48 34
455 34
421 34
42 34
449 34
277 34
310 41
107 34
218 41
504 34
230 34
256 34
474 34
29 34
262 41
271 34
430 34
296 34
386 34
143 34
175 34
335 34
326 34
365 34
122 34
81 0
417 34
119 34
272 0
442 34
448 34
498 34
253 34
242 34
16 34
227 41
529 34
210 34
534 34
553 34
130 34
250 34
232 34
546 34
257 34
261 34
533 34
307 34
100 34
337 34
339 34
515 34
377 41
413 41
512 34
428 34
435 34
138 41
112 34
37 34
31 41
469 34
24 34
476 34
185 34
137 34
59 34
454 0
453 34
486 41
38 34
547 34
260 34
1 34
140 34
147 0
237 34
325 41
123 0
513 34
398 8
72 34
336 34
144 34
176 34
382 34
383 34
54 34
388 34
61 34
62 0
173 34
51 34
332 34
526 34
397 34
223 0
46 34
20 34
380 34
516 0
145 34
500 34
527 34
278 34
268 41
180 41
436 34
545 34
481 34
423 41
342 34
236 34
368 34
282 34
15 34
219 34
216 41
503 41
466 34
74 34
471 34
348 34
166 34
75 41
293 34
405 41
22 34
23 34
358 34
45 41
94 34
542 34
235 34
206 34
399 34
184 34
101 34
408 34
292 41
496 34
497 34
524 34
36 34
551 34
217 0
367 34
276 34
98 34
302 34
420 34
263 34
225 34
202 34
552 34
186 34
544 41
328 34
169 34
146 34
183 34
285 34
322 34
452 34
85 34
111 34
379 34
264 34
142 41
245 34
548 34
351 34
427 34
134 41
537 34
505 34
438 34
356 34
401 34
425 34
69 34
366 34
77 41
201 34
233 34
394 34
374 34
305 34
27 34
431 34
363 34
317 34
433 34
416 34
211 34
281 34
14 34
32 0
447 34
549 34
192 34
510 34
57 34
167 34
4 34
244 34
102 34
243 34
267 34
73 34
460 34
444 34
117 41
240 34
287 34
316 34
93 34
389 34
402 34
414 34
525 34
517 34
432 34
215 34
12 34
177 34
511 34
56 34
105 34
18 34
226 34
493 34
298 34
424 34
484 34
301 41
303 34
41 34
43 0
49 34
541 34
179 34
90 41
220 41
396 34
190 0
403 0
259 34
372 34
136 34
209 34
162 41
345 34
6 34
189 41
228 41
153 34
412 34
334 34
132 34
406 34
3 34
371 41
370 34
350 8
330 41
129 41
312 34
251 34
309 34
249 34
275 34
47 41
299 34
502 34
318 34
208 41
222 34
445 41
64 34
434 34
5 34
536 34
485 34
550 34
400 34
494 34
207 34
470 34
384 34
465 34
409 34
159 41
39 34
269 34
164 41
114 34
255 34
528 34
55 41
139 34
274 34
426 34
158 34
19 41
120 34
50 34
187 34
286 34
154 34
362 34
247 34
385 34
464 34
53 34
463 34
224 34
331 41
152 34
163 34
450 34
52 41
521 34
340 34
10 34
165 34
115 34
103 34
518 34
116 34
2 34
273 34
155 34
150 34
170 34
294 34
265 34
95 34
509 34
540 41
86 34
407 34
508 41
241 34
194 34
133 34
373 34
197 41
472 34
346 41
283 34
252 41
439 34
291 41
478 34
411 34
311 34
106 34
415 34
131 41
35 34
519 8
284 34
475 0
446 34
229 34
113 34
483 8
344 34
295 34
76 34
313 34
239 34
437 34
392 34
17 8
172 41
89 34
314 34
387 41
320 34
468 34
467 41
404 34
99 0
40 41
324 34
200 41
110 34
361 34
212 34
118 41
174 34
160 34
376 41
333 8
203 34
456 34
357 0
410 34
266 41
321 34
88 34
83 34
343 41
492 41
355 34
21 34
532 34
354 34
352 34
429 34
349 0
440 34
8 0
488 41
193 41
68 8
92 0
543 34
191 34
178 41
462 41
280 0
96 34
473 0
125 34
477 34
97 34
205 34
run time cost of algorithm DRT_BD is 0.183106seconds
