2499000 120 41
510 9
328 25
335 9
237 25
155 25
315 25
388 25
306 25
188 25
115 9
429 25
109 25
295 34
477 25
87 34
203 41
269 9
558 25
263 25
575 25
600 25
34 25
220 25
427 25
561 25
232 25
613 34
424 25
606 25
312 25
297 9
229 25
676 34
274 25
622 25
144 25
633 25
598 25
597 25
595 25
256 25
138 25
434 25
408 9
497 25
443 25
487 25
638 25
184 25
98 41
526 25
447 25
52 25
479 25
175 25
305 25
556 25
172 25
464 9
686 41
569 25
634 25
396 25
149 25
44 9
177 41
262 25
546 25
514 25
145 25
658 25
219 25
311 25
430 9
528 41
118 41
536 25
283 9
362 25
165 25
544 25
139 25
298 9
29 25
183 25
320 41
664 25
123 25
176 25
412 25
247 41
471 25
58 25
284 9
107 41
43 25
192 25
243 25
216 25
46 25
194 25
333 25
445 25
103 25
318 41
156 34
285 25
671 25
577 25
35 34
132 9
111 25
552 25
250 25
355 25
667 25
210 41
252 41
359 25
612 9
616 25
24 41
277 25
25 25
637 25
435 25
300 41
54 25
679 25
553 25
238 25
548 25
538 25
457 25
501 25
383 41
308 25
374 9
527 25
519 25
517 37
224 41
503 25
14 25
201 25
539 25
66 25
178 25
415 25
549 41
270 25
350 25
394 25
265 9
316 25
289 25
17 25
292 25
53 25
433 25
45 25
31 25
432 25
428 41
346 25
235 25
233 25
687 25
670 9
242 41
648 41
645 34
620 41
593 25
57 25
343 25
209 25
148 25
272 25
143 25
511 34
436 25
413 25
390 25
133 25
327 25
128 34
398 25
682 25
240 9
329 41
191 25
171 25
339 25
32 9
173 25
293 25
591 25
567 25
64 9
348 25
89 25
524 41
363 25
202 25
280 25
532 25
71 9
358 41
387 41
456 25
271 25
62 25
61 25
154 25
560 25
454 25
446 25
294 25
601 41
100 41
603 34
104 25
249 25
642 25
366 34
334 25
164 25
417 41
8 25
321 25
379 41
322 41
325 25
461 25
692 25
276 25
303 25
680 25
239 41
677 25
668 25
656 25
169 25
336 34
609 25
141 41
38 25
116 41
584 25
462 25
481 41
545 9
541 41
218 41
529 25
92 9
84 41
48 25
581 41
459 25
39 25
125 25
28 25
264 41
18 34
160 25
226 25
1 25
195 25
198 25
72 25
0 25
97 25
94 41
419 25
496 25
230 25
392 25
130 34
530 25
531 25
377 41
535 25
367 25
67 25
672 25
63 25
55 25
559 25
290 25
349 25
42 25
578 25
650 9
580 25
585 41
607 25
608 25
621 25
174 25
360 25
13 25
444 41
150 25
639 25
455 9
347 34
570 25
208 41
666 25
547 25
421 25
313 25
492 25
12 9
499 25
317 34
500 25
402 25
253 41
83 25
533 34
522 25
389 41
282 9
378 41
385 41
162 25
131 25
647 34
513 25
372 25
267 41
199 25
364 41
494 25
181 25
652 41
550 25
56 9
468 25
659 25
2 9
344 41
345 25
49 25
95 25
564 25
96 25
51 25
483 25
480 25
180 25
420 25
451 25
482 41
441 9
414 25
472 25
684 25
654 25
498 9
405 25
19 25
506 41
509 41
76 25
386 34
438 25
370 25
384 41
332 25
70 25
281 25
330 25
248 41
351 25
50 25
73 25
380 34
381 25
354 25
307 41
275 9
33 25
40 25
418 25
602 41
268 25
5 25
673 25
278 25
640 25
301 25
241 25
81 34
82 25
406 25
16 25
93 25
404 25
299 25
170 41
296 41
41 41
140 25
407 9
646 37
465 25
395 25
91 25
611 25
146 9
189 25
631 25
475 25
244 41
75 25
540 25
254 25
563 25
161 9
423 25
88 25
416 25
473 25
117 25
627 25
114 25
85 25
632 25
409 41
401 25
108 25
23 25
324 38
674 25
369 41
337 25
47 34
574 25
453 25
452 25
573 38
101 25
227 34
204 41
273 41
615 25
614 25
636 41
568 25
309 41
371 25
523 34
512 34
508 34
458 25
159 41
10 25
106 34
168 41
594 41
122 41
493 25
86 41
484 25
596 25
469 34
22 25
119 25
599 25
425 34
231 41
137 34
214 25
20 25
619 41
4 25
134 34
442 41
669 34
393 25
630 38
78 25
486 41
518 25
661 25
80 25
59 25
685 25
121 25
260 41
565 25
681 41
504 25
411 41
79 25
537 41
279 34
257 25
310 41
623 41
382 25
323 34
135 25
643 25
649 25
304 25
635 25
617 41
26 25
158 9
466 41
555 9
215 25
660 25
489 25
187 41
651 25
586 34
448 41
439 25
212 41
662 25
326 25
126 25
291 25
628 25
9 41
124 41
167 41
376 25
665 25
579 25
228 34
266 25
576 25
69 25
440 25
582 38
542 25
583 25
525 41
153 9
365 25
36 41
129 41
27 9
624 25
110 34
491 25
490 34
554 41
488 41
287 41
163 25
357 41
261 25
15 25
136 25
302 9
505 25
422 25
105 25
566 25
234 25
193 25
675 25
221 34
127 41
653 41
467 25
375 41
340 25
196 25
604 25
338 25
368 37
246 9
641 25
618 41
431 41
470 41
520 25
245 25
587 25
507 41
460 34
60 25
151 25
663 41
258 25
319 25
495 41
288 25
399 41
478 25
179 41
474 41
521 25
11 38
655 25
157 25
543 25
572 25
166 25
206 25
68 41
211 25
251 41
551 41
690 25
691 25
571 25
449 25
7 34
99 25
286 25
410 41
331 38
21 41
689 41
217 41
625 25
626 25
589 41
588 25
400 41
102 41
207 41
222 9
341 25
342 25
397 25
152 25
437 41
516 25
259 34
74 25
352 34
90 41
113 34
112 34
361 25
147 25
190 41
463 25
142 41
605 25
356 41
426 25
476 9
197 34
3 25
683 41
205 25
391 25
77 25
185 25
515 25
610 25
629 37
502 25
403 41
688 25
225 41
37 41
6 9
644 25
120 25
485 25
200 37
657 41
255 41
534 25
373 25
678 25
65 25
213 25
557 25
353 25
562 25
186 25
182 25
314 25
223 34
590 41
592 9
30 25
450 25
236 25
run time cost of algorithm DRT_AG is 0.00572seconds
