1391600 161 51
172 34
258 9
161 9
3 9
163 9
40 9
293 9
187 34
96 9
174 9
182 9
86 9
63 9
93 9
94 34
175 9
23 9
7 9
225 9
114 9
241 9
240 9
179 9
315 9
307 9
181 9
196 9
57 9
168 9
138 9
145 9
5 9
8 9
39 9
12 9
124 9
313 9
55 9
67 34
37 9
56 9
103 9
123 9
166 9
121 9
296 9
231 9
314 9
279 9
259 9
244 9
308 9
261 9
298 9
228 9
185 9
202 9
68 9
292 6
74 34
216 9
126 6
132 9
97 9
242 9
150 9
197 9
129 9
136 9
270 9
149 9
207 9
105 9
212 9
224 9
9 9
287 6
135 9
116 9
189 9
246 9
257 9
285 9
14 9
288 6
160 34
88 9
71 9
91 9
147 9
250 9
251 9
157 9
219 9
281 34
267 9
46 9
78 9
104 9
294 9
26 9
218 9
245 9
72 9
153 9
289 9
82 6
195 9
223 9
87 9
191 9
255 9
18 34
66 6
54 9
273 9
45 6
186 9
209 34
41 9
53 9
146 9
111 9
108 9
32 9
140 9
52 9
64 9
170 9
304 9
106 9
62 9
4 9
139 9
248 9
283 9
109 9
75 9
276 6
233 9
205 9
122 9
264 6
239 6
256 9
151 9
284 9
38 9
6 9
120 6
271 9
76 9
81 6
206 9
309 9
24 9
47 9
79 9
278 9
303 9
229 9
203 9
90 6
183 9
110 6
222 9
286 9
232 6
252 9
180 9
65 9
306 9
85 6
302 9
119 9
221 9
164 9
20 9
290 9
171 6
167 6
262 34
34 34
61 6
201 9
144 34
165 9
275 6
21 9
133 9
220 9
115 9
178 9
70 9
43 9
280 6
10 6
84 9
80 6
60 9
113 9
184 6
316 9
300 9
260 9
11 9
237 9
243 6
249 6
107 9
208 9
217 9
265 9
128 9
35 9
152 10
236 6
31 6
299 9
263 9
92 9
200 9
15 9
211 9
254 6
173 9
29 6
130 34
311 9
141 6
137 34
177 9
156 9
33 9
16 9
127 9
192 6
162 9
226 6
50 9
143 9
17 9
155 9
30 9
48 6
118 9
210 9
310 9
204 9
282 9
148 9
59 6
42 9
301 9
238 9
227 9
49 6
83 9
269 9
253 9
190 6
247 6
317 6
272 10
1 9
159 6
176 6
297 9
2 9
199 9
312 9
198 9
291 9
13 10
188 6
69 9
44 9
230 9
58 6
112 9
213 9
117 6
268 9
305 9
98 9
194 6
95 9
99 9
134 6
0 10
266 34
214 9
131 9
77 6
36 9
158 9
51 9
19 6
318 6
319 9
234 6
295 9
142 9
100 9
73 9
28 9
22 6
274 9
277 9
102 9
89 9
27 9
235 6
215 6
193 9
169 9
154 10
125 9
101 9
25 6
run time cost of algorithm DRT_AG is 0.001591seconds
