643400 161 48
38 9
458 9
214 9
40 9
354 9
55 9
132 9
111 9
28 9
430 9
263 9
371 9
431 9
24 9
166 9
312 34
313 9
238 9
229 9
217 9
345 34
347 9
357 9
440 9
50 9
60 9
67 9
446 9
84 9
398 9
396 9
265 9
177 9
182 9
201 9
255 9
37 9
137 9
0 9
464 9
299 9
164 9
139 9
75 9
444 9
183 34
332 9
120 9
86 9
301 9
250 9
49 9
385 34
309 9
241 9
370 9
369 9
122 9
236 9
327 9
368 9
397 9
222 9
268 9
77 9
184 9
35 9
425 9
71 9
12 9
454 9
392 6
131 9
193 9
361 9
248 9
26 9
142 9
284 9
30 9
364 9
367 9
418 9
447 9
276 9
317 9
311 9
429 9
456 9
259 9
442 9
116 9
405 9
31 9
365 9
278 9
145 9
261 6
401 9
450 34
23 9
363 9
291 9
168 9
432 9
154 9
342 9
210 9
118 9
156 9
415 9
413 9
159 9
158 9
275 9
344 34
382 9
320 9
459 6
138 9
423 9
330 9
272 6
171 9
115 9
209 9
221 34
441 9
6 34
128 9
390 34
76 6
387 9
29 9
208 9
228 9
380 9
36 9
146 6
257 9
239 9
254 9
436 9
310 9
105 9
34 9
2 9
95 9
224 9
81 9
407 9
45 9
433 9
197 9
348 9
46 9
326 9
41 9
226 9
124 9
125 9
445 9
219 6
277 9
335 9
252 9
333 9
176 9
375 9
114 9
106 9
298 6
157 9
14 9
211 9
376 9
93 9
438 9
69 9
304 9
186 9
199 9
189 9
191 9
220 9
9 9
419 34
285 6
19 9
408 34
391 9
351 9
424 9
281 9
302 9
98 9
190 9
273 9
101 9
225 9
83 6
294 34
178 9
162 9
151 9
355 9
461 9
295 9
143 9
422 9
279 9
174 9
449 9
378 9
402 9
43 9
264 9
266 9
280 9
11 9
88 9
412 6
152 9
102 9
87 9
198 9
70 9
394 9
3 9
8 9
373 9
389 9
218 9
232 9
33 9
136 9
315 9
140 9
428 9
129 6
104 9
360 6
337 9
453 9
409 34
53 9
112 9
52 34
54 9
25 9
96 34
306 9
59 6
448 9
267 9
283 9
90 9
296 34
135 9
51 9
435 9
379 9
234 34
163 9
334 9
62 9
92 9
374 9
17 9
206 9
346 9
202 9
15 9
358 9
274 6
262 9
216 9
155 9
287 9
110 6
404 9
319 6
126 9
100 34
91 6
420 9
56 9
386 9
465 9
336 34
170 34
82 9
144 9
194 9
256 6
103 9
237 9
411 9
316 6
99 9
150 6
417 9
416 9
107 9
437 9
243 9
244 9
80 9
426 6
324 6
388 9
207 9
349 9
48 9
314 6
230 9
22 9
305 9
180 9
341 9
270 6
147 9
161 34
44 9
74 34
39 9
27 9
240 9
321 9
123 9
188 9
384 9
289 9
79 9
231 9
338 9
149 9
65 9
108 6
172 9
195 9
133 34
73 9
427 9
292 9
94 9
443 9
253 9
282 9
362 34
130 9
160 9
372 9
383 6
212 9
205 6
242 6
251 9
20 9
18 9
455 9
463 9
356 9
10 6
260 9
293 9
57 6
325 9
340 9
381 9
68 34
286 9
421 9
1 9
297 9
359 9
175 6
109 9
153 6
377 9
5 9
64 9
323 9
66 9
288 9
328 9
258 6
406 9
246 9
399 6
434 9
192 9
395 6
61 9
148 6
227 6
181 6
215 34
196 9
141 9
213 9
343 6
249 9
4 9
322 9
290 6
400 9
113 9
223 6
200 9
339 9
462 9
7 6
134 9
457 9
245 9
271 9
117 9
179 9
350 6
13 9
329 9
452 9
247 9
308 9
410 9
352 9
393 9
58 9
460 9
414 9
203 9
85 9
42 6
173 6
169 9
451 9
121 6
72 9
303 9
331 9
403 9
353 9
119 9
204 9
32 6
307 9
439 34
63 9
16 6
165 9
300 9
269 34
78 9
187 9
366 9
167 9
47 9
21 9
318 9
235 6
89 9
97 9
127 9
185 34
233 9
run time cost of algorithm DRT_AG is 0.002944seconds
