3718000 161 51
789 9
321 9
723 9
684 9
300 34
542 9
234 9
451 9
509 9
62 9
198 9
68 9
802 9
770 9
546 9
33 9
377 9
465 34
381 34
362 9
298 34
806 9
47 34
773 9
673 9
250 9
587 9
278 34
796 9
795 9
152 9
202 34
514 9
660 9
418 9
762 9
429 34
556 9
332 9
755 9
163 9
548 9
335 9
426 9
227 9
398 9
501 9
522 9
387 9
813 9
434 9
174 9
110 9
400 9
784 9
536 9
14 9
502 34
133 9
811 9
60 9
408 9
658 9
559 9
57 9
593 9
441 9
89 9
790 9
187 9
175 9
358 9
114 9
627 9
277 6
525 9
613 9
524 9
623 9
214 9
634 9
638 9
288 9
386 9
460 9
346 9
442 6
247 9
84 9
249 34
170 9
343 9
388 9
597 9
803 6
592 9
725 9
727 9
334 9
571 9
132 9
705 6
610 9
523 6
313 9
772 9
107 9
63 34
226 9
543 9
750 9
538 9
570 34
94 9
620 9
76 9
127 9
371 9
24 9
159 9
601 9
17 9
239 9
526 34
79 9
240 9
365 9
72 34
8 9
687 34
574 9
516 9
389 9
507 9
274 9
798 34
497 9
11 9
480 9
216 6
160 9
699 9
185 9
512 9
394 34
416 6
424 9
167 9
572 9
311 9
113 9
318 9
667 9
720 9
775 9
121 9
23 9
624 9
477 9
700 9
314 34
463 9
446 6
801 9
308 9
246 9
753 9
471 9
396 6
328 9
81 9
609 9
212 6
420 9
326 9
329 9
499 9
715 9
600 9
781 9
183 9
106 9
383 9
341 9
435 9
36 9
393 9
444 9
713 6
640 6
189 9
654 9
709 9
731 9
225 9
130 9
690 9
373 6
513 9
372 9
511 9
792 9
475 9
295 9
468 9
223 9
402 9
607 9
455 9
717 9
172 6
252 9
195 9
39 9
37 9
87 6
254 9
272 9
125 6
208 9
557 6
210 9
85 6
535 9
467 9
686 9
237 9
238 6
697 9
13 9
218 9
137 9
259 34
53 34
91 9
390 9
529 9
657 6
777 9
146 9
567 9
294 9
778 9
582 6
1 9
462 9
537 6
153 9
287 6
492 9
691 9
6 9
0 9
188 34
350 9
235 34
669 6
528 6
19 9
712 9
428 9
704 9
482 9
735 6
351 9
231 9
124 9
474 9
602 9
184 9
206 9
722 9
683 6
651 9
794 9
555 9
452 9
205 9
678 34
642 34
192 6
430 34
719 9
135 6
793 9
456 9
26 9
86 9
151 9
149 34
649 9
469 9
375 6
805 9
693 9
322 9
486 6
186 6
533 6
78 9
504 9
517 6
51 9
290 9
129 9
385 9
293 9
263 9
154 9
740 9
304 6
139 9
692 9
317 9
45 6
666 9
256 9
788 6
659 6
495 9
266 6
681 34
545 9
220 9
73 6
726 9
724 9
327 9
619 9
622 6
716 9
786 9
280 6
99 9
747 9
92 9
487 9
547 6
438 9
70 9
97 9
540 6
478 9
810 6
349 6
197 9
18 9
330 6
676 9
427 9
643 6
352 9
410 9
615 6
661 6
603 9
737 9
470 9
479 6
296 9
28 9
496 9
120 9
732 9
142 6
576 6
265 9
109 9
342 9
611 6
22 9
534 9
668 9
581 9
180 9
748 9
366 6
158 9
433 10
714 9
245 6
112 9
680 9
261 6
431 6
670 9
157 9
648 9
50 9
228 9
150 34
553 6
164 6
702 6
780 9
345 6
432 9
376 9
672 9
131 9
718 9
664 6
754 9
67 6
564 9
588 9
414 9
224 9
621 6
808 9
612 6
565 9
297 9
357 9
484 9
689 6
102 9
448 6
207 9
148 9
450 9
791 6
248 9
138 6
145 6
49 9
5 6
126 6
491 9
276 9
337 9
285 6
521 9
679 9
30 6
260 9
196 34
140 6
347 9
733 9
530 9
116 34
436 9
628 9
359 6
701 9
629 9
738 6
771 9
200 6
518 9
262 9
506 9
222 9
348 9
647 9
632 9
412 6
591 6
520 9
201 9
694 34
61 9
354 9
453 9
405 6
407 6
413 9
757 9
233 9
166 9
764 9
422 9
443 9
194 34
749 9
21 9
144 34
176 9
58 9
320 9
445 34
369 6
217 6
682 6
324 9
90 6
563 9
457 9
156 6
4 9
380 9
230 9
236 9
83 9
292 9
177 9
323 6
645 6
303 9
417 9
473 9
519 9
707 6
169 9
64 9
355 6
742 9
338 9
267 9
464 9
490 9
55 6
637 34
596 9
379 9
419 6
653 9
281 9
573 9
646 34
579 6
111 6
583 10
481 9
585 9
32 9
785 9
283 6
729 9
577 9
815 9
635 9
203 9
370 9
29 9
40 9
165 9
515 9
44 9
356 6
639 6
221 6
758 6
599 9
75 9
508 9
43 9
134 6
105 9
466 6
12 6
391 6
472 6
500 9
289 6
767 9
765 9
461 34
595 6
616 9
598 9
219 9
425 6
269 9
9 34
644 9
527 9
551 34
675 9
123 6
273 9
739 9
122 9
98 6
483 6
493 9
633 9
736 6
155 6
458 34
411 6
799 34
168 9
804 9
74 10
181 9
213 9
552 9
549 9
115 9
734 6
494 9
268 9
774 9
3 9
558 6
302 9
211 9
544 9
119 6
695 9
606 6
698 6
782 6
454 9
594 6
586 9
589 9
706 6
34 9
561 9
568 9
766 9
489 9
578 9
421 6
710 6
476 9
626 9
344 9
539 9
48 9
374 9
655 9
243 9
759 6
787 6
96 6
459 6
209 9
275 9
608 6
82 9
399 9
604 9
35 9
364 6
171 9
27 9
232 9
333 6
286 34
409 34
550 9
751 9
128 9
353 9
241 9
614 9
71 9
46 9
117 34
178 9
10 6
307 6
656 34
652 6
730 9
617 6
440 9
38 6
54 9
703 9
783 9
746 9
143 9
215 6
812 9
584 6
282 9
406 9
797 9
761 6
423 9
108 9
7 10
279 6
395 9
685 9
361 34
264 6
118 9
299 34
384 9
257 9
510 9
776 9
258 9
93 9
270 9
665 6
503 6
439 6
650 9
52 9
728 10
179 9
161 34
532 34
315 9
744 6
305 9
662 9
554 9
25 10
562 10
41 9
182 9
147 6
485 9
711 6
193 9
95 9
190 34
331 6
88 9
80 6
498 9
16 9
397 9
77 9
271 6
69 9
580 6
382 6
671 9
141 9
20 6
663 9
325 6
363 9
403 6
316 9
779 9
66 9
741 9
631 9
505 6
336 34
745 6
15 9
449 9
392 9
814 6
630 9
569 9
291 9
437 9
677 9
204 9
301 6
360 6
244 9
162 34
756 9
605 9
319 9
401 6
807 6
708 9
339 6
101 10
809 9
31 34
752 9
618 9
743 6
199 9
100 6
242 9
229 6
136 9
340 9
310 9
531 9
415 6
42 6
173 6
368 9
104 10
367 6
312 9
674 6
721 6
2 6
560 6
575 9
769 6
768 9
763 9
760 9
306 9
309 9
688 9
56 9
378 9
191 34
65 6
590 6
800 34
251 6
636 9
447 6
404 9
284 9
696 9
641 9
625 9
488 9
59 6
566 9
255 9
103 6
541 6
253 6
run time cost of algorithm DRT_AG is 0.011814seconds
