6958400 152 59
0 21
1 29
2 21
3 0
4 21
5 21
6 21
7 21
8 21
9 0
10 21
11 34
12 21
13 21
14 21
15 34
16 0
17 21
18 21
19 29
20 21
21 21
22 34
23 41
24 29
25 0
26 29
27 21
28 29
29 29
30 41
31 21
32 0
33 29
34 41
35 21
36 34
37 41
38 21
39 29
40 29
41 29
42 21
43 0
44 34
45 29
46 41
47 29
48 21
49 21
50 29
51 21
52 29
53 29
54 41
55 41
56 21
57 29
58 29
59 34
60 29
61 21
62 21
63 29
64 21
65 29
66 21
67 41
68 29
69 0
70 34
71 34
72 41
73 21
74 34
75 29
76 29
77 41
78 21
79 29
80 0
81 34
82 21
83 21
84 21
85 41
86 21
87 21
88 29
89 0
90 21
91 29
92 29
93 29
94 41
95 21
96 21
97 21
98 29
99 29
100 34
101 41
102 21
103 21
104 29
105 29
106 29
107 41
108 21
109 21
110 21
111 21
112 21
113 21
114 29
115 29
116 41
117 41
118 21
119 41
120 29
121 29
122 29
123 29
124 34
125 41
126 21
127 29
128 21
129 29
130 29
131 21
132 41
133 41
134 29
135 29
136 41
137 41
138 41
139 0
140 29
141 29
142 41
143 41
144 29
145 21
146 29
147 41
148 21
149 21
150 29
151 21
152 34
153 41
154 21
155 21
156 0
157 29
158 29
159 29
160 21
161 29
162 21
163 29
164 29
165 21
166 41
167 29
168 29
169 21
170 29
171 29
172 29
173 0
174 21
175 21
176 21
177 29
178 21
179 29
180 21
181 29
182 34
183 29
184 41
185 21
186 0
187 21
188 29
189 29
190 21
191 21
192 0
193 21
194 21
195 0
196 21
197 29
198 29
199 21
200 41
201 21
202 21
203 21
204 41
205 29
206 29
207 0
208 21
209 21
210 21
211 29
212 34
213 21
214 29
215 21
216 29
217 41
218 21
219 41
220 29
221 21
222 29
223 21
224 21
225 21
226 29
227 29
228 21
229 21
230 21
231 21
232 21
233 21
234 21
235 21
236 41
237 0
238 21
239 29
240 21
241 29
242 29
243 29
244 21
245 29
246 41
247 21
248 34
249 21
250 34
251 41
252 29
253 29
254 29
255 29
256 21
257 29
258 41
259 21
260 21
261 21
262 29
263 21
264 0
265 21
266 21
267 0
268 0
269 41
270 29
271 41
272 29
273 29
274 0
275 29
276 29
277 29
278 0
279 29
280 41
281 21
282 21
283 29
284 34
285 41
286 41
287 41
288 41
289 21
290 21
291 21
292 29
293 34
294 21
295 21
296 21
297 21
298 21
299 0
300 21
301 29
302 29
303 29
304 21
305 21
306 29
307 41
308 29
309 41
310 29
311 21
312 41
313 34
314 21
315 29
316 29
317 21
318 21
319 21
320 21
321 41
322 41
323 21
324 21
325 41
326 21
327 29
328 21
329 29
330 29
331 21
332 29
333 0
334 21
335 21
336 21
337 21
338 29
339 0
340 29
341 21
342 21
343 29
344 41
345 29
346 29
347 29
348 21
349 0
350 34
351 29
352 29
353 0
354 21
355 29
356 41
357 21
358 29
359 29
360 21
361 29
362 41
363 41
364 21
365 21
366 29
367 21
368 29
369 29
370 29
371 41
372 0
373 34
374 41
375 21
376 29
377 21
378 29
379 29
380 41
381 34
382 21
383 21
384 21
385 41
386 21
387 41
388 21
389 34
390 41
391 21
392 29
393 21
394 21
395 21
396 41
397 21
398 8
399 21
400 21
401 41
402 21
403 29
404 21
405 29
406 34
407 29
408 41
409 29
410 21
411 41
412 21
413 29
414 21
415 29
416 41
417 21
418 41
419 41
420 29
421 29
422 29
423 21
424 29
425 29
426 21
427 21
428 21
429 21
430 21
431 41
432 21
433 29
434 21
435 21
436 21
437 0
438 34
439 29
440 29
441 21
442 29
443 21
444 29
445 21
446 29
447 41
448 21
449 29
450 41
451 29
452 41
453 29
454 29
455 21
456 29
457 21
458 41
459 29
460 41
461 21
462 21
463 21
464 21
465 0
466 29
467 21
468 21
469 29
470 29
471 29
472 29
473 0
474 21
475 21
476 29
477 21
478 34
479 21
480 0
481 21
482 34
483 29
484 29
485 0
486 41
487 41
488 41
489 29
490 21
491 29
492 29
493 41
494 21
495 21
496 34
497 21
498 29
499 21
500 21
501 21
502 29
503 41
504 21
505 41
506 41
507 41
508 34
509 29
510 29
511 21
512 21
513 21
514 21
515 21
516 41
517 29
518 29
519 29
520 41
521 29
522 34
523 21
524 21
525 29
526 29
527 41
528 29
529 41
530 29
531 29
532 29
533 29
534 21
535 41
536 29
537 41
538 29
539 34
540 41
541 21
542 41
543 29
544 29
545 21
546 29
547 29
548 34
549 21
550 41
551 29
552 41
553 29
554 0
555 21
556 29
557 29
558 21
559 21
560 34
561 41
562 29
563 41
564 21
565 21
566 0
567 21
568 34
569 21
570 21
571 21
572 21
573 29
574 21
575 21
576 29
577 29
578 21
579 29
580 21
581 29
582 41
583 41
584 41
585 0
586 0
587 0
588 41
589 21
590 21
591 29
592 29
593 41
594 29
595 29
596 29
597 21
598 41
599 41
600 21
601 29
602 29
603 21
604 29
605 41
606 34
607 29
608 0
609 41
610 29
611 0
612 29
613 29
614 0
615 0
616 41
617 29
618 41
619 41
620 41
621 41
622 41
623 41
624 41
625 41
626 29
627 41
628 41
629 29
630 41
631 41
632 41
633 34
634 41
635 41
636 34
637 41
638 34
639 41
640 41
641 41
642 41
643 41
644 41
645 41
646 41
647 41
648 41
649 41
650 41
651 41
652 34
653 41
654 41
655 41
656 41
657 41
658 41
659 41
660 41
661 41
662 41
663 0
664 41
665 41
666 41
667 34
668 41
669 0
670 34
671 41
672 41
673 34
674 34
675 41
676 41
677 34
678 41
679 41
680 41
681 41
682 0
683 41
684 21
685 34
686 21
687 41
688 41
689 41
690 41
691 41
692 41
693 41
694 41
695 41
696 41
697 41
698 41
699 41
700 41
701 41
702 41
703 29
704 41
705 41
706 34
707 41
708 41
709 41
710 34
711 41
712 34
713 41
714 0
715 41
716 41
717 41
718 34
719 34
720 41
721 34
722 41
723 34
724 41
725 34
726 34
727 34
728 0
729 0
730 34
731 41
732 34
733 34
734 34
735 34
736 21
737 34
738 34
run time cost of algorithm SM_CTP is 1.9305seconds
