494200 104 63
211 34
216 34
32 34
123 34
81 3
130 34
131 34
23 3
132 34
17 34
153 34
181 34
247 34
237 34
235 34
49 34
13 34
85 34
141 34
270 34
316 34
147 34
157 34
3 34
1 34
290 34
140 3
274 3
257 34
340 3
33 34
38 3
186 34
86 34
296 3
101 34
154 34
208 34
233 34
40 34
28 34
261 34
94 34
299 34
179 34
176 34
170 34
11 34
7 34
321 34
75 34
224 34
90 34
161 34
309 34
156 34
78 41
160 34
139 34
39 34
113 3
105 34
9 34
327 34
51 34
189 34
191 8
195 3
129 34
108 34
330 34
80 34
0 34
133 41
230 34
241 34
275 34
282 34
12 3
346 34
198 34
207 34
84 34
218 34
196 34
54 3
252 34
159 41
184 34
95 34
169 34
202 34
249 3
24 34
115 3
52 34
197 8
313 34
291 34
69 3
222 34
138 34
137 34
272 34
21 34
30 34
55 34
243 34
192 34
126 34
304 34
57 41
206 41
48 34
223 3
110 3
265 3
325 34
193 41
182 3
336 34
2 34
18 34
231 3
244 34
45 34
97 34
158 34
5 41
322 34
134 34
31 34
111 34
71 34
60 34
293 34
204 34
168 34
320 34
73 34
283 34
171 34
210 34
104 34
268 34
122 34
61 34
269 34
276 34
214 34
302 34
148 34
319 34
173 34
29 34
239 34
253 34
263 41
323 34
335 34
232 34
246 41
273 34
331 8
163 34
337 34
338 34
167 34
345 34
125 3
166 34
213 34
245 34
279 34
103 34
292 34
298 34
314 34
266 34
79 34
116 34
240 41
306 34
307 8
259 34
119 34
333 34
118 34
117 41
326 41
91 34
66 8
271 34
229 34
35 34
201 34
67 34
20 3
178 41
294 34
300 41
200 34
150 41
220 34
262 3
109 34
209 3
305 41
343 41
36 34
16 34
317 34
88 34
328 3
155 8
62 34
82 34
185 34
281 34
332 3
295 34
152 34
199 34
172 34
311 34
164 34
285 34
15 34
205 34
102 34
96 34
287 3
124 3
194 34
286 34
341 34
142 34
136 34
344 34
8 34
98 34
27 41
284 34
26 34
310 3
53 34
74 41
334 3
315 34
135 8
87 3
174 3
146 3
251 41
221 34
165 3
254 34
288 3
187 34
76 34
236 41
43 34
277 34
267 41
149 34
143 34
42 3
248 34
83 34
228 34
339 34
188 34
37 3
145 3
312 34
14 34
114 34
92 34
44 34
297 34
212 34
242 34
70 3
46 34
50 34
226 34
128 34
63 34
106 34
303 41
227 34
308 34
329 34
77 8
59 41
289 34
219 34
72 3
238 41
65 34
250 3
183 34
112 34
162 3
56 34
255 3
258 34
99 41
89 41
4 34
64 41
19 3
6 34
342 34
175 34
203 34
280 34
58 41
215 34
301 41
120 34
10 34
25 34
278 41
190 34
324 3
225 34
234 41
107 8
144 34
41 34
68 34
127 3
180 41
318 41
264 34
151 34
22 34
260 41
93 8
217 41
100 34
34 41
121 41
177 41
47 41
256 34
run time cost of algorithm DRT_BD is 0.089304seconds
