968000 104 67
0 34
1 34
2 34
3 34
4 0
5 34
6 34
7 34
8 34
9 34
10 34
11 34
12 34
13 34
14 34
15 34
16 0
17 34
18 34
19 0
20 0
21 34
22 0
23 34
24 34
25 34
26 34
27 34
28 34
29 34
30 34
31 34
32 34
33 34
34 34
35 0
36 34
37 0
38 34
39 41
40 34
41 34
42 34
43 34
44 34
45 34
46 34
47 34
48 34
49 34
50 34
51 0
52 34
53 34
54 34
55 34
56 41
57 34
58 34
59 34
60 34
61 34
62 34
63 34
64 34
65 34
66 0
67 34
68 34
69 34
70 41
71 34
72 34
73 34
74 34
75 41
76 0
77 34
78 34
79 34
80 34
81 34
82 34
83 41
84 34
85 34
86 34
87 34
88 34
89 34
90 34
91 34
92 41
93 34
94 41
95 34
96 34
97 34
98 41
99 34
100 41
101 34
102 41
103 41
104 34
105 8
106 34
107 8
108 34
109 34
110 41
111 41
112 34
113 34
114 34
115 34
116 34
117 41
118 34
119 34
120 41
121 34
122 34
123 34
124 41
125 41
126 34
127 34
128 34
129 41
130 8
131 34
132 0
133 34
134 34
135 41
136 34
137 34
138 34
139 34
140 34
141 41
142 34
143 34
144 34
145 41
146 41
147 34
148 34
149 34
150 34
151 41
152 0
153 34
154 34
155 34
156 0
157 8
158 34
159 34
160 34
161 34
162 41
163 34
164 34
165 41
166 34
167 34
168 34
169 34
170 34
171 41
172 34
173 41
174 34
175 34
176 34
177 34
178 34
179 34
180 41
181 34
182 34
183 41
184 34
185 8
186 34
187 34
188 34
189 34
190 34
191 34
192 34
193 34
194 34
195 34
196 41
197 34
198 34
199 8
200 41
201 34
202 41
203 41
204 34
205 34
206 34
207 41
208 34
209 34
210 34
211 34
212 34
213 41
214 41
215 34
216 34
217 34
218 8
219 41
220 8
221 34
222 41
223 8
224 34
225 41
226 34
227 0
228 8
229 41
230 34
231 0
232 41
233 34
234 34
235 34
236 41
237 34
238 34
239 41
240 34
241 34
242 34
243 41
244 34
245 0
246 34
247 34
248 34
249 34
250 34
251 34
252 8
253 34
254 34
255 34
256 8
257 0
258 41
259 1
260 34
261 41
262 34
263 34
264 34
265 34
266 34
267 34
268 34
269 34
270 41
271 34
272 34
273 34
274 34
275 41
276 34
277 41
278 34
279 34
280 34
281 34
282 0
283 41
284 8
285 41
286 34
287 34
288 41
289 34
290 34
291 34
292 34
293 41
294 34
295 0
296 0
297 0
298 34
299 34
300 41
301 34
302 34
303 41
304 41
305 34
306 41
307 34
308 41
309 8
310 41
311 34
312 41
313 41
314 34
315 34
316 0
317 34
318 34
319 34
320 0
321 0
322 34
323 34
324 34
325 34
run time cost of algorithm SM_CTP is 0.298277seconds
