460700 97 14
123 1
187 1
192 1
58 1
161 1
98 1
256 1
100 1
47 1
234 1
39 1
151 1
80 1
153 1
40 1
10 1
214 1
219 1
173 1
44 1
238 34
27 1
42 1
106 1
228 1
21 1
176 1
48 1
137 1
265 1
131 34
126 1
244 1
218 1
164 1
9 1
267 1
104 1
17 1
170 1
117 1
38 1
204 1
74 1
163 34
260 34
97 1
130 1
24 1
249 1
69 1
254 1
11 1
149 1
2 1
64 34
270 1
125 1
43 1
15 1
57 1
141 1
105 1
179 1
236 1
167 1
268 1
65 1
66 1
165 1
182 1
231 1
102 1
77 1
91 1
186 1
211 1
224 1
243 1
251 1
257 1
7 34
261 1
0 1
53 34
209 0
156 34
185 1
6 1
221 1
94 1
180 1
92 1
5 1
196 1
135 1
116 1
160 1
90 1
143 1
61 1
52 1
20 1
242 1
41 1
217 1
198 1
200 1
133 1
166 1
159 1
81 1
181 1
263 1
87 1
158 1
273 1
46 0
266 1
1 1
271 1
51 1
215 1
29 1
184 1
142 1
32 1
222 1
25 0
85 1
210 1
201 1
193 1
63 1
23 1
233 34
16 1
26 1
190 0
241 1
82 1
124 1
13 1
252 1
154 0
247 1
248 1
56 0
134 0
139 0
101 0
207 34
189 1
122 1
155 1
147 1
259 1
197 1
14 1
264 1
171 34
35 1
37 1
119 1
206 1
67 1
28 0
250 1
55 1
107 1
103 1
255 1
246 1
96 1
99 1
157 1
110 0
93 1
18 0
128 0
50 1
76 1
178 1
59 0
227 0
86 1
213 1
114 1
71 1
132 1
45 1
112 1
194 1
127 1
199 0
88 0
111 1
226 1
3 1
172 1
115 1
121 1
19 1
129 1
12 1
146 1
152 1
72 0
239 1
31 1
258 1
229 1
195 1
70 1
177 0
150 1
202 1
8 34
68 1
162 1
240 1
253 1
269 1
145 1
144 34
262 1
230 34
33 1
113 0
30 1
237 0
175 1
212 1
245 1
183 1
223 0
4 0
49 0
22 1
220 1
138 1
205 1
188 1
108 0
174 1
136 1
62 34
60 1
216 0
73 0
191 1
232 1
208 1
78 1
95 1
36 1
272 1
84 1
120 1
235 1
118 1
140 1
148 1
79 34
83 1
109 1
225 1
54 0
168 1
75 1
169 0
34 0
203 1
89 1
run time cost of algorithm DRT_BD is 0.046797seconds
