2505200 170 40
463 25
518 25
620 25
692 34
358 25
187 34
24 25
130 25
625 25
556 25
325 34
373 25
581 25
70 25
720 25
697 25
321 25
472 25
523 25
633 25
40 25
241 25
114 9
417 25
213 25
54 34
497 25
598 25
536 25
696 25
227 25
700 25
194 9
753 34
236 25
386 25
593 41
590 25
324 25
530 41
170 25
577 34
676 25
634 25
291 25
448 25
413 25
414 25
542 34
665 25
352 9
180 25
659 25
537 25
669 34
55 25
751 25
2 25
282 25
351 25
260 25
740 25
277 25
400 25
322 41
583 25
394 25
94 9
391 25
682 25
330 25
388 25
338 34
242 41
714 25
342 41
436 25
56 25
503 34
296 41
204 25
273 25
723 25
66 25
701 25
67 25
332 41
686 25
234 25
466 9
343 25
705 41
609 25
495 34
617 25
713 25
145 25
672 25
230 25
422 25
243 41
522 25
447 25
103 41
694 25
13 25
72 25
134 25
224 25
457 25
220 25
622 9
562 25
561 25
167 25
115 25
146 25
294 25
218 25
362 25
293 25
648 25
449 25
123 25
433 25
36 9
364 9
415 25
128 25
473 9
655 25
508 25
548 25
446 25
378 25
618 25
84 25
419 25
524 34
397 25
199 25
580 25
395 25
611 25
202 25
398 25
385 25
239 25
107 9
219 25
639 25
131 34
642 25
653 25
405 25
355 9
661 25
662 41
498 41
258 25
179 25
675 25
706 41
708 25
486 25
14 25
312 25
305 25
539 25
476 25
166 25
544 25
208 9
216 25
547 34
225 9
105 25
736 25
528 25
79 25
501 41
519 25
23 34
632 25
376 25
46 25
250 9
546 25
188 41
353 25
657 25
666 25
507 25
69 41
504 25
689 25
76 41
78 25
716 25
18 25
596 25
527 25
732 25
592 25
176 25
162 9
737 25
739 25
284 25
126 25
741 25
406 25
442 41
578 25
646 25
119 25
663 25
257 25
471 25
505 34
45 34
688 25
368 25
244 9
156 25
196 25
464 25
496 25
724 25
582 34
308 25
178 25
392 25
11 25
91 25
461 25
579 25
8 9
521 25
428 41
418 25
572 25
711 25
432 9
6 25
455 41
516 25
490 25
366 25
331 25
404 34
571 41
360 34
566 25
217 25
480 25
514 25
443 25
509 25
59 41
62 25
148 9
451 25
690 25
702 25
545 9
517 25
630 9
75 41
81 25
16 41
89 25
420 25
203 25
96 25
98 25
412 25
133 25
399 25
109 25
206 41
281 25
535 25
283 41
377 25
142 41
328 34
621 41
163 25
289 25
290 34
744 25
493 25
462 25
601 25
151 25
26 25
594 34
456 25
92 25
221 25
215 25
567 25
113 9
139 25
430 25
197 9
722 25
348 25
425 25
10 25
303 25
302 9
190 34
512 25
99 25
511 25
9 25
7 41
177 25
614 9
83 41
34 25
372 25
746 25
629 25
39 34
357 25
468 34
644 25
649 25
729 25
165 25
479 25
481 34
483 41
171 25
499 25
738 25
513 25
185 25
439 41
520 25
58 25
734 25
541 25
12 34
421 25
116 25
558 25
717 25
271 25
329 25
97 25
380 25
623 25
626 25
251 25
383 25
679 41
74 25
212 25
489 25
627 25
207 25
748 25
344 25
492 25
229 25
743 25
506 41
192 25
441 25
301 25
147 25
183 25
320 25
340 25
184 34
450 34
635 25
381 9
610 25
264 25
612 25
280 34
186 25
189 25
299 25
389 25
144 25
510 25
691 25
440 25
667 41
174 25
396 25
525 25
135 25
745 25
104 25
127 25
402 25
73 34
266 25
687 25
645 25
408 25
407 25
703 41
680 8
335 41
673 25
563 9
112 25
684 25
416 25
77 9
38 41
5 41
735 9
374 25
550 41
606 25
387 9
651 25
317 34
641 41
304 41
101 25
129 25
132 25
533 25
100 25
214 25
733 25
576 25
437 25
658 25
341 25
477 25
482 25
715 25
172 25
21 25
359 9
543 34
602 34
604 25
173 25
86 25
80 25
51 25
742 25
668 25
182 25
270 25
631 41
371 34
619 25
347 25
201 25
300 25
349 41
375 25
68 25
549 25
624 25
570 25
600 25
485 25
60 25
143 9
564 25
474 9
475 41
25 25
588 25
677 25
22 25
409 25
0 9
750 9
169 9
90 25
82 25
637 25
65 25
288 25
279 25
640 25
345 41
222 25
50 25
494 25
161 25
337 25
565 25
560 34
205 25
42 25
272 25
678 25
683 25
327 25
153 25
685 41
384 25
27 25
721 25
316 25
526 25
311 25
434 25
313 25
20 25
138 41
438 25
323 25
240 25
247 25
467 9
584 25
226 41
106 25
654 34
656 25
57 25
306 25
159 25
725 25
411 25
532 9
307 41
41 25
120 25
31 25
121 25
268 41
125 25
540 41
693 25
712 25
152 25
33 25
427 25
235 25
118 25
326 25
379 25
478 25
484 41
444 25
699 37
265 25
367 25
334 25
500 25
730 25
93 25
29 25
747 25
638 34
287 25
531 41
318 25
256 41
410 25
140 25
339 34
650 34
137 25
710 25
43 25
19 25
575 25
574 25
445 25
4 25
3 25
652 9
108 25
262 41
61 25
181 34
160 25
64 25
315 25
336 25
674 25
269 41
252 25
559 41
502 25
552 25
749 25
728 25
726 25
459 25
599 41
87 25
698 25
607 25
718 25
285 25
719 25
198 25
551 41
553 41
390 41
554 9
246 34
538 41
695 41
32 9
429 41
671 41
111 41
263 41
49 41
195 41
28 9
193 41
660 9
248 41
365 41
709 41
314 41
628 41
276 41
231 34
253 9
158 9
150 41
154 41
460 41
155 41
727 34
267 41
603 9
237 41
426 9
458 41
1 34
286 41
615 41
211 41
44 41
295 41
350 41
278 41
346 41
453 41
102 34
491 41
233 41
573 41
141 41
435 41
232 41
249 41
261 41
319 34
369 41
595 41
465 41
48 41
363 41
85 41
47 41
30 41
454 41
647 41
95 34
534 34
71 41
245 41
487 41
555 41
15 41
643 9
255 41
608 41
731 41
393 41
424 41
117 41
333 41
122 41
37 41
35 9
752 37
382 41
470 41
605 41
370 41
557 9
361 41
431 41
591 41
275 41
297 41
568 41
569 41
704 41
52 41
529 41
356 41
136 41
53 41
403 9
157 41
191 41
401 41
515 41
149 41
452 41
223 41
228 41
636 34
589 37
168 41
585 41
310 41
309 41
586 41
587 41
17 41
63 41
110 41
354 41
254 41
707 41
175 41
274 41
298 41
664 41
670 41
210 41
209 9
200 41
238 41
616 41
292 41
469 41
488 41
613 41
164 41
597 41
681 41
88 41
124 41
423 41
259 41
run time cost of algorithm DRT_AG is 0.005708seconds
