3987500 98 16
96 9
88 34
183 9
352 9
635 9
32 9
52 9
388 9
514 9
439 9
485 9
607 9
633 9
480 9
373 9
301 9
462 9
523 9
499 9
399 9
298 9
562 9
355 9
277 34
151 9
473 9
706 9
55 9
376 9
624 9
201 9
703 9
650 9
437 34
640 9
67 9
322 9
57 9
90 9
432 9
311 9
23 9
626 9
651 9
121 9
643 9
12 9
682 9
358 9
239 9
241 9
455 9
111 9
316 9
156 9
602 9
228 9
26 9
685 9
634 9
56 9
517 9
60 9
404 9
474 9
586 9
568 9
256 9
525 9
340 9
694 9
471 34
573 9
645 9
723 9
383 9
585 9
690 9
559 9
678 9
181 9
486 9
97 9
310 34
287 9
248 9
443 9
222 9
700 9
672 9
102 9
341 9
7 9
190 9
403 9
184 9
44 34
406 9
177 9
131 9
258 9
31 9
598 9
21 9
490 34
380 9
290 9
196 9
77 9
119 34
208 9
169 9
689 9
89 9
265 9
284 9
171 9
155 9
345 9
115 9
501 9
500 9
207 9
609 15
644 9
315 9
591 9
391 9
601 9
606 15
320 9
420 9
599 34
646 9
261 15
495 9
669 9
28 9
227 9
254 9
370 9
62 9
637 9
200 9
331 34
444 9
125 9
477 34
139 9
302 9
421 34
618 15
457 9
275 9
579 9
570 9
149 9
312 34
558 9
11 9
134 15
504 9
628 9
553 9
3 9
110 9
86 9
396 9
163 9
237 9
451 9
584 9
229 9
506 34
686 9
664 34
622 15
393 9
378 9
49 9
63 9
72 9
511 9
665 9
398 9
41 15
719 34
148 15
556 9
236 9
652 15
178 9
699 9
695 9
349 9
594 9
513 9
508 9
259 9
363 9
482 9
620 9
593 9
299 9
95 9
668 15
257 9
659 9
159 9
527 9
226 15
17 9
416 34
180 9
496 9
213 34
625 15
577 9
458 15
456 9
238 9
204 9
589 15
135 34
94 9
92 9
195 15
374 15
173 9
37 15
192 15
35 34
720 9
582 9
362 9
431 9
424 9
524 9
220 9
600 9
683 9
38 9
465 9
165 9
128 9
505 9
82 15
251 9
696 9
235 9
449 9
688 9
249 9
50 9
581 15
385 9
446 9
636 15
53 9
708 9
271 15
170 9
29 9
74 9
704 9
567 15
498 9
583 9
530 9
478 34
356 15
71 9
677 9
350 9
673 9
317 9
140 9
267 9
367 9
392 9
654 9
276 9
118 9
278 9
16 9
389 9
230 9
616 9
428 9
129 9
292 9
346 15
104 9
707 9
324 9
9 9
13 9
272 9
353 9
557 9
360 15
234 9
73 9
481 9
309 15
698 9
218 9
667 9
662 9
450 9
158 9
379 9
518 9
65 9
493 15
247 15
542 9
308 9
185 9
46 9
334 9
454 34
526 9
466 34
712 9
364 9
515 15
47 9
502 9
713 15
42 15
262 9
710 9
175 9
691 9
395 9
300 9
243 9
467 34
555 9
571 15
675 9
697 9
452 9
91 9
233 9
660 9
464 9
330 9
623 9
574 9
40 9
415 9
281 15
108 9
103 9
43 9
189 9
447 9
483 9
543 9
141 9
193 15
641 9
30 15
494 9
576 9
560 15
157 9
627 9
87 9
197 15
687 9
123 15
588 34
305 9
657 15
325 9
4 15
484 9
291 15
459 9
470 9
521 9
150 9
327 9
283 9
217 9
266 9
83 15
242 9
20 9
359 9
468 9
215 9
59 15
617 9
629 15
442 15
566 9
113 15
448 9
670 9
537 9
61 9
34 15
507 9
264 9
529 9
273 9
333 15
205 9
14 9
549 9
564 9
136 15
611 34
64 9
394 9
489 9
563 9
274 9
702 9
174 9
369 9
715 9
614 9
429 9
288 34
0 15
724 9
280 34
539 9
223 15
655 15
107 9
382 9
693 9
5 15
203 9
313 9
613 9
168 9
153 15
339 9
116 9
80 9
401 9
630 15
167 15
263 34
147 9
709 15
453 9
512 15
186 15
191 9
120 15
587 34
536 9
285 9
2 9
544 9
255 9
109 9
541 9
554 9
405 15
414 9
154 9
76 9
661 15
78 15
578 15
371 9
684 15
701 9
85 15
124 9
294 9
435 9
475 9
509 9
81 9
503 34
99 9
656 9
615 9
152 15
402 9
269 15
137 9
45 15
245 9
18 34
202 15
172 15
519 9
199 9
387 9
419 15
534 15
321 15
100 9
270 9
580 15
413 9
161 9
58 9
332 9
565 9
225 9
717 9
666 9
198 9
144 9
469 9
410 9
491 15
279 9
338 15
132 34
592 9
240 9
282 15
224 9
307 9
550 9
595 15
297 9
126 9
293 15
384 15
48 15
476 15
101 15
176 9
487 9
133 9
681 9
472 9
36 15
674 9
676 9
289 9
10 9
520 15
246 9
68 9
268 15
605 15
621 9
27 9
649 15
1 15
15 15
445 9
551 15
319 15
221 15
106 9
638 9
366 15
343 15
381 15
114 15
179 9
66 9
232 9
433 9
718 34
575 9
430 9
122 9
145 9
722 9
98 15
639 15
347 34
344 9
546 9
569 15
679 9
540 9
538 9
390 9
533 15
372 34
160 9
711 9
250 8
93 9
348 9
25 9
24 9
323 9
631 9
716 9
548 15
460 9
397 9
130 9
441 15
647 34
386 9
214 9
219 15
663 15
329 15
206 9
440 9
209 9
375 9
552 15
612 15
619 9
407 9
425 9
357 15
535 9
8 15
532 15
337 9
604 9
411 34
422 9
143 9
194 9
597 15
528 9
522 9
244 15
182 15
692 9
531 9
463 9
603 9
51 15
671 9
286 15
400 9
142 9
488 34
69 9
438 9
326 15
117 9
314 9
547 15
479 9
497 9
328 15
354 15
361 15
318 0
492 9
54 15
436 9
653 9
6 9
164 9
253 15
426 9
187 15
409 9
377 9
127 15
33 34
231 9
216 15
510 9
162 15
211 15
39 15
721 15
418 9
572 15
516 9
296 34
75 15
461 9
680 15
423 9
590 15
112 34
610 34
146 9
545 9
342 9
365 9
648 15
368 15
306 15
561 9
427 15
412 9
642 9
417 9
303 9
596 9
22 15
19 15
210 15
335 15
714 9
84 9
608 0
79 15
434 9
632 15
351 9
658 9
188 9
408 9
70 9
295 9
705 15
166 9
212 15
336 15
260 9
138 15
252 9
105 9
304 9
run time cost of algorithm DRT_BD is 0.342223seconds
