808000 157 67
0 34
1 34
2 34
3 34
4 34
5 34
6 34
7 0
8 34
9 34
10 34
11 34
12 34
13 34
14 34
15 34
16 34
17 34
18 34
19 34
20 34
21 34
22 34
23 34
24 34
25 34
26 34
27 34
28 0
29 34
30 34
31 34
32 34
33 34
34 34
35 34
36 34
37 0
38 34
39 34
40 34
41 34
42 34
43 34
44 34
45 34
46 34
47 34
48 34
49 34
50 20
51 34
52 0
53 34
54 34
55 0
56 34
57 34
58 0
59 34
60 34
61 34
62 34
63 34
64 34
65 34
66 34
67 34
68 34
69 34
70 34
71 34
72 34
73 34
74 34
75 34
76 0
77 34
78 34
79 34
80 34
81 34
82 34
83 34
84 34
85 34
86 34
run time cost of algorithm SM_CTP is 0.017796seconds
