374950 170 39
81 25
72 25
221 25
42 25
145 9
241 41
77 25
213 25
70 25
170 25
100 34
112 34
139 25
256 25
88 25
175 41
225 25
161 25
169 25
127 9
184 25
240 25
163 25
141 25
24 9
191 9
142 9
89 25
235 41
13 25
31 41
207 25
194 9
91 9
149 34
155 25
135 25
92 25
232 25
196 25
15 25
117 25
34 9
80 25
111 25
126 25
35 25
104 25
258 25
178 25
113 25
183 9
181 9
138 41
159 25
185 41
62 41
90 25
226 25
71 41
248 41
152 25
47 41
219 25
229 34
118 9
140 25
73 9
65 25
133 25
109 25
222 25
197 25
253 41
86 34
19 25
98 25
165 25
82 25
146 25
261 25
33 25
119 41
63 25
244 25
59 9
186 41
123 25
97 25
50 25
108 25
190 41
210 41
143 25
120 25
151 25
204 25
164 25
125 25
206 25
156 25
20 25
2 9
242 41
129 25
136 41
61 41
32 25
132 25
27 25
0 34
114 34
199 25
3 41
85 25
162 25
147 25
179 25
54 25
251 25
64 41
216 25
78 25
29 41
110 41
52 41
187 25
195 41
39 25
205 41
68 25
17 9
14 25
137 25
75 41
51 25
76 25
182 34
36 25
43 25
46 25
245 34
224 25
55 9
160 9
56 25
223 25
67 25
214 9
121 25
239 25
234 25
48 25
49 41
102 9
96 25
211 9
21 25
231 34
40 25
246 34
10 37
9 25
254 41
131 8
168 41
95 25
11 41
7 9
200 41
18 41
37 9
38 9
212 41
6 25
58 41
238 25
249 41
257 25
255 41
148 25
208 25
158 25
252 9
8 41
12 41
150 41
116 41
4 25
215 25
153 9
259 25
237 25
167 41
230 9
172 34
94 25
101 34
26 41
23 25
28 41
66 34
115 25
247 25
134 41
83 41
228 34
103 41
105 9
173 25
166 41
262 25
99 34
22 34
250 41
41 41
79 25
171 25
74 41
217 25
174 25
176 9
177 41
122 25
243 25
87 25
157 25
30 41
227 34
260 25
84 9
154 25
60 37
180 25
130 25
124 25
202 41
236 9
25 25
44 37
16 37
144 34
69 41
209 25
53 41
203 8
128 25
45 41
106 25
193 25
192 41
233 25
5 25
201 41
107 25
189 41
188 25
93 41
220 41
218 34
1 25
198 25
57 25
run time cost of algorithm DRT_AG is 0.001122seconds
