5292800 152 64
0 41
1 41
2 41
3 21
4 41
5 21
6 41
7 34
8 41
9 41
10 41
11 21
12 0
13 0
14 41
15 41
16 41
17 21
18 41
19 0
20 21
21 34
22 21
23 41
24 41
25 41
26 21
27 41
28 41
29 41
30 21
31 41
32 41
33 41
34 21
35 21
36 21
37 41
38 21
39 21
40 21
41 21
42 34
43 41
44 41
45 41
46 41
47 21
48 34
49 21
50 21
51 21
52 21
53 41
54 41
55 21
56 21
57 41
58 21
59 21
60 41
61 0
62 41
63 41
64 21
65 21
66 41
67 41
68 21
69 34
70 41
71 21
72 41
73 21
74 41
75 41
76 0
77 41
78 21
79 21
80 41
81 41
82 41
83 21
84 41
85 34
86 41
87 21
88 21
89 21
90 41
91 34
92 21
93 21
94 0
95 21
96 41
97 21
98 21
99 41
100 21
101 21
102 21
103 41
104 34
105 21
106 41
107 21
108 21
109 21
110 41
111 41
112 21
113 21
114 41
115 41
116 41
117 41
118 21
119 21
120 21
121 41
122 41
123 41
124 41
125 21
126 21
127 41
128 21
129 34
130 21
131 21
132 34
133 21
134 0
135 21
136 41
137 34
138 21
139 41
140 41
141 41
142 34
143 41
144 41
145 21
146 21
147 21
148 41
149 21
150 21
151 0
152 41
153 41
154 21
155 21
156 21
157 21
158 21
159 41
160 21
161 41
162 41
163 0
164 21
165 21
166 21
167 21
168 21
169 41
170 41
171 34
172 41
173 21
174 21
175 21
176 41
177 21
178 21
179 41
180 21
181 41
182 41
183 21
184 34
185 41
186 41
187 41
188 41
189 21
190 34
191 41
192 21
193 0
194 0
195 21
196 41
197 41
198 41
199 21
200 21
201 41
202 41
203 41
204 21
205 21
206 21
207 41
208 21
209 41
210 41
211 41
212 21
213 41
214 21
215 41
216 41
217 41
218 0
219 21
220 41
221 21
222 41
223 41
224 21
225 41
226 21
227 34
228 41
229 0
230 41
231 21
232 0
233 21
234 21
235 41
236 21
237 41
238 21
239 34
240 41
241 41
242 0
243 41
244 0
245 41
246 41
247 21
248 34
249 0
250 21
251 41
252 21
253 21
254 41
255 0
256 41
257 34
258 0
259 0
260 21
261 41
262 21
263 21
264 0
265 41
266 34
267 34
268 21
269 34
270 21
271 21
272 41
273 41
274 41
275 21
276 0
277 41
278 0
279 41
280 21
281 41
282 21
283 34
284 0
285 41
286 21
287 41
288 21
289 41
290 41
291 21
292 21
293 41
294 21
295 41
296 41
297 41
298 41
299 21
300 21
301 41
302 21
303 41
304 21
305 41
306 41
307 21
308 21
309 21
310 41
311 41
312 41
313 41
314 21
315 21
316 34
317 34
318 41
319 41
320 21
321 21
322 41
323 21
324 41
325 34
326 21
327 21
328 41
329 41
330 34
331 21
332 41
333 34
334 21
335 21
336 41
337 41
338 21
339 41
340 21
341 41
342 21
343 41
344 41
345 34
346 21
347 41
348 34
349 41
350 21
351 21
352 41
353 41
354 41
355 21
356 41
357 41
358 41
359 41
360 21
361 41
362 21
363 0
364 0
365 21
366 41
367 0
368 34
369 41
370 21
371 21
372 21
373 21
374 21
375 21
376 41
377 41
378 41
379 21
380 34
381 21
382 41
383 34
384 34
385 34
386 21
387 21
388 34
389 41
390 21
391 0
392 21
393 34
394 21
395 21
396 41
397 34
398 41
399 41
400 41
401 21
402 21
403 21
404 34
405 41
406 41
407 41
408 41
409 21
410 41
411 21
412 21
413 41
414 21
415 41
416 21
417 41
418 0
419 34
420 21
421 41
422 21
423 21
424 41
425 0
426 21
427 41
428 21
429 41
430 21
431 41
432 41
433 21
434 34
435 34
436 21
437 21
438 34
439 0
440 41
441 0
442 41
443 41
444 0
445 0
446 41
447 41
448 21
449 41
450 0
451 41
452 41
453 21
454 41
455 34
456 21
457 41
458 21
459 21
460 41
461 41
462 34
463 41
464 0
465 0
466 34
467 41
468 34
469 21
470 41
471 21
472 34
473 34
474 34
475 34
476 21
477 21
478 34
479 34
480 21
481 41
482 8
483 34
484 21
485 21
486 0
487 21
488 21
489 21
490 21
491 41
492 34
493 34
494 34
495 21
496 21
497 21
498 21
499 34
500 34
501 34
502 34
503 34
504 21
505 34
506 34
507 21
508 34
509 34
510 21
511 34
512 8
513 34
514 21
515 34
516 21
517 0
518 21
519 34
520 34
521 21
522 21
523 34
524 34
525 0
526 34
527 21
528 34
529 34
530 21
531 21
532 34
533 34
534 21
535 34
536 21
537 34
538 34
539 21
540 21
541 21
542 34
543 34
544 21
545 21
546 34
547 0
548 34
549 34
550 21
551 21
552 21
553 21
554 34
555 21
556 34
557 34
558 34
559 34
560 21
561 8
562 21
563 34
564 1
565 34
566 34
567 34
568 34
569 34
570 34
571 41
572 21
573 21
574 34
575 0
576 34
577 34
578 8
579 34
580 8
581 21
582 34
run time cost of algorithm SM_CTP is 1.11627seconds
