5138800 120 59
0 29
1 29
2 29
3 29
4 0
5 29
6 29
7 29
8 41
9 41
10 29
11 29
12 29
13 29
14 29
15 0
16 29
17 41
18 29
19 29
20 41
21 29
22 29
23 29
24 29
25 29
26 29
27 29
28 41
29 29
30 29
31 29
32 0
33 29
34 29
35 29
36 29
37 29
38 29
39 29
40 29
41 41
42 41
43 29
44 29
45 29
46 41
47 29
48 41
49 41
50 0
51 29
52 0
53 41
54 29
55 29
56 29
57 29
58 29
59 29
60 29
61 41
62 29
63 29
64 29
65 29
66 34
67 29
68 29
69 34
70 41
71 29
72 0
73 29
74 29
75 29
76 41
77 29
78 29
79 41
80 29
81 29
82 41
83 41
84 41
85 29
86 29
87 29
88 29
89 29
90 29
91 29
92 0
93 29
94 29
95 29
96 0
97 29
98 29
99 29
100 29
101 34
102 29
103 41
104 41
105 41
106 29
107 29
108 29
109 29
110 41
111 29
112 29
113 29
114 29
115 29
116 29
117 29
118 41
119 29
120 29
121 29
122 29
123 29
124 41
125 41
126 41
127 41
128 29
129 29
130 41
131 29
132 34
133 29
134 41
135 41
136 34
137 29
138 41
139 29
140 41
141 29
142 29
143 29
144 29
145 29
146 29
147 29
148 29
149 29
150 29
151 29
152 29
153 41
154 29
155 29
156 41
157 41
158 29
159 29
160 29
161 29
162 41
163 29
164 41
165 41
166 41
167 41
168 41
169 29
170 29
171 41
172 29
173 0
174 29
175 34
176 29
177 29
178 29
179 29
180 41
181 29
182 34
183 29
184 41
185 41
186 29
187 29
188 29
189 29
190 0
191 29
192 0
193 29
194 29
195 29
196 29
197 29
198 29
199 29
200 29
201 41
202 29
203 29
204 41
205 41
206 29
207 41
208 41
209 41
210 41
211 41
212 0
213 41
214 34
215 29
216 29
217 29
218 29
219 29
220 34
221 34
222 29
223 29
224 0
225 41
226 41
227 29
228 29
229 29
230 34
231 41
232 29
233 29
234 29
235 41
236 29
237 29
238 29
239 29
240 41
241 41
242 29
243 0
244 0
245 41
246 29
247 41
248 29
249 29
250 29
251 29
252 29
253 29
254 29
255 41
256 29
257 29
258 29
259 0
260 29
261 41
262 41
263 41
264 29
265 29
266 0
267 41
268 41
269 41
270 41
271 29
272 29
273 29
274 41
275 29
276 29
277 29
278 41
279 34
280 29
281 0
282 29
283 41
284 29
285 41
286 34
287 29
288 29
289 0
290 29
291 29
292 0
293 29
294 29
295 29
296 34
297 34
298 41
299 29
300 29
301 29
302 29
303 41
304 8
305 41
306 29
307 41
308 29
309 41
310 34
311 29
312 41
313 41
314 29
315 34
316 29
317 41
318 41
319 29
320 29
321 41
322 29
323 29
324 41
325 0
326 0
327 29
328 41
329 29
330 34
331 29
332 29
333 34
334 29
335 29
336 29
337 29
338 41
339 29
340 29
341 41
342 0
343 29
344 0
345 29
346 34
347 41
348 29
349 41
350 29
351 29
352 29
353 29
354 29
355 41
356 41
357 41
358 29
359 29
360 29
361 29
362 29
363 29
364 41
365 41
366 29
367 34
368 41
369 34
370 41
371 41
372 29
373 29
374 29
375 41
376 41
377 34
378 29
379 41
380 41
381 29
382 34
383 29
384 41
385 0
386 29
387 41
388 29
389 29
390 41
391 41
392 0
393 0
394 29
395 41
396 41
397 41
398 41
399 29
400 34
401 29
402 41
403 29
404 41
405 41
406 41
407 41
408 41
409 41
410 41
411 41
412 34
413 41
414 41
415 41
416 41
417 41
418 41
419 41
420 41
421 34
422 41
423 41
424 34
425 41
426 41
427 0
428 0
429 41
430 41
431 41
432 29
433 34
434 34
435 34
436 41
437 41
438 41
439 34
440 0
441 41
442 41
443 41
444 41
445 41
446 41
447 34
448 41
449 41
450 34
451 41
452 41
453 41
454 41
455 41
456 41
457 41
458 34
459 41
460 41
461 41
462 0
463 0
464 41
465 41
466 41
467 34
468 34
469 0
470 34
471 41
472 41
473 41
474 41
475 41
476 34
477 34
478 41
479 0
480 41
481 41
482 34
483 34
484 41
485 34
486 41
487 41
488 41
489 41
490 41
491 34
492 34
493 41
494 41
495 41
496 34
497 34
498 41
499 41
500 41
501 34
502 0
503 41
504 34
505 41
506 34
507 41
508 41
509 41
510 0
511 41
512 34
513 1
514 34
515 34
516 41
517 34
518 41
519 41
520 41
521 34
522 0
523 41
524 41
525 34
526 34
527 34
528 34
529 41
530 0
531 34
532 34
533 24
534 34
535 34
536 34
537 24
538 34
539 34
540 34
541 34
542 34
543 34
544 34
545 34
546 34
547 34
548 34
549 34
550 34
551 24
552 34
553 29
554 34
555 34
556 34
557 34
558 34
559 34
560 24
561 34
562 34
563 34
564 41
565 34
566 41
567 34
568 8
569 34
570 34
571 34
572 34
573 34
574 34
575 34
run time cost of algorithm SM_CTP is 1.16733seconds
