451150 104 65
20 0
266 34
255 34
8 34
187 34
109 34
120 34
316 34
233 34
1 34
182 34
103 34
171 34
7 34
326 34
293 34
236 34
129 0
291 34
234 34
217 34
199 34
117 34
283 0
3 34
264 34
230 34
122 0
287 34
110 34
292 34
331 34
84 34
79 34
136 0
223 34
55 34
29 34
50 34
38 34
304 34
306 34
112 34
286 0
25 34
245 34
197 34
5 34
93 0
89 34
333 34
44 34
284 34
139 34
107 34
165 34
318 34
134 34
59 34
19 34
143 34
26 34
105 34
157 34
176 34
137 34
232 0
251 34
11 34
262 34
34 34
78 34
295 34
174 34
115 34
203 34
200 34
192 34
82 34
51 34
43 34
257 0
227 34
32 0
94 34
88 34
13 34
148 34
85 34
91 34
90 34
196 34
162 0
327 34
83 34
124 34
161 34
142 8
168 34
184 0
21 34
280 34
36 34
87 34
276 34
275 34
17 34
116 34
186 34
61 34
259 34
66 34
209 34
328 34
299 34
296 34
225 34
106 34
104 34
76 34
268 0
325 34
155 34
123 34
108 34
27 34
249 34
205 41
30 34
96 34
72 34
211 34
111 34
193 0
252 8
190 34
114 41
278 34
18 41
23 0
301 34
97 34
314 34
170 41
169 34
272 34
256 34
147 34
98 34
99 34
250 41
28 34
311 41
118 34
248 34
180 34
258 34
260 34
189 34
263 41
188 34
218 34
241 0
14 34
240 41
133 34
332 34
52 34
206 34
310 34
47 34
35 34
67 34
253 34
228 34
313 34
65 0
281 34
0 34
64 34
172 41
54 34
210 34
163 34
151 34
288 34
70 34
247 34
277 41
100 34
131 34
290 34
81 34
153 34
24 34
204 0
194 34
307 0
175 34
185 34
213 34
323 34
208 34
48 0
322 34
302 34
16 34
261 34
60 34
303 34
183 8
305 34
202 41
317 0
238 34
77 34
63 41
135 34
239 34
150 34
214 34
53 34
222 0
101 0
195 34
92 34
71 0
220 34
265 34
179 41
132 34
146 41
297 34
243 34
254 34
181 34
271 41
279 34
144 34
74 0
235 0
229 34
152 41
80 41
125 34
319 34
12 34
330 34
2 34
113 34
102 34
167 8
95 34
244 34
242 34
216 34
73 34
269 34
39 34
320 34
41 34
164 34
289 34
75 0
128 34
130 34
62 34
138 41
159 34
308 41
198 34
246 34
282 34
285 34
127 34
298 41
166 34
226 34
140 0
321 34
57 34
207 8
158 0
156 0
173 34
212 34
49 34
22 34
309 34
10 34
177 34
300 0
324 34
56 34
126 41
149 34
215 34
119 0
69 34
219 34
221 41
231 34
37 41
329 34
31 34
68 34
315 41
294 41
45 34
58 34
154 41
6 0
273 34
191 34
15 0
270 34
267 34
160 34
312 34
42 34
46 34
178 8
224 41
201 34
40 41
145 34
237 41
4 34
86 41
141 0
33 34
9 41
274 34
121 34
run time cost of algorithm DRT_BD is 0.087651seconds
