996900 104 64
0 34
1 0
2 0
3 34
4 34
5 34
6 34
7 34
8 34
9 0
10 34
11 34
12 34
13 34
14 34
15 0
16 0
17 34
18 34
19 34
20 34
21 34
22 34
23 34
24 0
25 34
26 0
27 34
28 34
29 34
30 34
31 34
32 34
33 0
34 34
35 34
36 34
37 34
38 34
39 34
40 0
41 34
42 34
43 34
44 34
45 34
46 34
47 34
48 0
49 34
50 34
51 34
52 0
53 34
54 34
55 34
56 34
57 34
58 34
59 34
60 34
61 34
62 34
63 34
64 34
65 0
66 34
67 34
68 34
69 34
70 0
71 34
72 34
73 34
74 34
75 0
76 34
77 34
78 34
79 34
80 34
81 34
82 34
83 0
84 34
85 34
86 34
87 34
88 34
89 34
90 1
91 34
92 34
93 34
94 34
95 0
96 34
97 41
98 34
99 34
100 34
101 34
102 34
103 0
104 0
105 0
106 34
107 34
108 34
109 34
110 34
111 34
112 34
113 41
114 34
115 34
116 34
117 34
118 34
119 34
120 0
121 34
122 0
123 41
124 34
125 34
126 34
127 34
128 34
129 0
130 41
131 34
132 34
133 34
134 34
135 34
136 34
137 34
138 34
139 34
140 34
141 0
142 34
143 34
144 0
145 34
146 0
147 34
148 34
149 34
150 34
151 0
152 34
153 34
154 34
155 34
156 34
157 41
158 34
159 34
160 34
161 34
162 34
163 41
164 34
165 34
166 41
167 34
168 34
169 34
170 34
171 34
172 34
173 0
174 34
175 34
176 34
177 0
178 41
179 34
180 34
181 34
182 0
183 34
184 34
185 34
186 34
187 0
188 34
189 34
190 34
191 34
192 34
193 34
194 34
195 34
196 34
197 34
198 34
199 41
200 34
201 41
202 34
203 34
204 1
205 34
206 34
207 34
208 34
209 0
210 34
211 34
212 34
213 0
214 34
215 34
216 34
217 34
218 34
219 34
220 34
221 34
222 34
223 34
224 34
225 34
226 34
227 34
228 34
229 41
230 0
231 34
232 34
233 34
234 34
235 34
236 34
237 41
238 41
239 34
240 34
241 34
242 0
243 34
244 34
245 34
246 34
247 0
248 34
249 41
250 34
251 34
252 34
253 34
254 0
255 41
256 34
257 34
258 34
259 34
260 34
261 34
262 34
263 34
264 0
265 34
266 34
267 34
268 34
269 34
270 41
271 34
272 41
273 34
274 41
275 41
276 34
277 34
278 34
279 41
280 34
281 34
282 34
283 34
284 34
285 41
286 0
287 34
288 34
289 34
290 34
291 34
292 34
293 34
294 34
295 34
296 34
297 41
298 34
299 34
300 41
301 0
302 34
303 0
304 34
305 34
306 34
307 34
308 34
309 34
310 34
311 34
312 34
313 34
314 0
315 34
316 34
317 34
318 34
319 34
320 34
321 0
322 34
323 34
324 34
325 34
326 0
327 34
328 34
329 34
330 0
331 0
332 34
333 41
334 34
335 34
336 41
337 41
338 34
339 34
340 0
341 34
342 34
343 34
344 34
345 34
346 41
347 34
348 0
349 34
350 34
351 34
352 34
353 34
354 34
355 34
356 41
357 34
358 34
359 34
360 34
361 0
362 34
363 34
364 8
365 34
366 34
367 34
368 34
369 34
370 34
371 41
372 41
373 0
374 34
375 34
376 41
377 34
378 34
379 34
380 34
381 34
382 34
383 34
384 34
385 41
386 41
387 41
388 34
389 41
390 34
391 41
392 41
393 34
394 34
395 41
396 41
397 34
398 34
399 34
400 34
401 34
402 34
403 34
404 0
405 41
406 34
407 34
408 34
409 34
410 41
411 34
412 41
413 34
414 34
415 34
416 34
417 41
418 34
419 34
420 0
421 34
422 34
423 34
424 34
425 41
426 41
427 34
428 34
429 41
430 34
431 34
432 41
433 8
434 0
435 41
436 8
437 0
438 41
439 34
440 34
441 34
442 34
443 34
444 0
445 34
446 34
447 41
448 34
449 41
450 41
451 34
452 41
453 34
454 34
455 34
456 34
457 34
458 34
459 34
460 34
461 34
462 41
463 0
464 8
465 34
466 0
467 41
468 34
469 34
470 0
471 34
472 8
473 34
474 0
475 41
476 34
477 34
478 41
479 34
480 34
481 34
482 41
483 41
484 34
485 34
486 41
487 34
488 34
489 34
490 41
491 41
492 34
493 34
494 34
495 34
496 34
497 34
498 34
499 41
500 41
501 34
502 41
503 34
504 34
505 41
506 41
507 0
508 34
509 41
510 0
511 34
512 41
513 34
514 41
515 8
516 34
517 34
518 0
519 41
520 34
521 34
522 34
523 34
524 0
525 41
526 34
527 34
528 34
529 41
530 41
531 41
532 34
533 34
534 41
535 2
536 8
537 41
538 41
539 0
540 41
541 34
542 34
543 34
544 34
545 0
546 34
547 34
548 0
549 41
550 34
551 41
552 41
553 34
554 41
555 41
556 34
557 34
558 34
559 34
560 8
561 34
562 34
563 8
564 41
565 34
566 34
567 34
568 34
569 41
570 34
571 34
572 34
573 41
574 41
575 34
576 41
577 34
578 34
579 34
580 34
581 41
582 34
583 34
584 0
585 8
586 34
587 0
588 34
589 34
590 34
591 34
592 0
593 41
594 41
595 0
596 34
597 0
598 8
599 41
600 0
601 34
602 8
603 1
604 1
605 41
606 34
607 41
608 34
609 34
610 34
611 34
612 34
613 8
614 34
615 0
616 41
617 0
618 41
619 34
620 41
621 34
622 41
623 41
624 41
625 8
626 0
627 0
628 41
629 8
630 34
631 41
632 8
633 8
634 34
635 34
636 34
637 34
638 8
639 41
640 34
641 34
642 34
643 34
644 34
645 34
646 34
647 0
648 34
649 0
650 34
651 34
652 34
653 0
654 34
655 34
656 34
657 34
658 34
659 34
660 41
661 34
662 41
663 34
664 41
665 34
666 34
667 34
668 34
669 41
670 34
671 0
672 8
673 34
674 34
675 41
676 34
677 41
678 34
679 34
680 34
681 34
682 41
683 41
684 34
685 8
686 41
687 34
688 41
689 34
690 41
691 34
692 41
693 41
694 41
695 34
696 34
697 34
698 34
699 34
700 34
701 34
702 41
703 34
704 34
705 34
706 34
707 1
708 34
709 0
710 34
711 41
712 0
713 34
714 0
715 8
run time cost of algorithm SM_CTP is 1.22353seconds
