1154250 98 15
623 9
415 9
572 9
248 9
259 9
227 9
192 9
526 9
121 34
448 9
56 34
306 9
465 9
325 34
417 9
423 34
520 9
172 9
603 9
165 9
160 34
632 9
170 9
311 9
333 9
478 9
627 9
362 9
105 9
371 9
223 9
376 9
232 9
388 9
326 9
329 9
171 9
154 9
292 9
340 9
493 9
381 9
75 9
501 9
618 9
243 9
509 9
265 9
486 9
519 9
272 9
480 9
303 9
322 34
159 9
334 9
560 9
369 9
2 9
258 9
231 9
518 9
35 9
479 9
608 9
296 9
24 9
320 9
460 34
151 9
124 9
345 9
202 9
404 9
484 9
284 9
594 9
109 9
116 34
118 9
439 9
391 9
91 9
220 9
418 9
394 9
86 9
191 9
190 9
604 9
207 9
517 9
226 9
229 9
156 9
420 9
96 9
358 34
361 9
549 9
135 9
641 9
596 9
513 9
240 9
111 9
471 9
482 34
515 9
74 9
456 9
181 9
182 9
634 9
273 9
631 34
577 9
551 9
302 9
477 9
126 34
378 9
481 34
573 34
110 9
112 9
535 9
127 9
168 9
252 9
113 9
633 9
421 9
210 9
542 9
214 9
52 9
433 9
616 9
366 9
80 9
452 9
611 9
274 9
576 9
174 9
468 9
218 10
360 9
71 10
66 9
559 9
410 9
373 34
205 9
317 9
318 9
245 9
93 9
290 9
346 9
186 9
12 9
595 10
624 9
499 9
34 9
4 9
145 9
545 9
511 9
643 9
5 10
183 9
498 9
568 9
211 10
353 9
267 10
495 9
278 9
521 9
257 10
125 34
287 9
438 9
539 9
204 9
55 9
522 9
638 9
548 9
328 10
469 9
17 9
195 10
88 9
28 9
83 9
630 34
541 9
62 9
65 9
29 9
335 9
458 9
280 9
106 10
575 9
13 9
585 10
492 9
89 34
184 9
63 9
561 9
504 10
45 9
175 10
644 9
507 9
467 9
379 10
107 10
275 9
213 10
473 9
462 9
247 10
564 9
230 10
14 9
217 9
385 9
25 9
295 9
512 34
87 9
363 9
614 10
397 9
424 9
457 9
253 9
53 10
327 10
70 9
298 9
446 10
178 10
77 9
368 9
138 10
132 9
365 34
82 9
316 9
343 9
628 34
599 9
180 9
60 9
101 9
129 10
380 9
153 9
208 9
198 9
98 9
637 9
610 9
10 9
323 10
200 9
137 9
141 9
276 9
162 9
185 9
382 10
39 9
104 10
390 9
589 10
244 10
239 9
591 10
41 9
602 10
158 10
163 10
540 9
529 9
308 34
194 9
319 9
592 9
37 9
639 9
395 9
364 9
293 9
242 10
148 9
30 10
297 10
434 9
355 9
629 9
260 9
26 9
310 9
199 10
466 10
582 34
315 10
128 34
590 9
262 9
464 10
372 9
514 34
92 9
431 10
122 9
221 9
332 10
197 9
120 34
33 34
193 10
73 9
625 9
547 10
251 9
301 9
222 9
40 9
640 9
324 9
130 9
459 10
115 9
309 9
351 9
588 9
150 34
54 9
19 9
142 9
386 10
408 9
288 10
445 10
562 9
532 10
219 9
530 10
167 10
497 9
279 10
437 9
566 9
525 9
393 9
432 9
147 9
119 9
491 9
134 10
254 10
558 9
474 10
414 9
427 9
61 10
59 9
342 10
250 9
84 9
331 10
299 9
47 34
212 9
384 9
387 9
305 10
617 9
472 9
622 10
176 9
435 10
406 10
201 9
321 9
21 9
215 10
20 9
524 10
235 9
139 10
399 10
157 10
428 9
177 9
0 10
136 9
90 9
78 10
269 9
494 10
38 9
426 9
169 9
642 9
236 9
43 10
44 9
3 9
79 9
1 10
277 9
234 10
377 10
173 10
31 9
108 10
374 9
487 9
42 9
635 10
506 0
18 10
155 0
97 9
354 10
255 10
99 10
606 10
246 9
430 0
510 9
237 9
347 9
516 9
330 10
579 9
67 9
416 9
282 10
344 10
607 10
476 9
584 9
312 9
313 10
552 9
206 9
85 10
392 9
483 9
256 9
436 10
146 9
412 9
375 9
341 9
422 34
76 9
300 9
224 9
569 9
22 34
189 9
475 9
451 9
578 9
102 9
620 10
571 9
574 10
455 10
553 9
447 10
294 0
209 34
600 9
613 9
9 9
503 34
463 9
490 9
268 9
249 10
441 10
48 9
338 9
50 9
7 34
266 9
636 9
241 10
444 9
117 9
538 9
337 9
583 10
555 9
389 10
225 10
27 10
601 9
15 10
419 9
286 9
6 9
289 9
411 9
500 9
615 9
407 9
567 9
367 9
58 9
283 9
534 9
587 9
454 0
396 34
187 34
619 0
570 9
103 9
203 8
536 9
461 9
609 0
46 10
349 9
143 9
281 9
94 9
123 9
403 10
621 10
216 9
537 10
166 9
429 9
69 10
350 9
152 9
149 9
32 9
488 9
550 9
442 10
443 9
95 9
563 9
64 9
270 9
356 10
72 34
554 0
339 9
81 9
161 9
304 9
470 9
581 10
179 10
196 9
496 9
505 10
612 10
626 10
264 9
580 9
271 10
307 10
314 9
405 10
543 9
449 10
49 9
605 10
425 9
413 9
261 10
233 10
533 9
164 9
586 9
565 10
352 10
409 9
531 10
238 9
16 9
348 9
140 9
383 10
131 9
188 9
51 10
133 10
263 9
485 10
285 10
23 9
336 10
36 9
402 9
593 10
57 9
398 10
144 0
523 9
228 10
11 10
489 9
370 0
8 10
556 10
546 10
544 9
528 9
527 9
359 9
502 9
357 9
453 9
291 10
450 9
440 34
598 9
508 10
68 9
557 0
114 9
100 10
400 10
401 0
597 10
645 9
run time cost of algorithm DRT_BD is 0.317202seconds
