1096600 104 67
168 34
220 34
253 34
48 34
341 34
27 34
50 34
340 34
287 34
262 34
282 34
315 34
103 34
213 34
275 34
69 34
78 34
240 34
81 34
334 34
338 34
55 0
5 34
296 34
39 34
242 34
277 34
97 34
179 34
6 41
147 34
252 34
128 41
67 34
314 34
194 34
124 34
271 34
185 34
8 34
208 34
25 34
110 34
201 34
225 34
295 34
309 34
44 34
45 34
20 34
305 41
134 34
52 0
100 34
119 34
144 34
190 34
13 34
298 34
281 34
313 34
35 34
196 41
345 34
308 34
143 0
106 34
34 0
173 34
233 34
116 34
322 34
290 34
156 34
254 34
146 0
279 34
209 0
153 34
269 34
107 34
131 34
95 34
139 34
301 34
101 41
283 34
202 34
117 34
172 34
18 34
115 34
170 34
83 34
311 34
4 0
197 41
273 41
212 34
244 41
316 34
33 34
191 0
292 34
293 0
221 34
157 41
150 34
193 34
26 34
178 34
285 34
325 34
75 34
77 41
321 34
310 34
114 34
43 34
29 0
326 34
204 34
210 34
348 34
289 34
243 41
16 34
160 34
346 34
72 34
125 34
152 34
93 34
54 34
133 34
228 34
141 41
175 34
302 41
140 34
84 34
174 34
214 34
149 34
312 41
46 34
352 34
297 34
30 34
227 41
105 41
31 41
294 34
263 34
96 41
320 34
58 34
22 34
7 34
335 41
90 41
180 34
151 41
123 34
73 8
94 41
344 41
169 34
336 34
354 34
255 41
200 34
203 41
65 34
121 34
257 34
17 34
260 0
130 34
11 34
350 34
349 34
303 41
235 34
251 34
318 34
89 0
41 34
3 34
1 34
86 34
353 34
241 34
307 34
230 34
21 41
23 0
223 34
222 41
342 34
159 0
82 34
324 41
59 34
265 34
205 34
286 0
15 34
165 34
167 34
112 34
98 41
38 34
224 0
306 34
274 34
217 41
248 34
304 34
40 34
92 34
226 41
32 34
211 34
2 34
181 41
155 34
267 0
234 0
284 34
188 0
216 34
264 34
288 34
198 34
300 0
19 34
236 34
329 34
328 34
91 34
266 8
237 41
231 41
70 34
195 41
343 34
135 34
88 34
51 34
137 34
62 34
154 34
63 34
330 41
87 34
256 34
177 34
9 41
261 41
245 34
232 34
57 41
331 34
317 34
108 41
278 34
120 34
258 34
14 41
42 41
47 34
339 41
238 34
268 34
332 34
323 41
118 34
276 41
206 34
138 34
158 0
163 34
250 0
186 34
184 34
60 34
187 34
333 34
56 41
239 41
37 34
192 34
0 41
61 34
337 34
74 34
189 0
99 34
249 0
218 34
102 34
207 34
132 34
85 34
247 34
171 8
351 34
272 34
199 34
142 41
80 34
347 8
113 34
12 34
161 34
145 41
104 41
36 34
28 34
136 34
79 34
24 34
71 34
126 34
259 34
270 34
176 0
299 41
246 8
164 34
327 34
49 34
280 8
182 34
129 41
127 34
219 34
68 34
76 34
215 41
111 34
122 8
148 34
162 41
166 34
10 34
291 0
64 34
66 41
53 34
229 8
319 34
109 8
183 8
run time cost of algorithm DRT_BD is 0.082606seconds
