9715600 170 18
72 41
226 25
662 25
125 25
212 25
421 25
599 25
652 34
819 34
445 25
562 25
639 25
690 25
820 34
734 9
621 9
98 25
767 25
531 25
766 41
65 25
110 25
696 25
668 25
510 41
41 25
488 25
180 25
648 25
104 25
317 25
140 25
475 25
569 25
149 25
346 25
780 25
251 25
782 25
179 25
159 25
75 25
301 25
184 25
363 25
108 25
272 25
131 9
329 25
628 25
85 25
676 9
312 25
468 25
188 9
16 25
352 41
451 25
255 25
277 25
540 25
763 25
214 25
247 25
111 25
656 41
57 34
532 25
650 25
803 41
485 25
521 25
713 25
760 25
30 25
436 25
234 25
83 25
563 25
409 25
92 25
199 25
388 25
158 25
221 34
25 25
99 25
82 25
328 25
714 25
587 25
549 25
15 41
289 41
84 41
644 41
680 41
701 41
369 41
337 41
592 41
807 41
223 41
3 41
533 41
259 41
591 41
697 41
543 41
523 41
299 9
802 41
627 41
231 41
420 41
341 41
748 41
812 41
211 41
526 34
438 41
576 41
622 41
497 37
124 41
115 41
559 41
635 9
362 41
449 41
276 41
732 37
381 41
331 41
794 41
614 41
471 41
481 41
715 41
88 41
2 41
440 41
155 41
761 41
325 41
243 41
353 41
404 9
150 41
120 41
552 37
666 41
332 41
335 41
774 37
455 41
515 41
546 41
679 41
513 41
77 9
160 34
103 41
308 41
142 41
165 41
413 41
560 34
28 41
494 41
338 34
601 41
50 41
704 9
430 9
94 41
208 41
739 41
399 41
693 41
222 41
495 9
669 41
742 41
429 41
464 41
246 41
59 41
242 9
343 34
720 41
795 41
73 41
24 38
534 9
735 37
787 37
375 37
762 34
428 9
274 37
629 37
5 38
203 34
557 34
670 38
392 37
278 38
506 37
623 34
387 37
658 37
193 37
228 37
756 37
555 41
499 34
448 9
444 37
76 34
671 37
321 37
769 37
310 38
151 37
175 37
8 37
479 37
604 38
368 34
114 38
659 34
194 37
136 37
672 34
292 38
266 37
736 38
135 37
118 37
575 37
724 37
753 38
316 37
687 37
22 37
291 38
376 37
634 38
67 37
12 37
747 37
412 37
408 37
37 38
174 37
18 37
284 37
61 34
56 38
79 37
741 38
300 38
431 37
91 38
107 9
538 37
657 8
613 37
466 37
29 37
800 9
757 38
566 37
784 38
654 34
620 37
170 37
315 38
127 34
745 9
391 37
80 37
414 37
233 38
64 37
442 37
615 37
651 34
288 37
806 37
265 37
102 37
636 37
502 34
204 9
70 38
595 34
487 38
44 37
688 38
220 37
750 37
605 38
157 34
469 37
377 37
779 34
34 37
95 34
128 37
418 34
144 37
423 34
11 37
527 38
730 37
509 38
641 37
578 34
6 37
152 37
667 34
411 34
229 38
699 37
433 37
168 37
755 37
504 37
808 37
580 34
178 37
123 37
768 34
334 37
574 34
773 38
302 37
491 38
1 38
348 37
281 37
816 38
446 34
539 34
486 38
461 38
547 34
333 34
554 37
96 37
177 34
458 37
183 34
606 37
213 37
689 34
441 37
783 38
132 34
273 37
48 37
294 37
624 34
169 34
719 34
138 37
320 38
106 37
702 9
505 37
372 37
309 37
815 9
626 37
443 37
477 37
295 34
339 37
589 37
86 37
130 38
269 37
7 38
525 37
558 34
655 38
260 9
200 37
52 38
268 38
298 34
811 37
215 37
453 37
492 37
673 37
326 38
390 37
393 9
810 37
682 38
66 37
717 37
359 37
119 38
507 34
236 38
406 37
727 34
344 9
176 34
38 37
447 37
738 37
313 34
432 38
731 9
516 37
55 37
564 37
640 37
93 37
818 38
425 37
422 37
478 34
23 37
596 38
785 34
519 37
405 37
137 37
78 37
116 37
435 38
708 37
728 38
789 37
733 34
434 38
384 37
548 37
822 37
62 37
356 37
365 38
185 38
197 37
612 37
501 37
207 38
100 38
619 38
26 37
287 37
210 37
227 38
638 37
280 37
245 37
27 37
87 37
263 37
749 38
597 37
825 37
610 37
590 34
14 34
400 34
32 37
385 34
524 37
240 37
642 34
821 34
608 9
323 38
327 34
143 34
798 38
187 38
71 34
306 34
775 34
81 34
196 38
205 38
154 34
58 34
63 34
439 34
437 34
133 33
304 34
403 34
577 38
209 34
653 34
105 34
163 9
643 34
726 9
746 34
17 9
171 34
351 34
342 34
721 33
189 34
725 38
318 38
684 34
389 6
729 34
545 34
817 34
225 34
314 24
645 34
712 34
254 34
419 34
556 9
467 34
536 34
97 34
386 34
631 38
416 34
358 34
370 9
282 34
407 9
45 9
553 34
778 34
311 34
573 33
330 34
290 34
47 34
796 9
43 34
616 9
54 34
530 33
195 9
360 38
101 38
537 34
582 38
496 38
186 38
0 34
252 34
450 34
663 34
664 24
674 34
691 34
235 34
751 34
826 9
473 8
765 34
618 34
69 34
364 38
744 34
237 34
307 34
305 33
60 34
262 38
465 34
770 34
146 34
598 34
797 34
39 34
718 38
710 34
788 38
584 34
271 34
709 33
319 34
241 38
36 34
660 34
354 33
182 34
759 33
609 34
567 34
261 38
285 34
791 34
46 34
248 34
218 34
823 34
692 34
470 34
324 34
743 34
33 38
190 34
625 9
427 33
617 38
121 25
777 41
112 38
161 38
162 34
164 34
166 34
49 38
752 34
603 38
202 33
216 34
824 34
482 34
457 34
772 34
568 34
89 34
415 38
551 6
809 9
503 38
256 34
264 34
686 34
677 38
322 34
383 34
366 34
380 34
550 34
4 34
646 9
397 38
637 38
257 34
401 34
483 34
244 38
201 34
172 38
572 34
206 38
232 34
799 34
141 24
10 34
270 34
181 34
296 38
267 34
13 34
42 34
462 34
703 34
593 9
373 34
192 34
336 34
21 34
500 38
518 34
474 9
700 38
594 34
786 34
198 34
661 34
498 24
695 38
275 38
528 33
19 34
117 38
764 38
647 34
379 34
565 34
535 38
53 34
480 34
586 34
238 34
355 34
814 38
588 34
374 34
349 38
649 33
683 34
371 34
173 34
153 9
253 38
122 36
456 34
417 34
167 34
754 34
706 38
9 34
512 38
459 34
250 38
675 34
139 34
367 34
793 34
350 34
147 8
347 34
633 34
345 33
395 34
424 34
707 33
705 34
303 9
758 34
134 34
230 34
396 34
776 34
357 34
544 38
490 9
382 34
51 8
685 34
493 33
410 34
191 34
517 34
561 34
722 33
792 38
484 34
632 33
156 34
571 34
224 24
361 34
514 34
217 9
148 34
378 38
489 34
771 34
129 24
805 34
630 34
607 34
476 34
394 34
340 33
581 34
711 34
522 33
283 34
20 34
31 34
68 34
460 34
681 34
249 34
463 34
804 34
611 9
813 33
113 34
740 34
529 38
402 9
665 34
452 38
602 34
698 34
694 34
219 34
297 34
126 34
40 33
542 36
35 38
579 34
454 34
570 34
583 38
74 38
90 9
109 9
801 9
781 34
239 34
723 34
279 34
737 38
286 34
426 34
585 33
258 38
600 34
511 34
541 38
520 34
508 34
145 9
472 34
678 33
398 34
293 38
790 38
716 38
run time cost of algorithm DRT_AG is 0.008306seconds
