2203200 170 43
44 25
373 34
261 25
416 25
55 25
266 25
277 25
450 25
452 25
70 25
90 25
488 25
195 34
13 25
14 25
400 25
387 9
303 25
115 9
121 25
475 25
131 25
478 25
470 25
167 25
114 41
110 25
175 9
196 25
405 25
353 25
213 25
412 9
382 25
496 25
51 25
46 41
258 25
255 25
376 25
377 25
41 25
257 25
174 25
399 25
97 25
339 25
427 25
52 25
154 25
113 25
85 9
149 9
286 25
440 25
356 25
406 25
134 25
395 25
172 25
299 41
346 25
207 25
315 25
151 25
283 25
429 25
419 25
479 25
501 25
214 25
494 25
203 25
455 41
389 25
247 25
35 25
350 41
436 25
421 25
99 25
71 41
130 25
75 25
363 25
320 41
451 25
79 25
139 25
409 25
148 25
59 25
472 41
396 25
288 25
338 34
163 41
103 25
95 25
98 34
40 25
96 25
369 25
420 25
464 25
92 25
164 25
91 25
404 25
316 41
210 25
364 25
215 34
183 25
260 25
434 25
354 25
492 25
271 25
228 25
327 25
122 41
345 25
326 25
443 34
125 25
204 25
56 25
430 25
145 34
392 25
465 25
445 25
385 25
280 41
379 25
298 9
500 25
349 9
226 25
507 9
476 41
235 25
362 25
230 25
361 25
461 34
176 25
254 25
418 25
185 25
243 25
372 34
153 25
30 25
337 41
50 25
462 25
147 41
474 25
467 25
295 25
142 25
2 25
191 25
192 25
394 25
202 41
480 9
118 25
357 25
466 25
217 25
108 25
211 41
378 25
129 25
49 41
262 25
411 25
57 41
370 25
239 34
448 25
358 41
78 25
8 9
187 25
100 25
482 25
323 25
197 9
505 41
193 25
177 6
137 25
371 25
435 25
165 25
384 34
297 41
237 25
128 25
460 25
119 25
481 9
63 34
278 25
367 25
491 25
84 34
351 25
48 25
9 41
263 25
264 25
216 41
180 25
456 25
26 34
285 34
290 25
282 25
314 25
86 25
414 25
317 25
80 25
424 9
281 25
116 25
194 34
135 25
279 25
318 25
293 41
246 41
218 25
276 25
244 34
319 25
58 41
162 34
442 41
292 25
269 25
61 34
173 41
459 41
20 25
296 25
428 25
307 25
221 25
69 25
37 25
289 41
426 25
208 25
375 25
374 25
321 41
189 25
104 41
212 41
4 25
441 25
227 25
170 25
27 25
300 25
65 41
81 25
66 25
504 25
161 25
270 25
7 25
32 25
181 25
60 41
340 25
105 41
199 25
67 25
311 25
25 41
6 25
313 25
284 41
410 25
133 25
259 25
38 25
325 41
328 25
495 9
1 25
453 41
449 41
251 25
250 25
146 25
236 25
391 25
267 25
489 41
433 25
241 9
240 25
166 25
506 25
468 25
17 25
469 9
347 41
343 41
366 25
249 25
368 25
388 25
219 41
444 25
36 25
256 25
106 25
45 25
62 25
64 25
253 41
39 25
268 25
11 25
333 25
234 25
390 25
76 25
24 25
490 41
138 41
397 25
341 25
352 25
275 25
348 25
484 25
486 25
93 25
89 25
342 25
136 25
82 25
274 9
15 38
238 25
360 25
402 25
126 41
498 25
120 34
458 41
294 25
497 25
471 25
21 25
310 25
502 25
355 25
483 25
28 25
169 25
383 25
5 41
188 25
123 25
329 41
265 25
301 25
112 41
454 41
408 25
10 25
33 25
423 25
222 34
111 34
304 41
231 25
335 9
168 41
72 41
74 25
159 41
401 25
446 41
324 25
477 25
150 8
344 41
83 25
336 25
23 25
233 25
417 41
29 41
381 25
245 25
407 41
209 25
302 25
248 34
330 25
43 25
508 25
463 41
415 25
0 41
182 25
457 25
220 25
184 25
225 25
229 25
365 25
171 25
425 41
493 25
242 41
160 41
322 9
312 41
77 25
487 25
273 25
308 25
144 25
117 25
437 25
143 25
439 9
291 25
107 25
101 41
272 25
158 25
331 9
73 41
53 41
178 41
499 41
34 25
224 38
386 25
22 25
190 41
503 34
403 25
509 25
3 25
16 41
398 25
186 25
422 9
42 25
179 25
332 25
94 41
102 25
132 25
157 41
140 41
473 9
306 41
155 41
200 25
438 25
198 25
18 41
413 41
127 25
19 34
305 38
393 41
31 41
223 41
485 25
359 25
432 25
334 37
88 9
87 25
431 25
232 41
447 41
68 41
54 25
309 25
47 25
201 25
252 41
380 25
152 25
109 41
206 41
124 41
156 25
141 34
12 25
287 25
205 25
run time cost of algorithm DRT_AG is 0.003591seconds
