4253200 170 27
0 25
141 25
164 9
184 25
205 25
212 25
273 25
855 34
852 25
850 25
274 25
834 25
276 25
280 25
825 25
94 25
329 25
343 25
793 25
388 25
424 25
433 25
440 9
753 25
457 25
497 41
746 25
63 25
129 25
56 25
550 9
711 25
571 25
580 25
691 25
642 25
666 25
669 25
38 25
143 25
149 25
657 25
679 41
120 25
943 25
904 25
615 25
245 25
593 25
253 25
307 25
311 41
560 25
323 25
62 25
776 25
717 25
764 9
74 25
740 25
520 25
521 9
735 9
529 25
510 25
504 9
748 25
491 25
480 25
397 25
949 25
677 25
634 25
159 25
535 25
160 25
44 25
116 25
173 25
936 25
889 25
219 9
784 25
377 41
845 25
12 25
362 41
830 25
572 25
324 25
559 25
316 25
313 25
707 41
814 25
309 25
811 9
289 41
800 25
369 25
374 25
884 25
266 25
705 6
600 25
235 34
234 25
552 25
398 25
206 25
630 25
201 25
196 25
404 25
180 25
715 25
426 25
76 25
57 25
434 9
761 25
665 25
446 25
750 25
477 25
951 41
505 25
389 25
399 41
401 25
417 41
77 9
132 25
73 25
441 25
295 41
450 25
456 25
468 25
501 41
519 25
59 25
533 41
945 41
58 25
537 25
255 25
924 25
547 25
562 25
568 25
805 9
243 25
794 25
154 41
575 25
156 25
587 41
336 25
228 25
601 25
641 25
111 25
175 25
744 25
751 25
87 34
360 9
375 25
412 25
425 25
466 25
467 25
847 25
281 41
163 9
509 25
513 25
820 25
721 25
4 25
540 25
819 25
53 41
241 41
700 25
573 25
238 25
237 25
576 41
190 25
908 25
192 25
594 25
226 41
662 41
659 25
644 25
911 25
203 41
650 25
898 25
599 25
22 25
349 34
351 25
558 41
86 25
378 25
892 25
320 9
177 25
50 25
685 25
790 25
611 25
472 25
762 34
595 34
606 25
229 25
115 25
853 25
296 25
303 25
437 25
604 25
429 25
862 25
220 25
780 25
596 9
920 25
288 25
589 9
787 9
946 25
283 41
487 41
214 34
881 25
277 25
882 25
804 41
317 41
531 34
635 25
821 34
702 25
352 41
651 41
655 9
348 41
41 25
658 25
713 25
29 25
938 34
919 25
121 9
392 9
566 25
394 41
263 34
81 41
838 41
102 25
865 41
250 25
165 25
569 25
64 9
130 25
610 25
221 9
305 41
498 25
603 41
495 25
488 25
602 25
439 25
298 25
663 34
929 25
285 9
473 41
857 25
1 41
119 25
27 25
193 25
851 41
770 25
449 25
676 25
35 25
448 25
485 41
134 25
174 25
683 25
436 25
113 25
860 9
891 25
605 25
502 25
738 41
272 9
518 25
61 25
213 25
264 25
806 25
823 41
724 25
211 41
318 41
319 25
620 25
767 25
752 25
372 9
257 25
325 34
643 25
760 41
16 9
110 25
148 25
548 41
555 9
140 25
539 25
26 37
511 41
720 41
728 25
492 25
731 25
475 34
176 25
671 25
899 9
459 25
543 25
545 41
664 34
20 25
779 25
299 25
158 25
3 25
856 9
215 25
112 25
155 25
801 41
406 41
405 34
638 25
396 25
918 9
364 25
385 41
10 25
843 25
308 25
698 41
791 41
854 25
697 25
428 41
275 25
432 25
785 25
910 25
798 25
486 25
828 25
563 25
528 41
137 25
222 25
549 25
350 25
743 25
402 41
536 41
815 25
636 25
23 25
105 25
312 41
778 41
293 25
570 41
453 41
542 34
344 41
848 34
97 25
261 25
365 41
941 25
530 25
732 9
8 41
896 25
109 34
799 25
522 41
730 25
233 25
178 41
710 41
839 34
706 41
703 25
788 25
131 25
712 34
499 25
876 9
579 34
282 25
577 34
478 25
144 41
875 9
384 25
153 41
592 25
52 41
291 25
391 25
781 38
925 41
591 41
590 37
218 41
887 41
103 38
242 41
512 41
616 41
244 41
123 34
208 41
34 41
933 41
421 41
809 9
789 41
719 41
252 41
759 41
314 41
837 41
9 41
315 41
136 34
409 41
232 41
836 41
795 41
496 41
128 41
923 37
240 41
927 41
2 37
286 41
419 41
98 41
786 41
482 37
481 41
382 41
68 25
649 41
684 41
157 41
689 41
95 41
578 41
54 41
431 41
621 41
673 41
67 41
940 8
922 41
729 41
582 41
133 41
91 34
747 34
462 38
500 41
79 41
40 41
454 41
326 37
769 41
947 37
139 41
772 34
585 41
699 41
333 41
774 37
701 41
515 41
224 9
656 34
82 41
597 41
33 41
93 41
236 41
414 41
381 41
829 41
906 41
96 41
686 41
902 41
430 41
210 41
681 41
870 41
55 41
886 41
118 41
465 41
765 34
292 37
754 41
355 41
39 41
755 9
667 41
614 41
191 9
768 41
124 41
83 41
942 34
868 41
125 41
736 41
127 41
78 41
197 34
198 41
484 41
883 41
792 37
223 41
647 9
895 41
65 41
802 41
709 41
271 37
151 41
626 41
808 41
92 41
813 41
637 41
816 41
817 41
239 9
407 41
200 41
270 41
11 41
19 41
72 41
835 41
90 41
841 41
368 41
950 8
363 41
256 37
183 41
745 37
867 41
739 41
678 41
526 41
523 41
279 34
269 41
6 41
230 41
796 41
727 41
179 41
926 41
831 41
832 38
122 37
822 41
833 37
185 34
217 41
267 41
937 37
818 41
265 41
70 41
584 41
907 41
189 41
654 41
249 41
574 41
771 34
623 41
645 34
777 41
45 41
403 37
734 34
783 9
427 41
479 41
182 9
912 41
415 41
334 41
231 41
464 37
84 37
612 38
692 41
690 41
527 37
340 41
71 41
672 41
386 41
849 41
888 41
327 41
162 9
544 41
354 41
897 41
858 41
5 41
619 41
278 41
653 41
435 41
551 41
932 41
195 41
297 41
631 41
142 41
541 41
393 41
69 41
901 38
885 41
30 41
43 34
741 41
567 41
138 37
444 34
422 9
532 41
166 9
167 41
797 41
879 41
890 41
704 41
25 41
106 41
80 41
145 41
169 37
564 41
60 41
640 9
493 41
463 34
905 41
420 6
373 41
639 34
146 34
871 41
410 41
514 38
613 41
877 38
869 34
758 8
107 41
46 37
674 41
209 41
361 9
423 34
914 41
471 38
347 9
248 38
763 41
873 9
100 41
99 41
225 41
358 9
553 41
928 41
380 37
726 34
413 37
387 37
494 34
693 41
268 41
880 41
310 41
903 9
379 37
608 41
617 41
624 41
400 41
14 41
31 41
32 41
301 37
565 41
147 41
290 41
508 41
101 41
383 37
345 37
88 41
15 41
135 41
688 41
458 41
251 41
680 34
844 41
262 41
186 41
188 41
259 41
909 41
359 41
661 41
85 41
930 41
168 41
524 37
202 41
561 34
490 41
469 38
445 37
893 41
207 41
42 41
395 34
170 41
807 41
507 37
714 9
629 37
916 38
342 37
408 41
104 34
826 37
716 41
878 37
181 41
827 41
66 41
338 41
227 41
47 38
18 41
339 41
48 41
49 37
331 41
304 9
894 37
152 41
652 41
199 34
556 41
538 41
258 38
846 38
773 34
366 34
447 37
694 41
390 9
371 41
696 41
321 41
722 37
172 34
749 37
470 41
742 9
824 41
460 38
284 34
733 41
416 9
756 41
114 41
921 9
708 41
516 37
757 41
586 41
341 34
917 41
627 41
939 41
306 41
525 41
187 41
89 41
682 41
648 41
302 41
675 41
353 41
670 9
443 41
859 41
7 41
357 41
356 41
254 41
194 37
438 37
557 41
934 41
534 41
150 37
775 38
812 41
294 37
948 41
346 41
247 41
161 41
246 37
455 9
517 41
51 34
418 41
874 41
322 41
583 41
376 37
588 34
506 37
411 37
725 41
598 34
337 38
335 37
126 41
618 41
864 38
117 41
171 38
842 41
840 37
13 8
204 41
803 41
17 41
782 41
766 38
21 41
24 41
900 37
737 37
108 37
723 9
216 34
944 34
300 41
36 34
37 41
668 36
328 41
646 41
330 37
913 37
367 41
915 9
628 41
75 41
622 41
452 41
609 9
607 41
581 41
554 41
546 41
931 38
461 9
489 41
483 37
474 41
503 34
872 41
866 37
451 41
442 41
935 34
625 41
370 41
632 41
332 37
633 37
660 41
687 37
287 41
695 41
260 41
718 41
28 34
810 41
861 34
863 41
476 37
run time cost of algorithm DRT_AG is 0.010002seconds
