930600 97 14
2 19
134 19
342 19
448 19
372 34
144 19
145 19
110 19
86 19
455 19
387 19
154 19
303 19
137 19
405 19
141 19
245 19
460 34
502 19
83 19
167 19
205 19
521 19
157 19
426 19
370 19
540 19
333 19
257 19
512 19
436 19
399 19
94 34
312 34
465 19
105 19
168 19
209 19
454 19
508 19
32 19
309 19
193 19
71 19
108 19
472 19
501 19
25 19
192 19
307 19
31 19
51 19
142 19
469 19
390 34
452 19
234 34
491 19
335 19
217 34
359 19
364 19
152 19
250 19
272 19
517 19
422 19
227 19
329 19
526 19
129 19
282 19
72 19
411 19
21 19
156 34
369 19
5 19
296 19
558 19
351 34
143 19
130 19
44 19
43 19
279 19
291 19
529 19
12 19
348 19
185 19
274 19
462 19
182 19
443 19
162 19
41 19
535 19
80 19
347 19
273 19
490 19
430 19
247 19
453 19
22 19
100 19
328 19
340 19
1 19
555 19
504 19
235 19
322 19
266 19
6 19
171 19
550 19
172 19
197 19
489 19
260 19
528 19
225 19
199 44
230 44
264 19
559 19
196 19
283 44
445 34
327 19
258 19
53 19
132 19
133 44
3 19
408 19
378 19
67 19
524 44
127 19
251 19
404 19
118 44
39 44
353 19
354 19
267 19
231 19
367 19
389 19
113 19
396 19
161 44
440 19
174 34
112 19
14 19
506 19
427 19
9 19
114 19
382 44
40 19
48 19
213 19
537 19
536 19
318 19
221 44
128 19
461 19
479 19
169 44
376 19
385 44
206 19
298 19
29 19
99 19
263 44
166 19
481 19
417 44
159 44
315 19
400 19
293 19
459 19
398 44
557 19
520 34
203 19
486 34
109 19
332 44
308 19
61 44
194 44
20 19
259 19
149 19
241 19
87 19
477 19
394 19
136 44
93 19
18 34
547 44
76 44
147 19
163 19
122 19
140 44
338 19
262 44
0 19
106 19
176 19
151 19
450 19
35 19
115 19
186 19
424 19
232 44
84 19
503 19
10 44
17 19
214 44
392 19
90 19
542 19
470 19
336 19
70 44
60 19
471 44
534 44
541 19
344 19
546 19
516 44
355 19
449 44
7 44
496 19
284 19
265 44
242 19
195 19
545 19
248 44
514 44
38 19
254 19
126 19
381 44
379 44
270 19
164 19
189 44
365 19
240 34
412 44
413 19
304 44
493 19
77 34
223 44
11 19
79 19
330 44
178 19
170 19
26 19
442 19
358 19
538 44
36 19
202 44
158 19
511 19
23 19
473 19
27 34
331 44
65 19
52 19
300 19
561 19
222 19
155 19
15 19
360 44
292 19
302 19
107 19
50 19
233 19
543 19
57 19
49 19
552 19
474 19
246 19
211 44
444 19
415 19
446 19
269 19
181 19
497 34
313 19
85 19
285 44
24 19
533 19
146 44
530 19
210 44
177 44
139 44
476 44
219 19
548 19
435 44
82 19
187 19
475 19
323 19
238 19
488 19
556 19
278 19
478 19
124 19
431 19
216 19
464 19
362 19
287 44
439 19
215 19
305 19
271 19
484 44
432 19
319 19
361 19
243 34
256 44
28 34
212 19
255 44
507 19
341 19
492 44
224 44
373 19
117 44
551 19
393 44
410 44
457 44
363 19
510 19
55 44
277 19
276 44
468 34
456 44
513 44
320 44
220 44
425 34
562 19
275 34
45 34
451 19
228 19
160 19
420 44
466 44
198 19
522 34
184 19
498 19
437 19
295 19
299 19
314 44
519 0
201 19
119 19
349 19
343 44
33 19
288 19
289 19
337 44
334 19
482 34
200 44
42 19
294 44
63 44
131 19
310 34
102 19
301 19
66 19
539 34
75 44
88 0
116 19
121 44
375 19
96 19
383 34
207 44
47 0
483 19
384 19
244 19
239 44
135 0
423 19
56 44
74 44
4 19
391 44
356 19
414 44
324 34
377 44
402 19
103 0
441 0
125 19
268 44
249 19
92 44
101 19
19 34
98 34
386 0
46 34
485 19
458 19
366 19
78 19
544 44
37 44
346 44
183 34
30 44
286 19
447 0
138 19
148 19
150 19
549 44
352 44
419 34
111 19
397 44
532 0
236 19
190 44
339 44
89 44
523 19
416 19
68 44
73 44
95 19
433 19
325 19
553 19
467 44
165 44
421 19
311 19
91 19
62 44
509 34
261 19
280 19
371 44
317 19
487 19
434 19
173 44
175 34
357 19
527 44
395 19
120 34
188 19
54 19
204 19
218 44
525 19
401 19
229 19
380 34
34 44
297 44
97 44
531 19
438 19
515 19
429 44
306 44
518 19
237 19
321 44
407 44
554 44
226 19
345 34
69 19
500 44
499 19
350 44
58 19
388 44
64 19
191 44
495 19
494 19
59 44
179 44
208 44
252 19
253 44
290 34
428 19
409 19
368 44
16 19
560 0
281 19
104 19
505 19
123 44
153 19
480 44
180 19
81 44
463 44
418 0
316 34
326 19
406 19
403 19
13 44
8 19
374 19
run time cost of algorithm DRT_BD is 0.151491seconds
