889250 104 64
412 34
488 34
272 13
359 34
528 13
564 13
414 34
99 34
122 13
75 34
333 13
454 34
154 34
69 34
175 13
401 34
117 34
222 34
202 13
232 34
579 13
398 34
652 34
457 34
370 34
218 34
422 34
116 34
145 13
262 13
212 34
590 34
642 13
632 34
248 13
392 13
470 34
429 34
195 34
221 34
65 13
209 34
643 34
493 34
305 34
434 34
291 34
83 34
210 34
321 13
163 13
342 34
261 34
664 34
296 34
592 13
204 34
310 34
482 34
640 34
130 13
610 34
36 34
624 34
344 34
341 34
497 13
193 34
228 13
47 34
304 34
144 34
469 34
266 34
276 0
184 34
18 34
388 34
506 34
442 34
198 34
512 34
407 34
51 13
314 34
28 34
474 34
438 34
550 34
223 34
325 34
366 34
306 34
525 34
441 34
67 34
152 34
393 41
208 34
91 13
451 34
77 34
365 34
118 34
98 34
596 34
230 34
381 34
115 34
105 34
141 34
644 41
369 13
107 8
667 34
178 13
546 34
215 34
540 34
235 13
509 34
205 34
224 34
45 34
124 34
46 34
524 34
653 34
523 34
64 34
399 34
126 34
58 34
57 34
302 34
157 34
618 34
293 34
499 34
384 13
360 41
542 34
96 34
539 34
288 41
100 34
23 34
34 34
561 34
588 34
150 34
267 13
253 34
481 41
439 34
106 34
510 8
70 34
2 34
136 34
495 34
156 34
448 13
19 34
353 34
562 34
166 34
338 34
290 34
239 34
197 34
436 34
323 41
81 13
89 34
611 34
622 34
503 41
275 34
121 34
3 34
127 34
544 34
27 34
420 34
391 34
394 34
187 34
94 34
507 34
236 41
486 13
62 41
74 34
557 34
301 13
435 34
200 34
476 34
621 13
309 34
32 34
101 41
29 34
580 34
147 34
466 34
415 34
245 34
609 41
319 34
533 34
43 13
41 34
252 41
444 13
214 13
26 34
355 34
102 34
14 34
587 34
9 34
374 34
635 34
595 34
186 34
483 41
418 34
431 34
449 34
255 34
553 41
53 34
194 34
241 41
389 13
602 34
455 34
395 41
480 13
357 34
159 34
549 34
55 34
376 34
142 34
162 13
491 13
522 34
120 34
581 34
79 34
517 34
84 34
556 34
85 34
568 34
322 41
641 41
132 34
190 34
471 41
572 34
473 34
417 34
477 34
604 34
626 34
336 13
287 34
458 34
227 34
367 41
281 34
339 34
427 34
220 34
219 34
583 34
372 34
478 41
552 41
20 34
390 34
38 13
52 34
243 34
138 34
191 34
61 34
566 41
330 34
402 34
411 34
567 34
320 34
648 13
437 34
308 41
639 34
146 34
24 41
173 34
515 34
155 41
174 41
647 41
328 34
149 34
617 34
623 34
593 41
340 34
240 34
244 34
76 34
591 34
519 41
11 34
537 34
37 41
453 34
456 34
633 34
463 34
597 34
324 34
409 34
259 34
559 8
368 13
225 41
211 41
504 34
603 34
292 34
250 34
78 41
612 34
614 34
560 34
50 34
397 34
545 8
606 41
629 41
419 41
408 34
660 41
430 41
601 13
377 41
30 34
109 41
541 34
206 34
40 34
358 41
364 34
247 13
619 34
4 41
303 34
161 13
237 34
269 34
634 34
140 34
574 41
171 34
584 13
405 0
128 34
179 34
594 41
280 8
492 34
125 34
279 34
410 41
268 41
7 13
299 34
433 34
385 34
578 34
264 34
246 13
532 34
650 8
472 41
170 34
461 41
459 13
137 41
134 34
331 34
133 13
494 34
201 13
207 34
271 41
289 41
625 34
508 34
600 34
386 34
185 34
616 13
628 34
168 34
485 34
569 34
203 41
108 34
501 34
502 34
95 34
598 41
663 34
362 34
666 34
558 34
380 34
277 34
334 34
318 34
33 13
387 34
295 41
659 34
383 41
535 34
348 34
638 34
160 13
286 34
529 34
531 41
48 34
403 34
135 13
242 13
285 41
158 34
44 13
620 41
337 34
346 34
92 41
526 41
87 34
317 13
270 34
176 34
511 34
183 34
80 34
73 34
460 13
298 34
516 34
662 34
657 34
181 34
423 34
119 34
8 8
249 34
440 41
139 41
15 13
233 34
13 13
536 34
226 34
143 34
551 41
172 41
605 34
443 34
35 34
585 34
468 34
315 34
421 8
345 41
104 34
615 13
450 34
416 34
613 34
514 41
86 34
148 13
234 34
17 34
373 34
349 34
646 34
343 34
265 34
500 34
111 34
496 34
112 13
90 34
563 34
56 41
278 41
484 41
153 34
196 34
445 34
521 13
189 13
375 34
123 34
649 13
586 34
5 34
263 34
66 34
251 41
88 34
213 34
658 41
49 34
177 34
452 34
571 41
356 34
329 34
543 34
180 34
326 34
576 41
637 34
312 34
661 13
192 41
22 34
575 34
631 34
589 41
294 34
332 34
350 34
513 34
651 34
379 34
6 34
82 41
599 34
555 0
1 34
425 34
554 34
300 34
283 34
273 34
534 41
530 34
0 34
335 34
352 13
518 13
371 34
630 34
570 41
656 41
404 34
169 41
577 34
68 41
479 34
487 34
72 34
316 34
538 34
462 13
665 34
129 34
446 41
151 34
165 34
167 34
347 41
351 34
188 8
60 13
231 13
396 34
199 34
42 13
363 8
31 34
400 34
354 41
16 41
413 34
573 13
97 13
527 34
464 34
465 34
274 41
608 8
547 41
284 34
668 34
131 13
54 34
475 34
103 41
238 41
114 34
636 34
382 34
565 34
505 41
654 41
327 34
71 8
467 34
256 13
254 34
229 34
217 34
216 34
378 41
260 8
182 34
307 13
426 34
498 34
490 8
582 34
645 0
548 34
361 41
447 41
113 34
110 34
432 34
257 8
164 41
93 13
406 34
63 34
489 34
282 13
428 41
59 34
313 41
25 8
21 34
297 34
12 34
10 34
258 34
607 8
655 34
627 34
39 34
424 34
520 34
311 13
run time cost of algorithm DRT_BD is 0.247742seconds
