4441400 97 16
692 0
232 0
347 0
315 0
655 0
96 0
362 0
369 0
138 0
261 0
683 0
630 0
571 0
468 0
223 0
158 0
606 0
191 0
135 0
262 0
752 0
35 34
580 0
200 0
618 0
520 0
625 0
395 0
432 0
459 0
81 0
278 0
590 0
503 0
150 0
397 0
516 0
438 0
132 0
184 0
415 0
283 0
768 0
222 0
53 0
501 0
584 0
108 0
146 0
91 0
361 0
632 0
616 0
569 0
237 0
440 0
157 0
428 0
255 0
256 0
169 0
741 0
528 0
72 0
356 0
775 0
447 0
437 0
61 0
538 0
411 0
114 0
406 0
301 0
188 0
180 34
127 0
715 0
37 0
277 0
174 0
767 0
609 0
525 0
389 0
264 0
342 0
322 0
113 0
274 0
414 0
66 0
206 0
33 0
474 0
227 0
659 0
247 0
263 0
109 0
410 0
359 0
177 0
335 0
476 0
229 0
449 0
628 0
214 0
534 0
693 0
189 0
749 0
176 0
751 0
299 0
187 0
121 0
518 0
539 0
236 0
422 0
115 0
393 0
614 0
332 0
102 0
168 0
193 0
85 0
17 0
589 0
462 34
471 0
759 34
718 0
234 34
139 34
567 0
304 34
196 0
773 0
726 0
245 0
663 0
473 3
507 0
717 0
366 0
502 0
698 0
615 0
257 0
491 0
266 0
679 0
617 0
326 0
316 0
705 0
348 0
13 0
550 0
436 0
734 0
537 0
313 0
524 0
378 0
31 0
162 0
450 3
530 0
701 0
621 0
117 0
88 34
527 0
48 0
317 0
485 0
204 34
711 0
635 0
5 0
321 0
729 0
703 0
345 0
458 0
660 0
588 0
573 0
687 0
352 0
455 0
154 0
546 0
20 0
500 0
388 0
25 0
511 0
554 0
112 0
413 0
329 0
338 0
364 0
582 0
492 0
77 0
205 0
143 0
443 0
268 3
542 0
642 0
212 0
739 3
118 3
297 0
119 0
380 0
60 0
226 0
293 0
700 3
376 0
64 0
110 0
733 0
765 0
658 0
613 34
16 0
774 0
355 0
772 0
533 0
526 0
287 0
179 0
9 0
22 0
673 0
704 0
429 0
300 34
427 0
702 0
129 0
665 0
670 0
367 34
645 0
314 0
8 0
499 0
570 0
482 0
591 0
467 0
56 0
38 0
1 0
425 0
124 3
607 0
583 0
101 3
92 0
272 0
531 0
309 3
685 0
697 0
746 0
371 0
477 3
750 0
216 0
57 0
292 0
463 0
706 0
289 0
732 0
259 0
594 0
382 0
58 0
219 0
281 3
720 3
192 0
11 0
758 0
453 0
265 3
128 3
246 0
480 3
725 0
762 0
270 0
98 0
276 3
636 0
514 0
90 0
358 0
657 0
29 0
275 0
714 0
626 0
623 0
490 0
601 0
267 3
651 0
44 0
125 0
640 3
695 0
208 0
346 0
23 0
441 0
407 0
457 0
535 3
777 0
556 0
620 0
408 0
666 0
328 0
604 0
271 0
183 0
488 0
747 0
350 0
373 0
211 0
682 0
610 0
198 0
728 0
105 0
493 0
95 0
479 0
312 0
220 0
46 0
201 0
250 0
439 0
559 3
709 0
305 0
671 0
131 0
288 0
195 0
175 34
103 0
654 34
298 0
664 0
99 0
487 0
65 0
541 0
529 0
78 0
652 0
445 0
126 0
383 0
384 0
67 0
678 0
80 0
690 0
631 0
722 0
249 0
572 0
12 0
224 0
681 0
674 0
171 0
433 0
557 0
294 0
505 0
30 0
153 0
742 0
637 0
736 0
357 34
181 0
498 0
279 0
51 0
409 0
721 0
120 34
303 3
597 0
568 3
116 0
608 0
743 0
295 3
512 34
552 0
738 0
341 0
231 3
691 0
182 0
243 0
3 0
377 0
340 0
213 0
354 0
194 3
375 0
374 0
284 0
324 3
469 3
228 0
661 3
327 0
456 3
696 3
532 0
624 0
148 0
107 0
677 0
587 0
638 3
155 0
161 0
513 0
339 0
419 0
420 34
52 0
689 0
565 0
252 0
10 0
45 0
159 3
209 3
644 3
273 0
391 0
240 0
14 0
592 0
15 0
251 0
431 0
605 34
731 34
769 0
478 0
735 3
18 0
770 3
418 3
387 3
648 0
452 0
593 0
47 0
483 0
163 34
486 0
83 0
50 0
650 34
634 0
291 34
235 0
97 0
167 0
763 0
403 34
145 0
764 0
280 0
686 0
40 0
563 0
68 0
497 0
400 0
761 0
684 0
149 3
585 3
260 0
595 0
24 0
754 0
164 0
217 0
178 3
63 0
506 0
430 0
667 0
385 0
156 3
412 0
202 0
760 3
472 0
475 0
100 0
646 0
629 0
627 3
643 0
372 0
147 0
74 0
669 0
258 0
555 0
290 0
602 0
576 0
540 0
79 0
484 0
417 0
269 0
130 0
519 0
123 3
386 3
54 34
86 3
186 0
336 0
579 0
308 0
170 3
230 0
134 0
454 0
160 34
185 0
2 0
140 3
75 0
446 0
28 0
672 3
574 0
381 34
543 0
612 3
716 0
694 34
141 3
489 0
460 0
320 34
464 0
331 0
577 34
727 3
402 0
55 3
360 0
26 0
448 0
241 0
218 0
748 0
351 0
641 3
547 0
639 0
405 0
776 0
337 0
203 0
165 0
398 0
42 0
254 0
73 0
41 3
151 0
465 0
82 0
344 0
166 0
603 0
713 0
239 0
451 34
199 0
771 0
564 0
89 0
622 3
551 0
757 0
71 0
653 0
737 0
39 0
707 0
461 0
424 0
510 0
575 0
210 0
633 0
495 0
744 0
562 0
104 0
558 0
106 0
93 0
442 3
302 0
111 3
662 0
325 3
349 0
688 0
379 0
4 0
724 0
598 0
611 0
32 0
578 0
59 0
756 3
282 0
494 0
466 0
137 0
444 0
522 0
508 0
404 0
307 0
421 0
423 34
368 0
253 0
392 0
740 0
334 0
675 0
190 0
560 0
215 0
225 0
244 3
401 3
306 0
647 34
755 0
69 3
434 0
668 0
481 0
515 3
719 0
49 0
394 0
21 0
70 3
133 0
365 0
599 0
426 0
745 0
363 0
7 3
581 0
470 0
221 0
62 3
566 0
6 0
34 3
353 3
504 3
323 0
318 0
370 0
286 34
399 34
122 0
600 3
435 0
248 3
521 0
152 0
0 0
523 0
330 0
509 0
142 0
676 0
84 0
319 0
144 0
712 0
87 3
536 0
710 3
197 0
36 0
561 0
517 34
680 0
94 0
43 3
19 0
596 0
416 0
285 0
173 3
553 0
76 0
396 0
548 0
723 0
136 0
656 3
233 0
545 0
27 3
172 0
619 0
708 0
586 3
390 0
333 34
649 0
766 0
311 34
343 0
549 3
753 0
296 0
544 0
242 0
238 0
310 0
699 0
730 0
207 0
496 0
run time cost of algorithm DRT_BD is 0.234986seconds
