2670800 170 41
20 25
501 25
98 25
447 25
579 25
281 25
396 25
218 34
164 25
312 25
358 25
203 25
177 25
188 25
591 25
342 25
595 9
323 9
589 25
167 25
0 25
21 25
317 25
214 25
156 25
25 25
150 25
295 34
408 25
430 41
272 25
436 25
261 25
240 25
570 41
495 9
256 25
44 25
563 25
555 25
562 25
90 25
27 25
309 41
89 34
303 34
46 25
136 25
400 25
302 25
151 25
567 9
124 25
224 25
4 25
226 25
155 25
360 25
438 25
356 25
348 25
572 25
62 25
521 25
61 25
426 25
533 25
186 25
1 25
143 34
92 25
245 25
564 9
569 25
476 9
551 25
324 25
77 25
321 34
208 41
478 25
39 25
209 41
79 25
137 25
134 25
249 25
331 25
149 25
28 25
375 25
279 25
70 25
596 41
221 25
56 25
24 25
461 25
371 25
587 25
110 25
179 25
442 41
445 25
172 25
111 25
289 25
178 25
314 25
547 25
135 25
404 25
409 25
58 25
270 25
397 25
80 9
332 25
6 41
464 9
347 25
285 25
431 9
433 25
526 25
541 41
169 25
497 25
492 25
449 25
130 25
543 25
401 25
328 25
76 25
453 41
102 34
444 25
246 41
415 9
144 25
248 25
42 9
353 25
539 25
271 25
274 25
520 25
510 25
338 9
166 25
202 25
316 25
499 25
212 34
429 25
598 25
486 41
500 25
503 25
84 9
322 25
162 25
163 8
473 25
471 25
301 25
469 25
168 25
504 41
593 41
355 25
574 9
131 34
351 25
456 25
350 25
590 41
103 34
450 25
180 25
138 25
175 34
2 9
613 25
234 25
19 41
603 41
57 25
291 25
125 25
23 25
192 41
216 25
392 25
601 41
480 25
82 25
161 25
83 41
597 25
119 25
391 25
117 25
550 25
10 34
206 25
369 25
181 9
258 25
85 25
313 41
580 41
536 25
477 25
422 25
389 25
306 41
7 34
379 25
54 25
333 25
222 9
582 41
407 9
112 41
388 34
530 25
575 41
527 41
189 41
187 25
381 25
148 25
298 34
152 25
87 34
319 25
446 25
12 34
467 25
241 25
199 25
252 25
545 34
204 41
363 25
330 25
614 41
387 25
3 25
227 25
475 25
305 25
75 9
65 25
242 25
43 25
239 25
508 25
367 9
238 25
493 25
104 9
165 9
516 41
277 9
29 34
233 41
273 25
345 41
534 25
434 9
577 25
32 25
71 41
26 34
573 25
517 25
327 25
325 25
231 34
364 34
494 9
101 9
45 25
211 25
459 25
373 34
463 41
133 9
304 25
300 41
299 34
556 34
390 25
63 9
432 41
120 25
611 25
413 9
361 25
416 41
472 41
420 25
268 25
524 25
31 25
538 41
455 41
435 25
232 41
284 25
205 25
315 25
553 25
251 25
519 25
354 25
378 25
460 25
514 25
428 25
59 9
292 25
185 41
108 25
403 25
335 34
276 25
405 25
129 34
531 34
441 41
275 25
109 25
257 41
599 25
518 25
507 25
602 34
528 25
36 25
215 25
344 25
362 34
282 25
376 25
64 41
14 41
176 25
542 25
193 41
386 41
210 25
294 25
605 25
140 25
67 25
417 41
60 25
559 25
311 25
157 25
22 41
30 25
262 41
339 25
336 25
505 25
498 25
535 25
237 25
584 25
40 34
609 25
594 25
223 25
474 41
418 41
394 25
552 37
557 41
228 41
458 25
424 34
484 25
16 25
146 25
462 37
247 25
147 25
318 25
260 25
217 25
95 41
153 25
198 25
506 41
94 25
265 25
529 25
470 9
267 34
439 25
158 41
406 25
437 25
191 25
581 41
88 9
115 25
549 41
118 25
296 41
576 41
229 41
490 41
254 34
419 25
525 9
558 25
544 41
466 9
585 25
139 25
197 41
578 25
414 25
607 41
230 25
132 25
340 25
13 25
366 41
126 25
280 38
9 41
297 25
69 25
443 41
194 41
195 34
219 25
93 25
565 25
184 25
479 9
482 25
50 25
491 25
395 25
74 25
100 34
160 34
509 41
487 41
255 25
182 34
213 25
17 41
451 38
566 25
47 41
359 25
454 25
35 34
513 25
411 41
488 41
288 25
546 25
592 25
91 41
293 25
399 41
604 41
154 34
78 25
372 25
402 41
515 25
128 41
263 25
398 41
393 25
259 25
496 25
196 9
141 41
201 25
384 25
511 25
586 25
489 25
368 25
171 41
121 25
346 25
343 25
81 25
522 25
337 25
113 25
66 25
220 25
55 41
583 41
107 25
468 25
99 34
457 25
97 25
41 25
244 25
122 25
68 41
329 34
73 25
326 41
374 34
250 9
377 41
523 25
310 25
142 41
548 25
253 34
48 25
106 41
608 9
114 25
170 25
425 9
11 25
235 41
269 25
537 25
502 25
341 25
283 9
72 25
287 41
49 25
357 25
568 25
159 25
37 25
483 41
15 41
410 25
290 38
96 25
308 25
554 34
18 41
383 25
207 25
380 25
243 25
560 41
465 25
452 41
38 25
123 41
485 25
365 34
421 25
105 25
532 25
53 25
51 25
349 41
512 34
307 25
352 9
174 25
481 25
183 25
448 25
440 41
266 41
34 41
8 25
200 25
320 25
561 9
52 25
588 25
540 25
145 41
423 25
127 41
412 41
225 41
286 41
385 34
427 38
278 41
382 9
600 41
173 41
236 9
5 41
116 41
190 41
606 38
264 41
334 41
571 41
610 9
86 41
612 41
33 9
370 41
run time cost of algorithm DRT_AG is 0.004528seconds
