357400 109 64
39 34
45 34
74 34
82 34
32 34
73 34
55 34
48 34
81 34
22 34
83 34
80 0
96 34
44 34
41 34
72 34
94 34
21 34
63 34
50 34
91 34
11 34
15 34
92 34
49 34
38 34
57 34
20 34
6 34
87 34
86 34
97 24
98 34
36 34
37 0
90 34
89 34
46 34
99 34
43 0
19 34
76 34
2 24
84 34
30 24
28 34
10 24
7 34
60 34
66 24
18 34
78 34
9 24
61 34
69 34
42 34
26 34
93 34
52 34
71 24
35 34
85 34
8 34
34 24
12 34
1 24
101 24
100 24
0 34
95 34
62 34
16 34
23 34
88 8
54 34
25 34
14 24
58 34
51 0
65 34
17 34
68 0
67 0
77 24
79 0
33 24
75 24
40 34
59 0
29 0
27 34
56 34
70 0
64 34
5 34
4 34
53 34
24 24
13 34
3 34
31 0
47 34
run time cost of algorithm DRT_BD is 0.011455seconds
