1359600 120 42
85 25
32 25
89 25
20 25
64 25
126 41
22 25
19 25
8 25
51 25
28 25
27 25
30 25
16 25
47 25
94 25
23 25
43 25
122 25
90 25
4 25
132 25
80 25
129 25
119 25
120 25
93 25
1 25
26 25
36 25
60 34
25 25
62 41
131 25
81 25
86 41
135 41
56 25
0 25
121 41
123 25
69 25
5 34
44 25
10 41
116 25
38 25
17 41
87 25
111 25
138 41
21 41
83 25
7 25
100 25
54 25
130 25
59 34
34 41
11 34
117 25
48 25
88 9
3 25
96 41
66 25
52 25
133 34
73 25
45 25
98 25
63 25
57 25
55 9
110 37
18 25
67 25
109 34
84 25
107 34
58 41
70 25
71 41
78 25
37 41
72 37
53 25
134 25
114 25
97 25
74 25
105 25
99 25
136 41
13 25
101 41
103 41
9 34
68 9
24 41
40 41
61 25
2 25
139 25
95 25
77 34
104 25
125 25
31 25
118 41
108 25
42 25
127 41
102 25
39 9
41 9
112 38
124 25
128 25
91 9
29 41
106 25
6 37
50 25
76 25
65 25
92 41
79 25
113 25
12 41
46 25
115 25
35 25
33 9
82 25
137 41
75 25
15 25
14 9
49 25
run time cost of algorithm DRT_AG is 0.00042seconds
