7582400 159 68
0 0
1 0
2 34
3 49
4 34
5 49
6 49
7 49
8 34
9 29
10 49
11 34
12 34
13 29
14 49
15 49
16 49
17 49
18 49
19 34
20 29
21 49
22 34
23 29
24 49
25 49
26 29
27 29
28 49
29 29
30 29
31 29
32 49
33 34
34 34
35 34
36 34
37 29
38 29
39 49
40 29
41 49
42 29
43 29
44 29
45 49
46 29
47 49
48 29
49 0
50 29
51 29
52 29
53 29
54 29
55 29
56 29
57 49
58 34
59 29
60 49
61 34
62 29
63 49
64 49
65 34
66 29
67 49
68 29
69 49
70 0
71 49
72 49
73 29
74 34
75 49
76 29
77 49
78 49
79 29
80 49
81 29
82 34
83 29
84 34
85 49
86 29
87 29
88 49
89 34
90 29
91 29
92 29
93 49
94 34
95 29
96 49
97 29
98 34
99 34
100 49
101 29
102 0
103 34
104 49
105 49
106 29
107 49
108 29
109 29
110 34
111 29
112 34
113 29
114 49
115 29
116 49
117 29
118 49
119 29
120 49
121 34
122 29
123 49
124 29
125 49
126 49
127 49
128 49
129 34
130 0
131 34
132 29
133 49
134 34
135 29
136 49
137 34
138 29
139 34
140 29
141 34
142 29
143 29
144 29
145 49
146 34
147 29
148 34
149 49
150 49
151 34
152 49
153 34
154 49
155 49
156 34
157 49
158 49
159 34
160 29
161 34
162 49
163 49
164 29
165 49
166 29
167 29
168 49
169 49
170 49
171 49
172 34
173 49
174 49
175 29
176 29
177 0
178 49
179 29
180 34
181 49
182 34
183 34
184 0
185 49
186 29
187 49
188 49
189 29
190 49
191 49
192 34
193 34
194 34
195 49
196 49
197 49
198 34
199 49
200 29
201 34
202 29
203 49
204 34
205 34
206 49
207 49
208 49
209 29
210 34
211 34
212 29
213 34
214 29
215 29
216 34
217 34
218 49
219 49
220 49
221 49
222 29
223 49
224 34
225 29
226 34
227 49
228 29
229 34
230 29
231 49
232 49
233 29
234 34
235 49
236 29
237 49
238 29
239 29
240 34
241 49
242 29
243 49
244 29
245 34
246 49
247 49
248 34
249 49
250 29
251 34
252 29
253 29
254 29
255 49
256 29
257 49
258 49
259 0
260 49
261 29
262 29
263 34
264 29
265 0
266 49
267 49
268 34
269 29
270 29
271 29
272 34
273 29
274 34
275 29
276 34
277 49
278 29
279 34
280 49
281 49
282 49
283 49
284 49
285 34
286 29
287 29
288 49
289 29
290 29
291 34
292 34
293 49
294 34
295 29
296 29
297 49
298 29
299 29
300 49
301 49
302 29
303 34
304 29
305 49
306 49
307 29
308 49
309 29
310 29
311 29
312 29
313 49
314 29
315 49
316 34
317 0
318 49
319 29
320 49
321 29
322 29
323 49
324 29
325 49
326 49
327 49
328 49
329 29
330 34
331 29
332 29
333 29
334 29
335 49
336 49
337 29
338 29
339 34
340 49
341 29
342 29
343 49
344 34
345 49
346 49
347 49
348 34
349 29
350 34
351 29
352 29
353 34
354 49
355 34
356 34
357 49
358 49
359 34
360 49
361 29
362 49
363 29
364 34
365 34
366 29
367 34
368 29
369 29
370 34
371 29
372 34
373 29
374 49
375 34
376 34
377 29
378 34
379 34
380 29
381 29
382 29
383 34
384 29
385 49
386 34
387 29
388 29
389 29
390 29
391 49
392 49
393 49
394 8
395 29
396 29
397 49
398 49
399 49
400 49
401 29
402 49
403 34
404 34
405 49
406 34
407 49
408 34
409 49
410 34
411 49
412 34
413 29
414 29
415 49
416 34
417 49
418 49
419 49
420 49
421 49
422 29
423 34
424 49
425 34
426 29
427 29
428 49
429 34
430 49
431 49
432 49
433 49
434 0
435 29
436 29
437 49
438 49
439 34
440 49
441 49
442 49
443 29
444 49
445 49
446 34
447 49
448 49
449 49
450 49
451 49
452 29
453 34
454 49
455 49
456 29
457 29
458 29
459 49
460 29
461 34
462 29
463 49
464 29
465 49
466 49
467 49
468 49
469 0
470 49
471 29
472 34
473 29
474 29
475 34
476 49
477 49
478 29
479 29
480 34
481 34
482 49
483 34
484 49
485 34
486 29
487 0
488 34
489 34
490 49
491 29
492 29
493 29
494 29
495 34
496 0
497 49
498 49
499 49
500 49
501 34
502 29
503 49
504 49
505 49
506 0
507 29
508 0
509 29
510 29
511 34
512 49
513 29
514 34
515 29
516 29
517 49
518 49
519 34
520 49
521 34
522 34
523 34
524 34
525 34
526 34
527 29
528 29
529 29
530 29
531 29
532 49
533 49
534 0
535 34
536 34
537 0
538 29
539 34
540 29
541 34
542 49
543 29
544 29
545 29
546 29
547 29
548 34
549 49
550 29
551 49
552 49
553 49
554 29
555 49
556 29
557 49
558 34
559 34
560 34
561 29
562 29
563 29
564 29
565 34
566 29
567 49
568 34
569 0
570 29
571 49
572 49
573 29
574 29
575 49
576 49
577 49
578 49
579 49
580 49
581 29
582 29
583 34
584 34
585 29
586 49
587 34
588 29
589 0
590 49
591 34
592 29
593 0
594 49
595 29
596 49
597 29
598 49
599 29
600 29
601 29
602 0
603 49
604 29
605 34
606 29
607 34
608 29
609 29
610 0
611 29
612 34
613 34
614 34
615 29
616 49
617 49
618 41
619 49
620 49
621 49
622 34
623 29
624 1
625 29
626 0
627 29
628 0
629 49
630 49
631 34
632 34
633 49
634 29
635 29
636 41
637 34
638 34
639 49
640 49
641 34
642 34
643 34
644 49
645 29
646 49
647 29
648 0
649 34
650 0
651 49
652 34
653 34
654 49
655 49
656 34
657 34
658 49
659 0
660 49
661 34
662 0
663 34
664 0
665 34
666 49
667 34
668 49
669 34
670 34
671 49
672 49
673 49
674 49
675 8
676 34
677 34
678 49
679 34
680 34
681 49
682 0
683 49
684 34
685 0
686 49
687 49
688 49
689 34
690 34
691 34
692 49
693 49
694 49
695 41
696 34
697 49
698 34
699 49
700 34
701 41
702 34
703 34
704 34
705 34
706 49
707 49
708 34
709 34
710 34
711 34
712 34
713 34
714 29
715 0
716 49
717 34
718 34
719 41
720 34
721 34
722 0
723 34
724 41
725 34
726 34
727 34
728 34
729 34
730 34
731 41
732 34
733 8
734 34
735 0
736 0
737 41
738 41
739 41
740 41
741 41
742 41
743 0
744 41
745 29
746 41
747 0
748 41
749 41
750 41
751 49
752 41
753 41
754 41
755 41
756 41
757 41
758 0
759 41
760 41
761 41
762 41
763 41
764 41
765 41
766 41
767 41
768 41
769 41
770 41
771 41
772 41
773 41
774 41
775 41
776 41
777 41
778 41
779 41
780 41
781 41
782 41
783 41
784 29
785 41
786 41
787 41
788 41
789 41
790 41
791 41
792 41
793 41
794 8
795 41
796 41
797 41
798 41
799 34
800 41
801 41
802 41
803 41
804 41
805 41
806 0
807 41
808 41
809 41
810 41
811 41
812 41
813 41
814 41
815 0
816 41
817 8
818 41
819 41
820 41
821 41
822 41
823 41
824 41
825 41
826 49
827 41
828 41
829 41
830 41
831 41
832 41
833 49
834 41
835 8
836 34
837 41
838 41
839 41
840 41
841 41
842 41
843 41
844 41
845 41
846 0
847 41
848 41
849 0
850 41
851 41
852 41
853 41
854 41
855 41
856 41
857 41
858 41
859 41
run time cost of algorithm SM_CTP is 2.70789seconds
