1654000 109 67
308 34
419 34
2 34
322 34
45 34
97 34
280 34
390 34
113 34
335 34
380 34
215 34
348 34
377 34
155 34
439 34
378 34
177 34
354 34
153 0
372 34
144 34
50 34
426 34
69 34
86 34
224 34
133 34
432 34
395 34
122 34
283 25
35 34
33 34
388 0
250 0
442 0
117 34
392 34
394 34
40 34
383 34
87 34
355 34
77 34
4 34
24 34
314 34
23 34
63 34
206 34
369 25
119 34
245 34
5 34
325 34
261 34
216 34
1 0
211 34
67 34
356 0
264 34
357 34
359 34
311 34
438 34
275 34
441 0
114 34
118 8
26 34
444 34
82 34
423 34
382 34
400 34
182 34
203 0
328 34
353 25
168 34
199 34
100 34
310 25
351 34
307 34
246 34
282 34
213 34
253 34
9 34
339 34
78 34
340 34
222 34
344 34
420 34
184 34
332 34
57 34
101 34
329 34
30 34
194 0
188 34
418 34
312 34
32 34
440 34
74 34
337 34
240 34
242 34
8 34
186 34
34 34
109 34
212 34
70 0
362 34
19 25
374 34
279 34
334 25
227 34
68 34
170 34
262 34
364 34
160 34
209 34
207 34
391 34
44 34
373 25
36 34
252 34
60 25
278 34
421 34
327 34
434 34
174 34
84 34
228 34
331 25
147 34
412 34
273 34
361 25
80 34
343 34
255 34
99 34
435 34
425 34
14 34
103 34
229 34
130 25
422 34
162 34
258 34
295 34
143 34
135 0
140 34
430 34
195 34
247 34
428 34
210 0
318 34
20 34
175 0
41 25
323 34
294 34
156 34
349 34
427 34
316 34
370 34
251 34
138 34
136 34
58 34
241 25
43 34
42 0
256 34
0 34
285 34
266 25
115 34
196 34
98 25
272 34
125 34
200 34
129 34
202 25
274 34
22 34
232 34
110 25
402 34
12 34
315 34
345 34
89 34
415 34
191 34
333 25
166 34
37 34
128 0
243 34
301 8
437 25
27 25
88 34
236 34
233 34
403 34
371 34
178 34
52 34
386 34
284 25
259 25
192 34
291 34
190 34
83 34
157 34
367 34
385 34
431 25
102 34
292 34
181 34
189 8
336 34
304 0
299 34
29 34
126 0
305 34
164 34
53 0
271 34
218 34
92 34
139 34
320 34
347 25
350 34
231 34
360 25
59 34
107 25
263 34
171 34
193 34
287 0
306 34
254 25
201 34
270 34
56 34
169 25
127 34
72 34
429 34
159 34
25 25
73 25
406 25
6 25
238 25
338 25
235 34
341 34
148 25
375 34
384 34
142 34
230 34
290 25
424 34
221 34
90 34
410 34
296 34
381 34
387 25
172 34
121 34
120 34
352 34
198 8
398 34
397 34
346 34
13 34
104 0
260 34
223 34
358 25
163 25
389 25
95 34
433 34
297 34
31 34
396 8
244 25
48 25
75 25
269 34
277 34
281 25
249 25
443 25
411 8
368 34
55 34
205 34
106 34
407 34
405 34
401 25
393 34
93 8
289 34
21 34
234 34
237 25
317 25
413 34
96 34
309 34
288 25
7 25
208 34
108 34
141 0
154 34
365 34
64 34
105 34
219 34
268 34
197 34
145 25
276 25
137 25
445 34
167 34
302 34
11 34
17 34
18 25
179 34
313 34
293 8
286 34
76 34
265 0
79 34
225 34
217 34
214 34
112 25
124 25
303 25
300 34
176 34
366 25
298 34
47 25
376 8
123 25
416 34
183 25
81 34
91 0
248 34
149 34
326 34
342 34
10 34
15 34
16 34
239 25
363 25
161 34
132 25
28 34
257 34
49 34
51 34
66 34
330 34
267 34
180 25
408 34
379 34
152 34
226 25
71 25
399 34
85 25
404 34
116 34
38 34
65 34
321 34
62 34
61 25
185 34
151 34
131 34
46 34
417 25
146 8
94 25
173 34
187 34
54 8
111 34
319 34
39 34
158 34
414 0
324 34
134 25
204 34
436 34
220 25
409 34
150 34
165 34
3 34
run time cost of algorithm DRT_BD is 0.127624seconds
