2504400 109 70
0 41
1 41
2 41
3 41
4 41
5 34
6 41
7 41
8 41
9 41
10 41
11 41
12 41
13 41
14 41
15 41
16 41
17 41
18 41
19 41
20 41
21 41
22 41
23 41
24 41
25 41
26 41
27 41
28 41
29 41
30 41
31 41
32 41
33 41
34 0
35 41
36 34
37 41
38 34
39 41
40 41
41 34
42 41
43 41
44 34
45 41
46 41
47 41
48 41
49 41
50 0
51 41
52 41
53 41
54 41
55 41
56 41
57 34
58 41
59 41
60 41
61 41
62 41
63 41
64 34
65 41
66 41
67 0
68 41
69 41
70 41
71 41
72 41
73 41
74 41
75 41
76 41
77 34
78 34
79 41
80 41
81 41
82 41
83 41
84 34
85 0
86 34
87 41
88 41
89 41
90 41
91 41
92 41
93 0
94 41
95 41
96 0
97 34
98 41
99 41
100 41
101 41
102 41
103 41
104 41
105 41
106 41
107 41
108 41
109 0
110 41
111 41
112 41
113 41
114 41
115 41
116 41
117 41
118 41
119 41
120 41
121 0
122 41
123 41
124 41
125 41
126 41
127 41
128 41
129 41
130 41
131 41
132 41
133 41
134 41
135 41
136 34
137 41
138 41
139 41
140 34
141 41
142 41
143 41
144 41
145 34
146 41
147 41
148 41
149 41
150 41
151 41
152 41
153 41
154 34
155 34
156 41
157 41
158 34
159 41
160 41
161 41
162 41
163 41
164 41
165 34
166 41
167 0
168 41
169 41
170 41
171 34
172 34
173 41
174 41
175 41
176 41
177 41
178 41
179 41
180 41
181 34
182 41
183 41
184 41
185 41
186 41
187 41
188 41
189 41
190 41
191 41
192 41
193 24
194 41
195 41
196 41
197 34
198 41
199 41
200 41
201 0
202 41
203 41
204 41
205 41
206 41
207 41
208 41
209 34
210 34
211 41
212 41
213 41
214 41
215 41
216 0
217 41
218 41
219 41
220 41
221 41
222 41
223 41
224 41
225 41
226 0
227 41
228 41
229 41
230 41
231 41
232 41
233 41
234 41
235 41
236 41
237 41
238 41
239 41
240 41
241 41
242 41
243 41
244 41
245 41
246 41
247 41
248 41
249 34
250 34
251 41
252 41
253 41
254 41
255 1
256 41
257 41
258 41
259 41
260 41
261 41
262 41
263 41
264 41
265 41
266 41
267 34
268 41
269 41
270 41
271 41
272 41
273 41
274 41
275 41
276 41
277 41
278 41
279 41
280 34
281 41
282 41
283 41
284 41
285 41
286 0
287 41
288 0
289 41
290 41
291 41
292 41
293 41
294 34
295 41
296 34
297 41
298 41
299 41
300 41
301 34
302 41
303 41
304 41
305 41
306 41
307 41
308 41
309 41
310 41
311 41
312 34
313 34
314 41
315 41
316 41
317 41
318 41
319 41
320 41
321 41
322 41
323 41
324 41
325 34
326 41
327 34
328 41
329 34
330 34
331 41
332 41
333 41
334 0
335 41
336 34
337 41
338 41
339 41
340 41
341 41
342 41
343 41
344 34
345 41
346 34
347 41
348 41
349 41
350 41
351 41
352 41
353 34
354 41
355 34
356 41
357 0
358 41
359 34
360 34
361 34
362 41
363 34
364 41
365 41
366 34
367 41
368 0
369 41
370 34
371 41
372 41
373 34
374 41
375 41
376 41
377 34
378 34
379 41
380 41
381 41
382 34
383 0
384 34
385 41
386 0
387 34
388 41
389 41
390 41
391 41
392 41
393 41
394 41
395 41
396 34
397 41
398 41
399 41
400 24
401 41
402 41
403 41
404 41
405 41
406 0
407 41
408 41
409 41
410 41
411 41
412 0
413 41
414 41
415 34
416 41
417 41
418 41
419 41
420 34
421 41
422 41
423 41
424 1
425 34
426 34
427 41
428 34
429 41
430 41
431 41
432 41
433 41
434 41
435 41
436 41
437 41
438 34
439 41
440 41
441 41
442 41
443 41
444 34
445 41
446 41
447 41
448 41
449 41
450 41
451 41
452 34
453 41
454 41
455 41
456 41
457 0
458 34
459 41
460 41
461 0
462 41
463 34
464 41
465 34
466 0
467 41
468 0
469 41
470 41
471 41
472 41
473 34
474 41
475 41
476 24
477 34
478 34
479 41
480 34
481 41
482 41
483 41
484 41
485 34
486 41
487 41
488 41
489 34
490 41
491 41
492 41
493 41
494 41
495 34
496 41
497 41
498 41
499 34
500 41
501 41
502 41
503 41
504 41
505 41
506 34
507 41
508 34
509 41
510 41
511 41
512 34
513 34
514 41
515 41
516 41
517 41
518 41
519 34
520 41
521 41
522 41
523 41
524 41
525 41
526 41
527 41
528 41
529 34
530 41
531 41
532 41
533 41
534 41
535 41
536 34
537 41
538 41
539 41
540 34
541 41
542 41
543 34
544 34
545 34
546 41
547 41
548 41
549 0
550 34
551 41
552 41
553 41
554 41
555 34
556 41
557 0
558 41
559 34
560 41
561 0
562 41
563 34
564 34
565 41
566 41
567 41
568 41
569 41
570 34
571 41
572 41
573 34
574 0
575 41
576 34
577 0
578 41
579 41
580 34
581 34
582 41
583 41
584 0
585 34
586 41
587 41
588 41
589 41
590 41
591 34
592 41
593 34
594 34
595 41
596 41
597 41
598 34
599 41
600 41
601 34
602 41
603 41
604 41
605 41
606 34
607 34
608 41
609 41
610 41
611 41
612 41
613 41
614 41
615 41
616 41
617 41
618 41
619 0
620 41
621 34
622 0
623 41
624 24
625 34
626 0
627 41
628 41
629 41
630 41
631 41
632 41
633 34
634 41
635 8
636 41
637 41
638 41
639 41
640 41
641 41
642 41
643 41
644 41
645 41
646 41
647 34
648 41
649 34
650 41
651 34
652 41
653 41
654 41
655 34
656 41
657 41
658 41
659 41
660 41
661 41
662 41
663 34
664 34
665 41
666 34
667 41
668 41
669 34
670 41
671 34
672 41
673 34
674 41
675 41
676 34
677 41
678 34
679 41
680 41
681 41
682 41
683 34
684 34
685 41
686 34
687 41
688 34
689 34
690 41
691 41
692 34
693 41
694 41
695 41
696 34
697 41
698 34
699 41
700 41
701 41
702 41
703 41
704 0
705 41
706 41
707 34
708 34
709 41
710 41
711 34
712 34
713 34
714 0
715 8
716 41
717 41
718 0
719 41
720 34
721 41
722 41
723 41
724 41
725 34
726 34
727 34
728 41
729 34
730 34
731 41
732 34
733 41
734 0
735 41
736 41
737 41
738 41
739 0
740 34
741 34
742 34
743 41
744 41
745 0
746 24
747 34
748 41
749 34
750 34
751 41
752 41
753 34
754 34
755 41
756 41
757 41
758 41
759 34
760 41
761 41
762 41
763 41
764 41
765 34
766 34
767 41
768 34
769 24
770 34
771 41
772 34
773 34
774 34
775 41
776 41
777 41
778 41
779 41
780 41
781 34
782 0
783 41
784 41
785 41
786 41
787 41
788 41
789 41
790 41
791 34
792 41
793 41
794 34
795 41
796 41
797 0
798 34
799 34
800 34
801 41
802 34
803 34
804 34
805 24
806 24
807 0
808 41
809 0
810 41
811 24
812 34
813 34
814 34
815 34
816 34
817 34
818 41
819 0
820 34
821 34
run time cost of algorithm SM_CTP is 1.83434seconds
