630700 170 48
210 9
109 9
309 9
218 9
399 9
93 9
127 9
158 9
130 9
380 9
41 9
326 9
82 9
203 9
233 9
149 9
17 9
75 9
96 9
28 9
70 9
213 9
152 9
176 9
403 9
246 9
32 9
281 9
384 9
387 9
161 6
394 9
250 9
274 9
178 9
416 9
252 9
290 9
374 34
18 9
60 9
13 9
146 9
114 6
65 9
239 9
404 9
410 9
237 9
257 9
137 9
59 9
121 9
351 9
25 9
81 9
117 9
229 9
260 9
251 34
442 9
301 9
341 9
193 9
37 9
119 9
421 9
12 9
80 9
256 9
1 9
278 9
4 6
292 9
194 9
6 9
354 34
361 9
142 34
402 6
19 9
411 9
407 9
11 6
375 9
140 9
417 9
87 9
88 9
420 9
74 9
353 6
185 34
423 9
283 9
115 9
430 9
271 9
238 9
108 34
0 6
405 9
104 9
400 9
329 9
222 9
390 9
156 34
116 9
189 9
282 9
10 34
273 6
84 9
202 9
322 9
437 9
314 9
180 9
357 9
266 6
258 34
207 9
107 9
148 9
135 9
255 9
168 9
49 9
254 9
118 9
190 9
325 9
201 9
406 9
363 9
447 34
124 9
73 9
43 9
412 9
397 34
205 9
144 9
333 34
398 9
395 6
64 9
160 34
304 9
57 9
291 9
253 6
52 9
368 9
328 9
214 34
206 9
78 9
305 9
358 9
157 6
334 9
79 9
23 9
67 9
344 9
320 9
62 6
40 9
236 9
350 9
241 9
244 9
450 9
332 9
91 9
364 9
379 9
71 9
69 9
228 6
200 9
110 9
439 34
272 9
171 9
66 9
381 9
27 34
208 9
7 9
297 6
105 9
220 9
340 9
263 9
216 34
51 9
54 9
188 9
86 9
154 9
413 9
347 9
445 9
39 34
123 9
285 9
436 9
56 9
126 34
85 9
306 9
457 34
365 9
261 9
20 9
46 9
308 9
362 34
173 9
199 9
98 9
366 9
376 9
383 9
231 34
453 9
230 9
226 6
22 9
392 9
44 9
319 9
245 9
348 9
455 6
103 9
30 9
111 9
303 9
204 6
337 9
36 34
132 6
438 9
247 9
131 34
219 9
425 9
449 9
289 9
259 9
382 9
414 9
433 9
311 9
138 9
38 9
77 9
33 9
221 9
424 9
215 34
300 6
434 9
444 34
435 9
323 9
209 9
92 9
147 9
143 34
288 9
330 9
440 9
419 9
299 9
174 9
177 34
76 9
102 9
277 9
426 9
50 9
441 9
55 9
5 34
287 9
232 9
145 9
45 6
21 9
26 6
389 6
9 9
432 9
15 9
371 34
58 9
456 9
316 9
212 9
8 6
172 9
61 34
14 9
346 9
312 9
313 9
280 9
113 9
196 9
286 6
396 9
217 6
182 9
342 9
295 9
324 9
265 6
240 34
409 9
191 9
452 9
72 9
307 6
415 9
167 6
331 9
136 6
243 9
150 9
224 9
321 9
159 9
284 9
318 9
339 9
401 9
187 9
181 9
225 9
269 9
100 9
68 9
234 34
249 9
94 9
345 9
2 9
327 9
165 9
356 9
99 9
268 6
267 9
369 9
129 9
248 6
302 9
264 9
141 9
153 9
186 6
367 9
422 9
408 9
427 9
133 9
106 9
378 6
293 34
343 9
298 9
183 6
310 9
192 9
360 9
3 9
34 6
195 9
377 9
349 9
294 9
446 9
155 9
164 9
163 9
184 9
315 9
227 9
53 34
448 9
139 9
223 9
29 9
169 9
35 6
211 34
317 9
338 9
134 9
428 6
359 34
48 9
90 9
279 9
24 6
83 34
443 8
197 6
235 6
89 9
270 9
431 9
97 9
386 9
170 9
179 9
198 9
418 9
451 9
47 9
296 9
276 9
429 6
335 9
336 6
31 9
151 6
42 6
125 34
122 9
120 9
454 9
391 9
393 6
16 6
242 6
63 9
372 6
175 9
385 9
166 6
162 9
262 9
128 9
275 9
352 6
355 9
370 6
95 6
373 9
388 9
112 6
101 9
run time cost of algorithm DRT_AG is 0.00265seconds
