1080450 104 65
72 34
732 34
257 34
402 34
40 34
444 34
514 34
530 34
407 0
408 34
624 34
483 34
266 34
719 34
367 34
302 34
491 0
336 0
333 34
337 34
228 0
413 34
611 34
534 0
352 34
267 34
60 0
662 34
605 34
568 34
516 34
232 34
653 34
551 34
544 34
249 34
176 34
595 34
93 34
439 34
744 34
438 34
90 34
618 34
591 34
227 34
342 34
84 34
507 34
148 34
425 34
199 0
134 34
128 34
645 34
746 34
19 34
745 34
295 34
484 34
646 34
240 34
9 0
241 34
362 34
99 0
355 34
67 34
97 34
252 34
73 34
127 34
713 34
637 34
325 34
772 34
478 0
120 34
182 34
108 34
612 34
234 34
510 34
540 34
270 34
429 0
739 34
738 34
393 34
420 0
727 34
652 34
113 34
543 0
650 34
730 34
602 34
422 34
289 34
482 34
693 0
129 34
203 34
202 34
435 34
680 34
298 34
239 41
162 34
400 34
664 34
630 34
582 34
38 34
0 34
571 34
11 34
503 34
293 34
731 0
347 34
723 34
53 34
614 34
304 34
183 34
64 34
177 0
521 34
634 34
74 34
153 34
480 34
623 34
761 34
588 34
217 0
505 34
509 34
207 0
377 34
383 34
316 34
700 0
344 34
499 34
280 0
432 34
365 34
366 34
114 34
720 34
152 34
48 34
696 34
474 34
198 34
414 34
130 34
357 34
639 0
58 34
242 34
528 34
263 34
479 34
319 34
168 34
651 0
169 34
12 34
324 34
137 34
49 34
694 34
607 34
706 34
158 34
594 41
85 34
610 34
759 34
410 34
133 34
442 34
275 34
145 34
462 0
709 34
345 34
80 34
477 34
717 34
225 34
457 34
455 34
550 34
684 34
141 34
250 34
139 34
385 34
151 34
764 34
44 34
268 34
197 0
384 0
190 34
762 34
587 34
421 34
231 34
213 34
326 34
3 0
445 34
307 34
547 34
741 34
378 34
403 0
526 34
705 34
622 34
597 34
291 34
18 0
498 34
735 34
672 34
210 34
395 34
654 34
441 34
306 34
690 34
701 34
161 41
155 0
446 34
79 34
756 34
737 34
676 34
205 34
418 34
237 34
625 34
243 34
245 34
629 34
668 34
253 41
254 34
515 34
256 34
398 34
87 34
428 41
167 34
467 34
147 34
310 34
659 34
436 34
721 34
419 34
598 34
548 34
226 34
223 34
769 34
332 34
559 34
643 34
511 34
10 34
278 34
150 34
641 0
702 34
522 0
89 34
144 34
91 34
308 34
671 34
546 34
490 34
290 41
123 34
469 34
533 34
66 34
21 34
359 34
606 41
760 34
94 34
538 34
493 34
206 34
279 34
159 0
707 34
212 34
361 34
4 34
497 34
519 34
178 34
496 34
284 34
341 34
525 34
172 34
447 0
318 34
343 34
409 34
339 34
248 34
389 34
165 34
46 0
734 34
271 34
686 34
92 34
379 34
513 34
208 34
452 34
369 34
370 34
81 34
592 34
209 34
751 34
541 34
63 34
665 34
75 34
392 41
122 34
246 0
661 34
619 34
2 0
411 34
265 34
391 34
101 34
22 0
401 34
556 34
433 34
494 34
523 34
481 34
600 0
766 41
451 34
285 34
156 34
179 34
699 34
549 34
330 34
338 34
51 34
313 34
575 34
536 34
669 0
406 34
118 34
100 34
449 0
6 34
434 34
747 34
236 34
96 34
583 34
348 34
68 34
565 34
660 34
773 34
381 34
468 34
224 34
539 0
628 34
222 41
476 34
427 34
52 34
512 34
501 41
83 0
574 34
585 34
487 34
376 34
374 34
563 34
200 34
194 34
188 34
56 34
309 34
682 0
753 34
149 34
423 34
733 34
711 34
570 34
247 34
562 34
218 34
351 34
124 34
649 34
576 34
685 34
715 34
633 0
465 34
174 34
675 0
321 0
636 34
416 34
195 34
495 34
674 34
460 0
554 34
560 41
396 34
5 34
372 34
486 34
360 34
112 34
692 34
454 34
577 34
358 34
387 34
59 34
681 34
62 34
329 34
109 41
736 34
33 34
196 34
164 34
755 34
102 34
32 34
722 0
458 34
323 34
461 34
626 34
37 34
104 34
193 34
272 0
604 34
31 0
635 34
683 41
593 34
569 34
219 34
617 34
57 34
529 34
524 34
258 34
386 34
558 34
98 0
424 34
16 0
117 34
39 0
726 34
157 0
757 34
105 34
230 34
609 34
404 34
531 34
260 34
673 34
566 34
749 0
320 34
121 34
281 0
346 34
677 34
181 41
567 34
331 34
729 0
631 41
30 34
517 34
725 34
95 34
125 8
8 34
506 34
50 34
648 34
679 34
718 0
770 34
502 34
76 34
311 34
173 0
500 34
364 34
752 34
697 34
535 34
572 34
327 41
42 34
774 34
116 34
269 34
294 34
235 34
233 34
388 8
405 34
431 34
627 34
557 34
767 0
616 34
695 0
504 34
537 0
27 34
742 34
356 0
187 34
287 41
7 34
292 34
353 34
20 34
580 8
65 0
180 34
14 41
41 34
712 34
714 34
464 34
763 34
204 34
15 34
724 41
251 34
315 34
708 34
704 0
564 34
220 34
70 0
590 34
283 0
184 34
375 34
620 34
488 34
34 34
698 34
768 34
765 34
349 34
24 34
430 34
143 34
578 34
473 34
23 34
601 34
758 34
163 34
107 34
754 0
201 34
17 34
608 34
678 34
596 34
573 34
527 34
553 34
299 34
25 34
485 34
71 34
750 34
282 34
552 34
450 34
363 34
448 34
78 34
88 34
300 34
687 34
175 34
710 34
262 34
489 34
667 34
170 34
586 0
657 34
466 34
215 34
437 34
703 41
45 34
86 34
459 34
463 34
82 41
426 41
603 34
453 34
286 41
615 34
417 0
397 0
373 41
670 34
691 41
589 34
656 34
229 41
518 0
350 0
492 34
214 34
54 34
13 34
47 34
475 34
666 34
728 34
584 34
390 34
135 34
111 34
371 34
136 34
368 0
470 34
412 34
328 34
555 34
340 34
211 34
171 34
264 34
642 34
335 34
273 34
599 34
456 34
77 34
658 34
110 34
296 34
191 34
740 34
743 34
303 0
394 34
312 34
440 34
131 34
138 34
545 41
221 34
663 34
276 34
69 34
297 34
36 34
688 0
255 0
399 34
415 0
647 0
216 34
166 34
632 34
443 34
689 34
380 34
305 34
508 34
119 34
655 34
314 34
520 34
185 34
322 41
334 34
638 34
354 34
28 34
140 34
132 34
126 34
238 34
317 34
186 0
192 34
61 34
160 34
35 0
542 41
154 34
146 41
142 34
274 34
471 34
472 34
261 0
29 34
26 34
259 8
106 34
581 34
244 34
115 34
579 34
748 34
382 34
561 34
103 34
277 34
43 34
644 34
288 34
640 34
301 34
532 0
55 34
613 34
621 34
771 34
716 34
1 34
189 34
run time cost of algorithm DRT_BD is 0.334889seconds
