11472400 170 20
889 25
71 25
861 25
165 25
817 34
40 25
307 25
945 25
406 25
972 25
850 34
186 41
815 9
50 25
763 25
305 25
367 9
644 25
734 34
907 25
99 34
552 25
121 25
872 41
153 25
583 25
831 9
60 25
525 34
679 25
57 25
801 25
792 25
706 41
34 25
246 25
288 25
296 25
730 25
492 25
898 25
891 25
391 25
833 25
677 9
752 25
284 9
209 25
634 25
413 41
722 25
42 25
493 25
104 25
107 25
436 25
113 25
395 25
577 25
392 25
27 34
725 25
140 25
531 25
159 25
674 25
537 25
788 25
480 41
946 25
393 25
511 25
640 25
7 25
74 41
588 9
257 25
795 25
698 25
445 25
901 25
521 41
566 9
910 34
560 25
196 25
538 25
849 25
584 25
820 25
587 25
212 25
906 25
219 41
226 25
784 9
778 41
264 25
317 25
318 25
941 34
63 41
453 41
890 41
93 41
510 9
331 41
695 41
692 41
534 41
822 41
65 34
656 41
423 34
853 41
603 9
240 41
675 41
377 41
902 34
273 41
369 41
718 41
699 41
347 41
460 38
900 41
78 34
336 41
358 41
192 41
441 41
208 9
657 41
793 41
623 41
738 41
775 41
117 41
680 41
858 41
759 9
736 41
309 41
666 41
466 41
203 41
585 9
427 6
281 41
139 41
673 41
20 37
420 41
91 41
632 41
881 41
450 41
543 41
682 41
344 34
719 41
304 41
8 9
546 34
731 41
461 37
90 41
70 41
30 41
618 41
562 41
747 41
374 41
617 41
581 37
489 41
837 9
178 41
937 41
691 41
593 41
755 41
29 41
385 41
938 41
380 9
771 41
787 41
561 41
319 41
681 41
716 41
579 41
334 41
535 41
667 41
394 41
541 41
72 41
952 34
352 41
596 37
571 38
504 34
903 37
424 37
368 37
498 37
497 37
769 38
814 37
151 38
967 38
554 34
204 37
446 37
748 37
294 37
671 37
19 9
272 37
874 37
479 37
592 37
686 37
894 37
555 34
557 37
843 37
942 37
258 37
969 38
464 37
857 38
893 38
180 9
146 34
476 37
639 38
477 37
780 34
806 9
58 38
195 37
824 37
908 34
411 37
59 37
828 9
927 37
262 37
726 41
327 37
856 34
715 37
712 37
700 37
127 37
811 37
145 38
672 38
421 8
633 34
539 37
723 38
514 37
419 37
173 37
785 37
409 37
678 37
112 37
884 37
740 37
130 37
649 34
17 38
920 37
353 37
482 34
16 37
81 37
362 37
191 37
825 38
602 38
120 37
73 37
528 37
250 37
751 37
637 37
797 34
207 37
885 37
13 38
654 37
76 37
379 38
926 37
664 34
471 37
354 37
396 38
810 37
519 37
530 37
249 34
404 34
169 38
402 37
84 34
689 34
606 37
762 9
569 37
693 37
696 34
67 37
85 38
469 37
823 37
829 38
665 37
914 9
845 37
160 37
573 38
295 37
245 37
260 34
389 37
52 37
880 9
224 37
96 37
182 37
503 37
915 37
321 38
912 37
819 37
913 37
963 38
416 37
635 38
135 34
449 37
854 37
106 37
653 38
435 37
517 37
232 38
865 34
508 34
728 34
289 34
136 34
729 37
454 37
816 38
642 37
873 38
467 34
400 9
271 34
47 37
158 38
163 37
685 37
241 37
842 37
526 37
185 9
838 38
6 37
105 38
251 9
491 9
777 37
280 37
610 37
472 37
954 38
944 37
198 37
340 38
575 38
684 9
434 37
473 37
619 37
41 34
710 37
311 37
405 34
834 38
609 38
702 37
89 38
567 37
882 37
248 37
455 9
930 37
37 34
721 9
929 38
643 38
582 34
55 37
187 37
442 37
239 37
527 34
563 38
883 34
962 34
756 38
550 34
206 34
594 38
624 34
48 34
867 34
80 34
655 38
970 34
631 34
431 33
287 34
604 34
291 34
964 34
957 34
313 34
238 34
501 34
360 8
222 34
607 33
761 34
111 38
252 34
21 34
520 34
448 34
496 9
244 34
376 34
39 34
848 34
886 38
343 34
895 34
956 34
310 33
390 34
490 34
852 34
827 33
922 34
190 34
398 38
378 34
790 9
166 9
812 34
513 38
322 34
64 38
776 34
821 34
10 34
764 34
968 34
283 34
844 34
916 34
345 34
754 34
931 34
277 34
605 38
263 38
887 34
326 38
878 34
337 34
559 34
613 38
558 34
487 34
430 38
357 38
45 34
572 34
933 34
247 34
770 34
254 34
590 34
760 9
201 34
156 34
312 34
645 34
126 38
839 34
253 34
953 36
399 8
2 33
808 34
299 34
939 34
346 34
193 34
565 34
847 34
641 34
181 34
868 34
43 34
418 34
370 34
373 34
663 34
414 38
86 38
141 34
383 34
502 34
628 24
355 34
614 34
425 34
739 34
276 34
807 34
495 34
670 34
516 34
547 34
410 34
799 36
676 34
26 34
149 34
213 34
611 34
835 34
965 9
934 34
668 34
24 34
767 33
154 34
470 38
94 34
38 34
439 38
122 38
451 34
463 34
0 34
364 24
625 34
832 33
925 34
174 34
742 34
100 34
608 34
214 36
896 34
202 34
432 34
243 9
943 34
199 38
950 34
859 33
658 34
705 34
335 34
282 34
269 34
83 34
437 38
397 38
261 34
200 38
774 38
595 34
132 34
660 34
523 33
302 34
314 38
813 34
332 34
841 38
711 38
545 34
62 34
230 33
177 38
259 34
197 34
724 33
864 34
194 38
231 33
286 38
285 34
921 38
116 38
505 34
320 34
616 34
548 34
794 34
223 38
371 34
568 34
935 34
54 34
630 34
879 34
875 34
638 34
483 34
457 34
359 34
79 38
339 34
440 36
515 38
971 33
800 38
958 9
184 36
789 38
66 8
911 24
870 33
866 33
278 38
713 33
350 38
128 33
148 33
932 33
388 9
115 33
234 36
119 38
303 33
917 6
836 33
142 33
474 9
586 9
123 33
18 33
323 24
324 33
772 9
138 33
578 33
551 38
162 33
826 33
597 33
690 33
53 33
564 36
648 8
447 24
687 33
9 33
766 38
484 33
876 33
372 8
779 33
636 38
108 33
948 33
342 33
757 38
155 33
802 24
61 24
35 32
31 33
221 36
744 38
95 9
735 38
591 33
704 9
315 24
862 24
242 38
542 33
580 24
791 33
905 33
22 38
737 38
714 9
217 33
15 38
918 33
12 33
131 38
401 33
125 33
124 38
341 33
804 33
688 33
860 33
796 36
267 33
475 33
103 33
11 33
717 33
235 24
175 33
157 33
152 33
499 33
708 25
351 34
129 41
179 9
92 8
382 36
871 32
98 33
652 38
293 38
225 33
133 36
366 38
82 33
300 38
147 33
386 38
485 33
743 33
5 36
960 38
333 33
330 33
211 38
205 38
529 33
68 33
830 33
412 33
268 9
612 33
306 33
840 33
697 8
947 38
589 38
144 33
626 24
629 33
329 9
172 24
298 9
381 33
709 9
77 24
536 38
662 8
646 33
403 36
863 33
134 38
118 33
75 33
384 33
220 38
462 33
707 38
540 8
661 38
955 38
615 33
803 38
32 33
417 33
363 33
265 33
486 31
576 9
524 38
36 6
500 9
621 33
456 9
899 33
877 33
701 9
137 33
328 33
171 33
961 31
229 33
544 38
532 9
940 33
443 33
438 29
114 36
255 33
361 33
727 31
290 33
176 8
798 9
805 9
951 33
102 8
237 33
69 33
627 33
233 33
227 9
533 33
46 33
851 33
161 33
168 24
846 24
518 33
433 33
275 33
429 33
892 36
458 24
415 33
408 33
556 8
683 33
188 38
349 31
897 31
506 38
599 38
522 33
33 8
783 9
478 33
855 33
733 33
732 33
292 33
620 33
869 33
236 33
428 8
512 33
694 8
218 33
256 38
465 33
150 9
365 33
459 8
781 29
1 38
749 33
356 33
936 24
444 9
88 24
23 33
215 33
600 38
189 38
279 33
786 38
426 33
909 24
316 8
494 33
768 9
703 38
270 33
720 38
167 24
228 38
746 33
44 33
301 33
143 9
266 33
924 38
325 24
4 8
659 29
422 38
452 38
14 33
274 33
753 33
468 33
3 33
651 33
622 38
164 9
601 33
647 36
741 33
650 9
216 33
297 33
210 33
507 38
553 9
308 33
49 24
966 32
56 33
481 8
87 38
338 36
348 38
375 33
570 33
183 8
669 38
51 29
928 33
488 36
959 33
745 24
782 9
765 38
818 33
888 38
25 36
598 24
28 33
509 33
809 9
923 33
109 8
549 24
110 33
407 33
170 8
919 33
904 33
949 24
101 33
574 33
387 8
773 9
750 33
758 8
97 33
run time cost of algorithm DRT_AG is 0.010093seconds
