2938400 120 29
364 25
170 25
2 25
309 25
717 25
306 9
209 25
552 25
371 25
546 25
144 25
713 25
711 34
316 25
771 25
473 25
133 25
633 25
86 25
269 25
344 25
486 25
661 25
23 25
383 25
752 25
487 25
490 9
28 25
57 9
670 25
332 25
240 25
669 25
407 25
390 25
740 25
673 41
239 41
327 25
26 25
411 9
756 41
522 25
637 25
626 9
531 9
468 34
466 25
355 25
622 25
302 25
305 25
605 25
594 25
313 25
193 25
340 25
274 25
180 34
578 25
164 25
308 25
367 25
52 25
161 25
195 25
566 25
5 25
50 25
49 25
71 25
294 25
777 25
617 25
356 25
545 9
77 25
455 34
216 25
776 25
625 25
523 25
234 25
401 25
100 25
319 41
259 25
40 25
265 41
485 25
177 25
153 25
266 25
174 25
58 25
685 25
261 41
38 25
604 25
85 25
145 25
254 41
59 25
739 41
453 25
315 25
408 25
60 41
507 25
303 25
724 25
373 25
663 25
629 25
660 25
648 25
168 34
160 25
188 25
568 25
528 25
382 34
636 25
124 41
526 25
18 25
223 25
722 34
222 25
632 25
517 9
3 25
569 25
595 9
573 25
366 25
385 25
744 9
723 41
621 34
288 25
106 25
291 25
105 25
492 25
372 25
74 25
449 25
368 25
699 25
205 25
204 25
82 25
435 25
610 34
536 25
601 34
772 25
693 25
375 34
432 25
53 25
352 25
128 9
233 25
83 34
511 25
42 41
755 25
509 25
318 34
181 25
502 25
732 25
647 25
182 25
688 25
127 25
4 25
761 34
525 25
312 25
443 34
640 25
119 25
110 25
285 25
467 25
281 25
587 25
242 9
279 41
326 9
243 25
600 9
156 25
246 25
775 25
767 25
252 25
496 25
495 25
404 34
675 25
365 34
559 25
247 25
691 25
35 41
567 25
584 25
347 25
346 25
75 25
51 41
307 25
535 25
65 25
138 25
780 25
131 25
129 9
109 9
94 25
63 25
714 25
437 25
521 34
575 25
73 25
570 25
619 25
642 25
729 25
513 25
44 25
664 25
320 25
702 25
192 25
482 25
616 25
91 25
64 25
684 25
683 25
378 25
674 25
202 25
393 41
474 25
608 25
779 25
345 25
351 9
501 34
400 25
29 9
438 25
518 25
646 25
80 25
471 25
17 25
189 25
415 25
766 41
695 25
325 25
590 25
270 34
194 25
753 25
565 34
275 41
418 34
479 25
746 25
211 25
667 25
506 25
263 25
238 25
10 25
358 25
489 25
504 25
705 25
457 34
541 25
710 25
208 25
230 25
8 25
424 25
574 41
519 25
577 41
201 25
31 25
638 25
350 25
715 25
337 34
342 9
271 25
298 25
175 41
720 41
427 25
178 25
439 25
721 25
444 41
582 25
9 25
423 25
585 41
562 25
703 25
561 25
607 25
88 25
146 9
143 25
750 25
735 25
386 41
741 34
387 25
742 25
491 25
498 25
395 34
497 25
680 25
500 25
682 25
89 34
639 25
67 25
125 25
529 25
532 41
141 25
484 25
733 25
615 25
556 25
480 25
420 34
462 25
16 25
563 25
564 25
706 34
46 25
187 25
72 25
576 25
179 25
425 34
716 25
0 34
782 34
613 25
553 25
508 25
92 25
244 25
696 41
117 25
557 25
547 25
515 41
707 25
768 9
592 34
589 25
413 25
481 25
583 25
55 25
762 25
264 25
293 41
405 41
456 41
39 41
689 41
649 41
22 34
369 41
394 41
630 34
651 41
176 41
151 41
499 41
90 41
359 41
41 41
450 9
87 41
614 41
103 41
623 41
213 9
221 41
226 41
447 25
134 25
118 41
446 41
165 41
764 41
148 41
328 41
149 41
190 41
185 41
349 41
283 41
162 41
560 34
580 34
310 41
754 41
451 34
579 41
686 41
627 41
335 34
572 41
571 41
69 41
278 41
611 41
475 41
12 41
464 41
68 41
197 41
618 41
445 41
659 41
272 34
112 41
581 41
488 41
333 41
452 41
736 41
334 41
217 41
184 41
219 41
47 41
759 34
224 34
414 41
718 41
273 41
690 41
765 41
286 41
543 41
769 41
709 41
694 41
1 41
650 41
550 41
460 41
652 41
700 41
210 41
284 41
643 41
122 9
207 41
781 41
374 41
183 41
268 41
353 41
348 41
757 34
186 34
260 41
27 41
743 34
135 34
665 41
136 34
45 41
409 9
416 41
227 41
111 9
422 41
516 41
503 41
235 41
676 41
304 41
436 41
434 41
299 41
361 41
655 41
155 41
104 34
602 9
476 41
672 41
596 41
78 41
671 37
520 41
66 41
558 34
624 41
657 41
412 41
324 41
527 41
15 41
19 41
330 34
289 41
338 41
172 41
397 41
258 41
30 41
749 41
290 9
398 41
262 41
731 9
114 41
255 41
198 41
137 41
631 41
56 41
666 41
773 41
463 41
465 41
152 41
430 41
554 41
391 41
108 41
510 41
505 41
384 41
245 38
203 41
25 34
199 41
257 41
751 41
635 41
36 41
37 41
331 37
277 34
472 41
448 37
701 41
698 41
433 41
300 38
524 41
166 41
218 34
512 41
167 41
169 41
225 41
681 41
98 41
586 38
533 41
296 41
668 41
704 41
461 41
708 41
478 38
231 41
712 34
33 41
634 34
544 41
256 41
758 41
379 34
377 41
236 41
530 41
154 41
431 41
603 41
760 41
24 41
191 41
737 41
381 41
730 41
380 34
158 41
417 41
147 41
314 34
142 41
537 41
360 41
426 41
555 41
774 9
171 41
679 41
440 9
628 34
370 41
551 41
591 41
644 41
120 41
276 34
130 41
7 41
341 41
212 37
206 41
354 41
641 41
429 41
311 41
32 41
215 41
396 41
150 41
738 41
280 41
734 41
343 9
612 41
442 41
654 37
241 37
329 41
84 41
538 41
6 41
76 41
322 9
662 37
549 41
113 41
454 41
70 34
163 34
410 41
48 41
232 41
249 9
287 41
653 9
441 41
645 41
745 41
748 41
678 9
542 37
687 9
514 37
34 37
126 41
97 41
593 41
297 41
214 37
95 41
599 41
229 41
282 41
13 41
43 41
470 41
677 41
428 34
483 41
157 37
139 38
336 41
102 41
725 41
656 41
54 34
121 34
295 41
317 41
323 37
719 41
228 41
61 41
62 41
609 41
200 38
459 41
115 41
357 37
248 41
21 41
107 41
79 41
620 41
267 41
81 41
339 41
494 41
747 41
763 37
220 41
697 41
770 41
14 34
93 41
301 38
540 41
399 41
237 41
778 41
123 41
251 41
539 41
196 41
477 41
469 41
159 41
728 41
727 34
132 41
363 41
726 37
99 41
11 37
321 41
389 41
597 34
376 9
588 41
101 41
253 41
250 41
20 34
388 41
392 37
402 41
403 41
406 41
548 41
419 41
421 41
606 41
534 9
692 41
173 37
96 41
292 41
458 41
658 9
116 41
598 41
493 41
140 34
362 41
run time cost of algorithm DRT_AG is 0.007146seconds
