692400 161 47
189 9
194 9
289 34
326 9
165 9
15 9
187 9
547 9
205 9
293 9
402 9
403 34
122 9
0 9
503 9
284 9
526 9
307 9
331 9
249 9
381 9
37 34
458 9
538 9
510 9
434 9
31 9
414 9
156 9
432 9
407 9
406 9
395 9
391 9
63 9
60 9
504 9
256 9
11 9
67 6
65 9
207 9
17 9
173 9
334 9
179 9
519 34
110 9
301 9
181 9
283 9
71 9
515 9
136 9
229 9
90 9
176 9
302 9
247 9
532 34
12 9
204 9
271 9
463 9
87 9
139 9
75 9
480 9
525 9
305 9
378 9
262 9
299 9
310 34
169 9
351 6
76 9
163 9
449 9
120 9
116 9
108 9
495 9
374 9
84 9
258 9
306 9
338 9
368 9
29 34
418 9
425 34
539 9
544 9
105 9
188 9
231 9
177 34
52 9
309 9
171 9
393 9
159 9
438 9
477 9
479 9
274 9
184 9
426 9
93 9
3 9
352 9
260 9
527 9
114 9
178 9
224 6
533 9
239 9
411 9
278 9
170 9
56 9
61 9
348 9
132 9
390 9
111 9
499 9
478 9
118 9
277 9
457 9
322 9
467 9
20 9
133 9
73 9
141 9
210 9
40 6
459 9
424 9
388 9
26 9
77 9
287 34
230 9
148 34
149 9
536 9
506 9
537 9
236 9
74 9
543 9
324 34
220 9
461 9
137 9
272 9
79 9
33 9
55 9
152 9
24 9
88 9
535 9
464 6
466 9
401 9
470 9
195 9
89 9
208 9
185 9
421 9
267 9
511 9
23 9
201 9
370 34
121 9
359 9
489 9
242 9
413 9
442 9
408 9
329 6
286 9
254 9
19 9
157 9
448 9
483 9
2 9
513 9
10 9
192 9
99 9
300 9
34 9
400 9
168 9
337 9
213 9
14 9
416 9
221 9
516 9
435 9
468 9
405 6
484 9
340 6
296 9
211 6
497 9
32 9
377 9
447 9
373 6
339 9
228 9
534 9
356 6
354 9
328 9
50 9
217 9
376 9
268 9
523 9
505 9
197 9
491 9
81 9
238 9
487 9
28 34
241 9
21 9
182 9
186 9
53 9
474 9
18 9
80 9
392 9
129 9
380 9
275 9
112 9
444 9
456 34
320 9
314 9
154 9
253 9
361 9
131 9
281 9
126 9
101 9
232 9
367 9
548 9
151 9
264 34
384 9
386 9
285 9
167 9
542 9
399 9
321 9
488 9
27 9
225 9
369 9
531 9
294 9
62 34
174 9
509 9
78 34
58 9
147 9
308 9
347 6
214 9
521 34
319 9
427 9
226 6
298 9
375 9
528 9
42 9
433 9
83 9
212 9
485 9
311 9
140 9
244 6
279 9
422 34
443 34
304 9
54 9
379 9
66 9
385 6
431 9
130 9
190 9
35 34
193 9
257 6
25 6
233 6
428 9
270 9
350 9
437 9
372 9
57 9
291 9
410 9
191 6
276 9
420 34
135 9
409 34
469 9
117 9
297 9
363 9
429 9
471 6
355 9
123 9
46 9
404 9
103 9
389 9
59 9
545 9
266 9
346 9
13 9
522 9
371 9
325 34
475 9
508 9
357 9
250 9
86 9
1 9
261 9
493 9
336 6
44 9
237 6
209 9
43 9
252 9
290 9
349 9
41 9
215 9
344 9
269 9
22 9
518 9
415 34
341 9
222 9
124 9
92 9
199 9
36 34
419 34
166 9
202 9
318 9
128 6
30 9
364 34
507 9
382 34
455 9
125 9
243 34
38 9
109 34
280 9
540 9
450 9
452 34
47 9
423 9
162 34
206 9
138 9
288 34
8 9
5 9
490 9
412 9
454 9
514 9
446 9
365 9
39 6
387 34
95 9
94 9
360 9
172 9
417 9
160 9
45 9
440 9
104 34
394 9
465 9
72 9
323 9
520 9
345 9
265 9
492 9
64 9
180 9
119 9
70 9
9 9
82 9
445 9
161 6
219 9
295 9
100 9
127 9
245 6
496 6
333 9
240 6
142 9
362 9
460 9
107 6
98 9
501 9
541 9
481 9
292 34
343 9
153 9
6 9
7 9
316 9
315 9
158 9
313 9
358 9
335 34
312 6
303 34
183 9
353 9
476 9
366 9
246 9
330 9
259 9
512 6
383 9
97 34
234 6
150 6
317 9
115 6
500 9
175 9
398 9
439 9
494 9
255 9
498 34
332 9
144 6
502 9
327 9
218 6
48 9
196 9
482 9
441 9
102 9
396 6
49 6
155 9
517 9
68 9
436 9
273 9
524 9
263 9
164 9
145 34
473 9
96 9
113 34
227 9
4 9
216 9
282 9
223 9
251 9
198 9
69 9
397 6
462 6
16 9
529 9
530 9
546 6
453 9
85 9
451 34
51 9
203 9
91 9
472 9
430 9
146 9
134 9
342 9
486 9
106 6
200 9
143 9
235 9
248 9
run time cost of algorithm DRT_AG is 0.003777seconds
