1221500 170 42
723 25
518 41
520 9
383 25
377 25
536 25
300 25
200 41
296 25
222 25
682 25
679 25
711 34
246 25
615 25
788 34
134 25
437 25
262 25
266 25
612 25
281 41
413 41
79 25
24 25
293 25
495 25
678 25
653 25
188 25
302 9
568 34
87 34
112 41
351 9
341 9
37 9
332 41
319 25
313 9
677 25
650 25
772 41
564 9
389 9
591 9
660 25
602 25
608 25
411 25
289 25
426 34
17 34
258 41
225 41
168 25
57 25
190 9
769 25
227 25
451 25
251 9
70 34
797 25
72 25
305 41
314 25
101 25
404 25
724 34
158 25
205 25
634 9
791 25
228 9
244 25
445 25
136 41
131 25
335 41
50 25
492 25
39 9
386 25
489 25
391 25
773 25
303 25
7 25
204 25
209 25
217 25
373 34
730 34
632 34
353 25
796 25
751 25
597 41
666 25
700 25
282 25
76 34
526 25
322 9
189 25
159 25
201 34
720 25
731 25
490 34
454 25
549 25
13 25
69 41
56 34
18 25
283 25
81 25
16 25
539 25
178 25
35 25
529 25
701 25
387 25
38 25
127 25
307 25
129 25
473 25
240 41
96 34
295 25
143 25
795 25
690 25
685 9
275 25
139 25
245 25
464 9
242 25
428 41
434 41
348 25
350 41
109 34
453 25
219 25
531 25
71 25
569 25
611 9
544 25
52 34
486 25
118 25
123 9
51 34
122 25
643 9
675 25
121 25
169 25
285 25
610 25
799 25
717 25
558 25
553 25
447 34
760 41
173 25
740 34
339 41
44 25
729 34
1 25
11 25
375 25
702 9
62 25
719 25
124 25
418 25
750 25
287 25
278 25
689 9
2 41
324 9
545 25
543 25
141 25
661 41
344 9
41 25
233 25
221 25
372 41
6 25
716 25
162 34
384 25
382 25
8 25
207 8
527 25
120 25
183 25
119 41
595 25
27 41
599 25
665 25
156 34
167 41
782 9
784 41
530 25
232 25
540 41
535 25
619 25
578 34
78 25
752 25
756 41
309 34
697 25
252 25
444 41
84 25
657 41
621 41
439 25
637 34
478 9
699 25
85 9
43 25
698 25
588 25
567 34
641 25
747 41
676 9
627 25
25 25
172 9
525 9
528 34
504 25
254 25
710 25
256 41
297 25
491 9
560 25
516 9
645 9
155 25
150 25
103 34
570 25
304 25
592 41
714 41
160 25
92 9
237 25
482 25
318 25
274 25
780 25
572 9
376 34
474 25
633 34
548 34
455 25
197 25
688 25
562 41
577 25
537 25
142 34
501 41
179 34
778 25
673 41
499 9
684 34
388 25
563 41
306 25
392 25
583 9
36 25
438 34
614 25
336 25
787 25
456 25
742 41
153 41
104 9
316 25
396 34
80 25
759 25
626 25
234 25
406 25
713 25
100 25
727 9
618 25
631 25
213 25
574 25
566 25
323 9
793 34
20 25
187 25
786 25
152 25
605 25
185 25
753 9
421 34
75 25
541 25
554 25
430 25
66 41
132 9
703 25
575 25
308 25
175 34
629 25
680 25
739 41
395 25
220 25
99 37
522 41
733 25
311 9
105 25
765 25
67 25
170 25
176 41
29 25
422 25
674 25
709 25
469 25
708 25
683 25
436 9
264 9
402 25
442 25
604 25
369 25
257 9
508 25
712 25
198 9
485 41
10 34
328 41
243 25
646 25
777 9
9 34
294 25
226 9
794 25
279 25
30 25
734 25
31 34
557 25
12 9
561 25
450 25
83 25
343 34
405 9
138 41
433 41
424 25
571 25
721 25
617 25
401 34
366 34
648 25
735 25
448 25
483 34
776 34
590 25
638 25
764 9
462 25
468 34
533 25
236 25
412 25
654 25
93 25
253 41
277 25
255 25
272 9
670 25
338 41
194 34
73 25
151 25
106 25
117 6
40 25
749 9
506 25
290 9
177 25
276 6
435 9
409 25
622 25
199 41
288 9
547 41
211 41
46 25
147 9
355 41
312 25
166 25
644 25
767 25
214 25
230 34
239 25
144 25
613 25
137 25
600 9
596 25
273 25
559 25
325 9
532 25
736 41
523 25
728 25
510 25
380 25
89 41
467 25
59 25
484 25
470 25
481 9
320 41
333 34
652 41
519 37
195 25
477 25
443 41
358 25
419 25
783 25
550 25
108 41
432 41
565 25
135 25
427 41
758 25
111 9
91 25
113 9
378 25
755 25
494 25
582 34
581 41
125 25
576 41
379 25
465 25
268 34
748 41
593 25
790 25
594 34
616 41
624 25
371 25
640 25
33 9
744 25
692 25
738 25
410 25
393 25
368 34
97 41
82 25
192 34
694 25
45 25
68 41
681 41
218 25
247 25
687 25
487 34
261 25
203 25
346 41
538 41
267 41
792 25
741 41
586 25
580 25
573 25
299 9
61 25
458 25
556 25
416 41
357 9
250 25
446 25
603 41
466 25
672 34
642 25
329 25
116 41
552 25
587 9
770 25
785 25
664 25
440 41
317 25
607 25
352 25
26 25
171 25
515 25
260 9
349 25
28 25
704 41
34 41
114 25
126 25
193 41
502 41
181 9
420 25
766 34
691 41
509 34
667 25
64 25
715 25
381 41
90 25
511 25
768 25
130 34
639 9
363 41
693 25
145 25
149 34
555 34
342 25
241 25
174 25
58 25
301 41
671 25
498 9
3 25
22 25
157 25
310 9
210 25
23 41
403 25
196 34
326 9
441 25
107 9
407 25
186 41
327 41
512 25
374 25
505 34
340 25
385 25
390 25
86 9
5 25
762 25
235 25
774 34
356 25
370 25
431 25
148 25
163 41
771 25
216 41
798 25
298 25
476 34
761 41
718 25
128 25
579 25
779 8
789 9
154 34
584 34
206 34
636 34
74 25
321 25
513 9
414 34
463 25
763 9
60 41
280 25
457 25
212 34
500 25
21 25
503 41
32 25
110 25
507 41
707 34
14 37
546 41
534 34
88 9
695 25
238 25
800 25
202 34
354 25
400 41
19 25
658 41
417 25
655 41
746 25
292 25
54 25
635 25
98 25
754 41
460 9
263 41
781 34
140 9
775 25
180 9
182 25
475 25
224 25
362 9
551 25
191 25
184 41
524 25
517 25
696 25
514 25
497 25
732 25
359 25
215 41
726 25
589 9
722 25
399 41
249 25
663 25
471 25
743 25
42 41
102 25
745 41
425 25
48 25
53 41
284 25
625 41
269 41
408 25
623 25
705 25
598 25
334 9
345 41
725 41
223 41
737 25
669 34
585 25
542 41
360 25
668 9
472 25
662 25
630 25
609 25
394 41
161 25
397 25
337 25
165 25
331 41
95 41
601 25
423 41
429 25
15 9
77 25
488 25
286 25
647 25
706 9
628 41
461 25
265 25
55 41
480 25
47 9
659 25
4 34
415 25
606 25
347 9
365 25
115 9
620 25
208 9
459 25
757 9
649 25
259 25
271 41
248 25
231 41
651 41
65 25
496 41
94 34
398 25
164 25
146 9
367 25
133 9
686 25
521 25
493 9
361 9
63 25
479 25
229 25
270 25
49 9
452 34
291 25
656 25
449 9
315 41
330 25
364 34
0 25
run time cost of algorithm DRT_AG is 0.007706seconds
