2631600 104 68
0 34
1 34
2 34
3 34
4 0
5 34
6 34
7 34
8 34
9 34
10 34
11 34
12 34
13 0
14 34
15 34
16 34
17 34
18 34
19 34
20 34
21 34
22 34
23 34
24 34
25 34
26 34
27 34
28 34
29 34
30 41
31 34
32 34
33 34
34 0
35 34
36 34
37 34
38 34
39 34
40 34
41 34
42 41
43 0
44 34
45 34
46 34
47 34
48 34
49 34
50 34
51 34
52 34
53 34
54 34
55 34
56 34
57 34
58 34
59 34
60 34
61 34
62 34
63 34
64 34
65 34
66 34
67 34
68 34
69 34
70 0
71 34
72 34
73 34
74 34
75 34
76 34
77 34
78 34
79 34
80 41
81 34
82 34
83 34
84 34
85 34
86 41
87 34
88 34
89 34
90 34
91 34
92 34
93 34
94 0
95 34
96 34
97 41
98 41
99 34
100 34
101 34
102 34
103 34
104 34
105 34
106 0
107 34
108 34
109 34
110 34
111 34
112 41
113 34
114 34
115 34
116 34
117 41
118 34
119 41
120 34
121 34
122 34
123 34
124 34
125 34
126 34
127 34
128 34
129 34
130 34
131 34
132 34
133 34
134 34
135 34
136 34
137 34
138 34
139 34
140 34
141 34
142 34
143 34
144 34
145 41
146 34
147 34
148 34
149 34
150 34
151 34
152 41
153 34
154 8
155 34
156 34
157 41
158 34
159 41
160 34
161 34
162 34
163 34
164 34
165 34
166 34
167 34
168 34
169 34
170 34
171 34
172 34
173 34
174 41
175 34
176 34
177 34
178 41
179 34
180 41
181 34
182 34
183 34
184 34
185 34
186 34
187 34
188 41
189 34
190 34
191 34
192 34
193 8
194 34
195 34
196 0
197 0
198 34
199 41
200 34
201 34
202 0
203 0
204 34
205 34
206 34
207 8
208 34
209 0
210 34
211 34
212 34
213 34
214 41
215 34
216 41
217 34
218 34
219 34
220 34
221 34
222 34
223 34
224 34
225 34
226 34
227 41
228 34
229 41
230 41
231 41
232 8
233 41
234 41
235 41
236 41
237 41
238 0
239 41
240 41
241 41
242 8
243 41
244 41
245 41
246 41
247 41
248 41
249 41
250 41
251 41
252 41
253 41
254 41
255 41
256 8
257 41
258 41
259 41
260 34
261 0
262 34
263 41
264 0
265 41
266 41
267 41
268 41
269 41
270 41
271 41
272 0
273 41
274 41
275 41
276 41
277 41
278 0
279 41
run time cost of algorithm SM_CTP is 0.208351seconds
