1080800 104 68
0 34
1 34
2 0
3 34
4 0
5 34
6 34
7 34
8 34
9 34
10 34
11 34
12 34
13 34
14 34
15 34
16 34
17 34
18 34
19 34
20 34
21 34
22 34
23 41
24 0
25 34
26 34
27 34
28 41
29 34
30 34
31 34
32 41
33 34
34 34
35 34
36 41
37 34
38 41
39 34
40 34
41 34
42 34
43 34
44 41
45 34
46 34
47 34
48 34
49 34
50 34
51 34
52 41
53 34
54 34
55 34
56 34
57 34
58 34
59 34
60 41
61 34
62 41
63 34
64 34
65 34
66 34
67 34
68 34
69 34
70 0
71 34
72 34
73 41
74 34
75 0
76 34
77 34
78 34
79 34
80 41
81 34
82 34
83 0
84 34
85 34
86 34
87 41
88 0
89 41
90 34
91 34
92 34
93 41
94 34
95 34
96 0
97 34
98 34
99 41
100 34
101 34
102 34
103 34
104 34
105 0
106 34
107 34
108 34
109 34
110 34
111 41
112 34
113 34
114 34
115 41
116 41
117 34
118 34
119 34
120 34
121 34
122 34
123 34
124 34
125 34
run time cost of algorithm SM_CTP is 0.040715seconds
