891100 104 64
0 34
1 34
2 34
3 34
4 34
5 34
6 34
7 0
8 34
9 34
10 34
11 34
12 34
13 0
14 34
15 34
16 34
17 34
18 34
19 34
20 34
21 34
22 34
23 34
24 34
25 34
26 34
27 34
28 34
29 34
30 34
31 34
32 34
33 0
34 34
35 34
36 34
37 34
38 0
39 34
40 34
41 34
42 0
43 0
44 0
45 34
46 34
47 34
48 34
49 34
50 34
51 0
52 34
53 34
54 34
55 34
56 34
57 34
58 34
59 34
60 0
61 34
62 34
63 34
64 34
65 0
66 34
67 34
68 34
69 34
70 34
71 34
72 34
73 34
74 34
75 34
76 34
77 41
78 41
79 34
80 34
81 0
82 41
83 34
84 34
85 34
86 34
87 34
88 34
89 34
90 34
91 0
92 34
93 0
94 34
95 34
96 34
97 0
98 34
99 34
100 34
101 34
102 34
103 34
104 34
105 34
106 34
107 34
108 34
109 34
110 34
111 34
112 0
113 34
114 34
115 41
116 34
117 34
118 34
119 34
120 34
121 34
122 0
123 34
124 34
125 34
126 34
127 34
128 41
129 34
130 0
131 0
132 34
133 0
134 34
135 0
136 34
137 34
138 34
139 34
140 34
141 34
142 34
143 34
144 34
145 0
146 41
147 34
148 0
149 34
150 34
151 34
152 34
153 34
154 34
155 41
156 34
157 34
158 41
159 34
160 0
161 0
162 0
163 0
164 34
165 34
166 34
167 34
168 34
169 41
170 34
171 34
172 41
173 34
174 34
175 0
176 34
177 34
178 0
179 34
180 34
181 34
182 34
183 34
184 34
185 34
186 34
187 34
188 34
189 0
190 41
191 34
192 34
193 34
194 34
195 34
196 34
197 34
198 41
199 34
200 34
201 0
202 0
203 34
204 34
205 34
206 34
207 34
208 34
209 34
210 34
211 34
212 34
213 34
214 0
215 34
216 34
217 34
218 34
219 34
220 34
221 41
222 34
223 41
224 34
225 34
226 34
227 34
228 0
229 34
230 34
231 0
232 34
233 34
234 34
235 0
236 8
237 34
238 41
239 34
240 34
241 34
242 0
243 34
244 34
245 34
246 0
247 0
248 0
249 34
250 34
251 34
252 41
253 34
254 34
255 34
256 0
257 41
258 34
259 34
260 34
261 34
262 0
263 34
264 34
265 34
266 34
267 0
268 41
269 34
270 34
271 41
272 0
273 34
274 41
275 34
276 0
277 34
278 8
279 34
280 8
281 34
282 0
283 34
284 34
285 34
286 34
287 34
288 41
289 34
290 34
291 34
292 34
293 34
294 34
295 41
296 8
297 34
298 34
299 8
300 34
301 0
302 34
303 34
304 41
305 34
306 34
307 0
308 41
309 34
310 34
311 0
312 34
313 41
314 41
315 34
316 34
317 0
318 34
319 34
320 34
321 0
322 41
323 41
324 34
325 8
326 34
327 34
328 34
329 34
330 34
331 34
332 34
333 0
334 34
335 34
336 0
337 34
338 34
339 34
340 34
341 34
342 34
343 34
344 41
345 34
346 34
347 41
348 41
349 34
350 8
351 34
352 0
353 34
354 34
355 34
356 34
357 34
358 41
359 34
360 34
361 41
362 34
363 41
364 34
365 34
366 8
367 41
368 0
369 0
370 41
371 34
372 34
373 34
374 34
375 34
376 34
377 41
378 34
379 34
380 34
381 34
382 34
383 41
384 0
385 34
386 34
387 34
388 34
389 0
390 41
391 34
392 0
393 41
394 34
395 41
396 34
397 34
398 34
399 41
400 34
401 34
402 34
403 41
404 34
405 0
406 34
407 34
408 34
409 34
410 41
411 34
412 41
413 34
414 34
415 41
416 34
417 41
418 34
419 41
420 34
421 8
422 34
423 34
424 34
425 34
426 34
427 34
428 41
429 34
430 41
431 34
432 34
433 34
434 34
435 34
436 34
437 34
438 34
439 34
440 41
441 34
442 41
443 34
444 0
445 34
446 34
447 41
448 0
449 41
450 34
451 34
452 34
453 41
454 34
455 34
456 34
457 34
458 34
459 0
460 0
461 41
462 0
463 34
464 34
465 34
466 34
467 34
468 34
469 34
470 34
471 41
472 41
473 34
474 8
475 34
476 34
477 34
478 34
479 34
480 0
481 34
482 34
483 41
484 41
485 34
486 0
487 34
488 41
489 34
490 8
491 0
492 34
493 41
494 34
495 34
496 34
497 0
498 34
499 34
500 34
501 34
502 34
503 41
504 34
505 41
506 34
507 34
508 34
509 34
510 8
511 34
512 34
513 34
514 41
515 34
516 34
517 34
518 0
519 41
520 34
521 0
522 34
523 34
524 34
525 34
526 34
527 34
528 1
529 34
530 34
531 41
532 34
533 34
534 41
535 34
536 34
537 41
538 34
539 41
540 34
541 34
542 34
543 34
544 34
545 34
546 34
547 41
548 34
549 34
550 8
551 34
552 41
553 41
554 34
555 1
556 34
557 34
558 41
559 41
560 34
561 34
562 41
563 34
564 0
565 34
566 41
567 34
568 34
569 34
570 41
571 34
572 34
573 0
574 41
575 34
576 8
577 34
578 34
579 0
580 34
581 41
582 34
583 34
584 1
585 41
586 34
587 34
588 34
589 41
590 34
591 34
592 1
593 41
594 41
595 34
596 34
597 34
598 34
599 34
600 34
601 0
602 34
603 34
604 34
605 34
606 41
607 41
608 8
609 34
610 34
611 34
612 34
613 34
614 34
615 0
616 0
617 41
618 34
619 34
620 34
621 0
622 34
623 41
624 34
625 41
626 34
627 34
628 34
629 34
630 34
631 34
632 34
633 34
634 34
635 34
636 34
637 34
638 8
639 34
640 34
641 41
642 0
643 41
644 8
645 1
646 34
647 41
648 0
649 0
650 34
651 34
652 34
653 34
654 41
655 34
656 41
657 34
658 41
659 34
660 41
661 0
662 34
663 34
664 34
665 34
666 34
667 34
668 34
run time cost of algorithm SM_CTP is 0.991895seconds
