2665200 161 40
407 25
75 25
249 25
366 41
556 25
314 25
257 25
106 25
376 25
338 25
294 25
588 25
348 25
134 41
39 25
146 25
451 41
290 25
568 25
460 34
155 25
190 25
283 25
475 25
251 41
84 25
96 25
53 25
412 25
469 34
284 25
108 25
304 25
46 25
210 9
449 25
617 25
135 25
517 9
450 25
592 25
526 25
455 25
398 25
124 25
381 25
509 25
345 9
400 25
461 25
416 25
584 25
495 25
280 25
542 41
248 25
315 41
599 25
178 25
80 34
622 25
3 25
604 25
388 25
0 25
532 25
359 25
250 25
144 25
595 41
279 25
184 25
9 25
277 34
606 25
417 25
445 9
419 25
444 25
218 25
429 25
43 25
63 34
395 25
334 25
323 25
86 25
619 25
209 25
371 25
550 34
383 25
38 9
502 25
228 25
137 25
448 25
316 25
252 25
122 25
391 25
276 25
363 25
116 25
74 41
465 25
597 25
170 25
360 9
240 41
176 25
379 25
173 25
351 25
344 25
333 25
543 25
499 25
19 25
45 41
275 25
512 25
611 25
2 41
217 34
205 34
93 25
92 25
578 41
529 25
614 25
531 25
193 25
575 41
540 25
246 41
476 41
164 25
70 25
238 25
235 34
361 25
232 41
425 41
341 9
120 25
268 41
620 25
551 25
511 34
219 41
213 25
300 41
286 25
292 41
274 25
299 25
56 25
596 25
194 25
535 41
186 25
282 34
414 25
403 25
470 9
245 41
487 25
486 25
601 25
355 9
480 41
483 9
174 25
305 25
113 25
590 25
260 25
236 25
428 25
322 9
546 41
456 25
384 25
589 25
21 25
498 25
138 41
573 25
357 34
143 25
82 9
586 25
378 25
554 9
33 25
264 25
593 41
520 41
569 25
343 9
547 25
524 25
332 25
577 41
95 41
454 25
518 25
72 25
609 25
281 25
61 25
254 9
55 25
380 34
54 25
496 41
375 25
387 25
335 25
293 25
1 25
102 25
223 25
474 25
179 25
440 25
562 25
272 25
201 25
230 34
347 25
7 9
349 25
57 25
317 25
598 25
392 25
118 34
413 25
141 9
44 41
259 34
372 41
125 25
62 25
157 25
267 34
326 41
466 25
67 25
34 41
367 25
220 41
177 25
580 34
52 25
6 25
402 25
566 41
81 25
50 25
89 25
263 25
91 25
49 25
545 41
311 25
310 9
36 25
301 25
510 34
13 25
508 41
166 25
295 25
459 25
570 41
411 25
79 25
401 25
447 25
552 25
505 25
506 25
373 37
399 25
426 25
222 25
308 25
221 25
291 41
516 25
114 25
346 25
121 25
22 9
297 25
530 25
244 25
8 41
397 25
534 41
30 25
133 25
576 25
467 25
409 41
385 41
327 25
239 41
441 9
370 25
321 25
265 25
350 25
544 25
94 25
618 25
420 25
231 41
374 25
497 25
553 41
48 25
485 41
432 25
107 41
171 34
541 25
37 25
331 34
147 25
342 25
354 41
59 25
369 25
97 25
105 25
539 25
406 41
536 25
123 25
23 25
129 41
608 9
130 9
152 25
507 41
452 34
393 25
410 25
352 25
621 41
538 25
353 25
422 34
340 34
4 34
233 25
446 34
191 41
464 34
330 25
29 25
468 25
167 25
328 41
162 41
325 25
583 41
581 41
504 41
149 25
66 25
312 9
515 41
132 41
83 25
289 25
567 25
225 34
490 25
215 25
557 25
306 41
555 25
431 41
214 37
549 25
110 41
528 41
527 34
69 25
434 25
145 41
337 25
28 25
158 25
189 25
31 41
42 25
255 25
404 25
41 25
169 25
302 25
482 38
481 25
159 41
58 25
318 25
600 25
572 25
436 41
139 25
613 25
287 41
73 25
227 25
561 9
224 25
564 25
258 34
356 25
559 25
112 41
585 25
368 25
32 25
394 25
519 25
513 25
18 41
5 9
172 9
16 25
243 41
204 25
500 25
212 41
10 25
65 25
68 25
208 41
71 41
237 41
206 25
579 25
319 9
202 25
382 25
77 34
623 41
358 25
278 25
418 37
270 41
27 41
336 25
266 25
241 41
161 25
605 41
492 41
253 41
181 9
615 25
247 34
377 25
565 25
320 38
548 25
109 34
198 25
427 34
180 25
115 25
47 25
35 41
226 25
594 25
430 41
396 25
362 25
262 25
463 9
20 6
489 25
442 25
40 25
477 25
242 41
111 25
256 37
610 34
175 41
390 25
473 25
438 41
439 25
104 25
183 41
103 25
192 25
99 41
90 25
154 34
195 34
435 25
85 25
296 25
386 25
484 25
433 25
560 25
87 41
199 25
389 41
269 25
25 34
203 25
462 41
207 25
163 9
571 25
11 25
216 25
339 25
131 25
453 25
128 41
197 25
533 41
478 25
309 25
273 25
188 25
501 6
200 25
563 25
488 25
521 25
458 25
101 25
150 25
196 25
14 25
457 25
229 41
522 25
88 41
364 25
365 25
142 25
140 34
324 25
187 25
51 37
100 25
437 25
298 41
156 25
234 25
525 25
405 25
15 41
603 9
64 37
24 41
185 25
607 25
117 34
491 25
574 25
288 41
423 41
153 41
60 41
303 41
76 41
558 41
582 37
421 41
415 34
443 41
119 41
587 41
471 41
329 38
127 37
472 41
285 41
612 41
408 41
168 41
424 41
493 41
151 41
494 41
136 41
503 37
602 41
160 41
261 41
165 41
26 41
148 41
514 41
17 41
271 41
523 41
313 41
479 34
182 37
591 41
616 41
126 37
12 34
537 41
211 41
98 41
78 37
307 41
run time cost of algorithm DRT_AG is 0.004822seconds
