2639600 120 39
618 25
181 25
221 25
141 25
348 25
381 25
598 25
87 25
173 25
407 25
416 25
446 25
64 25
579 25
447 25
479 34
31 25
566 25
438 25
120 9
617 25
383 25
526 25
522 25
491 25
152 25
337 9
240 25
298 25
171 25
300 25
180 41
74 41
96 25
371 25
582 25
398 34
118 25
363 34
268 25
200 25
315 34
528 25
115 25
113 25
509 25
234 25
248 25
233 25
228 25
218 25
518 41
52 25
201 9
475 25
542 25
199 25
367 25
93 25
545 25
273 25
286 41
290 9
121 34
169 25
11 25
554 25
297 25
572 25
388 25
433 41
127 34
69 25
295 25
293 25
307 25
133 25
457 41
269 25
119 25
460 25
394 25
392 25
471 41
478 25
51 25
591 41
606 25
143 25
34 25
340 25
16 25
29 25
195 25
378 25
544 25
547 41
377 41
568 25
95 41
561 25
190 34
531 25
205 25
206 25
220 34
605 9
150 25
515 41
508 25
110 25
88 25
261 25
493 25
334 25
574 25
454 25
581 41
72 9
417 25
380 25
100 25
311 25
609 25
216 25
231 25
83 25
434 25
550 25
444 25
296 25
362 25
501 25
592 25
196 25
28 41
270 25
317 25
415 25
58 25
474 25
166 9
543 41
575 25
336 25
599 25
109 9
66 25
511 25
530 25
382 25
432 25
359 25
124 41
79 25
354 25
156 25
40 9
516 34
356 25
42 25
338 41
237 25
267 25
389 25
135 25
449 25
391 9
27 41
549 25
128 25
10 25
61 34
619 25
30 25
246 25
333 25
310 41
424 25
145 25
41 25
223 25
250 25
431 25
37 25
158 34
535 25
552 25
188 25
451 25
167 25
414 25
361 25
495 34
147 25
271 25
162 25
351 25
274 25
546 25
395 34
548 25
99 25
153 25
81 25
142 25
129 25
224 25
393 25
309 25
251 41
533 25
157 25
122 25
499 9
47 25
437 25
497 25
259 34
534 25
524 25
318 25
192 9
112 25
262 25
386 25
420 25
368 25
103 25
26 25
427 41
560 9
242 25
365 25
164 25
422 25
559 25
329 25
114 41
323 25
558 25
73 25
435 34
184 25
594 25
463 25
285 25
355 25
161 25
249 25
48 25
525 25
213 25
36 9
255 9
92 25
506 25
505 25
507 41
212 25
238 25
5 25
419 41
510 41
107 41
13 25
372 25
413 25
458 25
139 25
357 25
132 25
410 25
573 25
403 41
22 25
17 25
390 25
149 25
247 25
146 25
473 25
467 9
197 25
144 25
89 25
108 25
339 41
360 25
603 25
284 25
494 25
23 25
7 25
203 25
9 41
366 25
565 25
584 25
299 25
1 9
426 34
244 25
104 41
63 25
324 25
306 25
440 25
287 25
585 25
321 25
502 25
500 9
151 25
364 25
540 25
241 25
183 25
159 25
557 25
436 25
185 25
580 25
53 25
288 25
179 41
411 25
601 25
178 25
57 25
85 25
486 25
421 25
597 25
327 25
429 25
186 25
541 25
538 34
439 25
222 25
230 25
342 25
504 25
76 34
245 25
455 25
498 25
291 25
461 9
590 9
570 25
55 25
20 25
12 9
140 25
487 41
571 25
589 25
604 25
264 25
464 25
15 25
253 25
453 41
301 25
302 25
514 25
18 25
517 25
370 25
67 25
519 25
70 25
117 25
198 25
614 41
319 25
21 41
91 25
480 25
379 9
412 25
441 25
305 25
385 25
484 25
482 25
86 9
369 25
68 25
263 9
50 41
588 25
563 25
304 41
539 25
612 25
80 25
537 25
512 25
232 25
402 25
470 25
148 25
32 25
282 25
78 25
352 25
322 9
3 25
425 9
577 25
332 25
283 25
608 25
210 34
165 25
615 25
257 25
211 25
553 25
125 25
281 25
452 25
106 25
14 9
529 34
260 25
492 25
215 25
521 41
102 25
488 25
266 34
600 41
227 9
84 25
607 41
97 9
123 25
562 25
443 25
236 34
308 25
445 25
65 25
312 25
314 25
160 25
485 25
303 25
328 41
331 34
564 25
24 25
602 25
344 25
294 25
459 25
532 25
35 25
276 25
375 25
551 25
8 25
2 25
277 34
405 41
82 41
175 41
176 41
254 41
567 41
279 41
280 41
170 41
556 41
555 41
404 41
406 34
409 41
136 41
462 41
376 41
163 41
513 41
4 41
226 41
472 41
38 41
19 38
610 41
448 37
208 41
172 9
204 41
202 41
343 41
77 41
168 34
587 41
243 41
174 41
586 41
101 41
583 41
49 41
46 41
45 41
399 41
44 34
138 9
401 41
182 41
593 41
578 41
595 41
476 41
154 41
25 34
430 41
56 41
576 41
442 41
62 41
60 41
134 41
130 9
90 41
256 34
490 41
275 41
59 41
353 41
187 41
217 41
189 41
477 34
469 34
316 41
116 41
569 41
428 41
225 41
520 41
465 41
335 41
325 41
155 34
219 41
278 41
209 41
347 38
481 41
466 38
292 41
105 41
33 41
235 41
265 41
374 41
468 41
6 41
397 41
346 41
523 41
191 34
616 38
194 41
496 41
613 41
207 41
54 37
252 41
450 41
131 41
423 41
418 34
111 41
358 9
384 41
387 41
396 41
71 41
400 37
94 41
373 41
39 41
408 41
350 41
503 37
527 41
345 41
341 41
489 41
596 9
330 34
456 41
258 9
289 41
126 41
536 41
313 37
137 41
272 41
320 34
326 41
239 41
229 41
214 41
611 41
483 41
75 41
349 41
193 41
43 41
98 41
177 9
0 41
run time cost of algorithm DRT_AG is 0.004284seconds
