1182500 178 51
61 9
736 9
519 9
216 9
513 9
845 9
838 9
50 9
144 9
170 9
209 9
681 9
176 9
302 9
601 9
261 9
398 9
93 9
96 9
39 9
618 9
371 9
196 9
377 9
24 9
613 9
111 9
186 9
558 9
765 6
610 9
802 9
181 9
823 9
770 9
415 9
507 9
130 9
94 9
791 9
370 9
490 9
259 9
312 9
452 9
498 9
826 9
685 6
821 9
211 9
808 9
508 9
165 9
412 34
552 9
228 6
3 9
737 9
842 9
639 9
822 9
561 9
833 9
417 9
635 9
224 9
440 9
164 9
278 9
167 9
644 9
581 9
577 34
215 9
19 34
455 6
462 9
727 34
828 9
852 9
847 34
97 9
496 9
360 9
110 34
426 9
293 9
629 9
68 9
437 9
742 34
605 9
247 9
468 9
543 9
753 9
195 9
337 9
335 9
329 9
721 9
816 9
598 9
8 9
235 9
711 9
406 9
469 9
458 9
85 9
359 6
76 9
830 9
351 6
827 6
382 9
344 9
363 9
750 9
5 9
202 34
322 6
463 9
673 9
868 9
245 9
780 34
566 9
56 9
670 9
342 9
535 9
66 9
538 9
512 9
795 9
402 9
175 34
578 9
138 9
541 9
841 9
572 34
706 6
257 9
205 6
129 34
484 9
762 9
649 9
123 9
708 9
232 9
336 9
616 6
647 9
0 6
637 9
427 9
585 34
745 9
309 9
609 9
321 9
250 9
625 9
536 34
761 34
632 34
734 9
372 9
786 9
108 9
851 9
501 9
404 9
266 9
531 9
533 9
805 9
837 9
725 9
380 9
861 9
563 9
320 9
465 9
21 9
672 9
182 9
824 9
151 9
44 6
132 9
156 9
478 34
55 9
602 9
225 9
101 9
263 9
345 34
483 9
731 6
661 9
655 9
63 9
88 9
576 9
274 9
52 9
432 9
212 6
754 6
509 9
290 9
515 9
707 9
291 9
677 9
276 9
348 9
403 9
296 9
686 34
102 9
690 34
178 34
481 9
687 6
758 9
166 6
160 6
712 9
420 9
149 10
306 9
307 9
679 6
493 9
10 9
586 9
289 9
162 9
315 9
32 9
324 9
29 9
709 9
269 9
752 9
409 9
776 9
589 6
119 9
514 9
200 9
241 9
300 6
47 9
136 6
473 9
730 6
135 9
621 9
237 9
325 6
568 34
305 9
358 9
197 9
271 9
400 9
567 9
243 9
367 9
220 9
361 6
6 9
414 9
292 9
638 6
352 6
34 9
253 9
389 9
502 9
591 9
553 9
188 9
485 9
854 9
126 9
812 9
272 9
527 9
301 9
628 9
702 10
299 6
703 34
177 9
606 34
161 6
562 9
435 9
378 9
763 6
448 9
724 9
339 6
233 9
280 6
396 9
674 34
122 6
488 9
394 9
623 9
671 34
326 9
251 9
617 9
105 9
669 9
740 6
397 6
373 6
422 9
464 34
492 9
831 9
424 9
772 9
436 9
820 6
873 9
295 9
143 9
347 6
82 9
651 6
858 9
387 10
57 34
240 9
46 6
743 9
554 9
665 9
77 9
369 9
313 9
431 9
16 6
207 9
717 9
716 6
332 6
715 9
262 9
695 9
70 9
517 9
298 9
13 9
408 9
704 9
91 9
260 9
376 9
815 34
848 34
388 9
599 6
694 9
155 9
107 9
64 9
503 34
104 9
59 34
179 9
226 9
392 9
684 6
701 9
385 9
560 6
693 6
141 9
230 34
522 6
713 9
270 9
542 9
626 34
748 6
310 9
751 9
106 9
662 9
405 6
794 9
476 10
254 9
98 9
198 9
37 9
676 9
410 9
642 9
128 34
874 9
184 6
798 6
699 6
442 9
221 9
349 9
570 9
843 9
429 9
384 6
330 6
757 9
354 9
534 34
453 9
755 6
667 9
381 9
43 9
386 9
580 9
99 9
784 9
89 6
557 9
612 6
659 9
25 9
729 9
714 9
350 9
445 9
869 6
169 9
80 6
187 9
327 9
777 9
675 9
592 9
41 9
11 9
425 6
90 34
537 9
391 34
867 6
428 6
125 34
273 9
832 9
688 9
142 9
115 9
42 6
759 9
793 9
789 9
710 9
323 9
850 9
12 9
189 9
646 9
744 9
479 9
775 9
83 9
732 9
338 6
835 6
20 6
69 6
652 9
825 9
641 9
294 9
491 9
546 9
314 6
457 6
489 6
4 9
54 34
286 9
643 9
849 9
584 6
648 34
857 9
163 6
103 6
569 9
265 9
692 9
872 9
346 9
666 9
30 9
723 34
840 9
9 9
246 9
487 9
799 6
116 9
520 6
183 9
362 6
756 9
640 9
210 9
331 9
856 34
62 6
333 9
634 6
818 9
790 9
283 9
423 34
697 9
735 9
782 9
797 6
60 9
191 6
71 34
258 9
75 9
597 9
834 6
248 6
334 9
664 9
38 9
14 6
174 6
460 9
159 6
803 10
810 9
439 34
145 9
441 9
150 9
680 9
153 9
738 9
588 9
733 6
288 6
192 9
783 9
319 6
366 9
100 9
341 9
15 6
206 9
474 6
720 9
769 6
17 9
778 9
494 9
252 6
871 9
839 9
583 9
317 9
74 34
311 9
399 34
109 9
137 10
65 9
875 6
343 9
353 9
746 6
256 10
596 6
449 34
238 6
764 9
28 6
214 9
365 34
53 9
194 34
785 6
401 9
443 6
608 6
807 9
134 9
127 9
472 6
418 9
657 6
430 9
316 9
297 9
700 6
268 6
564 34
804 9
267 9
22 6
587 9
450 34
800 6
168 9
379 6
539 9
185 34
718 9
532 6
374 9
862 34
624 6
779 9
49 34
31 9
219 6
27 9
223 9
227 9
571 34
631 6
801 9
79 9
152 6
480 6
870 9
281 9
285 9
550 6
140 6
318 10
113 6
844 9
499 34
722 34
277 10
249 9
528 9
190 9
171 6
547 9
619 6
147 9
118 6
419 9
114 9
92 9
607 9
26 6
23 9
456 9
287 9
438 9
454 9
148 6
627 10
796 9
788 6
526 34
121 6
766 6
231 9
67 6
470 9
726 9
656 6
497 6
355 6
356 6
855 6
395 9
413 9
741 10
829 6
809 9
78 9
579 9
633 6
551 11
208 9
471 6
193 6
40 9
7 9
556 6
222 34
482 9
767 9
593 10
58 9
683 9
846 9
368 6
284 9
459 9
133 9
199 9
728 9
781 6
36 10
689 9
139 6
573 9
595 9
620 9
544 34
615 10
157 9
636 9
239 9
357 9
447 6
244 9
282 9
255 9
645 34
383 9
749 9
604 6
180 9
792 9
555 9
511 9
117 6
466 9
773 9
739 9
486 9
158 9
364 6
504 6
866 6
304 6
590 9
416 9
549 9
582 10
95 6
516 9
698 9
540 9
630 9
242 6
814 9
719 9
510 34
120 6
774 9
275 9
530 9
411 34
682 34
393 9
650 6
500 10
390 9
51 9
48 9
865 9
747 6
521 9
340 6
35 9
859 9
467 6
860 9
84 9
303 9
131 34
173 6
146 9
87 9
421 10
451 9
575 10
771 9
668 9
545 9
477 9
696 10
548 9
678 6
559 6
461 9
213 34
1 9
172 9
811 9
433 6
813 9
475 6
201 9
863 10
407 9
705 9
663 9
375 9
574 6
328 9
72 9
518 9
112 10
768 6
524 6
611 6
525 6
229 6
760 9
234 9
86 6
154 9
565 9
218 6
217 6
622 6
506 6
691 10
787 9
279 9
308 9
529 9
124 34
203 6
817 9
495 6
204 9
614 34
658 10
836 9
434 6
73 6
654 9
45 9
853 9
819 9
806 9
600 6
33 9
660 6
523 10
864 6
653 10
603 9
505 6
81 6
594 6
444 9
18 6
446 6
2 6
236 9
264 9
run time cost of algorithm DRT_AG is 0.012693seconds
