8602400 170 18
611 25
146 25
523 25
352 25
710 25
636 25
568 34
208 25
19 25
449 25
140 25
608 34
42 25
651 25
154 9
386 25
421 25
596 25
694 25
207 25
692 25
59 25
385 25
217 25
463 25
232 9
653 9
587 25
28 25
465 25
193 34
652 25
402 25
113 41
667 25
139 25
462 25
91 34
420 34
576 25
271 25
211 9
237 25
324 25
418 25
61 25
60 25
17 41
83 34
473 9
390 41
159 25
648 25
8 25
150 25
705 25
292 25
623 25
44 25
559 9
277 25
638 41
389 25
536 9
661 41
316 25
45 25
453 25
659 25
133 25
628 34
396 34
3 25
148 25
201 25
54 25
194 25
348 34
262 25
80 34
247 25
501 25
100 25
349 25
234 41
641 41
381 25
554 25
454 25
688 25
16 25
360 25
302 25
609 34
129 25
179 25
382 25
446 25
649 34
553 41
512 41
613 25
34 41
625 9
266 9
339 34
238 25
640 25
317 9
37 41
489 34
490 41
369 41
289 41
200 41
657 41
326 41
221 34
469 41
58 41
157 41
412 41
284 41
116 41
168 41
704 41
362 41
110 41
510 41
388 41
642 41
261 41
487 34
5 34
481 41
619 41
603 41
127 41
118 41
187 34
6 41
76 41
190 41
186 34
250 41
488 41
314 41
291 9
693 41
174 38
558 41
245 41
547 41
347 41
53 41
158 41
542 41
645 41
130 37
293 41
218 41
282 41
555 34
432 41
27 9
258 41
675 37
114 9
191 9
172 41
444 41
65 41
120 41
108 37
132 41
313 41
355 41
212 41
654 41
93 41
448 37
14 41
521 41
275 41
184 41
252 37
714 41
260 41
442 41
95 41
56 41
356 41
192 41
354 41
503 41
39 41
457 37
254 41
265 41
383 9
526 41
450 38
99 41
338 41
485 41
679 37
11 37
391 41
372 41
299 41
331 9
476 37
395 41
287 41
629 41
663 41
690 38
323 41
584 41
149 34
259 41
681 41
585 41
18 41
506 41
438 41
304 41
223 38
183 37
672 34
124 37
253 37
531 38
87 37
717 34
122 38
535 34
46 38
294 37
550 38
492 9
644 37
482 37
399 37
514 37
423 37
248 37
715 38
520 38
505 37
346 37
357 9
548 37
671 38
298 37
4 9
541 9
274 37
646 37
165 34
215 37
610 34
242 38
36 34
552 38
434 37
635 38
85 37
417 37
493 38
713 37
560 37
437 34
494 9
497 9
413 37
664 37
363 37
594 38
12 38
70 38
577 34
25 34
533 9
408 38
615 37
48 37
504 9
696 37
104 37
592 37
431 38
451 38
101 38
578 37
668 37
677 37
471 37
622 34
700 37
616 9
121 38
325 37
229 37
491 37
687 34
467 9
29 37
288 37
527 38
637 34
425 37
682 34
68 37
66 37
365 34
707 37
281 9
321 37
394 37
468 38
617 37
478 37
290 37
30 34
322 37
665 37
551 37
9 38
166 38
43 37
38 9
466 38
251 38
111 37
433 9
631 38
630 37
581 37
575 37
439 37
404 38
405 38
370 37
336 38
499 37
633 34
220 34
222 38
97 38
225 34
660 37
226 37
197 34
518 37
171 37
269 38
135 37
511 9
345 38
203 34
170 9
495 38
367 37
77 37
716 38
67 37
342 9
582 38
600 34
40 37
400 38
125 38
627 37
620 38
300 9
709 9
676 37
543 38
160 37
375 34
393 38
483 34
443 37
440 37
601 34
268 37
597 38
51 34
228 37
588 37
697 38
377 37
376 37
695 37
267 37
233 37
94 37
341 34
509 37
141 38
47 37
426 37
7 37
464 34
285 34
103 38
312 37
647 37
180 36
26 37
318 38
591 37
98 37
295 9
21 37
538 37
480 34
508 37
272 34
10 37
561 37
539 37
167 37
424 37
41 37
586 38
90 37
353 38
452 37
195 37
371 37
378 37
178 24
176 34
305 38
606 34
243 37
72 38
519 37
303 34
643 9
137 38
517 38
366 37
31 37
666 37
411 37
456 37
513 37
605 37
569 37
571 38
593 37
283 34
686 37
175 37
138 37
52 37
117 37
24 37
515 37
599 37
590 34
235 37
50 37
123 37
632 37
674 37
329 37
246 37
401 34
534 34
549 38
181 38
145 38
655 37
78 34
73 37
544 37
142 37
486 37
445 37
407 34
589 37
447 9
224 37
206 34
128 38
82 37
81 34
361 34
722 34
475 37
498 34
351 37
333 34
196 37
662 34
96 38
374 37
153 37
406 34
131 37
310 37
240 9
458 37
556 34
380 34
320 34
1 37
435 34
502 34
263 37
319 37
461 34
607 34
524 37
698 37
429 37
177 37
670 37
155 37
79 37
286 34
540 24
244 34
340 37
415 33
311 37
327 34
32 37
472 37
230 38
276 37
164 37
279 34
368 37
119 37
216 37
297 37
678 38
397 9
109 34
546 38
364 37
273 37
359 34
598 37
428 34
699 37
529 37
373 34
55 34
703 9
219 38
296 25
74 41
147 38
602 34
557 38
441 38
614 37
708 37
231 34
624 34
202 34
562 37
241 37
185 37
57 9
106 38
315 37
479 37
564 38
33 38
604 34
574 34
525 37
685 37
580 37
162 38
673 33
583 37
151 34
102 37
650 9
484 37
204 37
239 37
143 38
255 38
573 37
182 37
419 38
169 37
64 38
264 37
334 37
350 37
189 37
89 38
474 33
477 37
75 34
105 33
422 37
516 34
427 34
134 9
459 37
721 37
213 37
566 38
126 37
612 37
92 9
720 9
567 9
161 34
684 34
88 34
572 38
392 9
626 37
249 8
384 38
86 38
718 9
416 38
256 37
163 34
496 37
528 37
156 34
522 9
15 37
209 38
22 38
563 37
691 37
500 37
270 37
595 37
410 34
711 34
152 38
84 37
639 37
436 34
49 37
430 34
332 34
579 34
460 38
115 38
680 34
69 34
706 37
307 38
144 34
2 38
689 37
701 37
257 34
306 37
683 38
107 24
669 37
344 38
35 38
136 37
23 38
13 38
199 38
301 37
227 37
379 37
112 37
358 37
532 9
280 37
414 37
214 38
198 38
210 34
455 37
398 38
337 34
712 38
658 33
62 34
634 34
618 38
343 37
335 38
330 38
570 37
328 9
71 37
470 37
719 37
63 37
173 34
236 38
507 34
621 34
702 37
409 37
530 37
387 34
537 37
20 37
0 34
565 37
403 34
656 34
309 34
308 34
278 37
188 37
205 37
545 37
run time cost of algorithm DRT_AG is 0.006226seconds
