5486200 97 14
252 44
595 44
2 44
780 44
934 44
72 44
303 44
515 44
625 44
212 44
22 44
449 44
195 44
279 44
122 44
190 44
958 44
777 34
488 44
271 44
696 44
888 44
407 44
366 44
114 44
723 44
371 44
641 44
221 44
896 44
191 34
787 44
276 44
710 44
88 44
673 44
584 44
404 44
177 44
345 44
383 44
930 44
52 44
28 44
725 44
525 44
802 44
551 44
309 44
703 44
760 44
76 44
126 44
928 44
865 44
386 44
56 44
270 44
885 44
157 44
518 44
112 44
615 44
43 44
506 44
236 44
923 44
755 44
55 44
672 44
324 44
594 44
27 44
596 44
375 44
654 44
235 44
669 44
839 44
321 44
440 44
844 44
754 44
187 44
884 44
828 44
277 44
573 44
801 44
825 44
929 44
724 44
926 44
743 44
562 44
774 44
229 44
465 44
873 44
607 44
225 44
838 44
908 44
522 44
871 44
166 44
131 44
98 44
316 44
693 34
768 44
307 44
441 44
702 34
763 44
113 44
489 44
507 44
912 44
941 44
812 44
424 44
230 44
130 44
273 44
657 44
136 44
183 34
901 44
679 44
531 44
467 44
174 44
447 44
872 44
647 44
712 44
603 44
68 44
494 44
408 34
66 44
90 34
350 34
486 44
680 44
637 44
393 44
876 34
536 44
538 34
549 44
893 44
93 44
614 44
413 44
125 34
611 44
552 44
36 44
720 44
398 44
262 44
312 44
412 44
514 44
351 34
452 34
831 44
453 44
255 44
597 44
160 44
601 44
738 44
419 44
664 44
646 44
800 44
266 44
882 44
14 44
250 44
384 44
372 44
665 44
394 44
662 44
864 44
164 44
845 44
311 44
389 44
685 44
70 44
96 44
261 44
890 44
97 44
513 44
264 44
137 44
590 44
493 44
431 44
701 44
301 44
99 44
194 44
354 44
456 44
462 44
117 44
626 44
539 44
35 44
211 44
880 44
863 44
348 48
631 44
313 34
745 44
380 44
197 44
668 44
697 44
779 44
508 44
700 44
147 44
509 44
432 48
732 48
676 44
741 44
707 48
526 44
688 44
695 44
736 44
935 44
821 44
237 44
527 44
240 44
943 44
308 44
292 48
585 44
254 44
691 44
497 44
83 44
256 34
428 44
429 44
315 44
433 44
189 44
296 44
499 44
501 44
48 44
910 48
782 44
357 44
804 44
104 34
645 44
18 44
875 44
472 44
826 44
746 44
944 48
318 44
377 48
827 44
902 44
734 44
59 44
57 44
149 48
109 44
496 48
922 44
866 48
956 44
258 44
423 44
704 44
565 34
563 44
921 44
391 44
67 44
143 34
150 48
684 44
630 44
748 44
874 48
16 44
867 44
0 44
286 44
586 44
532 44
689 44
153 44
613 48
847 44
623 44
490 44
314 44
217 44
259 44
819 44
135 44
355 44
414 44
716 44
290 44
434 44
769 44
184 44
403 44
810 44
62 44
690 44
529 44
341 48
818 44
667 48
842 44
180 44
207 44
906 44
463 44
762 44
123 48
853 48
132 44
185 44
938 44
803 34
86 44
682 44
41 34
416 44
364 44
451 44
141 44
694 44
540 44
651 44
916 48
363 44
917 44
448 44
44 48
523 34
715 48
728 48
473 44
158 44
151 34
406 44
658 44
579 44
115 48
144 44
771 44
535 44
675 44
757 44
139 44
165 44
216 44
60 44
460 44
474 44
733 44
278 34
263 44
436 44
655 44
148 44
438 48
233 44
477 44
186 44
78 44
17 44
640 48
600 44
359 44
510 48
578 44
898 44
786 44
227 44
360 44
401 48
38 44
390 44
895 44
325 44
269 44
39 48
498 44
798 44
942 44
232 44
331 44
140 44
91 44
491 44
718 44
606 48
560 44
558 44
3 48
295 44
835 48
102 44
367 44
373 44
457 44
706 48
267 44
94 44
249 48
246 44
661 44
918 48
719 44
557 44
439 48
891 48
9 44
11 44
209 44
612 44
409 44
291 48
608 48
253 44
469 44
282 44
914 44
202 44
924 34
159 44
32 44
877 44
823 48
171 44
116 44
633 44
588 44
25 44
450 44
205 44
829 48
322 44
154 34
554 48
95 48
851 48
188 34
392 44
735 44
556 44
505 44
599 48
89 44
275 44
813 44
335 48
722 44
892 44
589 48
396 48
805 34
306 44
21 34
795 44
920 44
909 48
302 44
454 44
602 48
550 44
49 48
824 48
111 48
4 44
721 44
108 48
203 44
572 34
840 34
293 44
482 44
178 34
729 44
337 44
163 48
820 48
234 44
927 44
280 44
644 48
511 44
343 48
224 44
103 48
569 44
834 44
814 44
593 34
699 44
618 44
121 48
957 44
502 48
577 44
430 44
305 48
677 44
747 44
744 34
239 44
751 44
894 44
13 48
40 44
10 34
426 44
61 44
861 44
63 44
656 44
215 44
84 44
214 48
75 34
905 48
352 48
23 44
142 44
650 44
504 44
169 44
420 48
772 44
397 34
897 44
492 44
54 44
427 34
759 44
344 44
7 34
879 44
340 44
955 44
12 44
919 44
248 44
257 44
353 44
939 48
750 44
369 44
567 48
459 34
530 44
107 48
717 44
378 44
69 44
666 44
332 44
485 44
81 44
638 44
329 44
576 44
856 44
30 44
328 44
405 48
887 44
327 44
709 48
193 48
167 48
878 44
247 44
272 48
849 34
648 44
5 48
410 44
298 44
33 44
806 44
773 44
168 44
753 34
349 34
425 44
287 44
284 44
678 48
156 44
858 44
226 44
517 34
445 44
73 44
952 44
484 44
537 44
297 44
42 44
749 44
621 44
889 44
219 44
213 48
628 44
765 44
950 44
790 44
797 44
146 44
181 44
815 48
587 44
671 44
339 44
674 44
231 48
342 48
740 48
85 44
841 44
663 44
358 44
417 44
172 44
24 48
198 44
776 44
376 44
622 44
228 44
480 44
170 48
206 44
793 48
368 48
580 44
860 44
119 44
64 44
483 44
92 48
605 48
162 48
652 44
173 44
789 44
543 48
442 44
118 44
524 48
520 34
852 48
604 48
80 44
245 44
848 44
274 44
479 44
385 44
161 44
388 44
265 48
730 44
830 48
223 44
422 44
714 48
387 48
959 44
512 48
817 48
629 44
761 44
444 44
570 44
199 44
395 44
458 44
620 44
336 44
74 48
940 44
946 48
907 44
649 44
238 44
899 44
643 44
698 44
347 44
559 44
545 44
330 44
26 48
145 44
726 44
468 44
294 48
79 44
105 44
503 44
542 34
915 48
609 44
346 44
268 44
711 44
784 44
281 44
478 44
568 48
634 44
727 44
299 48
304 44
775 44
455 44
101 48
243 44
82 48
47 48
766 48
152 44
443 44
471 48
58 44
220 48
836 44
320 44
624 48
475 44
53 44
516 44
936 44
120 44
544 44
547 44
204 44
778 48
553 44
756 44
632 44
816 44
333 44
925 44
251 48
110 44
242 48
134 48
705 44
659 44
6 44
19 44
34 44
616 48
182 44
201 44
533 44
466 44
822 48
356 44
948 48
29 44
681 44
566 48
418 44
708 48
176 48
210 44
222 44
519 48
283 44
370 44
310 48
446 44
764 44
811 44
528 48
931 44
598 44
855 44
481 44
31 48
208 48
1 44
758 44
933 44
870 44
686 44
133 44
951 44
883 48
859 44
326 48
521 44
953 48
783 44
770 44
129 44
400 44
574 48
683 48
619 44
155 44
785 44
338 44
37 44
65 48
411 48
260 44
843 48
862 44
379 44
809 48
692 48
106 44
742 44
77 44
792 44
487 48
561 48
564 44
937 48
415 48
51 48
854 44
903 48
904 44
241 34
435 44
175 44
362 44
913 44
218 44
781 44
365 48
575 44
495 44
739 48
374 44
799 48
788 44
300 44
138 44
642 44
285 34
610 44
381 34
382 34
361 44
932 44
807 44
767 48
50 44
583 44
71 44
846 44
87 34
796 44
947 44
555 44
437 44
881 48
900 48
124 44
635 44
100 44
636 44
868 34
639 48
653 48
832 44
886 44
128 44
850 44
954 44
323 44
244 44
591 44
670 48
534 44
911 44
592 34
582 44
687 44
334 0
461 44
8 34
319 48
808 48
317 44
949 44
470 48
833 48
945 44
288 44
627 44
500 48
546 44
713 44
46 44
399 44
289 0
617 44
196 48
476 44
20 48
752 44
581 44
869 44
541 44
737 44
837 44
402 44
660 48
192 44
421 44
179 44
464 44
571 48
731 44
794 48
857 48
200 0
45 44
548 44
791 44
15 48
127 44
run time cost of algorithm DRT_BD is 0.250935seconds
