524400 97 18
0 0
1 0
2 0
3 0
4 34
5 0
6 0
7 0
8 0
9 0
10 0
11 34
12 0
13 34
14 0
15 0
16 0
17 0
18 0
19 0
20 0
21 34
22 0
23 0
24 0
25 0
26 0
27 34
28 0
29 0
30 0
31 0
32 0
33 0
34 1
35 0
36 1
37 0
38 0
39 0
40 0
41 1
42 0
43 0
44 0
45 1
46 0
47 0
48 1
49 1
50 0
51 0
52 0
53 1
54 0
55 0
56 0
57 0
58 1
59 1
60 1
61 1
62 0
63 34
64 0
65 0
66 34
67 0
68 34
69 0
70 1
71 0
72 0
73 1
74 0
75 1
76 0
77 0
78 0
79 0
80 0
81 0
82 1
83 0
84 0
85 0
86 0
87 0
88 0
89 1
90 0
91 0
92 2
93 0
94 1
95 0
96 34
97 1
98 0
99 1
100 0
run time cost of algorithm SM_CTP is 0.017182seconds
