1076400 109 68
285 34
120 34
131 34
136 34
15 34
210 34
147 34
7 34
51 34
62 34
80 34
92 41
31 34
155 34
140 0
118 34
60 34
231 34
61 34
5 34
72 34
168 34
108 0
252 0
280 34
126 34
284 34
269 34
150 34
106 34
101 34
172 34
16 34
263 0
76 34
183 8
66 34
203 34
212 34
233 34
245 34
49 8
0 34
13 34
229 34
249 34
134 34
225 34
283 34
10 34
121 34
196 34
274 34
79 34
236 34
22 34
17 0
157 34
53 34
133 34
191 34
30 34
154 34
23 34
258 34
151 34
83 34
99 41
139 41
113 41
29 34
181 34
187 34
128 34
264 34
70 41
95 34
190 34
4 34
165 34
125 41
44 41
217 41
116 34
73 34
152 34
153 8
267 34
199 34
218 41
241 8
130 41
256 34
45 34
12 34
227 34
159 34
3 34
141 8
205 34
122 34
160 41
37 0
197 34
138 34
242 0
214 34
259 34
224 34
149 34
65 34
26 34
222 41
39 34
14 34
115 41
178 41
193 0
268 34
248 41
63 34
24 34
71 41
75 34
43 0
46 34
170 34
109 41
32 34
74 34
77 34
260 34
41 34
192 34
55 34
246 34
38 34
90 34
35 34
257 41
146 0
261 0
148 34
206 34
180 34
82 34
174 24
68 41
202 34
64 34
119 41
145 0
87 34
211 41
69 41
91 0
278 34
57 34
232 34
195 34
42 34
176 34
88 34
110 34
162 41
124 34
163 41
56 34
52 34
243 34
114 34
50 34
127 34
1 34
208 34
27 41
207 34
33 41
221 34
143 41
123 34
254 41
244 34
100 34
67 34
239 34
59 34
102 34
47 24
112 34
117 34
220 34
275 24
21 41
194 34
200 0
2 41
164 34
78 41
235 34
103 34
8 34
230 34
189 34
169 41
253 34
273 41
185 34
171 41
223 34
142 0
137 34
135 24
251 34
215 41
89 41
276 34
219 24
209 41
144 0
228 34
272 41
58 34
255 41
97 24
40 34
184 34
173 34
167 41
111 34
28 24
247 34
204 41
20 8
281 34
86 34
279 34
175 34
96 41
19 34
182 34
186 34
98 34
238 41
104 34
198 34
226 34
34 34
282 34
25 34
216 41
11 41
234 34
93 34
166 34
201 41
107 34
177 34
250 34
240 34
132 34
156 34
158 34
161 34
48 41
85 41
266 34
36 34
271 0
129 34
213 34
179 41
84 34
270 0
105 34
277 34
18 34
188 41
81 41
262 41
94 34
265 24
237 34
6 24
54 34
9 41
run time cost of algorithm DRT_BD is 0.054456seconds
