1519600 161 46
248 25
168 25
411 25
90 25
402 9
209 25
234 25
67 25
256 25
286 25
316 25
321 25
359 34
428 25
121 25
95 25
201 25
82 25
76 34
59 25
381 25
294 41
38 25
341 25
349 25
350 25
215 25
198 25
405 25
408 25
399 25
305 9
3 9
141 25
262 25
383 25
197 9
424 25
127 25
202 25
187 25
117 25
77 25
185 41
178 25
71 25
138 25
108 25
51 25
257 25
327 25
317 25
42 25
98 25
64 25
153 25
152 25
358 25
26 25
53 25
388 25
237 25
12 41
111 25
174 25
75 41
128 25
188 25
22 25
353 41
15 25
55 25
101 25
63 41
139 9
46 41
97 9
135 25
422 25
371 25
116 41
19 25
370 25
205 9
340 25
404 25
354 25
255 25
120 25
50 25
360 25
393 25
364 25
20 25
308 25
300 25
236 25
131 25
240 25
132 9
244 25
247 25
279 25
148 25
143 25
270 25
107 25
49 25
203 34
249 41
373 25
291 25
134 9
99 25
66 41
72 25
171 25
230 25
83 9
207 25
214 34
0 25
41 25
416 25
9 25
125 9
400 25
16 25
151 25
218 25
238 41
269 25
293 25
109 25
112 25
330 25
160 25
36 34
333 34
296 25
295 25
352 25
285 25
281 25
28 25
355 25
228 25
225 25
361 25
80 9
184 25
18 9
429 25
122 25
84 25
60 25
251 41
425 25
252 25
243 25
268 9
301 25
37 25
423 34
322 25
336 25
81 25
85 34
348 25
392 25
412 25
250 34
193 25
39 25
221 25
158 34
57 25
34 25
4 9
179 41
7 25
223 25
166 25
421 34
297 41
129 25
275 25
23 25
189 25
287 25
283 25
372 25
162 41
194 9
113 25
70 9
86 25
226 25
347 25
258 25
61 41
220 25
192 25
357 25
224 25
395 25
204 25
65 25
54 25
304 25
328 25
2 41
426 25
313 25
164 25
172 25
310 25
318 25
173 41
5 41
410 25
210 25
335 25
33 25
413 25
177 25
420 25
299 41
242 25
44 25
6 25
21 25
232 41
419 25
260 25
102 41
271 25
235 34
118 34
186 25
8 25
366 41
31 25
161 9
176 25
213 25
156 25
306 25
307 25
154 25
276 9
289 25
32 9
253 41
254 25
407 34
284 25
241 25
406 25
302 25
391 25
376 25
324 25
206 25
93 25
409 25
267 41
1 34
208 25
414 41
378 41
323 25
261 25
417 25
169 25
375 25
56 25
142 25
106 6
266 25
94 25
52 41
415 25
356 41
219 9
180 25
137 25
17 25
182 25
396 25
343 25
89 25
394 25
73 25
342 25
147 25
245 25
103 25
314 25
259 25
181 25
325 25
115 25
273 25
363 25
233 25
104 25
167 41
351 25
339 25
217 25
114 25
212 34
47 25
239 25
155 25
418 9
263 25
398 25
309 25
191 34
30 41
374 34
265 25
190 25
159 25
379 25
105 41
11 25
124 25
183 25
170 25
78 41
133 25
377 25
14 25
277 25
27 25
311 25
280 41
389 25
303 25
290 25
319 25
149 25
146 25
145 25
382 9
144 25
48 25
274 25
100 41
231 34
45 34
387 25
298 41
315 34
195 25
362 25
96 25
130 25
365 25
92 25
367 25
157 41
91 25
282 25
320 25
35 25
427 25
403 25
332 34
264 25
397 41
40 25
119 25
227 9
140 41
58 25
229 25
10 25
196 41
69 25
331 25
337 41
62 25
338 9
246 25
165 25
123 9
390 25
329 25
334 41
345 25
346 25
368 41
88 34
200 41
25 25
87 9
79 41
29 25
199 25
24 25
369 25
380 25
344 41
150 9
384 25
136 25
312 25
216 25
222 25
13 25
43 25
288 25
278 25
292 25
401 9
386 25
126 41
175 25
110 25
326 25
211 25
385 25
74 41
163 9
272 25
68 25
run time cost of algorithm DRT_AG is 0.002271seconds
