2306400 104 68
0 34
1 34
2 34
3 34
4 34
5 34
6 34
7 34
8 34
9 34
10 34
11 34
12 34
13 34
14 0
15 34
16 34
17 34
18 34
19 0
20 34
21 34
22 34
23 34
24 0
25 34
26 34
27 34
28 34
29 34
30 34
31 34
32 34
33 34
34 34
35 34
36 0
37 34
38 0
39 34
40 34
41 34
42 34
43 34
44 0
45 34
46 34
47 34
48 34
49 34
50 34
51 34
52 41
53 34
54 34
55 0
56 34
57 34
58 34
59 41
60 34
61 34
62 34
63 0
64 34
65 34
66 34
67 34
68 34
69 34
70 34
71 34
72 34
73 34
74 34
75 34
76 41
77 34
78 41
79 34
80 34
81 34
82 34
83 34
84 34
85 34
86 34
87 34
88 34
89 41
90 34
91 34
92 34
93 34
94 34
95 34
96 34
97 34
98 34
99 34
100 41
101 34
102 34
103 34
104 34
105 34
106 34
107 34
108 34
109 41
110 34
111 34
112 41
113 41
114 41
115 34
116 34
117 8
118 34
119 34
120 34
121 34
122 34
123 34
124 34
125 34
126 34
127 41
128 41
129 34
130 34
131 34
132 34
133 34
134 34
135 8
136 34
137 34
138 41
139 34
140 41
141 34
142 34
143 34
144 0
145 34
146 34
147 34
148 34
149 41
150 34
151 34
152 34
153 34
154 34
155 41
156 34
157 34
158 34
159 34
160 34
161 34
162 34
163 34
164 41
165 34
166 34
167 41
168 34
169 34
170 34
171 34
172 34
173 34
174 34
175 34
176 41
177 0
178 34
179 34
180 34
181 41
182 34
183 41
184 34
185 34
186 41
187 41
188 41
189 41
190 0
191 34
192 34
193 0
194 34
195 34
196 34
197 34
198 34
199 0
200 34
201 34
202 34
203 34
204 34
205 34
206 41
207 34
208 34
209 41
210 34
211 34
212 34
213 41
214 8
215 34
216 34
217 34
218 34
219 34
220 34
221 41
222 34
223 34
224 41
225 0
226 34
227 34
228 34
229 34
230 34
231 34
232 34
233 34
234 34
235 34
236 34
237 41
238 34
239 34
240 34
241 41
242 34
243 34
244 34
245 41
246 34
247 41
248 34
249 34
250 34
251 0
252 34
253 41
254 34
255 34
256 34
257 41
258 41
259 34
260 34
261 41
262 41
263 34
264 34
265 0
266 34
267 0
268 34
269 34
270 34
271 34
272 8
273 34
274 34
275 34
276 34
277 34
278 34
279 41
280 34
281 34
282 41
283 34
284 41
285 34
286 41
287 34
288 34
289 34
290 34
291 41
292 34
293 34
294 34
295 0
296 41
297 34
298 0
299 34
300 34
301 34
302 34
303 41
304 41
305 34
306 41
307 41
308 41
309 34
310 34
311 41
312 34
313 34
314 41
315 34
316 34
317 34
318 34
319 41
320 34
321 41
322 34
323 34
324 41
325 34
326 41
327 41
328 34
329 8
330 34
331 34
332 34
333 34
334 34
335 41
336 34
337 41
338 34
339 0
340 41
341 34
342 41
343 34
344 41
345 34
346 41
347 41
348 34
349 34
350 34
351 41
352 34
353 34
354 34
355 34
356 34
357 0
358 41
359 34
360 41
361 34
362 8
363 34
364 34
365 34
366 34
367 34
368 34
369 34
370 34
371 34
372 34
373 34
374 41
375 41
376 34
377 34
378 41
379 34
380 0
381 0
382 8
383 34
384 41
385 34
386 41
387 34
388 8
389 41
390 41
391 34
392 34
393 34
394 34
395 0
396 34
397 34
398 34
399 41
400 34
401 8
402 34
403 41
404 41
405 41
406 8
407 0
408 34
409 41
410 0
411 34
412 34
413 34
414 34
415 34
416 41
417 34
418 34
419 34
420 34
421 34
422 41
423 34
424 34
425 34
426 34
427 8
428 0
429 34
430 34
431 34
432 34
433 34
434 41
435 34
436 41
437 34
438 8
439 41
440 34
441 34
442 34
443 34
444 34
445 34
446 41
447 34
448 34
449 41
450 34
451 34
452 34
453 34
454 34
455 41
456 41
457 34
458 41
459 41
460 34
461 0
462 41
463 41
464 41
465 0
466 34
467 34
468 41
469 41
470 34
471 34
472 41
473 8
474 34
475 34
476 41
477 41
478 34
479 41
480 34
481 34
482 34
483 34
484 34
485 34
486 34
487 41
488 34
489 34
490 34
491 34
492 34
493 34
494 41
495 8
496 34
497 34
498 1
499 34
500 41
501 34
502 34
503 41
504 34
505 34
506 41
507 41
508 34
509 34
510 41
511 41
512 34
513 34
514 8
515 34
516 34
517 34
518 41
519 41
520 0
521 34
522 34
523 34
524 0
525 34
526 34
527 41
528 34
529 0
530 34
531 34
532 34
533 34
534 34
535 34
536 34
537 41
538 41
539 34
540 34
541 34
542 41
543 34
544 34
545 34
546 41
547 34
548 8
549 34
550 34
551 0
552 34
553 34
554 34
555 41
556 41
557 0
558 41
559 34
560 34
561 34
562 34
563 34
564 41
565 41
566 0
567 34
568 34
569 41
570 34
571 41
572 41
573 34
574 34
575 41
576 8
577 0
578 34
579 41
580 34
581 34
582 0
583 34
584 41
585 34
586 8
587 34
588 34
589 34
590 0
591 34
592 41
593 34
594 41
595 34
596 41
597 34
598 34
599 8
600 41
601 34
602 34
603 34
604 8
605 34
606 41
607 34
608 8
609 41
610 34
611 8
612 41
613 34
614 41
615 0
616 41
617 41
618 34
619 34
620 34
621 41
622 8
623 41
run time cost of algorithm SM_CTP is 1.22946seconds
