3374800 120 55
0 29
1 34
2 29
3 29
4 34
5 29
6 29
7 29
8 29
9 29
10 34
11 29
12 29
13 29
14 34
15 29
16 29
17 29
18 29
19 29
20 34
21 29
22 34
23 29
24 29
25 29
26 29
27 29
28 29
29 29
30 34
31 29
32 29
33 29
34 29
35 0
36 34
37 29
38 29
39 29
40 29
41 29
42 29
43 0
44 29
45 34
46 29
47 29
48 29
49 34
50 29
51 29
52 34
53 29
54 34
55 29
56 29
57 29
58 29
59 29
60 29
61 29
62 34
63 29
64 0
65 34
66 29
67 29
68 29
69 29
70 29
71 29
72 29
73 34
74 34
75 29
76 29
77 29
78 34
79 29
80 29
81 0
82 29
83 29
84 29
85 29
86 34
87 29
88 34
89 29
90 29
91 34
92 34
93 34
94 29
95 34
96 29
97 34
98 29
99 29
100 0
101 34
102 0
103 34
104 29
105 34
106 29
107 29
108 29
109 34
110 29
111 0
112 29
113 34
114 29
115 29
116 29
117 29
118 29
119 29
120 29
121 34
122 34
123 29
124 34
125 29
126 34
127 34
128 29
129 29
130 29
131 29
132 0
133 29
134 34
135 29
136 29
137 29
138 29
139 29
140 29
141 29
142 29
143 29
144 0
145 34
146 29
147 29
148 0
149 34
150 0
151 29
152 34
153 29
154 29
155 29
156 29
157 29
158 34
159 29
160 34
161 29
162 29
163 29
164 34
165 29
166 29
167 34
168 29
169 29
170 29
171 34
172 29
173 29
174 29
175 29
176 29
177 29
178 29
179 29
180 29
181 29
182 29
183 29
184 34
185 29
186 34
187 29
188 29
189 29
190 29
191 29
192 29
193 29
194 29
195 34
196 34
197 29
198 29
199 34
200 34
201 29
202 34
203 34
204 34
205 29
206 29
207 29
208 34
209 29
210 34
211 29
212 29
213 29
214 34
215 34
216 29
217 29
218 29
219 29
220 29
221 34
222 34
223 29
224 34
225 0
226 29
227 29
228 34
229 0
230 41
231 29
232 29
233 29
234 29
235 29
236 34
237 29
238 29
239 29
240 29
241 34
242 29
243 29
244 29
245 34
246 34
247 34
248 29
249 29
250 29
251 34
252 34
253 34
254 29
255 29
256 34
257 29
258 29
259 29
260 29
261 29
262 29
263 34
264 29
265 34
266 29
267 41
268 29
269 29
270 29
271 29
272 34
273 29
274 0
275 34
276 0
277 34
278 34
279 29
280 29
281 29
282 29
283 29
284 34
285 29
286 0
287 41
288 29
289 29
290 29
291 29
292 29
293 29
294 34
295 29
296 34
297 29
298 34
299 34
300 29
301 34
302 29
303 29
304 29
305 29
306 34
307 34
308 29
309 34
310 29
311 29
312 29
313 29
314 34
315 34
316 29
317 29
318 34
319 29
320 29
321 29
322 34
323 34
324 0
325 29
326 29
327 29
328 34
329 34
330 34
331 29
332 29
333 34
334 34
335 29
336 29
337 29
338 29
339 0
340 29
341 29
342 29
343 29
344 29
345 34
346 29
347 29
348 29
349 29
350 29
351 29
352 34
353 34
354 34
355 29
356 29
357 29
358 34
359 29
360 29
361 29
362 29
363 29
364 0
365 29
366 29
367 34
368 29
369 34
370 34
371 29
372 34
373 29
374 0
375 29
376 0
377 34
378 29
379 29
380 29
381 29
382 29
383 29
384 29
385 29
386 29
387 34
388 29
389 29
390 34
391 29
392 29
393 0
394 29
395 34
396 29
397 34
398 34
399 34
400 29
401 29
402 29
403 0
404 29
405 34
406 41
407 34
408 34
409 29
410 29
411 29
412 34
413 29
414 29
415 29
416 1
417 29
418 41
419 41
420 34
421 34
422 29
423 34
424 29
425 29
426 29
427 29
428 34
429 34
430 29
431 29
432 34
433 34
434 34
435 29
436 29
437 0
438 34
439 29
440 34
441 0
442 34
443 34
444 34
445 29
446 34
447 29
448 34
449 29
450 29
451 29
452 34
453 29
454 34
455 29
456 29
457 29
458 29
459 29
460 29
461 34
462 34
463 34
464 34
465 34
466 34
467 34
468 34
469 29
470 29
471 29
472 34
473 29
474 0
475 34
476 29
477 34
478 29
479 34
480 34
481 29
482 29
483 0
484 34
485 29
486 0
487 29
488 34
489 34
490 29
491 29
492 29
493 34
494 1
495 34
496 29
497 29
498 29
499 34
500 34
501 34
502 29
503 29
504 34
505 29
506 29
507 29
508 29
509 29
510 29
511 34
512 34
513 29
514 29
515 34
516 29
517 34
518 29
519 29
520 34
521 29
522 29
523 29
524 34
525 29
526 34
527 29
528 0
529 29
530 0
531 34
532 34
533 29
534 29
535 29
536 34
537 29
538 34
539 34
540 29
541 0
542 29
543 29
544 29
545 8
546 29
547 0
548 34
549 34
550 29
551 34
552 34
553 0
554 29
555 29
556 34
557 34
558 34
559 29
560 0
561 29
562 29
563 34
564 29
565 29
566 29
567 29
568 34
569 34
570 29
571 34
572 29
573 0
574 34
575 34
576 29
577 29
578 34
579 34
580 34
581 8
582 34
583 29
584 34
585 0
586 0
587 34
588 34
589 29
590 34
591 29
592 34
593 29
594 1
595 34
596 34
597 29
598 29
599 34
600 29
601 29
602 34
603 29
604 29
605 34
606 29
607 29
608 34
609 29
610 29
611 41
612 34
613 29
614 29
615 41
616 34
617 34
618 0
619 34
620 29
621 29
622 34
623 29
624 29
625 29
626 29
627 29
628 34
629 29
630 34
631 29
632 34
633 34
634 29
635 29
636 29
637 41
638 29
639 29
640 29
641 29
642 34
643 29
644 34
645 34
646 29
647 34
648 34
649 29
650 0
651 29
652 0
653 29
654 29
655 29
656 29
657 34
658 29
659 29
660 34
661 34
662 29
663 34
664 29
665 34
666 34
667 8
668 29
669 34
670 34
671 29
672 29
673 8
674 34
675 29
676 29
677 29
678 29
679 29
680 29
681 29
682 34
683 29
684 29
685 34
686 41
687 29
688 29
689 29
690 1
691 29
692 29
693 34
694 34
695 34
696 29
697 34
698 34
699 29
700 41
701 0
702 34
703 29
704 29
705 29
706 29
707 34
708 34
709 29
710 34
711 29
712 29
713 41
714 34
715 0
716 29
717 8
718 29
719 29
720 34
721 29
722 34
723 34
724 0
725 29
726 29
727 29
728 41
729 29
730 41
731 34
732 34
733 29
734 29
735 34
736 34
737 41
738 29
739 34
740 0
741 29
742 29
743 29
744 29
745 29
746 34
747 34
748 29
749 29
750 34
751 41
752 29
753 29
754 29
755 34
756 29
757 0
758 29
759 29
760 34
761 34
762 34
763 34
764 0
765 41
766 29
767 29
768 0
769 34
770 41
771 29
772 29
773 41
774 29
775 29
776 34
777 34
778 29
779 34
780 29
781 29
782 34
783 29
784 34
785 29
786 34
787 34
788 34
789 29
790 29
791 34
792 34
793 29
794 34
795 29
796 29
797 34
798 41
799 34
800 29
801 34
802 34
803 34
804 41
805 29
806 29
807 8
808 0
809 29
810 29
811 34
812 34
813 34
814 34
815 34
816 29
817 29
818 29
819 29
820 29
821 29
822 29
823 29
824 29
825 34
826 0
827 34
828 34
829 29
830 41
831 29
832 29
833 29
834 41
835 34
836 34
837 34
838 41
839 29
840 34
841 0
842 29
843 34
844 34
845 29
846 29
847 41
848 29
849 34
850 34
851 34
852 29
853 41
854 29
855 29
856 29
857 29
858 29
859 41
860 29
861 29
862 34
863 34
864 34
865 34
866 34
867 29
868 0
869 29
870 34
871 41
872 29
873 29
874 29
875 34
876 29
877 0
878 29
879 41
880 34
881 34
882 34
883 41
884 29
885 29
886 34
887 29
888 29
889 0
890 0
891 29
892 29
893 41
894 34
895 29
896 29
897 29
898 0
899 29
900 34
901 34
902 29
903 29
904 29
905 41
906 29
907 29
908 34
909 0
910 29
911 34
912 29
913 41
914 0
915 34
916 29
917 34
918 41
919 29
run time cost of algorithm SM_CTP is 3.05587seconds
