1268000 104 69
390 34
356 34
29 34
6 34
117 34
154 34
271 34
217 34
218 34
362 34
3 34
33 34
7 34
318 34
120 34
277 34
198 34
210 34
18 34
235 34
16 34
240 34
263 34
286 34
289 34
300 34
68 34
65 34
61 34
333 34
53 34
52 34
36 34
4 34
35 41
204 0
407 34
135 34
352 34
151 34
152 34
160 34
181 34
272 34
381 34
382 41
202 34
79 34
74 34
72 34
314 34
0 34
233 34
306 34
237 41
58 34
253 34
128 34
140 0
247 34
366 34
232 34
177 34
273 34
299 34
261 41
319 34
322 34
22 34
57 34
393 34
28 34
254 34
143 34
158 34
336 34
73 34
399 34
335 34
213 34
191 41
332 41
87 34
82 34
84 34
44 34
360 34
394 41
295 34
269 34
133 0
288 34
284 34
250 34
111 34
110 41
104 34
369 8
338 34
392 34
176 34
170 34
169 34
282 34
146 34
395 34
259 41
317 34
385 34
294 34
81 34
326 34
123 34
98 41
97 34
378 34
275 41
9 34
283 34
379 34
308 34
234 41
138 34
127 34
342 34
77 0
205 34
324 41
215 34
327 34
304 34
105 34
159 34
208 41
60 34
364 0
361 34
5 34
307 34
67 34
238 34
371 34
150 34
62 0
108 34
54 34
211 41
42 41
139 34
85 34
220 34
93 34
12 34
375 41
249 34
298 34
172 41
156 41
252 34
163 34
56 34
185 34
124 34
132 41
389 34
165 34
340 0
195 34
221 34
199 34
144 34
92 34
279 34
49 34
66 34
24 34
373 34
302 34
290 41
149 34
291 34
201 34
400 34
348 41
296 34
137 34
106 0
187 0
368 34
114 41
276 34
50 34
401 34
270 34
20 41
274 34
88 34
396 34
194 34
226 34
343 0
242 34
337 0
47 34
264 34
405 34
344 34
404 34
353 0
206 34
21 41
207 34
347 34
113 34
214 34
167 34
115 34
171 41
303 41
179 34
10 0
91 34
305 41
223 41
63 0
14 34
27 34
280 34
229 34
391 34
278 34
236 34
188 34
346 34
292 34
178 34
37 34
357 34
354 34
380 34
121 41
8 41
64 34
174 41
403 34
383 34
387 34
351 34
190 34
107 34
397 34
23 34
130 34
239 34
40 34
116 34
248 34
384 41
323 34
80 34
157 8
184 34
231 41
109 34
265 34
257 34
255 34
341 34
141 34
251 41
287 34
363 41
119 41
183 34
2 34
309 34
71 34
38 34
148 41
339 34
243 0
241 34
334 34
225 34
313 41
193 41
330 34
173 41
32 41
197 34
147 34
39 34
350 34
131 34
325 41
34 34
129 41
358 34
312 8
310 34
228 34
99 34
78 34
89 34
244 8
94 34
388 34
75 41
227 41
189 41
11 8
315 34
101 8
1 41
266 34
46 34
43 8
281 41
100 34
374 34
70 34
260 8
224 41
370 34
19 0
26 0
262 34
355 34
209 41
293 34
329 34
164 41
222 0
145 34
13 34
175 34
166 41
267 34
48 34
31 8
349 34
86 34
102 41
367 41
122 8
216 41
316 34
406 34
182 41
168 34
331 34
161 34
51 0
153 34
59 34
301 34
142 34
76 34
90 34
17 34
219 34
103 34
125 34
112 34
285 34
155 41
398 34
55 34
297 41
136 34
45 41
83 34
245 34
311 41
268 34
212 34
96 41
95 8
15 34
180 34
372 41
162 8
402 41
321 34
126 34
200 41
256 41
359 0
186 8
134 8
376 34
377 41
25 41
258 34
69 41
320 34
192 34
30 34
328 41
345 34
386 34
365 8
246 34
203 34
41 34
230 34
118 41
196 34
run time cost of algorithm DRT_BD is 0.113501seconds
