1158050 104 65
0 0
1 34
2 34
3 34
4 34
5 34
6 34
7 34
8 34
9 34
10 34
11 34
12 34
13 34
14 34
15 34
16 34
17 34
18 0
19 34
20 34
21 0
22 34
23 34
24 34
25 34
26 34
27 34
28 34
29 34
30 34
31 34
32 34
33 34
34 34
35 34
36 0
37 34
38 34
39 34
40 34
41 34
42 34
43 34
44 0
45 34
46 34
47 0
48 34
49 34
50 34
51 34
52 34
53 34
54 34
55 0
56 34
57 34
58 34
59 34
60 34
61 34
62 34
63 34
64 34
65 34
66 34
67 34
68 34
69 34
70 34
71 34
72 34
73 34
74 34
75 34
76 34
77 34
78 0
79 34
80 34
81 34
82 34
83 34
84 34
85 34
86 34
87 34
88 34
89 34
90 34
91 34
92 34
93 34
94 34
95 34
96 34
97 34
98 34
99 34
100 34
101 34
102 0
103 34
104 34
105 34
106 34
107 34
108 34
109 34
110 34
111 34
112 34
113 34
114 34
115 0
116 34
117 34
118 41
119 34
120 34
121 34
122 34
123 34
124 34
125 34
126 34
127 34
128 34
129 34
130 0
131 0
132 34
133 34
134 34
135 34
136 34
137 0
138 34
139 41
140 34
141 0
142 34
143 34
144 34
145 34
146 41
147 34
148 34
149 34
150 34
151 34
152 0
153 34
154 34
155 34
156 34
157 0
158 34
159 34
160 34
161 34
162 34
163 34
164 0
165 34
166 34
167 34
168 34
169 34
170 34
171 34
172 34
173 41
174 34
175 34
176 34
177 34
178 34
179 34
180 34
181 34
182 34
183 34
184 34
185 34
186 34
187 34
188 34
189 34
190 34
191 0
192 34
193 0
194 34
195 0
196 34
197 0
198 34
199 34
200 34
201 34
202 34
203 34
204 0
205 34
206 34
207 34
208 34
209 34
210 34
211 34
212 34
213 34
214 34
215 34
216 0
217 34
218 34
219 41
220 34
221 34
222 34
223 34
224 8
225 34
226 34
227 34
228 34
229 34
230 34
231 0
232 34
233 41
234 34
235 34
236 34
237 34
238 34
239 34
240 34
241 34
242 34
243 34
244 34
245 34
246 34
247 34
248 34
249 41
250 34
251 34
252 34
253 34
254 34
255 34
256 0
257 34
258 34
259 34
260 34
261 34
262 34
263 34
264 0
265 34
266 34
267 34
268 34
269 34
270 34
271 0
272 34
273 34
274 34
275 41
276 34
277 34
278 34
279 41
280 34
281 34
282 34
283 0
284 0
285 34
286 34
287 34
288 34
289 34
290 34
291 0
292 34
293 34
294 34
295 34
296 34
297 34
298 34
299 34
300 34
301 34
302 34
303 34
304 34
305 34
306 34
307 34
308 34
309 34
310 34
311 41
312 0
313 8
314 34
315 41
316 34
317 34
318 41
319 34
320 34
321 34
322 34
323 34
324 34
325 34
326 34
327 0
328 34
329 0
330 34
331 34
332 34
333 34
334 34
335 34
336 34
337 34
338 34
339 34
340 34
341 34
342 34
343 34
344 34
345 34
346 0
347 0
348 34
349 34
350 34
351 34
352 34
353 34
354 34
355 0
356 41
357 34
358 34
359 0
360 34
361 34
362 41
363 0
364 34
365 0
366 34
367 34
368 34
369 34
370 0
371 34
372 34
373 34
374 0
375 34
376 41
377 34
378 34
379 8
380 34
381 34
382 34
383 34
384 34
385 34
386 41
387 34
388 34
389 34
390 41
391 34
392 34
393 34
394 34
395 34
396 34
397 34
398 34
399 34
400 34
401 34
402 0
403 34
404 34
405 34
406 34
407 34
408 34
409 34
410 34
411 34
412 34
413 41
414 34
415 34
416 34
417 41
418 34
419 34
420 34
421 41
422 34
423 0
424 34
425 0
426 34
427 34
428 41
429 34
430 34
431 34
432 34
433 34
434 34
435 34
436 34
437 34
438 34
439 34
440 41
441 34
442 0
443 34
444 34
445 34
446 34
447 34
448 34
449 34
450 34
451 41
452 34
453 34
454 34
455 34
456 34
457 34
458 34
459 34
460 34
461 34
462 34
463 0
464 34
465 34
466 8
467 34
468 34
469 34
470 34
471 34
472 41
473 34
474 34
475 0
476 34
477 34
478 34
479 0
480 34
481 34
482 41
483 34
484 34
485 34
486 0
487 34
488 34
489 34
490 34
491 34
492 34
493 34
494 34
495 34
496 41
497 34
498 34
499 8
500 41
501 34
502 34
503 34
504 41
505 0
506 34
507 34
508 34
509 34
510 34
511 34
512 0
513 34
514 34
515 34
516 34
517 34
518 34
519 8
520 0
521 34
522 34
523 34
524 34
525 34
526 34
527 34
528 34
529 34
530 34
531 34
532 0
533 0
534 34
535 41
536 34
537 0
538 41
539 34
540 0
541 41
542 41
543 41
544 41
545 8
546 34
547 34
548 34
549 34
550 34
551 34
552 34
553 34
554 34
555 34
556 34
557 34
558 34
559 34
560 34
561 34
562 8
563 0
564 41
565 0
566 41
567 41
568 34
569 34
570 34
571 34
572 0
573 41
574 34
575 0
576 34
577 8
578 0
579 34
580 41
581 0
582 34
583 0
584 34
585 34
586 34
587 34
588 34
589 34
590 34
591 41
592 0
593 34
594 0
595 41
596 34
597 34
598 34
599 41
600 34
601 34
602 34
603 34
604 0
605 34
606 34
607 34
608 41
609 34
610 34
611 34
612 34
613 34
614 34
615 34
616 41
617 0
618 34
619 34
620 34
621 34
622 0
623 34
624 34
625 34
626 34
627 34
628 1
629 34
630 34
631 34
632 34
633 34
634 34
635 34
636 41
637 34
638 34
639 34
640 34
641 34
642 41
643 34
644 34
645 0
646 34
647 34
648 41
649 0
650 34
651 41
652 34
653 34
654 0
655 34
656 34
657 41
658 34
659 34
660 34
661 34
662 41
663 34
664 41
665 34
666 34
667 34
668 34
669 34
670 34
671 0
672 34
673 34
674 41
675 34
676 34
677 34
678 34
679 0
680 34
681 34
682 0
683 34
684 34
685 34
686 34
687 34
688 34
689 0
690 41
691 34
692 34
693 34
694 34
695 0
696 41
697 34
698 0
699 34
700 8
701 34
702 34
703 34
704 41
705 34
706 34
707 34
708 41
709 34
710 34
711 34
712 34
713 34
714 34
715 34
716 0
717 0
718 0
719 34
720 0
721 41
722 34
723 34
724 34
725 34
726 34
727 34
728 1
729 34
730 34
731 34
732 34
733 34
734 34
735 41
736 34
737 34
738 34
739 0
740 41
741 34
742 34
743 0
744 34
745 41
746 41
747 34
748 41
749 0
750 34
751 34
752 34
753 8
754 0
755 0
756 34
757 0
758 34
759 34
760 34
761 34
762 0
763 34
764 34
765 8
766 41
767 34
768 34
769 34
770 34
771 34
772 34
773 34
774 0
775 34
776 34
777 34
778 34
779 0
780 34
781 41
782 34
783 34
784 34
785 34
786 34
787 34
788 34
789 34
790 34
791 41
792 34
793 34
794 41
795 34
796 34
797 34
798 34
799 34
800 34
801 34
802 34
803 34
804 41
805 34
806 34
807 34
808 34
809 41
810 34
811 41
812 34
813 34
814 34
815 34
816 0
817 34
818 34
819 34
820 34
821 34
822 41
823 34
824 34
825 34
826 41
827 34
828 34
829 34
830 34
831 8
832 34
833 34
834 34
835 0
836 41
837 34
838 34
839 34
840 34
841 34
842 34
843 34
844 34
845 34
846 34
847 34
848 0
849 34
850 41
851 34
852 41
853 34
854 34
855 34
856 34
857 34
858 41
859 34
860 8
861 41
862 34
863 34
864 41
865 0
866 0
867 41
868 34
869 34
870 34
871 34
872 34
873 34
874 34
875 34
876 34
877 34
878 0
879 34
880 8
881 41
run time cost of algorithm SM_CTP is 1.71762seconds
