1551200 104 68
78 34
123 34
15 34
147 34
7 41
43 34
85 34
98 34
40 34
97 34
115 34
2 34
8 34
129 34
142 0
143 34
94 34
13 34
89 34
84 34
172 34
118 34
57 34
70 34
51 34
54 34
44 41
71 34
68 34
62 34
114 34
126 34
146 34
58 34
176 34
95 34
90 34
131 34
157 34
69 34
9 34
88 34
1 34
169 34
91 34
122 34
65 34
170 34
128 34
33 34
30 34
139 34
35 34
27 34
49 34
124 34
174 34
3 34
18 0
28 0
112 34
102 34
34 0
99 34
79 34
106 34
110 34
92 34
32 34
166 41
42 34
133 34
168 34
164 34
163 34
171 34
132 34
59 34
75 34
177 34
80 41
21 34
36 34
41 34
138 34
53 34
113 34
38 34
141 34
119 34
116 34
167 34
109 34
108 34
67 34
55 34
150 34
173 34
82 34
23 34
153 34
158 34
48 34
25 34
120 0
61 34
56 34
100 34
103 34
17 34
20 34
125 34
111 34
47 0
4 34
60 34
5 34
22 34
144 34
151 34
73 34
121 41
81 34
31 34
24 34
14 34
37 34
74 34
135 34
160 41
72 0
145 34
52 34
165 0
175 0
76 34
86 34
19 34
159 34
134 0
155 0
0 34
130 0
16 34
63 34
162 34
77 34
45 34
50 34
6 41
10 8
96 34
149 34
104 41
66 41
154 34
105 34
26 8
140 41
107 34
46 34
83 34
127 34
137 34
161 34
64 34
93 34
87 34
101 34
148 34
11 34
156 34
39 34
29 34
136 34
12 34
152 41
117 34
run time cost of algorithm DRT_BD is 0.020286seconds
