258400 104 65
0 34
1 34
2 34
3 34
4 34
5 34
6 34
7 34
8 0
9 34
10 34
11 34
12 34
13 34
14 34
15 34
16 34
17 34
18 34
19 34
20 34
21 0
22 34
23 34
24 34
25 34
26 34
27 34
28 34
29 34
30 34
31 34
32 34
33 34
34 34
35 34
36 34
37 34
38 34
39 34
40 34
41 34
42 34
43 34
44 34
45 34
46 34
47 34
48 0
49 34
50 34
51 34
52 34
53 34
54 34
55 34
56 34
57 34
58 34
59 34
60 34
61 34
62 34
63 34
64 0
65 34
66 34
67 34
68 34
69 34
70 34
71 34
72 34
73 0
74 34
75 34
76 34
77 34
78 34
79 34
80 34
81 34
82 34
83 34
84 34
85 0
86 34
87 0
88 34
89 0
90 0
91 34
92 34
93 34
94 34
95 34
96 34
97 34
98 0
99 34
100 34
101 0
102 34
103 34
104 34
105 34
106 34
107 34
108 34
109 34
110 34
111 0
112 34
113 34
114 34
115 34
116 34
117 34
118 34
119 34
120 0
121 34
122 34
123 34
124 34
125 34
126 34
127 0
128 34
129 34
130 34
131 34
132 34
133 0
134 34
135 34
136 34
137 34
138 34
139 34
140 34
141 34
142 0
143 34
144 34
145 34
146 34
147 34
148 34
149 34
150 34
151 34
152 0
153 34
154 34
155 34
156 34
157 34
158 34
159 0
160 34
161 34
162 34
163 0
164 34
165 34
166 41
167 34
168 34
169 34
170 34
171 34
172 0
173 34
174 34
175 34
176 34
177 34
178 34
179 34
180 34
181 34
182 0
183 0
184 34
185 34
186 34
187 0
188 34
189 34
190 34
run time cost of algorithm SM_CTP is 0.066379seconds
