2470800 104 67
0 34
1 0
2 34
3 34
4 34
5 0
6 34
7 0
8 0
9 34
10 34
11 34
12 34
13 34
14 34
15 34
16 34
17 0
18 34
19 34
20 34
21 34
22 34
23 34
24 34
25 34
26 34
27 34
28 34
29 34
30 0
31 34
32 34
33 34
34 34
35 34
36 34
37 34
38 34
39 34
40 34
41 34
42 0
43 34
44 34
45 0
46 34
47 34
48 34
49 34
50 34
51 34
52 34
53 34
54 34
55 34
56 34
57 34
58 34
59 34
60 34
61 34
62 34
63 41
64 34
65 34
66 34
67 34
68 34
69 34
70 34
71 34
72 34
73 0
74 34
75 34
76 34
77 34
78 34
79 34
80 34
81 34
82 41
83 0
84 34
85 34
86 34
87 34
88 0
89 34
90 34
91 34
92 34
93 34
94 34
95 34
96 34
97 34
98 34
99 34
100 34
101 34
102 0
103 34
104 34
105 34
106 34
107 34
108 34
109 34
110 34
111 34
112 0
113 34
114 34
115 0
116 0
117 34
118 34
119 34
120 34
121 34
122 0
123 34
124 34
125 34
126 34
127 34
128 34
129 34
130 34
131 34
132 34
133 34
134 34
135 0
136 34
137 34
138 34
139 34
140 34
141 34
142 34
143 34
144 34
145 34
146 34
147 34
148 34
149 0
150 34
151 34
152 34
153 34
154 34
155 34
156 34
157 34
158 0
159 34
160 34
161 34
162 34
163 34
164 34
165 34
166 34
167 34
168 34
169 34
170 34
171 34
172 34
173 34
174 34
175 34
176 34
177 34
178 34
179 34
180 34
181 34
182 34
183 34
184 34
185 0
186 34
187 34
188 41
189 34
190 34
191 34
192 34
193 34
194 34
195 34
196 34
197 0
198 34
199 34
200 34
201 34
202 34
203 34
204 34
205 34
206 34
207 8
208 34
209 41
210 41
211 34
212 34
213 34
214 34
215 34
216 0
217 34
218 34
219 34
220 34
221 34
222 34
223 34
224 34
225 34
226 0
227 34
228 0
229 34
230 41
231 0
232 34
233 34
234 34
235 34
236 34
237 0
238 34
239 34
240 0
241 34
242 34
243 41
244 0
245 34
246 34
247 34
248 34
249 34
250 34
251 0
252 34
253 34
254 0
255 34
256 34
257 34
258 41
259 34
260 34
261 34
262 34
263 34
264 34
265 34
266 34
267 41
268 41
269 34
270 34
271 34
272 34
273 34
274 34
275 34
276 41
277 34
278 34
279 34
280 34
281 0
282 34
283 34
284 34
285 34
286 34
287 41
288 34
289 0
290 34
291 34
292 34
293 34
294 34
295 34
296 34
297 34
298 34
299 8
300 0
301 34
302 41
303 34
304 34
305 41
306 34
307 34
308 34
309 34
310 34
311 0
312 34
313 34
314 0
315 34
316 34
317 34
318 34
319 34
320 34
321 34
322 34
323 41
324 34
325 34
326 41
327 34
328 34
329 41
330 34
331 34
332 34
333 34
334 34
335 34
336 34
337 34
338 34
339 34
340 34
341 34
342 34
343 41
344 34
345 34
346 34
347 41
348 34
349 41
350 41
351 41
352 34
353 41
354 34
355 34
356 34
357 34
358 34
359 34
360 34
361 34
362 34
363 41
364 34
365 34
366 34
367 34
368 34
369 34
370 41
371 34
372 34
373 34
374 34
375 34
376 34
377 34
378 34
379 34
380 34
381 34
382 0
383 34
384 34
385 34
386 0
387 0
388 41
389 34
390 34
391 41
392 34
393 34
394 34
395 41
396 0
397 34
398 34
399 34
400 34
401 34
402 41
403 34
404 34
405 34
406 41
407 34
408 34
409 34
410 34
411 34
412 34
413 0
414 0
415 1
416 34
417 34
418 41
419 34
420 0
421 34
422 34
423 41
424 34
425 34
426 34
427 34
428 34
429 34
430 34
431 34
432 34
433 41
434 1
435 41
436 34
437 34
438 41
439 34
440 34
441 34
442 34
443 34
444 34
445 34
446 0
447 34
448 34
449 34
450 8
451 41
452 34
453 34
454 34
455 34
456 34
457 34
458 34
459 34
460 34
461 34
462 34
463 34
464 34
465 41
466 34
467 34
468 41
469 34
470 34
471 34
472 41
473 34
474 34
475 34
476 34
477 34
478 34
479 34
480 34
481 34
482 34
483 34
484 34
485 34
486 34
487 8
488 34
489 34
490 34
491 34
492 34
493 41
494 41
495 34
496 34
497 34
498 34
499 34
500 34
501 41
502 34
503 41
504 1
505 34
506 34
507 34
508 34
509 0
510 34
511 34
512 34
513 34
514 34
515 0
516 34
517 34
518 34
519 41
520 41
521 41
522 34
523 34
524 34
525 34
526 34
527 34
528 34
529 34
530 41
531 41
532 34
533 34
534 34
535 34
536 34
537 34
538 34
539 34
540 34
541 34
542 34
543 34
544 34
545 41
546 34
547 34
548 0
549 34
550 34
551 41
552 34
553 34
554 41
555 34
556 34
557 34
558 34
559 0
560 0
561 34
562 34
563 34
564 34
565 41
566 41
567 34
568 34
569 34
570 34
571 41
572 34
573 34
574 34
575 41
576 8
577 34
578 41
579 34
580 34
581 34
582 34
583 41
584 34
585 41
586 34
587 41
588 34
589 34
590 34
591 34
592 41
593 34
594 34
595 8
596 34
597 34
598 34
599 34
600 34
601 41
602 34
603 41
604 34
605 41
606 34
607 34
608 34
609 41
610 34
611 34
612 34
613 41
614 0
615 34
616 34
617 41
618 0
619 34
620 34
621 41
622 34
623 41
624 41
625 41
626 41
627 41
628 41
629 41
630 0
631 34
632 41
633 41
634 41
635 41
636 41
637 8
638 41
639 41
640 0
641 8
642 41
643 41
644 41
645 41
646 41
647 41
648 41
649 41
650 41
651 41
652 41
653 41
654 1
655 41
656 8
657 41
658 41
659 41
660 41
661 41
662 41
663 34
664 41
665 41
666 41
667 0
668 41
669 41
670 41
671 41
672 41
673 41
674 41
675 41
676 41
677 41
678 41
run time cost of algorithm SM_CTP is 1.12645seconds
