1115250 104 66
157 34
340 34
115 34
415 34
780 34
731 34
593 34
551 34
689 34
231 0
35 34
41 34
20 34
629 34
385 0
620 34
384 34
633 34
560 34
454 34
53 34
853 34
609 34
373 34
723 34
400 34
594 34
777 34
402 0
61 34
529 0
698 34
104 34
487 34
654 34
320 34
552 34
360 34
287 34
392 34
40 34
696 34
764 34
757 34
187 34
43 34
747 34
269 34
738 34
767 34
250 34
474 34
792 34
795 34
573 34
733 34
800 34
95 34
753 34
46 34
170 34
391 34
160 34
722 34
528 34
469 34
31 34
226 34
475 34
336 34
225 34
817 34
657 34
18 34
554 34
744 34
619 34
2 34
148 0
818 34
561 34
623 34
344 34
827 34
130 34
663 0
129 34
87 34
249 34
811 34
666 34
282 34
293 0
310 34
601 34
712 41
408 34
801 34
681 34
772 34
158 34
683 34
520 34
828 0
330 34
443 34
168 34
688 34
514 34
370 41
248 34
505 41
435 34
264 34
791 34
703 34
794 0
766 34
49 34
669 34
383 34
843 34
788 34
165 0
245 34
647 34
22 34
651 34
819 34
439 34
368 34
461 34
346 34
298 34
367 34
394 34
502 34
660 0
457 41
463 34
36 34
627 34
155 34
444 34
815 34
232 34
539 0
224 41
218 34
247 34
540 34
637 34
705 34
333 34
500 34
142 34
235 34
238 34
726 34
674 34
740 34
665 34
309 34
163 34
63 34
288 34
640 34
314 34
106 34
369 34
99 34
178 34
600 34
171 34
207 34
538 34
449 34
488 34
557 34
447 34
14 34
821 34
272 0
707 34
476 34
607 34
128 34
395 34
571 34
28 34
671 41
322 41
568 34
497 34
86 8
612 34
427 34
617 34
9 34
246 34
822 0
729 34
233 0
496 34
374 0
357 34
570 34
68 34
667 0
825 34
697 34
702 34
213 34
73 0
78 34
735 34
432 41
393 34
782 41
304 34
397 34
849 34
349 34
407 34
112 0
680 34
641 34
102 34
42 34
467 34
498 34
455 34
389 0
790 34
420 34
736 34
810 41
576 34
191 34
239 34
838 34
6 34
650 0
216 34
48 34
297 0
473 34
544 34
495 34
328 34
645 34
724 34
4 34
72 41
352 34
255 34
109 34
413 34
597 41
775 34
153 34
124 0
662 34
605 34
27 41
847 0
151 34
513 34
359 34
848 34
411 34
219 34
388 34
793 0
292 34
83 34
472 34
19 34
137 34
254 34
253 34
636 34
814 34
162 34
284 34
831 34
826 34
24 34
175 34
569 34
423 34
635 34
632 34
202 34
418 0
491 34
478 34
709 34
595 41
34 34
259 0
217 34
494 34
466 34
136 34
846 41
508 34
127 41
534 34
806 0
76 34
125 41
482 34
337 0
56 34
183 34
579 34
598 34
572 34
103 34
437 34
836 34
515 34
430 41
258 34
206 0
12 34
347 34
90 34
85 34
107 0
209 34
211 0
710 34
334 41
553 34
308 0
313 34
751 34
96 34
169 34
583 34
556 0
409 8
192 34
749 34
331 34
180 34
761 34
596 34
765 34
141 34
592 8
283 0
812 34
840 34
356 34
518 34
523 34
521 0
589 34
335 34
673 0
39 0
737 34
65 34
532 34
299 34
796 34
111 34
398 34
421 34
199 34
481 34
120 34
196 0
266 34
159 34
144 34
770 34
699 34
350 34
10 34
543 34
319 34
545 34
327 34
442 34
5 34
717 34
390 0
188 0
3 34
844 34
311 34
727 34
618 34
371 0
291 34
37 34
522 34
406 34
856 34
711 34
379 34
732 41
483 34
223 34
222 34
558 34
69 34
30 34
66 34
562 34
355 34
728 34
363 34
510 34
208 34
57 34
837 41
649 34
533 34
823 34
318 34
586 34
548 34
1 41
460 34
758 34
193 34
615 34
195 34
433 41
624 41
690 41
564 0
566 34
212 0
203 34
98 34
581 34
108 34
396 0
480 34
693 34
138 41
179 34
348 34
150 34
759 34
324 34
531 41
687 34
429 8
807 34
549 34
332 34
438 41
228 34
501 34
503 34
462 34
675 34
365 34
785 34
658 34
621 34
364 34
468 34
354 41
559 34
854 0
778 34
29 41
55 34
678 34
186 0
38 41
149 34
631 0
734 34
684 34
426 41
527 41
809 0
412 34
214 34
184 34
167 34
110 34
295 34
706 34
577 34
752 41
850 34
587 34
156 34
84 34
754 34
519 34
771 34
535 34
622 34
591 34
603 34
422 34
201 34
829 34
509 34
575 41
251 34
131 34
132 0
50 0
424 41
664 34
377 34
286 34
71 34
464 34
25 34
234 34
547 0
567 34
721 34
113 0
652 34
414 34
265 34
453 34
760 34
798 34
33 41
312 34
210 41
830 34
537 34
628 34
77 34
21 34
197 34
471 41
281 41
140 34
200 34
244 0
381 34
229 34
274 34
8 34
602 41
263 34
252 34
404 0
479 34
0 41
428 0
634 34
302 34
7 41
803 34
685 34
563 34
51 34
833 34
784 34
769 34
585 34
719 34
762 34
164 34
642 34
797 34
362 34
351 34
345 34
842 34
578 34
271 34
325 34
118 34
713 34
716 34
152 34
372 34
147 34
668 0
524 34
122 0
74 41
243 34
470 34
15 0
802 34
779 34
419 0
452 34
774 8
133 34
315 34
294 34
786 0
145 34
695 34
173 34
119 34
492 34
499 34
824 41
504 34
358 41
755 34
262 0
261 34
746 0
525 34
730 34
220 41
542 34
204 0
80 34
382 41
82 34
625 34
739 8
546 34
215 34
230 34
236 34
742 34
189 41
410 34
718 34
714 34
490 34
273 0
555 34
276 34
44 34
485 34
146 41
459 34
799 34
139 41
834 41
646 0
121 34
64 8
648 34
353 34
81 34
205 34
816 34
387 34
190 41
565 34
512 34
366 34
691 34
70 34
54 34
789 34
403 34
431 34
839 0
105 34
338 34
841 34
296 34
166 34
198 34
26 34
610 0
307 34
227 34
783 34
116 41
656 34
517 34
599 34
380 34
835 8
342 34
672 34
804 34
52 41
445 41
661 41
290 34
329 34
440 0
639 34
161 34
154 34
606 41
279 34
486 34
16 34
694 34
832 41
608 34
776 34
536 34
477 8
820 34
741 34
580 34
174 34
852 34
114 41
89 34
677 34
845 34
75 34
182 41
611 34
750 34
434 34
679 34
257 34
386 0
584 8
781 34
507 34
725 0
743 34
240 34
67 34
267 34
32 34
653 34
306 34
339 34
590 0
401 34
341 34
450 34
588 34
100 34
194 34
692 34
484 34
241 0
242 8
417 41
134 34
23 34
143 34
405 34
260 41
715 34
441 34
305 41
323 34
285 0
126 0
436 0
270 34
317 41
92 34
275 34
787 0
321 34
700 34
676 0
93 34
448 41
756 41
574 41
177 0
614 34
630 34
17 41
686 41
300 34
616 34
526 0
626 34
682 34
59 34
489 34
604 34
277 34
316 34
451 34
613 41
704 41
172 41
708 34
458 34
181 34
91 34
720 41
655 34
516 34
361 34
465 34
88 8
79 41
13 0
644 41
425 41
416 34
659 0
62 41
773 34
278 41
808 34
701 8
185 34
748 34
582 8
813 34
399 34
805 41
378 8
376 34
638 34
530 41
343 34
117 34
643 41
670 41
123 34
541 34
135 34
301 34
289 34
511 41
768 34
506 34
280 34
763 34
268 0
176 34
256 41
745 41
45 34
237 34
11 34
47 34
493 34
456 34
446 34
58 34
60 0
94 34
375 0
97 34
221 34
851 34
101 34
326 41
303 34
855 34
550 34
run time cost of algorithm DRT_BD is 0.389097seconds
