966300 104 64
101 34
495 2
194 34
684 34
634 34
359 34
27 34
242 34
509 2
593 34
230 34
121 34
519 34
710 34
350 2
223 34
220 34
659 34
669 34
105 2
20 34
487 34
443 2
505 2
715 34
431 34
244 34
442 34
259 34
79 2
589 34
150 34
417 2
162 34
462 34
218 34
215 41
447 34
714 34
47 34
520 34
530 34
303 34
631 34
511 34
699 34
676 34
408 34
675 34
405 34
246 34
89 34
17 34
314 34
219 34
293 34
392 34
145 34
453 2
696 34
353 34
260 34
690 34
356 34
139 34
479 34
378 34
380 34
207 34
652 34
587 34
434 34
521 34
179 34
458 34
177 34
369 34
397 34
249 34
562 34
109 34
19 2
102 34
96 2
204 34
645 34
463 34
522 2
712 34
322 34
143 34
144 34
572 2
88 34
166 34
159 34
688 34
677 34
416 34
186 34
446 34
51 34
504 34
557 34
173 34
627 34
52 34
452 34
64 34
580 34
468 34
523 34
346 34
307 34
628 34
313 41
503 34
476 34
106 34
119 34
175 34
574 34
680 34
576 41
692 34
428 34
288 34
275 34
382 34
552 2
515 41
400 34
280 34
285 34
90 34
514 34
535 34
527 34
517 34
210 34
488 34
553 34
35 34
107 2
214 34
56 34
391 2
689 34
257 2
231 34
561 34
245 34
85 34
653 34
61 34
577 34
216 41
174 34
419 34
112 34
165 34
235 2
161 2
410 34
93 34
620 41
10 34
82 41
612 34
169 34
272 34
328 41
555 34
531 34
197 34
151 34
37 34
187 34
371 34
706 34
252 34
387 34
622 34
508 34
413 41
12 34
703 41
608 41
222 34
189 2
399 34
221 34
601 34
395 34
131 34
719 34
130 34
540 34
510 34
707 34
345 34
154 34
50 41
717 34
134 34
379 2
583 2
497 41
349 34
596 41
482 34
720 34
126 34
125 34
386 34
193 34
122 2
686 34
573 34
656 34
516 34
142 34
494 41
182 8
309 41
141 41
374 34
243 2
360 34
595 34
71 34
33 2
644 34
63 34
667 34
421 41
325 34
501 2
709 41
500 34
440 34
238 34
412 34
158 34
498 34
616 34
565 2
691 34
512 41
156 34
651 41
295 34
181 34
385 34
0 34
441 34
364 34
362 41
300 34
466 34
633 34
120 41
15 34
575 2
11 41
597 2
196 34
549 41
319 2
317 34
342 34
136 34
296 34
543 41
3 2
344 41
191 34
270 2
705 34
311 34
681 34
336 34
372 34
283 41
284 8
58 34
236 41
564 34
588 41
347 41
657 34
66 41
655 34
475 34
435 41
603 41
605 34
202 34
640 41
578 34
409 34
718 34
200 34
44 34
305 8
581 34
53 34
539 41
439 34
116 2
478 34
367 34
273 34
32 34
263 34
26 41
617 34
261 34
566 34
499 2
625 34
674 34
137 41
209 34
73 34
111 34
268 41
545 34
104 34
232 41
233 34
324 34
618 34
160 34
490 34
570 41
176 34
190 2
338 34
529 34
340 34
591 34
98 34
629 41
253 2
302 41
660 41
630 41
76 41
492 2
635 41
84 2
619 34
4 2
518 2
700 41
467 41
414 34
62 34
354 34
304 34
502 34
306 34
247 34
38 2
315 34
426 34
538 34
693 34
550 34
697 34
163 34
361 34
123 34
1 2
195 34
602 41
48 41
366 34
153 41
654 8
381 41
396 34
678 34
491 41
432 34
29 8
81 34
75 2
642 2
643 41
188 34
687 2
648 34
485 2
711 34
480 34
327 34
571 41
289 2
49 8
541 34
456 2
198 41
224 34
375 2
451 34
460 2
582 34
149 8
569 34
436 34
398 34
637 34
546 34
39 34
266 41
343 34
234 41
250 34
415 34
72 34
390 34
34 34
536 34
31 41
493 34
427 34
506 34
77 34
80 8
127 34
206 41
513 34
83 34
551 34
68 34
115 41
568 41
100 34
363 34
8 34
264 2
281 34
526 41
402 34
213 34
217 41
713 34
24 8
30 34
424 34
685 34
265 34
297 41
208 34
59 41
334 34
290 34
333 34
650 34
649 34
560 34
590 34
128 34
277 8
607 34
86 34
110 34
469 41
470 34
5 34
97 41
95 2
22 34
92 34
278 2
444 34
271 34
670 34
665 34
559 2
449 34
373 34
312 34
433 2
321 34
172 34
269 34
185 34
225 41
474 41
118 41
533 34
411 34
534 2
254 41
262 34
258 34
292 34
662 34
450 2
406 2
437 41
459 41
69 34
404 34
668 34
558 34
465 34
211 34
683 34
229 34
461 34
212 34
6 41
471 34
647 41
455 34
721 34
567 41
228 34
370 34
13 34
178 34
384 34
240 2
584 2
701 34
129 34
203 34
599 2
615 34
438 34
638 2
46 2
54 34
192 34
621 34
646 41
67 34
323 8
393 34
320 34
351 34
25 34
606 41
600 34
201 41
464 41
358 34
585 34
507 34
524 41
133 41
418 2
227 41
403 34
663 34
91 2
21 41
183 34
132 41
477 34
671 34
99 8
496 41
483 34
542 34
420 34
632 41
702 2
355 41
694 34
481 34
698 41
147 34
94 34
40 2
41 34
274 34
329 34
286 41
298 41
14 2
383 34
658 41
168 34
170 2
592 34
335 34
365 34
337 34
237 2
376 41
484 41
626 34
673 34
348 34
87 34
251 34
339 34
472 41
16 34
422 34
135 34
167 34
636 34
704 41
276 34
279 8
611 41
7 34
613 34
486 34
388 41
43 8
155 8
267 41
448 34
308 41
205 34
256 34
148 8
425 2
310 41
60 8
624 2
146 2
532 34
152 34
184 34
23 41
430 8
489 41
394 41
445 41
708 34
226 41
180 34
117 34
341 34
241 34
537 34
164 34
301 8
103 34
610 34
598 34
9 34
199 2
138 41
716 34
140 34
473 34
547 2
641 34
389 8
429 34
36 41
70 41
42 34
113 34
604 34
291 34
287 34
57 34
586 8
664 34
282 34
563 2
401 41
171 34
55 34
594 34
609 41
661 34
45 2
525 34
679 34
614 41
556 2
316 41
330 2
255 41
248 34
2 34
74 34
457 34
423 34
672 34
124 41
318 41
454 34
682 34
548 34
28 34
639 41
294 34
114 2
18 34
407 34
65 34
332 41
108 8
528 8
299 34
331 41
623 34
695 41
239 41
357 34
666 2
78 34
352 34
554 34
579 34
377 2
157 34
326 8
368 2
544 41
run time cost of algorithm DRT_BD is 0.339418seconds
