976800 120 39
254 41
241 9
81 25
221 9
28 25
23 25
146 25
171 25
155 25
204 25
60 25
203 25
229 25
101 25
129 25
262 41
130 25
194 25
252 25
109 25
20 25
245 25
54 41
52 25
211 34
102 25
190 25
123 25
111 25
114 25
253 25
270 25
149 41
200 25
250 25
31 25
178 25
148 25
157 25
41 25
225 25
236 41
237 25
260 25
74 25
191 25
258 25
36 25
223 25
231 9
64 25
173 25
116 25
162 25
110 25
261 25
84 34
184 41
145 25
95 9
61 25
153 25
14 25
9 25
100 25
268 25
177 41
88 25
51 41
137 25
209 25
217 25
37 25
70 25
78 25
263 25
238 25
125 25
131 41
49 25
138 25
193 41
169 25
206 25
11 25
1 25
10 25
210 41
251 41
21 41
63 25
16 25
2 25
150 41
242 25
175 25
220 25
42 25
107 41
249 41
218 25
89 25
179 25
71 25
152 25
108 25
106 41
182 34
45 34
156 25
234 25
85 41
47 9
79 25
224 34
34 41
56 25
183 34
174 9
3 25
127 25
141 25
189 41
133 25
244 25
13 25
66 41
187 25
118 41
119 25
86 25
126 25
192 25
240 37
40 25
135 25
83 25
26 25
215 25
46 37
93 34
230 41
136 41
30 25
256 41
188 25
232 25
94 41
165 9
259 25
27 41
15 25
117 25
58 25
219 25
33 9
159 41
213 34
91 34
57 25
38 25
55 25
255 25
198 41
144 25
196 41
113 25
39 41
43 25
207 25
201 9
140 25
143 9
248 41
154 25
197 41
44 41
76 25
208 34
185 38
67 41
202 25
163 41
264 41
96 25
257 25
142 34
98 41
75 41
65 25
222 25
0 25
271 25
180 38
62 9
82 25
199 41
32 25
226 25
17 41
160 41
104 25
115 41
122 25
139 41
5 25
68 25
246 38
35 25
92 34
158 25
212 25
124 41
151 25
105 41
205 25
19 25
269 41
4 41
247 25
170 41
80 37
195 25
176 25
243 25
7 41
214 25
216 34
121 25
120 34
161 9
164 25
227 41
48 41
69 25
128 41
6 25
147 38
8 34
25 25
166 25
50 41
172 41
90 25
73 37
235 25
59 25
87 25
233 25
99 25
24 41
266 25
239 25
77 41
97 25
29 41
103 41
112 25
132 37
134 25
186 41
53 25
72 25
22 25
228 25
18 25
12 41
265 25
267 41
167 25
168 41
181 41
run time cost of algorithm DRT_AG is 0.001126seconds
