1310400 109 68
147 34
405 34
166 34
392 34
77 34
179 34
274 34
20 34
366 34
336 34
353 34
94 34
432 34
91 34
417 34
402 34
389 34
66 34
64 34
231 41
244 34
17 34
297 3
45 34
317 34
23 3
344 34
346 34
301 34
123 34
127 34
139 34
24 34
401 34
328 34
320 3
9 34
40 3
312 34
42 34
307 34
186 34
47 34
48 3
218 34
68 34
219 34
379 34
278 34
371 34
238 34
253 34
337 34
173 34
319 34
44 34
368 34
378 34
257 34
254 34
359 34
0 34
30 41
14 34
272 34
230 34
52 34
281 34
289 34
129 34
209 34
135 34
361 34
203 34
191 34
350 34
330 34
321 34
21 34
79 34
169 3
385 34
152 34
411 34
206 34
71 3
369 34
267 34
57 34
107 34
96 34
2 34
373 34
217 34
8 34
150 34
355 34
133 34
185 34
89 34
36 3
302 34
311 34
116 34
92 34
428 34
425 34
140 41
159 34
164 41
177 34
205 34
232 34
332 41
251 34
306 3
38 34
37 3
291 34
277 34
246 34
190 34
128 34
341 34
180 34
345 41
18 34
5 34
144 41
316 41
313 34
273 34
329 34
334 41
106 41
189 41
342 34
78 34
85 34
16 34
151 34
386 3
141 41
433 3
65 34
208 34
1 34
390 34
75 41
175 34
294 41
213 34
285 34
339 34
33 3
256 34
73 34
199 34
118 34
196 41
176 34
161 41
124 34
406 34
86 41
264 34
234 41
113 34
236 41
80 34
136 34
318 34
245 41
323 34
410 41
149 34
226 34
260 34
279 34
6 41
247 41
72 34
46 34
182 34
131 34
403 24
97 34
187 34
28 34
262 24
112 34
165 41
101 34
370 34
137 34
372 41
429 41
200 3
202 34
382 34
418 41
296 3
111 34
314 34
53 3
383 3
416 34
377 34
13 3
12 34
69 34
276 34
380 34
221 34
167 34
207 41
265 34
298 34
286 41
67 34
148 34
423 34
222 34
266 3
240 34
10 34
284 34
99 34
195 34
88 34
412 34
83 41
360 34
197 24
395 3
343 34
374 34
204 34
49 34
34 34
250 34
60 41
19 34
283 34
280 34
235 41
122 41
358 34
270 34
408 3
15 41
105 34
178 41
399 34
211 41
397 34
214 34
210 34
331 41
362 41
132 34
95 34
409 34
168 41
27 34
170 41
4 34
303 34
249 24
121 34
414 34
51 34
419 34
193 34
288 41
145 41
184 34
396 34
348 34
354 41
117 34
310 24
134 34
233 41
3 41
363 41
367 34
108 41
11 41
93 41
59 34
87 24
142 34
215 34
29 34
375 41
338 41
393 41
224 34
299 24
174 41
427 34
119 34
102 24
90 41
305 41
407 41
357 41
26 34
325 41
413 41
227 8
198 34
415 24
420 34
315 41
31 34
39 34
115 41
70 34
261 34
100 41
43 8
275 34
76 34
430 41
394 24
242 34
252 34
347 34
269 34
41 41
421 34
324 34
216 34
192 34
82 34
300 34
333 41
398 41
220 34
120 34
103 34
181 41
50 34
295 41
223 41
340 34
309 34
229 34
255 41
268 34
263 34
400 41
98 34
163 41
327 34
81 34
356 34
404 34
130 41
384 41
201 34
381 41
157 34
351 41
22 34
349 41
228 34
271 34
188 24
422 34
84 34
183 34
431 41
104 34
376 34
293 34
212 34
364 34
290 41
25 34
194 34
387 41
241 41
243 41
56 8
322 24
158 34
58 41
7 41
259 41
110 34
171 34
138 41
54 34
237 41
308 34
55 34
114 41
391 41
239 34
153 8
326 41
109 34
35 24
365 3
172 41
335 34
162 41
160 34
248 34
156 34
154 3
352 41
74 34
62 34
125 34
424 3
282 41
287 34
292 34
146 24
63 34
258 3
32 3
143 3
61 3
155 34
388 41
304 41
426 24
126 41
225 41
run time cost of algorithm DRT_BD is 0.138925seconds
