958100 170 51
645 9
140 9
127 9
126 9
495 9
196 9
446 9
200 9
90 9
202 9
435 9
301 9
12 9
622 9
623 9
219 9
306 9
66 9
52 34
245 9
367 9
258 9
355 34
698 9
336 9
538 9
26 9
537 34
145 9
654 9
284 9
125 9
572 9
286 9
203 9
360 9
298 9
193 9
51 9
681 9
62 9
31 9
235 34
212 9
38 9
56 9
371 9
669 9
599 9
604 9
314 9
598 9
684 9
358 9
189 9
581 9
459 9
687 34
177 9
129 9
79 9
527 9
695 9
234 9
398 9
148 34
534 9
70 9
83 9
699 9
697 9
340 9
364 9
225 9
682 34
521 9
726 9
659 9
629 34
451 9
377 9
256 9
324 9
475 9
201 9
307 9
93 34
344 9
705 9
347 9
561 9
487 9
676 6
712 9
261 9
115 6
615 9
165 9
282 9
635 9
529 9
5 6
530 9
46 9
592 6
539 9
383 34
17 9
696 9
345 9
603 10
197 9
20 9
107 9
294 9
137 9
180 9
691 6
711 9
289 9
541 9
119 9
641 9
630 9
515 34
409 9
3 9
510 9
158 34
384 34
232 9
393 9
243 9
564 9
507 9
665 9
445 9
717 9
185 9
605 9
700 9
649 9
535 9
80 9
183 9
237 9
365 9
447 9
354 6
689 9
175 9
13 9
378 6
353 9
522 9
22 9
513 9
558 6
28 9
633 9
87 9
390 9
89 9
701 9
102 9
135 34
250 9
249 34
594 9
19 9
124 34
430 9
155 9
330 9
308 9
693 9
267 9
227 9
611 9
304 9
132 9
710 6
411 9
42 9
421 9
617 9
595 9
679 9
668 9
664 9
45 6
578 9
43 34
257 9
481 9
482 9
489 9
694 9
511 9
512 9
546 9
533 9
414 34
455 9
374 9
252 9
657 9
653 9
652 9
352 6
634 9
542 9
147 9
211 9
418 9
24 9
288 9
540 9
708 9
528 6
302 9
438 9
41 9
706 9
248 9
573 9
519 34
567 9
503 6
341 9
607 9
381 9
606 6
597 9
476 9
61 9
563 9
505 9
375 9
228 9
329 9
241 9
449 9
264 9
109 9
480 6
703 6
469 9
303 34
184 9
686 9
479 9
636 9
253 9
359 9
419 9
576 9
181 34
149 34
405 9
468 9
678 9
568 9
131 9
526 9
265 9
34 9
520 9
610 9
658 9
566 9
194 9
239 9
385 9
586 9
73 9
170 9
441 9
392 9
434 9
39 9
714 9
728 9
293 9
663 9
614 9
123 9
240 9
220 9
577 9
427 9
719 9
0 34
387 9
524 9
443 6
142 9
214 34
412 9
574 9
224 6
593 6
637 9
356 9
709 6
685 9
14 6
108 6
532 9
269 9
116 9
205 6
29 6
291 6
229 6
382 9
316 9
651 6
596 6
120 9
471 9
523 9
11 6
187 34
242 9
48 6
509 9
648 9
209 6
457 9
246 9
550 9
631 9
283 6
454 9
159 6
213 9
643 9
500 9
63 9
259 9
103 9
117 9
439 6
571 9
397 6
373 9
725 6
166 9
525 9
569 34
23 9
721 9
262 9
134 6
216 6
276 6
337 9
317 34
100 6
416 6
247 9
150 9
518 9
299 6
130 9
395 9
674 6
53 9
619 9
618 9
404 9
517 9
492 9
477 6
410 9
313 9
105 9
428 6
207 9
497 9
399 6
713 9
315 9
379 34
236 9
287 9
30 9
2 9
272 9
71 9
638 6
350 6
50 6
613 9
666 9
544 9
486 9
580 9
432 9
400 9
133 9
543 6
144 9
278 6
128 6
47 9
591 9
32 6
186 9
502 9
167 9
583 9
95 34
560 9
506 9
318 9
494 6
281 9
160 9
671 9
60 34
640 9
396 6
716 9
554 6
677 34
452 9
650 9
268 9
113 9
429 10
141 9
260 6
484 6
143 6
612 9
491 9
16 6
493 6
440 6
223 9
642 9
346 9
467 6
585 9
680 9
547 9
456 9
58 9
334 9
423 9
75 9
65 9
545 9
431 9
162 9
466 9
323 9
118 9
33 6
498 9
255 6
646 9
263 6
661 9
192 6
343 9
82 9
146 6
94 9
559 9
588 9
639 9
444 9
300 9
472 9
582 6
349 10
309 9
277 9
112 9
729 6
376 6
85 9
369 6
77 6
222 9
722 6
357 9
270 9
718 9
548 9
7 9
333 9
285 9
496 9
704 10
138 9
54 9
608 9
370 9
673 9
25 34
632 10
153 9
111 9
402 34
348 9
660 6
551 6
656 6
104 6
628 9
273 6
417 9
152 9
161 9
69 34
720 9
121 9
616 6
275 9
406 9
363 9
448 9
221 9
366 9
320 6
68 9
555 6
386 9
231 9
672 9
204 6
437 9
536 6
97 9
174 9
372 6
10 6
206 9
9 34
662 6
425 9
426 9
182 6
335 6
465 9
168 9
21 34
602 34
624 6
625 9
626 6
322 9
473 9
195 9
408 9
490 9
188 9
342 6
92 9
600 6
413 34
99 6
553 34
380 34
508 34
164 6
590 34
67 9
106 9
683 6
675 9
292 9
584 6
40 9
474 9
274 6
549 6
57 9
620 9
724 9
136 9
690 6
362 9
218 6
436 9
78 6
453 9
326 10
271 9
151 6
311 9
587 9
627 6
644 6
156 34
565 34
157 9
35 9
401 34
621 6
464 9
172 9
727 6
394 9
415 9
715 9
76 9
91 6
110 9
463 34
483 6
460 9
217 6
562 9
312 9
461 9
208 9
504 6
114 9
74 6
6 10
59 9
501 6
36 6
391 9
190 6
655 9
388 9
458 9
470 6
64 9
327 9
171 6
18 9
84 9
98 9
295 9
238 9
670 9
647 9
331 9
514 9
442 9
570 6
266 9
688 9
230 9
191 9
422 34
328 34
450 10
55 9
139 9
485 9
173 6
122 34
305 6
556 34
280 6
589 9
81 10
339 9
338 9
8 6
169 9
176 9
433 6
609 9
198 9
199 6
531 9
86 9
96 34
368 9
178 9
233 6
499 6
575 6
163 6
552 9
72 6
254 9
516 9
37 9
321 9
351 9
1 6
420 6
319 9
244 6
667 6
723 6
296 6
279 6
579 9
332 6
478 6
601 9
702 9
407 9
557 6
290 6
361 6
403 9
154 9
310 10
15 6
707 34
4 9
424 6
101 6
49 9
179 6
297 9
210 9
215 9
389 9
325 6
488 9
462 8
251 6
88 9
27 9
44 6
692 6
226 9
run time cost of algorithm DRT_AG is 0.012156seconds
