2319200 161 48
445 9
444 9
72 9
83 34
338 9
498 9
265 9
68 9
165 9
393 9
362 9
98 9
244 9
318 9
501 9
260 9
176 34
95 9
438 9
10 9
332 9
65 34
377 9
342 9
251 34
239 9
104 9
102 9
13 9
109 9
211 9
399 9
402 9
298 9
339 9
149 9
529 9
472 9
170 9
301 9
154 9
82 34
412 9
287 9
134 9
225 9
167 9
295 9
177 9
366 9
20 9
409 9
326 9
407 9
379 9
397 9
113 9
517 9
513 9
309 9
328 9
348 9
41 9
172 9
273 9
524 9
286 9
248 9
246 9
11 9
229 9
224 9
140 9
441 9
173 9
303 34
486 9
542 9
31 9
54 9
77 9
380 9
106 9
340 9
351 9
92 6
189 9
381 9
129 9
476 9
310 9
187 9
216 9
67 9
161 9
97 9
394 9
488 9
26 9
291 9
60 9
236 9
103 9
479 9
482 9
485 9
514 6
209 9
63 9
536 9
414 34
454 9
525 34
468 34
137 9
52 9
471 9
312 9
543 6
307 9
461 9
416 9
434 34
53 9
253 9
314 9
235 9
207 9
369 34
120 9
378 9
58 9
227 9
491 9
519 9
523 9
544 9
408 9
447 9
33 9
188 9
448 9
105 9
506 9
40 9
316 9
8 9
25 9
45 9
126 9
345 9
323 9
321 9
258 9
533 9
230 9
152 9
499 9
278 9
243 34
88 9
200 9
190 9
304 9
455 9
410 6
547 9
114 9
220 6
480 9
215 9
541 9
375 9
478 9
80 9
392 9
74 9
130 9
0 6
96 9
81 9
475 9
116 9
349 34
217 9
241 9
32 9
166 9
86 9
136 6
277 9
336 9
100 9
404 34
122 6
370 34
135 9
193 9
35 9
212 9
23 9
437 9
1 9
17 6
406 9
145 9
386 6
395 9
6 9
403 9
46 9
43 9
538 9
449 9
16 9
484 9
518 9
319 9
522 9
89 9
123 6
355 6
168 9
192 9
249 9
512 9
254 9
155 9
271 9
327 9
180 9
435 9
346 9
117 9
545 9
424 9
354 9
124 9
389 9
179 9
432 34
101 9
12 9
333 9
495 9
464 9
191 9
247 34
335 34
311 9
352 9
280 9
320 9
521 9
164 9
213 9
425 9
300 9
184 9
350 9
234 34
433 6
385 9
19 9
331 9
250 9
112 6
282 9
365 9
162 9
515 9
347 9
292 9
509 9
456 9
218 9
178 9
458 9
510 9
49 9
78 9
382 9
182 9
37 9
296 9
372 9
85 9
463 9
396 9
15 9
330 9
233 9
71 9
132 9
108 9
142 9
493 9
361 34
159 9
36 9
272 9
267 9
439 9
428 9
261 9
401 9
245 9
526 9
466 9
281 9
48 9
474 9
93 9
357 9
69 9
283 9
334 9
153 9
131 9
490 9
313 9
527 9
388 9
47 9
520 9
144 6
42 9
146 9
398 9
371 9
373 9
305 9
5 9
530 6
107 9
422 9
3 9
294 9
297 9
91 9
504 9
269 9
364 9
210 9
256 9
255 9
497 9
390 6
279 9
308 9
231 9
2 9
21 9
534 6
290 9
423 9
115 9
268 34
202 9
481 34
75 9
275 9
257 9
87 9
4 9
185 9
125 9
14 9
477 9
329 9
427 6
208 9
459 9
59 6
252 9
232 9
110 9
356 9
141 9
420 6
133 9
57 9
264 9
240 9
462 9
344 9
450 6
431 9
238 9
405 9
358 9
487 9
201 9
7 9
457 6
73 9
34 9
266 9
539 6
453 9
387 9
417 9
421 9
214 9
163 9
242 6
531 9
62 9
465 9
496 34
111 9
384 9
70 34
147 34
221 9
451 6
341 9
546 6
203 9
44 9
383 9
76 9
228 9
79 9
169 9
322 9
359 9
276 34
138 6
452 9
360 9
39 9
206 9
508 9
274 9
118 6
483 34
492 6
337 6
285 9
94 9
262 9
293 6
222 6
223 9
226 9
353 6
259 9
84 9
181 9
442 9
99 6
237 6
503 9
374 6
502 9
507 9
391 6
24 9
66 9
263 9
158 6
500 9
51 9
28 9
270 6
139 9
443 9
199 9
429 9
18 9
156 9
467 9
186 6
494 9
183 9
302 9
317 9
376 9
430 6
148 9
426 9
325 6
174 9
29 9
299 6
195 9
196 9
470 9
205 9
22 6
419 9
157 9
55 9
415 9
150 9
289 34
9 9
418 9
367 9
505 9
436 9
30 9
324 6
27 9
440 9
171 9
50 9
511 9
64 9
121 9
288 9
473 9
197 9
532 9
90 6
368 9
400 9
151 9
413 9
219 9
38 9
128 9
194 9
489 9
306 9
56 9
469 34
160 9
204 9
535 9
119 6
127 9
315 9
460 9
343 9
528 9
516 9
411 9
446 6
284 6
61 9
198 9
537 9
143 9
540 9
175 9
363 9
run time cost of algorithm DRT_AG is 0.003412seconds
