2608000 120 53
233 34
263 34
264 29
119 29
86 34
170 34
260 29
47 29
89 34
237 29
74 29
205 29
181 6
18 34
28 34
76 29
11 34
190 29
8 29
184 29
116 29
96 29
111 29
216 29
6 29
137 34
95 29
105 29
97 29
254 29
62 34
270 34
176 29
72 34
192 29
215 29
265 34
206 29
65 29
243 29
154 29
248 34
259 29
37 29
208 29
229 29
226 29
207 29
188 29
114 29
262 29
266 29
12 29
245 29
31 29
73 34
177 29
99 29
219 29
257 29
35 29
102 29
240 29
42 29
253 29
239 29
23 34
118 29
121 34
278 29
157 29
51 29
85 29
200 29
70 29
107 29
25 29
271 6
150 29
115 29
130 29
1 29
82 29
0 29
228 34
139 34
30 29
109 29
45 29
10 34
20 29
21 29
242 6
149 29
38 29
43 34
195 29
267 29
55 29
48 29
131 34
198 34
50 29
136 29
128 29
88 29
218 29
3 29
104 29
202 29
92 29
15 34
277 34
162 29
258 29
231 34
133 29
238 34
172 34
52 29
252 29
54 29
199 29
161 29
29 29
235 29
279 29
77 34
93 29
32 29
251 34
26 29
212 29
68 6
91 29
193 29
84 29
112 29
108 29
60 29
185 29
232 29
98 34
159 29
7 34
179 29
256 29
274 34
220 29
79 6
2 29
191 29
160 29
110 34
140 29
183 29
144 29
22 34
261 34
132 34
247 29
64 29
63 29
210 29
147 29
57 29
124 29
90 34
66 29
78 34
122 29
186 29
175 34
94 29
171 29
56 29
17 34
222 29
213 29
223 29
49 29
145 34
5 29
58 29
244 29
24 29
33 29
67 29
81 29
100 29
75 29
151 34
224 29
16 34
255 6
138 6
214 34
221 29
135 29
187 29
9 6
141 29
174 29
249 29
165 29
173 29
117 29
87 34
19 6
103 34
4 29
152 34
163 29
127 34
272 34
14 29
34 34
59 29
61 29
203 29
168 34
106 34
148 29
13 34
269 29
273 34
143 34
189 29
71 34
250 29
83 29
44 34
125 34
178 34
27 34
126 34
120 34
227 29
275 29
169 29
153 34
41 29
217 34
36 6
182 29
180 34
236 29
53 29
158 34
209 29
156 34
246 29
101 29
46 34
211 29
39 29
40 29
123 6
69 29
146 29
276 29
167 34
113 29
134 29
204 29
164 6
196 29
80 34
241 29
234 34
225 6
194 34
197 29
129 34
155 29
230 34
268 34
201 29
166 29
142 34
run time cost of algorithm DRT_BD is 0.041754seconds
