9942400 170 18
174 25
777 9
149 25
33 25
437 25
674 25
620 25
121 25
337 25
313 25
792 34
45 25
289 9
48 25
563 25
41 25
346 25
783 25
275 41
829 25
268 25
117 25
360 25
553 25
224 25
787 25
819 25
603 25
727 25
262 34
581 25
649 25
441 25
567 25
833 25
628 25
463 25
57 25
770 25
495 25
80 25
203 25
780 25
447 25
815 25
638 25
198 25
249 34
557 25
539 25
199 25
370 25
781 34
784 41
616 25
6 25
820 25
170 25
729 25
790 25
587 25
335 25
377 34
300 25
213 25
23 34
559 25
72 25
1 25
642 9
79 25
115 25
390 25
635 25
734 41
485 25
728 25
116 25
29 25
105 25
608 25
352 25
423 25
295 25
494 25
287 25
111 34
431 9
629 25
14 34
259 25
752 41
761 41
131 41
723 41
499 41
201 41
613 34
809 41
299 9
177 41
572 41
529 41
491 41
307 41
464 41
120 41
334 41
449 41
50 41
3 9
40 41
247 41
168 41
348 41
425 41
821 41
554 41
258 41
569 34
53 41
657 41
744 41
318 41
690 41
134 41
564 41
293 9
12 41
396 41
38 41
228 41
623 41
577 34
95 41
844 41
518 41
127 41
378 41
677 41
144 34
280 41
58 37
493 41
477 41
432 41
776 9
709 41
321 41
832 41
760 41
446 41
626 41
600 41
379 41
195 41
351 41
749 41
747 41
373 41
103 41
220 41
166 41
410 41
209 38
436 41
826 41
455 41
682 41
11 41
636 41
755 41
162 9
399 41
740 41
91 34
261 34
205 41
66 41
619 41
421 41
668 41
232 41
387 41
730 41
698 34
371 41
725 41
806 41
453 41
49 41
244 9
750 41
175 34
468 37
238 37
254 37
782 37
385 38
409 37
589 38
98 37
473 38
44 38
97 9
277 37
173 38
317 37
461 38
808 37
538 37
733 37
748 37
70 37
445 37
840 37
278 37
138 34
31 37
650 37
225 37
791 38
712 37
153 37
264 34
670 37
62 34
302 41
537 37
210 37
745 34
586 37
622 37
816 37
327 38
751 37
312 37
675 37
276 37
25 37
257 37
540 37
695 37
506 38
836 37
167 37
292 37
479 38
255 37
191 37
272 37
148 9
516 37
510 37
319 34
308 38
527 37
365 37
480 37
395 37
400 34
469 34
735 37
631 37
2 37
182 34
108 38
32 37
428 37
647 37
846 34
150 37
707 37
315 37
476 37
704 34
680 9
397 37
701 37
35 34
630 34
482 37
311 37
18 34
716 38
555 38
345 37
697 9
358 37
655 34
288 34
588 37
284 37
137 37
426 37
768 34
512 37
55 37
658 37
73 38
438 38
139 37
140 37
817 38
573 37
582 37
688 37
764 37
490 37
835 38
372 34
488 37
843 38
574 38
235 37
7 37
152 37
767 37
145 37
252 37
771 37
178 34
200 38
51 37
241 9
562 37
124 37
842 37
558 34
611 37
440 38
721 34
585 37
147 34
612 37
253 38
316 9
637 37
685 9
392 37
69 9
422 34
450 34
246 37
521 37
756 38
123 34
678 9
211 34
8 37
541 9
104 38
375 34
715 37
353 37
813 37
107 37
240 34
344 34
689 38
54 37
233 37
654 38
532 38
514 34
265 34
507 37
509 37
59 37
489 38
483 9
190 34
160 37
824 37
818 37
717 6
699 34
406 24
710 38
301 37
314 9
391 38
517 38
550 38
356 37
486 34
401 37
347 37
804 37
243 37
298 37
669 34
141 37
102 37
505 34
357 37
52 37
515 37
442 37
481 37
305 37
16 38
732 34
248 37
663 38
700 37
380 38
186 9
129 37
797 38
602 9
296 37
598 37
834 34
811 37
341 38
696 9
686 37
42 38
126 34
759 34
234 38
323 34
667 37
47 34
151 34
548 37
592 38
215 38
498 37
501 38
467 37
753 37
799 8
812 37
524 37
769 38
78 37
13 37
439 34
839 37
363 37
128 37
306 38
411 37
841 34
250 37
202 37
226 34
583 37
208 37
212 37
724 38
366 37
165 38
666 9
502 38
617 37
343 37
332 34
460 34
75 34
634 34
324 34
61 38
773 34
304 34
837 38
444 34
309 34
545 34
43 34
414 34
63 34
37 34
100 34
172 33
523 38
320 9
192 38
398 34
185 34
349 34
743 34
661 34
492 38
845 6
260 34
546 34
551 9
679 34
230 34
93 9
290 34
530 38
466 33
408 34
525 34
786 34
169 34
338 38
393 34
578 34
142 34
118 34
67 34
84 34
136 34
187 34
671 34
601 34
407 9
405 9
417 38
112 38
328 38
266 34
85 38
216 34
90 34
522 34
511 34
556 38
726 34
593 34
754 34
596 33
597 9
19 38
237 34
606 34
702 34
274 34
381 38
420 34
448 34
179 34
746 33
571 33
242 34
271 38
673 34
568 34
388 38
114 34
497 33
822 34
766 9
263 33
624 34
336 34
81 34
633 34
575 34
531 34
536 33
684 34
9 34
56 34
88 34
291 34
810 38
159 34
549 38
113 34
394 34
430 34
154 34
267 34
217 34
570 34
542 34
687 34
520 34
218 34
434 34
646 34
412 34
708 34
158 38
478 33
594 34
778 34
662 34
176 38
802 34
621 34
194 38
96 34
418 6
459 33
361 34
519 34
604 38
10 34
65 9
779 34
374 34
681 9
36 33
584 34
632 38
333 34
376 38
692 34
474 34
471 34
457 34
664 34
838 34
87 34
286 34
605 38
281 33
122 34
30 38
364 34
653 38
156 38
99 34
737 34
197 34
711 34
60 34
183 34
504 38
64 8
722 38
618 34
384 38
269 34
591 38
283 34
795 34
487 34
807 34
157 34
528 33
738 9
742 33
796 34
101 9
184 34
22 34
590 34
133 33
297 33
214 34
0 25
109 38
609 41
236 34
705 34
607 38
135 34
310 34
672 33
285 34
386 34
86 34
789 34
659 34
660 34
83 34
204 34
627 34
552 34
691 34
640 38
665 33
656 33
544 9
74 34
763 34
155 38
251 34
566 38
643 34
435 34
389 38
427 8
424 34
219 34
404 34
222 34
739 9
46 9
785 38
625 38
382 33
354 33
180 34
762 34
714 38
547 34
652 34
94 34
508 38
774 34
82 38
130 34
814 34
513 38
171 38
294 34
772 34
239 38
26 34
419 38
143 38
92 34
89 34
533 38
362 34
119 38
383 34
639 34
526 24
34 38
207 9
801 34
413 24
757 9
800 33
579 34
500 34
15 9
231 34
683 33
229 33
125 9
367 34
369 6
330 34
452 34
703 34
71 34
433 9
163 34
580 34
161 33
610 34
741 34
223 34
465 34
146 33
368 34
456 38
458 34
28 34
831 34
245 38
644 34
775 34
803 33
4 34
326 33
325 34
329 34
5 34
651 38
472 9
615 34
823 34
736 34
706 38
342 38
339 33
565 34
282 34
331 33
827 38
595 33
847 34
106 34
718 34
576 38
443 34
484 34
221 38
645 34
403 34
402 9
676 34
496 34
303 34
20 34
825 34
164 36
720 34
454 34
694 34
256 33
758 33
429 34
793 34
560 9
641 33
196 33
830 34
731 34
77 38
270 34
599 38
355 8
322 34
359 8
693 34
188 34
614 34
193 38
788 38
765 34
39 34
475 34
132 33
181 34
416 34
503 9
68 34
462 34
805 9
451 34
798 34
24 34
340 34
470 8
76 24
828 33
543 33
848 34
27 34
206 38
415 34
273 34
535 34
561 34
534 34
110 33
713 36
719 34
189 34
794 34
21 38
17 33
227 34
350 38
648 34
279 34
run time cost of algorithm DRT_AG is 0.009919seconds
