2396000 104 68
614 34
284 34
144 0
149 34
280 34
437 34
161 34
56 34
8 34
382 34
261 34
348 34
635 34
464 34
307 34
31 34
204 34
470 34
68 0
480 34
594 34
223 34
88 34
244 34
406 34
591 34
490 34
323 0
492 34
588 34
391 34
587 34
103 34
251 34
252 34
516 34
460 34
106 34
190 34
160 34
441 34
49 34
130 34
138 34
438 34
221 34
371 34
618 34
99 34
286 34
368 34
51 34
445 34
85 34
556 34
507 34
229 41
155 34
170 34
238 0
306 34
567 34
159 34
296 34
356 34
456 41
609 34
313 34
162 34
602 34
70 34
545 34
167 34
359 41
116 34
115 34
28 34
58 41
133 34
79 34
80 34
191 34
513 34
199 34
454 34
364 34
140 34
15 34
97 34
506 34
218 0
209 34
19 41
239 34
555 34
95 34
143 34
1 34
287 34
414 34
146 34
451 34
196 34
547 41
37 34
632 34
384 0
596 34
353 34
128 34
125 0
581 34
354 34
174 34
77 34
123 34
74 34
122 34
571 41
616 41
427 41
303 34
340 34
233 34
112 34
177 34
301 34
127 34
534 34
416 34
59 34
631 34
455 34
294 34
481 34
450 34
626 34
410 34
22 34
392 34
42 34
390 34
644 34
32 34
330 41
24 34
420 34
18 34
483 34
486 34
150 34
11 34
34 34
202 34
636 34
526 41
47 0
621 41
363 34
3 34
585 34
381 34
120 41
225 34
38 34
488 34
589 41
386 34
237 0
366 34
240 34
302 34
242 34
276 34
102 34
415 41
108 34
622 34
536 34
474 34
299 34
439 34
373 34
83 34
452 34
283 8
358 34
163 34
521 34
400 34
619 34
476 41
278 34
230 34
498 34
253 34
422 41
262 34
292 34
317 34
29 34
9 34
497 34
403 34
66 34
210 34
315 41
92 34
605 41
347 41
282 34
171 34
295 34
508 0
388 34
362 34
546 34
305 34
304 41
491 34
268 34
361 34
471 34
630 34
378 41
365 34
528 34
499 34
367 34
78 41
135 34
87 34
479 34
590 34
449 0
215 34
336 34
36 41
27 34
72 34
10 41
260 34
200 34
477 34
613 41
50 0
522 34
639 0
110 34
157 34
577 41
291 34
168 34
165 34
137 34
21 34
23 34
527 41
399 34
154 0
432 41
39 34
543 34
629 34
617 34
17 34
610 34
308 34
640 41
319 34
270 34
355 34
105 34
212 34
206 34
447 34
574 41
376 34
343 34
107 34
136 34
147 34
530 34
226 41
553 0
63 34
360 34
235 34
600 8
300 34
297 34
169 41
569 41
310 34
509 34
562 41
559 34
431 41
241 34
132 0
544 34
61 34
550 0
89 41
612 0
48 34
624 34
510 34
247 34
433 34
436 0
642 0
582 34
96 34
94 34
494 34
86 34
76 34
425 34
236 34
423 41
57 34
398 34
404 34
139 34
325 34
463 41
26 41
554 41
290 34
254 34
608 34
604 41
131 34
71 34
566 34
54 34
166 41
173 34
339 0
598 34
448 41
113 41
429 41
344 34
531 41
275 34
207 34
289 41
30 41
584 41
512 34
586 34
519 34
637 41
141 41
493 41
533 34
180 41
217 34
538 34
316 41
478 34
396 34
263 41
473 41
151 8
148 34
255 41
466 41
606 0
647 34
372 41
320 8
646 41
318 34
563 34
628 34
311 34
379 34
0 41
532 34
518 41
14 34
194 41
511 34
277 41
53 34
611 34
462 34
214 34
489 8
338 41
393 8
211 41
502 34
638 34
580 34
12 34
271 34
333 8
197 34
281 34
515 34
331 41
20 34
179 41
178 41
558 34
552 34
327 34
64 34
101 41
564 41
541 34
634 34
176 41
457 41
645 34
458 34
523 41
467 34
475 0
227 41
100 34
342 34
104 0
501 34
175 34
345 34
424 41
224 34
485 34
349 34
597 41
40 34
75 41
188 41
607 8
402 41
352 34
537 34
565 41
443 41
444 41
142 8
446 34
134 34
369 34
375 34
560 41
561 34
395 34
55 8
164 41
357 41
264 34
279 34
412 34
459 34
413 41
328 34
370 34
285 41
411 34
119 34
184 34
572 34
573 34
578 8
643 34
426 34
599 41
205 34
314 0
482 41
231 41
243 41
549 34
232 8
6 34
126 41
60 41
43 41
326 34
41 34
121 34
182 34
69 41
4 34
525 34
524 34
430 34
187 41
350 34
620 34
517 34
118 34
383 41
193 34
385 34
117 41
189 34
487 0
601 41
67 41
272 41
595 8
249 34
186 34
46 34
90 0
25 34
266 34
615 34
208 34
322 0
44 34
265 0
535 34
520 34
35 41
246 34
2 0
93 34
583 34
346 34
461 41
84 41
539 34
145 34
503 41
351 34
394 34
623 41
627 41
418 34
417 41
329 34
529 34
633 34
185 41
312 34
440 34
213 41
45 41
228 34
434 41
468 8
201 41
153 34
469 0
52 41
274 0
579 34
593 34
195 41
220 41
374 34
250 41
65 34
156 0
389 34
341 41
496 34
397 34
7 8
335 41
401 34
183 41
13 8
16 34
409 34
267 34
505 0
575 34
576 41
114 34
203 8
288 41
442 34
309 34
109 34
259 34
337 34
258 34
257 34
380 34
603 34
129 0
324 41
245 41
81 34
234 41
82 41
321 34
551 0
222 8
377 41
548 41
73 34
91 8
557 34
219 8
465 34
98 41
158 34
495 34
62 34
641 34
453 34
172 34
269 34
273 0
542 41
198 34
540 34
435 34
181 41
152 34
428 0
568 41
570 34
419 34
332 34
192 0
514 34
408 41
407 8
405 34
625 34
33 34
421 34
484 34
334 34
298 0
124 41
293 41
504 34
5 41
111 34
500 0
216 41
387 8
472 34
248 34
592 34
256 34
run time cost of algorithm DRT_BD is 0.272181seconds
