6936800 159 65
4 49
76 34
642 31
665 49
241 49
131 33
192 31
714 34
97 34
33 33
572 31
663 49
512 31
523 49
82 33
84 33
474 31
215 34
216 49
742 49
26 1
553 1
248 49
156 49
409 33
598 31
91 49
202 49
699 1
461 34
282 33
716 33
276 33
65 49
250 49
385 49
502 33
414 49
440 31
602 49
407 1
442 1
683 33
34 49
710 34
599 33
218 33
574 1
640 49
286 33
582 33
485 31
104 33
217 34
59 33
398 49
370 49
704 49
297 34
418 31
305 31
232 33
618 49
336 31
2 31
736 49
369 49
459 31
533 49
514 34
463 34
621 1
424 49
68 49
70 31
477 34
676 33
447 1
87 49
405 33
320 49
389 49
579 33
237 33
580 49
750 34
360 33
106 34
128 49
62 33
681 31
150 49
373 49
178 33
626 49
594 33
592 31
702 31
359 1
446 49
402 1
83 49
50 33
51 33
177 31
219 33
577 33
689 33
299 34
473 1
656 34
337 1
428 31
319 31
95 33
334 34
441 49
535 33
499 34
231 33
203 49
513 1
411 31
578 49
41 31
500 33
75 49
21 34
10 49
395 31
384 33
679 49
230 33
662 34
134 33
143 33
403 34
693 49
454 34
581 31
542 33
112 49
54 49
604 33
619 49
287 49
39 49
289 49
439 33
227 34
445 49
224 49
376 1
32 33
292 1
529 34
650 1
687 31
247 31
188 49
552 33
107 33
145 49
353 33
731 34
527 49
113 33
427 33
225 34
659 33
623 49
548 49
155 34
521 33
142 31
291 34
588 33
180 49
44 34
195 1
183 31
115 31
100 31
88 31
455 34
9 33
139 34
367 33
371 49
269 34
576 49
164 34
419 31
243 1
89 49
148 34
717 31
332 33
606 33
611 49
726 49
338 33
573 34
58 49
737 49
341 33
649 49
67 1
508 33
413 49
464 49
680 31
147 34
436 49
102 34
733 49
312 1
72 31
261 33
396 34
627 31
706 33
235 1
695 34
17 31
597 33
159 33
5 49
444 33
119 31
443 33
556 49
200 49
751 49
308 31
451 33
745 49
563 1
664 49
734 49
105 49
323 31
467 31
517 1
45 34
644 49
161 31
263 34
471 49
725 31
562 49
136 49
56 49
420 49
470 49
375 34
391 49
49 41
654 49
673 49
458 49
35 34
694 49
162 31
71 1
612 33
480 49
64 34
103 49
520 49
752 49
266 33
547 31
7 34
583 34
490 34
133 31
625 49
495 49
452 49
489 33
57 33
331 49
317 33
262 49
555 49
624 31
48 34
322 49
672 49
453 49
487 49
239 1
223 31
187 49
346 33
653 49
651 49
449 33
333 49
69 49
630 34
746 49
559 31
201 49
438 31
293 49
123 49
158 49
354 49
149 49
456 31
233 31
675 49
141 49
208 49
277 49
551 49
318 49
251 34
146 49
238 49
657 1
283 49
368 1
294 49
52 34
77 31
648 49
628 31
729 1
670 33
270 31
175 49
340 49
475 31
538 49
245 34
335 33
408 31
206 33
16 31
298 33
173 31
393 49
6 49
8 31
130 33
700 49
433 31
469 31
382 33
366 34
85 49
42 31
157 31
260 31
181 31
655 49
347 31
730 49
316 34
422 49
498 34
614 31
285 31
589 49
739 33
610 49
560 49
569 49
108 31
98 33
417 49
226 1
406 33
73 49
600 31
242 34
603 49
30 49
284 34
362 34
709 1
682 49
19 34
543 49
544 34
686 33
732 34
244 49
152 49
515 49
387 49
348 49
117 1
268 31
561 34
432 31
522 33
531 33
564 49
565 1
718 49
646 49
575 49
494 49
692 34
660 49
160 33
667 49
126 31
415 31
586 34
343 31
185 34
728 34
272 31
460 31
601 34
127 1
212 34
92 49
210 34
350 34
701 34
356 34
295 34
29 1
1 33
193 49
566 33
372 33
493 49
507 49
221 31
129 49
342 49
607 31
311 49
747 34
509 49
448 49
476 31
339 49
503 33
28 33
222 49
425 49
13 34
361 49
636 49
421 49
190 34
94 49
191 49
364 49
281 33
540 49
491 33
390 31
426 34
114 31
609 49
309 33
167 31
151 33
757 31
213 31
194 33
310 49
481 49
570 33
163 34
524 33
537 49
25 34
363 31
615 34
165 33
637 49
545 34
184 34
437 33
55 33
674 49
429 49
671 49
423 33
585 49
138 33
189 49
705 49
595 49
252 34
404 33
434 31
669 33
172 33
144 49
501 49
558 31
504 31
306 1
275 49
374 49
271 34
633 49
101 33
392 33
122 33
352 31
196 49
550 33
634 34
53 49
90 49
641 31
380 34
400 33
132 34
328 34
685 33
24 31
388 33
397 31
14 1
236 31
635 33
228 31
220 34
315 33
290 31
168 31
740 34
23 31
416 34
125 31
596 33
643 33
349 31
304 31
345 31
171 31
567 31
479 31
31 31
707 34
211 33
539 34
154 33
546 31
267 33
254 33
715 31
321 33
605 33
0 34
549 34
721 1
86 31
703 33
698 31
234 1
249 31
301 31
313 31
330 33
483 31
727 33
140 31
668 33
666 49
279 31
484 31
478 34
554 31
11 31
15 33
568 31
204 31
661 31
631 33
492 31
344 31
410 31
412 31
465 31
658 31
632 31
3 33
748 31
435 31
708 34
110 31
120 34
274 31
571 33
22 31
351 31
677 31
207 33
629 34
96 33
482 31
488 31
176 33
622 31
744 31
300 33
645 33
720 33
506 31
399 34
111 34
278 31
170 31
557 1
518 31
197 31
358 34
186 31
613 31
258 34
753 1
691 31
526 1
584 33
46 33
27 31
288 34
743 31
378 1
519 31
754 31
468 31
118 31
510 31
109 33
78 31
722 31
259 31
66 34
329 31
37 31
314 34
377 34
647 31
587 34
324 34
273 31
741 33
738 34
719 34
79 33
63 31
137 34
381 31
678 1
496 31
296 31
80 1
401 1
620 31
505 31
74 33
60 31
593 33
121 31
516 33
525 31
153 33
684 31
457 1
325 33
182 31
379 33
229 31
497 31
365 31
528 34
466 31
532 33
386 31
357 31
240 1
431 33
326 31
735 34
166 34
169 1
462 31
723 34
20 31
81 1
713 31
712 31
711 31
36 31
639 31
688 31
327 31
265 34
264 31
697 31
383 34
638 31
205 31
450 31
616 34
472 31
198 34
590 31
12 33
486 34
302 31
47 34
756 33
755 33
511 31
255 33
93 34
256 31
749 31
591 31
724 33
209 33
280 31
534 31
608 34
61 34
696 33
124 31
652 33
617 31
246 31
179 33
199 33
536 33
116 31
394 33
257 31
541 33
530 31
253 31
99 31
430 34
355 31
43 33
690 31
214 34
174 1
303 31
18 31
307 33
40 31
135 33
38 34
run time cost of algorithm DRT_BD is 0.268255seconds
