1146300 104 65
731 34
406 34
404 34
3 34
265 34
573 34
93 34
602 34
300 34
38 34
34 34
505 34
691 34
724 34
511 34
200 34
77 34
662 9
777 34
758 34
187 34
14 34
373 34
332 34
175 34
515 34
797 34
120 9
91 34
267 34
773 34
523 34
124 9
419 34
830 34
476 34
261 34
576 34
687 34
653 9
203 34
749 9
365 9
711 34
113 34
20 34
464 34
387 34
376 34
442 34
231 34
738 34
441 9
49 34
402 34
284 34
7 34
793 34
393 34
108 34
572 34
625 34
628 34
729 34
526 34
525 9
726 34
424 34
160 34
264 9
392 34
719 34
137 34
73 34
337 34
248 9
692 34
247 34
391 34
318 34
478 34
162 34
388 34
230 34
386 9
663 34
713 34
712 34
709 34
242 34
752 34
437 34
809 41
360 34
143 34
779 34
448 34
604 9
647 34
99 9
64 34
338 34
644 34
87 9
152 34
502 34
722 34
549 34
548 34
765 34
299 34
453 34
319 34
305 34
734 34
217 34
215 34
375 34
2 34
254 34
583 9
39 34
176 9
638 34
538 34
615 34
223 34
475 9
517 34
105 34
27 34
821 34
503 34
656 34
514 34
645 34
741 34
88 34
288 34
396 9
742 8
43 34
651 34
560 34
395 9
276 34
506 34
22 41
102 34
605 34
815 34
685 34
770 34
292 34
106 34
181 34
668 34
452 34
598 34
495 34
426 34
40 34
732 9
250 34
41 41
79 34
672 9
766 34
422 34
317 34
308 34
293 34
555 9
58 34
775 34
585 34
428 34
613 34
681 34
665 34
494 34
415 34
356 34
303 34
537 34
534 34
370 34
533 34
191 34
524 34
163 34
593 34
756 9
500 34
26 9
469 34
222 41
165 34
45 34
179 34
289 34
36 34
767 34
600 34
744 34
807 34
631 34
397 34
806 34
558 34
183 41
581 34
811 34
146 34
580 9
798 34
591 34
458 34
347 34
69 34
440 34
739 34
823 9
107 9
607 34
735 34
198 34
608 34
224 34
229 41
451 34
211 34
171 34
23 34
180 41
792 9
650 9
216 9
699 34
403 34
594 8
575 34
405 9
568 34
753 34
195 34
556 34
186 34
532 34
521 34
563 34
670 34
96 34
112 34
578 9
341 34
480 34
257 8
369 34
688 34
499 34
232 34
349 34
111 34
557 34
266 34
710 34
118 34
768 34
477 34
65 34
271 34
258 34
796 34
550 34
762 34
516 34
116 34
733 34
463 34
89 34
359 34
133 34
12 41
787 34
364 9
582 34
716 34
676 34
690 34
704 9
648 34
174 34
383 34
508 34
63 34
408 34
67 34
462 34
679 9
182 34
682 34
429 9
553 9
718 34
412 34
286 34
636 34
466 34
331 34
243 9
760 9
269 34
249 34
673 34
586 9
297 34
667 34
418 41
50 34
795 34
701 34
343 34
371 34
324 34
62 34
25 9
327 34
642 9
11 34
117 34
309 34
233 34
60 34
221 34
213 9
810 34
377 34
280 34
97 34
812 34
240 34
161 34
439 34
802 34
142 9
30 34
654 34
546 34
450 41
417 34
671 34
832 34
764 34
827 34
13 34
350 34
157 34
139 34
808 34
400 34
19 34
623 34
801 9
512 34
799 9
612 34
95 9
368 41
449 34
567 34
606 34
169 34
260 34
244 34
86 34
239 34
235 34
471 34
409 41
790 34
794 34
362 34
509 34
640 9
461 9
643 34
358 34
481 34
170 41
487 9
168 9
164 34
675 34
483 9
693 34
824 34
348 34
803 34
109 34
490 9
401 41
100 41
31 34
601 34
37 34
270 34
75 34
520 34
579 34
529 34
780 9
54 34
527 34
53 34
68 9
755 34
325 34
330 34
610 34
398 34
361 34
727 34
430 34
482 34
196 34
172 9
427 34
214 9
416 34
1 34
820 34
819 34
18 34
774 34
769 9
80 8
90 9
150 34
158 34
178 34
201 9
633 34
226 34
577 34
561 41
313 34
320 9
323 34
344 34
385 41
0 34
78 34
55 34
649 34
423 34
272 41
167 41
616 34
4 9
674 9
149 34
225 34
234 34
82 34
655 34
184 34
657 34
543 34
660 34
470 34
552 34
708 34
632 34
185 34
706 34
285 34
125 34
467 34
536 34
805 34
104 34
238 34
630 9
140 41
316 34
590 34
328 34
70 9
147 34
159 34
268 34
782 34
390 34
541 34
474 34
496 34
705 34
587 34
783 34
219 9
433 34
210 34
454 34
588 34
114 34
737 34
507 9
566 34
59 34
192 9
190 34
241 34
208 9
151 34
639 34
411 34
485 34
447 9
759 34
518 34
486 34
154 34
618 34
407 34
778 34
194 34
389 9
56 34
197 34
493 34
212 34
134 34
473 34
52 34
295 34
6 34
791 34
322 34
236 9
28 34
589 9
513 34
748 34
304 34
564 34
658 41
372 34
374 41
128 34
723 34
256 41
425 34
294 34
274 34
472 34
202 34
321 34
148 34
357 41
622 34
627 34
817 34
703 34
296 34
479 34
127 34
10 34
714 34
421 41
438 9
603 34
684 34
637 34
17 34
290 34
188 34
504 34
829 34
456 34
491 34
173 34
262 34
784 34
715 34
101 41
584 34
431 34
816 34
24 34
144 34
559 34
354 41
130 34
661 34
721 34
629 34
484 34
488 34
781 34
611 34
76 34
446 34
312 34
751 34
84 34
530 34
772 34
510 9
609 34
336 34
245 34
57 34
340 34
599 8
47 34
42 34
32 34
123 34
597 34
551 34
355 41
569 34
218 9
378 34
380 34
166 34
259 34
384 34
209 34
205 41
455 34
135 34
291 41
634 34
825 34
5 34
98 34
746 9
619 34
761 34
326 34
74 34
686 34
617 9
818 41
435 34
813 34
785 34
804 34
443 41
379 34
367 34
363 34
501 34
725 9
302 34
460 34
694 34
281 9
353 34
800 34
72 34
432 34
664 34
434 34
345 34
255 34
351 34
263 34
71 41
21 34
539 34
227 41
366 8
228 34
138 34
94 34
745 34
110 34
747 9
329 34
153 34
382 41
278 34
282 34
659 9
826 41
252 34
669 34
33 41
707 34
287 41
554 34
15 9
283 34
683 9
680 9
207 34
115 34
677 34
122 34
275 34
306 41
562 9
436 41
641 34
565 41
413 34
136 34
626 34
9 34
155 41
66 34
46 41
666 41
468 34
789 34
544 34
545 34
720 34
410 34
399 34
277 41
457 41
497 41
301 34
459 34
635 9
51 34
420 41
279 9
394 41
311 34
743 34
489 34
193 9
614 34
652 34
103 34
771 34
595 34
132 9
335 34
251 34
141 34
342 34
44 34
695 34
92 9
750 34
131 34
156 34
85 34
754 34
81 34
822 34
717 34
339 34
498 41
48 34
528 9
253 34
129 41
519 34
596 34
814 34
414 34
776 34
730 41
540 34
698 34
334 9
678 34
728 34
61 34
298 34
121 9
689 34
381 34
646 41
696 34
535 34
199 34
736 34
740 34
119 34
757 41
697 9
492 34
83 34
831 9
126 34
547 41
206 41
204 34
465 34
763 41
307 34
237 9
444 34
702 34
145 34
177 34
542 34
246 41
189 34
592 34
35 41
346 34
16 34
220 34
310 34
574 34
314 34
352 34
788 34
621 34
333 34
531 34
273 34
8 9
570 34
620 34
29 34
571 34
624 34
522 34
828 9
445 34
700 41
786 34
315 34
run time cost of algorithm DRT_BD is 0.402244seconds
