718800 161 47
178 9
292 9
286 9
129 9
391 9
73 9
261 9
63 9
233 9
460 9
225 9
488 9
221 9
490 34
522 9
496 9
299 9
515 9
135 9
386 9
388 9
403 9
447 9
455 9
482 9
34 9
248 34
97 9
251 9
530 9
443 9
41 9
476 9
33 34
17 9
111 9
288 9
277 9
539 9
422 9
172 9
451 9
236 9
438 9
446 9
106 9
126 9
274 34
273 9
507 9
380 9
534 9
145 34
536 9
162 34
449 9
150 9
120 9
169 9
322 9
412 6
342 9
276 9
136 9
77 34
22 9
468 34
16 9
113 9
296 9
293 9
240 9
156 9
25 9
101 9
208 9
259 9
226 9
333 9
222 9
84 9
270 9
151 9
526 9
505 34
4 9
500 9
419 9
421 9
502 34
501 9
401 9
199 9
525 9
543 9
435 9
459 9
384 9
130 9
494 9
352 9
474 9
282 9
503 9
200 9
321 9
104 9
12 34
58 6
56 9
527 9
0 9
153 9
374 9
269 9
165 9
453 9
166 9
301 9
542 9
350 9
241 9
513 34
211 9
529 34
458 9
298 9
267 9
265 34
417 9
154 9
31 9
170 9
312 9
188 9
116 9
325 9
466 9
131 9
366 9
297 6
175 9
424 34
428 9
50 9
112 9
354 9
433 9
237 9
177 9
60 9
304 9
246 9
311 6
519 6
155 9
452 9
159 9
372 9
75 9
362 9
87 9
359 34
418 9
103 9
252 9
180 9
472 9
487 9
220 9
128 9
343 6
339 9
330 9
523 9
317 9
439 9
149 9
429 34
272 9
365 9
289 9
348 6
164 9
310 9
29 34
409 6
69 9
356 9
344 9
264 9
239 9
308 9
498 9
326 9
67 9
370 34
469 9
108 6
390 9
49 34
243 9
436 9
107 9
329 34
6 9
416 9
144 9
70 9
247 9
123 9
64 9
533 9
495 9
54 9
52 9
305 9
122 34
65 9
516 9
71 9
102 34
316 9
408 9
47 9
45 9
275 9
514 6
504 9
473 9
230 9
445 9
309 9
315 9
497 9
427 6
10 9
76 6
389 9
480 9
147 9
1 9
284 9
132 9
253 34
186 9
189 9
493 9
431 9
204 9
250 6
142 9
140 9
171 34
90 6
378 9
423 9
81 9
5 9
499 9
268 9
44 9
7 9
510 9
89 6
78 9
18 10
537 9
361 6
454 9
137 9
521 34
119 9
244 9
396 34
335 9
524 9
96 9
313 34
176 6
465 9
196 6
235 9
337 9
21 9
193 9
368 34
381 9
485 9
385 34
260 9
456 34
46 34
395 9
399 9
24 6
117 9
353 9
26 9
231 9
95 6
517 34
158 34
207 9
100 6
271 9
404 9
72 9
238 9
357 9
138 9
40 9
184 9
212 9
383 9
457 9
415 9
152 9
195 9
91 9
59 9
400 9
234 9
528 9
262 9
98 9
143 9
364 9
491 9
127 9
133 9
190 6
205 6
37 9
376 9
377 9
327 34
432 34
506 9
414 34
358 9
302 9
471 9
217 9
105 9
27 9
314 34
256 9
382 9
463 9
280 9
434 9
62 9
201 9
93 9
192 9
448 9
216 6
74 9
182 9
30 34
392 9
263 34
13 9
19 9
373 9
228 9
369 9
303 6
406 6
346 9
124 9
218 9
475 9
115 9
114 34
245 9
410 9
191 6
508 9
92 9
363 34
285 9
320 9
61 9
173 9
336 9
187 9
202 6
393 9
520 6
538 9
9 34
110 10
57 9
281 9
242 9
483 9
541 9
48 9
203 9
179 9
306 9
287 9
328 9
467 9
402 9
85 6
334 9
375 9
15 9
351 6
39 6
345 9
338 34
163 9
94 9
492 9
512 9
518 9
121 9
425 9
194 6
290 9
481 9
398 9
185 9
8 9
51 9
440 9
229 9
68 34
420 6
462 9
66 6
161 9
319 9
283 34
141 9
42 9
437 9
23 9
444 9
479 34
426 9
295 9
255 9
254 9
394 9
405 9
219 9
20 6
540 9
198 6
371 9
461 9
509 34
511 9
11 9
209 6
294 9
278 9
223 9
79 9
214 9
489 9
148 9
331 9
167 34
291 9
160 9
387 9
80 9
360 9
341 9
257 6
266 9
168 9
118 9
279 9
86 9
183 9
3 9
206 6
307 9
318 9
347 9
430 6
324 9
38 9
174 9
210 9
213 6
215 9
249 6
450 9
139 6
99 9
413 9
411 9
83 9
544 9
36 9
532 9
227 6
14 9
125 9
88 34
441 6
323 9
2 9
332 9
340 9
28 9
55 9
379 6
300 9
181 9
367 6
470 6
43 9
146 34
157 9
349 9
355 9
442 9
484 9
258 9
232 6
407 9
197 9
531 34
82 34
464 9
486 6
535 9
35 9
32 9
224 9
53 9
134 9
109 9
397 9
478 9
477 6
run time cost of algorithm DRT_AG is 0.003705seconds
