3856400 97 14
610 39
430 39
611 39
270 39
427 39
210 39
43 39
166 39
438 39
535 34
358 39
322 39
633 39
637 39
545 39
97 39
458 39
347 39
674 39
199 39
232 39
19 39
278 39
196 39
174 39
596 39
460 39
485 39
353 39
552 39
588 39
673 39
148 39
439 39
429 39
442 39
14 39
248 39
180 39
572 39
134 39
254 39
394 39
168 39
408 39
451 39
131 34
140 39
303 39
71 34
537 39
25 39
634 39
283 39
5 34
530 39
464 39
623 39
469 39
68 39
583 39
501 39
591 39
297 39
332 39
239 39
100 39
251 39
9 39
173 39
483 39
498 39
499 39
245 39
567 39
388 39
616 39
106 39
125 39
296 39
238 39
216 39
206 34
503 39
300 39
170 39
444 39
314 39
304 39
534 39
191 39
345 39
194 39
286 39
604 39
107 39
214 39
357 39
27 39
323 39
614 39
609 39
436 39
654 39
242 39
343 39
306 39
231 39
580 34
64 39
411 39
221 39
4 39
212 39
172 39
554 39
94 39
566 39
640 39
58 39
362 39
337 39
360 39
595 39
502 39
205 39
548 39
28 39
656 39
472 39
466 39
282 39
514 39
1 39
685 39
505 39
108 39
589 39
77 39
373 39
317 39
22 39
480 39
252 39
82 39
383 39
568 39
299 39
471 39
393 39
682 39
349 39
621 39
508 39
13 39
234 39
31 39
271 11
122 39
491 39
437 39
550 39
584 39
152 39
235 34
648 39
215 39
197 39
426 39
416 39
293 39
605 39
143 39
92 39
386 39
3 39
253 39
642 39
218 39
87 39
220 39
171 39
549 34
579 39
153 34
91 39
275 39
647 11
378 39
675 39
512 39
341 39
423 39
346 11
320 39
431 39
659 39
129 39
118 39
620 39
73 39
456 39
632 39
279 39
361 39
305 11
608 11
612 39
619 11
277 39
649 39
507 39
657 39
29 39
529 34
331 39
666 39
479 39
600 39
175 39
103 11
70 11
0 11
366 39
117 39
176 39
433 39
40 39
339 34
533 39
420 11
403 39
622 39
581 39
6 39
151 39
517 39
81 39
413 11
330 11
364 39
521 34
119 11
613 11
258 34
53 39
250 11
121 11
374 39
202 11
651 39
359 39
571 11
266 11
110 39
520 39
419 39
506 39
324 39
325 39
538 39
169 39
159 39
96 39
562 39
628 39
513 39
79 39
459 39
350 39
8 39
396 39
377 34
132 39
261 39
482 39
381 39
455 39
130 39
546 34
655 39
680 11
489 39
280 34
281 39
284 39
42 39
229 39
127 39
387 11
217 34
602 11
16 39
569 39
72 39
477 39
676 39
114 11
488 39
80 39
59 39
405 39
295 39
128 39
511 39
417 39
371 11
603 39
288 11
265 39
484 11
348 39
198 11
390 39
120 11
145 39
154 39
452 11
467 11
658 39
249 39
638 39
62 39
63 34
334 39
555 39
17 11
630 39
85 39
412 39
556 39
160 34
164 39
372 11
540 39
565 11
184 39
672 39
243 39
185 39
193 39
104 39
195 39
84 39
76 11
226 39
443 11
66 11
500 11
294 11
49 39
641 39
41 39
652 39
35 39
457 39
384 39
626 11
319 39
625 39
645 11
45 11
259 39
575 39
547 39
209 39
75 39
354 39
55 11
635 11
661 39
344 11
369 39
52 11
61 11
69 11
139 39
144 39
146 11
147 11
688 39
415 39
328 39
397 39
395 39
338 39
496 39
624 11
342 39
244 39
516 39
47 39
646 11
473 11
662 39
333 11
409 39
208 39
240 39
11 39
301 39
318 39
126 39
133 39
541 39
272 39
156 39
268 39
380 11
78 39
190 39
671 39
352 11
233 39
382 39
141 11
135 39
399 39
590 11
90 11
519 11
421 39
636 39
351 39
24 39
370 11
67 11
274 39
18 39
20 39
449 39
663 39
36 34
256 39
257 39
316 39
313 39
83 39
368 11
422 39
601 11
432 39
577 39
89 39
37 39
542 39
660 39
453 39
379 39
434 11
39 11
116 39
592 39
262 39
189 39
34 11
310 11
291 39
308 39
497 34
7 11
203 39
576 39
428 11
264 11
585 11
527 39
307 11
44 11
531 11
32 34
183 39
326 39
478 39
309 34
142 39
56 39
225 39
375 34
474 39
401 11
578 11
679 39
10 39
223 11
224 11
23 39
522 39
667 39
365 39
504 11
376 39
30 39
188 11
260 39
454 11
683 11
177 39
178 11
664 11
241 11
524 39
51 11
285 39
450 39
445 39
167 11
669 39
99 11
95 39
200 39
582 11
463 39
111 34
98 11
187 39
327 11
315 11
528 11
424 39
425 39
255 39
60 39
228 39
50 39
559 11
367 39
447 11
515 11
681 39
678 39
570 39
21 11
398 39
539 39
329 39
494 11
335 39
560 11
490 34
179 39
404 11
157 34
109 39
287 39
470 39
289 39
65 39
468 11
615 11
149 11
523 34
677 39
532 11
598 11
115 39
551 39
298 39
544 11
74 11
476 11
573 39
161 39
653 39
631 39
227 34
2 39
687 39
150 11
123 39
48 11
563 34
440 39
102 39
607 39
105 11
163 34
462 39
574 39
356 39
101 39
247 39
276 11
311 11
292 39
155 11
406 11
465 39
587 39
446 39
594 11
113 39
363 11
38 11
137 39
237 11
340 39
518 39
46 34
88 11
493 39
441 39
400 39
236 11
213 39
204 11
492 11
391 34
618 39
269 39
586 11
650 11
486 11
230 39
593 11
12 39
389 11
219 11
597 11
321 39
263 39
684 11
564 39
414 11
525 39
461 39
643 11
336 39
136 11
435 39
526 39
165 11
312 11
558 39
410 11
670 11
273 39
418 39
665 11
629 39
495 11
267 39
557 39
112 11
627 39
355 39
201 39
448 39
15 39
385 39
639 39
302 11
186 39
668 39
86 11
211 11
481 11
246 11
138 39
158 11
553 39
93 11
181 39
606 39
192 11
509 39
33 39
475 39
182 11
207 39
290 11
599 39
402 39
222 34
644 39
124 39
54 39
26 39
617 39
686 11
407 34
536 39
57 39
543 39
392 11
487 11
510 11
561 39
162 39
run time cost of algorithm DRT_BD is 0.232862seconds
