2167200 170 45
486 25
177 25
437 25
3 41
487 25
501 9
352 25
87 34
112 25
202 34
448 9
514 25
429 25
125 25
290 25
77 25
78 9
382 34
529 25
270 25
143 25
427 25
116 25
58 25
161 25
25 25
601 34
442 25
482 25
104 25
465 9
281 25
468 25
435 25
444 25
11 25
419 25
289 25
365 25
184 34
211 25
575 25
310 25
293 34
389 25
28 41
573 25
235 25
140 25
409 41
491 25
240 25
63 25
399 25
512 25
511 25
56 25
309 25
97 25
149 25
91 25
61 25
20 25
321 25
361 25
115 25
593 25
67 25
216 25
314 34
358 25
198 25
232 25
324 25
415 25
528 25
395 25
597 25
417 25
37 25
422 25
122 41
120 25
454 25
141 25
446 25
285 25
469 25
109 9
280 25
297 25
509 25
201 25
569 25
114 9
421 25
433 34
92 25
414 25
595 25
173 34
257 34
494 9
158 25
357 25
506 25
340 9
356 25
379 25
564 25
272 25
598 25
85 25
113 25
560 25
119 25
145 25
117 25
166 34
532 34
18 9
567 25
466 25
45 25
227 25
75 25
364 9
62 9
580 25
26 25
22 25
381 25
274 25
311 25
111 25
132 25
475 25
279 25
594 25
547 25
296 9
481 25
142 25
350 25
214 41
80 6
453 41
121 25
148 41
82 25
368 25
10 25
286 25
194 25
54 25
16 25
261 25
402 25
551 25
403 25
222 25
284 25
124 25
30 9
102 25
278 25
153 34
197 41
49 25
472 25
224 25
146 25
561 25
418 41
65 25
478 25
443 25
330 25
205 25
98 25
552 25
133 25
331 25
412 25
366 25
100 41
555 25
540 25
525 25
397 25
234 25
260 25
369 25
228 25
103 41
592 25
95 34
420 25
570 41
186 25
239 34
530 41
386 25
523 34
68 41
513 25
55 25
410 41
48 25
407 25
268 25
375 25
586 25
44 9
413 25
447 41
322 25
424 25
394 25
130 25
606 25
574 9
118 25
282 25
183 25
538 25
549 34
319 25
344 25
84 25
431 25
301 25
47 25
600 41
334 25
579 25
456 41
584 34
277 41
457 34
461 41
131 25
24 25
571 25
160 25
21 25
490 25
488 25
416 9
180 25
17 9
53 25
476 25
176 25
306 25
359 25
563 25
181 34
294 25
470 25
499 25
15 9
404 25
351 25
502 25
156 25
266 25
189 25
192 25
150 25
79 9
29 25
137 41
385 25
317 25
208 25
129 25
355 25
126 41
554 25
315 25
283 25
94 25
34 9
539 25
110 34
425 25
464 25
136 41
320 41
578 25
384 25
40 9
159 25
474 25
438 34
565 25
566 25
572 25
254 41
378 25
2 25
377 25
179 25
398 25
609 25
250 25
307 41
298 25
73 25
341 25
558 25
607 25
449 9
337 25
233 25
599 25
328 25
33 34
271 25
244 25
510 41
492 25
255 25
59 25
325 25
139 25
13 25
519 25
12 25
9 41
548 25
203 25
354 9
452 25
89 25
336 25
371 25
451 25
81 25
557 25
42 41
432 25
305 41
515 25
204 25
459 25
0 25
423 41
243 25
483 34
400 41
445 9
520 25
526 25
332 25
108 34
588 25
380 9
300 25
360 25
303 25
374 25
41 25
316 25
217 41
434 25
493 41
252 25
60 25
401 25
72 9
251 25
546 25
265 25
229 41
545 25
249 41
500 25
247 25
473 25
426 41
533 25
185 9
291 8
339 25
411 25
605 25
241 34
276 25
6 41
391 25
522 25
479 41
27 41
4 25
191 34
323 41
544 25
581 34
83 25
370 25
163 25
57 34
484 25
50 34
127 25
263 25
38 25
258 25
256 25
165 25
213 25
200 25
436 25
267 41
458 41
346 25
504 25
245 25
275 34
603 25
518 25
590 41
182 25
535 41
531 25
35 25
536 25
467 25
195 34
460 25
583 25
396 25
46 25
248 25
338 25
168 34
345 25
497 25
170 25
342 25
610 25
1 25
604 34
496 34
262 25
169 25
8 25
212 25
450 25
154 41
516 25
326 25
582 25
174 25
39 25
577 25
576 41
123 25
292 41
199 34
51 25
69 34
196 25
534 9
299 25
553 41
236 41
373 25
188 25
106 25
302 25
90 25
193 25
76 25
230 41
220 25
226 25
387 9
524 25
455 25
521 25
209 34
138 41
589 25
171 25
505 25
215 25
489 25
264 25
335 25
441 25
164 25
477 25
383 41
219 25
167 25
288 25
353 41
471 25
96 41
562 25
308 41
172 25
408 25
52 25
318 25
392 25
362 25
152 25
363 25
221 25
223 41
225 9
313 25
43 41
517 34
508 25
312 25
587 25
327 25
503 25
134 25
463 25
31 41
71 25
14 25
287 25
439 9
5 9
347 25
295 41
231 41
246 25
495 25
608 25
144 25
36 25
66 41
206 25
128 25
542 25
349 25
175 41
218 25
602 41
99 25
273 41
157 25
23 25
333 25
19 41
367 41
591 25
329 9
405 25
32 25
585 25
207 25
304 25
507 25
541 25
101 25
480 25
105 41
187 9
151 34
147 9
348 41
390 34
178 25
238 25
406 25
462 25
543 41
253 25
376 25
568 25
440 34
269 41
162 25
70 25
242 9
596 41
93 25
550 41
428 25
556 41
210 25
372 9
86 41
88 41
155 34
430 25
74 34
559 9
485 25
64 25
7 41
259 25
498 25
190 25
343 9
388 25
393 25
537 9
135 41
237 25
107 9
527 25
run time cost of algorithm DRT_AG is 0.004383seconds
