861000 97 14
65 23
79 23
83 23
464 23
237 23
418 23
480 23
32 23
340 23
496 23
358 23
197 23
69 23
5 23
430 23
476 23
357 23
1 23
248 23
226 23
168 23
17 23
184 23
204 23
448 23
486 23
452 23
183 23
346 23
362 23
87 23
277 23
246 23
225 23
96 23
167 34
103 23
160 23
154 23
152 23
350 23
447 23
273 23
286 23
371 23
41 23
468 23
171 23
331 23
97 23
502 23
36 23
364 23
443 23
75 23
205 23
355 23
22 23
48 23
113 23
402 23
322 23
230 23
54 23
425 23
85 23
223 23
207 23
509 23
409 34
0 23
508 23
339 23
497 23
143 23
307 23
507 23
233 23
209 23
236 23
95 23
360 23
488 23
405 23
384 23
157 23
43 23
140 23
335 23
166 23
201 23
356 34
92 23
180 23
203 23
45 23
329 34
137 23
289 23
292 23
282 23
413 23
257 23
416 19
352 23
74 23
298 23
453 23
325 23
70 23
193 23
354 19
229 23
290 23
349 23
395 23
186 23
89 19
467 23
419 34
198 23
199 34
144 23
196 23
280 23
215 19
291 23
458 23
30 23
128 23
234 19
308 23
59 23
351 23
191 23
378 23
62 23
369 23
25 23
251 23
250 23
188 23
122 23
55 23
49 23
107 23
126 23
336 23
421 23
101 19
150 23
293 23
432 23
153 19
217 23
3 19
377 23
381 19
151 23
490 23
268 23
386 23
37 19
35 23
24 23
394 34
232 23
408 23
396 23
306 23
372 23
450 23
498 23
60 23
481 23
182 23
501 23
129 23
429 23
328 23
506 23
98 19
388 23
108 19
179 23
417 23
46 23
28 23
185 23
132 19
111 19
267 23
176 23
412 23
411 23
114 23
228 23
47 34
178 23
424 23
34 19
348 23
365 23
239 23
11 23
446 23
141 23
505 23
8 23
263 19
304 23
368 23
4 23
439 23
174 23
426 19
347 23
265 23
404 23
343 34
164 19
163 23
319 19
219 19
131 19
276 23
442 23
93 23
415 23
410 23
255 23
139 23
380 23
39 23
274 23
284 23
399 19
142 23
383 34
473 23
341 23
158 23
503 34
495 23
81 23
437 19
367 23
56 19
100 19
483 23
133 23
294 23
491 23
253 19
68 23
194 23
40 23
33 23
99 23
366 23
310 23
457 23
438 19
317 23
243 23
344 23
484 23
208 19
462 34
305 19
459 34
212 23
436 34
78 23
332 23
155 23
456 23
295 23
256 23
66 23
434 19
460 19
50 23
385 23
244 23
316 23
206 19
474 23
170 23
245 19
477 23
109 23
489 23
427 23
345 34
510 19
471 23
210 23
127 19
318 23
202 19
16 23
487 19
337 23
433 23
455 23
475 23
463 23
124 23
261 19
12 23
72 23
281 23
272 23
2 23
110 23
211 34
466 23
324 23
9 23
470 23
149 23
375 19
302 23
38 23
485 23
492 23
359 34
61 19
321 23
269 23
51 23
400 23
370 23
312 23
19 23
220 23
445 23
116 23
77 23
296 23
20 23
80 23
130 19
147 23
449 23
379 23
242 23
44 23
387 23
431 19
216 23
105 19
334 23
115 19
177 23
121 23
407 23
52 23
313 19
200 19
270 23
303 19
287 23
10 23
288 23
493 23
173 23
500 19
13 34
262 23
401 19
266 34
373 23
76 23
181 23
428 23
353 23
479 23
82 19
218 23
279 23
134 19
221 19
259 23
15 23
136 23
260 23
278 23
27 19
29 19
478 19
42 23
327 23
238 23
71 23
84 34
86 23
187 19
119 23
499 19
297 19
26 19
482 23
376 34
241 23
374 23
338 23
440 23
106 23
118 23
120 19
117 19
14 23
390 23
31 19
382 19
472 23
398 23
326 23
330 19
73 19
222 23
511 19
91 19
102 23
275 23
393 19
320 19
104 23
465 23
454 19
271 19
195 23
213 23
435 23
406 23
175 23
361 19
247 23
249 23
148 23
189 23
252 23
18 23
172 23
264 23
235 19
300 23
254 23
67 23
23 19
311 23
192 23
21 19
7 19
461 19
422 23
403 23
240 23
6 23
190 23
315 19
88 23
58 23
283 23
451 23
301 19
57 23
391 34
423 23
135 19
162 23
214 23
397 23
231 19
314 23
309 19
504 23
285 19
169 23
90 34
392 19
159 19
53 34
420 19
63 23
227 19
333 23
165 19
494 23
444 23
138 23
441 34
161 19
112 19
363 23
414 34
125 23
389 34
94 19
145 23
258 23
299 23
469 19
323 23
64 23
146 23
342 19
123 23
156 23
224 23
run time cost of algorithm DRT_BD is 0.126834seconds
