1789800 120 43
100 25
272 25
274 25
9 25
311 25
383 25
14 25
108 25
1 25
115 25
494 25
5 25
160 25
296 25
329 9
466 25
421 41
32 25
250 25
448 25
163 9
440 25
172 25
221 41
82 25
252 25
262 25
268 25
28 25
283 25
310 34
315 25
59 25
16 25
419 25
335 25
416 25
347 25
428 25
87 25
241 25
422 25
317 25
13 25
414 25
364 41
354 41
110 25
371 25
49 25
496 34
116 41
345 25
342 25
18 25
179 25
185 9
332 41
468 9
410 25
201 25
167 25
164 25
24 25
406 25
427 25
122 25
254 25
473 25
260 41
480 25
98 25
72 25
27 25
487 25
144 25
432 41
483 25
118 25
441 25
225 25
222 25
400 25
434 25
394 41
318 9
327 41
454 41
35 25
89 25
55 25
174 25
22 25
170 25
202 25
212 25
240 25
244 25
412 25
154 25
69 9
29 25
470 25
469 34
346 9
50 25
349 25
338 25
0 25
73 25
391 25
45 25
52 41
326 25
304 25
19 25
276 25
261 25
227 25
80 25
220 25
94 25
146 41
305 25
95 25
341 9
26 41
333 25
156 25
236 9
191 25
407 25
195 25
34 25
218 25
382 25
399 25
258 25
84 25
85 25
277 41
104 25
269 25
264 41
117 25
389 41
139 25
293 25
148 25
66 25
457 25
486 25
418 41
130 25
380 25
183 25
464 25
482 25
127 25
224 25
429 25
438 25
226 41
112 25
228 41
356 41
270 25
451 25
431 9
126 41
93 25
463 25
472 25
213 25
265 25
392 25
295 25
197 25
303 25
381 41
476 25
477 25
478 25
379 9
439 25
62 25
176 41
411 25
114 25
182 25
153 25
330 25
495 9
39 25
43 25
384 25
460 25
488 25
403 25
41 25
393 25
25 9
377 25
194 41
177 25
322 25
362 25
390 41
456 41
343 25
210 25
423 25
395 25
162 25
396 25
267 25
206 25
111 9
339 34
246 41
386 34
430 41
353 9
374 25
189 25
465 25
309 25
231 34
357 25
415 41
313 25
287 37
278 25
74 41
31 25
497 41
155 41
298 25
299 41
319 25
166 25
447 37
361 41
360 25
184 25
196 34
273 41
340 25
350 25
436 41
51 41
92 25
230 25
6 9
351 25
171 25
355 41
449 25
78 25
96 34
491 25
442 25
123 25
307 41
445 25
474 25
446 25
68 25
266 41
316 25
324 25
178 41
70 25
337 41
435 25
120 25
378 25
237 38
401 25
408 25
286 25
323 9
137 9
385 41
158 41
290 25
97 25
359 34
173 41
75 41
88 25
105 25
211 9
455 25
229 25
282 25
129 41
140 34
106 25
289 25
30 25
159 25
199 41
8 34
54 25
57 9
306 25
242 25
124 25
291 9
107 25
37 38
99 25
207 25
209 25
63 25
125 25
186 41
437 41
147 25
58 25
321 25
134 25
281 41
138 25
15 25
294 25
232 25
475 41
417 25
489 37
458 9
388 41
90 25
249 25
131 34
149 25
481 25
204 25
413 25
150 41
152 25
175 34
200 9
376 25
425 25
188 41
255 34
259 25
308 25
145 25
257 25
352 25
161 25
169 25
367 34
168 41
366 25
239 41
136 25
462 41
205 41
198 25
113 41
358 25
284 25
64 25
141 25
214 25
33 25
67 25
499 41
48 25
216 41
452 25
375 41
344 25
409 25
238 25
398 25
467 25
292 34
271 25
3 41
256 25
492 41
81 34
424 25
275 25
36 25
180 41
10 25
142 25
312 34
498 25
21 25
365 25
165 25
461 25
60 41
285 41
453 25
331 41
301 25
279 25
336 25
320 34
203 25
253 25
157 25
247 34
263 9
369 25
459 25
121 25
23 41
38 25
245 25
103 25
119 41
102 9
128 41
493 34
42 25
133 25
373 41
426 25
372 25
135 25
109 25
490 25
363 41
143 25
190 25
79 25
348 25
479 25
91 41
484 25
181 25
325 41
20 25
61 25
187 25
151 25
433 41
192 41
370 25
208 25
215 25
11 41
47 41
288 25
132 41
405 25
53 25
328 25
443 34
248 25
40 41
4 25
2 41
193 25
302 41
234 41
300 41
223 25
397 25
12 25
485 25
219 25
471 25
83 25
233 25
235 25
387 34
297 25
101 41
314 34
77 25
7 41
251 25
76 25
334 25
420 41
280 25
56 25
444 25
65 25
46 41
368 25
44 9
86 25
217 37
450 25
402 34
243 41
71 34
404 25
17 37
500 25
run time cost of algorithm DRT_AG is 0.003177seconds
