881800 104 65
0 34
1 0
2 34
3 34
4 34
5 34
6 34
7 34
8 34
9 34
10 34
11 34
12 34
13 0
14 34
15 34
16 34
17 0
18 34
19 34
20 34
21 34
22 34
23 34
24 34
25 34
26 34
27 34
28 34
29 34
30 34
31 34
32 34
33 34
34 34
35 34
36 34
37 34
38 34
39 34
40 34
41 0
42 34
43 34
44 34
45 34
46 34
47 34
48 34
49 34
50 34
51 34
52 0
53 34
54 34
55 34
56 34
57 34
58 34
59 34
60 34
61 34
62 34
63 34
64 34
65 34
66 34
67 34
68 34
69 34
70 0
71 34
72 0
73 34
74 34
75 0
76 34
77 34
78 34
79 34
80 34
81 34
82 34
83 34
84 34
85 34
86 34
87 34
88 0
89 34
90 0
91 34
92 34
93 34
94 34
95 0
96 34
97 34
98 34
99 34
100 34
101 34
102 34
103 34
104 34
105 34
106 34
107 34
108 34
109 34
110 34
111 34
112 34
113 34
114 34
115 34
116 34
117 34
118 34
119 34
120 34
121 34
122 34
123 0
124 34
125 34
126 34
127 0
128 34
129 34
130 34
131 34
132 34
133 34
134 34
135 34
136 34
137 0
138 34
139 34
140 41
141 34
142 34
143 34
144 34
145 34
146 34
147 34
148 34
149 34
150 34
151 34
152 34
153 34
154 34
155 34
156 0
157 34
158 34
159 34
160 34
161 0
162 34
163 34
164 34
165 34
166 34
167 34
168 0
169 34
170 0
171 0
172 34
173 0
174 34
175 34
176 0
177 34
178 34
179 34
180 34
181 34
182 34
183 34
184 34
185 41
186 34
187 0
188 34
189 34
190 34
191 34
192 0
193 34
194 34
195 34
196 34
197 34
198 34
199 34
200 34
201 34
202 34
203 34
204 34
205 0
206 0
207 34
208 34
209 34
210 34
211 34
212 34
213 34
214 34
215 34
216 34
217 34
218 34
219 41
220 34
221 34
222 34
223 34
224 0
225 34
226 34
227 34
228 34
229 34
230 34
231 34
232 34
233 34
234 34
235 34
236 34
237 34
238 34
239 34
240 34
241 0
242 34
243 34
244 34
245 34
246 34
247 0
248 34
249 34
250 34
251 34
252 34
253 34
254 0
255 34
256 34
257 34
258 0
259 34
260 0
261 34
262 34
263 34
264 34
265 34
266 41
267 34
268 34
269 34
270 34
271 0
272 34
273 34
274 34
275 34
276 34
277 34
278 0
279 34
280 34
281 34
282 34
283 34
284 34
285 34
286 34
287 34
288 34
289 34
290 34
291 34
292 34
293 0
294 34
295 34
296 34
297 34
298 34
299 34
300 34
301 34
302 34
303 34
304 0
305 34
306 0
307 34
308 34
309 34
310 34
311 34
312 0
313 34
314 34
315 34
316 34
317 34
318 0
319 34
320 34
321 0
322 34
323 34
324 34
325 41
326 34
327 34
328 34
329 0
330 34
331 34
332 34
333 34
334 34
335 0
336 34
337 34
338 0
339 34
340 34
341 34
342 34
343 34
344 34
345 34
346 34
347 34
348 34
349 34
350 34
351 34
352 8
353 34
354 34
355 0
356 34
357 34
358 34
359 34
360 34
361 34
362 34
363 34
364 34
365 34
366 34
367 34
368 34
369 34
370 34
371 34
372 34
373 34
374 34
375 0
376 0
377 0
378 34
379 34
380 34
381 34
382 34
383 34
384 34
385 34
386 41
387 34
388 34
389 34
390 34
391 34
392 34
393 34
394 0
395 34
396 34
397 34
398 34
399 34
400 34
401 34
402 34
403 0
404 34
405 34
406 34
407 34
408 34
409 34
410 34
411 34
412 34
413 34
414 34
415 34
416 34
417 34
418 41
419 34
420 34
421 34
422 34
423 34
424 34
425 34
426 34
427 34
428 34
429 34
430 34
431 34
432 41
433 34
434 34
435 34
436 34
437 34
438 0
439 34
440 0
441 34
442 41
443 34
444 34
445 34
446 34
447 34
448 34
449 34
450 34
451 34
452 34
453 34
454 34
455 34
456 34
457 0
458 34
459 34
460 34
461 34
462 34
463 34
464 34
465 34
466 34
467 34
468 34
469 34
470 0
471 34
472 34
473 34
474 0
475 34
476 0
477 34
478 34
479 34
480 34
481 34
482 34
483 34
484 34
485 0
486 34
487 34
488 0
489 34
490 34
491 34
492 34
493 34
494 34
495 34
496 41
497 34
498 34
499 34
500 34
501 34
502 34
503 34
504 34
505 34
506 34
507 34
508 34
509 34
510 34
511 0
512 0
513 34
514 0
515 34
516 34
517 0
518 34
519 34
520 34
521 34
522 34
523 34
524 34
525 34
526 34
527 34
528 0
529 34
530 0
531 34
532 34
533 34
534 34
535 34
536 34
537 34
538 34
539 34
540 41
541 34
542 0
543 41
544 34
545 34
546 34
547 34
548 34
549 0
550 34
551 34
552 34
553 34
554 0
555 34
556 34
557 34
558 34
559 34
560 34
561 34
562 34
563 34
564 34
565 41
566 34
567 34
568 34
569 34
570 0
571 41
572 34
573 34
574 0
575 8
576 0
577 34
578 34
579 0
580 34
581 34
582 34
583 34
584 34
585 0
586 34
587 34
588 34
589 34
590 34
591 34
592 34
593 34
594 34
595 34
596 34
597 34
598 34
599 34
600 0
601 0
602 34
603 34
604 34
605 34
606 34
607 34
608 34
609 34
610 34
611 41
612 34
613 34
614 34
615 34
616 34
617 41
618 34
619 34
620 34
621 34
622 34
623 34
624 34
625 0
626 34
627 34
628 34
629 34
630 34
631 34
632 34
633 34
634 34
635 34
636 34
637 34
638 34
639 34
640 34
641 34
642 34
643 34
644 34
645 0
646 34
647 0
648 34
649 34
650 34
651 34
652 0
653 34
654 34
655 0
656 34
657 34
658 34
659 34
660 34
661 34
662 34
663 34
run time cost of algorithm SM_CTP is 0.909205seconds
