1253000 170 38
102 25
216 25
80 25
251 25
47 25
36 41
88 25
23 25
20 9
273 9
200 9
211 25
229 9
239 25
343 9
260 25
139 25
263 25
18 25
337 25
142 25
296 25
28 25
306 25
97 25
65 41
196 41
90 34
170 34
77 25
257 25
339 25
209 25
193 9
227 25
175 9
333 34
335 25
144 25
86 25
7 25
250 25
271 25
158 25
341 25
198 9
46 25
154 25
19 25
280 25
297 25
298 25
71 25
1 25
22 34
195 25
27 25
330 25
199 25
115 34
17 41
110 25
248 41
327 41
309 25
12 34
329 25
92 41
25 25
201 25
63 25
226 25
231 25
232 25
163 34
161 34
0 25
264 25
82 25
272 25
145 25
38 25
278 25
319 41
95 25
109 41
249 25
223 41
179 41
172 41
233 25
151 41
281 25
284 25
289 25
91 41
299 34
315 25
320 25
332 25
351 25
242 25
105 25
15 25
96 25
149 41
256 25
213 41
134 25
120 25
222 25
127 25
122 9
182 25
192 25
241 25
308 41
169 25
29 41
331 25
64 9
116 25
259 25
285 25
56 25
81 25
160 25
219 25
217 34
270 25
9 41
132 25
245 25
286 25
287 37
113 25
294 41
69 41
33 25
43 25
236 25
32 25
340 34
254 25
62 41
187 25
146 41
240 25
189 25
74 41
312 25
310 25
3 41
42 41
204 41
8 41
128 34
180 41
6 25
118 25
324 41
304 25
311 41
89 41
247 25
156 9
323 25
277 25
230 25
4 25
35 41
39 34
220 41
166 41
94 9
66 25
235 25
44 41
93 25
16 41
176 25
103 41
30 25
31 25
119 25
190 41
131 34
133 37
10 41
53 25
54 25
205 41
181 25
350 25
290 25
279 25
269 41
267 25
138 38
148 25
84 25
234 9
208 25
316 41
173 34
313 34
73 41
104 41
78 25
253 25
252 41
24 25
59 41
338 34
292 25
153 25
2 25
266 25
206 25
178 25
41 41
40 25
126 25
108 25
11 34
98 25
26 25
157 34
244 34
225 25
185 25
168 25
293 25
67 34
191 9
347 25
130 25
186 41
336 9
276 41
37 41
188 41
117 41
243 25
307 41
60 25
79 9
48 41
282 25
13 41
143 34
184 9
21 9
344 25
100 41
295 25
203 41
283 25
140 41
321 25
349 25
52 25
107 25
155 25
135 25
99 41
5 25
342 41
314 41
167 25
305 25
159 41
83 41
55 25
291 37
87 38
123 25
322 25
194 25
68 37
325 25
61 41
328 25
346 25
215 41
334 25
177 38
174 41
85 25
300 41
228 25
111 41
255 41
129 25
224 25
221 37
301 41
302 34
162 25
164 8
125 25
183 37
262 41
207 9
124 41
112 34
171 25
137 41
274 41
345 41
258 25
121 41
261 25
45 25
210 25
202 25
50 25
101 25
214 25
106 41
114 9
348 25
165 41
275 25
268 25
265 41
75 9
72 25
51 41
70 41
197 25
237 25
57 41
58 25
317 37
212 25
238 41
246 41
49 41
326 34
76 25
34 25
150 41
147 41
136 37
14 34
218 25
152 41
141 25
288 41
303 25
318 25
run time cost of algorithm DRT_AG is 0.001966seconds
