3467200 170 31
237 25
336 25
534 25
65 25
720 41
450 25
525 25
555 41
141 25
188 25
273 25
467 25
676 25
79 25
264 41
319 25
372 25
507 25
18 25
558 25
215 9
89 25
499 25
126 25
767 34
494 25
41 25
548 25
630 25
486 25
343 25
243 25
582 25
374 25
416 25
440 25
274 25
625 25
85 25
197 25
40 25
755 25
435 25
775 41
16 25
443 34
20 25
256 25
557 25
591 25
357 25
484 25
245 25
475 25
134 25
518 25
776 25
491 25
489 34
59 25
412 25
713 25
598 25
600 34
727 9
449 34
411 34
29 25
163 25
102 25
212 9
545 41
425 25
181 25
184 25
332 25
429 25
369 25
200 25
201 41
700 25
753 41
549 25
669 25
506 34
233 25
240 25
250 25
442 25
255 41
481 25
307 25
473 25
8 25
459 9
724 25
292 25
356 25
98 25
546 25
619 9
35 25
681 25
377 25
446 25
379 25
106 25
42 9
380 25
325 41
511 25
537 25
645 41
604 25
479 25
341 25
616 25
709 25
786 25
303 25
6 41
125 25
123 9
781 34
394 9
585 41
718 41
715 25
355 41
176 34
350 25
455 34
456 25
531 25
249 41
704 25
716 25
650 25
606 25
469 25
535 25
109 9
267 34
674 25
708 25
265 9
339 25
224 25
517 34
671 41
342 41
4 25
260 25
149 41
478 25
564 25
118 9
624 25
337 25
516 25
381 25
553 41
642 25
252 25
67 25
91 25
417 25
294 25
140 41
344 34
466 25
521 25
7 25
530 25
208 41
175 25
53 25
128 25
576 25
505 9
587 9
403 41
684 25
333 25
579 41
627 25
427 41
613 25
234 25
439 25
633 25
745 25
483 25
326 25
680 25
431 25
196 41
151 25
263 25
550 25
496 25
129 25
659 25
113 25
414 25
514 25
94 25
623 41
723 25
509 25
761 25
580 41
622 25
293 25
77 25
752 25
448 25
107 41
14 41
500 25
432 25
306 25
340 25
10 25
69 25
135 25
679 41
227 25
735 41
407 34
492 34
438 34
594 34
38 34
57 25
464 25
692 9
610 9
34 25
182 25
32 9
533 25
246 41
712 9
302 25
593 25
242 25
637 25
99 25
116 41
167 41
297 9
191 25
226 25
225 25
114 25
199 25
666 25
569 9
137 25
71 25
15 25
316 34
474 41
317 25
551 25
321 25
609 25
76 25
410 25
383 25
139 41
154 25
702 25
52 25
482 34
465 25
170 25
529 41
81 25
360 25
590 41
528 25
418 25
405 25
734 25
3 25
620 25
771 25
504 41
216 25
571 41
785 25
161 25
706 41
157 25
541 41
45 25
55 25
86 25
138 41
556 41
26 25
730 9
304 9
21 25
190 25
655 25
581 41
568 25
19 25
488 25
194 25
560 41
349 9
315 25
565 25
501 25
399 41
313 25
320 41
207 25
433 25
677 25
288 25
675 41
244 25
476 41
586 9
453 25
402 25
358 41
300 25
595 25
538 34
634 25
602 41
742 25
376 25
749 41
30 25
153 9
628 25
183 34
524 25
617 25
295 41
687 25
689 25
648 25
562 37
563 25
497 41
398 25
652 34
371 25
388 25
305 25
444 25
284 25
82 41
699 25
725 25
363 41
296 25
605 25
64 9
611 41
404 25
58 34
361 25
570 25
136 34
148 25
150 25
155 25
338 25
422 25
330 25
428 41
639 41
682 25
520 25
434 41
493 25
231 25
703 41
253 25
731 25
261 34
195 25
331 41
346 41
601 41
447 41
117 41
457 25
298 9
278 34
461 34
471 25
51 25
269 41
259 41
584 25
607 34
406 25
487 25
156 9
736 9
510 25
670 34
784 25
672 25
626 37
44 25
61 25
351 25
629 25
162 25
48 25
480 25
612 41
219 25
668 25
365 41
711 41
547 25
750 41
75 25
772 25
24 25
554 25
322 41
468 34
768 41
436 25
437 25
641 25
462 34
384 41
441 41
131 25
308 9
301 25
386 34
756 25
110 41
22 25
646 25
60 25
757 25
202 25
282 41
214 41
592 41
577 25
218 41
578 25
238 25
426 25
70 25
257 25
773 41
84 41
164 25
391 25
323 34
100 41
588 25
198 25
513 25
512 41
348 25
408 9
266 41
172 41
33 25
133 9
695 25
49 34
83 41
119 25
678 41
544 34
618 41
23 25
596 25
25 25
80 34
778 9
690 25
424 36
635 25
353 41
744 34
543 41
73 25
120 41
378 9
460 41
142 34
502 41
311 41
312 41
165 41
760 37
130 41
193 41
769 41
9 41
747 41
168 41
603 41
205 41
415 38
739 41
707 41
714 41
685 41
31 37
74 41
599 41
423 41
698 41
608 41
235 41
777 41
236 41
290 34
746 38
615 41
430 37
387 41
572 34
324 38
88 41
729 41
728 41
660 41
656 41
409 37
359 41
413 41
187 41
741 41
335 41
211 41
217 41
632 34
146 41
498 37
222 41
401 38
241 41
762 41
11 41
385 41
477 41
765 41
754 41
270 34
719 9
310 41
291 41
697 41
112 41
392 41
115 41
552 41
748 41
166 41
169 41
673 34
532 41
204 9
631 41
503 41
28 41
223 41
693 41
247 41
638 41
251 34
258 41
262 37
766 38
470 37
271 41
272 37
640 37
644 41
280 37
309 37
17 41
782 41
651 41
419 41
663 41
2 41
382 41
390 41
72 41
589 41
662 41
395 37
375 9
97 41
101 37
352 41
420 41
759 41
105 41
111 41
328 37
314 37
667 41
751 9
145 41
458 41
159 41
540 41
177 41
463 37
694 41
527 41
733 41
779 41
740 37
206 34
210 37
213 41
220 41
764 9
185 41
229 6
230 41
239 34
743 38
178 41
277 41
774 37
147 41
56 34
279 41
283 9
286 34
127 41
614 37
665 41
329 41
334 41
770 41
653 41
654 41
574 41
364 41
657 37
368 41
66 41
68 41
221 41
0 38
318 41
664 41
5 41
717 41
722 41
347 41
289 41
597 41
362 41
705 38
573 41
738 38
43 41
47 41
397 41
179 41
63 41
78 41
526 9
445 37
90 38
96 38
519 41
104 41
758 37
688 37
121 34
173 34
160 41
490 41
144 8
158 37
285 24
495 41
174 41
451 41
523 9
542 34
180 37
189 41
50 9
39 38
37 41
661 41
228 41
732 37
370 41
254 41
367 41
275 37
36 41
621 38
636 41
13 41
783 41
299 34
132 41
327 41
559 41
95 41
354 41
522 41
393 41
686 41
281 41
649 37
12 41
108 37
710 41
373 37
248 41
122 41
389 41
583 37
143 41
536 41
696 41
421 41
46 41
701 37
124 41
567 34
452 37
203 37
171 41
454 41
472 38
539 41
396 8
737 41
691 34
87 41
780 38
508 41
643 41
683 41
726 41
103 41
1 41
345 41
763 41
93 41
92 41
515 41
721 41
485 41
152 38
62 38
54 41
186 41
561 41
400 41
566 41
192 9
575 41
209 41
27 34
232 41
268 9
366 41
647 9
276 41
287 38
658 41
run time cost of algorithm DRT_AG is 0.007663seconds
