200500 120 46
1 9
92 9
32 9
42 9
5 9
125 34
53 9
94 9
114 9
68 34
10 9
11 9
117 9
139 9
130 9
119 9
31 9
137 9
4 9
3 9
136 9
33 9
126 9
96 34
46 9
24 9
65 9
40 9
107 9
41 9
135 9
103 9
89 9
16 9
105 9
88 9
115 9
76 9
108 9
35 9
36 9
69 9
21 9
52 9
86 9
26 9
43 9
17 9
138 9
121 9
72 9
73 34
128 9
57 9
37 9
75 9
29 9
99 9
27 9
61 9
134 9
23 9
34 9
109 9
58 9
59 9
47 9
13 34
102 9
66 9
118 9
91 9
116 9
71 9
133 9
78 9
83 34
38 9
12 9
9 9
113 9
6 9
2 9
20 34
77 9
80 9
124 9
30 9
67 9
85 9
39 9
55 9
7 9
98 34
131 9
22 9
48 9
44 9
15 9
8 9
93 9
111 9
54 9
18 9
104 9
70 9
45 9
19 9
49 9
0 9
74 9
90 9
101 9
87 9
123 9
84 9
63 9
97 9
127 9
100 9
95 9
62 9
50 9
122 9
120 9
64 34
25 9
14 9
82 34
60 9
106 9
112 9
132 9
28 9
79 9
110 9
81 9
56 9
51 9
129 9
run time cost of algorithm DRT_AG is 0.000353seconds
