936400 98 65
0 34
1 34
2 34
3 0
4 34
5 34
6 34
7 34
8 8
9 34
10 34
11 34
12 34
13 34
14 34
15 34
16 34
17 34
18 34
19 34
20 34
21 34
22 34
23 34
24 34
25 34
26 34
27 34
28 34
29 34
30 34
31 34
32 34
33 34
34 8
35 34
36 34
37 34
38 34
39 34
40 34
41 34
42 34
43 34
44 0
45 34
46 34
47 34
48 8
49 34
50 0
51 34
52 34
53 34
54 8
55 34
56 34
57 34
58 34
59 34
60 0
61 34
62 34
63 34
64 8
65 34
66 8
67 34
68 34
69 8
70 34
71 34
72 8
73 34
74 0
75 34
76 34
77 34
78 34
79 34
80 34
81 34
82 8
83 0
84 8
85 34
86 34
87 8
88 8
89 34
90 34
91 34
92 34
93 34
94 34
95 0
96 34
97 0
98 34
99 34
100 8
101 34
102 34
103 34
104 34
105 8
run time cost of algorithm SM_CTP is 0.027285seconds
