2045000 97 14
195 14
182 14
188 14
35 14
103 14
162 14
205 14
204 14
231 14
83 14
265 14
171 14
141 14
345 14
11 14
128 34
317 14
311 14
94 14
189 14
209 34
79 14
51 14
99 14
331 14
151 14
119 14
185 14
242 14
130 14
2 14
238 14
215 14
201 14
92 14
161 14
230 14
296 14
247 14
106 14
41 14
227 14
38 14
108 14
357 14
40 14
134 14
354 14
287 14
244 14
10 14
156 14
249 14
74 14
245 14
339 14
165 14
295 14
20 14
200 14
253 14
126 14
62 14
140 14
277 14
115 14
285 14
221 14
1 14
65 14
353 14
184 14
243 14
46 14
282 14
123 14
323 14
91 34
76 34
70 14
163 14
301 14
250 14
251 14
248 14
269 14
241 14
183 14
271 14
43 14
211 14
118 14
16 14
337 14
342 14
48 14
133 14
347 14
267 14
110 14
21 14
112 6
266 14
177 14
179 34
34 14
59 14
127 14
214 14
197 14
218 14
274 14
307 14
19 14
329 14
256 14
228 14
160 14
292 14
29 14
309 14
125 14
320 14
78 14
82 34
42 34
71 14
149 14
145 34
313 34
98 6
327 14
66 14
367 14
252 6
33 14
235 14
304 14
72 14
326 14
275 6
142 14
117 34
348 14
258 14
96 14
28 14
270 6
203 14
334 14
37 14
22 14
61 14
223 14
152 14
364 14
280 14
219 14
32 6
168 6
217 34
135 14
153 14
154 14
355 6
261 6
316 14
359 14
246 14
175 6
358 14
344 14
234 14
7 34
361 6
17 14
137 14
157 14
85 14
314 14
73 6
341 14
86 14
176 14
308 6
13 14
54 6
105 14
97 14
181 34
312 14
356 6
199 14
362 14
297 14
303 14
225 14
80 14
278 14
36 14
3 14
216 6
47 14
132 14
150 14
293 14
0 14
349 34
95 14
136 6
340 14
305 6
25 14
213 6
67 14
290 14
237 14
53 14
45 14
283 14
58 14
77 14
350 14
93 6
229 6
321 14
23 6
328 6
31 14
116 14
332 14
68 14
55 14
6 14
193 6
44 14
122 14
148 34
224 14
191 6
167 14
138 14
109 14
288 14
232 34
322 14
325 34
240 6
64 6
89 14
259 14
5 14
57 34
14 14
300 14
254 6
129 14
81 6
198 14
196 14
192 34
257 14
155 14
263 14
15 6
69 14
255 6
351 14
111 6
173 14
88 14
260 6
100 14
294 6
291 14
194 6
107 6
239 6
102 6
147 14
319 14
146 6
101 14
338 14
363 14
104 34
324 6
276 14
236 14
284 14
272 14
346 14
169 14
212 14
335 14
281 14
158 14
318 6
8 14
264 14
114 14
113 14
131 6
52 14
75 14
299 14
90 14
202 14
174 14
172 6
315 14
24 14
310 14
87 14
208 14
352 14
49 14
60 14
84 14
273 14
262 14
343 14
120 6
360 6
180 6
268 14
330 14
12 6
4 34
9 14
289 6
186 6
170 6
144 14
298 6
302 14
27 14
207 34
121 14
18 14
143 14
210 14
206 14
333 14
190 6
233 6
39 6
178 14
124 6
166 14
56 6
222 14
187 14
50 14
220 6
159 6
139 6
26 6
365 14
336 6
63 14
226 14
279 14
286 6
30 14
164 6
306 14
366 6
run time cost of algorithm DRT_BD is 0.079996seconds
