1309000 170 42
66 25
60 25
581 34
828 25
468 25
822 25
685 41
560 25
201 25
556 25
813 25
667 25
408 9
746 41
752 25
97 25
653 9
17 9
107 25
532 34
773 9
628 41
536 25
715 25
666 25
265 25
616 9
228 25
144 34
608 25
470 41
8 25
423 25
731 9
165 9
197 41
663 25
596 25
329 25
248 25
401 25
293 41
750 9
548 25
91 25
665 25
410 25
600 25
260 25
238 25
421 25
660 25
353 25
537 25
142 25
514 25
175 9
613 25
58 25
443 9
829 25
630 9
0 25
440 25
812 25
603 9
438 41
132 25
166 25
461 25
358 9
119 25
274 34
110 41
565 25
189 34
679 41
480 25
387 25
155 25
735 34
561 25
815 25
296 34
712 9
604 25
341 25
354 25
668 34
208 34
627 25
720 25
777 25
190 41
533 25
72 25
771 25
638 41
504 25
269 25
507 41
658 25
506 25
657 25
54 25
204 41
305 25
82 25
84 25
601 25
437 25
524 41
499 34
86 41
378 41
755 25
430 25
619 25
368 34
751 25
283 34
545 25
122 25
47 41
402 25
120 25
38 25
789 34
794 25
454 25
485 25
633 25
696 25
673 25
65 34
180 25
335 25
553 34
389 25
675 25
160 25
661 25
726 34
263 41
825 9
32 25
2 25
564 9
690 34
303 25
27 25
761 25
391 25
737 25
45 41
244 41
243 25
409 41
733 25
349 41
227 25
449 25
684 25
682 25
193 25
333 25
806 25
652 41
118 25
213 9
743 9
687 25
697 25
18 25
798 25
802 25
636 25
523 41
817 9
464 25
413 25
282 25
571 41
334 25
591 9
328 34
388 25
96 25
13 25
557 25
360 25
700 25
109 9
709 34
486 9
275 25
428 34
680 8
484 25
252 25
171 41
147 9
479 25
405 25
403 9
200 25
778 25
577 25
46 25
35 25
606 25
239 25
49 25
9 41
769 25
559 9
620 25
381 25
362 25
632 34
546 25
718 25
621 25
139 25
179 25
782 25
400 25
140 25
196 25
721 25
163 25
215 41
472 25
686 41
156 25
212 25
414 25
222 9
670 25
112 41
376 9
70 25
323 25
439 25
386 25
321 25
407 25
797 34
94 25
232 25
93 25
436 25
63 25
57 25
348 25
390 25
399 25
124 25
599 25
255 25
490 25
43 25
417 25
233 25
662 25
765 25
266 25
22 34
659 25
641 25
583 25
730 9
518 25
463 25
707 9
116 25
346 25
277 9
25 25
29 41
267 25
356 25
759 34
261 25
257 34
406 25
427 25
434 34
61 25
219 9
442 25
214 25
191 25
495 25
186 41
500 34
611 25
585 25
154 41
150 25
304 25
568 9
831 25
478 25
162 41
647 25
15 25
501 25
508 25
795 25
710 34
424 25
617 34
176 9
766 34
371 25
55 25
558 6
325 25
375 34
805 25
39 25
137 25
134 25
396 9
130 25
146 25
245 25
719 9
826 25
338 25
701 25
206 25
800 41
708 25
539 25
547 34
1 25
671 25
364 25
489 9
419 25
342 9
572 25
236 34
287 34
717 25
310 25
393 25
67 25
350 25
412 25
736 41
320 9
207 25
289 9
582 41
258 34
598 25
210 34
279 25
609 25
625 25
497 25
573 34
324 25
575 9
446 25
522 41
295 9
594 9
554 9
218 25
88 25
247 25
138 9
543 41
164 25
226 25
801 9
237 41
698 41
7 25
151 25
674 25
775 25
515 25
792 25
312 25
225 34
587 9
555 41
678 25
173 41
286 25
394 41
181 25
431 25
535 25
629 25
745 41
271 25
639 41
250 25
728 34
706 25
705 25
161 25
589 41
280 41
80 25
780 25
786 34
466 9
345 25
331 25
716 25
799 41
316 25
90 25
612 25
235 25
294 25
83 34
727 25
23 9
79 25
492 25
363 25
695 25
73 25
33 25
220 25
433 41
322 8
270 25
397 25
476 25
262 25
272 34
133 9
168 25
475 25
644 9
14 9
703 9
367 25
702 9
306 25
772 41
511 6
185 25
452 34
584 25
624 25
343 25
677 25
347 25
779 25
776 25
95 34
209 41
610 25
24 25
253 34
352 25
298 9
493 34
626 9
26 25
59 9
85 25
593 25
816 25
89 25
395 41
827 25
337 25
418 41
416 25
319 25
474 34
131 25
803 9
521 25
519 25
62 34
105 41
172 41
211 25
741 9
528 25
732 25
195 25
734 34
102 9
259 25
357 25
141 41
170 9
187 25
742 25
114 25
87 9
640 25
182 25
223 25
753 25
444 25
451 41
230 25
513 25
268 25
420 25
326 25
729 25
669 9
529 41
542 25
645 41
31 25
28 25
457 25
288 34
459 41
787 25
332 25
398 25
198 25
242 41
127 25
570 25
824 25
422 41
5 34
618 25
576 25
713 25
711 41
477 25
229 25
483 25
654 25
704 6
281 41
688 41
760 25
763 25
694 25
764 9
648 9
50 41
169 34
758 41
183 25
460 9
487 25
473 34
435 8
739 41
807 25
811 9
714 37
563 25
153 41
520 9
566 41
415 41
307 34
830 25
650 25
567 25
68 25
300 34
574 25
231 25
411 25
383 25
578 25
744 25
103 25
502 25
635 25
509 25
309 41
361 6
115 25
285 9
339 25
551 25
441 34
768 9
586 41
308 25
634 41
158 41
691 25
597 25
494 37
318 41
136 25
525 9
602 25
234 41
683 41
723 6
174 41
384 41
471 34
821 25
284 25
336 25
256 25
793 25
607 25
192 41
299 25
37 25
689 25
503 25
34 25
123 41
365 25
453 41
71 25
216 41
699 9
121 25
44 25
757 37
552 25
314 34
516 41
224 25
783 41
623 9
429 25
135 9
75 34
458 34
531 25
672 25
290 9
738 25
614 25
42 41
380 25
498 41
809 34
113 34
448 25
538 25
178 25
788 25
56 25
770 25
251 25
3 41
549 25
541 41
291 25
74 25
740 25
455 25
157 25
622 9
301 25
382 41
99 25
642 41
595 41
101 9
273 25
366 9
51 41
656 34
330 34
655 34
426 25
377 34
562 25
681 25
819 25
651 25
78 9
297 34
722 25
117 9
372 9
254 41
785 25
351 25
692 41
148 41
579 41
41 25
450 25
814 41
791 25
315 41
69 25
379 25
754 37
311 25
221 25
467 25
569 25
646 25
184 25
767 41
781 34
6 25
550 41
21 34
784 9
392 25
52 37
241 25
540 25
317 25
81 25
534 25
465 25
676 34
445 9
16 34
53 25
373 9
19 25
159 41
302 41
615 41
177 25
505 41
108 25
48 25
747 25
355 41
98 25
517 25
510 25
818 25
592 25
194 25
482 25
481 41
425 41
125 41
359 25
111 25
167 41
126 9
588 25
340 25
796 41
327 25
496 25
756 25
217 25
143 25
76 9
810 34
12 25
649 25
188 25
129 25
369 9
725 34
249 34
447 25
404 25
128 9
637 41
790 34
20 9
264 41
748 25
631 9
246 25
152 25
512 25
526 25
92 6
385 25
199 25
823 41
313 25
106 25
203 41
10 41
374 41
724 25
469 25
276 25
40 25
30 25
491 41
104 41
100 9
527 25
36 25
292 25
605 41
488 25
580 25
664 25
4 25
462 41
432 34
544 41
749 25
240 25
11 25
820 25
77 25
344 41
64 41
693 6
456 25
590 41
774 25
808 34
202 9
278 41
643 25
762 41
370 34
145 25
804 25
205 41
149 25
530 41
run time cost of algorithm DRT_AG is 0.008075seconds
