444150 104 65
186 0
140 34
105 34
97 0
19 34
324 34
161 34
240 34
107 34
336 34
333 34
281 0
198 34
117 34
285 34
53 34
309 34
350 34
3 34
214 34
227 34
241 34
259 34
94 0
84 34
21 34
282 34
331 34
320 34
262 41
142 34
127 34
121 34
201 34
39 0
200 0
277 34
283 34
46 34
135 34
248 34
160 34
176 34
45 0
62 34
179 34
193 34
190 34
23 34
204 0
312 34
58 34
296 34
265 34
321 34
153 34
125 34
266 41
83 34
41 34
288 34
149 34
293 34
16 34
334 34
52 34
8 41
332 34
106 34
131 34
280 34
47 34
109 34
4 34
256 34
60 34
260 34
235 34
151 34
75 34
110 41
18 34
98 34
157 34
123 41
230 34
211 34
215 34
340 34
298 0
108 34
61 34
91 34
258 34
217 34
226 34
199 34
304 34
269 34
181 34
12 34
152 0
185 41
196 41
174 41
1 41
318 0
345 34
308 41
310 34
251 34
183 34
85 0
34 0
210 34
5 41
65 34
155 34
10 34
79 34
276 34
147 34
254 34
6 34
87 34
348 8
268 34
180 34
96 34
329 34
81 41
49 34
80 34
129 34
188 34
213 34
163 0
225 34
130 34
297 34
158 0
20 34
307 34
247 34
111 34
319 34
17 41
168 34
70 34
302 34
206 34
184 0
137 34
202 34
133 8
252 0
337 34
305 34
255 0
257 34
301 34
197 41
300 0
24 34
68 34
37 41
223 0
134 34
228 41
244 34
272 34
191 34
73 41
67 34
64 34
195 41
323 34
103 34
143 41
326 41
170 0
54 41
177 41
69 41
145 34
0 34
175 34
187 34
9 34
172 34
292 41
261 34
249 34
2 34
28 41
72 34
271 41
99 34
209 41
203 41
88 41
146 34
232 34
216 34
136 8
330 34
273 34
154 34
284 0
243 41
274 0
55 41
36 34
316 34
341 34
32 0
15 41
122 41
138 34
229 41
267 41
76 0
287 34
290 41
338 34
173 0
342 34
313 0
156 34
13 0
57 34
7 34
339 34
164 34
14 34
295 41
56 41
347 34
42 41
120 34
31 34
317 41
178 0
237 41
11 34
144 0
141 34
124 41
66 41
182 41
95 41
278 41
169 0
77 34
222 34
33 41
114 34
113 34
219 34
344 34
245 41
233 34
218 41
128 34
132 41
264 41
90 8
221 34
78 41
314 34
205 41
238 34
26 34
167 0
294 34
126 34
63 41
118 34
35 34
346 34
328 0
207 0
48 34
93 41
165 34
234 34
286 41
220 34
231 41
289 34
335 0
291 34
148 34
22 34
250 34
51 34
50 41
303 34
27 34
306 41
30 34
82 0
239 41
171 41
40 34
242 41
159 34
212 34
139 34
343 34
299 41
92 34
275 41
325 34
322 34
89 0
116 0
349 34
246 0
315 34
100 41
25 34
44 34
327 34
104 34
115 8
38 34
119 41
224 41
102 34
101 0
189 34
208 34
270 0
86 41
192 34
236 41
74 41
43 41
29 41
166 34
112 34
253 34
59 34
311 34
71 41
279 41
162 41
263 34
150 34
194 8
run time cost of algorithm DRT_BD is 0.084971seconds
