1233200 104 67
0 34
1 34
2 34
3 34
4 34
5 34
6 34
7 34
8 34
9 34
10 34
11 34
12 34
13 34
14 34
15 34
16 34
17 34
18 34
19 34
20 34
21 34
22 34
23 34
24 34
25 34
26 34
27 34
28 0
29 34
30 34
31 34
32 34
33 34
34 41
35 34
36 0
37 34
38 0
39 41
40 34
41 34
42 34
43 34
44 34
45 34
46 34
47 34
48 0
49 34
50 34
51 34
52 34
53 34
54 34
55 34
56 34
57 34
58 34
59 34
60 0
61 41
62 34
63 34
64 34
65 0
66 34
67 34
68 34
69 34
70 34
71 34
72 34
73 34
74 34
75 8
76 41
77 0
78 34
79 34
80 0
81 34
82 34
83 34
84 34
85 34
86 34
87 34
88 41
89 34
90 34
91 34
92 34
93 41
94 34
95 34
96 34
97 34
98 34
99 41
100 34
101 34
102 34
103 41
104 34
105 34
106 34
107 34
108 34
109 34
110 34
111 0
112 34
113 34
114 34
115 41
116 34
117 34
118 34
119 34
120 41
121 34
122 34
123 34
124 34
125 34
126 34
127 34
128 34
129 34
130 0
131 34
132 34
133 34
134 34
135 34
136 34
137 34
138 34
139 34
140 34
141 34
142 34
143 34
144 34
145 34
146 34
147 34
148 34
149 34
150 34
151 41
152 34
153 34
154 34
155 34
156 34
157 0
158 0
159 34
160 34
161 34
162 34
163 34
164 41
165 34
166 0
167 34
168 34
169 34
170 34
171 41
172 34
173 34
174 0
175 34
176 34
177 34
178 34
179 34
180 34
181 34
182 34
183 34
184 34
185 41
186 34
187 34
188 34
189 34
190 34
191 34
192 34
193 41
194 34
195 34
196 34
197 41
198 34
199 34
200 34
201 34
202 34
203 34
204 34
205 34
206 34
207 41
208 34
209 34
210 34
211 34
212 41
213 34
214 34
215 34
216 34
217 34
218 8
219 34
220 34
221 41
222 34
223 34
224 41
225 34
226 41
227 34
228 0
229 34
230 34
231 41
232 41
233 34
234 34
235 34
236 34
237 34
238 41
239 34
240 34
241 34
242 34
243 41
244 34
245 0
246 41
247 0
248 41
249 41
250 34
251 34
252 34
253 34
254 34
255 34
256 34
257 41
258 34
259 34
260 34
261 0
262 34
263 34
264 34
265 34
266 34
267 34
268 41
269 34
270 34
271 34
272 34
273 34
274 34
275 34
276 41
277 0
278 41
279 41
280 34
281 41
282 34
283 34
284 34
285 41
286 34
287 0
288 34
289 34
290 34
291 41
292 41
293 41
294 8
295 34
296 34
297 34
298 34
299 8
300 8
301 34
302 34
303 34
304 34
305 34
306 34
307 34
308 34
309 34
310 34
311 41
312 34
313 34
314 0
315 34
316 41
317 34
318 34
319 34
320 0
321 41
322 41
323 34
324 34
325 41
326 34
327 34
328 34
329 34
330 34
331 0
332 41
333 41
334 34
335 41
336 8
337 8
338 34
339 34
340 34
341 34
342 34
343 34
344 41
345 34
346 41
347 34
348 34
349 34
350 34
351 34
352 34
353 41
354 34
355 0
356 34
357 41
358 41
359 34
360 41
361 34
362 0
363 34
364 34
365 41
366 34
367 0
368 34
369 34
370 41
371 34
372 34
373 34
374 34
375 34
376 41
377 34
378 34
379 41
380 34
381 41
382 34
383 34
384 34
385 0
386 41
387 41
388 0
389 34
390 41
391 34
392 34
393 0
394 34
395 34
396 34
397 41
398 41
399 34
400 41
401 34
402 0
run time cost of algorithm SM_CTP is 0.400305seconds
