8254800 159 66
0 34
1 49
2 34
3 49
4 49
5 29
6 29
7 34
8 34
9 29
10 29
11 29
12 29
13 49
14 49
15 29
16 49
17 49
18 29
19 34
20 49
21 29
22 49
23 49
24 29
25 29
26 34
27 29
28 34
29 34
30 49
31 29
32 49
33 29
34 49
35 29
36 34
37 0
38 49
39 0
40 29
41 49
42 34
43 0
44 29
45 0
46 49
47 49
48 29
49 49
50 29
51 34
52 29
53 29
54 49
55 29
56 29
57 34
58 29
59 49
60 29
61 49
62 49
63 49
64 0
65 34
66 49
67 34
68 34
69 49
70 49
71 29
72 49
73 34
74 49
75 29
76 49
77 49
78 29
79 29
80 0
81 49
82 34
83 49
84 49
85 34
86 29
87 49
88 34
89 29
90 49
91 0
92 34
93 29
94 29
95 29
96 0
97 49
98 49
99 34
100 34
101 49
102 49
103 49
104 49
105 49
106 49
107 49
108 29
109 0
110 49
111 49
112 29
113 49
114 34
115 29
116 29
117 29
118 49
119 0
120 49
121 29
122 0
123 49
124 49
125 49
126 0
127 29
128 49
129 34
130 49
131 0
132 49
133 49
134 29
135 49
136 49
137 29
138 34
139 49
140 49
141 49
142 49
143 29
144 29
145 49
146 49
147 29
148 29
149 34
150 34
151 29
152 34
153 49
154 29
155 34
156 49
157 49
158 29
159 0
160 49
161 34
162 49
163 34
164 34
165 49
166 29
167 29
168 29
169 34
170 49
171 49
172 0
173 29
174 34
175 34
176 29
177 29
178 0
179 29
180 29
181 49
182 34
183 29
184 29
185 29
186 34
187 29
188 29
189 34
190 34
191 34
192 34
193 34
194 34
195 34
196 49
197 0
198 49
199 34
200 29
201 49
202 34
203 0
204 49
205 49
206 34
207 29
208 29
209 29
210 0
211 49
212 49
213 34
214 34
215 34
216 34
217 49
218 49
219 34
220 49
221 0
222 29
223 29
224 49
225 49
226 34
227 29
228 29
229 49
230 49
231 29
232 29
233 0
234 29
235 29
236 29
237 49
238 49
239 0
240 49
241 34
242 49
243 34
244 49
245 34
246 34
247 34
248 29
249 29
250 29
251 34
252 49
253 29
254 49
255 49
256 29
257 49
258 34
259 0
260 49
261 34
262 34
263 8
264 29
265 49
266 29
267 29
268 49
269 29
270 49
271 34
272 29
273 29
274 0
275 0
276 49
277 29
278 29
279 49
280 34
281 49
282 49
283 49
284 34
285 29
286 49
287 0
288 34
289 29
290 29
291 29
292 49
293 49
294 34
295 34
296 34
297 29
298 0
299 49
300 29
301 0
302 29
303 49
304 0
305 49
306 29
307 49
308 34
309 34
310 49
311 0
312 49
313 29
314 49
315 49
316 49
317 34
318 49
319 29
320 34
321 49
322 49
323 29
324 49
325 34
326 29
327 34
328 29
329 29
330 29
331 34
332 34
333 29
334 29
335 29
336 49
337 49
338 49
339 49
340 29
341 34
342 34
343 29
344 29
345 49
346 0
347 49
348 29
349 49
350 29
351 29
352 29
353 29
354 49
355 49
356 49
357 49
358 29
359 49
360 49
361 29
362 29
363 34
364 29
365 49
366 49
367 29
368 49
369 34
370 29
371 29
372 34
373 49
374 29
375 29
376 49
377 34
378 49
379 34
380 49
381 34
382 29
383 0
384 29
385 34
386 49
387 49
388 49
389 49
390 49
391 29
392 29
393 29
394 29
395 29
396 49
397 49
398 34
399 34
400 0
401 34
402 49
403 29
404 34
405 0
406 29
407 29
408 49
409 34
410 49
411 49
412 29
413 29
414 29
415 29
416 49
417 8
418 49
419 29
420 49
421 34
422 29
423 29
424 49
425 49
426 29
427 49
428 29
429 29
430 34
431 29
432 34
433 49
434 34
435 34
436 49
437 34
438 29
439 29
440 29
441 49
442 49
443 29
444 29
445 34
446 29
447 29
448 29
449 29
450 49
451 29
452 49
453 34
454 34
455 49
456 49
457 49
458 29
459 29
460 29
461 34
462 34
463 49
464 49
465 29
466 49
467 34
468 49
469 34
470 49
471 29
472 29
473 49
474 29
475 0
476 34
477 49
478 34
479 49
480 49
481 29
482 34
483 29
484 0
485 29
486 34
487 49
488 0
489 34
490 34
491 34
492 34
493 34
494 34
495 0
496 29
497 34
498 49
499 49
500 34
501 34
502 0
503 49
504 29
505 29
506 29
507 49
508 49
509 29
510 49
511 0
512 34
513 29
514 49
515 29
516 29
517 29
518 41
519 34
520 29
521 49
522 34
523 29
524 34
525 49
526 34
527 49
528 49
529 34
530 34
531 49
532 49
533 29
534 29
535 29
536 34
537 34
538 49
539 49
540 29
541 0
542 29
543 29
544 29
545 49
546 49
547 29
548 49
549 29
550 29
551 29
552 29
553 49
554 29
555 29
556 41
557 34
558 49
559 29
560 29
561 49
562 29
563 29
564 49
565 0
566 29
567 49
568 29
569 49
570 0
571 49
572 34
573 49
574 34
575 29
576 34
577 49
578 34
579 29
580 0
581 34
582 34
583 0
584 34
585 49
586 49
587 49
588 49
589 49
590 29
591 29
592 29
593 29
594 29
595 0
596 29
597 49
598 29
599 29
600 29
601 49
602 29
603 49
604 34
605 29
606 0
607 29
608 29
609 0
610 49
611 34
612 49
613 29
614 29
615 0
616 49
617 49
618 0
619 34
620 0
621 49
622 49
623 34
624 29
625 49
626 49
627 29
628 49
629 49
630 29
631 49
632 29
633 29
634 34
635 34
636 34
637 0
638 49
639 41
640 34
641 49
642 29
643 49
644 34
645 34
646 29
647 34
648 49
649 49
650 41
651 34
652 34
653 34
654 49
655 49
656 34
657 49
658 49
659 34
660 41
661 34
662 34
663 34
664 34
665 49
666 0
667 34
668 49
669 49
670 49
671 49
672 34
673 34
674 49
675 34
676 29
677 0
678 34
679 34
680 34
681 49
682 34
683 49
684 49
685 41
686 41
687 34
688 34
689 34
690 34
691 34
692 49
693 34
694 49
695 34
696 49
697 34
698 49
699 34
700 34
701 34
702 34
703 34
704 34
705 34
706 34
707 34
708 49
709 49
710 49
711 34
712 34
713 34
714 49
715 34
716 34
717 49
718 34
719 0
720 49
721 49
722 34
723 34
724 34
725 34
726 34
727 34
728 34
729 34
730 34
731 49
732 34
733 41
734 34
735 34
736 34
737 34
738 34
739 8
740 49
741 34
742 49
743 41
744 41
745 49
746 41
747 34
748 41
749 41
750 41
751 41
752 41
753 41
754 41
755 41
756 41
757 41
758 41
759 41
760 34
761 41
762 41
763 41
764 41
765 41
766 41
767 49
768 41
769 41
770 41
771 41
772 41
773 41
774 41
775 0
776 41
777 41
778 41
779 0
780 41
781 41
782 41
783 29
784 41
785 41
786 41
787 41
788 41
789 41
790 41
791 41
792 41
793 41
794 41
795 41
796 41
797 41
798 8
799 41
800 41
801 41
802 41
803 41
804 0
805 41
806 41
807 41
808 41
809 41
810 41
811 41
812 41
813 41
814 41
815 41
816 41
817 34
818 41
819 41
820 41
821 41
822 0
823 0
824 41
825 41
826 41
827 41
828 8
829 0
830 41
831 41
832 41
833 41
834 41
835 41
836 41
837 41
838 8
839 41
840 8
841 41
842 41
843 41
844 41
845 41
846 41
847 41
848 8
849 41
850 8
851 41
852 41
853 41
854 41
855 41
856 41
857 41
858 41
859 41
860 41
861 8
862 41
863 41
864 41
865 41
866 41
867 41
868 8
869 41
870 41
871 41
872 41
873 41
874 0
875 0
876 41
877 8
878 41
879 8
880 41
881 8
882 41
883 49
884 41
885 41
886 41
887 41
888 0
889 41
890 41
891 41
892 41
893 41
894 41
895 41
896 41
897 41
898 41
899 41
900 41
901 41
902 41
903 0
904 41
905 8
906 8
907 0
908 41
909 41
910 8
911 8
912 41
913 41
914 41
run time cost of algorithm SM_CTP is 3.88069seconds
