1241800 109 67
338 34
161 34
162 34
60 34
150 0
268 34
173 34
148 34
143 34
196 34
10 34
331 34
81 34
117 34
347 34
64 34
374 34
328 34
269 34
327 34
85 34
317 0
309 34
208 34
89 34
391 34
229 34
127 34
301 34
248 34
141 34
410 34
283 34
257 34
17 34
154 34
53 34
178 34
324 34
372 34
83 34
43 34
218 34
41 34
193 34
145 34
298 34
261 34
139 34
171 34
61 34
400 34
335 34
124 34
259 34
233 34
181 34
209 25
251 34
343 34
75 0
164 34
361 34
390 34
112 25
385 34
7 34
378 34
55 34
323 34
312 34
201 34
35 34
212 34
32 34
226 34
397 34
342 0
242 34
19 34
12 25
344 25
288 34
97 34
284 34
190 34
45 34
33 34
130 34
128 0
24 34
340 25
292 34
246 0
109 25
359 34
357 34
93 34
282 34
213 34
219 34
366 34
280 34
235 34
398 34
90 34
6 34
107 34
345 34
134 34
108 34
70 34
336 34
255 34
186 34
151 34
31 25
129 34
118 34
264 34
313 34
125 34
296 34
176 34
303 34
375 34
308 34
263 34
38 34
67 34
103 34
392 34
59 34
155 34
293 34
100 34
86 34
249 34
177 34
337 34
37 34
252 34
402 34
307 34
142 0
199 34
44 34
353 25
47 34
137 34
68 34
364 34
99 34
384 34
101 0
224 34
238 8
401 34
333 34
381 25
297 34
228 34
116 34
29 34
289 34
113 34
383 34
276 34
371 34
140 25
409 25
200 34
273 34
272 0
84 34
82 34
126 34
300 34
370 34
217 34
287 34
174 34
152 34
203 25
180 34
72 34
267 34
187 34
69 34
39 34
377 34
15 25
157 25
230 34
48 34
42 34
165 34
166 34
133 34
325 34
408 34
321 25
50 34
239 25
380 34
121 25
146 25
379 34
247 34
14 25
304 34
211 0
54 34
310 34
330 34
350 34
285 34
223 25
58 34
278 25
250 34
8 25
92 34
236 34
0 34
87 34
277 25
225 34
234 25
144 25
168 0
302 34
266 34
352 0
256 34
71 34
305 25
270 34
119 25
281 34
153 8
240 34
299 25
65 34
290 34
334 34
227 34
222 0
279 34
78 34
183 34
132 34
36 34
136 34
194 25
123 25
395 25
26 34
20 34
253 34
11 34
88 34
260 34
207 0
322 34
149 34
286 34
40 34
159 34
406 34
315 34
403 34
351 34
197 25
76 34
49 34
175 34
170 25
329 34
115 25
365 25
241 25
373 0
206 25
348 25
1 34
16 25
386 34
382 34
52 25
62 34
363 34
355 25
120 34
135 34
147 34
167 25
179 34
182 34
189 34
274 25
412 34
356 34
214 34
291 34
79 34
369 25
77 8
295 25
387 25
332 25
23 34
326 25
393 34
231 34
184 34
265 34
5 34
9 34
316 34
271 0
396 34
95 34
191 0
104 34
192 25
195 34
172 25
210 25
237 34
275 34
220 34
106 25
367 34
368 34
4 34
30 25
258 25
46 25
73 34
122 34
74 8
306 25
407 34
262 25
110 34
202 34
198 34
388 25
25 34
405 0
314 25
394 34
18 25
244 0
96 34
215 25
221 25
362 34
91 34
188 25
232 34
163 0
243 25
341 0
160 0
245 34
57 34
254 34
28 34
3 34
358 34
404 34
13 34
399 34
21 34
22 34
339 0
389 34
156 34
56 0
51 25
131 25
216 25
294 34
376 25
66 25
27 34
114 34
111 0
185 34
346 25
349 34
320 25
105 0
319 25
318 34
102 34
311 34
204 25
354 34
2 34
138 25
34 25
158 25
63 25
169 34
80 25
94 34
360 34
205 25
411 25
98 34
run time cost of algorithm DRT_BD is 0.09992seconds
