1295600 120 42
70 9
59 41
2 9
56 25
226 25
82 25
41 25
91 25
154 25
190 25
306 25
323 25
67 34
326 25
73 9
143 25
247 34
318 9
126 25
75 25
77 25
223 25
139 25
164 9
121 25
92 25
99 25
178 25
61 25
128 25
158 25
110 25
71 25
142 25
315 25
20 25
87 25
83 25
45 25
161 25
225 25
265 41
174 25
130 25
343 25
210 41
25 25
22 25
44 25
259 34
264 41
260 25
141 25
138 25
37 41
119 25
35 34
9 25
31 25
131 25
243 25
117 34
242 41
157 25
113 25
148 25
276 25
103 41
295 41
344 25
140 25
183 41
93 41
152 25
289 25
30 41
322 25
16 25
18 41
283 25
115 25
195 25
313 25
123 25
26 25
300 25
221 25
124 25
214 25
333 41
299 25
284 9
153 25
230 25
335 25
187 25
151 25
108 34
64 25
173 25
191 41
267 41
342 25
249 25
136 25
105 25
250 9
294 25
208 25
252 25
132 34
329 25
266 41
85 34
86 25
237 9
145 25
90 25
166 25
233 25
165 25
338 25
194 25
109 41
53 25
101 25
94 34
321 25
76 41
325 25
293 25
219 25
272 41
312 34
241 25
5 25
215 41
236 25
95 25
212 9
21 41
134 25
203 25
238 25
207 41
36 25
29 25
345 25
146 25
13 9
150 25
320 41
40 25
133 25
155 25
280 25
279 25
278 25
57 25
60 41
88 25
302 41
261 41
160 25
163 41
206 34
100 25
179 9
177 25
0 25
3 34
288 9
65 41
66 25
235 25
301 25
192 25
89 25
116 25
282 9
51 25
290 41
7 41
47 25
224 25
15 25
144 25
172 34
147 25
277 25
254 34
52 25
159 25
72 9
204 9
118 25
257 41
269 25
135 34
271 41
324 9
211 41
106 25
74 25
201 9
337 25
205 25
181 25
68 25
262 41
196 25
111 25
81 25
189 25
263 25
255 25
12 25
162 9
38 25
96 25
84 34
317 25
229 25
274 25
107 25
309 41
197 25
220 25
228 25
129 9
251 25
340 41
336 25
33 25
331 41
332 25
291 9
193 25
287 25
202 25
314 25
341 41
234 25
268 37
98 25
240 34
14 25
120 9
104 41
330 34
114 34
231 25
156 41
273 25
253 25
198 41
311 41
112 25
275 41
42 25
246 25
63 9
34 41
137 9
58 25
19 25
102 41
188 25
186 25
4 25
270 25
48 41
80 9
213 25
258 25
182 41
334 25
199 41
285 41
227 25
244 25
239 41
149 25
200 9
304 25
180 41
55 41
79 25
32 25
298 25
39 25
292 25
62 25
69 25
232 41
8 41
248 25
6 25
168 25
27 9
310 34
222 41
185 25
296 25
297 25
184 41
328 9
125 25
11 9
175 25
1 25
17 34
24 25
23 25
216 25
217 25
316 25
218 25
170 41
122 25
97 41
303 41
327 25
28 25
169 41
127 41
50 25
171 41
319 34
307 25
245 25
286 34
167 25
256 25
339 34
49 41
46 25
308 25
209 25
305 9
78 34
10 41
281 25
54 41
43 25
176 34
run time cost of algorithm DRT_AG is 0.001693seconds
