561000 97 15
80 39
58 39
12 39
33 39
83 39
81 39
57 34
62 39
79 39
38 39
22 39
45 39
5 34
3 39
6 39
19 39
78 39
96 39
105 34
104 39
11 39
29 39
54 39
52 39
39 39
70 39
23 39
24 39
92 1
86 39
26 39
50 39
74 39
16 39
42 39
98 39
56 39
28 39
93 39
8 39
91 39
2 39
17 39
14 39
15 39
51 39
95 1
64 39
107 1
13 39
9 39
31 1
100 39
59 39
65 39
90 39
89 39
77 39
76 39
0 1
87 39
69 1
68 1
63 39
102 34
40 1
72 39
71 39
48 39
7 39
88 34
4 1
97 1
18 1
25 39
1 39
35 39
10 39
21 34
41 39
75 1
44 39
27 1
37 39
99 39
106 1
84 34
61 39
66 39
53 39
94 1
103 39
43 39
20 39
32 39
34 34
67 39
82 1
47 39
36 39
85 39
101 39
60 39
55 1
46 1
30 1
73 39
49 39
run time cost of algorithm DRT_BD is 0.007071seconds
