523250 170 39
94 25
353 25
145 34
152 25
309 25
159 25
163 25
178 25
80 34
30 25
172 25
22 25
341 9
14 25
169 25
4 9
127 25
285 25
202 9
227 25
25 25
247 25
162 25
350 25
119 41
243 25
314 34
346 25
126 9
137 9
142 9
194 25
82 34
265 34
267 25
164 41
250 25
46 25
229 25
325 25
331 25
93 25
308 41
88 25
286 9
237 41
157 34
117 9
43 25
90 25
262 25
168 25
336 25
130 41
146 25
342 25
26 34
106 25
246 41
133 25
257 25
195 9
226 9
69 25
234 41
72 25
112 25
301 25
1 25
330 34
328 25
225 41
173 34
27 25
3 25
105 41
86 25
240 25
218 41
174 34
29 25
306 25
109 25
115 25
304 9
138 41
333 34
131 25
337 41
148 9
357 25
263 41
203 9
66 9
210 41
170 25
351 8
171 41
37 25
32 9
211 25
289 25
84 41
102 25
89 9
107 25
214 34
354 25
303 9
16 41
258 41
141 25
310 25
322 25
216 41
83 25
96 9
33 34
140 25
92 25
252 25
175 25
197 25
7 41
167 34
50 25
147 41
124 25
332 25
236 34
290 25
59 25
219 25
323 25
113 25
28 25
123 41
316 41
204 9
17 9
339 25
224 25
24 25
39 25
150 25
349 25
355 25
6 34
190 25
156 34
187 34
184 25
62 25
324 25
176 34
38 41
77 25
108 25
217 41
255 34
312 25
151 34
60 25
245 25
116 25
160 9
345 25
177 41
74 41
230 25
256 9
272 25
231 41
270 9
95 25
139 41
294 41
232 25
191 34
201 25
348 34
186 25
158 34
221 25
81 25
343 25
254 41
8 25
264 25
338 25
49 25
320 41
233 41
313 41
128 25
271 25
319 41
189 25
244 9
279 41
181 25
19 41
23 25
55 34
154 25
269 25
91 25
21 25
56 25
311 25
111 25
11 9
121 25
122 41
253 9
58 34
61 34
213 25
47 41
298 41
9 25
166 25
248 25
35 41
78 9
300 37
44 25
10 25
135 25
206 25
71 9
305 9
101 41
283 25
114 25
53 25
260 25
129 34
321 41
251 25
98 25
54 25
292 25
274 41
347 9
288 9
334 25
327 25
207 41
318 25
352 25
63 34
228 25
180 25
199 25
200 41
241 25
144 41
249 41
356 25
103 25
75 25
34 9
52 41
104 25
261 25
40 41
118 41
183 9
268 41
326 41
276 34
79 41
329 9
238 25
57 9
65 25
284 25
48 25
340 9
293 34
317 41
15 41
273 25
196 25
2 25
277 41
282 9
188 25
287 41
12 25
155 25
76 41
153 25
278 34
161 34
242 25
45 25
212 25
70 41
295 25
209 34
31 25
99 6
125 34
275 34
223 9
307 41
344 25
73 41
296 25
67 25
100 9
280 9
185 41
41 25
266 41
182 25
132 41
149 41
110 25
302 25
193 41
220 25
68 41
64 41
36 9
215 25
198 25
315 9
97 25
291 25
222 25
259 25
165 34
13 25
0 25
192 25
87 41
42 25
20 34
297 41
281 25
143 25
120 41
179 25
299 25
239 25
235 25
208 25
205 41
335 41
136 41
134 25
85 9
51 41
18 25
5 34
run time cost of algorithm DRT_AG is 0.001914seconds
