135600 161 51
39 9
31 9
42 9
101 9
112 9
98 9
45 9
79 9
68 9
4 9
18 34
17 9
7 9
57 9
86 9
14 9
60 9
29 9
93 9
71 9
27 9
43 9
75 9
21 9
67 9
26 9
109 9
58 9
69 9
108 9
62 9
84 6
50 9
102 9
59 9
51 6
49 9
110 6
78 9
13 9
61 9
9 9
56 9
65 9
40 34
83 9
81 9
70 9
85 9
15 9
94 9
2 6
41 9
30 6
104 9
46 9
24 9
76 9
19 6
105 9
95 6
5 9
82 9
106 6
54 6
23 9
63 9
103 6
74 9
1 6
3 9
100 9
34 9
55 9
11 9
96 9
53 9
36 9
47 6
6 9
92 6
111 9
32 6
33 9
0 9
91 9
10 9
35 9
88 9
97 9
37 9
12 9
87 6
72 34
107 9
48 9
38 6
20 34
25 9
16 9
80 6
73 9
66 9
52 9
89 9
90 10
77 9
8 9
99 6
22 6
64 9
28 9
44 34
run time cost of algorithm DRT_AG is 0.000323seconds
