1139650 104 65
680 34
1 34
38 34
36 34
127 34
315 34
730 34
304 34
374 34
137 34
722 34
273 34
431 34
69 34
639 34
232 34
421 34
509 34
571 8
778 0
211 34
81 34
670 34
204 34
234 34
99 34
172 34
628 34
544 0
150 34
613 34
443 34
453 34
368 34
454 34
590 34
747 34
337 34
126 34
123 0
669 34
229 34
461 34
478 34
602 34
732 34
751 34
789 41
559 34
162 34
166 34
369 34
300 0
13 34
708 34
699 34
214 34
531 34
281 34
641 34
799 34
794 34
131 34
276 34
603 34
381 34
384 34
318 34
107 34
152 34
306 0
615 34
698 34
73 34
280 34
92 34
408 34
393 34
775 0
287 34
618 34
402 34
215 34
205 34
278 34
61 34
480 34
495 0
660 34
686 34
68 34
26 0
247 34
260 34
154 34
25 34
96 34
298 34
428 34
762 34
547 34
633 0
528 34
611 34
192 34
422 0
432 34
526 41
721 34
67 34
685 34
437 34
748 34
6 34
64 34
277 0
395 34
574 34
561 34
165 34
466 34
274 34
380 34
522 34
612 34
682 34
410 34
545 34
285 34
567 0
642 34
456 34
557 0
153 34
820 34
151 34
113 0
586 34
106 34
648 34
341 34
662 34
142 34
346 0
646 34
145 34
97 34
445 41
78 34
773 0
340 34
114 34
671 34
520 34
759 34
76 8
208 34
564 0
442 34
735 34
60 34
75 34
583 34
202 0
812 34
311 0
201 0
579 34
196 34
745 34
51 34
719 34
272 34
173 34
736 34
605 34
87 34
177 34
231 34
551 34
554 41
578 34
289 34
187 34
385 34
629 34
186 34
183 34
733 34
649 34
663 41
537 34
654 34
257 41
244 34
713 34
351 34
218 34
41 34
348 34
815 34
675 34
725 41
241 0
765 34
425 34
269 34
703 34
349 34
386 34
77 34
705 34
367 34
830 34
538 34
566 34
33 34
4 34
132 34
760 34
426 0
584 34
608 34
240 34
784 34
524 34
530 34
316 34
756 34
644 34
575 41
411 34
601 0
532 0
755 34
535 34
790 34
197 0
486 34
452 34
223 34
163 34
101 34
308 0
541 34
781 34
23 34
294 34
801 34
111 34
592 34
594 34
596 34
607 34
48 34
440 0
493 41
168 41
352 34
355 0
761 34
552 34
190 34
625 34
769 34
546 34
689 34
17 34
808 0
780 41
741 34
804 34
124 0
499 34
199 34
661 34
491 34
254 0
697 34
796 34
358 34
80 34
803 8
673 34
413 34
95 34
712 0
617 34
700 34
490 34
345 34
502 34
11 34
688 34
599 34
212 34
155 34
344 34
636 34
389 34
540 34
171 34
245 34
777 34
407 34
728 34
50 34
609 34
379 0
822 34
392 34
24 34
433 34
563 34
362 34
427 34
148 34
701 41
58 34
503 34
143 34
505 34
383 34
513 0
779 8
157 34
305 34
156 34
714 34
570 41
723 34
71 34
283 34
726 34
332 34
198 34
634 34
474 0
239 34
831 34
763 41
436 34
259 34
821 34
506 34
32 34
727 34
560 0
511 34
209 34
455 34
406 34
483 0
501 34
301 41
683 34
12 34
63 34
54 34
82 34
74 34
802 34
373 41
176 34
795 34
418 34
598 0
664 41
477 34
321 34
246 34
811 34
824 34
585 34
7 34
817 34
116 34
377 34
627 34
133 41
576 34
330 34
674 0
52 34
809 34
302 41
800 34
180 41
261 34
70 34
275 0
258 34
785 34
121 0
57 34
110 0
291 34
767 34
810 34
226 41
134 34
56 34
786 41
359 34
53 34
405 34
307 41
210 34
216 34
309 0
282 34
221 34
468 34
587 34
768 0
738 0
512 0
484 34
616 34
446 34
253 41
565 34
624 34
66 34
170 34
702 34
451 34
181 34
46 34
637 34
631 34
746 34
690 34
39 34
115 34
720 34
448 34
542 34
45 34
164 34
10 34
475 34
200 34
716 0
8 34
149 8
621 34
120 34
487 34
20 34
463 34
709 41
292 41
619 0
161 34
303 34
103 34
494 34
49 34
638 34
182 34
72 41
255 34
19 41
415 34
679 34
403 34
467 34
416 0
220 34
217 34
207 34
325 34
185 41
147 41
391 0
665 34
731 41
527 41
18 34
588 34
744 34
640 34
264 34
314 41
333 34
109 34
626 41
0 34
770 34
582 34
827 41
59 34
580 34
556 34
435 34
676 0
782 34
233 34
776 41
593 34
715 41
159 34
424 34
146 34
577 34
396 34
534 0
508 41
623 34
102 34
108 0
819 34
606 34
645 34
614 0
482 34
749 34
22 41
489 41
568 34
438 34
409 34
222 34
372 0
195 34
130 34
16 34
658 34
783 41
399 41
339 34
668 34
140 34
100 41
91 0
710 34
169 34
772 34
429 8
390 34
324 0
462 34
119 34
141 0
175 34
488 34
83 0
286 34
656 0
3 34
620 34
481 34
470 34
441 34
743 41
213 34
5 34
600 34
227 34
329 34
729 41
31 34
44 34
739 0
651 34
419 34
754 41
412 34
252 41
112 41
635 34
514 34
404 34
647 34
622 34
338 34
439 34
313 34
135 34
398 41
21 41
15 34
224 0
194 0
750 34
90 0
88 34
581 34
444 34
55 34
449 34
188 0
9 34
473 34
595 41
465 34
650 41
228 34
364 34
447 34
518 8
322 0
666 34
516 34
319 34
555 34
515 34
361 41
793 34
549 34
312 34
310 34
250 34
805 34
472 34
266 34
378 34
27 8
347 34
388 34
158 34
342 34
742 0
816 34
507 0
93 34
828 34
724 34
366 34
382 34
268 34
632 8
236 34
734 34
84 34
434 34
707 34
334 34
43 0
504 34
797 0
357 34
694 0
695 34
354 34
825 34
356 34
696 0
692 0
610 41
771 34
652 34
34 34
203 0
40 34
706 34
450 34
414 34
397 8
572 0
14 34
65 41
105 41
270 0
497 34
737 34
117 34
788 34
479 41
144 34
230 34
191 34
757 41
460 34
521 34
459 34
814 34
317 34
791 34
826 41
262 0
704 34
553 34
758 34
129 34
320 0
643 0
86 41
243 34
326 34
394 34
248 34
519 34
471 34
237 34
766 34
807 34
371 34
323 34
89 8
29 34
353 41
569 34
591 0
376 34
242 41
375 34
500 41
774 34
678 34
659 41
604 41
543 34
798 34
387 34
160 34
206 34
104 0
496 34
288 34
2 34
691 34
336 34
293 34
498 34
536 34
539 41
343 41
94 34
136 41
331 34
400 41
630 34
667 34
193 41
251 34
550 0
684 41
219 34
235 34
562 41
365 34
523 34
597 34
363 34
79 34
558 8
328 41
225 34
62 34
401 34
37 34
753 34
184 0
417 34
179 34
42 41
360 34
657 34
299 41
787 34
573 41
485 34
47 34
823 34
174 34
98 34
423 34
238 41
655 0
653 41
430 34
464 34
35 34
458 34
265 41
677 34
806 34
370 0
295 34
85 41
693 34
284 34
297 0
717 34
792 34
533 41
589 41
138 41
529 34
813 34
256 34
30 34
517 34
525 34
118 0
267 34
296 34
548 34
492 34
420 34
335 34
122 34
718 34
469 34
128 34
263 8
28 34
271 34
457 34
350 34
279 34
249 41
740 41
672 34
290 34
681 34
818 41
476 34
687 41
189 34
178 41
711 34
764 34
510 41
139 34
752 34
125 34
829 34
327 34
167 34
run time cost of algorithm DRT_BD is 0.405102seconds
