1818600 97 15
147 14
271 14
307 14
231 34
112 14
83 14
219 14
259 14
30 14
278 14
73 14
90 14
140 14
188 14
109 14
101 14
202 14
215 14
268 14
53 14
34 34
233 14
187 14
151 14
198 14
118 14
120 14
68 34
244 14
126 14
44 14
84 14
191 14
38 14
203 14
116 14
304 14
176 34
130 14
205 14
29 14
274 14
25 34
76 14
290 14
264 14
260 14
111 14
251 14
185 14
74 14
166 14
267 14
154 14
115 14
243 14
131 14
254 14
13 14
283 14
19 14
100 14
42 14
58 14
108 14
224 14
6 14
277 14
69 14
155 34
311 14
113 14
65 14
195 14
2 14
77 14
145 14
134 14
148 14
67 14
1 14
174 14
269 14
297 14
17 14
153 14
5 14
37 14
179 14
26 14
64 14
183 19
157 14
144 14
315 14
97 14
59 19
137 14
63 14
171 14
104 19
222 14
78 14
252 14
55 14
66 14
313 19
190 14
24 14
293 14
199 14
209 19
257 14
225 14
239 19
107 14
110 19
80 14
301 19
15 34
312 14
165 14
87 14
132 19
60 19
182 14
228 14
175 14
138 14
21 14
142 14
282 14
287 19
258 14
94 34
229 14
234 34
273 14
193 19
124 19
139 14
35 14
266 14
299 14
129 14
22 14
281 14
79 14
235 19
85 14
226 14
123 14
152 14
158 34
32 14
47 14
50 14
95 14
96 14
186 34
250 14
7 14
253 34
295 19
208 14
279 14
189 14
263 19
249 14
247 14
221 14
245 19
45 19
167 19
168 14
214 14
261 19
49 19
255 34
206 14
41 19
4 14
227 14
31 14
9 19
103 14
213 14
172 19
121 14
105 34
275 19
23 14
0 14
248 14
75 14
196 19
33 19
89 14
91 14
27 19
262 14
106 14
270 14
238 14
310 14
306 14
14 14
207 14
285 19
156 19
218 14
71 14
92 19
127 14
246 14
292 14
212 19
314 14
48 34
102 19
300 14
242 14
236 19
16 14
272 14
36 14
141 34
177 14
309 14
200 14
164 19
135 14
194 14
125 14
284 19
88 14
51 19
180 14
223 14
162 14
8 14
72 14
61 19
114 14
12 14
291 14
308 14
136 19
232 14
10 19
230 34
54 14
122 19
81 14
210 34
18 14
70 19
82 14
133 14
169 14
184 19
98 14
217 14
99 14
181 19
288 19
117 19
170 14
286 19
216 19
276 19
3 14
289 14
211 34
204 14
57 14
296 34
280 19
40 19
256 14
305 14
161 34
159 14
149 19
192 19
56 14
298 14
11 14
143 19
220 19
197 14
178 14
119 34
39 14
150 34
20 14
303 14
160 14
146 14
28 14
43 14
46 19
241 19
237 14
240 14
93 14
201 14
128 14
173 14
163 19
62 14
265 14
52 14
86 14
302 19
294 19
run time cost of algorithm DRT_BD is 0.048771seconds
