3544800 120 55
0 29
1 29
2 29
3 29
4 29
5 29
6 34
7 29
8 29
9 34
10 29
11 29
12 29
13 29
14 29
15 0
16 29
17 29
18 29
19 29
20 29
21 34
22 29
23 29
24 29
25 34
26 29
27 29
28 29
29 29
30 29
31 34
32 29
33 0
34 29
35 29
36 29
37 29
38 29
39 29
40 29
41 34
42 29
43 29
44 29
45 29
46 29
47 29
48 29
49 29
50 29
51 29
52 0
53 34
54 29
55 34
56 29
57 29
58 29
59 0
60 34
61 34
62 29
63 29
64 34
65 0
66 0
67 29
68 29
69 0
70 29
71 29
72 29
73 29
74 29
75 29
76 34
77 29
78 29
79 29
80 29
81 34
82 29
83 34
84 29
85 34
86 29
87 29
88 29
89 29
90 29
91 29
92 29
93 34
94 34
95 29
96 29
97 34
98 29
99 34
100 29
101 29
102 34
103 34
104 29
105 29
106 29
107 34
108 29
109 29
110 29
111 29
112 0
113 34
114 29
115 29
116 29
117 29
118 0
119 29
120 29
121 29
122 0
123 29
124 29
125 29
126 29
127 29
128 29
129 29
130 29
131 29
132 29
133 29
134 0
135 29
136 29
137 34
138 29
139 29
140 34
141 34
142 29
143 29
144 29
145 29
146 29
147 29
148 29
149 29
150 34
151 29
152 34
153 29
154 29
155 29
156 29
157 29
158 29
159 34
160 29
161 29
162 29
163 29
164 29
165 29
166 29
167 29
168 29
169 29
170 34
171 34
172 29
173 34
174 29
175 29
176 34
177 29
178 34
179 29
180 29
181 0
182 29
183 29
184 29
185 29
186 29
187 34
188 29
189 34
190 29
191 29
192 29
193 29
194 29
195 29
196 29
197 29
198 29
199 29
200 29
201 29
202 0
203 29
204 29
205 34
206 29
207 29
208 34
209 29
210 29
211 29
212 34
213 29
214 29
215 29
216 29
217 29
218 29
219 29
220 29
221 29
222 29
223 29
224 29
225 0
226 29
227 34
228 29
229 29
230 29
231 29
232 29
233 29
234 29
235 29
236 29
237 29
238 0
239 29
240 34
241 29
242 29
243 29
244 29
245 34
246 34
247 29
248 34
249 29
250 29
251 29
252 29
253 34
254 29
255 29
256 34
257 34
258 29
259 34
260 29
261 29
262 34
263 29
264 29
265 34
266 29
267 34
268 29
269 29
270 29
271 29
272 34
273 0
274 29
275 29
276 29
277 34
278 29
279 29
280 34
281 34
282 29
283 29
284 29
285 29
286 29
287 0
288 29
289 29
290 34
291 34
292 34
293 0
294 29
295 29
296 34
297 29
298 29
299 29
300 29
301 29
302 0
303 29
304 29
305 29
306 29
307 34
308 34
309 34
310 34
311 29
312 29
313 29
314 29
315 29
316 34
317 34
318 29
319 0
320 34
321 29
322 29
323 29
324 29
325 29
326 34
327 29
328 29
329 29
330 29
331 29
332 29
333 29
334 34
335 29
336 29
337 29
338 34
339 29
340 29
341 34
342 29
343 29
344 29
345 29
346 29
347 29
348 29
349 29
350 34
351 34
352 29
353 29
354 29
355 0
356 34
357 29
358 29
359 29
360 34
361 34
362 29
363 29
364 29
365 29
366 29
367 29
368 29
369 0
370 29
371 0
372 29
373 29
374 34
375 29
376 29
377 29
378 29
379 29
380 29
381 29
382 34
383 29
384 34
385 29
386 34
387 0
388 29
389 34
390 34
391 29
392 29
393 29
394 34
395 29
396 34
397 29
398 29
399 29
400 29
401 34
402 34
403 29
404 29
405 34
406 29
407 29
408 29
409 34
410 29
411 29
412 29
413 29
414 29
415 29
416 34
417 29
418 29
419 29
420 29
421 29
422 34
423 34
424 34
425 0
426 29
427 29
428 34
429 34
430 29
431 34
432 34
433 29
434 29
435 29
436 34
437 34
438 34
439 34
440 34
441 29
442 34
443 34
444 29
445 29
446 34
447 34
448 29
449 29
450 29
451 29
452 0
453 29
454 34
455 34
456 29
457 29
458 29
459 29
460 29
461 29
462 29
463 29
464 29
465 29
466 29
467 29
468 29
469 29
470 29
471 0
472 29
473 34
474 29
475 29
476 29
477 29
478 29
479 29
480 29
481 34
482 29
483 29
484 29
485 29
486 29
487 29
488 29
489 34
490 29
491 29
492 29
493 29
494 29
495 29
496 0
497 29
498 29
499 29
500 29
501 34
502 34
503 29
504 29
505 34
506 34
507 34
508 34
509 29
510 34
511 34
512 29
513 29
514 29
515 0
516 29
517 29
518 29
519 29
520 29
521 29
522 34
523 29
524 29
525 29
526 29
527 0
528 29
529 29
530 0
531 29
532 29
533 29
534 34
535 0
536 29
537 34
538 34
539 34
540 34
541 29
542 29
543 29
544 34
545 34
546 29
547 29
548 29
549 29
550 29
551 29
552 29
553 34
554 29
555 29
556 29
557 29
558 29
559 29
560 29
561 29
562 29
563 34
564 29
565 29
566 29
567 29
568 29
569 34
570 29
571 29
572 29
573 29
574 29
575 29
576 34
577 29
578 29
579 29
580 29
581 29
582 34
583 29
584 29
585 29
586 29
587 0
588 29
589 29
590 29
591 34
592 29
593 29
594 29
595 34
596 29
597 34
598 34
599 29
600 29
601 34
602 29
603 29
604 34
605 29
606 29
607 34
608 29
609 29
610 29
611 29
612 29
613 34
614 29
615 29
616 29
617 29
618 29
619 29
620 29
621 29
622 34
623 34
624 34
625 34
626 29
627 29
628 29
629 0
630 34
631 29
632 34
633 29
634 29
635 29
636 29
637 29
638 34
639 29
640 34
641 34
642 29
643 34
644 29
645 29
646 34
647 29
648 29
649 34
650 29
651 29
652 34
653 29
654 29
655 29
656 34
657 29
658 0
659 29
660 29
661 29
662 29
663 29
664 29
665 34
666 29
667 29
668 29
669 0
670 29
671 29
672 29
673 29
674 29
675 29
676 34
677 29
678 29
679 29
680 29
681 29
682 29
683 29
684 0
685 29
686 34
687 29
688 29
689 29
690 0
691 29
692 29
693 29
694 29
695 34
696 29
697 0
698 29
699 29
700 29
701 29
702 29
703 0
704 29
705 29
706 29
707 29
708 29
709 29
710 29
711 29
712 29
713 29
714 34
715 29
716 34
717 29
718 29
719 29
720 29
721 29
722 29
723 29
724 29
725 34
726 34
727 29
728 29
729 29
730 34
731 29
732 29
733 29
734 29
735 34
736 29
737 34
738 0
739 34
740 34
741 34
742 34
743 34
744 34
745 34
746 34
747 34
748 0
749 34
750 34
751 34
752 34
753 34
754 29
755 34
756 34
757 34
758 34
759 34
760 34
761 34
762 24
763 34
764 34
765 34
766 34
767 34
768 34
769 34
770 34
771 34
772 34
773 0
774 34
775 34
776 34
777 34
778 34
779 34
780 0
781 34
782 34
783 34
784 34
785 34
786 34
787 34
788 34
789 29
790 34
791 34
792 34
793 34
794 34
795 34
796 0
797 34
798 34
799 34
800 34
801 34
802 34
803 34
804 34
805 34
806 34
807 34
808 34
809 34
810 34
811 34
812 24
813 34
814 34
815 34
816 34
817 0
818 34
819 34
820 34
821 34
822 34
823 0
824 34
825 34
826 0
827 34
828 34
829 34
830 34
831 34
832 34
833 34
834 34
835 34
836 34
837 34
838 34
839 34
840 34
841 34
842 34
843 34
844 34
845 34
846 34
847 34
848 34
849 34
850 34
851 34
852 34
853 34
854 34
855 34
856 34
857 34
858 34
859 34
860 0
861 34
862 34
863 34
864 34
865 34
866 34
867 34
868 34
869 34
870 34
871 34
872 34
873 34
874 34
875 34
876 34
877 34
878 34
879 34
880 0
881 34
882 34
883 34
884 34
885 34
886 34
887 34
888 34
889 34
890 34
891 34
892 34
893 34
894 34
895 34
896 0
897 34
898 34
899 34
900 34
901 34
902 34
903 34
904 34
905 34
906 34
907 34
908 34
909 0
910 34
911 34
912 34
913 34
914 34
915 34
916 34
917 34
918 34
919 34
920 34
921 34
922 34
923 34
924 34
925 34
926 34
927 34
928 34
929 0
930 34
931 34
932 34
933 34
934 34
935 34
936 34
937 34
938 34
939 0
940 34
941 34
942 34
943 34
944 34
945 0
946 34
947 34
948 34
949 34
950 34
951 34
952 34
953 34
954 0
run time cost of algorithm SM_CTP is 2.08594seconds
