8269600 170 18
655 25
306 25
378 25
256 25
578 25
163 41
475 25
406 9
202 25
433 9
429 25
434 41
196 9
445 25
141 25
117 25
552 25
99 25
98 25
582 25
440 9
444 25
173 25
474 25
400 41
393 9
564 25
255 25
667 25
37 25
319 25
656 25
490 25
402 25
541 25
539 25
384 25
348 25
181 25
324 25
179 25
56 25
136 25
364 25
365 25
473 25
246 25
443 25
672 25
219 41
561 25
583 25
595 25
205 25
690 25
115 25
549 25
16 41
8 25
654 34
9 9
623 41
617 25
498 25
606 25
374 9
401 25
227 25
409 25
124 25
462 25
258 25
272 9
158 25
555 25
585 25
240 41
670 25
121 25
213 25
424 25
17 25
481 25
299 25
592 25
557 25
480 25
241 25
410 25
671 25
266 25
522 25
574 41
24 41
316 41
556 41
533 41
382 41
243 41
352 41
159 34
221 34
482 41
565 41
618 34
535 41
391 41
599 41
398 41
76 41
570 41
268 41
200 41
84 41
86 41
648 9
138 41
51 41
453 41
104 41
666 41
36 41
45 41
6 41
681 41
139 37
188 41
395 41
692 41
593 41
134 34
418 41
58 41
111 37
463 9
614 41
680 41
114 41
594 34
345 41
310 41
225 41
375 41
632 9
399 41
479 37
18 41
262 41
4 41
456 41
150 41
571 41
195 41
184 41
470 37
55 41
354 41
423 9
500 9
71 37
631 41
625 41
52 41
683 41
300 41
326 41
573 34
568 41
293 41
313 41
254 41
144 41
537 41
510 41
164 41
154 41
356 41
575 41
156 41
499 9
215 41
41 41
207 9
361 41
369 41
168 34
545 41
320 41
379 34
523 41
38 9
223 41
63 41
261 9
247 41
327 41
341 41
396 41
551 41
373 34
146 9
245 41
337 9
14 41
44 37
455 41
420 34
325 41
93 41
642 37
516 37
298 37
66 38
650 38
230 37
224 38
162 37
542 37
346 34
427 37
363 38
65 37
407 37
515 34
509 37
148 38
100 37
64 37
662 37
88 37
422 34
558 37
339 37
270 38
685 38
21 38
449 9
132 37
468 37
57 37
229 38
596 38
13 38
452 37
321 37
380 34
312 34
165 38
355 37
285 34
234 37
42 38
360 37
637 37
328 38
526 37
171 37
289 37
493 37
682 38
330 34
301 9
295 37
85 37
416 34
615 37
40 34
678 34
43 34
208 37
620 38
143 9
126 34
250 34
447 37
601 37
336 36
81 34
562 37
210 37
91 34
7 9
83 37
525 37
344 34
343 38
371 37
641 9
199 38
269 37
484 34
502 38
94 37
426 37
628 37
189 37
110 38
448 38
242 37
580 37
2 9
695 38
458 37
209 37
260 36
314 37
417 37
634 37
684 37
329 38
598 37
3 38
388 38
457 37
428 34
283 37
161 38
381 37
696 38
317 38
20 37
506 34
170 34
366 34
627 34
572 37
528 37
97 37
430 9
412 37
577 37
39 34
507 34
103 38
197 37
450 37
465 9
503 38
590 6
494 34
483 38
469 38
521 34
633 37
244 37
489 37
486 37
33 34
677 37
174 34
198 9
160 34
602 37
347 38
586 9
10 37
89 37
218 9
397 34
116 38
27 34
622 37
441 37
626 34
309 9
404 37
536 37
659 34
687 37
193 37
688 9
217 37
48 37
265 37
252 34
673 37
25 37
186 34
92 9
303 9
531 34
532 37
201 37
333 37
472 37
491 8
436 37
130 38
28 38
694 37
419 38
279 37
264 37
122 37
178 34
11 9
691 37
53 9
251 37
106 37
152 37
619 37
414 37
643 38
668 37
376 37
569 37
390 38
372 38
169 38
172 34
315 37
70 34
96 37
237 37
5 37
133 38
29 37
59 37
589 37
322 37
128 37
657 37
553 37
274 9
284 37
385 37
368 38
630 34
69 34
478 34
485 37
689 37
514 37
543 37
351 38
353 34
167 38
22 33
204 36
54 38
147 38
581 34
239 34
669 38
263 38
350 38
649 37
15 34
1 34
476 37
307 37
635 37
267 38
151 37
501 34
693 37
467 34
228 37
281 34
439 38
226 37
394 9
294 34
464 38
358 37
387 37
664 37
271 37
35 34
49 37
534 38
275 34
157 34
640 34
68 34
135 38
495 34
206 37
79 37
155 37
119 34
413 34
305 34
512 38
403 37
652 38
411 37
62 37
359 34
311 38
588 37
212 37
377 9
211 34
496 37
566 34
597 38
567 9
544 37
194 38
72 37
607 34
616 34
190 34
579 37
550 37
517 34
112 37
125 37
12 37
183 38
46 37
19 37
216 37
611 38
140 38
451 34
95 38
639 38
392 34
389 38
191 37
220 9
302 38
609 9
182 34
233 37
540 34
75 34
530 34
308 25
67 41
612 38
605 34
538 38
203 34
492 37
651 34
74 34
660 37
621 37
405 34
82 38
47 37
273 37
292 38
30 37
286 37
547 34
508 37
276 37
477 38
600 34
113 37
518 38
187 37
529 34
232 37
425 34
513 37
576 34
108 37
519 37
461 9
613 37
131 34
180 37
127 37
438 9
291 37
304 37
466 37
638 37
253 37
257 37
488 37
646 37
437 38
32 37
80 37
334 37
559 37
109 38
604 37
323 37
497 37
587 34
608 34
0 9
505 9
259 37
26 37
137 38
238 34
546 37
370 37
120 34
73 9
192 9
61 37
77 38
280 37
123 37
287 37
107 38
408 33
446 37
647 37
177 34
342 38
563 34
454 38
129 37
504 37
297 37
290 34
288 37
653 24
367 34
102 37
236 37
527 38
60 37
175 37
676 37
665 37
432 37
624 37
332 38
101 38
421 38
318 34
231 38
674 37
235 34
658 9
340 34
90 37
511 38
636 34
145 9
185 38
282 38
31 9
383 37
118 34
554 37
663 37
435 34
471 38
214 38
644 37
584 37
176 34
249 37
50 36
679 37
460 38
629 38
560 37
335 37
386 37
520 37
142 38
166 37
415 34
278 38
431 37
675 37
459 34
23 38
349 37
548 9
362 37
645 34
610 37
524 37
603 34
661 34
248 38
357 37
442 37
277 37
149 37
686 37
338 37
296 38
591 34
34 37
331 37
87 34
487 37
222 37
105 37
153 34
78 34
run time cost of algorithm DRT_AG is 0.005312seconds
