659550 170 39
243 34
288 34
125 25
38 41
69 25
209 25
206 25
309 9
231 25
344 25
410 25
190 41
322 25
318 25
317 25
16 25
191 41
109 25
183 9
150 25
204 25
85 25
305 9
163 9
128 9
143 25
238 25
19 9
382 25
329 25
159 34
404 25
36 25
54 25
118 41
107 9
90 25
368 34
62 25
299 25
220 25
46 34
87 25
131 25
282 25
373 25
399 25
291 9
347 25
83 25
81 25
233 25
285 9
112 25
257 25
354 25
74 34
39 34
271 25
157 25
400 25
348 25
366 34
260 9
115 41
169 9
217 25
102 25
165 41
149 41
224 41
389 9
407 25
99 25
130 25
345 25
77 25
55 34
398 25
364 25
101 41
221 25
3 25
30 25
137 9
409 25
386 9
289 25
63 34
161 25
14 25
156 41
268 25
339 25
228 25
106 25
303 9
67 25
98 41
424 25
359 34
274 25
377 25
263 41
310 25
173 25
119 25
418 25
139 41
6 25
91 25
35 9
411 9
335 41
126 25
343 9
279 25
34 25
45 41
314 25
179 9
333 25
328 25
76 25
402 25
210 25
24 25
350 25
236 25
229 25
122 25
302 25
267 41
356 34
421 25
203 25
7 9
241 25
325 41
160 41
287 41
18 25
60 34
61 41
370 25
152 25
92 34
273 25
21 25
239 25
184 41
342 25
419 25
319 25
301 41
252 34
363 25
182 41
29 25
277 25
270 25
108 25
413 25
162 25
58 25
50 25
392 25
43 25
372 41
316 25
13 25
365 25
225 9
188 34
295 25
250 41
401 9
394 34
56 9
311 25
248 9
28 41
88 34
199 25
357 9
388 25
194 41
242 34
334 25
423 25
235 25
198 9
214 34
97 34
94 34
383 25
207 41
72 41
387 34
9 41
324 41
68 25
135 34
66 9
341 25
145 25
261 25
358 9
147 41
51 25
53 41
230 25
346 41
95 25
70 25
192 9
216 9
140 41
315 34
262 6
390 25
166 25
298 34
223 9
297 41
266 25
73 41
23 41
256 8
296 25
141 9
293 25
196 41
41 25
395 25
104 9
385 34
255 25
148 34
420 25
52 41
71 25
272 25
22 41
384 25
283 41
323 41
132 25
254 41
253 41
426 25
237 25
415 25
227 41
327 41
280 25
251 25
379 9
37 41
362 41
65 25
396 9
105 34
332 25
121 41
307 9
265 25
158 9
405 34
80 9
205 41
338 41
218 9
391 25
246 25
371 25
168 41
300 9
171 25
355 41
337 25
42 34
8 25
12 25
15 25
308 25
25 9
292 41
178 25
31 25
103 41
258 6
397 9
201 25
127 25
313 25
32 25
381 25
306 25
353 34
174 25
33 25
82 25
416 25
120 25
200 41
312 41
414 25
116 34
393 34
403 25
195 34
172 34
367 25
422 25
369 41
175 25
212 25
111 9
180 41
264 25
249 25
5 41
321 25
47 25
185 25
129 25
211 41
48 25
167 9
49 41
138 34
222 41
187 25
320 25
117 9
247 25
245 41
133 25
336 37
275 25
406 25
234 25
340 41
78 9
240 36
177 25
425 25
232 41
208 25
100 34
40 25
375 25
417 34
330 41
197 41
281 37
193 34
20 37
378 9
269 25
376 41
170 41
164 25
155 25
134 34
151 34
124 41
219 25
44 9
84 41
89 41
17 9
244 25
86 25
27 34
142 34
154 34
123 25
326 9
59 25
276 34
1 41
153 41
374 41
181 25
96 25
290 34
380 25
186 41
189 25
284 34
361 41
2 25
4 34
351 41
349 25
26 34
113 25
294 9
146 25
213 25
259 25
0 34
278 9
176 25
110 25
93 25
352 25
360 34
215 37
286 25
412 25
75 25
202 41
408 41
226 25
136 37
114 37
304 9
79 34
64 41
57 9
331 41
11 25
10 25
144 25
run time cost of algorithm DRT_AG is 0.002601seconds
