1373500 97 16
489 39
672 39
794 34
87 39
693 39
595 39
583 39
163 39
562 39
83 39
34 39
332 39
259 39
371 39
367 39
763 39
205 39
691 39
188 39
781 39
714 39
634 39
361 39
774 39
703 39
222 39
581 39
573 39
445 39
782 39
742 39
158 39
412 39
775 39
331 39
261 39
811 39
375 39
223 39
784 39
713 39
104 39
292 39
535 39
321 39
653 39
201 39
513 39
312 39
834 39
686 34
41 39
724 39
715 39
837 39
768 39
105 39
153 39
21 39
578 39
26 34
748 39
117 39
701 39
603 39
135 39
596 39
267 39
297 39
592 39
802 39
13 39
157 39
275 39
651 39
350 39
411 39
425 34
666 39
207 39
317 39
670 39
315 39
289 34
795 39
251 39
492 39
499 34
824 39
174 39
65 39
66 39
601 39
363 39
772 39
612 39
604 39
576 39
164 39
531 39
506 39
743 39
48 39
807 34
611 34
464 39
727 39
633 39
446 39
234 34
480 39
334 39
341 39
740 39
253 39
182 39
98 39
704 39
574 39
97 39
586 39
648 39
256 39
609 39
217 39
293 39
432 39
518 39
333 39
530 39
780 39
647 34
800 39
796 39
311 39
59 39
63 39
327 34
803 34
758 39
818 39
457 39
420 34
337 39
212 39
36 39
230 39
126 39
608 39
423 39
242 39
538 39
792 0
553 39
298 39
162 39
667 39
696 39
220 39
328 39
357 39
193 39
593 39
151 39
1 39
826 39
335 39
625 39
496 39
206 39
493 39
544 34
700 39
254 39
676 39
723 39
264 39
339 39
620 34
303 39
62 39
628 39
279 39
215 39
306 39
613 39
528 39
640 39
436 39
61 39
5 39
461 39
127 39
244 39
627 39
567 34
32 39
133 39
511 39
67 39
615 39
138 39
262 39
172 34
677 39
45 39
662 39
44 39
53 39
490 39
563 39
101 39
541 39
255 39
760 39
47 39
470 39
630 39
631 39
617 39
281 39
78 34
770 34
737 39
143 39
308 39
835 39
747 39
146 39
58 39
571 39
402 39
559 39
409 39
173 39
247 39
322 39
123 39
113 39
161 39
302 39
487 39
427 39
372 39
181 39
813 39
246 39
746 34
18 39
698 39
688 39
668 39
408 39
836 34
545 39
430 39
705 39
674 39
512 34
697 39
833 39
429 34
338 34
304 39
46 39
808 39
524 34
300 39
20 39
286 39
345 39
644 39
272 39
762 39
269 39
156 39
28 39
654 39
72 39
115 39
618 39
600 39
343 39
590 39
231 39
60 39
147 39
809 39
572 39
671 39
707 39
169 39
533 39
540 39
543 39
523 34
804 39
514 39
500 39
458 34
229 39
323 39
812 39
238 39
240 39
406 39
70 34
786 39
381 39
100 39
354 39
830 39
369 39
398 39
798 39
797 39
42 39
561 39
386 39
271 39
739 39
33 39
252 39
76 39
689 39
12 39
610 34
659 39
469 39
329 39
639 39
226 39
481 0
565 39
316 39
95 39
472 39
296 39
377 39
558 39
460 39
509 39
591 39
442 39
717 39
679 39
128 39
431 39
233 39
712 39
426 39
356 0
529 39
277 39
416 39
137 39
606 39
237 39
675 39
27 0
822 39
390 39
585 39
168 39
465 39
468 39
8 39
40 39
477 0
566 39
314 39
793 39
265 39
695 39
160 0
191 39
410 39
736 39
621 39
622 39
722 39
90 39
720 39
656 39
463 39
6 39
825 39
301 39
485 39
641 39
189 39
526 39
152 39
364 39
532 39
516 39
832 34
51 39
575 39
755 39
284 0
710 39
434 34
56 39
208 39
682 39
454 34
510 39
136 39
73 39
503 39
584 39
171 39
699 0
414 39
624 39
508 39
344 39
64 39
459 34
384 39
94 39
635 39
349 39
313 39
239 39
395 39
195 39
466 39
84 39
582 39
752 39
263 39
655 34
505 39
366 39
228 39
779 39
378 39
501 39
605 39
69 39
498 39
616 39
291 39
114 39
225 39
35 39
11 0
495 39
68 39
103 39
629 39
816 39
57 0
664 34
663 39
721 39
305 39
643 39
340 0
249 39
589 39
520 34
823 39
734 34
687 39
579 39
134 39
547 39
716 39
393 39
14 39
374 39
79 39
783 39
421 39
387 39
166 39
417 0
385 39
729 39
177 39
282 34
719 34
54 39
119 39
391 39
404 39
536 39
405 0
787 39
92 39
504 34
112 39
494 39
89 39
497 39
819 39
131 0
310 39
23 39
678 39
488 39
106 39
570 34
537 39
718 39
294 39
4 34
214 39
235 39
564 39
352 39
216 39
287 39
118 39
379 39
245 34
309 39
202 39
155 39
684 39
550 39
788 39
176 39
810 39
652 39
129 39
473 39
451 39
594 39
602 39
646 39
124 39
318 34
657 39
453 39
452 39
422 39
769 39
9 39
288 39
522 39
669 39
85 39
444 39
443 39
266 39
791 39
548 39
325 39
552 39
324 0
15 34
278 39
178 39
184 39
285 39
642 39
243 39
116 39
194 39
767 0
258 39
120 39
471 39
555 39
690 39
365 39
130 39
637 39
726 39
132 34
224 39
744 0
109 39
597 39
773 0
502 39
749 39
766 39
140 34
413 39
551 39
549 39
761 39
24 39
525 34
829 39
19 39
424 39
437 39
507 39
702 39
400 39
380 39
577 39
88 39
599 39
785 39
299 39
192 39
219 39
479 34
806 39
268 39
733 39
187 39
159 39
232 39
3 34
658 0
534 39
614 39
180 39
179 39
661 39
257 39
539 39
359 39
139 39
283 39
415 39
754 39
778 39
447 39
102 39
165 39
80 39
441 39
632 39
227 39
346 0
236 34
145 39
546 39
789 34
55 39
799 39
320 39
467 39
478 39
183 39
125 39
419 39
213 39
276 39
587 39
750 39
30 39
741 39
474 34
122 34
347 39
149 34
776 34
820 39
484 39
204 39
210 39
638 39
108 39
673 39
250 39
588 39
753 39
38 39
270 39
790 39
370 39
351 34
771 39
52 39
619 39
636 39
483 39
660 0
241 39
626 39
433 39
93 39
801 39
665 39
355 39
598 39
765 39
39 0
817 39
491 39
382 39
389 39
462 39
827 39
200 39
418 0
330 39
81 39
71 39
757 39
22 34
455 39
685 39
31 39
326 39
403 39
274 39
218 34
353 0
486 39
368 39
190 39
399 39
482 39
814 39
121 39
394 39
17 39
438 39
383 39
77 39
16 39
107 34
319 39
392 39
725 39
99 39
307 39
728 34
86 0
456 34
2 34
401 0
759 39
709 39
764 39
186 39
569 39
144 39
111 39
273 39
650 39
706 39
75 39
831 39
475 39
708 39
290 39
680 39
607 39
681 39
751 39
96 39
450 39
683 39
167 39
694 39
756 34
435 39
170 39
25 39
141 39
805 39
554 39
449 39
560 0
738 39
211 39
373 39
517 0
260 39
396 39
348 39
440 39
110 39
197 39
198 39
557 39
74 39
336 39
407 39
280 39
248 39
203 39
556 39
358 39
154 39
692 39
515 34
828 0
735 39
362 39
29 39
221 39
649 39
777 39
0 39
732 34
37 39
730 39
711 39
43 39
623 39
49 0
91 39
542 39
527 39
185 39
821 34
360 39
376 39
815 39
745 39
439 39
448 39
476 39
342 0
519 39
209 39
199 39
148 39
142 39
568 0
82 39
645 39
731 34
7 39
838 39
428 39
397 39
388 39
295 39
196 0
521 39
175 39
150 39
50 34
580 39
10 39
run time cost of algorithm DRT_BD is 0.398284seconds
