337400 120 44
46 25
39 25
15 25
80 25
13 41
28 41
34 25
1 25
81 9
9 25
47 25
69 25
54 25
7 25
64 25
21 41
24 25
25 34
38 25
79 25
76 25
63 25
60 25
72 25
70 25
68 25
57 41
84 25
6 25
59 25
30 25
65 25
12 25
82 25
29 25
55 25
67 25
52 25
78 25
44 41
0 25
20 25
17 25
18 41
56 25
87 25
61 25
26 25
35 41
2 25
23 25
36 9
88 25
49 25
75 41
71 25
33 25
85 9
43 25
8 25
62 41
42 9
86 25
11 41
45 37
41 9
10 25
83 25
19 41
74 41
27 41
31 41
48 25
51 41
73 25
58 25
14 25
22 25
16 25
5 9
53 25
37 25
77 34
32 41
3 25
50 25
66 25
40 25
4 41
run time cost of algorithm DRT_AG is 0.000215seconds
