3848000 157 65
356 41
255 21
103 21
236 41
428 41
6 21
62 21
416 34
370 21
131 21
408 41
406 21
0 21
352 21
160 41
136 41
177 21
132 41
381 41
32 41
240 41
316 21
75 21
293 21
419 41
105 34
71 0
281 41
391 34
113 41
223 34
298 21
31 21
306 21
189 21
272 41
116 21
228 41
5 21
214 41
405 21
407 34
134 41
97 41
364 21
141 21
138 21
345 21
59 41
319 21
320 21
252 41
204 41
198 41
162 41
22 21
230 21
84 21
26 41
112 21
301 21
186 41
232 34
152 41
254 21
19 41
88 41
87 21
165 41
295 41
412 41
349 34
72 41
242 21
52 41
13 41
330 41
366 0
107 41
56 0
142 21
221 41
421 41
246 41
209 21
326 41
76 41
124 21
353 41
266 41
79 21
73 21
401 41
181 41
362 41
43 0
375 21
182 41
314 41
163 21
11 21
388 21
169 21
402 41
273 41
51 21
23 34
65 41
250 41
275 21
54 0
318 41
397 21
127 41
166 21
7 21
315 21
373 34
386 41
264 21
269 41
225 41
29 0
308 34
247 41
27 21
351 21
212 41
80 41
327 21
122 21
429 34
205 41
393 21
40 41
368 41
24 21
291 41
336 41
147 41
109 21
2 0
145 41
414 21
194 41
332 41
25 41
3 21
36 34
430 21
14 21
344 41
233 41
346 21
53 21
175 21
203 41
337 41
329 21
20 41
21 34
395 41
170 21
313 34
1 21
196 41
188 41
102 21
420 34
234 41
8 41
245 34
35 21
342 41
304 34
387 0
115 41
199 21
229 41
415 41
376 21
208 21
86 0
258 34
167 21
193 0
139 0
140 21
49 34
190 41
321 0
12 41
55 41
261 41
164 41
96 21
110 21
392 41
263 41
50 21
426 21
403 41
201 34
262 21
341 21
409 41
300 41
400 21
334 41
422 41
144 41
390 21
226 41
150 0
168 34
357 34
171 0
174 41
37 21
202 41
227 41
385 41
411 41
133 21
60 34
100 41
283 21
292 21
294 21
322 41
394 41
184 41
374 21
45 41
413 0
28 21
424 41
172 41
82 21
85 41
338 21
218 0
382 34
384 21
239 21
4 41
197 21
231 0
157 21
41 21
312 34
70 21
244 21
192 21
238 34
120 41
358 21
104 41
68 34
39 21
348 34
57 41
48 41
143 41
44 21
83 41
377 0
185 34
328 21
148 41
310 41
81 21
123 21
305 41
365 21
309 21
118 41
418 21
335 34
427 0
153 34
398 20
285 21
129 41
47 41
10 21
299 34
350 21
149 0
213 41
372 41
219 41
191 41
114 21
379 41
90 41
268 21
287 41
237 21
187 41
16 34
179 21
69 41
17 21
206 41
302 41
121 34
64 21
183 34
289 41
18 41
278 41
270 41
389 41
323 21
222 41
30 41
210 41
93 21
63 41
98 21
200 41
367 41
286 41
279 34
383 41
158 41
243 34
363 21
340 41
417 21
180 21
399 41
249 41
241 21
125 34
108 41
248 21
404 41
78 41
9 41
410 21
173 21
215 21
111 41
282 34
91 41
77 0
137 21
33 21
317 0
101 34
267 0
176 41
355 0
216 21
67 21
325 21
58 21
38 41
235 21
46 21
94 21
359 41
156 21
251 41
126 0
99 41
347 21
333 21
106 41
178 21
95 41
307 41
303 41
256 41
117 21
425 41
343 41
371 21
276 41
265 41
42 41
396 21
159 21
66 21
151 21
257 21
89 21
274 41
224 0
92 41
130 41
311 41
290 41
154 41
271 21
146 41
161 21
288 21
217 41
369 34
297 21
296 34
378 41
360 21
135 21
211 41
260 41
331 41
253 0
324 0
361 34
128 0
195 0
119 41
220 21
277 41
354 41
259 21
34 21
207 21
15 41
284 41
74 21
280 21
423 21
380 21
61 34
155 21
339 21
run time cost of algorithm DRT_BD is 0.139571seconds
