254400 104 67
0 34
1 34
2 34
3 34
4 0
5 34
6 34
7 34
8 34
9 34
10 34
11 34
12 0
13 34
14 34
15 34
16 34
17 34
18 41
19 34
20 34
21 0
22 34
23 34
24 34
25 34
26 34
27 34
28 34
29 34
30 34
31 34
32 34
33 34
34 34
35 34
36 34
37 34
38 34
39 34
40 34
41 34
42 34
43 34
44 34
45 34
46 41
47 41
48 34
49 34
50 34
51 34
52 34
53 0
54 34
55 34
56 34
57 34
58 34
59 34
60 34
61 34
62 34
63 34
64 0
65 34
66 0
67 34
68 34
69 34
70 34
71 34
72 34
73 34
74 34
75 34
76 34
77 34
78 34
run time cost of algorithm SM_CTP is 0.015484seconds
