9566400 171 73
82 34
113 21
117 34
387 47
409 26
349 34
797 21
329 26
283 41
554 41
389 47
167 10
739 26
52 26
529 26
396 26
905 34
966 47
3 47
819 26
562 10
942 21
502 26
773 21
343 21
560 47
286 10
762 26
473 34
471 41
248 26
262 41
109 34
453 41
620 21
36 21
272 26
688 21
809 41
885 26
964 26
653 10
525 47
459 41
460 26
556 41
86 47
189 26
629 26
179 34
177 47
138 47
879 21
13 47
571 41
55 47
578 47
514 41
508 34
660 41
860 41
237 26
918 41
309 47
339 21
429 41
388 47
474 21
569 10
432 26
323 34
63 26
561 41
598 26
605 47
186 26
716 21
231 47
637 26
359 10
30 47
245 26
234 34
445 26
444 26
435 41
807 47
168 21
927 26
540 41
646 41
287 21
563 26
636 21
706 26
416 47
481 41
258 21
224 21
848 21
193 34
482 21
787 26
492 47
654 47
100 21
538 21
666 26
780 26
943 47
837 47
856 21
233 26
107 47
355 26
447 21
789 21
728 47
229 41
720 41
618 47
121 21
655 21
57 10
584 34
683 21
859 34
829 10
642 41
368 47
528 47
104 26
652 47
888 41
591 47
209 21
360 26
639 26
315 26
433 21
900 26
22 41
658 21
377 41
727 26
25 21
314 41
391 47
750 47
606 47
956 21
858 26
662 47
815 47
682 26
501 21
140 26
307 10
320 47
438 47
497 47
338 34
753 26
703 21
15 26
278 47
543 21
123 21
785 26
361 47
722 21
220 26
84 47
826 47
536 47
681 41
130 21
559 21
817 21
580 26
603 47
340 34
92 47
883 41
566 41
403 41
422 34
333 21
894 34
974 41
788 41
225 41
565 26
470 41
29 41
978 47
724 47
699 41
126 21
958 21
423 21
458 21
294 41
249 47
517 34
324 21
206 26
496 47
300 26
594 26
301 41
308 47
744 21
12 47
977 26
583 21
982 41
634 41
875 47
940 26
575 34
814 26
478 10
6 41
959 21
929 41
932 10
341 47
326 26
687 34
988 26
745 26
267 47
411 47
589 47
607 34
733 47
295 26
784 26
202 21
869 47
647 34
244 26
928 41
644 34
963 47
581 47
174 8
175 26
567 26
212 10
585 41
648 47
383 21
631 21
987 26
587 34
58 26
336 47
242 47
395 26
261 21
871 47
741 21
114 47
151 26
454 47
622 26
694 21
924 47
158 47
64 26
187 21
756 41
254 26
358 21
185 47
223 34
818 41
155 26
42 34
685 47
145 41
912 41
148 47
199 26
761 47
73 10
346 41
548 34
822 21
120 21
405 10
417 41
843 21
993 26
311 26
390 21
641 47
413 8
946 26
434 26
934 21
364 26
431 10
824 41
675 21
876 26
906 26
714 21
944 41
37 47
61 34
265 47
217 41
582 41
663 26
330 47
297 21
752 26
776 21
255 47
291 41
878 41
779 41
872 10
436 21
640 47
726 26
131 26
442 21
704 26
754 21
89 21
38 10
573 34
226 47
537 47
862 41
160 41
949 21
832 41
490 26
799 47
725 41
282 34
275 47
712 26
786 47
450 47
71 26
957 41
195 26
347 47
464 47
874 34
939 41
354 41
335 21
263 41
161 26
611 47
394 41
122 47
674 34
18 26
930 47
83 26
765 47
547 21
207 21
49 41
950 47
97 41
530 47
804 21
427 10
378 34
146 26
519 21
513 47
947 47
969 26
951 47
910 21
698 21
751 41
558 34
870 47
449 26
16 47
279 41
861 47
369 41
337 47
626 21
319 26
271 26
398 21
173 21
325 26
493 26
962 26
990 47
235 47
111 21
721 41
127 34
805 47
7 34
568 47
778 26
801 47
191 10
873 21
236 21
863 26
60 41
803 34
505 10
85 21
495 26
56 26
293 41
256 26
955 26
968 41
925 10
208 34
43 10
363 41
284 21
737 21
676 34
661 21
866 21
599 26
766 21
715 21
798 21
833 26
624 26
99 47
487 47
78 47
707 26
171 21
47 26
845 21
670 21
574 34
32 21
919 34
379 47
375 21
800 26
734 21
991 8
348 47
808 47
680 47
981 26
200 47
855 10
759 47
614 26
251 41
908 26
356 47
150 47
299 41
736 21
414 47
367 41
976 10
317 47
738 47
835 34
327 26
730 26
916 41
783 41
477 41
102 26
600 21
106 26
954 21
936 47
673 34
392 47
764 21
485 21
81 47
118 21
134 47
69 21
677 47
985 26
810 41
729 41
296 26
847 47
531 34
51 41
393 47
221 41
886 47
218 10
353 26
553 47
592 47
913 26
465 26
400 21
711 41
352 26
719 26
884 26
91 26
461 41
684 26
238 26
192 21
54 21
897 26
914 10
4 41
806 21
70 47
153 34
303 47
88 34
532 26
535 26
821 41
204 21
671 26
619 26
345 41
486 41
46 47
864 41
953 47
811 34
623 34
625 21
162 21
790 21
439 10
112 10
178 26
602 10
273 26
887 10
475 21
95 21
371 26
276 41
125 47
415 21
215 41
302 47
241 21
608 47
507 34
116 41
667 26
534 26
746 47
305 26
468 10
419 47
196 47
615 26
697 21
970 34
277 47
828 34
412 26
101 26
503 21
557 41
609 10
142 41
243 21
701 10
260 41
542 21
270 47
24 47
586 34
820 26
332 41
410 41
76 41
382 26
499 47
370 47
994 21
825 26
74 47
366 41
643 47
9 21
281 21
280 41
632 47
768 41
240 26
857 21
457 47
917 41
68 26
911 26
509 47
915 10
65 47
669 26
59 26
452 47
740 21
8 47
678 26
39 26
903 41
441 41
222 47
713 21
812 41
718 26
867 26
183 41
895 41
708 21
882 41
941 47
184 21
2 47
141 47
679 21
896 47
802 26
961 21
328 21
827 26
232 34
75 47
657 21
135 47
66 41
197 10
201 21
512 26
45 26
239 26
472 41
132 26
483 41
732 47
443 21
41 47
110 10
19 41
668 26
159 26
23 47
604 47
893 26
250 10
763 26
399 26
384 21
686 47
984 47
362 21
181 26
1 47
428 26
17 34
850 21
823 47
351 47
979 41
401 21
635 47
645 26
638 26
62 26
266 10
20 21
342 26
90 26
137 47
105 47
973 41
34 26
853 41
93 26
451 41
166 47
695 34
169 10
596 41
136 34
904 26
96 47
579 47
816 26
555 41
933 21
743 47
124 47
289 21
163 21
836 21
782 47
149 21
965 47
649 34
210 21
735 34
381 21
795 21
760 47
214 21
115 21
588 41
526 47
421 41
425 47
628 41
952 21
621 21
617 47
830 21
5 47
498 47
545 21
831 10
770 41
310 21
747 21
408 21
777 21
144 21
775 21
33 21
48 47
264 21
285 41
570 41
213 21
552 21
664 47
94 47
318 21
899 21
909 41
380 21
420 21
691 47
839 21
923 21
129 21
772 47
774 21
288 34
705 47
948 47
769 10
689 21
87 10
133 47
40 21
489 21
290 41
491 21
516 21
203 21
742 47
838 10
50 41
854 47
28 34
749 47
304 41
868 34
527 21
659 10
268 21
665 41
180 10
322 21
312 47
577 47
292 21
188 21
767 21
717 41
633 41
515 47
147 41
426 47
488 41
446 21
456 21
551 21
182 41
108 21
44 47
430 21
170 21
219 41
139 8
172 21
922 47
227 21
484 41
247 10
992 10
211 41
424 21
541 47
945 21
613 21
467 34
440 41
504 10
152 41
692 10
194 41
771 41
164 21
841 41
937 21
165 21
373 21
960 21
995 21
331 41
650 21
252 41
77 21
26 34
844 21
27 21
269 10
518 41
500 10
890 41
476 41
402 21
595 21
610 21
813 47
274 47
257 47
246 21
176 21
157 21
709 41
702 21
544 21
989 47
53 21
796 47
494 21
572 47
455 47
79 47
397 47
98 47
627 21
128 21
334 41
723 47
365 41
374 47
376 21
852 10
386 21
21 10
651 10
437 21
143 34
846 34
921 47
781 41
480 47
154 41
842 41
156 21
205 47
901 41
313 21
539 21
533 34
793 21
986 21
980 47
757 41
710 41
902 21
190 47
216 47
230 34
865 21
938 34
466 21
0 34
794 41
35 21
469 21
462 21
564 21
690 41
316 21
344 21
259 21
889 34
792 47
550 10
983 21
67 41
849 21
851 41
972 47
926 34
350 21
601 21
593 21
931 41
372 47
385 47
321 41
11 47
877 21
898 47
510 47
612 47
418 47
630 47
971 21
590 47
748 34
198 47
892 10
546 47
549 21
479 34
406 47
523 41
616 10
920 47
576 47
758 41
656 34
880 21
693 21
597 47
834 21
31 41
357 47
521 34
463 21
891 47
306 34
967 47
298 47
103 21
448 21
672 41
522 10
935 41
731 21
407 41
72 41
511 21
881 21
696 47
907 47
840 21
14 21
228 21
119 41
755 10
975 47
253 47
506 47
700 21
791 41
404 47
524 41
520 41
10 47
80 21
run time cost of algorithm DRT_BD is 0.40953seconds
