642800 109 65
0 34
1 34
2 34
3 34
4 34
5 34
6 34
7 34
8 34
9 34
10 34
11 34
12 34
13 34
14 34
15 34
16 34
17 34
18 0
19 34
20 34
21 34
22 34
23 34
24 34
25 34
26 34
27 34
28 34
29 0
30 34
31 34
32 24
33 0
34 34
35 34
36 24
37 34
38 8
39 34
40 24
41 34
42 34
43 34
44 34
45 34
46 34
47 34
48 34
49 34
50 34
51 0
52 34
53 24
54 34
55 34
56 0
57 34
58 34
59 34
60 24
61 34
62 34
63 34
64 34
65 34
66 34
67 34
68 34
69 34
70 34
71 0
72 34
73 0
74 34
75 34
76 34
77 24
78 34
79 34
80 24
81 34
82 34
83 34
84 34
85 8
86 34
87 24
88 34
89 34
90 34
91 0
92 34
93 34
94 24
95 34
96 34
97 34
98 34
99 34
100 34
101 34
102 34
103 34
104 34
105 24
106 34
107 34
108 24
109 34
110 34
111 34
112 0
113 24
114 34
115 34
116 34
117 34
118 34
119 34
120 34
121 34
122 34
123 34
124 34
125 34
126 34
127 34
128 34
129 34
130 8
131 24
132 34
133 34
134 24
135 24
136 34
137 0
138 34
139 1
140 34
141 34
142 34
143 34
144 24
145 34
146 34
147 8
148 34
149 34
150 34
151 34
152 34
153 34
154 24
155 0
156 24
157 24
158 34
159 34
160 8
161 34
162 24
163 8
164 24
165 0
166 24
167 34
168 24
run time cost of algorithm SM_CTP is 0.084035seconds
