2360800 109 70
84 41
203 41
249 41
54 34
42 34
65 41
13 41
29 41
86 41
67 41
150 41
183 41
191 41
205 0
109 41
245 41
144 41
216 41
118 41
147 41
202 41
196 41
259 41
241 41
87 41
77 41
218 41
149 41
61 41
206 34
41 41
208 41
60 41
237 34
243 34
215 41
79 41
11 41
137 0
193 41
209 41
163 41
38 41
265 41
36 41
133 41
184 41
75 0
160 41
78 41
253 41
254 41
257 41
173 41
266 41
31 0
59 41
71 41
152 41
250 41
157 41
176 0
180 41
18 34
51 34
172 34
228 41
244 41
49 41
12 41
230 34
55 34
148 41
154 41
111 41
175 41
35 41
195 41
242 41
234 41
32 41
115 41
200 41
138 41
126 41
124 41
219 41
217 41
123 41
113 41
95 41
187 41
225 41
69 41
93 41
192 0
85 34
97 41
3 41
66 41
28 0
104 41
7 41
145 41
146 34
8 41
57 41
211 41
214 24
120 41
46 41
207 41
116 41
70 41
210 41
261 41
114 41
238 41
143 34
22 41
235 41
151 41
247 41
178 0
10 41
26 41
220 34
50 41
130 0
108 41
197 41
14 41
156 41
158 34
229 34
239 41
0 41
204 41
83 41
256 41
248 34
189 34
30 41
45 34
9 0
19 41
262 41
258 41
226 41
221 41
186 34
129 34
199 34
142 41
20 41
48 41
92 41
100 34
182 41
255 41
72 34
99 34
94 41
164 34
232 34
24 34
252 34
25 41
179 41
135 34
64 41
82 41
88 41
81 41
2 41
264 41
161 41
181 34
56 34
185 41
165 41
121 41
155 34
141 34
4 34
134 41
139 41
131 34
127 24
212 34
58 34
89 24
117 41
240 41
91 41
174 34
15 34
132 41
98 34
167 34
128 41
169 8
62 8
198 24
80 0
6 34
168 41
213 41
5 34
188 24
162 24
102 41
1 34
21 0
222 41
23 41
171 41
27 41
39 41
43 41
90 34
53 41
33 41
125 0
251 41
224 24
246 41
112 41
223 41
190 34
74 41
68 41
166 41
233 34
73 0
105 34
16 41
260 24
34 34
140 34
170 34
52 24
44 34
96 34
37 34
17 34
177 34
236 34
47 34
231 34
227 34
194 34
76 34
153 34
110 34
101 34
136 34
103 34
106 34
201 34
159 34
122 34
263 34
63 34
107 34
119 34
40 34
run time cost of algorithm DRT_BD is 0.052466seconds
