2948200 120 52
53 29
396 34
832 34
824 29
840 29
142 29
816 29
68 29
850 29
805 29
42 29
76 29
342 34
312 29
643 29
498 29
313 34
661 34
663 29
665 3
732 34
720 29
221 29
534 29
681 29
219 29
683 29
583 29
232 3
883 29
879 29
240 29
434 34
370 29
674 29
895 3
126 29
762 29
335 29
422 29
231 29
561 29
10 3
483 29
632 34
167 29
618 29
141 29
817 34
146 29
578 29
420 34
157 34
386 29
463 34
461 29
831 34
943 3
594 29
569 34
935 29
453 29
628 29
631 3
849 34
228 29
813 29
349 29
306 34
913 3
408 29
539 29
359 29
667 29
538 29
320 29
860 34
325 29
476 29
484 29
31 34
233 29
365 34
776 29
272 29
869 29
96 29
193 29
745 34
499 29
78 29
329 29
466 29
836 34
501 29
939 34
605 34
728 29
348 29
414 29
611 29
874 29
400 34
705 29
303 3
105 34
612 29
144 29
80 29
109 29
363 3
27 29
229 29
927 29
923 34
136 34
198 29
894 29
793 29
900 29
222 29
63 29
804 29
46 29
648 29
452 29
634 34
559 29
916 29
129 29
852 29
256 29
255 29
278 29
426 29
791 29
535 29
627 29
679 29
787 3
617 29
322 34
473 29
563 29
376 29
333 34
528 29
517 29
492 34
781 29
271 29
571 29
3 29
95 29
737 29
729 29
182 29
597 29
391 29
248 29
933 29
920 29
397 29
909 29
429 29
251 29
562 34
892 29
131 34
876 29
403 29
34 29
128 29
213 29
647 29
445 34
447 29
230 3
341 29
843 29
180 29
378 29
206 29
104 3
375 3
52 34
269 29
505 29
236 29
94 34
820 29
70 29
755 29
493 29
194 29
782 29
273 34
734 29
62 29
93 29
419 34
830 34
54 29
502 29
514 29
51 3
263 29
179 29
856 34
688 29
449 29
676 34
388 34
543 29
440 29
215 29
216 29
560 29
169 29
891 29
315 29
389 29
296 3
402 34
427 29
147 29
424 29
12 34
610 29
151 29
677 29
423 29
301 29
217 29
910 29
23 34
462 29
24 29
332 29
506 29
531 34
866 29
242 34
345 29
170 34
822 29
163 34
568 29
65 34
585 29
305 29
785 34
770 34
390 29
622 3
757 29
374 29
714 34
377 3
382 29
696 29
684 29
697 29
106 34
656 34
653 29
372 29
718 29
369 34
724 34
727 34
633 3
252 29
783 29
613 3
72 29
276 29
812 29
572 34
564 34
243 29
40 29
862 29
174 29
284 29
36 34
238 29
287 29
330 29
873 29
327 29
28 29
26 29
321 34
468 29
460 29
906 34
209 29
298 29
919 29
307 3
430 29
11 29
938 29
604 29
0 34
510 34
520 29
373 34
524 29
64 34
77 3
825 29
649 34
636 29
682 34
607 29
608 29
148 29
153 29
421 29
689 29
494 34
323 3
280 3
249 29
201 34
166 29
659 34
81 34
886 34
592 29
931 29
120 34
108 3
283 29
472 29
890 34
545 34
778 29
121 29
480 29
398 34
723 29
393 29
43 29
346 34
768 29
237 29
596 29
189 41
235 34
425 29
655 3
187 29
39 29
747 34
635 29
214 29
443 34
575 34
711 34
818 29
300 29
368 29
712 29
867 29
127 34
207 29
16 29
17 34
319 34
234 29
657 29
584 29
413 29
410 29
405 29
686 29
549 34
588 29
474 29
482 29
486 34
503 34
764 3
693 29
191 29
749 29
366 29
715 29
625 34
383 29
178 34
868 29
481 29
90 29
247 29
457 34
573 34
86 29
475 29
160 29
786 34
775 29
223 29
318 29
606 29
851 29
132 29
226 34
580 29
565 29
602 41
115 29
937 29
164 3
361 34
100 29
324 29
795 34
887 29
513 29
881 34
823 29
407 34
350 34
30 29
41 29
356 34
162 34
117 29
295 29
917 29
137 3
650 29
154 29
925 29
364 29
439 3
717 34
690 34
259 29
902 34
595 29
532 29
446 29
211 3
102 34
311 29
149 29
37 29
828 29
706 34
159 29
103 29
771 29
316 29
769 29
838 3
511 29
615 29
496 29
736 29
464 29
582 29
150 29
620 29
672 34
134 29
779 29
930 34
339 29
47 29
61 29
401 29
680 34
83 29
803 29
741 29
69 29
808 41
9 34
530 29
691 29
744 34
911 3
739 29
773 34
107 29
48 29
74 29
139 34
558 29
290 34
270 29
165 29
326 34
293 3
4 3
75 29
262 29
570 29
208 29
903 34
450 3
675 34
116 3
38 34
261 3
748 34
387 29
264 3
756 29
125 29
101 29
433 29
184 34
253 3
519 34
651 34
521 34
220 34
790 29
763 34
733 29
526 29
82 29
726 29
352 29
845 29
133 3
394 3
553 29
331 29
395 29
796 34
692 29
176 29
478 29
548 29
797 34
666 29
241 29
798 3
173 3
847 29
337 29
477 29
899 29
7 29
921 29
470 29
347 34
792 34
918 29
662 29
15 29
658 29
485 29
130 41
289 34
88 34
878 29
392 29
274 29
49 29
33 29
616 34
371 29
456 29
266 29
750 29
646 29
19 29
384 41
79 34
577 29
701 29
292 34
721 3
932 29
695 29
285 34
555 29
780 29
14 34
912 29
367 29
265 29
260 29
89 3
404 29
119 29
664 8
889 34
412 3
660 34
884 41
599 29
32 29
455 29
637 29
854 29
200 29
821 29
185 34
827 29
487 34
138 29
140 29
839 34
50 34
500 29
297 29
941 29
495 34
833 29
212 29
619 29
789 29
694 29
336 34
929 29
351 34
507 29
586 3
730 29
357 29
547 29
735 3
589 34
819 34
590 29
905 29
863 34
250 29
527 29
898 29
540 29
415 34
754 34
417 34
451 29
436 29
951 29
438 34
871 3
124 29
210 29
784 29
949 34
614 29
835 29
317 34
703 34
719 29
454 34
291 34
601 29
66 34
811 34
171 34
406 29
621 29
864 3
802 3
118 34
557 29
758 34
609 29
343 29
488 3
257 34
774 34
354 29
853 34
44 29
687 29
85 34
360 29
196 29
92 29
91 34
846 29
135 3
35 3
760 29
18 3
254 29
799 29
844 29
459 34
22 29
806 34
810 29
168 34
6 29
885 34
491 34
579 29
841 29
814 34
880 34
746 29
123 29
600 29
944 29
947 34
875 29
710 3
308 29
794 34
302 29
186 29
175 29
950 34
537 29
309 29
181 29
525 29
788 29
574 34
698 34
99 29
471 34
110 34
598 34
465 34
857 34
767 34
624 29
870 29
437 29
541 29
225 34
418 34
644 29
907 29
897 29
122 34
668 34
743 29
948 29
669 34
945 29
399 29
246 34
670 34
908 29
556 29
518 29
752 34
834 3
581 29
275 29
355 29
188 3
872 29
497 29
279 29
928 3
713 29
444 29
591 34
197 34
448 29
286 29
98 3
143 34
603 29
934 34
685 34
205 34
84 34
623 29
936 29
765 34
731 29
759 29
190 29
218 34
673 29
411 41
509 29
722 34
21 29
567 34
314 29
566 29
523 29
642 34
740 29
901 29
533 29
551 29
707 29
708 29
431 29
629 29
630 29
716 29
310 29
641 34
71 29
239 29
409 34
25 29
751 34
809 29
725 29
288 3
267 29
529 29
362 29
678 29
13 34
344 34
922 29
358 29
815 29
924 34
340 29
515 29
671 3
896 29
20 29
294 29
508 34
829 3
57 29
807 3
244 34
536 34
2 29
504 34
156 29
837 34
546 34
29 29
192 3
224 29
428 34
432 29
489 29
709 29
761 29
304 29
441 34
626 29
593 34
640 29
801 29
299 29
1 29
97 34
67 34
112 34
282 29
859 29
926 29
861 29
60 29
59 34
379 34
381 29
258 29
652 29
442 29
848 34
479 29
576 29
638 29
435 29
56 3
542 34
753 29
877 29
155 34
587 29
882 3
227 3
385 29
702 29
842 34
416 29
544 3
946 29
467 29
490 34
55 29
699 29
940 34
893 29
777 34
826 3
550 29
552 29
199 29
5 29
766 29
742 34
800 29
855 29
334 29
202 29
458 34
738 3
203 34
281 34
268 34
516 29
204 34
161 3
914 29
915 34
114 29
554 34
277 29
172 29
113 3
522 34
353 29
8 29
183 29
145 29
58 29
858 34
772 29
380 29
338 29
904 29
111 29
73 3
865 29
654 34
645 34
328 29
177 29
512 34
245 29
639 34
942 34
152 29
888 29
700 29
45 34
158 29
195 29
704 34
87 29
469 29
run time cost of algorithm DRT_BD is 0.610481seconds
