897300 136 41
113 25
197 25
203 25
192 9
180 25
309 9
119 9
7 9
104 25
563 25
411 25
20 25
236 25
541 25
242 34
0 25
536 9
412 25
400 41
519 9
41 34
460 25
145 25
316 41
1 25
50 9
556 25
436 25
509 41
469 25
92 25
499 9
572 25
165 9
336 41
451 41
447 34
177 25
442 25
347 25
166 25
423 25
369 25
561 25
410 25
387 25
62 25
381 9
207 34
482 25
74 25
215 9
524 25
46 25
162 25
320 9
567 25
5 25
268 25
61 25
296 25
565 25
384 25
178 9
314 41
11 25
158 34
317 25
419 34
168 25
330 25
25 25
147 34
135 25
144 25
4 25
128 25
512 34
506 41
502 25
480 34
228 25
233 37
437 25
274 34
276 9
59 25
88 9
68 25
473 25
370 25
280 9
105 25
8 25
368 25
148 25
327 25
505 25
325 25
196 25
253 34
467 25
319 25
103 25
434 25
270 25
140 25
81 9
133 9
446 9
428 25
205 25
338 25
476 25
382 25
93 34
116 25
483 25
258 25
397 41
367 25
153 34
530 25
533 25
534 25
551 41
543 25
328 41
345 25
310 34
254 25
334 25
335 25
226 25
82 25
379 25
576 25
211 25
444 25
240 25
130 41
507 25
96 25
550 9
163 25
161 25
44 41
109 34
516 25
405 9
340 41
131 25
3 25
504 25
257 25
350 25
260 41
173 25
570 9
33 34
571 25
16 25
198 25
67 25
249 25
366 34
394 9
503 25
273 25
107 25
514 25
10 25
100 41
264 25
295 25
426 25
35 9
432 25
331 25
182 25
174 25
132 34
53 25
262 25
277 25
531 9
496 25
339 25
456 25
193 34
454 25
398 25
101 25
189 34
241 25
38 41
55 41
399 41
286 25
344 25
465 34
492 41
69 41
301 34
285 25
548 25
169 25
549 9
494 25
282 25
86 25
231 25
97 41
386 41
472 25
66 25
28 25
564 25
441 25
219 25
458 41
124 25
12 34
65 34
85 25
552 34
477 25
403 9
238 25
251 34
478 9
291 25
167 25
49 25
64 25
142 25
259 25
98 25
255 41
39 41
102 9
486 25
359 25
90 34
154 9
218 25
110 25
450 9
80 25
284 25
283 25
574 25
52 25
329 25
224 9
171 25
558 9
318 34
511 41
547 25
37 9
484 25
427 25
559 9
470 25
542 25
146 25
164 25
278 25
358 9
212 25
298 25
377 34
380 25
490 34
312 41
94 41
311 41
487 41
357 34
501 25
261 9
175 41
390 25
79 25
24 9
360 9
553 25
376 25
191 41
112 25
263 25
117 9
152 25
352 25
343 25
58 34
159 9
433 25
76 25
156 25
513 9
294 25
525 25
300 25
202 25
540 25
371 41
555 25
409 25
22 9
170 41
114 9
355 41
452 25
489 25
243 25
204 25
479 41
246 25
522 25
250 34
118 9
121 25
378 9
539 25
518 41
223 9
392 25
417 25
221 25
57 25
341 9
267 41
60 41
557 41
272 25
453 34
289 9
457 25
292 41
526 25
364 41
229 34
322 41
30 25
332 41
393 25
222 25
425 41
126 41
430 25
172 25
448 25
545 41
566 41
326 41
471 25
554 41
232 25
227 25
353 25
362 25
351 25
252 25
535 34
31 25
127 34
115 41
265 25
125 34
237 25
9 25
373 25
508 41
560 25
275 9
307 25
200 9
18 25
21 41
181 25
305 34
190 9
463 25
521 9
78 34
439 34
315 25
36 25
73 25
139 41
546 9
372 25
42 25
179 41
217 34
337 34
500 25
356 25
151 34
354 41
183 25
51 9
48 37
365 37
568 25
466 25
389 25
141 9
271 41
308 25
321 25
108 41
485 25
157 25
323 25
149 25
29 25
47 9
120 25
407 41
106 9
361 34
537 34
17 25
155 34
23 34
99 41
245 25
346 41
176 25
385 25
19 41
349 25
214 25
510 41
302 25
208 41
77 9
440 25
498 25
95 25
220 9
374 25
13 9
520 9
143 41
523 34
421 41
26 24
290 25
435 41
375 9
138 41
281 25
449 25
495 41
234 9
493 9
63 9
2 41
363 37
15 41
429 25
431 25
269 25
266 25
287 25
461 41
443 9
136 25
422 25
34 41
575 41
475 41
244 25
455 25
420 25
488 25
248 25
72 25
188 25
415 41
235 25
395 25
416 37
71 9
43 25
210 41
184 25
515 25
122 41
388 34
194 34
14 25
445 41
6 41
288 41
186 25
195 41
247 9
342 41
532 25
408 9
137 34
185 9
538 34
414 25
413 25
464 9
201 25
391 25
256 9
75 25
462 25
459 41
123 34
569 25
481 25
404 41
527 25
306 25
40 25
562 25
111 25
209 25
32 9
383 25
303 9
544 41
333 25
468 25
474 9
70 25
324 34
84 9
129 25
491 25
573 9
528 41
293 25
187 9
230 41
401 25
54 41
225 41
134 25
27 25
89 25
304 34
150 25
299 25
45 25
424 41
279 25
56 41
239 25
406 25
517 25
206 34
213 25
402 41
216 25
199 41
348 25
396 9
418 34
91 41
297 25
438 37
160 34
497 25
529 37
313 41
83 34
87 41
run time cost of algorithm DRT_AG is 0.00397seconds
