3476800 157 56
47 34
295 29
298 29
261 29
203 29
68 29
300 29
304 29
69 29
17 29
272 29
207 29
66 34
31 29
214 0
238 29
72 34
316 29
24 34
284 29
164 29
102 29
194 29
190 0
5 29
107 29
167 34
57 29
42 29
96 34
74 29
372 29
325 29
211 29
181 34
136 29
147 29
51 29
183 0
118 29
122 29
58 29
64 34
97 29
150 29
260 29
292 29
247 34
110 29
87 29
44 34
75 29
29 0
12 29
103 34
297 29
369 34
186 29
287 29
360 29
204 34
377 29
8 34
278 34
73 29
216 34
188 34
91 0
89 29
299 29
262 34
174 29
182 29
56 29
202 34
127 29
354 29
151 34
273 29
95 29
148 29
236 29
382 34
359 29
158 29
145 29
239 41
249 29
4 0
370 34
53 34
191 34
245 34
275 29
348 34
309 29
6 29
135 29
241 29
365 29
101 29
270 29
18 34
126 34
334 29
222 0
94 34
157 29
268 29
108 29
351 29
146 34
366 0
100 0
289 34
324 29
30 34
353 29
356 34
0 29
332 29
317 29
237 34
330 29
357 29
15 34
267 0
250 34
244 29
193 29
48 34
55 0
105 34
171 34
14 0
154 29
266 29
77 34
79 34
286 29
217 34
9 34
192 29
168 34
165 29
27 34
338 29
60 0
347 34
322 29
99 34
310 34
184 29
36 29
218 29
341 29
11 29
227 34
134 29
196 29
340 34
33 34
368 29
230 0
144 29
381 29
277 29
209 34
28 29
180 34
364 0
379 34
7 0
336 29
163 29
358 34
16 34
221 29
255 29
131 29
38 29
210 29
319 34
137 29
112 29
229 34
226 34
187 41
198 34
149 29
117 34
143 34
331 29
294 29
201 0
98 29
293 29
129 29
290 29
67 29
132 34
350 34
206 29
251 34
243 34
233 29
323 34
339 0
62 34
170 34
93 29
315 34
45 29
172 0
123 34
162 29
166 29
265 34
121 41
355 29
283 29
380 34
383 29
156 29
142 34
276 34
124 29
343 29
119 29
106 29
83 29
305 34
285 34
208 41
54 29
296 29
352 41
176 34
224 0
155 29
219 29
199 34
314 34
346 29
212 29
280 34
225 34
82 29
111 29
335 29
263 29
326 41
306 34
177 29
81 29
34 29
195 29
116 41
282 29
109 29
65 34
215 34
104 29
349 29
125 29
2 29
139 41
114 29
362 29
152 0
240 41
169 34
80 29
85 34
52 29
41 34
328 41
213 29
50 29
197 41
35 0
307 29
46 29
232 34
128 41
22 29
333 29
308 29
291 41
160 41
92 29
71 29
25 34
113 34
252 29
175 34
269 34
78 29
259 34
21 29
153 29
253 34
43 29
19 29
138 34
374 29
301 0
37 29
3 29
70 41
363 29
140 29
141 34
120 29
1 34
312 29
23 29
185 29
246 0
321 0
371 34
200 34
49 29
205 34
257 41
20 34
318 34
115 29
10 34
228 34
376 34
32 34
329 34
302 29
264 34
311 29
26 29
320 29
373 34
130 34
344 34
84 41
337 29
39 34
342 29
189 29
375 34
279 0
248 34
61 29
271 34
63 34
327 29
159 29
86 34
179 34
256 34
258 34
235 0
59 34
133 0
220 34
88 41
378 34
76 34
173 34
288 34
345 41
254 34
274 34
313 41
13 34
242 41
361 34
367 0
40 34
303 0
234 41
231 34
223 20
90 34
178 34
281 34
161 34
384 41
run time cost of algorithm DRT_BD is 0.092288seconds
