281600 104 69
91 34
42 34
60 34
18 34
28 34
106 0
5 34
70 34
21 34
100 34
92 34
9 41
54 34
88 34
43 34
40 34
79 34
8 34
69 34
61 34
58 34
22 34
0 34
32 34
41 34
72 34
95 34
94 34
46 34
47 34
1 34
86 0
10 34
83 34
76 34
74 34
57 34
104 34
36 34
85 34
51 34
82 34
29 34
7 34
15 41
44 34
59 34
26 34
27 41
12 34
80 41
73 34
97 34
84 0
13 34
81 34
25 34
2 34
107 34
101 0
103 34
55 41
62 34
52 34
45 34
99 34
33 34
20 34
90 34
50 34
75 34
105 34
19 34
14 34
66 34
68 34
11 34
38 34
56 0
71 34
77 34
24 34
93 34
64 34
39 34
23 34
63 34
37 34
67 34
3 34
53 41
98 34
16 41
35 34
34 34
87 34
6 34
78 34
96 34
48 34
89 34
4 34
49 34
17 41
102 34
31 34
30 34
65 34
run time cost of algorithm DRT_BD is 0.009589seconds
