6238800 170 19
248 41
258 25
67 25
536 34
447 25
210 25
510 25
478 25
319 9
515 25
359 34
108 25
184 25
204 25
503 25
460 9
144 25
323 25
390 34
229 34
411 25
203 25
506 25
29 25
543 25
395 41
367 25
272 25
123 9
318 25
404 25
9 41
235 25
11 25
110 25
59 25
73 25
355 25
331 25
40 34
310 25
542 25
465 25
489 25
450 25
163 25
63 25
93 25
516 25
126 25
98 25
270 25
292 25
264 25
7 25
263 9
508 25
504 25
24 25
405 25
273 25
253 25
10 41
199 25
475 25
239 25
535 25
496 25
197 25
537 25
540 25
177 34
473 25
547 34
83 41
131 34
362 34
290 25
352 41
250 25
484 25
275 25
122 25
34 41
479 25
335 25
62 34
222 25
266 25
107 25
424 25
487 25
495 25
499 41
196 25
524 25
550 25
140 25
96 41
157 41
279 41
82 41
307 41
265 41
344 41
13 9
531 41
522 41
519 41
230 41
502 41
33 41
492 41
68 41
485 41
158 41
132 41
356 41
112 41
228 41
458 41
399 41
18 41
396 41
293 41
72 41
305 9
2 41
461 41
409 41
114 34
233 41
520 41
172 41
69 41
348 9
468 34
557 41
217 41
218 41
201 9
509 38
200 41
102 41
45 41
299 41
445 41
278 41
154 41
351 41
394 37
50 41
53 41
529 41
16 34
191 34
324 41
470 41
466 41
14 41
220 41
182 34
345 41
398 41
436 41
20 41
209 41
231 41
387 41
0 41
176 34
245 41
277 41
368 41
408 41
111 41
369 41
22 41
274 41
523 41
119 41
180 41
153 41
339 41
268 41
167 41
243 41
500 41
36 41
316 41
271 41
477 41
483 9
432 41
65 41
296 41
95 41
105 41
183 9
349 41
467 41
57 41
295 41
291 41
463 41
160 41
441 41
151 34
472 41
155 41
236 41
378 9
207 34
138 41
76 41
139 8
17 41
42 41
152 41
159 34
55 41
309 41
462 41
162 34
410 34
400 41
366 41
71 41
142 41
327 41
99 41
262 41
419 41
58 37
384 41
334 41
288 41
125 41
386 41
145 41
164 41
121 34
89 41
312 41
136 41
81 41
289 41
442 41
190 41
532 41
482 41
336 9
143 41
431 37
181 34
364 37
56 34
380 37
256 37
544 34
294 38
393 37
128 37
498 37
168 37
534 38
421 37
150 38
313 9
60 9
208 37
260 37
64 37
194 37
91 34
414 38
422 38
555 38
4 37
392 37
284 38
281 38
106 37
439 38
423 38
554 37
342 37
259 38
402 37
528 37
94 24
321 37
32 37
78 37
314 38
514 37
455 37
165 38
92 37
238 37
332 37
491 37
137 37
49 38
425 37
297 34
435 37
169 37
308 9
354 34
346 34
134 38
541 37
552 37
205 34
8 37
407 37
28 9
3 37
80 37
174 34
283 37
322 34
175 37
300 9
298 38
464 37
507 9
115 38
330 37
505 38
237 37
70 38
47 38
124 37
232 37
304 34
146 34
337 37
37 37
343 38
129 37
556 37
459 37
173 37
548 38
418 37
66 37
252 37
428 37
1 34
303 9
454 37
48 37
429 37
301 37
88 37
257 38
518 38
494 37
195 38
43 37
75 34
326 9
133 37
156 37
101 37
521 37
223 38
280 37
15 37
446 34
501 37
372 37
54 37
382 9
333 37
31 38
38 37
527 38
19 37
251 38
413 37
215 37
476 38
512 37
225 34
186 34
216 38
433 37
219 34
375 34
311 37
448 38
526 9
371 37
415 37
84 37
244 34
255 37
317 37
373 37
206 38
525 37
267 37
90 37
12 38
533 34
416 37
127 41
287 25
41 37
449 37
247 38
302 37
353 34
383 37
85 37
79 34
5 38
471 34
212 9
374 37
511 38
360 34
443 37
171 34
370 37
328 38
340 38
381 9
490 37
434 37
437 37
242 37
474 34
385 37
452 37
166 34
188 37
141 38
254 37
440 37
97 34
539 34
213 34
451 34
497 37
189 9
551 38
388 34
26 37
198 38
320 37
148 37
241 34
202 37
438 34
338 38
86 38
361 37
325 9
261 37
530 37
427 37
412 37
192 37
546 34
391 38
100 34
135 38
457 37
61 38
6 38
401 37
286 38
104 37
21 34
113 37
538 38
30 9
341 34
315 38
426 37
469 37
377 37
193 37
51 38
480 34
306 37
403 9
430 9
103 37
35 38
417 34
517 38
347 37
117 37
246 34
214 37
282 33
87 37
456 38
397 37
39 34
185 34
224 34
376 9
493 38
109 9
77 34
116 37
488 37
120 37
481 37
545 34
187 9
420 37
406 38
553 37
269 37
221 37
453 37
444 9
350 9
285 38
513 38
227 37
147 37
363 34
358 37
74 34
178 37
234 37
149 38
27 37
486 34
240 38
170 34
389 37
379 34
226 37
130 34
52 38
161 38
23 37
44 37
249 38
365 37
357 38
179 38
329 37
118 38
46 38
25 37
549 37
276 38
211 37
run time cost of algorithm DRT_AG is 0.004536seconds
