5036400 120 21
296 25
120 25
143 25
99 25
95 25
256 25
165 25
2 25
368 25
46 25
231 25
323 25
307 25
136 34
279 25
223 25
406 25
65 25
50 34
314 25
159 25
171 25
64 9
239 25
23 25
194 25
43 25
295 25
402 25
365 34
83 25
84 25
320 9
324 9
206 25
134 25
233 34
141 25
37 25
40 25
93 9
164 41
6 25
390 25
361 25
61 25
325 25
196 25
310 25
358 25
327 25
109 25
20 25
116 25
29 25
191 25
273 25
155 25
299 25
9 25
237 9
73 25
45 25
278 41
189 25
261 25
25 25
300 9
55 25
232 25
274 25
242 9
289 25
302 25
248 25
412 25
26 25
399 41
334 25
57 25
414 25
304 34
319 25
198 25
153 25
408 25
375 25
174 9
405 25
221 25
11 34
378 25
393 34
384 25
75 41
147 41
370 41
353 41
185 41
245 41
219 41
275 41
226 41
277 41
162 41
82 38
142 41
34 41
349 41
294 41
341 41
367 41
283 41
85 9
246 41
224 41
63 41
235 41
187 41
44 41
383 41
135 41
387 41
160 41
352 41
241 34
230 41
252 41
15 9
337 9
180 41
56 41
381 41
131 41
14 37
290 41
380 34
179 41
214 41
103 41
394 41
48 41
60 41
309 41
287 41
395 41
69 41
249 34
347 41
167 41
130 41
204 41
22 41
311 34
377 41
90 41
208 41
8 41
166 41
328 41
47 41
369 41
254 41
119 41
313 41
52 41
1 9
201 41
140 41
81 41
36 41
108 41
280 41
51 41
362 41
178 34
161 41
98 41
112 41
333 41
308 41
404 41
392 41
183 41
172 41
32 41
190 41
96 41
250 9
330 41
411 41
366 41
284 9
19 41
222 41
409 41
207 41
312 41
269 9
354 41
53 41
88 9
373 41
339 41
202 41
115 41
350 41
197 41
315 41
298 41
343 41
415 41
79 41
33 37
42 41
74 41
58 41
145 41
150 9
106 38
7 38
169 41
371 41
385 41
372 41
236 41
16 41
215 41
229 41
102 41
326 41
209 34
12 41
360 41
192 41
41 37
4 41
272 41
268 9
253 9
200 34
212 41
67 37
259 41
66 41
38 41
80 41
257 41
72 41
132 41
213 41
118 37
59 41
76 41
338 34
176 9
336 41
92 41
188 41
364 34
122 34
357 41
400 41
210 41
193 37
156 41
94 41
149 41
28 41
181 41
89 41
5 41
356 9
401 41
397 41
157 41
359 41
129 34
243 34
363 9
251 41
199 38
266 41
0 41
216 41
205 41
24 41
247 41
332 41
107 41
78 9
329 41
101 41
276 41
413 41
225 41
91 41
305 37
303 41
144 34
30 41
228 41
13 37
263 41
138 9
217 38
270 41
128 41
264 34
293 41
105 37
170 41
126 41
113 41
342 41
133 41
218 41
410 9
151 37
344 41
10 34
292 41
62 41
203 41
396 9
211 41
168 41
139 25
146 38
39 41
265 41
345 41
322 38
104 37
158 38
49 38
355 38
186 37
316 37
288 38
148 37
244 38
173 37
240 37
86 37
291 37
321 38
70 9
17 37
234 37
271 37
306 38
111 37
391 37
21 37
71 38
317 38
238 38
123 34
121 37
286 37
3 38
35 37
297 38
407 38
255 37
267 37
97 37
258 37
382 34
163 38
220 34
403 38
114 37
100 37
318 37
125 34
346 38
117 9
376 37
282 38
175 37
262 34
182 37
285 38
154 37
386 37
195 34
398 38
331 37
177 38
340 34
137 37
77 37
388 38
348 37
301 37
351 37
379 37
184 34
68 38
124 34
31 38
152 37
18 37
374 37
54 37
335 37
127 37
260 37
389 37
281 34
227 37
27 37
110 38
87 34
run time cost of algorithm DRT_AG is 0.002085seconds
