1696800 170 41
362 25
268 25
303 25
27 9
97 25
186 25
328 25
127 25
381 25
72 25
149 9
10 25
89 25
90 25
371 25
309 25
246 25
131 25
185 25
136 25
261 25
2 25
119 9
273 25
200 25
25 25
162 25
120 25
266 25
158 25
95 25
117 25
165 25
85 25
363 25
360 25
341 9
194 25
125 25
39 25
364 25
47 25
66 25
262 25
101 25
140 25
14 25
299 25
277 25
346 25
169 25
70 25
62 25
6 25
305 25
40 25
94 25
29 25
199 25
21 41
335 25
321 25
113 9
247 25
229 25
313 41
92 25
159 6
93 25
289 34
168 9
312 25
314 25
123 34
213 25
255 25
103 25
379 34
18 9
329 25
184 41
284 41
259 25
361 25
233 25
122 9
155 25
177 25
12 25
344 41
195 25
306 25
79 25
375 25
163 41
301 25
22 25
33 9
357 41
327 25
293 25
15 25
193 25
124 25
96 9
34 25
32 41
148 9
281 25
106 25
88 41
183 25
275 9
252 25
356 41
4 25
84 34
390 25
276 25
197 25
192 9
345 25
348 25
387 25
65 25
232 9
167 9
231 25
382 25
378 9
134 41
133 41
278 25
358 25
330 41
137 25
282 25
349 9
272 41
380 25
292 25
151 41
227 25
279 25
359 25
61 25
5 25
203 25
166 25
264 34
296 25
45 41
68 25
150 25
368 25
198 25
147 34
287 41
53 6
146 25
217 41
191 25
298 25
271 41
241 25
46 41
48 25
23 41
99 25
209 41
91 34
333 25
226 9
129 25
107 25
214 25
44 9
354 41
215 41
75 25
373 34
86 25
304 34
172 41
16 41
224 25
110 25
223 25
319 37
285 41
41 25
377 34
189 25
190 25
367 25
254 41
154 41
116 25
238 34
269 25
24 34
310 41
320 25
50 25
245 25
20 25
336 25
207 41
80 25
249 25
355 25
258 9
60 25
13 37
59 6
161 25
216 25
37 25
76 25
337 25
220 25
57 34
9 34
260 41
206 41
141 25
102 34
307 41
376 25
308 25
242 41
326 41
109 25
202 25
274 25
160 9
393 41
108 25
392 41
30 25
323 25
144 25
230 41
31 25
111 25
208 25
8 25
52 41
290 34
67 25
350 25
83 34
384 25
365 25
114 41
1 41
228 41
11 25
294 25
267 41
300 25
253 41
338 41
331 41
42 41
104 25
204 25
175 25
138 41
143 25
19 25
182 41
28 25
181 41
73 34
35 25
370 41
353 41
87 25
388 25
128 9
297 25
240 25
343 25
302 37
325 25
265 37
176 25
105 34
352 41
171 25
7 25
369 38
54 41
98 9
121 41
332 37
132 9
244 25
295 25
342 41
391 25
237 25
324 41
145 25
49 25
152 25
130 25
243 25
347 25
82 25
256 41
100 25
291 41
170 25
112 9
174 37
317 25
318 41
188 25
322 41
366 41
236 25
205 41
383 8
340 41
71 25
153 25
283 41
372 41
196 6
263 34
118 41
257 9
311 41
212 25
251 25
250 41
43 25
385 25
78 25
3 25
142 25
239 25
139 41
74 41
173 25
248 34
26 37
156 25
0 25
351 25
115 41
51 25
135 34
386 41
77 41
218 25
211 25
270 25
334 25
235 25
81 25
286 25
221 25
374 41
187 41
210 25
316 25
64 25
63 25
234 25
389 34
126 25
288 34
222 41
38 25
164 25
178 25
219 25
17 41
201 25
69 41
180 25
179 25
280 25
36 34
339 34
157 41
55 25
225 25
56 41
58 41
315 25
run time cost of algorithm DRT_AG is 0.002206seconds
