1519700 97 15
444 48
775 48
491 48
684 48
204 48
230 48
589 48
50 48
523 48
229 48
148 34
295 48
331 48
821 48
361 34
729 48
169 34
568 48
699 48
19 48
439 48
232 48
613 48
713 48
784 48
205 48
26 48
679 34
641 48
351 48
855 48
226 48
602 48
822 48
435 48
546 48
736 48
298 48
567 48
174 48
38 48
275 48
541 34
273 48
119 48
509 48
517 48
852 48
233 48
750 48
824 48
81 48
719 48
363 48
391 48
218 48
615 48
29 48
96 48
426 48
60 48
338 48
288 48
532 34
789 34
533 48
480 48
742 48
743 34
623 48
595 48
227 48
277 48
243 48
39 48
40 48
466 48
600 48
745 48
601 48
269 48
701 48
599 34
732 34
120 48
172 48
551 48
122 48
8 48
417 48
247 48
389 48
807 48
141 48
558 48
95 48
489 48
318 48
591 48
566 48
170 48
401 48
91 48
415 48
254 48
262 48
516 48
796 48
436 48
579 34
272 48
75 48
819 48
463 34
397 48
360 48
492 48
795 48
472 48
801 48
493 48
502 48
303 48
659 48
210 48
279 48
859 48
464 48
281 48
198 48
477 48
194 48
642 48
739 48
476 48
286 48
261 34
57 48
371 48
681 48
741 48
367 48
256 48
522 48
813 48
446 48
186 48
118 48
467 48
598 48
576 48
756 48
413 48
430 48
393 48
648 48
156 48
34 48
242 48
251 48
308 34
201 48
202 48
830 48
153 48
629 48
166 48
85 48
689 48
577 48
663 48
72 48
13 48
173 48
290 48
495 48
487 48
70 48
337 48
291 48
180 48
674 48
33 48
377 48
857 48
687 48
341 48
590 48
238 48
447 48
353 48
104 48
611 48
1 48
671 48
177 48
722 48
215 48
471 48
248 48
9 48
513 48
23 48
850 48
280 48
350 48
129 48
402 48
333 34
578 34
549 34
245 48
647 48
829 48
307 48
257 48
90 34
239 48
84 48
106 48
209 48
697 48
64 48
840 48
127 48
704 48
147 48
154 48
614 48
163 48
626 48
458 48
116 48
191 48
842 48
421 48
319 48
276 48
386 48
705 48
43 48
777 48
518 48
346 48
655 48
682 48
714 48
656 48
199 48
848 48
806 48
530 48
644 48
639 48
438 48
790 48
586 34
808 48
581 48
342 48
196 48
511 48
664 48
71 48
328 48
299 48
781 48
300 48
321 48
49 48
150 48
826 48
274 48
348 48
152 48
449 48
424 48
235 48
236 48
550 48
109 48
168 48
344 48
86 48
628 48
409 48
258 48
6 48
635 48
478 48
620 48
786 48
332 48
249 48
207 48
369 48
296 48
486 48
132 48
16 48
462 0
606 48
378 48
588 48
706 48
666 48
832 0
385 48
355 48
317 48
753 48
452 48
268 48
691 48
140 48
529 48
752 48
47 48
557 34
531 48
812 34
454 0
373 48
580 48
364 48
654 48
836 48
610 48
411 48
853 34
630 0
672 48
716 48
124 48
634 34
101 48
709 48
352 48
217 48
219 48
841 48
802 34
441 48
712 48
422 34
646 48
151 48
410 48
427 48
708 34
670 48
58 48
240 48
596 34
797 48
725 48
292 48
244 0
715 34
390 48
192 48
710 48
506 48
757 48
440 34
505 48
605 48
504 48
76 48
195 48
115 48
41 34
88 48
306 48
782 34
720 48
265 48
643 48
155 48
56 34
220 48
555 48
315 48
108 48
652 48
25 48
304 48
619 48
267 48
552 48
343 48
815 48
231 48
846 48
87 34
12 48
203 48
55 48
499 48
791 48
134 34
481 48
404 48
776 48
632 48
448 48
327 48
271 48
282 0
442 48
640 48
544 48
428 48
838 48
128 48
459 48
453 48
657 34
835 48
30 48
761 48
860 48
548 48
237 48
142 48
44 48
510 48
678 48
66 48
737 48
839 0
216 48
359 34
224 48
434 48
228 48
858 48
77 48
59 48
764 48
103 48
727 48
405 48
5 48
78 48
264 48
266 48
603 48
329 34
573 48
18 48
399 48
779 48
637 48
414 48
617 48
574 0
769 48
772 48
542 48
773 48
222 34
178 34
693 34
792 48
470 48
407 48
669 48
688 48
182 48
768 0
734 48
312 48
711 34
497 48
594 48
67 48
130 48
565 34
653 48
673 48
553 48
137 48
455 48
345 48
181 48
347 48
755 48
420 48
183 48
593 48
185 48
724 48
161 48
794 48
400 48
211 48
683 48
419 48
735 48
302 48
767 34
380 48
828 48
778 48
665 48
660 48
107 48
783 48
556 48
52 48
820 48
113 34
433 0
284 48
482 0
158 48
651 48
624 48
362 48
225 48
460 48
21 0
847 48
698 48
139 48
35 48
37 48
803 48
621 48
32 48
45 0
340 48
856 48
396 0
270 48
658 48
604 48
73 34
793 48
540 34
765 0
763 48
560 48
592 48
545 48
51 48
680 48
316 0
22 48
314 48
817 48
79 48
121 48
805 48
519 48
65 0
187 48
507 48
754 48
751 48
636 48
564 48
383 0
456 48
443 48
93 48
437 48
833 48
379 48
608 48
571 48
539 48
535 48
429 0
662 48
731 48
718 48
208 48
406 0
488 48
798 48
500 48
675 48
61 48
62 34
326 0
563 48
0 48
167 48
190 48
382 34
785 48
68 0
800 48
313 48
370 48
818 48
473 48
827 48
253 48
98 48
175 48
702 48
246 48
293 0
650 48
27 48
612 48
320 48
746 48
584 34
149 48
7 0
375 48
649 48
597 48
259 48
851 48
221 48
24 48
213 48
423 48
48 48
747 0
854 48
799 48
358 48
143 48
135 48
374 48
431 48
206 48
193 48
184 48
297 48
144 48
837 0
515 48
690 48
844 48
97 48
457 34
525 48
102 48
105 34
335 48
809 48
339 48
365 48
726 48
703 34
117 34
554 48
408 34
123 48
814 48
387 48
412 48
816 48
384 48
723 48
645 34
744 48
11 48
136 48
4 48
748 48
692 48
609 34
749 48
305 48
53 48
512 48
323 48
537 48
394 48
543 48
461 48
125 48
762 34
469 48
145 48
843 48
324 48
92 48
309 48
804 48
138 48
622 48
82 0
74 48
330 48
575 48
349 48
810 48
372 48
496 0
165 48
625 0
787 48
403 48
234 48
661 48
445 48
418 48
223 48
36 48
114 48
200 48
534 48
368 34
823 48
766 34
759 48
2 48
834 48
831 48
562 48
425 48
17 48
572 48
357 48
695 48
780 34
538 48
633 48
677 48
771 48
179 48
283 0
616 0
100 48
3 0
730 48
15 48
356 0
432 48
738 48
733 48
94 48
133 0
536 0
325 48
585 48
811 0
42 48
126 48
311 48
89 48
241 48
20 48
676 48
526 48
717 48
63 48
162 48
388 48
69 48
287 48
570 34
336 0
366 0
607 48
289 48
160 48
849 48
294 48
760 48
825 48
46 48
485 0
685 48
559 48
774 48
395 48
250 48
381 34
54 0
520 48
668 48
197 0
845 48
503 0
627 48
484 48
80 48
255 48
479 48
696 48
111 0
631 48
569 48
721 0
322 48
263 48
164 48
278 48
310 48
146 48
524 48
667 48
514 48
638 0
498 48
214 0
212 48
583 48
252 48
483 48
83 48
728 48
788 48
176 48
770 48
694 0
465 48
31 48
110 48
112 48
188 48
260 34
450 48
561 48
700 48
618 34
189 48
547 48
398 48
468 0
474 48
475 48
376 34
354 48
528 48
14 48
131 48
171 0
490 48
494 48
285 48
501 48
508 48
758 48
159 48
521 48
416 48
527 48
686 0
99 48
451 0
28 48
707 0
392 48
582 48
740 48
334 48
10 48
587 0
301 48
157 48
861 48
run time cost of algorithm DRT_BD is 0.448407seconds
