2736000 117 63
463 33
230 33
233 33
698 33
479 33
703 33
733 33
138 34
131 33
587 33
767 33
219 33
557 33
13 33
539 34
404 33
380 33
47 33
842 33
499 33
493 33
31 10
399 33
23 34
199 33
693 10
26 33
491 33
868 34
239 33
674 33
441 10
879 33
712 34
862 33
861 34
713 33
722 34
164 34
621 33
619 33
157 33
604 33
143 33
44 33
590 33
8 33
17 33
318 33
486 33
104 33
407 33
94 33
550 33
800 33
69 33
524 33
370 33
330 33
588 33
749 33
456 33
289 33
378 34
471 33
438 33
156 33
212 10
321 33
584 33
160 34
766 10
535 33
324 33
405 33
202 33
162 33
326 33
234 33
802 33
49 33
633 33
82 34
33 33
710 34
655 33
669 33
403 33
93 33
787 33
553 34
597 33
276 33
452 33
740 33
673 34
30 33
177 33
519 33
799 33
266 34
339 33
637 33
568 33
124 33
220 33
569 33
213 33
495 10
54 33
228 33
163 33
207 33
73 34
555 33
677 33
206 34
417 33
55 33
329 33
881 33
433 33
382 10
335 33
191 33
753 34
126 33
518 34
372 33
552 33
470 34
402 33
146 34
796 34
841 33
21 33
414 33
59 33
818 33
685 33
66 34
599 33
525 33
589 33
364 10
541 33
201 33
543 33
840 33
697 33
192 33
81 33
290 33
3 33
751 33
616 33
836 33
5 33
95 10
255 34
346 33
425 33
576 33
640 33
338 33
392 10
573 33
424 33
422 34
45 33
816 10
298 34
574 33
645 33
683 33
409 33
603 34
580 33
586 33
498 33
253 33
51 33
705 34
132 33
356 10
544 33
695 34
844 33
235 34
394 33
728 33
612 33
6 34
130 33
483 33
352 34
878 33
87 33
735 33
478 33
375 34
183 33
258 33
1 33
690 33
229 34
362 33
602 34
208 34
814 33
224 34
859 33
477 33
737 33
108 34
719 33
167 33
595 33
419 33
367 33
418 34
317 33
890 34
115 33
768 34
4 34
482 33
227 33
888 33
110 33
485 10
596 33
107 33
102 33
197 33
783 34
558 34
237 33
293 34
469 33
870 33
158 33
805 33
492 34
812 33
270 34
268 34
522 33
171 34
509 34
435 33
423 33
643 34
449 33
254 10
56 33
123 34
763 33
176 33
223 33
520 33
647 34
714 34
515 34
638 33
822 33
218 34
857 33
311 33
575 33
689 33
70 33
668 33
410 34
336 33
103 33
300 33
74 33
625 33
809 10
886 33
236 34
785 33
283 33
15 33
86 33
617 33
286 33
618 34
459 34
92 33
704 33
620 34
675 33
466 34
671 34
145 33
100 34
692 34
601 33
724 34
810 33
720 33
779 33
570 34
487 33
273 33
307 34
865 34
180 34
136 33
864 34
769 33
386 34
827 33
830 33
517 34
686 33
760 34
121 33
758 33
447 34
437 33
436 33
200 10
10 34
12 33
232 34
774 33
739 33
884 33
872 33
25 10
490 34
106 34
701 33
445 33
184 33
667 34
664 33
497 33
854 33
561 34
734 34
248 34
501 33
98 33
729 34
249 34
52 10
790 33
257 34
155 33
793 10
819 33
803 34
159 34
717 33
365 33
277 33
359 34
216 33
634 33
679 33
271 33
358 34
67 33
691 34
134 10
11 33
265 33
464 33
312 34
644 33
173 33
89 33
833 34
194 33
708 33
189 33
458 33
50 34
839 33
775 33
506 33
738 34
489 33
303 33
142 37
781 34
858 33
38 34
496 33
144 34
662 10
600 33
396 33
341 34
304 33
572 33
344 33
149 33
786 34
16 37
706 37
256 34
592 33
825 34
267 33
78 34
742 33
622 33
412 34
887 33
462 34
533 34
117 34
315 33
723 34
217 33
416 34
488 33
513 34
371 33
347 33
560 34
426 34
562 33
316 33
610 34
291 33
467 34
281 33
275 34
639 33
659 33
891 33
222 34
214 34
210 34
687 34
185 33
725 34
443 34
152 33
736 34
128 33
761 33
791 33
225 34
446 33
113 33
374 34
453 33
454 33
889 33
534 10
14 33
756 34
542 33
546 33
642 33
789 33
746 10
606 33
876 34
875 33
140 33
554 34
342 34
57 33
678 33
851 33
676 33
36 34
860 34
238 33
116 10
34 33
190 34
626 34
885 10
598 33
755 34
247 33
101 34
41 33
354 34
527 33
99 8
510 34
88 10
395 33
505 33
607 33
58 33
154 8
388 33
27 33
251 34
654 33
79 34
351 33
743 34
337 33
718 34
297 33
646 37
748 34
630 33
577 34
699 34
583 34
381 34
313 33
442 10
850 33
593 33
594 33
280 33
773 33
531 34
529 34
29 33
306 33
451 34
282 37
614 33
461 10
369 33
292 33
440 33
651 33
18 34
111 10
120 34
24 33
780 33
663 10
866 37
35 33
411 34
379 33
42 33
512 33
129 33
578 34
96 34
794 33
745 34
53 33
709 33
169 37
721 34
832 34
349 37
564 33
61 34
730 34
122 33
682 33
148 34
340 34
2 34
147 37
450 33
727 33
828 37
817 34
166 34
72 33
168 33
798 34
366 34
765 37
260 34
252 33
353 34
363 34
700 10
22 34
43 33
874 37
660 34
694 33
867 33
198 33
211 33
221 34
754 33
428 34
538 33
845 34
516 33
40 33
420 37
427 8
540 33
853 33
241 34
226 33
732 34
585 34
125 10
526 33
195 10
400 33
383 8
118 33
84 33
772 33
327 34
764 33
731 34
393 10
269 34
288 37
460 34
565 34
563 37
175 33
0 33
715 33
320 33
139 34
278 34
319 33
215 37
137 37
629 33
133 34
681 37
750 33
472 33
752 34
308 10
776 34
244 37
474 33
263 37
296 33
852 10
480 33
259 33
39 33
261 33
186 33
609 34
641 33
649 33
650 37
182 33
387 34
653 33
847 37
193 34
716 33
657 34
46 33
250 33
334 34
821 37
188 34
883 34
161 33
153 34
502 34
345 33
28 34
551 34
670 33
547 37
863 33
32 33
536 33
771 33
635 33
109 33
632 33
105 10
680 33
429 33
511 34
287 33
615 33
869 10
434 34
19 34
792 34
343 34
665 37
83 37
807 33
196 37
475 33
170 10
846 33
295 33
848 34
608 34
37 34
279 33
242 34
624 33
880 34
285 33
408 33
707 33
835 33
829 34
826 33
711 33
824 34
174 37
172 34
661 34
64 34
68 33
801 33
507 33
97 33
784 33
284 34
368 34
528 33
762 33
726 34
759 34
537 34
231 33
545 33
548 34
310 34
135 34
141 33
757 33
804 34
457 33
76 37
684 33
385 34
808 33
314 33
688 34
882 37
187 34
579 33
747 34
591 33
246 33
877 33
666 34
151 33
503 34
627 34
811 34
204 34
702 34
636 33
264 34
813 33
90 33
567 33
532 33
696 34
203 34
63 10
243 33
181 37
112 33
514 33
240 33
397 33
325 33
302 33
376 34
391 34
831 34
778 34
322 10
377 33
797 34
782 34
415 34
823 8
571 37
581 34
613 33
421 33
299 37
119 33
815 34
361 33
628 33
504 34
500 33
355 33
556 34
432 10
20 33
439 34
331 33
150 8
444 8
837 33
348 34
849 34
301 33
80 33
75 33
9 10
85 33
71 34
350 33
741 34
623 33
559 33
309 33
788 10
360 34
820 33
508 34
272 33
262 33
294 34
389 33
481 34
648 33
390 33
843 34
401 34
838 33
494 34
806 34
834 10
179 34
448 33
770 33
455 33
7 33
795 34
672 34
209 34
777 10
523 34
484 33
656 34
77 34
652 8
205 33
413 34
323 34
465 33
357 34
328 33
855 34
91 37
582 34
530 34
165 33
476 33
333 33
566 33
611 34
62 33
473 37
274 37
631 33
856 33
178 34
430 34
871 33
468 8
873 34
431 8
127 33
60 34
332 33
114 37
521 33
65 33
549 33
744 34
384 33
605 34
406 34
245 33
658 34
48 33
373 33
398 34
305 34
run time cost of algorithm DRT_BD is 0.520043seconds
