1023000 97 14
0 15
179 15
174 15
124 15
22 15
48 15
45 15
85 15
177 15
157 15
13 15
55 15
129 15
27 15
90 15
93 15
60 15
25 15
142 15
28 15
139 15
21 15
41 15
75 15
61 34
10 15
160 15
38 15
56 34
180 15
149 15
29 15
62 34
9 15
2 15
151 15
12 15
148 15
102 15
166 15
190 15
97 15
14 15
104 15
169 34
35 34
33 15
91 15
109 15
119 15
123 15
194 15
86 15
152 15
1 15
30 15
165 15
66 15
53 15
76 15
58 15
147 15
34 34
49 15
99 15
79 15
176 15
73 15
80 15
158 34
47 15
17 15
83 15
125 15
144 15
171 15
42 15
78 15
44 15
188 15
122 15
84 15
50 15
3 15
164 15
146 15
170 15
6 15
105 15
95 15
193 15
69 15
5 15
18 15
98 15
156 15
115 0
184 0
141 15
189 15
11 15
182 15
37 0
89 15
65 15
137 0
127 0
187 0
163 0
15 0
130 0
92 0
71 0
100 15
114 0
186 0
57 0
113 15
121 0
74 15
20 15
4 15
64 15
183 0
143 15
126 0
167 15
133 15
112 15
19 15
175 0
185 15
77 15
192 15
68 15
26 15
138 0
87 0
54 0
154 0
51 0
72 15
39 0
67 15
134 0
94 15
82 15
136 0
181 0
32 0
7 0
16 15
70 0
96 15
52 0
155 15
132 0
131 0
63 15
46 0
117 0
191 15
159 0
178 34
161 15
116 15
107 0
173 0
81 15
145 15
40 15
108 0
135 0
101 15
23 0
172 0
118 15
168 15
59 15
153 0
111 0
103 15
43 15
120 0
110 15
106 0
8 15
36 15
128 0
162 15
24 15
88 0
140 15
150 15
31 0
run time cost of algorithm DRT_BD is 0.021733seconds
