992800 109 68
0 34
1 34
2 0
3 34
4 34
5 34
6 34
7 34
8 34
9 34
10 34
11 34
12 34
13 34
14 34
15 34
16 34
17 34
18 34
19 0
20 34
21 34
22 34
23 34
24 34
25 34
26 34
27 34
28 34
29 34
30 0
31 34
32 34
33 34
34 34
35 34
36 34
37 34
38 34
39 34
40 34
41 34
42 34
43 34
44 34
45 34
46 34
47 34
48 34
49 34
50 34
51 34
52 34
53 34
54 34
55 34
56 34
57 34
58 34
59 34
60 34
61 34
62 34
63 34
64 34
65 34
66 34
67 24
68 34
69 34
70 34
71 34
72 34
73 34
74 34
75 34
76 34
77 0
78 34
79 34
80 0
81 0
82 34
83 34
84 34
85 34
86 34
87 34
88 24
89 34
90 34
91 24
92 34
93 34
94 24
95 34
96 34
97 34
98 34
99 34
100 34
101 34
102 34
103 34
104 34
run time cost of algorithm SM_CTP is 0.023629seconds
