579400 97 14
35 10
308 10
180 10
345 10
111 10
14 10
283 10
74 10
147 10
167 10
234 10
259 10
181 10
240 10
192 10
267 10
332 10
96 10
135 10
28 34
83 10
252 10
125 10
254 10
316 10
310 10
184 10
229 10
164 10
122 10
220 10
222 10
216 10
13 10
293 10
319 10
177 10
71 10
209 10
202 10
323 10
340 10
256 34
12 10
132 10
334 34
174 10
81 10
66 10
44 10
17 10
327 10
215 10
294 10
198 10
331 10
173 10
324 10
137 10
295 10
5 10
203 10
247 10
206 10
45 10
172 10
287 10
291 10
162 10
68 10
2 10
155 10
104 10
116 10
41 10
241 10
238 10
302 10
342 10
176 10
336 10
271 10
353 10
347 10
261 10
163 10
193 10
31 10
318 10
85 34
86 10
218 10
227 10
307 10
299 10
320 10
11 10
236 10
210 10
249 10
145 10
109 10
175 10
338 10
26 10
328 10
344 10
79 10
38 10
251 10
6 10
325 10
305 10
182 10
56 34
51 10
52 10
69 34
208 10
341 10
126 10
188 10
16 10
276 10
150 10
115 10
92 10
230 10
168 10
42 10
118 10
30 10
54 1
63 10
50 10
221 10
72 10
117 34
270 1
64 10
300 10
280 1
101 10
94 10
351 1
214 10
124 10
127 1
260 10
47 1
233 1
36 10
158 34
153 10
154 10
200 10
142 1
275 10
143 10
337 10
107 10
223 10
207 10
75 1
285 10
40 10
306 10
197 10
108 10
301 10
298 10
43 34
84 10
219 10
21 10
128 10
49 10
292 10
165 10
7 10
321 10
136 10
171 34
248 34
228 10
37 1
262 34
91 10
326 1
87 34
296 34
269 1
134 10
58 34
78 10
151 1
141 10
148 1
330 10
213 10
34 10
303 10
57 1
204 10
243 10
244 10
93 10
335 10
53 10
354 10
201 10
131 1
289 10
266 10
224 10
195 10
8 10
189 10
343 10
179 10
80 10
348 10
211 1
277 10
110 1
22 10
212 10
103 10
149 10
183 10
166 1
312 10
25 10
123 10
4 10
315 10
281 10
1 10
186 10
288 1
290 1
24 10
61 10
157 10
152 1
140 10
65 10
217 10
62 10
245 10
82 1
39 34
257 10
160 10
88 34
99 10
33 10
322 10
3 1
239 10
286 34
76 10
114 10
273 10
282 10
138 10
196 10
129 10
18 10
339 1
19 34
258 34
225 10
112 10
48 10
329 10
144 10
32 10
106 10
139 10
156 34
121 10
15 1
309 10
130 1
314 10
235 1
284 10
46 1
255 10
265 10
278 10
274 1
272 10
246 10
190 1
297 10
97 10
199 10
263 10
349 10
113 10
0 10
311 10
237 10
226 10
27 10
231 10
95 10
90 1
98 10
9 10
77 10
120 1
70 10
279 10
169 10
146 10
55 10
67 1
242 34
350 10
29 1
102 1
133 10
187 10
89 10
60 10
250 1
159 10
333 1
119 10
10 1
59 10
264 10
304 1
205 10
352 1
253 34
100 1
23 1
268 34
73 10
317 10
20 10
194 10
105 1
185 1
161 34
346 10
191 1
313 10
178 1
232 1
170 10
run time cost of algorithm DRT_BD is 0.107935seconds
