1566400 120 44
87 25
1 25
305 25
127 25
221 25
37 25
356 25
216 25
42 25
46 25
254 25
86 25
326 25
57 25
324 25
150 25
155 9
160 34
250 25
19 25
132 25
246 25
278 25
235 25
6 25
238 25
38 25
27 25
128 25
177 25
114 9
289 25
226 25
41 25
268 25
73 9
36 25
340 25
89 25
331 25
63 25
234 25
59 41
353 25
196 25
171 25
307 9
179 25
142 34
20 25
180 25
131 25
229 25
91 25
249 25
310 25
292 25
188 25
173 25
280 41
301 41
43 41
53 34
153 25
103 25
303 25
183 25
359 34
125 41
106 25
192 25
32 41
206 25
18 25
300 25
135 25
259 25
342 25
82 25
275 41
94 25
115 41
349 41
83 25
350 25
355 25
166 25
34 41
358 25
26 25
200 25
9 25
220 25
222 41
363 25
96 41
95 25
304 41
219 25
215 25
294 25
354 25
205 25
168 25
338 25
308 9
80 25
29 25
224 25
100 25
62 41
230 25
295 25
107 25
248 25
162 9
84 25
242 34
17 41
193 25
120 25
236 25
271 25
261 25
22 34
327 25
241 25
197 25
50 25
291 25
255 25
344 34
251 25
145 9
274 25
187 34
337 25
33 25
198 9
199 41
16 9
159 25
51 9
140 25
266 41
148 25
161 25
290 25
265 25
66 41
8 25
306 25
104 25
110 25
163 25
116 25
299 41
195 41
194 41
239 34
184 25
75 25
35 41
272 9
334 25
345 25
314 25
361 25
218 25
157 25
339 25
257 25
164 25
23 25
170 25
71 41
297 25
65 25
277 25
264 25
24 25
237 34
286 25
67 25
296 25
282 25
228 25
232 25
321 41
10 41
208 25
244 25
276 25
169 34
322 25
13 25
335 25
328 25
118 34
64 41
126 25
45 41
40 25
88 41
154 9
360 41
260 41
54 25
30 25
178 9
68 25
329 25
332 25
325 25
336 25
124 25
341 25
137 25
44 25
210 25
74 25
330 25
4 25
253 25
98 25
109 25
149 41
93 34
319 9
213 25
231 25
69 25
181 25
141 25
298 34
99 41
123 25
207 25
273 25
14 41
138 41
186 25
240 25
25 25
151 25
287 34
49 25
175 25
134 25
347 25
101 41
174 25
172 25
311 25
56 41
58 41
143 41
15 25
185 41
189 25
130 9
191 25
209 41
92 25
121 25
269 25
102 25
320 25
227 25
122 25
90 25
258 9
72 25
333 41
61 25
281 25
252 34
146 25
156 9
31 25
243 25
176 9
11 41
5 25
0 25
302 41
108 25
129 25
79 25
348 25
60 9
283 41
285 9
165 34
47 25
190 25
317 25
12 25
182 34
316 25
2 25
279 25
147 25
152 25
119 25
3 25
117 41
21 25
112 25
97 25
343 25
48 25
318 25
52 25
223 9
55 41
144 25
351 25
312 25
39 25
245 34
323 25
133 25
139 25
309 25
113 25
256 34
202 25
201 25
293 41
167 25
263 9
267 25
362 25
364 25
203 37
111 25
105 25
81 41
76 41
217 25
352 25
225 25
233 25
28 25
7 41
136 34
211 25
212 25
85 34
346 25
78 25
77 25
70 25
315 25
313 41
262 25
288 25
158 9
204 41
214 25
357 25
247 25
270 9
284 25
run time cost of algorithm DRT_AG is 0.002438seconds
