1360400 120 46
96 25
115 25
131 34
3 25
141 25
180 25
189 41
209 25
274 25
283 25
311 25
22 25
330 41
249 25
66 25
182 25
124 25
53 25
129 25
358 25
228 25
168 25
171 41
205 25
248 34
252 25
294 25
181 25
59 25
38 34
187 25
185 9
65 25
216 34
268 25
186 25
279 25
9 9
190 25
184 25
196 34
295 25
332 25
305 25
243 34
210 41
17 25
263 41
46 25
336 25
139 41
227 25
12 25
92 25
359 25
321 25
318 9
354 25
163 25
11 25
28 25
255 25
6 25
8 25
261 25
220 25
192 25
291 25
314 25
149 25
240 25
207 25
343 25
323 25
237 25
106 25
101 25
328 25
33 9
259 41
260 25
254 34
41 9
316 25
118 25
108 41
346 25
0 25
88 25
208 25
215 25
71 25
229 25
231 25
234 25
164 41
236 25
247 25
347 25
273 25
286 25
188 25
137 9
109 25
7 25
77 25
241 25
35 25
162 25
351 25
15 25
233 25
112 9
355 25
327 25
1 25
197 25
117 25
100 25
319 25
23 9
290 25
27 25
176 25
157 9
125 25
306 34
24 34
54 25
335 25
152 25
265 34
103 25
69 25
111 41
56 25
266 25
30 25
344 25
91 25
320 25
222 25
288 25
230 34
113 25
167 25
270 25
122 34
296 34
89 25
64 25
107 25
361 25
258 25
251 25
213 25
45 25
60 25
337 25
97 25
262 25
31 25
50 25
130 25
303 25
13 25
138 25
348 41
235 25
148 25
352 25
276 25
142 41
76 9
173 25
302 25
309 25
121 25
81 25
73 25
246 9
345 25
102 25
52 25
292 25
310 25
183 9
116 25
62 25
226 25
61 25
191 25
105 25
133 25
153 25
239 25
166 25
174 25
177 25
2 25
357 25
281 41
269 25
42 25
277 41
272 25
90 25
86 41
212 9
94 25
245 25
123 9
20 25
225 25
18 25
264 9
75 25
179 25
353 25
195 25
238 25
48 25
127 25
82 25
202 41
170 25
16 25
172 25
169 25
317 25
110 25
161 25
333 25
10 25
338 25
26 25
293 25
158 25
282 25
206 34
363 25
322 25
326 25
80 25
114 34
25 25
99 25
95 25
356 25
204 25
44 25
143 41
68 34
74 25
256 41
57 25
4 34
350 25
150 41
349 34
84 25
342 25
83 25
298 41
134 41
156 25
135 41
87 25
193 25
199 25
221 25
224 25
128 25
200 25
58 25
40 25
37 9
98 41
104 25
49 25
145 9
79 25
165 25
36 25
151 41
203 25
341 25
242 25
219 25
43 25
300 25
301 41
325 25
72 25
19 25
271 25
70 25
214 34
5 34
194 9
159 25
47 41
155 25
297 25
223 25
313 25
29 25
14 25
362 25
140 25
244 34
267 25
32 25
280 25
55 25
339 25
175 25
232 25
132 34
119 25
360 41
257 9
63 34
126 9
178 25
78 41
34 34
146 25
198 25
334 25
211 9
154 25
218 37
39 25
67 25
278 25
315 25
312 25
136 25
285 25
299 41
275 25
304 25
51 25
331 41
21 25
160 25
120 41
147 25
289 25
93 25
287 25
144 25
201 25
85 9
253 25
340 25
217 25
307 25
329 41
324 25
250 25
308 34
284 25
run time cost of algorithm DRT_AG is 0.001499seconds
