1886600 161 51
416 9
164 9
175 9
354 34
1 9
277 9
43 9
170 9
296 9
145 9
292 9
281 9
168 9
246 9
245 9
380 9
35 34
213 9
305 9
413 9
261 9
182 9
0 9
143 9
30 9
285 9
389 9
154 9
295 9
58 9
207 9
177 9
217 9
103 9
39 6
313 9
97 9
225 9
60 9
219 9
221 9
79 34
392 9
228 9
343 9
283 9
331 9
259 6
274 9
124 9
382 9
223 9
352 34
152 9
64 9
45 9
337 9
376 9
290 9
62 9
159 9
408 9
71 6
25 9
191 9
94 9
297 9
147 9
2 9
148 9
50 6
227 9
10 9
205 9
240 9
121 9
8 9
33 9
400 9
232 9
291 9
55 9
415 9
52 9
272 6
320 9
367 9
24 9
293 9
69 6
417 9
351 9
345 9
253 9
95 9
368 9
353 9
310 6
333 9
229 9
208 9
76 9
332 9
341 9
169 9
114 9
122 9
244 9
377 34
196 9
107 9
51 9
360 6
215 9
184 9
336 9
242 9
260 6
131 9
364 9
319 6
284 9
29 6
288 9
230 9
190 9
115 9
269 9
287 34
56 9
307 9
299 9
93 9
263 9
86 6
405 9
112 9
34 6
106 9
365 9
134 9
91 9
48 9
311 9
78 9
237 6
335 9
14 9
146 9
210 34
113 9
3 9
49 9
47 9
366 9
406 9
250 9
27 6
23 9
280 9
323 9
96 34
409 6
21 9
388 34
81 6
278 6
344 9
243 9
279 9
316 9
38 9
108 9
138 6
384 9
180 9
401 9
300 9
149 9
306 6
57 9
200 9
72 9
398 9
270 9
385 9
257 9
185 9
80 6
12 9
111 9
370 9
92 9
275 9
241 9
328 9
340 6
130 6
387 9
308 9
222 9
65 9
302 6
188 9
186 6
362 34
410 6
220 9
13 6
9 6
258 9
271 9
120 9
193 9
44 9
346 6
314 9
249 6
40 9
195 9
137 9
338 6
167 9
234 9
238 9
378 34
256 6
22 9
110 9
109 6
298 9
156 9
73 6
198 9
133 9
181 9
359 9
403 9
358 6
82 9
123 34
132 9
166 9
348 10
135 9
282 6
303 9
315 9
404 9
294 9
301 9
329 6
264 6
418 9
54 10
224 9
70 6
383 9
189 9
179 9
318 9
361 6
214 9
53 9
312 9
396 6
187 9
150 34
393 9
66 9
151 9
7 9
252 9
118 9
74 9
356 6
412 9
141 10
160 9
414 34
163 9
194 9
204 9
126 9
254 10
339 9
155 9
373 9
369 9
116 9
157 9
371 9
381 9
104 9
199 9
144 9
140 6
330 9
136 6
158 6
420 9
248 9
173 9
129 9
37 6
218 6
117 9
153 9
90 9
61 9
286 6
172 9
394 9
262 9
419 9
98 9
162 34
407 9
84 9
32 6
374 9
255 9
63 6
211 9
347 9
100 9
77 6
390 9
75 9
203 6
16 6
88 34
6 9
161 6
334 9
209 9
309 6
139 9
395 9
105 9
233 9
327 6
67 9
41 6
89 9
26 34
304 9
178 9
127 6
266 9
119 34
349 9
19 6
236 6
102 9
128 6
31 9
342 9
267 9
85 9
397 9
101 9
183 9
87 9
28 9
5 6
265 6
276 6
372 9
216 9
202 9
273 9
251 6
18 9
46 6
239 9
197 6
11 9
375 6
363 6
324 9
325 6
59 9
247 6
68 9
192 6
326 9
201 6
355 6
317 9
391 9
268 10
289 9
174 9
322 6
226 9
36 6
386 9
206 6
321 9
350 9
165 6
42 6
4 6
235 6
15 9
357 9
379 9
17 9
176 9
399 9
402 6
142 6
83 9
171 9
411 34
231 9
20 9
99 9
212 9
125 9
run time cost of algorithm DRT_AG is 0.002417seconds
