2516800 109 68
0 34
1 34
2 34
3 34
4 34
5 34
6 34
7 34
8 34
9 34
10 34
11 34
12 34
13 34
14 34
15 34
16 0
17 34
18 34
19 34
20 34
21 0
22 34
23 34
24 0
25 0
26 34
27 34
28 34
29 34
30 34
31 34
32 0
33 34
34 34
35 34
36 34
37 34
38 34
39 34
40 34
41 34
42 34
43 34
44 34
45 34
46 34
47 34
48 34
49 34
50 34
51 34
52 34
53 34
54 34
55 34
56 34
57 34
58 34
59 41
60 34
61 34
62 34
63 34
64 34
65 34
66 34
67 34
68 34
69 0
70 34
71 34
72 34
73 34
74 34
75 34
76 34
77 34
78 34
79 34
80 34
81 34
82 34
83 34
84 34
85 34
86 34
87 34
88 0
89 34
90 34
91 34
92 41
93 34
94 0
95 34
96 34
97 34
98 34
99 34
100 34
101 34
102 34
103 34
104 34
105 0
106 34
107 34
108 34
109 34
110 34
111 34
112 34
113 34
114 41
115 34
116 34
117 34
118 34
119 34
120 34
121 34
122 34
123 34
124 34
125 34
126 34
127 34
128 34
129 34
130 34
131 34
132 34
133 41
134 34
135 34
136 34
137 34
138 34
139 0
140 0
141 34
142 34
143 34
144 34
145 34
146 34
147 34
148 34
149 41
150 34
151 34
152 34
153 34
154 34
155 0
156 34
157 41
158 34
159 34
160 34
161 34
162 34
163 41
164 34
165 34
166 34
167 41
168 34
169 34
170 34
171 34
172 34
173 0
174 34
175 34
176 34
177 34
178 34
179 34
180 41
181 34
182 34
183 34
184 34
185 34
186 34
187 34
188 34
189 34
190 41
191 34
192 34
193 34
194 34
195 34
196 34
197 34
198 34
199 0
200 41
201 34
202 34
203 34
204 34
205 34
206 34
207 34
208 34
209 0
210 34
211 41
212 34
213 34
214 34
215 34
216 0
217 41
218 34
219 34
220 41
221 34
222 34
223 34
224 41
225 34
226 34
227 34
228 34
229 34
230 34
231 34
232 34
233 34
234 34
235 41
236 34
237 41
238 34
239 34
240 34
241 34
242 34
243 34
244 34
245 34
246 34
247 34
248 34
249 34
250 34
251 34
252 34
253 34
254 41
255 34
256 34
257 41
258 34
259 0
260 41
261 34
262 34
263 34
264 34
265 34
266 34
267 34
268 34
269 34
270 34
271 34
272 0
273 34
274 34
275 34
276 34
277 41
278 34
279 34
280 34
281 34
282 34
283 34
284 34
285 34
286 34
287 34
288 34
289 34
290 34
291 34
292 34
293 34
294 41
295 34
296 34
297 34
298 41
299 34
300 34
301 34
302 34
303 34
304 41
305 34
306 34
307 41
308 34
309 34
310 0
311 41
312 34
313 34
314 34
315 34
316 34
317 34
318 34
319 34
320 34
321 41
322 34
323 34
324 34
325 8
326 41
327 34
328 0
329 34
330 0
331 34
332 34
333 41
334 0
335 34
336 34
337 34
338 34
339 34
340 34
341 0
342 34
343 34
344 34
345 41
346 8
347 41
348 0
349 34
350 34
351 41
352 34
353 34
354 34
355 34
356 34
357 34
358 34
359 34
360 34
361 41
362 34
363 34
364 34
365 34
366 34
367 34
368 34
369 34
370 34
371 34
372 41
373 41
374 34
375 34
376 34
377 41
378 41
379 34
380 1
381 41
382 34
383 34
384 34
385 41
386 34
387 41
388 34
389 34
390 34
391 34
392 0
393 41
394 34
395 34
396 41
397 8
398 34
399 34
400 34
401 34
402 34
403 34
404 34
405 34
406 0
407 34
408 34
409 34
410 34
411 41
412 34
413 34
414 41
415 34
416 34
417 34
418 34
419 34
420 34
421 34
422 41
423 34
424 0
425 41
426 34
427 34
428 34
429 0
430 34
431 41
432 8
433 34
434 34
435 34
436 34
437 34
438 34
439 34
440 34
441 41
442 34
443 34
444 34
445 0
446 34
447 34
448 0
449 0
450 34
451 34
452 0
453 34
454 0
455 34
456 41
457 34
458 34
459 8
460 34
461 41
462 41
463 34
464 34
465 34
466 34
467 34
468 41
469 8
470 34
471 34
472 41
473 34
474 34
475 34
476 34
477 41
478 34
479 41
480 34
481 34
482 34
483 34
484 34
485 34
486 34
487 34
488 0
489 34
490 34
491 41
492 34
493 0
494 34
495 34
496 41
497 41
498 8
499 34
500 34
501 34
502 41
503 41
504 34
505 0
506 34
507 34
508 34
509 34
510 34
511 0
512 0
513 0
514 34
515 41
516 8
517 41
518 41
519 41
520 8
521 41
522 34
523 0
524 41
525 34
526 34
527 41
528 34
529 34
530 34
531 34
532 41
533 41
534 41
535 34
536 41
537 34
538 41
539 34
540 34
541 41
542 34
543 34
544 34
545 34
546 34
547 34
548 34
549 34
550 41
551 41
552 34
553 41
554 0
555 0
556 41
557 34
558 34
559 34
560 34
561 34
562 41
563 34
564 34
565 34
566 8
567 34
568 34
569 34
570 34
571 34
572 34
573 8
574 34
575 41
576 34
577 34
578 34
579 41
580 34
581 34
582 34
583 41
584 34
585 34
586 34
587 34
588 34
589 34
590 34
591 34
592 34
593 41
594 34
595 34
596 34
597 34
598 34
599 34
600 41
601 41
602 34
603 34
604 0
605 34
606 34
607 41
608 41
609 34
610 34
611 41
612 41
613 34
614 34
615 34
616 34
617 41
618 34
619 34
620 0
621 34
622 34
623 34
624 41
625 41
626 0
627 34
628 34
629 34
630 34
631 8
632 34
633 41
634 41
635 41
636 34
637 34
638 41
639 34
640 0
641 34
642 41
643 34
644 34
645 34
646 34
647 41
648 41
649 34
650 34
651 34
652 34
653 34
654 41
655 34
656 34
657 34
658 34
659 34
660 41
661 34
662 41
663 34
664 41
665 34
666 41
667 34
668 34
669 34
670 34
671 41
672 34
673 34
674 34
675 34
676 34
677 34
678 34
679 34
680 41
681 41
682 34
683 41
684 34
685 41
686 34
687 34
688 34
689 41
690 34
691 34
692 41
693 34
694 34
695 8
696 34
697 34
698 0
699 34
700 34
701 34
702 34
703 0
704 41
705 8
706 34
707 41
708 41
709 34
710 41
711 41
712 41
713 34
714 34
715 34
716 41
717 41
718 34
719 34
720 34
721 34
722 34
723 34
724 34
725 34
726 34
727 8
728 34
729 34
730 41
731 41
732 34
733 41
734 34
735 41
736 34
737 34
738 34
739 34
740 34
741 34
742 34
743 0
744 34
745 34
746 34
747 8
748 34
749 8
750 34
751 41
752 41
753 34
754 41
755 34
756 34
757 41
758 41
759 34
760 41
761 41
762 0
763 34
764 34
765 0
766 34
767 41
768 34
769 34
770 34
771 34
772 34
773 34
774 0
775 34
776 34
777 34
778 41
779 34
780 34
781 34
782 34
783 34
784 34
785 41
786 34
787 41
788 34
789 41
790 41
791 34
792 34
793 34
794 41
795 41
796 34
797 8
798 34
799 41
800 41
801 34
802 34
803 34
804 41
805 24
806 41
807 34
808 34
809 34
810 34
811 41
812 8
813 41
814 34
815 41
816 8
817 34
818 41
819 41
820 34
821 41
822 0
823 41
824 41
825 41
826 41
827 41
828 41
829 41
830 41
831 34
832 41
833 41
834 41
run time cost of algorithm SM_CTP is 2.33659seconds
