868200 97 15
398 6
176 6
7 6
95 6
79 6
438 6
211 6
225 6
233 6
237 6
469 6
33 6
381 6
144 6
100 6
416 6
31 6
320 6
124 6
181 6
189 6
191 6
426 6
196 6
305 6
219 34
35 6
29 6
340 6
312 6
163 6
175 6
298 34
190 6
238 6
420 6
337 6
229 6
260 6
226 6
451 6
158 6
162 6
122 6
105 6
184 6
101 6
98 6
462 6
81 6
485 6
439 6
484 6
445 6
221 34
248 6
222 6
243 6
38 6
53 6
116 6
362 6
169 6
441 34
12 6
338 6
234 6
153 6
408 6
470 6
137 6
186 6
198 6
379 6
494 6
21 34
240 6
232 6
349 6
292 6
294 6
386 6
433 6
414 6
311 6
359 6
360 6
399 6
402 6
421 6
166 6
458 6
3 6
287 6
344 6
148 6
68 6
55 6
401 6
48 6
193 6
255 6
97 6
58 6
296 34
131 6
343 6
391 6
339 6
178 6
419 6
475 6
330 6
66 6
159 34
80 6
347 6
239 6
89 6
270 6
85 6
459 6
129 34
132 6
134 6
396 6
187 6
245 6
207 6
308 6
256 6
170 6
299 6
120 6
125 6
126 6
358 6
301 6
321 6
272 6
14 6
199 6
474 6
157 6
182 6
440 6
259 6
283 6
65 6
51 6
288 6
328 6
5 6
235 6
41 6
128 6
136 6
140 6
393 6
194 6
251 34
213 6
236 6
415 6
118 6
403 34
448 6
411 6
109 6
413 6
61 6
369 6
397 6
417 34
9 6
297 6
104 6
143 6
334 6
355 6
108 6
461 6
354 6
67 6
121 6
434 6
476 34
99 6
20 6
293 6
91 6
385 34
241 6
188 34
25 6
147 6
46 6
346 6
400 6
322 6
249 6
341 6
432 0
75 6
345 34
319 6
34 6
431 6
331 34
183 6
4 6
42 6
303 34
373 6
456 6
230 6
266 6
489 6
477 6
208 6
465 6
92 6
252 6
167 6
487 6
430 6
307 6
52 6
117 6
93 34
452 6
490 6
407 6
377 6
352 6
214 6
279 6
206 6
200 6
78 6
102 6
370 6
54 6
265 6
57 6
164 6
412 6
290 6
71 6
32 6
304 34
15 6
479 6
350 6
250 6
284 6
24 6
156 6
26 6
472 6
390 6
45 6
50 6
332 6
333 0
493 6
113 6
212 6
378 6
72 6
86 6
253 6
161 6
471 6
324 6
300 6
363 6
10 6
372 6
336 6
210 34
2 6
165 6
0 6
405 6
1 6
453 6
404 6
389 6
37 6
174 6
173 6
276 6
17 6
482 6
481 6
269 6
277 6
263 6
107 6
464 6
246 6
429 6
289 6
463 34
457 6
83 6
152 6
145 6
264 6
335 0
395 0
447 6
280 6
47 6
244 6
486 6
436 34
177 6
154 6
410 6
209 6
179 34
315 34
201 6
394 6
368 6
387 6
142 6
267 6
94 6
286 6
90 34
442 6
8 6
361 6
406 34
59 6
316 6
314 6
258 6
388 6
310 6
496 6
69 34
383 6
30 6
111 34
306 6
192 6
351 6
227 6
313 6
133 34
467 6
114 6
202 34
62 6
473 6
268 6
23 6
87 6
63 34
18 6
217 6
44 6
281 6
242 6
326 34
228 6
423 0
353 6
364 6
357 6
374 34
491 6
39 6
492 6
141 6
231 6
424 34
274 6
483 6
342 6
84 6
254 6
149 6
460 6
49 6
160 6
82 6
11 6
488 6
155 6
88 6
106 6
382 6
28 6
450 6
449 6
418 34
119 6
218 6
73 6
43 6
282 6
204 6
171 6
323 6
371 6
302 6
110 6
27 6
325 6
437 6
366 6
295 6
427 6
425 34
291 6
223 6
348 34
36 6
6 6
151 6
103 6
356 6
60 6
466 6
224 6
285 6
96 6
480 6
495 6
365 6
446 6
197 6
203 6
135 6
376 6
56 6
271 6
278 6
215 6
115 6
22 6
247 6
275 0
262 6
19 6
317 6
422 6
130 6
195 0
127 0
64 6
327 6
70 6
375 6
428 6
123 6
220 6
138 6
150 6
216 6
367 34
168 6
257 6
468 6
146 6
13 6
185 6
16 0
444 6
409 6
77 6
74 6
309 0
478 6
273 0
76 6
384 0
261 6
40 6
112 6
454 34
318 34
392 6
180 6
329 6
435 6
443 0
205 6
455 6
139 6
172 0
380 6
run time cost of algorithm DRT_BD is 0.137068seconds
