535200 104 68
0 34
1 34
2 34
3 34
4 34
5 34
6 34
7 34
8 34
9 0
10 34
11 34
12 34
13 34
14 34
15 41
16 34
17 34
18 0
19 34
20 34
21 41
22 34
23 34
24 34
25 34
26 34
27 0
28 34
29 41
30 34
31 34
32 34
33 34
34 0
35 34
36 34
37 34
38 34
39 34
40 34
41 34
42 34
43 0
44 8
45 34
46 41
47 34
48 34
49 41
50 34
51 34
52 34
53 41
54 41
55 41
56 34
57 34
58 41
59 34
60 41
61 34
62 34
63 34
64 0
65 41
66 41
67 34
68 34
69 34
70 34
71 34
72 41
73 41
74 34
75 8
76 34
77 34
78 41
79 34
80 34
81 41
82 34
83 34
84 34
85 34
86 41
87 34
88 34
89 41
90 34
91 0
92 41
93 1
94 41
95 8
96 34
97 34
98 34
99 34
100 41
101 41
102 34
103 41
104 34
105 41
106 34
107 41
108 34
109 34
110 41
111 41
112 34
113 34
114 41
115 34
116 34
117 41
118 34
119 8
120 41
121 41
122 34
123 8
124 34
125 34
126 34
127 34
128 41
129 41
130 34
131 34
132 41
133 41
134 34
135 34
136 34
137 34
138 34
139 8
140 34
141 41
142 41
143 34
144 8
145 34
146 34
run time cost of algorithm SM_CTP is 0.073663seconds
