284200 104 65
98 34
101 34
193 34
81 34
152 34
85 0
156 34
67 34
100 34
139 34
78 34
143 34
181 34
68 34
127 34
140 34
17 34
116 34
172 34
54 34
134 34
105 34
111 34
43 0
188 34
72 34
183 34
112 34
32 34
96 34
45 34
194 34
58 34
3 34
35 34
22 0
34 0
0 41
122 34
146 34
168 0
189 34
7 34
199 41
63 34
120 0
46 34
13 34
79 34
200 34
203 34
66 41
135 34
23 34
99 34
97 34
16 0
94 34
52 34
119 34
42 34
47 0
174 34
1 34
104 34
103 0
117 34
201 34
148 34
173 0
171 34
50 34
95 34
74 34
179 34
180 34
204 41
21 34
110 41
153 34
124 34
190 34
177 34
28 34
202 34
19 34
4 41
163 34
123 34
26 34
158 0
69 34
195 34
184 41
2 34
108 34
191 34
93 0
128 34
53 41
82 34
121 0
77 34
162 34
29 0
133 34
102 34
114 34
27 34
38 34
25 34
18 34
87 34
83 41
145 34
147 34
8 34
167 34
187 0
59 34
109 34
150 41
89 34
155 0
61 34
31 34
186 34
141 34
151 34
205 34
39 34
142 0
60 0
125 34
73 34
154 41
166 41
165 34
164 34
149 34
55 34
132 41
15 8
57 0
62 34
41 34
92 34
75 41
136 41
207 34
51 34
30 34
36 34
115 34
20 34
71 34
56 34
185 34
118 41
48 41
12 34
178 41
176 34
137 34
160 34
161 41
37 34
14 41
70 8
90 34
170 34
24 34
197 34
157 34
126 34
40 34
5 34
159 34
65 41
88 0
44 34
11 41
182 34
169 8
33 34
175 34
192 41
86 34
80 34
206 41
113 34
49 34
91 34
6 8
196 41
84 41
138 41
10 41
9 34
129 34
107 41
76 41
130 0
144 0
198 34
64 34
131 34
106 34
run time cost of algorithm DRT_BD is 0.026918seconds
