395000 170 48
187 9
193 9
251 9
160 9
146 9
218 9
78 9
280 9
223 9
15 9
35 9
169 9
258 9
31 9
206 9
92 9
112 9
50 9
128 9
275 9
244 9
96 9
132 34
138 6
58 9
228 9
88 9
194 9
192 34
55 9
240 9
79 9
197 9
254 34
66 9
5 9
256 9
105 9
246 9
39 9
67 9
149 9
125 6
101 9
262 9
46 6
238 9
8 9
86 34
111 9
37 9
30 6
161 9
261 9
56 9
3 9
253 9
137 9
95 9
109 9
59 9
28 34
211 9
43 9
44 9
281 9
49 6
89 34
48 9
205 9
75 9
104 9
80 9
91 9
266 9
273 34
131 9
156 6
284 9
27 9
150 6
41 9
263 9
226 9
182 9
239 9
133 9
134 34
245 9
287 6
168 9
4 9
267 9
129 9
202 9
121 9
120 9
94 9
53 9
171 9
248 9
278 9
183 9
272 9
136 9
19 34
221 9
117 9
36 6
157 9
47 9
155 9
63 9
252 9
85 9
231 9
234 6
295 9
77 6
110 9
29 9
173 9
144 9
198 9
115 9
250 9
45 9
178 6
255 34
145 6
260 34
207 9
286 9
113 9
264 6
107 9
176 9
16 9
103 9
14 34
175 6
84 9
164 9
25 6
222 9
18 9
147 9
52 9
166 9
102 6
184 9
236 9
90 9
116 9
108 9
190 9
83 34
82 9
74 9
22 9
181 9
123 9
34 9
154 9
189 6
249 34
204 9
209 9
64 9
9 9
268 34
81 34
87 6
60 34
201 34
294 9
21 9
270 9
237 9
159 9
165 9
1 9
279 9
225 6
177 9
179 9
0 9
72 9
118 9
288 6
243 9
208 9
51 9
230 9
232 10
153 6
71 9
6 9
185 9
271 9
26 9
285 9
17 6
191 9
76 9
233 9
200 9
220 9
289 9
196 9
203 9
65 9
235 9
141 34
213 9
97 9
214 9
217 6
167 10
142 9
42 9
139 6
24 9
195 6
224 34
127 6
73 6
227 9
259 34
265 6
33 9
114 6
12 9
148 9
216 9
70 6
199 6
247 9
99 9
2 6
158 9
292 9
7 9
276 9
163 9
215 9
57 9
40 9
257 34
61 6
23 34
11 6
10 9
269 9
188 9
186 8
135 9
122 6
293 9
62 9
152 6
241 9
13 9
151 9
229 6
126 6
20 9
274 9
54 9
210 9
93 34
174 9
69 6
68 6
212 6
38 9
277 34
100 6
219 9
124 9
170 9
32 34
291 34
130 9
98 6
106 9
283 6
140 9
290 6
282 6
172 34
162 9
143 9
242 34
180 9
119 34
run time cost of algorithm DRT_AG is 0.001291seconds
