1023400 104 64
0 0
1 34
2 34
3 34
4 34
5 0
6 34
7 34
8 0
9 34
10 34
11 0
12 34
13 34
14 34
15 34
16 34
17 0
18 34
19 0
20 34
21 34
22 0
23 34
24 34
25 34
26 34
27 34
28 34
29 34
30 34
31 34
32 34
33 34
34 34
35 34
36 41
37 34
38 34
39 0
40 34
41 34
42 34
43 41
44 34
45 0
46 34
47 34
48 34
49 34
50 34
51 34
52 34
53 34
54 0
55 0
56 34
57 34
58 34
59 1
60 34
61 34
62 34
63 34
64 34
65 0
66 34
67 34
68 0
69 34
70 41
71 34
72 34
73 34
74 34
75 34
76 34
77 34
78 34
79 34
80 34
81 34
82 34
83 34
84 0
85 34
86 34
87 34
88 0
89 34
90 34
91 34
92 34
93 34
94 34
95 34
96 34
97 34
98 34
99 34
100 34
101 34
102 34
103 34
104 34
105 0
106 34
107 41
108 34
109 34
110 0
111 41
112 34
113 34
114 34
115 0
116 34
117 34
118 34
119 34
120 34
121 34
122 34
123 34
124 0
125 34
126 34
127 41
128 41
129 34
130 34
131 34
132 0
133 34
134 34
135 34
136 41
137 34
138 34
139 34
140 34
141 34
142 34
143 34
144 0
145 0
146 41
147 34
148 34
149 34
150 34
151 34
152 34
153 34
154 34
155 34
156 34
157 34
158 34
159 34
160 8
161 41
162 34
163 34
164 41
165 34
166 34
167 34
168 34
169 34
170 34
171 34
172 34
173 34
174 34
175 34
176 34
177 34
178 34
179 41
180 34
181 34
182 0
183 34
184 34
185 41
186 34
187 34
188 34
189 34
190 34
191 34
192 34
193 0
194 0
195 34
196 34
197 34
198 34
199 34
200 34
201 34
202 34
203 34
204 34
205 0
206 8
207 41
208 0
209 34
210 34
211 34
212 34
213 34
214 41
215 34
216 41
217 34
218 0
219 41
220 34
221 34
222 41
223 34
224 34
225 34
226 34
227 34
228 34
229 41
230 8
231 34
232 34
233 41
234 0
235 34
236 41
237 34
238 34
239 34
240 34
241 34
242 34
243 34
244 34
245 0
246 34
247 8
248 34
249 0
250 34
251 34
252 0
253 34
254 34
255 34
256 0
257 0
258 34
259 34
260 34
261 41
262 34
263 34
264 34
265 34
266 41
267 0
268 34
269 41
270 34
271 34
272 34
273 0
274 41
275 34
276 34
277 34
278 34
279 34
280 34
281 34
282 34
283 34
284 34
285 34
286 34
287 34
288 34
289 34
290 34
291 34
292 0
293 41
294 34
295 34
296 8
297 0
298 0
299 41
300 34
301 34
302 41
303 34
304 34
305 34
306 34
307 34
308 34
309 34
310 0
311 0
312 41
313 34
314 34
315 34
316 34
317 41
318 34
319 0
320 34
321 34
322 34
323 34
324 34
325 34
326 34
327 34
328 34
329 34
330 34
331 34
332 0
333 34
334 34
335 34
336 41
337 0
338 34
339 34
340 34
341 34
342 34
343 34
344 34
345 34
346 34
347 34
348 41
349 41
350 34
351 34
352 41
353 34
354 34
355 34
356 34
357 34
358 34
359 34
360 34
361 34
362 34
363 34
364 0
365 34
366 41
367 41
368 34
369 41
370 34
371 34
372 34
373 34
374 34
375 34
376 34
377 0
378 34
379 41
380 34
381 34
382 34
383 34
384 41
385 34
386 34
387 34
388 34
389 0
390 34
391 0
392 34
393 34
394 34
395 34
396 34
397 34
398 34
399 34
400 41
401 34
402 34
403 34
404 34
405 34
406 34
407 0
408 34
409 34
410 34
411 34
412 34
413 34
414 34
415 0
416 34
417 34
418 34
419 41
420 41
421 34
422 41
423 34
424 0
425 8
426 34
427 34
428 34
429 34
430 34
431 34
432 41
433 34
434 34
435 34
436 0
437 34
438 34
439 0
440 41
441 0
442 34
443 41
444 41
445 41
446 0
447 34
448 0
449 41
450 34
451 41
452 34
453 34
454 34
455 41
456 34
457 41
458 34
459 34
460 34
461 34
462 0
463 34
464 41
465 34
466 34
467 34
468 34
469 34
470 0
471 41
472 34
473 34
474 34
475 34
476 34
477 0
478 34
479 34
480 0
481 34
482 34
483 34
484 34
485 41
486 41
487 0
488 0
489 34
490 34
491 34
492 34
493 34
494 34
495 34
496 41
497 41
498 41
499 34
500 34
501 34
502 0
503 34
504 34
505 34
506 0
507 0
508 34
509 0
510 0
511 8
512 8
513 41
514 34
515 34
516 41
517 41
518 34
519 34
520 34
521 34
522 34
523 34
524 34
525 34
526 34
527 34
528 34
529 34
530 34
531 0
532 0
533 34
534 34
535 34
536 34
537 34
538 34
539 41
540 34
541 34
542 41
543 34
544 0
545 34
546 34
547 34
548 0
549 8
550 34
551 34
552 34
553 34
554 34
555 34
556 34
557 34
558 41
559 34
560 34
561 34
562 34
563 8
564 0
565 0
566 34
567 34
568 34
569 0
570 34
571 34
572 34
573 0
574 34
575 34
576 8
577 34
578 34
579 34
580 0
581 8
582 41
583 34
584 34
585 34
586 34
587 41
588 34
589 34
590 34
591 8
592 8
593 34
594 34
595 41
596 34
597 34
598 34
599 34
600 41
601 0
602 41
603 0
604 0
605 34
606 34
607 0
608 34
609 34
610 34
611 34
612 0
613 0
614 41
615 34
616 34
617 41
618 34
619 34
620 34
621 34
622 0
623 34
624 34
625 34
626 34
627 41
628 0
629 34
630 41
631 34
632 41
633 41
634 34
635 34
636 34
637 34
638 34
639 34
640 34
641 41
642 41
643 8
644 34
645 34
646 34
647 34
648 8
649 34
650 34
651 8
652 34
653 34
654 34
655 34
656 8
657 41
658 41
659 41
660 34
661 34
662 41
663 34
664 34
665 41
666 0
667 41
668 8
669 0
670 41
671 0
672 0
673 34
674 34
675 34
676 34
677 34
678 41
679 34
680 34
681 34
682 34
683 34
684 8
685 34
686 34
687 0
688 34
689 34
690 34
691 34
692 41
693 0
694 41
695 34
696 34
697 34
698 41
699 41
700 34
701 34
702 34
703 34
704 34
705 34
706 34
707 34
708 34
709 34
710 34
711 34
712 34
713 34
714 0
715 0
716 41
717 34
718 34
719 34
720 34
721 0
722 34
723 34
724 34
725 34
726 34
727 34
728 41
729 34
730 34
731 8
732 34
733 34
734 34
735 34
736 0
737 41
738 0
739 34
740 34
741 34
742 34
743 34
744 34
745 34
746 41
747 34
748 0
749 34
750 8
751 34
752 0
753 34
754 34
755 8
756 34
757 34
758 34
759 34
run time cost of algorithm SM_CTP is 1.17344seconds
