258600 109 65
0 34
1 34
2 34
3 34
4 34
5 34
6 34
7 34
8 34
9 34
10 34
11 34
12 34
13 34
14 34
15 34
16 0
17 34
18 34
19 34
20 34
21 0
22 34
23 34
24 34
25 34
26 34
27 24
28 34
29 34
30 34
31 34
32 34
33 34
34 34
35 34
36 34
37 34
38 34
39 0
40 34
41 8
42 34
43 34
44 34
45 34
46 0
47 34
48 24
49 34
50 24
51 34
52 34
53 34
54 24
55 34
56 34
57 34
58 0
59 34
60 34
61 34
62 34
63 34
64 34
65 34
66 34
67 34
68 34
69 8
70 8
71 34
72 8
73 24
74 24
75 24
76 34
77 0
78 34
79 24
80 34
81 24
82 34
83 34
84 34
85 0
86 34
87 34
88 24
89 34
90 24
run time cost of algorithm SM_CTP is 0.027313seconds
