2362800 117 61
747 33
71 33
74 33
3 0
487 33
502 33
75 34
777 33
301 33
712 33
547 33
551 33
679 0
121 33
126 34
232 33
623 33
228 34
188 33
590 0
612 33
604 34
199 33
202 33
589 33
582 0
161 33
643 33
238 0
662 33
252 34
560 34
707 33
281 33
302 33
434 33
419 34
37 33
70 33
595 33
405 33
105 33
678 33
583 33
584 34
14 33
244 34
19 33
770 34
361 33
774 0
273 33
507 0
307 33
473 0
501 33
477 33
329 34
162 33
324 33
719 0
61 33
495 33
780 33
103 33
499 33
339 33
684 33
196 33
728 34
468 0
768 34
204 33
73 33
686 0
206 33
27 33
360 33
695 34
364 34
366 33
779 33
380 33
152 33
148 33
696 33
17 34
235 0
575 34
249 33
568 33
223 33
219 34
212 33
609 0
542 33
519 33
290 33
512 34
717 33
192 34
67 33
619 33
718 33
624 34
497 34
165 33
327 33
158 33
457 33
412 33
647 34
396 33
407 0
653 33
131 33
661 34
669 33
599 33
558 33
92 33
200 33
398 34
195 34
239 33
744 33
43 0
617 33
420 33
183 34
550 33
533 33
289 0
658 33
45 33
430 33
300 33
8 34
504 33
715 33
140 0
313 33
163 33
461 33
650 33
318 33
720 33
761 34
471 33
76 33
602 34
218 33
147 33
478 33
401 33
399 0
642 33
640 33
328 33
59 33
160 33
463 33
62 0
142 34
209 33
668 33
771 33
237 33
24 33
187 33
362 33
266 33
429 33
532 0
673 33
267 33
277 0
681 0
752 34
344 33
426 33
620 33
625 33
129 0
537 33
1 33
297 33
455 34
456 33
570 34
124 33
191 33
306 33
233 33
51 33
652 34
88 33
693 34
767 33
98 33
155 33
118 0
40 33
732 33
97 33
56 33
95 33
217 34
723 33
316 34
671 33
166 34
689 34
605 33
402 33
688 33
122 33
386 33
423 33
384 34
743 33
221 33
735 34
50 34
352 33
343 34
338 33
334 34
332 33
325 33
159 33
314 33
511 33
280 33
234 33
626 33
546 33
184 34
186 33
565 34
759 34
248 0
41 33
648 33
680 33
16 0
486 33
167 34
305 33
170 33
447 33
15 34
437 34
172 33
173 34
538 34
104 33
651 33
548 34
622 34
11 33
262 33
210 33
363 33
120 33
611 34
705 34
365 33
660 33
109 0
382 34
483 0
676 33
138 33
544 0
726 33
395 33
517 33
772 33
35 33
526 33
435 34
254 33
476 33
282 33
241 33
326 33
220 33
704 34
190 33
490 33
494 34
556 33
514 33
36 33
63 33
421 33
475 34
28 34
389 33
348 33
146 34
6 33
749 33
450 33
229 34
417 33
149 34
216 33
87 33
610 33
539 33
108 33
106 33
552 33
139 33
639 34
81 33
433 33
459 34
112 33
734 33
58 34
436 33
775 33
699 34
197 33
778 33
498 0
5 33
308 33
367 34
448 33
636 0
508 34
646 33
323 33
442 34
194 33
439 33
628 33
765 0
581 33
89 33
713 33
256 33
408 33
189 34
406 34
467 33
635 34
464 33
99 33
21 33
30 33
240 34
356 0
569 33
482 33
561 33
608 33
393 33
559 33
259 33
260 33
66 33
739 34
578 33
368 33
168 33
207 33
685 34
130 33
291 33
72 33
270 34
176 34
616 34
531 33
654 34
657 33
659 33
528 34
295 33
203 34
445 33
510 0
65 33
762 33
136 33
116 33
12 34
44 33
489 33
698 33
753 33
336 34
29 33
151 33
111 33
246 33
80 33
342 34
243 33
390 33
529 33
287 33
534 33
522 33
554 33
253 33
580 33
304 33
413 33
500 33
415 0
214 34
208 33
330 33
485 33
481 34
631 33
349 33
93 33
354 0
740 34
84 33
371 34
729 33
738 33
2 33
178 33
773 33
725 34
724 34
397 33
535 34
20 33
438 33
769 33
518 33
572 33
573 34
236 34
506 33
226 33
414 0
607 34
760 33
82 33
702 33
383 33
179 33
663 34
137 33
358 34
135 33
691 33
100 33
410 33
588 33
458 33
60 34
351 34
350 33
509 34
79 33
77 0
750 33
404 33
697 33
143 33
566 34
331 33
644 8
341 33
563 33
452 0
85 33
68 33
748 33
265 34
428 33
521 33
64 33
692 0
655 33
322 33
422 33
242 33
579 0
52 34
675 33
22 33
215 34
600 34
711 33
315 33
710 34
591 33
709 33
427 34
746 33
231 0
763 33
503 33
224 33
596 34
603 33
416 33
369 33
321 0
198 34
441 34
567 34
182 33
180 34
38 0
69 33
630 33
164 34
145 34
472 33
110 33
722 33
285 33
742 33
431 33
593 33
586 34
379 33
403 33
454 33
385 33
745 34
144 33
355 0
94 34
7 34
687 33
737 33
353 33
245 33
400 33
491 33
409 34
370 33
271 33
213 33
392 33
629 33
571 33
117 34
250 33
741 33
391 33
373 33
425 34
757 34
440 33
127 33
601 33
480 33
466 8
756 33
516 0
201 33
670 34
251 33
553 0
627 33
493 34
374 33
268 33
574 34
706 33
141 33
577 33
337 34
736 34
91 33
388 34
694 34
119 33
474 0
721 33
150 33
169 33
633 34
54 33
505 33
345 33
346 33
286 33
34 0
527 34
293 34
758 33
598 33
731 33
317 33
716 33
557 33
115 33
181 33
113 33
606 33
102 33
9 33
4 34
451 33
656 33
615 33
700 0
49 33
530 33
48 33
701 33
284 34
776 33
96 33
222 33
53 33
541 33
275 33
177 34
462 8
288 33
174 33
42 34
123 33
665 33
78 34
32 33
378 33
377 0
587 34
257 33
255 34
755 0
418 33
641 33
156 33
57 33
299 33
375 33
153 33
613 0
488 33
649 33
185 33
618 33
576 33
283 0
469 34
524 34
536 34
83 33
387 34
132 33
638 33
381 33
309 33
261 0
310 33
597 34
666 33
449 34
335 0
263 33
424 33
682 33
672 33
13 33
23 0
446 33
444 33
465 34
443 33
175 33
411 34
26 33
31 34
479 33
667 33
592 34
55 34
484 34
279 33
230 33
690 33
247 33
357 34
33 0
470 33
90 33
703 33
296 34
157 33
227 34
134 33
0 33
727 33
564 33
278 33
101 33
683 33
258 33
319 33
677 33
47 33
674 34
25 33
766 33
540 33
294 33
632 33
543 33
272 33
171 33
637 33
545 34
376 34
394 33
645 34
453 33
128 34
125 33
333 33
432 34
730 33
372 33
664 33
764 33
549 33
205 34
320 0
211 33
264 33
114 33
708 33
555 33
312 33
46 8
276 33
311 33
225 34
39 33
562 33
292 33
523 33
754 33
525 33
513 34
751 34
515 33
298 33
303 33
585 34
594 33
496 33
492 33
520 0
614 34
733 33
193 33
621 33
269 33
634 33
340 33
154 34
18 33
274 33
133 33
10 33
714 34
107 33
460 33
86 0
359 33
347 33
run time cost of algorithm DRT_BD is 0.400708seconds
