3140200 161 52
166 9
446 9
113 9
422 9
74 9
362 9
341 9
688 9
249 9
480 9
463 9
514 9
621 9
42 9
710 34
596 9
274 9
52 34
470 9
698 9
139 9
507 9
71 9
721 9
81 6
296 9
153 9
250 34
387 9
580 9
203 9
183 9
35 9
275 9
195 9
353 9
244 9
536 9
95 9
86 9
303 9
128 9
159 6
373 9
443 34
103 9
421 9
40 9
413 9
683 9
354 9
88 9
24 9
225 9
258 9
172 9
56 9
449 9
673 9
519 9
610 9
389 9
355 9
162 9
495 9
711 9
167 34
199 34
482 34
101 9
200 9
511 9
661 9
467 9
713 9
453 9
217 6
346 6
440 9
212 9
211 9
21 9
602 9
18 9
642 9
649 9
695 9
267 9
1 9
712 9
6 9
121 9
654 9
26 9
534 9
215 9
112 9
144 34
471 34
154 9
219 9
374 9
2 9
571 9
245 9
487 9
168 9
512 9
630 34
521 9
392 9
546 9
339 9
180 9
658 6
594 9
140 9
670 34
17 9
53 9
372 9
91 9
619 6
233 9
137 9
322 9
456 9
4 9
432 9
55 9
659 9
573 9
213 9
307 9
430 9
196 9
14 9
424 9
418 9
660 34
589 6
593 6
468 9
218 9
625 9
631 9
562 9
444 9
652 9
648 9
75 9
380 6
617 9
620 9
136 9
474 9
284 9
431 9
308 9
331 34
542 9
5 9
9 9
550 9
99 9
23 9
690 34
416 9
409 9
527 9
384 34
597 9
79 9
588 9
83 9
490 6
189 9
253 9
526 34
647 9
51 6
437 9
94 9
532 9
87 9
638 9
369 9
32 9
170 9
257 9
506 9
262 9
302 9
100 9
194 9
565 9
107 9
0 6
672 6
10 9
16 9
333 9
238 9
234 9
125 6
19 9
523 6
325 9
681 6
391 9
635 9
628 9
70 9
535 9
479 9
143 6
513 6
376 6
459 9
448 9
343 9
111 6
360 9
408 9
537 9
595 9
477 9
108 9
499 9
485 6
570 9
110 34
678 9
243 6
105 9
191 9
69 9
486 9
582 9
297 9
662 9
442 9
465 9
214 9
497 9
680 9
96 34
441 6
426 6
173 9
639 9
188 9
533 9
704 6
259 9
251 6
254 9
314 34
657 34
566 9
127 9
706 9
169 6
682 9
300 9
337 6
598 6
240 34
287 9
531 9
560 9
222 9
726 9
558 9
540 6
716 9
466 9
122 6
59 9
427 9
496 9
382 9
687 9
623 9
150 9
164 9
67 9
581 9
378 9
25 6
149 9
393 9
77 6
604 9
357 9
524 9
476 9
160 9
438 6
472 34
504 9
525 9
44 9
208 9
45 9
375 6
176 9
640 6
261 9
293 6
714 9
366 9
348 9
447 6
299 9
109 9
227 9
693 9
80 9
78 9
41 9
27 34
656 6
685 6
175 9
395 9
30 9
379 9
653 9
158 6
185 6
561 9
674 9
288 9
494 9
289 9
478 9
718 6
198 6
462 6
202 34
58 9
177 9
624 6
528 6
539 6
520 34
634 9
72 9
345 9
29 9
239 9
412 6
294 6
129 9
146 9
155 9
323 9
85 6
386 9
675 6
33 9
229 9
458 6
489 9
404 6
135 34
434 6
48 9
402 6
406 9
488 9
7 6
93 9
82 9
236 9
102 6
90 9
574 6
246 6
273 6
503 9
510 9
278 9
481 9
708 9
263 9
552 9
367 6
394 9
576 9
66 6
201 9
351 9
270 9
725 9
280 10
152 6
114 6
190 9
338 9
587 9
663 9
235 9
230 6
359 9
22 9
601 6
538 6
377 9
318 9
320 6
226 9
627 9
117 9
271 9
606 9
228 6
12 6
268 6
425 6
381 9
439 9
645 9
358 9
145 9
701 6
361 6
265 6
385 6
92 9
577 6
282 9
575 9
34 9
405 6
522 9
428 6
285 6
46 9
445 6
321 9
664 34
691 9
269 6
130 9
469 6
667 34
719 9
547 9
224 9
643 6
316 9
400 9
174 9
703 9
31 9
231 9
20 34
290 9
84 9
614 9
403 9
505 9
247 9
306 9
324 6
564 6
626 9
548 9
694 9
301 9
119 6
530 10
699 9
483 6
312 6
646 9
398 6
3 6
383 6
347 6
414 6
356 6
309 9
529 6
622 9
256 9
370 9
553 9
179 9
252 34
36 34
669 6
197 9
518 9
612 9
43 9
724 6
407 9
330 6
500 9
142 9
336 9
464 9
684 9
124 9
310 6
313 6
584 6
204 6
401 10
64 9
637 9
131 9
317 9
89 9
591 9
603 9
207 9
62 9
221 9
454 9
676 9
242 9
97 9
292 6
50 9
206 9
8 34
141 34
600 9
332 9
329 6
501 9
411 9
277 9
419 9
508 6
186 6
613 9
305 6
365 9
291 9
633 9
692 9
671 9
38 9
569 9
556 6
498 34
460 9
709 6
237 6
722 6
618 6
65 6
54 6
182 9
629 6
106 9
502 9
210 9
134 6
549 9
651 9
232 6
543 9
255 9
668 9
171 9
28 9
264 9
133 9
632 9
551 10
132 9
461 6
702 6
161 6
473 6
423 6
689 10
399 9
61 9
328 9
665 6
578 9
184 10
515 9
492 6
433 6
364 6
451 9
557 6
559 9
304 34
390 6
707 6
281 9
615 9
609 9
286 6
435 9
118 9
335 9
541 9
326 6
608 9
686 9
493 10
599 6
568 9
47 9
49 6
368 6
677 6
592 6
371 9
192 10
605 6
715 9
241 6
123 9
223 10
452 9
76 9
420 6
436 9
334 9
104 9
116 9
586 9
220 9
555 9
126 34
475 9
272 9
151 6
15 9
298 10
572 9
147 6
319 9
283 9
148 9
73 6
484 6
349 9
636 9
248 6
700 6
517 34
63 6
720 9
429 9
650 6
352 9
350 6
315 34
554 10
579 9
120 6
266 9
156 9
457 6
723 34
585 9
193 9
567 9
697 6
544 6
60 6
616 6
516 9
327 9
509 6
363 9
138 9
279 6
157 6
342 6
187 9
410 9
260 9
178 9
388 9
37 10
666 6
205 9
163 9
644 9
641 9
11 9
98 9
13 6
340 34
545 9
717 9
311 9
68 9
611 34
181 6
216 9
491 6
583 9
209 9
396 6
165 10
397 6
295 6
57 6
607 6
455 6
344 10
39 9
415 6
115 9
417 6
679 10
276 9
655 10
563 34
705 34
696 6
450 6
590 9
run time cost of algorithm DRT_AG is 0.007337seconds
