1336000 109 67
23 34
396 34
456 34
337 34
158 34
80 34
227 34
211 34
186 34
361 34
442 34
191 34
284 34
35 34
314 34
150 34
194 25
278 34
291 34
19 34
446 34
88 0
26 34
311 34
285 34
31 34
318 34
277 34
193 34
273 41
345 34
443 34
377 34
53 34
212 34
20 34
21 34
290 34
89 34
293 34
30 34
449 34
162 34
368 34
43 34
261 34
280 34
219 34
251 34
130 34
390 34
387 34
189 34
139 34
84 34
156 34
64 34
238 25
146 34
32 34
34 34
36 34
332 34
308 34
402 34
302 34
178 34
55 34
297 34
424 34
176 34
224 34
421 34
427 34
292 34
220 34
105 34
342 0
319 34
46 34
205 34
317 34
183 34
274 34
454 34
268 34
295 34
246 34
129 34
300 0
405 25
305 34
110 34
249 34
254 34
259 34
131 34
303 25
260 34
425 34
28 25
372 34
14 34
441 34
283 34
447 25
164 34
247 34
173 34
33 34
320 34
202 34
429 0
108 34
420 34
160 41
287 34
240 34
360 34
445 34
167 25
121 34
357 34
362 34
356 34
430 34
17 34
174 34
179 34
389 34
228 34
97 25
91 34
95 34
92 0
398 25
250 34
229 34
460 34
350 34
125 34
428 34
24 34
426 34
422 25
413 25
115 34
400 25
213 34
93 25
315 34
87 25
309 34
153 34
262 25
458 34
103 34
316 25
11 34
431 25
347 25
264 25
232 25
218 25
359 34
39 25
204 25
116 34
44 34
51 25
48 25
235 0
210 34
148 25
63 41
214 25
165 34
144 34
239 34
69 41
244 0
333 34
77 34
452 34
231 34
256 25
230 34
133 34
233 34
49 34
132 25
265 25
22 25
54 34
59 34
38 34
374 0
386 34
161 34
137 34
0 34
415 34
394 25
185 25
118 25
180 25
281 34
451 34
438 34
96 25
141 34
336 34
393 25
434 25
436 34
299 25
457 25
358 8
367 34
370 34
119 34
182 34
371 34
151 34
56 34
57 25
248 25
340 25
2 34
330 25
18 34
94 34
70 34
209 34
304 34
195 25
200 34
138 34
145 34
245 34
385 0
437 34
201 25
384 25
25 34
143 34
154 34
81 0
85 34
286 34
111 34
365 34
266 25
170 34
221 34
192 34
294 34
198 34
8 0
101 34
4 34
127 34
301 34
52 34
124 34
388 34
346 0
310 41
107 25
136 25
72 0
78 34
197 0
329 25
298 25
327 25
67 34
414 34
215 0
73 34
416 25
354 25
409 34
439 34
375 34
255 0
190 0
455 34
62 25
252 34
123 34
175 25
177 34
196 25
128 0
407 34
296 34
270 34
258 25
397 34
207 34
12 34
83 0
322 34
117 34
453 25
351 34
243 34
106 0
71 34
135 34
86 34
45 34
341 34
6 0
382 34
82 25
288 25
269 34
419 25
142 34
321 25
379 34
380 34
381 34
216 34
271 34
328 25
412 34
408 34
50 25
395 34
418 34
263 34
432 25
9 34
10 34
383 34
112 34
104 25
242 25
392 34
152 25
217 25
113 25
40 34
172 25
206 41
348 34
364 34
363 41
1 25
140 0
353 34
236 34
42 34
147 34
47 0
184 25
448 34
444 25
335 25
181 34
68 25
433 34
435 25
120 0
282 34
376 25
312 25
29 34
344 34
289 0
326 34
109 34
41 41
90 34
423 34
16 41
7 34
66 0
149 34
61 0
79 25
275 25
60 34
349 34
168 34
166 25
37 25
306 25
334 34
74 34
157 25
5 34
75 41
331 34
65 0
241 34
417 34
279 34
226 34
222 34
403 34
459 34
355 0
98 34
237 41
163 34
199 25
369 34
411 34
440 34
187 34
406 34
208 34
401 25
159 25
155 34
378 34
373 25
253 8
366 25
257 34
343 34
267 25
102 25
338 34
325 34
324 34
99 34
307 34
313 34
323 25
13 34
410 34
339 25
114 25
122 34
126 0
352 34
58 25
450 34
399 34
169 41
171 34
188 34
100 34
76 0
15 34
276 25
272 25
27 0
134 41
234 34
391 0
225 34
223 25
3 25
404 41
203 34
run time cost of algorithm DRT_BD is 0.141831seconds
