2734400 109 68
0 34
1 34
2 34
3 34
4 34
5 34
6 34
7 34
8 34
9 34
10 34
11 34
12 34
13 34
14 34
15 34
16 34
17 34
18 34
19 0
20 34
21 34
22 34
23 34
24 34
25 34
26 34
27 34
28 34
29 34
30 34
31 34
32 34
33 34
34 34
35 34
36 34
37 34
38 34
39 34
40 34
41 34
42 34
43 34
44 34
45 34
46 34
47 41
48 34
49 0
50 34
51 34
52 41
53 34
54 34
55 34
56 34
57 34
58 34
59 34
60 34
61 34
62 34
63 34
64 34
65 41
66 34
67 34
68 34
69 41
70 34
71 34
72 34
73 41
74 34
75 34
76 34
77 41
78 41
79 34
80 34
81 34
82 34
83 34
84 34
85 34
86 34
87 34
88 34
89 34
90 34
91 34
92 34
93 34
94 34
95 41
96 34
97 0
98 34
99 0
100 34
101 34
102 34
103 34
104 34
105 34
106 34
107 0
108 34
109 34
110 34
111 0
112 41
113 34
114 34
115 34
116 0
117 41
118 34
119 34
120 41
121 34
122 34
123 34
124 34
125 34
126 34
127 34
128 34
129 34
130 34
131 34
132 34
133 34
134 41
135 34
136 34
137 34
138 0
139 34
140 34
141 34
142 34
143 34
144 34
145 34
146 34
147 41
148 41
149 41
150 34
151 34
152 0
153 34
154 34
155 34
156 34
157 34
158 34
159 41
160 34
161 34
162 34
163 34
164 34
165 34
166 34
167 34
168 34
169 41
170 34
171 34
172 34
173 34
174 34
175 34
176 41
177 34
178 34
179 41
180 34
181 34
182 34
183 34
184 34
185 34
186 34
187 41
188 0
189 34
190 34
191 34
192 34
193 34
194 34
195 34
196 34
197 34
198 34
199 34
200 34
201 34
202 34
203 34
204 0
205 41
206 34
207 41
208 34
209 34
210 34
211 34
212 34
213 34
214 41
215 34
216 34
217 41
218 34
219 34
220 34
221 34
222 34
223 34
224 34
225 34
226 34
227 34
228 34
229 34
230 41
231 34
232 34
233 34
234 41
235 41
236 41
237 34
238 34
239 34
240 34
241 34
242 34
243 34
244 34
245 34
246 34
247 34
248 34
249 34
250 34
251 34
252 34
253 34
254 34
255 0
256 34
257 34
258 34
259 41
260 34
261 34
262 34
263 0
264 34
265 34
266 34
267 34
268 34
269 34
270 34
271 0
272 34
273 34
274 34
275 34
276 34
277 34
278 34
279 34
280 34
281 34
282 34
283 34
284 34
285 34
286 34
287 34
288 34
289 34
290 41
291 34
292 34
293 34
294 34
295 34
296 34
297 41
298 34
299 34
300 34
301 0
302 34
303 34
304 34
305 34
306 34
307 34
308 41
309 34
310 34
311 34
312 34
313 34
314 34
315 34
316 34
317 34
318 34
319 41
320 34
321 34
322 34
323 34
324 34
325 34
326 34
327 34
328 34
329 34
330 34
331 34
332 34
333 41
334 41
335 0
336 34
337 34
338 34
339 41
340 34
341 34
342 34
343 41
344 34
345 41
346 34
347 34
348 34
349 41
350 41
351 41
352 34
353 34
354 34
355 41
356 34
357 34
358 34
359 34
360 34
361 41
362 34
363 34
364 34
365 34
366 34
367 41
368 34
369 0
370 34
371 41
372 34
373 41
374 41
375 34
376 34
377 41
378 34
379 34
380 34
381 34
382 0
383 41
384 34
385 0
386 41
387 34
388 41
389 34
390 34
391 0
392 34
393 34
394 34
395 34
396 34
397 34
398 34
399 34
400 41
401 34
402 0
403 34
404 41
405 0
406 34
407 34
408 34
409 34
410 34
411 34
412 34
413 34
414 41
415 34
416 34
417 34
418 0
419 34
420 0
421 0
422 41
423 34
424 34
425 34
426 41
427 34
428 41
429 34
430 34
431 34
432 34
433 34
434 41
435 34
436 34
437 34
438 8
439 34
440 34
441 34
442 34
443 34
444 34
445 34
446 34
447 34
448 34
449 34
450 34
451 41
452 34
453 34
454 34
455 34
456 34
457 34
458 34
459 34
460 34
461 34
462 34
463 34
464 34
465 34
466 34
467 0
468 41
469 34
470 34
471 41
472 0
473 41
474 34
475 41
476 34
477 24
478 41
479 34
480 34
481 34
482 24
483 41
484 34
485 41
486 34
487 34
488 0
489 41
490 34
491 34
492 34
493 34
494 34
495 34
496 41
497 41
498 34
499 41
500 41
501 34
502 41
503 34
504 41
505 34
506 34
507 34
508 0
509 34
510 41
511 34
512 34
513 34
514 34
515 34
516 34
517 0
518 8
519 34
520 34
521 34
522 41
523 34
524 34
525 34
526 0
527 34
528 34
529 0
530 0
531 34
532 34
533 34
534 34
535 0
536 0
537 34
538 34
539 34
540 41
541 34
542 34
543 34
544 34
545 34
546 41
547 34
548 41
549 41
550 34
551 34
552 34
553 34
554 41
555 34
556 41
557 41
558 41
559 41
560 34
561 41
562 34
563 34
564 41
565 41
566 34
567 34
568 41
569 34
570 34
571 34
572 41
573 34
574 0
575 41
576 8
577 34
578 34
579 34
580 34
581 34
582 34
583 34
584 0
585 41
586 34
587 34
588 34
589 0
590 41
591 41
592 0
593 34
594 34
595 34
596 24
597 24
598 34
599 41
600 34
601 34
602 34
603 34
604 41
605 41
606 41
607 34
608 34
609 41
610 41
611 34
612 34
613 41
614 41
615 34
616 41
617 41
618 34
619 34
620 41
621 34
622 34
623 41
624 34
625 34
626 24
627 34
628 24
629 34
630 34
631 41
632 34
633 41
634 34
635 34
636 24
637 34
638 41
639 34
640 0
641 34
642 34
643 34
644 41
645 34
646 41
647 34
648 0
649 41
650 34
651 41
652 41
653 34
654 34
655 8
656 0
657 34
658 0
659 41
660 34
661 34
662 41
663 41
664 41
665 34
666 34
667 41
668 0
669 34
670 24
671 34
672 34
673 34
674 34
675 34
676 41
677 41
678 34
679 34
680 0
681 34
682 34
683 41
684 41
685 34
686 0
687 34
688 34
689 41
690 34
691 0
692 41
693 34
694 34
695 34
696 34
697 41
698 0
699 24
700 34
701 41
702 41
703 41
704 34
705 0
706 34
707 34
708 34
709 41
710 24
711 41
712 34
713 34
714 34
715 34
716 0
717 8
718 41
719 41
720 34
721 34
722 41
723 34
724 0
725 0
726 34
727 24
728 34
729 41
730 34
731 0
732 34
733 34
734 34
735 34
736 34
737 41
738 34
739 34
740 34
741 41
742 0
743 41
744 34
745 34
746 34
747 24
748 41
749 41
750 34
751 41
752 8
753 34
754 34
755 34
756 34
757 41
758 34
759 41
760 34
761 34
762 41
763 0
764 24
765 34
766 41
767 34
768 34
769 34
770 34
771 34
772 24
773 34
774 0
775 41
776 34
777 34
778 0
779 41
780 34
781 24
782 34
783 41
784 41
785 24
786 0
787 34
788 41
789 41
790 41
791 34
792 34
793 41
794 34
795 34
796 34
797 41
798 24
799 34
800 41
801 41
802 41
803 34
804 41
805 34
806 41
807 34
808 34
809 34
810 41
811 0
812 24
813 34
814 34
815 34
816 34
817 34
818 24
819 41
820 34
821 34
822 34
823 24
824 34
825 34
826 34
827 34
828 24
829 24
830 41
831 0
832 41
833 41
834 41
835 24
836 41
837 34
838 41
839 0
840 41
841 41
842 41
843 41
844 41
845 41
846 41
847 41
848 41
849 41
850 34
851 41
852 41
853 41
854 41
855 41
856 24
857 41
858 41
859 34
860 41
861 41
862 41
863 41
864 24
865 41
866 41
867 41
868 41
869 41
870 41
871 41
872 8
873 0
874 0
875 41
876 41
877 41
878 41
879 41
880 34
881 41
run time cost of algorithm SM_CTP is 2.60014seconds
