4218000 170 27
443 25
470 25
68 34
820 25
502 25
504 41
813 25
508 9
782 41
781 34
362 25
778 25
764 25
333 25
738 25
724 25
192 25
683 34
590 25
888 25
889 25
292 9
290 25
663 25
633 25
263 25
259 25
627 25
653 25
892 25
610 34
218 34
303 25
909 25
677 25
307 25
211 25
576 25
330 25
166 25
332 25
755 25
919 25
354 25
524 25
522 25
129 25
116 25
803 25
101 25
924 9
92 25
88 25
398 25
837 41
839 25
56 25
403 25
59 41
221 25
60 25
731 25
197 25
63 25
171 25
0 25
732 34
154 9
899 25
429 25
631 25
146 25
616 25
608 25
466 25
402 25
131 25
315 9
316 25
184 25
385 41
812 25
509 25
511 25
10 41
369 25
516 25
89 25
52 25
520 41
716 25
372 34
856 25
371 25
378 25
368 25
436 25
662 25
632 25
450 25
927 25
461 25
759 25
285 25
463 25
772 25
334 9
783 25
801 25
911 25
126 9
328 25
588 25
829 25
566 41
568 25
47 25
291 25
115 41
570 25
866 25
704 25
325 25
786 25
513 25
890 25
913 25
109 25
163 25
656 25
331 25
245 25
45 25
433 25
289 25
529 25
748 41
148 25
900 25
548 25
761 34
612 41
462 25
271 25
556 25
41 25
347 25
557 25
606 41
531 34
749 25
337 25
776 25
431 41
117 25
637 25
481 25
298 41
659 25
97 25
672 25
675 25
219 25
18 25
112 41
688 41
205 41
695 25
733 25
854 25
703 25
77 25
121 25
16 41
174 25
442 25
521 25
499 25
441 25
165 41
352 41
836 25
544 25
231 25
440 25
344 25
528 25
650 41
417 25
638 25
262 9
191 34
327 25
735 25
405 25
830 25
706 25
447 25
799 41
792 25
577 25
397 25
214 25
498 25
595 25
823 25
452 25
825 25
905 25
542 34
302 41
609 25
460 25
902 9
122 25
578 25
707 25
708 25
435 25
162 25
273 25
269 25
622 25
671 25
111 25
751 25
226 41
373 25
560 25
645 25
95 25
345 25
661 41
897 25
241 41
655 25
181 25
158 25
658 25
469 9
355 25
234 25
356 25
652 34
267 25
722 41
870 25
411 25
248 25
549 25
159 25
178 41
555 25
94 25
370 41
437 25
891 25
814 34
916 25
562 41
565 41
668 25
172 25
793 25
789 41
518 25
147 25
785 25
862 41
314 25
270 25
479 25
313 41
86 41
618 25
842 25
821 25
304 25
594 25
399 25
871 25
503 25
282 25
421 41
604 9
492 25
22 25
879 25
464 25
98 25
811 25
646 25
449 25
388 25
284 9
439 41
491 25
876 25
61 41
254 25
69 25
887 25
473 34
908 25
804 9
7 9
128 25
474 25
308 25
865 9
14 34
48 41
581 25
743 41
58 25
235 9
224 25
265 25
476 34
430 25
630 41
687 25
860 25
699 25
87 25
698 9
619 25
882 25
190 25
153 25
64 41
40 25
819 41
940 25
831 25
696 9
255 41
805 41
597 25
640 25
681 9
641 25
295 9
929 25
185 25
183 25
459 25
649 25
867 41
361 25
720 25
692 25
740 25
770 25
233 34
571 41
644 41
538 9
189 41
713 25
543 25
855 25
734 25
228 25
465 25
157 41
478 25
277 41
340 41
810 25
806 25
932 34
42 34
110 25
90 25
484 25
393 25
582 25
44 25
379 25
296 34
784 25
386 25
80 41
598 25
305 25
127 25
84 25
605 25
177 25
875 41
138 25
392 41
317 9
718 37
611 25
796 37
726 25
188 9
279 25
613 25
401 41
358 25
99 25
349 41
847 25
143 41
545 34
25 41
206 41
843 9
682 41
941 41
920 9
660 41
527 34
552 41
230 41
864 9
739 41
217 41
647 41
422 41
884 41
883 41
458 9
208 41
741 41
27 41
366 41
200 41
170 41
173 37
275 41
404 41
142 41
8 34
561 38
816 41
766 41
11 41
587 41
471 41
306 37
500 41
222 41
686 41
689 41
66 41
201 41
243 41
525 34
364 37
246 41
3 41
38 41
705 41
395 38
717 41
489 41
79 41
261 41
824 41
625 41
617 41
105 37
558 41
119 41
787 41
583 41
141 37
589 41
54 41
21 41
591 25
600 34
745 41
903 37
326 41
563 34
152 9
118 41
30 41
414 41
614 41
553 41
551 41
264 37
260 41
721 41
541 37
642 41
249 41
537 34
701 41
935 41
654 41
519 41
377 34
505 41
678 41
501 41
674 41
387 9
559 41
215 9
506 41
685 41
938 41
933 41
930 41
258 41
512 34
921 41
626 41
268 41
150 41
857 41
607 37
754 38
757 34
374 41
602 38
297 41
299 41
144 41
137 34
135 9
319 41
779 41
71 41
133 41
322 41
123 41
564 41
480 41
693 41
877 41
797 41
82 9
409 41
1 41
445 41
37 34
225 41
390 41
664 41
815 37
227 34
432 34
237 41
33 9
57 41
651 34
382 41
396 41
648 34
510 41
380 37
628 41
9 37
729 41
467 37
281 41
73 41
901 34
408 41
750 41
367 34
601 9
763 41
585 41
773 37
840 41
573 37
490 34
223 41
669 41
684 41
777 41
83 41
103 37
311 41
475 41
207 9
427 41
198 9
848 41
457 41
76 41
194 41
425 41
859 41
925 9
858 41
175 41
169 41
910 41
873 41
599 9
20 41
55 37
794 41
65 41
49 41
70 41
320 41
376 41
670 34
849 41
283 41
896 41
744 37
886 37
17 41
742 34
737 41
416 41
213 41
134 41
39 41
2 41
515 41
694 37
400 41
239 41
448 41
179 41
132 41
32 41
483 6
702 41
835 41
592 9
180 41
586 37
424 41
765 41
906 34
715 9
711 41
410 34
182 41
928 41
635 34
250 41
423 41
72 8
107 41
554 41
426 41
629 41
536 34
808 41
412 34
202 34
124 37
300 38
136 41
572 41
343 41
874 41
861 41
346 34
168 37
272 41
164 41
834 9
535 41
67 41
130 41
838 34
78 41
872 34
294 41
942 41
365 9
36 41
802 9
428 9
852 37
667 41
666 41
31 41
104 41
494 41
768 34
550 38
96 38
752 34
19 41
274 34
350 37
827 41
917 38
918 41
636 37
714 41
193 41
253 37
931 41
832 34
199 41
795 41
760 9
926 41
596 41
114 41
477 37
495 9
444 6
381 37
712 41
360 38
496 9
798 41
113 41
418 41
753 41
236 38
937 9
533 38
353 41
507 41
517 41
359 41
151 37
880 37
728 38
530 41
51 41
817 41
286 37
155 41
156 41
575 41
574 37
276 34
691 34
869 41
339 41
620 41
391 41
318 41
280 41
50 34
845 41
486 34
934 41
257 41
229 41
232 41
719 41
383 9
514 41
240 41
24 41
539 41
252 41
420 41
413 41
904 41
342 41
375 37
758 9
23 41
472 41
767 34
149 41
769 41
310 41
251 38
46 34
493 37
936 34
775 41
580 37
28 41
278 41
161 41
406 41
456 41
321 41
894 41
167 41
323 41
567 41
623 41
446 41
485 41
13 41
187 41
923 37
710 41
833 41
15 37
434 41
680 37
329 37
363 37
209 41
881 41
451 37
62 37
204 41
312 41
584 41
454 41
357 9
195 34
762 38
102 41
634 37
12 37
93 41
293 37
287 41
176 41
389 34
160 38
914 41
53 41
624 41
81 41
915 41
348 41
468 37
746 37
438 34
603 41
186 37
75 41
6 41
43 41
4 41
336 37
771 41
697 38
203 41
26 41
657 34
29 38
788 41
488 41
210 34
212 34
846 38
791 41
35 38
593 9
809 41
851 34
526 9
673 41
523 41
844 41
841 41
939 37
690 34
242 37
244 41
639 37
384 41
922 41
419 41
723 41
912 41
415 41
615 41
756 37
309 37
407 37
497 34
898 41
893 37
790 9
487 9
885 41
878 41
394 34
800 37
579 38
676 41
338 9
216 41
853 41
807 41
679 41
850 38
238 41
324 37
482 41
453 41
74 41
455 41
540 41
247 37
196 41
256 37
351 41
139 41
91 38
818 41
140 41
727 37
85 41
145 41
730 34
288 34
747 41
621 37
736 34
106 41
546 34
868 41
907 41
301 41
725 41
266 37
774 38
547 41
826 41
863 41
828 34
709 37
108 41
643 38
5 38
780 9
895 41
569 37
700 41
100 37
125 41
220 41
120 37
534 41
665 41
34 41
532 34
341 41
335 41
822 41
run time cost of algorithm DRT_AG is 0.011444seconds
