1354900 120 44
812 41
309 34
549 9
339 25
490 25
741 25
407 9
24 25
199 25
419 25
559 41
188 25
219 41
655 25
498 9
665 25
564 25
828 41
175 25
763 25
834 25
75 25
531 34
311 25
697 25
660 25
116 25
782 25
119 25
99 25
501 25
632 25
84 25
644 25
617 25
713 25
814 34
139 25
312 25
860 25
323 34
863 9
595 25
526 25
593 25
515 34
138 25
858 25
601 25
314 34
398 25
605 41
8 34
13 25
662 25
422 25
56 9
28 34
439 25
872 25
736 25
220 25
855 41
821 25
659 25
598 34
826 25
676 41
406 9
681 25
737 25
522 25
424 25
140 25
743 25
537 34
260 25
578 25
575 25
256 34
252 25
754 25
345 25
243 34
721 41
799 25
513 25
81 25
748 25
89 34
759 25
147 9
117 25
375 25
730 25
185 34
53 34
108 25
643 9
689 25
135 25
616 25
68 41
606 34
104 25
444 9
157 25
552 25
97 41
469 34
801 41
453 25
282 25
786 25
114 25
338 9
700 25
696 25
463 41
457 25
475 25
857 34
682 25
722 41
794 25
171 25
173 25
572 25
600 25
884 25
184 25
110 25
161 25
192 25
16 25
504 25
506 25
810 25
357 34
204 9
673 34
239 25
813 41
319 25
848 25
352 25
642 25
465 25
732 25
305 25
596 25
686 25
534 25
597 41
31 25
341 25
440 25
5 25
608 9
767 25
781 25
825 25
824 25
641 25
190 25
587 25
113 9
378 25
493 25
142 41
414 25
840 41
19 25
358 25
403 25
52 25
253 41
122 9
647 9
250 25
245 25
23 9
240 25
758 9
610 34
467 34
762 9
225 41
583 25
156 34
635 25
458 25
633 25
193 41
80 25
541 25
196 25
495 9
719 25
579 34
868 25
652 25
359 25
520 9
735 25
653 25
846 25
408 41
793 41
96 25
191 25
328 25
640 25
626 25
370 41
413 25
521 9
849 9
74 25
376 25
92 41
315 25
837 25
425 25
854 25
154 25
186 25
179 25
335 34
749 9
693 25
573 25
232 9
343 9
753 25
7 25
212 25
516 25
126 25
864 25
181 34
83 34
189 25
664 34
66 25
151 25
394 25
82 25
98 25
195 25
21 25
612 25
187 25
592 25
709 41
255 25
706 41
78 25
152 25
387 25
654 25
130 25
144 9
137 25
744 9
158 25
72 34
746 25
739 25
567 25
613 9
222 34
254 34
543 25
450 25
356 25
316 25
625 9
609 41
230 34
546 25
687 34
297 34
519 25
831 34
726 25
10 25
203 25
288 25
63 34
489 25
481 25
480 41
386 25
385 25
182 25
374 25
101 25
347 34
218 25
95 25
570 25
436 41
627 9
433 25
273 25
249 25
615 25
354 25
27 25
742 25
30 25
395 34
776 34
410 25
675 25
487 34
714 25
464 25
100 25
166 9
123 25
362 25
377 41
589 9
275 25
111 41
283 25
371 25
11 34
234 34
459 25
822 25
756 25
791 25
574 25
426 25
293 25
524 25
221 25
518 25
818 25
258 41
728 9
729 25
454 9
4 34
772 25
672 25
771 25
348 25
76 25
279 25
773 41
817 41
285 25
470 25
49 25
411 9
294 25
246 25
474 25
329 25
233 25
12 25
839 9
851 25
576 25
418 25
159 25
830 9
646 25
784 25
766 25
430 34
491 25
324 25
510 25
607 25
651 25
172 25
591 25
170 25
692 34
228 25
780 34
434 41
272 25
624 41
69 41
205 25
391 25
631 9
346 25
455 41
25 25
542 25
397 25
871 25
645 25
6 25
366 25
740 25
141 25
558 34
711 34
555 41
400 41
127 25
788 25
649 34
471 25
769 41
384 25
382 25
584 41
760 25
235 34
77 25
274 34
442 25
421 25
431 25
535 25
877 25
880 25
64 25
143 25
815 25
557 25
327 25
795 25
325 25
91 9
460 25
571 25
511 25
620 9
281 25
843 25
562 25
751 25
33 25
43 25
484 34
445 9
351 25
409 25
65 25
121 25
551 9
548 25
229 34
269 9
838 25
34 9
37 34
441 25
88 34
237 25
3 34
634 34
738 34
369 34
45 34
582 25
71 25
883 34
502 25
209 25
777 41
650 25
588 25
820 41
404 9
178 25
882 25
670 25
124 25
800 25
808 25
819 25
629 25
41 25
723 9
485 25
334 25
809 25
59 25
14 9
18 9
565 34
29 25
153 25
630 25
797 25
532 25
35 9
289 25
862 9
202 25
115 25
468 9
823 25
623 25
512 25
102 41
251 34
765 34
764 25
392 34
93 34
216 25
661 25
259 25
674 41
271 25
133 25
447 9
879 25
131 25
443 25
128 41
497 9
38 25
525 34
200 25
720 25
778 25
302 25
703 25
287 25
496 25
695 41
322 25
145 25
569 25
55 41
680 25
844 25
103 25
677 25
280 25
265 34
669 25
832 25
150 9
657 9
372 9
2 25
550 25
388 25
1 25
242 9
146 25
886 25
340 34
553 25
244 25
545 34
636 41
853 25
850 9
292 25
761 25
295 25
599 25
380 25
684 25
536 34
379 34
284 25
148 25
350 34
530 9
112 25
318 25
164 41
461 25
509 25
580 25
381 25
215 25
540 9
62 25
48 25
486 25
594 25
747 25
261 25
291 25
416 25
276 34
745 25
750 9
752 25
727 25
231 25
213 9
198 25
310 25
313 25
317 25
803 25
320 25
805 25
807 25
811 25
118 41
106 25
90 41
79 25
383 25
393 25
639 25
856 25
866 34
423 25
0 25
529 9
885 25
22 25
622 25
875 25
702 34
479 25
435 25
678 25
488 41
298 25
757 25
183 34
155 41
861 25
134 25
107 25
412 25
638 25
51 25
774 25
54 25
874 34
331 9
705 25
401 25
307 34
566 25
829 25
94 34
547 25
299 25
36 9
286 25
859 25
790 9
691 25
44 25
364 9
168 25
585 25
163 25
835 25
136 25
427 25
194 25
708 41
129 25
39 25
816 41
586 25
241 25
671 25
42 25
499 25
270 25
733 25
227 25
667 25
870 25
770 25
533 34
301 25
712 25
165 25
162 9
402 25
67 25
50 41
701 25
477 25
614 25
619 25
556 25
223 25
538 25
176 25
85 25
842 25
845 25
787 25
57 9
561 9
717 25
783 34
40 41
806 25
628 25
167 25
683 9
621 25
429 25
217 25
332 25
396 25
32 34
715 34
796 25
876 9
399 25
277 25
336 25
405 25
296 9
60 41
58 34
438 9
478 25
704 25
337 25
290 25
527 25
779 34
618 25
73 25
581 25
539 25
517 9
361 25
505 9
26 25
560 25
420 25
611 25
306 25
604 34
390 25
568 9
262 25
257 41
224 41
707 25
658 25
360 34
330 25
300 25
666 25
238 9
685 25
368 25
373 34
668 41
456 25
389 34
248 9
500 25
827 41
86 25
365 34
268 9
734 9
563 25
725 9
449 9
873 9
698 41
326 25
207 34
206 25
577 25
775 25
446 25
197 25
9 25
17 34
881 25
120 25
415 25
602 41
247 9
789 34
492 25
841 25
833 25
174 25
466 25
528 34
710 25
226 25
656 25
648 25
724 25
264 34
417 34
236 25
61 25
303 25
755 25
105 25
448 34
304 25
266 41
87 25
590 9
483 25
731 25
462 25
472 25
718 25
278 34
694 25
20 25
267 25
544 25
716 41
333 34
353 41
355 25
507 25
865 34
452 25
798 34
214 25
867 25
437 25
308 9
363 34
836 25
554 25
342 25
70 34
494 41
344 9
201 25
473 25
263 25
321 25
663 25
847 25
349 25
679 25
603 25
125 41
852 25
132 34
211 41
177 34
690 34
149 25
699 41
432 25
869 25
476 25
508 41
428 9
802 25
367 25
804 34
169 25
523 25
46 34
160 25
792 34
768 25
688 25
47 25
451 25
637 41
503 25
878 25
180 25
785 41
482 25
210 25
15 25
208 25
514 25
109 25
run time cost of algorithm DRT_AG is 0.007969seconds
