786100 98 16
0 0
1 0
2 0
3 0
4 0
5 0
6 0
7 0
8 0
9 0
10 0
11 0
12 0
13 0
14 34
15 0
16 0
17 0
18 0
19 0
20 0
21 0
22 0
23 0
24 0
25 0
26 0
27 1
28 34
29 0
30 0
31 0
32 0
33 0
34 34
35 0
36 0
37 0
38 0
39 0
40 0
41 34
42 0
43 0
44 0
45 0
46 0
47 34
48 0
49 0
50 1
51 0
52 0
53 0
54 0
55 0
56 0
57 0
58 0
59 0
60 34
61 1
62 0
63 0
64 0
65 0
66 0
67 0
68 0
69 0
70 0
71 0
72 0
73 0
74 0
75 0
76 0
77 0
78 0
79 0
80 0
81 0
82 0
83 0
84 0
85 0
86 0
87 0
88 0
89 0
90 0
91 0
92 0
93 0
94 0
95 0
96 0
97 0
98 0
99 0
100 0
101 0
102 34
103 0
104 0
105 0
106 0
107 0
108 0
109 0
110 0
111 0
112 1
113 0
114 0
115 0
116 0
117 1
118 0
119 0
120 1
121 0
122 0
123 1
124 34
125 0
126 0
127 0
128 0
129 1
130 1
131 1
132 0
133 0
134 0
135 0
136 0
137 0
138 0
139 1
140 0
141 0
142 0
143 0
144 0
145 0
146 0
147 0
148 0
149 0
150 0
151 0
152 0
153 0
154 0
155 34
156 0
157 0
158 0
159 0
160 0
161 1
162 0
163 0
164 0
165 0
166 0
167 1
168 0
169 0
170 0
171 0
172 34
173 0
174 0
175 34
176 0
177 0
178 0
179 0
180 0
181 1
182 0
183 0
184 0
185 0
186 1
187 1
188 34
189 0
190 0
191 34
192 0
193 0
194 0
195 0
196 1
197 0
198 0
199 0
200 0
201 0
202 0
203 0
204 0
205 0
206 0
207 0
208 34
209 1
210 0
211 0
212 0
213 0
214 0
215 1
216 0
217 0
218 0
219 1
220 0
221 0
222 0
223 1
224 0
225 0
226 0
227 1
228 0
229 0
230 0
231 0
232 0
233 0
234 0
235 0
236 0
237 0
238 0
239 1
240 0
241 0
242 0
243 0
244 1
245 1
246 0
247 34
248 1
249 0
250 0
251 0
252 0
253 0
254 0
255 0
256 0
257 0
258 0
259 0
260 34
261 1
262 0
263 1
264 34
265 0
266 0
267 1
268 0
269 1
270 0
271 1
272 1
273 0
274 0
275 0
276 1
277 1
278 0
279 0
280 0
281 0
282 0
283 0
284 1
285 0
286 0
287 1
288 0
289 1
290 0
291 0
292 0
293 34
294 0
295 1
296 0
297 0
298 0
299 0
300 0
301 0
302 0
303 1
304 1
305 0
306 0
307 1
308 0
309 0
310 0
311 1
312 34
313 0
314 0
315 0
316 34
317 1
318 1
319 0
320 0
321 0
322 1
323 1
324 1
325 0
326 0
327 0
328 0
329 0
330 1
331 0
332 0
333 1
334 0
335 1
336 0
337 0
338 0
339 0
340 0
341 1
342 34
343 0
344 0
345 0
346 0
347 0
348 0
349 0
350 0
351 0
352 0
353 1
354 0
355 0
356 0
357 0
358 2
359 0
360 0
361 0
362 34
363 0
364 0
365 0
366 0
367 1
368 8
369 0
370 0
371 0
372 0
373 1
374 0
375 0
376 0
377 0
378 0
379 0
380 0
381 0
382 0
383 0
384 0
385 0
386 0
387 1
388 0
389 2
390 0
391 2
392 0
393 0
394 0
395 1
396 1
397 34
398 0
399 0
400 0
401 0
402 0
403 0
404 1
405 34
406 1
407 0
408 0
409 0
410 0
411 0
412 1
413 1
414 0
415 0
416 0
417 0
418 0
419 34
420 1
421 1
422 0
423 0
424 0
425 0
426 0
427 0
428 1
429 0
430 0
431 0
432 0
433 1
434 1
435 0
436 1
437 0
438 1
439 1
440 34
441 34
442 1
443 1
444 0
445 1
446 0
447 1
448 0
449 0
450 1
451 0
452 0
453 0
454 0
455 0
456 1
457 0
458 0
run time cost of algorithm SM_CTP is 0.319033seconds
