2152400 161 42
304 25
501 25
500 41
121 34
151 25
350 25
156 25
493 25
274 25
403 25
264 25
262 25
410 34
253 25
64 25
427 25
237 9
43 41
27 25
479 25
176 25
99 25
305 9
15 25
244 25
3 25
287 25
18 25
247 25
283 25
59 25
394 25
201 25
81 25
97 25
362 25
424 25
278 25
160 9
280 9
375 41
384 25
109 9
17 25
78 25
339 25
462 25
74 25
222 41
19 34
414 25
465 41
153 25
290 25
142 25
252 41
388 25
130 25
126 25
475 25
226 25
195 25
220 25
216 9
9 25
351 25
159 25
80 25
189 25
90 25
88 25
268 25
21 25
136 25
131 25
297 25
180 25
199 25
179 25
335 25
239 25
438 25
360 25
461 25
425 25
98 25
266 25
449 25
139 25
23 25
433 25
374 25
95 41
8 9
125 25
146 25
50 25
173 25
229 25
196 25
344 25
265 34
295 9
62 25
233 25
275 25
228 25
330 25
441 25
46 9
398 25
33 41
210 25
341 25
6 41
48 25
458 25
231 25
162 25
25 25
382 25
371 41
167 25
61 25
443 25
378 25
267 25
22 25
243 25
412 41
4 25
326 25
14 25
42 34
325 25
417 9
301 25
241 34
213 41
497 25
84 9
298 25
415 41
207 25
271 34
182 41
484 25
158 25
420 41
120 41
470 25
328 25
34 25
234 25
333 25
235 25
431 25
123 25
28 25
307 25
364 25
102 34
246 25
100 25
487 25
58 25
324 41
488 25
66 25
169 25
383 25
300 25
387 41
397 25
261 41
357 25
411 25
492 25
321 25
323 41
13 41
367 25
124 25
366 41
200 25
110 25
432 25
434 25
45 25
26 25
155 25
32 41
455 25
232 25
152 25
456 25
118 25
286 25
291 25
444 25
108 25
164 34
93 25
225 9
223 25
145 9
206 34
86 25
413 25
406 25
409 9
215 41
314 25
0 25
57 34
292 25
112 25
303 25
148 41
185 25
54 41
352 9
150 9
356 25
448 25
334 25
29 34
279 25
256 25
466 34
277 25
392 41
396 25
311 41
263 41
192 41
132 25
319 9
365 41
358 41
446 25
212 41
495 25
496 41
1 9
51 41
340 25
354 41
489 25
312 25
24 25
445 25
186 34
178 41
105 25
103 25
116 25
96 41
258 41
165 25
135 25
75 25
214 25
198 25
128 25
245 25
463 25
79 41
477 9
385 34
106 25
428 25
436 25
92 9
134 41
36 25
37 25
464 25
191 25
306 25
419 34
459 25
143 25
379 25
175 25
168 25
430 25
322 25
10 25
107 25
498 25
503 25
211 25
381 25
337 41
104 41
276 25
377 25
399 25
400 25
60 41
257 41
249 41
442 25
35 41
193 25
467 41
471 25
310 25
359 34
308 9
111 9
353 25
372 41
272 25
315 34
481 25
113 25
166 41
203 25
469 25
82 25
236 25
454 41
141 25
172 9
72 41
49 41
144 25
254 41
332 41
65 25
63 25
408 25
421 25
242 25
336 25
450 41
338 9
140 25
318 25
478 41
208 41
273 41
219 25
369 25
101 25
309 41
355 25
218 25
2 41
289 25
288 25
41 25
327 25
181 25
137 25
250 25
452 34
38 41
230 25
227 25
281 34
407 41
476 25
20 25
260 25
177 25
395 25
170 25
114 41
83 34
205 25
342 25
482 41
473 25
259 25
31 25
423 25
405 9
404 9
161 25
429 41
85 25
94 25
480 25
346 25
187 25
345 25
302 25
447 25
393 25
53 25
391 25
316 25
313 25
204 41
491 41
157 41
499 41
320 25
69 25
68 25
331 6
133 41
7 41
347 41
77 25
183 25
248 25
343 25
386 41
437 25
11 25
147 34
39 41
426 25
89 9
117 34
422 25
255 25
154 34
238 25
282 34
56 25
127 25
361 25
494 9
363 41
163 41
16 9
485 25
390 41
348 9
149 25
240 25
389 25
486 25
122 41
40 41
87 41
44 25
349 37
440 41
209 25
217 34
5 41
294 25
174 25
474 25
296 41
451 25
119 41
138 25
129 25
460 25
457 25
502 25
299 25
329 25
285 41
67 41
70 9
368 25
202 34
472 25
435 41
373 41
490 25
73 25
270 41
402 25
269 25
439 34
190 41
47 25
284 41
197 25
71 25
453 25
370 25
184 25
76 25
483 6
52 34
171 25
401 25
12 41
317 41
380 25
115 25
293 37
221 25
376 41
91 25
224 25
251 25
55 25
468 25
30 25
194 25
416 37
188 41
418 9
504 25
run time cost of algorithm DRT_AG is 0.003302seconds
