3702000 170 29
739 25
416 25
2 25
771 25
135 9
342 25
712 25
614 25
394 25
9 25
512 25
700 25
529 41
697 25
696 25
452 25
688 34
212 25
727 25
683 25
682 25
295 25
729 34
407 25
535 25
668 25
26 25
345 25
792 25
234 25
42 25
583 25
200 25
574 25
38 25
637 25
506 34
582 25
420 25
32 25
782 25
255 25
748 25
380 25
444 41
722 25
346 25
594 25
718 25
448 25
559 9
228 25
131 8
436 25
770 25
279 25
231 25
550 25
449 25
499 25
767 25
236 25
469 25
366 25
3 25
774 25
602 25
821 25
758 25
607 41
815 25
814 34
441 25
325 25
586 25
354 25
509 25
77 9
304 25
123 34
121 41
249 25
316 25
471 25
300 25
118 25
349 25
13 9
642 25
694 25
720 25
740 34
92 25
268 25
803 25
95 25
566 25
20 25
257 25
676 25
571 25
171 9
515 25
569 9
25 25
178 25
56 25
181 25
108 41
474 25
404 9
806 25
183 25
311 25
561 25
322 25
746 25
147 25
640 25
480 25
199 25
365 25
333 25
373 25
628 25
44 25
775 25
612 25
395 34
136 25
58 25
227 41
134 25
223 25
145 25
211 25
214 25
752 25
408 25
527 25
524 25
715 41
406 25
701 41
353 25
217 25
557 25
500 25
438 34
816 25
83 25
446 41
192 25
649 41
687 25
190 25
428 25
779 34
269 25
781 25
41 25
680 34
507 9
387 25
164 41
250 25
795 25
457 25
383 25
102 25
728 25
313 9
669 25
282 25
74 25
802 25
489 25
736 25
708 25
660 25
439 25
429 25
459 25
81 25
184 25
603 25
367 25
596 25
479 41
460 25
388 9
520 25
689 25
810 9
588 25
565 25
719 25
743 25
604 25
115 25
90 25
605 25
69 25
162 41
454 41
717 25
733 25
618 9
351 34
398 41
128 25
796 25
709 25
545 25
363 25
632 25
790 25
505 25
352 25
402 25
636 25
221 34
555 25
82 41
198 25
556 25
737 25
180 25
248 9
117 25
492 25
59 34
747 25
324 25
494 25
235 25
419 25
447 25
699 25
777 34
600 25
589 25
106 25
508 25
654 25
245 25
246 34
94 25
63 25
64 25
761 25
611 25
158 25
458 41
799 25
124 25
710 25
731 25
53 41
312 25
422 25
570 9
798 41
568 9
341 25
166 25
513 25
681 25
16 25
78 41
563 25
294 41
807 25
37 25
187 25
11 25
110 25
114 25
278 41
652 25
238 25
51 25
437 25
197 25
466 25
749 25
204 34
71 25
288 25
549 25
625 25
385 25
357 25
293 25
1 25
472 9
538 41
809 25
29 25
534 25
573 25
577 34
434 41
370 25
371 25
630 25
306 9
206 25
467 25
461 25
516 34
33 25
662 25
328 41
335 41
160 25
142 25
390 25
780 25
391 25
320 25
87 25
405 34
65 25
418 9
48 25
140 25
784 25
666 25
787 25
185 25
591 25
572 25
486 41
271 25
485 25
501 25
706 25
705 25
424 25
431 25
330 25
679 25
435 25
674 25
456 25
530 25
533 25
450 25
138 25
547 25
440 34
707 9
133 34
374 25
481 25
714 25
427 41
598 41
88 25
360 41
93 25
567 25
258 25
580 25
585 25
595 25
101 41
273 34
369 25
751 25
445 25
721 25
73 25
560 25
410 25
554 25
193 41
650 9
656 41
177 41
661 41
540 9
759 41
523 41
318 34
57 41
163 34
155 41
691 41
805 41
337 41
451 41
671 41
670 41
201 41
634 41
713 41
633 34
119 41
468 41
629 41
105 41
232 41
266 41
475 41
274 41
756 41
275 41
72 41
281 34
551 41
757 41
297 41
762 41
61 41
763 41
321 41
323 41
35 34
34 41
31 41
793 41
495 34
504 41
503 41
12 41
411 41
822 25
215 41
308 41
229 41
5 41
7 34
329 41
298 41
760 41
620 41
344 41
107 41
548 41
409 41
289 41
286 41
553 41
401 9
476 41
399 41
745 41
280 41
247 41
272 41
791 41
195 41
386 9
100 41
695 41
677 41
10 41
673 41
224 41
225 41
186 37
310 41
526 41
254 41
609 41
172 41
205 41
579 41
470 41
207 41
663 41
776 41
161 41
264 41
230 41
578 41
403 9
19 41
210 34
755 41
735 41
711 41
361 41
350 37
174 41
487 41
70 41
43 34
327 41
179 41
259 41
613 41
251 41
22 41
27 41
66 34
498 9
797 41
165 41
531 41
532 41
647 41
256 41
149 41
698 41
146 41
455 41
15 34
141 41
144 41
283 41
817 34
270 41
783 41
635 41
202 41
641 41
196 41
359 41
89 41
86 41
421 9
307 9
152 41
84 41
646 41
267 34
317 41
639 41
704 41
292 41
208 37
237 41
336 41
239 41
339 41
622 41
113 41
490 41
541 41
285 38
627 41
544 41
730 41
104 9
241 41
483 37
482 9
355 41
50 37
587 41
665 41
769 41
623 41
690 41
46 9
120 41
617 9
376 41
377 41
156 34
393 41
252 41
599 41
396 41
800 41
643 41
18 37
253 41
804 41
182 41
610 41
517 41
575 41
132 41
216 41
430 37
169 9
493 37
766 41
67 41
415 41
808 41
122 9
36 9
111 41
724 41
356 9
188 41
778 41
510 41
734 41
536 9
684 41
693 41
685 41
378 41
40 34
519 41
522 41
39 41
786 41
91 41
738 41
301 41
220 41
638 41
514 41
80 41
296 41
75 41
331 34
732 34
47 41
543 41
127 41
502 37
62 41
340 41
655 41
564 41
773 9
191 41
768 41
54 41
491 41
616 41
478 41
477 41
332 41
261 41
372 41
154 41
226 41
525 41
302 34
299 37
703 41
794 41
21 9
658 41
801 41
644 41
584 41
126 41
813 41
581 41
265 9
262 41
4 41
0 41
562 34
28 41
765 41
645 41
764 41
260 34
626 34
789 41
384 41
379 41
244 9
664 9
423 9
326 41
389 41
754 41
725 37
85 41
518 41
672 41
392 9
744 41
675 41
473 34
464 41
678 41
400 41
96 41
414 41
157 41
597 41
17 41
606 41
153 41
303 41
442 41
537 34
653 41
151 41
692 41
305 9
375 37
397 41
741 41
148 41
309 41
753 41
319 41
785 41
23 41
112 41
68 41
175 9
334 41
203 41
60 41
189 41
125 41
276 37
413 41
30 41
381 41
277 41
347 41
484 41
116 41
497 34
819 41
433 37
173 41
49 41
315 37
590 41
621 41
417 41
150 41
619 41
291 41
542 41
222 34
99 41
443 41
368 41
98 41
364 41
362 41
8 41
812 41
45 41
742 34
465 41
168 41
592 41
624 41
170 41
314 41
453 41
723 41
79 41
76 41
213 34
462 41
511 41
552 41
651 41
818 41
24 41
338 41
576 41
558 41
194 9
657 37
648 41
348 41
137 41
55 41
425 41
343 41
52 41
659 41
496 9
176 41
631 41
521 41
528 41
615 41
539 41
218 41
159 9
608 41
426 34
593 41
287 38
242 41
143 34
788 41
716 41
263 41
129 41
130 41
382 41
243 34
139 41
488 41
284 41
109 41
240 41
463 37
233 41
601 41
686 41
726 41
290 41
412 34
14 41
219 41
546 41
103 41
811 34
97 41
167 9
667 41
6 41
432 41
209 41
750 41
358 41
820 41
772 41
702 41
run time cost of algorithm DRT_AG is 0.007238seconds
