1880800 104 69
0 34
1 34
2 34
3 34
4 34
5 34
6 34
7 34
8 0
9 34
10 34
11 34
12 34
13 34
14 34
15 34
16 34
17 34
18 34
19 34
20 34
21 34
22 34
23 34
24 34
25 34
26 34
27 34
28 34
29 34
30 34
31 34
32 34
33 34
34 34
35 34
36 34
37 34
38 34
39 34
40 34
41 34
42 34
43 34
44 34
45 34
46 34
47 34
48 34
49 34
50 34
51 34
52 34
53 34
54 34
55 34
56 34
57 34
58 34
59 34
60 34
61 34
62 34
63 34
64 34
65 34
66 34
67 34
68 41
69 34
70 34
71 41
72 41
73 34
74 34
75 34
76 34
77 34
78 34
79 34
80 41
81 34
82 34
83 34
84 34
85 0
86 34
87 34
88 0
89 34
90 34
91 34
92 34
93 34
94 34
95 34
96 34
97 34
98 34
99 34
100 34
101 34
102 34
103 34
104 34
105 41
106 34
107 34
108 34
109 34
110 34
111 34
112 41
113 34
114 34
115 0
116 41
117 34
118 41
119 34
120 34
121 34
122 41
123 34
124 34
125 34
126 34
127 34
128 34
129 34
130 34
131 41
132 34
133 34
134 34
135 34
136 34
137 34
138 34
139 34
140 41
141 34
142 34
143 34
144 34
145 8
146 34
147 34
148 34
149 0
150 34
151 41
152 34
153 34
154 34
155 41
156 34
157 41
158 34
159 41
160 34
161 34
162 34
163 34
164 34
165 34
166 34
167 34
168 41
169 34
170 34
171 34
172 34
173 34
174 34
175 0
176 34
177 0
178 41
179 34
180 34
181 34
182 41
183 34
184 34
185 34
186 34
187 34
188 34
189 41
190 34
191 41
192 34
193 34
194 34
195 34
196 34
197 0
198 34
199 34
200 34
201 34
202 34
203 34
204 34
205 34
206 41
207 34
208 34
209 34
210 34
211 41
212 34
213 41
214 34
215 34
216 41
217 34
218 34
219 34
220 34
221 34
222 34
223 34
224 8
225 34
226 34
227 34
228 34
229 34
230 34
231 34
232 34
233 34
234 34
235 8
236 41
237 34
238 34
239 34
240 34
241 0
242 34
243 34
244 34
245 34
246 34
247 34
248 34
249 34
250 34
251 34
252 41
253 34
254 41
255 34
256 34
257 34
258 34
259 34
260 34
261 41
262 34
263 34
264 34
265 34
266 34
267 34
268 34
269 34
270 34
271 34
272 34
273 34
274 0
275 34
276 34
277 34
278 34
279 34
280 34
281 34
282 41
283 34
284 34
285 34
286 34
287 34
288 41
289 41
290 34
291 34
292 34
293 41
294 34
295 34
296 34
297 34
298 1
299 41
300 34
301 34
302 41
303 34
304 41
305 41
306 41
307 41
308 41
309 34
310 34
311 41
312 41
313 34
314 34
315 34
316 41
317 41
318 34
319 41
320 41
321 34
322 0
323 34
324 34
325 34
326 34
327 34
328 34
329 34
330 34
331 0
332 34
333 41
334 41
335 0
336 34
337 34
338 8
339 34
340 34
341 34
342 34
343 41
344 34
345 34
346 34
347 34
348 41
349 0
350 34
351 34
352 34
353 34
354 34
355 34
356 34
357 41
358 34
359 34
360 8
361 34
362 34
363 34
364 34
365 41
366 34
367 34
368 34
369 34
370 34
371 34
372 34
373 8
374 34
375 34
376 34
377 41
378 34
379 34
380 34
381 34
382 41
383 34
384 34
385 41
386 34
387 0
388 34
389 34
390 34
391 34
392 34
393 41
394 41
395 34
396 41
397 34
398 34
399 34
400 34
401 34
402 34
403 34
404 34
405 34
406 34
407 41
408 34
409 41
410 34
411 34
412 0
413 41
414 34
415 34
416 34
417 34
418 41
419 34
420 34
421 41
422 0
423 34
424 0
425 41
426 34
427 41
428 34
429 34
430 41
431 34
432 34
433 34
434 34
435 34
436 41
437 34
438 34
439 0
440 34
441 34
442 34
443 34
444 34
445 34
446 41
447 34
448 34
449 41
450 34
451 34
452 41
453 41
454 41
455 41
456 34
457 34
458 41
459 41
460 41
461 8
462 41
463 41
464 41
465 41
466 41
467 34
468 34
469 0
470 34
471 34
472 34
473 0
474 34
475 34
476 41
477 34
478 34
479 41
480 0
481 0
482 41
483 34
484 34
485 34
486 41
487 34
488 34
489 41
490 34
491 34
492 34
493 34
494 34
495 0
496 34
497 41
498 34
499 41
500 41
501 34
502 34
503 34
504 34
505 41
506 41
507 0
508 34
509 34
run time cost of algorithm SM_CTP is 0.71234seconds
