897000 109 68
158 34
57 34
47 34
102 34
108 34
258 34
132 34
138 34
291 34
218 34
223 34
11 34
260 34
2 0
66 34
229 34
89 41
96 34
246 34
104 34
202 34
289 34
119 34
142 34
148 34
256 34
154 34
233 34
270 34
190 41
192 34
204 34
287 34
209 34
210 34
77 34
53 34
28 34
150 34
234 0
245 34
35 34
279 0
16 34
85 34
284 41
261 34
60 34
10 34
250 34
128 34
115 34
1 34
120 34
134 34
151 34
242 34
163 34
82 34
283 34
171 34
269 34
7 34
219 41
9 34
99 34
100 34
26 34
188 34
5 41
44 34
265 41
249 41
205 34
267 0
248 34
73 41
59 34
6 34
156 34
4 34
145 41
133 34
206 34
113 0
45 0
232 34
173 34
80 34
61 34
181 34
240 0
86 34
194 34
33 8
208 34
93 34
98 41
286 41
83 34
62 41
64 34
227 41
34 41
109 34
92 0
25 34
160 41
164 34
272 41
24 41
129 34
127 34
69 8
126 41
196 34
252 41
159 34
67 41
189 34
193 34
71 41
29 34
186 34
18 34
268 34
214 34
31 41
288 34
199 41
20 34
184 34
175 41
79 34
168 41
46 34
49 34
146 34
290 34
116 41
17 41
216 41
241 34
257 34
153 34
144 34
178 0
221 34
43 34
27 34
101 34
244 34
277 0
273 34
141 0
123 34
161 34
107 41
197 34
213 34
114 34
255 34
243 34
236 34
231 34
32 34
14 34
112 34
121 34
200 0
90 34
117 41
91 34
78 41
276 34
72 34
140 34
38 41
75 34
254 34
180 34
274 34
54 41
3 34
55 8
48 34
259 41
228 41
13 34
40 41
203 34
278 34
135 41
207 34
52 34
125 34
187 34
22 34
111 41
169 0
201 41
167 34
182 0
149 41
253 34
191 0
58 34
106 34
88 34
147 34
105 41
39 41
212 34
165 41
285 41
177 34
275 24
217 34
63 41
122 34
12 34
136 34
137 34
94 41
264 41
262 34
23 34
97 34
131 34
15 41
195 34
65 41
68 34
41 41
36 34
239 41
110 34
152 34
224 41
70 34
185 34
42 34
95 0
280 41
235 41
281 41
130 34
155 34
162 41
50 24
176 34
172 34
238 24
56 34
226 24
247 34
271 34
251 34
237 34
292 0
19 0
222 34
21 34
263 34
51 34
211 41
266 24
76 41
282 34
87 41
143 34
0 0
166 34
139 34
118 41
103 34
179 34
183 34
198 41
37 34
225 0
8 41
157 34
170 34
174 41
124 41
84 34
81 34
74 34
215 41
30 41
220 34
230 0
run time cost of algorithm DRT_BD is 0.055503seconds
