1137100 161 49
547 9
641 9
312 9
47 9
782 9
69 9
438 9
562 9
36 9
332 9
213 34
446 9
701 9
357 9
466 9
88 9
802 9
21 34
344 9
403 9
803 9
143 9
90 9
538 9
738 9
817 9
281 9
792 9
686 9
461 9
450 9
716 9
707 9
28 9
677 9
275 9
26 6
808 9
38 9
666 9
15 9
389 9
487 9
168 9
433 9
391 9
227 9
318 9
393 9
395 9
832 9
423 9
406 9
611 9
442 9
756 9
84 9
247 9
287 9
414 9
234 9
821 9
820 9
527 9
619 9
519 9
819 6
153 9
68 9
505 9
469 9
71 9
346 9
205 9
262 9
386 9
443 9
795 9
63 9
518 9
80 9
248 9
324 9
746 9
249 9
675 9
777 9
99 9
255 9
70 9
345 9
481 34
185 9
256 9
512 9
818 9
605 9
336 9
24 9
788 9
225 9
523 34
360 9
525 34
263 9
397 9
563 9
39 9
571 9
383 9
553 9
662 9
401 9
663 9
530 34
726 9
441 9
434 9
572 9
298 9
769 9
137 9
793 34
809 9
10 9
630 9
127 9
577 9
665 9
536 9
348 9
772 9
616 9
123 9
742 9
48 9
67 9
799 9
181 9
306 6
31 9
3 9
588 9
477 9
73 9
583 9
582 34
732 9
578 9
196 9
86 9
574 9
114 9
652 6
456 34
9 9
566 9
388 9
118 34
284 9
790 9
186 9
637 9
595 9
597 6
221 34
166 9
296 9
747 34
731 9
730 9
399 9
763 9
19 9
60 9
232 6
176 6
226 6
122 9
427 9
543 9
737 9
182 9
126 9
42 9
92 9
96 9
81 9
400 9
171 9
241 9
408 9
699 9
537 9
27 9
334 34
715 9
473 9
321 6
762 9
706 9
94 9
369 9
668 34
333 9
655 9
745 9
647 9
169 9
103 9
286 6
214 9
445 6
682 9
211 9
319 9
238 9
413 9
634 9
780 9
558 9
636 9
294 9
800 9
231 9
785 9
773 9
454 9
62 6
812 9
617 9
162 9
304 34
415 9
253 9
722 9
380 9
796 9
199 9
239 9
13 9
463 9
508 9
87 6
361 9
0 9
340 9
236 9
770 9
604 9
139 9
825 9
739 9
648 6
778 9
435 9
824 34
331 9
113 9
673 9
475 9
524 9
500 9
798 6
702 34
627 9
130 6
179 6
472 9
416 9
22 9
109 9
307 6
539 9
316 9
546 9
592 9
585 9
147 9
279 9
576 9
220 9
754 6
8 9
328 9
447 9
570 9
774 9
451 9
164 9
830 9
681 9
292 9
528 9
598 9
230 9
703 9
753 9
417 9
299 9
495 34
301 34
506 9
632 9
424 9
806 6
107 34
100 9
330 9
733 34
744 9
55 9
52 9
117 9
771 9
640 9
766 9
670 9
372 9
244 9
541 9
129 9
710 9
335 9
455 9
76 9
708 9
579 9
252 9
195 9
25 9
78 9
482 9
392 6
274 9
521 9
267 9
125 9
516 9
669 9
515 9
698 9
258 6
375 9
2 9
173 9
729 9
381 9
590 9
783 9
382 9
351 9
474 9
789 9
719 9
16 9
664 9
580 34
452 9
192 9
656 9
368 9
44 6
728 9
175 34
49 9
522 9
295 6
112 9
660 9
355 9
804 6
674 9
101 34
504 9
492 9
342 9
704 9
273 9
61 9
209 6
219 9
54 6
561 9
163 6
554 9
432 9
57 9
135 9
540 9
167 9
374 34
638 9
644 9
533 34
65 9
282 9
468 9
353 9
30 9
329 9
194 9
478 9
277 9
696 9
484 9
721 6
486 9
697 9
23 6
822 9
680 9
507 9
678 9
358 9
650 9
116 9
208 9
387 9
210 9
440 9
421 6
759 9
261 9
115 9
833 9
549 9
265 34
671 9
411 9
430 9
626 9
476 6
712 9
765 9
470 9
235 9
467 9
810 9
322 9
272 9
172 9
151 9
503 9
183 9
685 9
337 9
142 9
596 9
138 9
496 9
242 6
407 9
148 9
56 9
534 9
600 9
83 9
200 9
811 9
224 9
646 34
285 9
768 9
184 9
711 9
288 9
104 9
723 9
499 9
77 6
805 9
557 34
629 9
108 9
623 6
191 9
300 9
359 9
187 34
218 9
20 9
749 34
161 6
245 9
485 6
58 9
145 9
313 9
309 6
586 9
776 9
257 34
672 9
33 9
259 6
659 34
479 9
160 9
317 6
679 9
18 9
458 9
814 9
575 9
394 9
444 9
601 9
607 9
625 9
428 9
106 9
514 9
628 9
41 34
599 9
418 6
207 9
379 6
79 9
436 9
17 9
278 9
201 9
694 6
480 9
240 9
105 9
251 9
405 9
174 9
45 9
827 34
695 9
243 9
661 9
510 9
520 9
501 9
448 9
66 9
727 9
95 9
74 9
35 9
781 9
807 9
735 34
548 9
136 9
141 9
410 9
551 6
555 6
362 9
82 9
764 6
51 9
643 6
152 9
215 9
12 9
339 9
254 34
229 9
412 6
654 9
593 9
734 9
718 9
119 34
624 34
488 9
490 9
513 9
356 34
6 9
189 6
311 6
347 9
509 9
246 9
645 34
581 9
584 9
134 9
217 6
633 9
787 6
565 9
363 9
602 6
178 9
373 9
621 6
502 6
85 34
622 9
653 9
779 6
594 9
603 34
365 9
568 9
409 34
794 6
190 9
110 9
290 34
829 9
140 34
750 9
297 9
752 6
93 9
4 9
755 6
270 6
212 9
155 9
614 9
567 9
761 9
158 9
198 6
483 9
354 9
462 9
426 6
757 6
615 9
43 34
667 9
740 9
124 9
323 9
50 9
341 9
385 6
784 9
367 9
420 9
498 9
233 9
797 9
293 9
676 9
464 6
268 9
649 9
736 9
325 9
146 9
338 6
720 6
700 6
264 6
743 6
693 9
542 9
826 9
535 6
111 6
271 6
228 9
690 9
377 9
453 9
314 9
709 9
767 9
751 9
32 6
556 9
349 9
289 9
760 9
465 9
364 6
157 6
813 9
587 9
497 34
352 6
658 6
7 9
419 9
517 6
823 9
422 6
46 6
608 9
120 6
613 9
631 9
529 9
532 9
371 34
692 9
144 9
280 6
544 9
688 9
531 34
276 6
180 9
398 34
188 9
786 6
816 9
815 9
791 9
459 9
197 6
193 9
657 6
102 9
14 9
216 34
89 9
439 6
5 9
639 6
437 9
775 9
165 9
828 6
320 6
429 9
1 34
748 9
609 9
133 34
620 9
159 9
618 9
831 6
222 9
552 9
53 9
687 9
741 9
705 6
564 9
449 6
11 34
206 9
684 9
154 9
801 6
396 9
384 9
266 9
370 9
402 9
494 6
37 9
310 9
308 9
350 9
724 9
425 9
302 9
550 9
612 9
559 9
72 9
589 9
366 9
431 9
315 6
91 9
545 9
269 9
203 9
569 9
390 9
170 9
121 9
177 6
305 6
642 9
713 34
714 6
489 9
651 9
378 9
40 9
511 9
560 9
150 9
260 9
75 9
98 6
327 9
29 6
156 6
250 6
404 9
64 6
491 6
683 6
635 9
303 9
237 9
460 9
202 9
376 9
725 9
758 6
457 9
204 9
591 6
59 9
283 9
326 9
610 6
132 9
223 9
343 9
131 9
526 9
471 9
291 34
128 6
493 9
606 9
34 9
717 34
149 9
689 9
691 6
97 34
573 9
run time cost of algorithm DRT_AG is 0.007913seconds
