2064200 170 42
73 9
30 25
29 25
334 25
322 25
544 25
419 25
445 25
268 25
506 25
180 25
173 25
475 25
250 41
535 25
163 25
289 25
298 9
41 25
62 25
549 25
327 25
380 25
121 9
363 25
343 25
344 25
31 25
355 25
110 25
560 25
283 25
263 25
67 9
361 9
120 25
550 9
333 25
395 25
537 25
312 41
170 25
17 25
221 9
16 25
55 25
242 25
472 25
279 41
336 9
50 25
448 25
280 25
286 25
224 25
45 25
43 25
186 25
507 25
529 25
435 34
396 25
543 25
63 25
379 25
27 25
551 25
360 25
94 25
80 25
348 25
565 25
315 25
467 25
462 41
454 25
330 9
138 25
447 9
236 25
353 25
42 25
313 25
260 25
223 25
546 25
365 25
420 25
179 25
400 25
190 9
539 25
393 25
375 41
311 34
171 25
248 25
542 34
423 25
201 34
32 41
147 25
206 25
14 34
209 25
321 25
74 25
214 25
125 25
484 41
496 25
278 25
117 25
220 34
177 25
115 41
501 25
508 25
439 25
403 9
174 34
309 25
75 25
299 25
562 41
536 25
247 25
434 9
480 25
153 25
310 25
49 25
526 25
140 25
455 25
541 25
316 25
105 41
197 25
407 34
217 41
318 25
364 25
519 25
238 25
71 25
168 25
399 25
166 34
323 25
251 25
36 25
152 34
297 25
436 25
482 25
258 25
188 25
226 25
474 25
99 25
540 9
392 25
230 41
149 25
414 25
438 25
101 25
135 25
93 25
141 25
303 9
402 41
59 25
282 41
274 41
3 25
256 25
410 41
459 34
119 25
60 25
169 25
167 25
92 25
97 25
515 25
490 41
158 25
485 25
437 25
191 41
150 25
210 25
124 25
281 25
531 25
104 34
24 25
547 25
205 34
553 41
354 25
552 25
469 25
68 34
6 25
314 25
108 25
239 25
10 25
563 25
518 25
285 25
70 25
388 41
317 34
389 25
95 25
514 25
11 25
35 25
557 25
554 25
7 25
275 25
384 25
181 25
401 25
164 41
61 25
424 25
291 25
233 25
425 25
429 41
156 25
441 9
443 25
444 25
461 41
483 25
53 25
498 25
378 25
528 25
273 25
534 25
367 41
88 41
83 25
25 25
358 41
564 25
319 25
136 25
72 34
460 41
470 25
183 25
128 25
394 25
362 25
112 25
346 25
517 25
79 25
38 41
249 25
212 25
216 25
307 25
229 41
232 25
96 25
47 25
203 25
76 25
143 25
129 25
477 25
175 9
240 41
178 25
481 25
123 41
497 41
371 9
503 25
505 25
352 41
347 41
512 25
504 25
377 25
277 25
341 41
132 25
261 41
329 41
162 41
301 25
527 41
107 41
148 8
305 41
520 34
471 25
428 25
155 25
468 25
466 41
165 25
89 41
390 25
422 25
488 34
270 25
243 9
235 25
85 25
213 25
39 25
510 25
12 25
176 9
406 41
267 41
244 41
145 41
476 25
331 41
404 41
411 41
530 25
479 41
397 25
525 25
306 41
521 41
161 25
102 25
342 41
66 25
271 41
426 25
90 41
538 25
198 9
349 25
28 41
172 25
290 25
81 25
509 41
458 41
465 25
151 25
200 25
154 25
227 25
430 25
130 25
326 41
293 25
373 25
182 41
86 34
265 25
391 41
23 25
245 25
8 25
412 9
374 25
555 25
69 9
440 41
192 25
370 25
524 25
44 34
523 41
131 25
262 41
77 25
13 41
324 25
109 25
325 37
405 25
369 34
339 41
446 25
246 25
368 25
116 25
207 41
231 41
118 41
502 37
264 25
513 25
65 37
56 25
421 41
211 25
19 25
269 25
491 25
219 25
408 6
511 25
533 25
184 41
332 25
522 25
556 41
463 41
54 9
561 25
335 41
26 25
22 25
456 25
492 25
387 25
415 25
134 41
320 41
516 25
204 41
40 25
157 25
193 41
146 25
288 41
113 25
382 41
383 25
432 25
225 41
199 6
37 25
385 41
338 25
241 25
418 25
386 25
48 25
328 25
499 25
452 9
202 25
215 41
304 41
450 25
9 25
449 41
194 25
64 25
254 25
15 41
126 25
464 34
398 25
18 34
478 34
431 25
4 41
0 25
266 25
413 25
276 41
2 25
308 25
106 41
356 34
78 25
114 9
442 25
84 41
196 9
366 25
300 41
1 25
486 41
5 25
295 25
494 25
142 25
46 41
187 25
91 9
489 25
495 41
234 25
98 25
294 25
185 41
237 41
139 41
559 25
457 41
127 41
359 41
58 9
357 25
427 37
302 41
51 25
252 34
417 25
222 34
137 6
34 41
122 9
453 25
255 25
218 25
33 34
451 25
351 25
296 25
376 41
160 25
292 25
189 25
82 25
57 25
340 9
253 41
350 9
228 25
259 34
433 41
195 41
500 25
532 25
159 25
100 25
409 25
20 25
284 25
487 25
545 25
21 25
208 25
548 25
287 25
493 25
416 41
473 41
272 25
381 9
372 41
52 25
103 41
558 41
144 25
133 25
337 25
345 41
257 25
111 25
87 41
run time cost of algorithm DRT_AG is 0.004538seconds
