1352800 104 68
83 0
168 34
451 34
253 34
212 34
251 34
178 34
246 34
339 34
9 34
10 34
89 34
87 34
46 34
410 34
28 34
324 34
123 34
305 34
95 34
304 34
335 34
161 34
191 34
366 34
6 0
293 34
345 34
47 34
439 34
317 34
247 34
73 34
352 34
148 34
207 34
203 0
297 34
173 34
438 34
135 34
134 34
334 34
433 34
177 8
187 34
376 34
74 34
37 34
5 34
280 0
175 34
343 34
296 34
155 0
159 34
23 34
176 0
452 34
373 34
183 34
341 34
309 34
381 34
315 34
360 34
116 34
41 34
105 34
146 34
279 34
277 34
98 34
154 34
81 34
265 34
84 34
307 34
236 34
288 0
223 0
147 34
408 34
21 34
427 34
85 34
263 0
11 41
210 34
211 34
166 34
276 0
97 34
284 41
101 34
193 34
314 34
238 41
55 34
340 34
208 34
273 41
342 41
78 34
170 34
200 34
137 41
104 34
357 34
225 34
234 34
249 34
365 34
111 41
65 34
119 34
179 41
90 34
86 34
157 41
417 34
321 41
398 34
374 34
174 34
57 34
292 34
45 34
49 34
237 34
70 34
108 34
68 41
231 41
264 34
20 34
69 34
7 34
283 8
102 34
140 34
287 34
444 34
333 34
189 34
219 34
218 34
318 34
418 34
184 34
158 41
449 34
358 34
421 34
396 34
375 34
220 34
308 34
31 34
411 34
80 41
26 0
113 0
56 0
216 34
420 34
303 41
256 34
369 34
447 34
419 34
32 34
128 34
311 0
114 34
0 34
38 34
336 34
245 34
198 34
377 8
53 41
442 34
144 34
172 34
289 34
129 34
180 34
404 34
330 34
337 41
241 34
44 41
363 34
52 34
395 34
232 34
48 41
266 34
346 34
43 34
399 34
221 34
329 34
323 0
405 34
34 34
133 34
24 0
286 0
423 34
149 34
270 34
215 34
454 34
112 34
403 34
217 41
103 34
115 41
131 34
132 34
254 34
182 34
224 34
190 34
96 34
40 34
391 41
386 41
196 41
195 0
66 41
354 34
240 41
92 34
328 34
126 34
443 34
278 41
8 41
214 34
390 34
385 34
370 34
432 34
199 34
351 34
82 34
448 34
332 34
322 34
437 8
274 34
271 34
160 34
269 41
18 34
94 34
76 41
310 34
19 34
117 34
422 34
64 34
320 34
186 41
60 34
88 34
379 34
295 34
453 34
233 8
406 34
428 34
441 34
142 34
39 34
50 8
327 34
348 34
359 41
93 34
361 41
194 34
393 34
424 34
16 34
294 34
138 34
201 34
136 34
153 34
300 34
99 34
436 34
356 34
353 34
446 34
344 34
106 34
272 34
139 34
222 34
255 0
431 34
331 34
205 34
416 34
257 34
325 8
262 34
281 34
260 34
244 34
67 34
248 0
367 34
1 34
372 34
61 34
91 34
290 0
109 34
143 34
145 41
42 34
228 0
171 41
36 34
425 34
267 34
414 41
435 41
415 34
130 34
107 34
430 34
51 34
301 41
291 34
362 34
394 34
122 34
14 34
151 34
355 34
275 34
188 0
426 34
209 34
312 34
384 34
380 34
252 34
202 34
77 34
298 8
30 34
368 34
150 34
127 34
169 34
230 34
2 34
440 34
63 34
3 34
79 0
71 34
450 41
371 34
302 34
17 34
429 34
387 41
58 34
197 41
397 34
156 8
13 34
413 8
75 34
27 41
204 34
445 41
261 34
59 34
165 34
25 34
4 34
364 8
392 34
285 34
185 34
250 34
164 34
162 34
409 34
110 34
400 34
35 34
350 34
382 41
347 41
239 34
313 34
152 0
268 0
121 34
434 34
326 34
412 41
15 34
192 34
163 34
124 41
306 34
62 34
299 34
54 34
349 34
22 34
206 34
33 34
407 41
235 34
401 34
389 34
243 41
383 34
167 34
258 34
338 41
227 34
259 0
319 41
316 0
12 34
141 0
125 34
120 34
118 34
282 0
100 34
72 41
378 34
181 34
388 34
242 34
402 34
229 34
226 41
29 34
213 34
run time cost of algorithm DRT_BD is 0.134564seconds
