220400 161 50
94 9
141 9
163 9
31 9
13 9
114 9
36 9
28 9
140 9
127 9
92 9
161 9
143 9
26 9
82 9
4 9
139 9
159 9
38 34
90 9
106 9
108 9
134 9
32 9
113 9
117 9
24 9
121 6
46 9
25 9
53 9
77 9
9 9
103 9
162 9
22 9
107 9
48 9
81 9
27 9
42 9
43 9
70 34
85 9
17 9
44 9
15 9
47 6
144 9
115 9
97 9
157 9
18 9
99 6
118 6
75 6
147 9
111 9
3 9
130 9
11 9
61 34
56 9
74 9
35 6
145 9
62 6
63 9
30 34
57 6
146 9
6 9
55 9
98 9
40 9
83 9
100 6
160 9
164 9
80 34
96 9
120 34
19 9
0 34
124 9
129 6
33 9
137 9
78 9
138 9
10 9
135 34
116 9
51 34
8 10
60 9
131 9
101 9
91 9
76 9
20 6
84 9
153 9
23 6
64 9
72 6
52 9
102 9
73 9
29 9
133 9
122 6
34 6
152 9
68 6
66 6
132 9
41 9
149 9
126 9
128 6
93 9
104 9
165 6
142 9
39 34
87 9
69 9
89 9
67 6
79 6
58 6
123 6
151 6
148 6
65 6
21 6
59 9
156 6
2 6
136 6
167 34
54 9
71 34
86 9
14 10
12 6
109 9
154 9
16 6
7 9
5 9
166 9
45 9
50 9
88 9
105 6
125 9
119 6
95 9
112 9
158 6
150 34
155 6
110 34
49 6
37 34
1 6
run time cost of algorithm DRT_AG is 0.00058seconds
