1184400 104 65
0 34
1 0
2 34
3 34
4 34
5 34
6 34
7 34
8 34
9 34
10 34
11 34
12 34
13 34
14 34
15 34
16 34
17 34
18 34
19 0
20 0
21 34
22 34
23 34
24 0
25 34
26 34
27 34
28 0
29 34
30 34
31 34
32 34
33 34
34 34
35 34
36 34
37 34
38 34
39 34
40 34
41 34
42 34
43 34
44 34
45 34
46 34
47 34
48 34
49 34
50 34
51 34
52 34
53 34
54 34
55 34
56 34
57 34
58 34
59 34
60 34
61 34
62 34
63 34
64 34
65 34
66 34
67 34
68 34
69 34
70 34
71 34
72 34
73 0
74 34
75 34
76 34
77 34
78 34
79 34
80 34
81 34
82 34
83 34
84 34
85 34
86 34
87 34
88 0
89 0
90 34
91 34
92 34
93 34
94 34
95 34
96 34
97 34
98 34
99 34
100 0
101 34
102 34
103 34
104 0
105 34
106 34
107 34
108 34
109 0
110 34
111 34
112 41
113 34
114 34
115 0
116 34
117 34
118 0
119 34
120 34
121 34
122 34
123 34
124 34
125 34
126 34
127 34
128 34
129 34
130 34
131 0
132 34
133 34
134 34
135 0
136 34
137 34
138 34
139 41
140 0
141 34
142 34
143 34
144 34
145 34
146 34
147 34
148 34
149 34
150 34
151 34
152 34
153 34
154 34
155 0
156 34
157 34
158 0
159 34
160 0
161 34
162 34
163 34
164 41
165 41
166 34
167 34
168 34
169 34
170 0
171 0
172 34
173 34
174 34
175 34
176 8
177 34
178 34
179 34
180 34
181 34
182 34
183 0
184 34
185 34
186 0
187 34
188 34
189 34
190 8
191 34
192 34
193 34
194 34
195 34
196 34
197 34
198 34
199 34
200 34
201 34
202 0
203 34
204 34
205 41
206 34
207 34
208 34
209 34
210 34
211 34
212 34
213 0
214 0
215 34
216 34
217 34
218 34
219 34
220 34
221 41
222 34
223 34
224 34
225 34
226 34
227 41
228 34
229 34
230 34
231 34
232 0
233 41
234 41
235 34
236 34
237 34
238 34
239 41
240 34
241 34
242 34
243 34
244 34
245 34
246 0
247 34
248 34
249 34
250 34
251 34
252 34
253 34
254 34
255 34
256 41
257 34
258 0
259 34
260 34
261 34
262 34
263 34
264 34
265 34
266 34
267 34
268 34
269 34
270 41
271 34
272 34
273 34
274 34
275 34
276 0
277 34
278 41
279 0
280 0
281 41
282 34
283 0
284 34
285 34
286 34
287 34
288 34
289 34
290 34
291 41
292 34
293 34
294 34
295 41
296 34
297 0
298 34
299 34
300 0
301 34
302 34
303 34
304 34
305 34
306 34
307 41
308 34
309 34
310 34
311 34
312 0
313 34
314 34
315 34
316 34
317 34
318 34
319 34
320 41
321 34
322 34
323 34
324 34
325 34
326 34
327 41
328 41
329 34
330 34
331 41
332 34
333 34
334 41
335 34
336 34
337 34
338 34
339 34
340 41
341 34
342 0
343 34
344 8
345 41
346 34
347 34
348 34
349 0
350 34
351 0
352 34
353 34
354 34
355 34
356 34
357 34
358 34
359 34
360 0
361 34
362 34
363 41
364 0
365 34
366 34
367 34
368 34
369 34
370 41
371 8
372 34
373 34
374 34
375 0
376 34
377 8
378 0
379 41
380 34
381 0
382 41
383 34
384 41
385 34
386 34
387 34
388 34
389 34
390 34
391 34
392 34
393 34
394 0
395 34
396 34
397 34
398 34
399 34
400 34
401 34
402 34
403 41
404 34
405 34
406 34
407 34
408 34
409 34
410 34
411 34
412 0
413 34
414 34
415 34
416 41
417 34
418 34
419 34
420 34
421 34
422 34
423 0
424 34
425 41
426 34
427 41
428 41
429 41
430 34
431 34
432 34
433 34
434 41
435 0
436 34
437 34
438 34
439 41
440 34
441 41
442 34
443 34
444 34
445 41
446 41
447 34
448 34
449 41
450 34
451 34
452 41
453 1
454 34
455 34
456 0
457 34
458 34
459 34
460 34
461 34
462 34
463 8
464 34
465 0
466 41
467 34
468 0
469 34
470 34
471 34
472 34
473 34
474 34
475 34
476 41
477 41
478 0
479 34
480 34
481 34
482 34
483 41
484 34
485 8
486 34
487 41
488 0
489 34
490 34
491 34
492 34
493 34
494 34
495 34
496 0
497 0
498 34
499 34
500 34
501 34
502 41
503 41
504 34
505 34
506 34
507 34
508 34
509 41
510 34
511 41
512 34
513 0
514 0
515 41
516 34
517 0
518 34
519 34
520 41
521 0
522 0
523 0
524 41
525 41
526 41
527 34
528 41
529 41
530 34
531 34
532 34
533 34
534 34
535 34
536 0
537 34
538 41
539 34
540 41
541 41
542 41
543 41
544 34
545 34
546 41
547 34
548 34
549 34
550 41
551 34
552 34
553 34
554 34
555 34
556 34
557 41
558 34
559 34
560 34
561 8
562 34
563 34
564 34
565 34
566 34
567 34
568 0
569 34
570 41
571 34
572 41
573 41
574 34
575 34
576 41
577 34
578 41
579 34
580 34
581 34
582 1
583 34
584 0
585 34
586 34
587 34
588 0
589 34
590 34
591 34
592 34
593 34
594 34
595 34
596 34
597 41
598 34
599 34
600 34
601 34
602 41
603 0
604 41
605 41
606 34
607 0
608 34
609 34
610 34
611 0
612 34
613 34
614 34
615 34
616 34
617 34
618 34
619 0
620 34
621 34
622 0
623 34
624 34
625 41
626 34
627 0
628 34
629 34
630 41
631 0
632 34
633 34
634 41
635 34
636 34
637 41
638 34
639 41
640 8
641 34
642 34
643 34
644 34
645 34
646 34
647 34
648 41
649 34
650 34
651 41
652 8
653 34
654 34
655 8
656 34
657 41
658 34
659 41
660 34
661 0
662 34
663 41
664 34
665 34
666 34
667 34
668 34
669 34
670 34
671 34
672 34
673 34
674 34
675 41
676 34
677 34
678 34
679 34
680 34
681 34
682 34
683 34
684 41
685 34
686 41
687 34
688 41
689 0
690 41
691 34
692 34
693 8
694 34
695 34
696 34
697 34
698 34
699 34
700 34
701 34
702 34
703 34
704 34
705 34
706 34
707 41
708 41
709 0
710 41
711 41
712 34
713 0
714 34
715 34
716 34
717 34
718 0
719 41
720 34
721 34
722 34
723 34
724 34
725 34
726 8
727 1
728 34
729 41
730 34
731 8
732 34
733 34
734 34
735 34
736 34
737 34
738 41
739 41
740 34
741 41
742 34
743 34
744 0
745 34
746 0
747 34
748 34
749 41
750 41
751 1
752 34
753 0
754 34
755 34
756 41
757 41
758 34
759 34
760 34
761 34
762 34
763 34
764 0
765 41
766 41
767 34
768 34
769 34
770 34
771 34
772 0
773 34
774 34
775 0
776 34
777 41
778 34
779 34
780 34
781 34
782 8
783 41
784 34
785 34
786 41
787 34
788 34
789 34
790 0
791 34
792 34
793 34
794 0
795 41
796 34
797 41
798 41
799 34
800 34
801 34
802 34
803 34
804 41
805 0
806 34
807 41
808 0
809 34
810 34
811 34
812 41
813 34
814 34
815 41
816 0
817 34
818 34
819 34
820 41
821 8
822 41
823 41
824 0
825 41
826 41
827 34
828 34
829 34
830 34
831 0
832 34
833 34
834 34
835 34
836 41
837 34
838 34
839 0
840 34
841 34
842 34
843 41
844 34
845 34
846 41
847 0
848 34
849 34
850 41
851 34
852 34
853 8
854 34
855 8
856 41
857 0
858 34
859 41
860 34
861 41
862 34
863 0
864 41
865 34
866 34
867 34
868 34
869 41
870 0
871 34
872 41
873 34
874 34
875 0
876 34
877 34
run time cost of algorithm SM_CTP is 1.70463seconds
