1533200 104 69
0 34
1 34
2 34
3 34
4 34
5 34
6 0
7 34
8 34
9 34
10 34
11 34
12 34
13 34
14 41
15 34
16 34
17 34
18 34
19 34
20 34
21 34
22 34
23 34
24 34
25 0
26 34
27 34
28 41
29 34
30 34
31 34
32 34
33 34
34 34
35 34
36 34
37 34
38 34
39 34
40 34
41 34
42 34
43 34
44 0
45 34
46 34
47 34
48 34
49 34
50 34
51 34
52 34
53 34
54 34
55 34
56 34
57 0
58 34
59 34
60 34
61 34
62 34
63 34
64 34
65 34
66 34
67 41
68 34
69 0
70 34
71 34
72 34
73 34
74 34
75 34
76 34
77 34
78 34
79 34
80 34
81 34
82 34
83 34
84 34
85 34
86 34
87 34
88 34
89 34
90 34
91 34
92 34
93 34
94 34
95 34
96 8
97 34
98 34
99 34
100 34
101 34
102 0
103 34
104 34
105 34
106 34
107 34
108 34
109 34
110 34
111 0
112 41
113 34
114 34
115 41
116 34
117 34
118 34
119 41
120 34
121 34
122 34
123 34
124 34
125 34
126 34
127 34
128 41
129 34
130 34
131 34
132 34
133 34
134 34
135 34
136 34
137 0
138 34
139 34
140 8
141 34
142 34
143 34
144 34
145 34
146 34
147 34
148 34
149 34
150 41
151 34
152 34
153 34
154 34
155 34
156 34
157 34
158 34
159 34
160 41
161 34
162 34
163 0
164 34
165 34
166 34
167 34
168 34
169 34
170 34
171 34
172 34
173 34
174 41
175 34
176 34
177 34
178 41
179 34
180 34
181 34
182 41
183 34
184 34
185 0
186 34
187 34
188 34
189 34
190 34
191 41
192 41
193 34
194 34
195 34
196 34
197 34
198 34
199 34
200 0
201 34
202 34
203 34
204 34
205 34
206 41
207 34
208 34
209 34
210 34
211 0
212 34
213 41
214 34
215 34
216 34
217 34
218 34
219 34
220 34
221 41
222 34
223 34
224 34
225 34
226 41
227 34
228 41
229 34
230 34
231 34
232 34
233 34
234 34
235 34
236 0
237 41
238 34
239 41
240 34
241 34
242 34
243 41
244 41
245 41
246 41
247 34
248 34
249 34
250 34
251 34
252 34
253 34
254 41
255 8
256 41
257 34
258 41
259 34
260 34
261 34
262 34
263 0
264 34
265 34
266 41
267 34
268 34
269 34
270 34
271 41
272 34
273 41
274 41
275 34
276 34
277 41
278 34
279 34
280 34
281 34
282 34
283 41
284 34
285 8
286 34
287 41
288 41
289 34
290 34
291 0
292 34
293 34
294 34
295 34
296 34
297 34
298 34
299 41
300 41
301 34
302 34
303 34
304 41
305 41
306 34
307 8
308 34
309 34
310 34
311 41
312 34
313 34
314 8
315 34
316 34
317 41
318 0
319 34
320 34
321 34
322 34
323 0
324 34
325 41
326 34
327 41
328 34
329 0
330 34
331 34
332 34
333 41
334 34
335 41
336 34
337 34
338 41
339 34
340 34
341 0
342 41
343 34
344 34
345 34
346 0
347 34
348 34
349 34
350 34
351 34
352 34
353 0
354 41
355 34
356 41
357 34
358 34
359 34
360 34
361 41
362 34
363 34
364 34
365 34
366 34
367 8
368 41
369 34
370 34
371 34
372 34
373 41
374 34
375 34
376 34
377 34
378 34
379 0
380 34
381 34
382 41
383 41
384 34
385 41
386 34
387 8
388 34
389 41
390 41
391 34
392 34
393 34
394 34
395 34
396 34
397 41
398 34
399 41
400 34
401 41
402 34
403 34
404 34
405 34
406 34
407 34
408 34
409 41
410 34
411 34
412 41
413 41
414 34
415 34
416 41
417 34
418 41
419 34
420 41
421 34
422 41
423 34
424 34
425 34
426 34
427 34
428 34
429 34
430 34
431 0
432 34
433 41
434 34
435 34
436 41
437 8
438 34
439 34
440 34
441 41
442 34
443 8
444 41
445 34
446 41
447 41
448 41
449 41
450 34
451 34
452 34
453 34
454 41
455 34
456 34
457 34
458 0
459 34
460 34
461 34
462 41
463 41
464 34
465 34
466 34
467 34
468 0
469 8
470 34
471 34
472 41
473 34
474 34
475 41
476 41
477 34
478 41
479 34
480 34
481 34
482 34
483 34
484 34
485 34
486 34
487 41
488 41
489 41
490 34
491 41
492 41
493 34
494 41
495 0
496 8
497 41
498 34
499 41
500 34
run time cost of algorithm SM_CTP is 0.670131seconds
