1555200 157 68
0 34
1 0
2 34
3 34
4 0
5 34
6 34
7 34
8 34
9 34
10 34
11 34
12 34
13 34
14 34
15 34
16 34
17 34
18 34
19 34
20 34
21 0
22 34
23 34
24 34
25 34
26 34
27 0
28 34
29 34
30 34
31 34
32 8
33 34
34 34
35 34
36 34
37 34
38 34
39 34
40 0
41 8
42 34
43 34
44 34
45 34
46 34
47 41
48 34
49 41
50 34
51 34
52 34
53 34
54 34
55 34
56 34
57 34
58 34
59 41
60 34
61 34
62 34
63 34
64 34
65 34
66 34
67 34
68 34
69 34
70 41
71 41
72 34
73 34
74 41
75 34
76 34
77 34
78 34
79 34
80 0
81 34
82 34
83 34
84 34
85 34
86 41
87 34
88 34
89 34
90 34
91 0
92 34
93 34
94 34
95 34
96 0
97 34
98 34
99 34
100 34
101 34
102 34
103 0
104 34
105 34
106 34
107 34
108 34
109 34
110 34
111 34
112 41
113 34
114 41
115 34
116 34
117 34
118 41
119 34
120 34
121 34
122 34
123 34
124 34
125 34
126 34
127 41
128 34
129 34
130 41
131 34
132 41
133 8
134 34
135 41
136 34
137 34
138 34
139 34
140 34
141 34
142 34
143 0
144 34
145 41
146 34
147 34
148 34
149 34
150 34
151 34
152 41
153 8
154 34
155 34
156 34
157 41
158 34
159 0
160 34
161 41
162 41
163 41
164 34
165 34
166 0
167 41
168 0
169 34
170 41
171 34
172 34
173 34
174 41
175 34
176 34
177 34
178 41
179 34
180 34
181 41
182 34
183 34
184 34
185 34
186 34
187 34
188 34
189 34
190 34
191 41
192 34
193 34
194 8
195 34
196 41
197 0
198 34
199 34
200 0
201 34
202 34
203 34
204 8
205 34
206 34
207 34
208 34
209 34
210 34
211 34
212 34
213 34
214 34
215 34
216 34
217 34
218 34
219 34
220 34
221 34
222 34
223 41
224 34
225 34
226 20
227 34
228 41
229 34
230 34
231 34
232 41
233 34
234 34
235 34
236 8
237 34
238 41
239 41
240 8
241 41
242 34
243 34
244 34
245 34
246 0
247 34
248 34
249 34
250 34
251 34
252 41
253 34
254 34
255 34
256 34
257 34
258 34
259 41
260 41
261 34
262 34
263 34
264 34
265 34
266 34
267 34
268 41
269 34
270 8
271 34
272 34
273 34
274 34
275 34
276 34
277 41
278 0
279 41
280 0
281 34
282 34
283 34
284 34
285 41
286 0
287 34
288 34
289 41
290 34
291 34
292 34
293 0
294 34
295 34
296 34
297 34
298 34
299 0
300 34
301 34
302 34
303 8
304 8
305 41
306 34
307 34
308 34
309 34
310 34
311 41
312 34
313 41
314 34
315 34
316 41
317 34
318 8
319 41
320 34
321 41
322 34
323 34
324 41
325 0
326 34
327 0
328 41
329 34
330 41
331 41
332 41
333 41
334 34
335 34
336 34
337 34
338 34
339 41
340 41
341 8
342 41
343 8
344 34
345 41
346 34
347 34
348 34
349 34
350 41
351 41
352 34
353 34
354 34
355 34
356 41
357 34
358 34
359 0
360 41
361 34
362 34
363 41
364 34
365 34
366 34
367 34
368 41
369 34
370 34
371 41
372 34
373 41
374 34
375 34
376 34
377 41
378 8
379 34
380 34
381 41
382 34
383 34
384 34
385 8
386 41
387 34
388 34
389 41
390 41
391 41
392 41
393 34
394 41
395 34
396 34
397 41
398 41
399 34
400 34
401 34
402 34
403 34
404 34
405 41
406 41
407 34
408 41
409 34
410 41
411 41
412 41
413 34
414 8
415 34
416 8
417 34
418 41
419 41
420 34
421 34
422 41
423 41
424 41
425 34
426 34
427 41
428 41
run time cost of algorithm SM_CTP is 0.633704seconds
