1244100 104 64
68 34
126 34
133 34
882 34
216 34
306 34
325 34
803 34
389 34
420 34
493 1
501 34
509 34
25 34
515 34
423 34
0 34
64 34
69 34
890 34
151 34
200 34
865 1
292 34
295 34
681 34
299 34
805 1
760 34
383 34
769 34
8 34
425 34
414 34
791 34
650 1
620 34
391 34
474 34
495 34
618 34
340 34
119 34
319 34
821 34
567 34
201 34
54 34
212 34
67 34
219 1
265 34
214 34
286 34
660 34
513 34
539 34
155 34
553 1
510 34
891 34
689 34
103 34
570 34
381 34
393 34
531 1
66 34
189 34
235 34
525 34
170 34
668 34
241 34
819 1
3 34
497 1
156 34
6 34
289 34
795 34
613 34
43 34
322 34
464 1
124 34
402 1
87 34
88 34
427 34
711 34
41 34
78 41
181 34
279 34
338 34
147 34
699 34
446 34
850 34
790 34
211 34
896 34
535 41
516 34
105 1
169 1
217 34
559 34
605 34
392 34
354 34
455 41
741 34
374 34
115 34
680 1
747 1
364 34
836 34
482 34
137 1
160 1
716 34
161 1
692 34
914 34
546 34
784 34
904 34
879 34
733 34
469 34
785 34
731 34
310 34
267 34
823 34
439 34
615 34
303 34
249 34
912 34
19 34
247 34
702 34
626 34
640 34
599 34
109 34
763 34
886 34
523 34
503 34
845 34
268 34
358 1
926 34
566 34
616 41
278 34
280 34
800 34
163 41
300 34
305 34
712 34
129 34
581 34
782 41
558 34
753 34
372 34
584 1
551 41
86 34
458 34
442 34
586 34
854 34
447 41
611 34
185 34
658 34
874 1
12 34
863 34
141 34
686 34
577 34
76 34
378 34
113 34
550 34
849 34
152 34
646 34
140 34
856 41
244 34
426 34
245 34
582 41
505 34
754 34
327 34
697 34
373 34
405 34
462 34
860 34
812 34
676 34
653 34
192 34
721 34
191 1
416 1
766 34
737 34
441 34
703 34
467 34
363 34
208 34
700 34
33 41
574 34
489 8
924 34
831 34
231 34
287 34
429 1
540 34
199 34
117 34
375 1
395 34
213 34
237 34
923 34
750 34
899 8
851 41
674 34
888 34
290 34
512 34
484 34
120 34
649 34
226 34
72 34
578 34
644 34
361 34
816 34
131 34
158 34
704 34
61 34
13 41
127 34
520 34
145 34
543 34
220 34
522 34
847 1
557 34
353 34
333 34
248 1
166 34
774 41
837 34
504 34
207 34
722 34
739 34
437 34
205 41
172 34
537 1
433 34
434 1
435 34
809 34
609 41
99 34
55 34
834 34
629 34
514 34
563 34
500 34
714 1
128 34
627 34
410 34
258 34
29 34
903 34
81 34
842 34
691 34
298 34
92 34
729 34
71 34
445 34
386 8
271 34
587 34
384 34
39 1
222 34
552 34
485 34
238 34
321 1
243 34
475 1
263 34
922 34
829 34
876 41
569 34
370 34
744 34
476 34
448 34
917 34
683 34
382 1
585 41
178 34
855 1
530 41
98 34
598 34
438 34
612 34
123 34
53 34
256 1
312 34
348 34
349 34
684 34
173 34
202 34
486 34
341 34
713 34
633 1
868 34
846 34
144 34
694 34
444 34
752 34
734 34
902 1
544 34
404 34
824 34
779 34
561 41
545 1
20 41
150 8
483 34
82 34
892 1
118 34
669 34
466 34
592 34
335 34
655 41
125 34
580 34
34 34
715 41
759 41
675 34
387 34
83 34
830 34
21 34
472 34
136 34
538 34
40 8
648 34
343 34
572 34
159 34
7 34
320 41
765 41
709 34
197 1
536 34
417 34
554 41
84 1
1 34
767 41
906 34
911 34
732 34
60 1
412 1
183 41
461 34
230 34
56 1
758 1
176 34
813 34
814 34
350 1
264 8
639 34
179 34
314 34
407 34
346 34
862 34
293 34
873 34
665 34
590 34
840 34
621 34
887 34
858 34
606 34
672 34
398 34
735 34
900 34
815 34
269 34
138 34
619 34
317 1
111 34
506 0
316 34
870 34
568 34
494 34
26 34
42 41
89 41
499 34
418 41
23 1
259 34
367 34
908 34
47 34
770 34
101 34
11 34
724 34
415 34
14 41
336 34
746 34
600 41
130 1
717 34
477 34
533 34
884 41
589 34
743 1
77 34
135 34
408 34
75 34
872 8
617 34
229 34
227 34
841 34
588 34
48 41
331 34
802 34
861 34
330 34
284 34
326 34
253 34
114 34
738 1
309 34
400 41
110 34
255 1
215 34
885 34
787 34
224 1
59 34
579 34
473 34
35 41
804 34
296 34
73 34
517 41
801 34
637 41
487 34
818 34
869 34
187 34
662 34
755 34
604 34
171 41
608 34
85 34
595 1
614 34
490 34
895 41
864 34
853 34
233 34
242 34
431 34
430 1
727 8
46 34
18 34
793 34
632 41
777 34
351 41
757 34
368 34
371 34
37 34
65 34
74 34
394 41
664 34
748 34
756 1
121 34
478 1
528 34
164 34
406 34
562 34
832 34
822 41
789 1
281 34
424 1
799 34
726 1
730 1
920 34
610 1
291 1
283 34
918 34
399 34
122 34
132 1
313 41
677 34
240 1
153 34
223 1
560 1
167 34
188 34
468 34
534 1
50 34
221 34
705 41
894 34
403 1
796 34
24 34
828 41
409 34
266 34
112 34
308 34
93 34
32 41
603 1
45 34
396 34
80 1
379 34
390 34
927 34
764 34
311 41
844 34
893 34
257 34
488 34
591 34
302 1
352 34
778 34
459 1
848 34
366 34
294 34
94 1
218 34
548 34
761 1
636 1
565 34
915 34
182 1
236 34
273 41
397 34
388 34
184 34
679 34
422 34
344 34
673 1
428 1
597 34
95 8
436 34
857 34
518 34
203 34
261 41
794 34
106 34
451 34
852 41
806 1
701 41
355 34
16 41
776 1
210 34
749 34
623 41
661 34
250 34
165 34
654 41
519 34
768 34
337 41
719 41
889 1
440 34
811 34
63 34
369 34
571 34
134 34
360 8
788 34
596 34
921 41
607 41
17 1
564 34
177 34
411 34
275 1
432 34
720 41
542 41
277 1
690 1
878 34
696 41
149 41
58 41
718 41
52 41
154 34
641 41
502 34
575 41
2 34
377 34
157 1
685 34
645 34
196 34
638 41
421 34
232 34
634 34
276 34
209 34
453 34
807 34
332 1
670 34
180 41
909 34
198 34
301 34
9 34
96 34
723 34
907 34
225 34
866 34
57 34
234 34
443 34
687 34
175 8
511 34
318 34
104 34
541 34
736 1
695 34
667 34
898 34
345 41
148 34
526 34
380 8
883 41
304 34
628 34
246 34
262 34
470 34
27 34
897 34
328 1
532 34
498 41
471 41
362 34
925 34
190 8
260 34
839 34
251 34
657 1
728 34
725 1
524 1
666 34
919 34
168 41
49 1
642 34
771 34
573 1
28 41
456 1
457 41
272 34
100 34
881 34
315 34
786 1
781 1
324 41
480 34
323 34
635 34
780 34
859 34
682 34
142 41
549 34
454 41
206 34
44 1
576 41
521 34
663 34
194 34
102 41
107 34
413 34
108 34
740 34
22 34
282 34
529 34
285 41
527 8
838 34
651 34
798 41
671 1
139 34
492 34
707 34
708 8
270 41
772 34
452 34
449 41
339 34
871 1
593 34
385 34
193 34
827 8
602 34
751 34
359 34
70 34
622 34
357 34
630 34
376 34
631 1
913 41
762 41
38 34
808 34
146 34
775 1
228 1
797 34
843 1
329 1
693 34
481 34
698 34
825 34
491 34
706 34
419 8
116 34
745 1
342 41
97 34
4 34
833 34
186 34
916 34
254 41
792 34
10 34
62 1
356 34
347 34
594 34
15 41
652 34
826 34
252 41
810 34
659 34
508 41
450 34
817 34
143 8
5 34
688 34
307 34
51 41
465 41
463 34
460 34
783 34
31 34
625 41
880 1
162 34
773 34
297 1
288 34
710 34
30 34
820 41
91 34
507 41
90 41
334 34
79 41
239 41
901 34
742 34
867 34
274 34
555 34
877 34
547 34
643 34
905 34
910 34
556 1
647 34
835 41
656 1
195 41
496 34
479 1
624 34
365 41
875 34
583 34
174 34
401 34
36 41
204 1
601 34
678 41
run time cost of algorithm DRT_BD is 0.462513seconds
