4355600 170 26
650 25
724 25
122 25
115 25
640 25
401 25
102 25
204 25
576 25
337 25
100 25
537 25
97 25
229 25
201 25
96 25
16 34
360 25
675 25
482 25
623 25
85 25
620 25
619 25
682 25
162 25
924 34
423 25
552 25
246 9
181 34
236 25
698 25
590 25
321 25
943 34
190 25
833 25
839 25
830 25
442 34
275 25
130 25
131 25
208 25
822 25
46 25
268 25
390 41
736 9
393 25
873 25
772 9
740 25
874 34
10 25
298 25
431 25
149 25
897 25
164 25
250 25
23 25
398 34
539 34
199 25
707 25
191 25
700 25
157 25
915 25
237 25
371 25
386 25
178 25
270 25
314 25
930 25
962 25
548 25
744 25
782 25
609 9
557 25
677 25
436 41
965 25
883 25
676 25
19 25
150 9
265 25
494 34
803 25
372 9
292 25
966 9
21 34
877 25
249 25
55 25
610 25
412 25
608 9
308 25
757 41
817 25
45 25
801 9
385 41
359 25
473 34
73 25
486 25
534 25
24 41
417 25
123 25
67 25
789 25
918 9
121 9
722 41
487 25
124 25
377 34
716 41
222 25
657 34
4 41
485 25
977 25
346 25
491 25
107 25
435 34
519 34
137 25
363 34
331 41
674 9
879 25
472 34
351 25
238 34
88 25
893 25
680 34
593 25
189 41
902 25
547 25
182 25
318 25
71 25
155 25
931 25
175 25
254 25
929 34
56 25
499 41
357 25
775 25
60 25
778 25
312 25
838 25
502 25
66 34
116 25
253 41
766 34
127 25
210 41
228 25
572 25
106 25
603 25
508 25
136 25
912 25
906 25
434 41
469 25
414 25
20 25
187 25
483 25
31 25
595 25
367 25
90 25
629 25
299 25
951 25
940 9
634 25
751 41
243 25
373 25
183 25
936 25
47 25
684 25
205 25
561 25
651 25
667 25
416 25
174 34
2 25
692 34
450 34
533 25
59 25
216 25
922 34
720 25
391 25
283 25
581 9
32 25
425 41
320 25
712 41
939 25
546 25
43 25
521 25
706 34
742 25
927 41
923 34
234 34
616 25
77 25
894 41
749 34
630 25
865 9
241 25
846 25
665 25
244 25
128 25
274 34
809 25
802 34
679 25
786 25
795 25
686 25
82 25
341 25
454 41
685 25
690 9
578 25
497 41
333 25
958 25
326 41
35 34
248 34
804 25
37 25
530 34
709 41
269 41
528 25
932 25
52 25
891 25
91 25
696 25
510 25
94 41
99 25
409 25
112 25
750 25
641 25
223 25
408 25
648 41
356 25
364 41
752 25
568 25
6 25
660 25
7 25
255 25
458 25
239 25
754 25
826 25
336 25
794 41
462 25
214 25
745 25
481 25
332 25
235 25
147 25
349 41
954 25
233 25
54 25
311 25
947 25
743 25
352 25
715 25
215 9
812 25
825 25
424 34
209 25
721 25
141 25
146 9
673 25
668 25
169 34
475 25
725 25
422 34
613 25
478 25
418 25
496 25
903 25
621 25
193 25
828 25
799 41
633 34
95 25
158 25
571 41
104 25
636 9
484 25
492 41
800 25
975 25
586 25
587 25
588 41
971 41
967 25
597 25
599 41
62 25
476 25
480 25
618 25
68 25
361 9
291 25
917 41
907 25
868 25
863 9
681 25
368 25
850 25
404 25
259 25
811 25
152 25
374 41
532 25
505 41
763 25
506 25
203 25
523 25
524 25
382 41
453 25
594 41
439 25
596 25
184 25
755 25
956 25
27 25
220 25
566 25
952 25
316 34
617 25
64 25
447 41
631 9
637 25
652 9
76 25
823 25
117 25
413 25
859 25
111 25
369 25
664 41
279 41
92 41
881 41
899 41
370 41
703 41
807 41
148 9
705 41
788 41
395 41
921 41
615 41
168 41
926 41
40 41
942 41
426 9
948 41
769 41
176 41
430 41
734 41
470 9
963 41
195 41
970 41
12 41
465 41
11 9
197 41
202 41
579 41
979 41
443 41
383 41
982 41
570 41
983 41
231 41
704 41
553 41
710 34
888 41
556 37
103 41
3 41
79 41
78 41
580 41
583 41
602 41
139 41
683 41
144 34
145 41
437 41
151 41
627 34
286 41
765 41
284 41
196 9
36 41
278 41
474 25
271 41
186 41
887 41
719 41
955 41
84 34
273 34
411 41
759 34
559 41
960 41
441 9
366 9
429 41
247 9
329 41
845 41
842 41
134 9
200 41
495 9
165 41
935 41
498 41
793 41
798 41
154 41
15 9
69 41
549 41
392 34
301 34
511 41
732 41
388 9
688 41
260 41
622 41
263 41
607 41
768 41
315 41
728 41
129 9
592 41
266 41
649 41
905 41
961 41
5 41
334 41
440 41
527 41
575 41
567 41
218 41
654 41
375 41
403 41
345 41
655 41
83 41
34 41
538 41
558 41
950 41
420 37
718 41
185 41
445 41
884 41
355 41
885 37
886 41
307 41
354 41
577 41
232 9
515 41
818 41
711 34
713 41
813 41
142 41
438 41
878 41
98 41
317 41
463 41
9 41
63 41
898 41
529 41
753 41
302 41
58 41
946 41
861 41
776 41
574 34
378 41
857 41
448 41
41 41
645 41
313 41
525 41
855 41
904 41
854 41
173 34
945 41
643 34
762 34
659 41
791 38
626 34
909 41
153 9
324 41
105 41
504 41
760 41
22 41
876 34
509 41
914 34
452 41
512 41
714 41
554 37
240 41
70 34
526 41
545 37
309 41
89 38
890 41
516 41
919 41
517 41
457 34
213 9
303 41
460 41
389 41
974 41
837 41
730 9
731 41
625 9
362 41
875 38
896 41
471 41
51 41
748 41
177 41
160 41
569 41
860 41
289 37
489 41
38 9
330 41
114 37
774 41
848 41
500 41
644 41
42 37
449 41
638 41
446 41
227 41
544 41
764 41
281 41
555 41
717 41
335 41
695 41
338 9
658 41
163 41
109 37
358 41
456 41
758 41
827 41
126 41
834 38
415 41
323 41
26 41
257 41
294 41
520 41
427 41
53 41
733 34
741 41
14 41
678 41
468 41
565 37
605 41
925 41
746 41
25 8
840 34
252 41
869 34
300 41
179 41
74 41
277 41
949 41
1 41
290 41
656 41
783 41
93 41
604 41
113 34
490 41
451 41
402 41
611 41
771 9
380 41
230 41
702 41
433 41
477 41
479 41
699 41
28 9
488 41
941 41
397 41
221 41
44 41
895 41
86 41
562 34
862 37
0 41
120 41
251 37
212 41
819 37
806 41
624 41
628 41
156 41
171 37
258 41
653 41
671 9
672 41
739 41
573 41
920 38
379 41
901 41
892 41
693 41
245 41
934 41
981 41
735 41
866 41
110 41
192 41
400 41
844 37
125 41
829 41
514 41
132 37
726 41
459 41
135 34
816 41
612 41
17 41
790 41
293 41
282 37
285 41
785 41
166 41
287 41
13 41
770 34
646 41
518 41
65 41
642 41
507 41
647 41
81 41
767 41
540 37
50 34
781 37
267 41
342 38
784 41
340 41
467 41
937 41
980 41
339 41
464 37
853 37
944 41
601 41
119 37
410 41
832 41
797 41
666 37
662 41
805 41
159 37
304 34
564 41
170 41
780 41
727 41
957 41
396 41
350 41
810 37
614 41
108 41
87 38
513 41
815 41
172 41
461 41
543 41
756 41
57 41
908 41
29 41
849 41
535 41
296 41
773 41
792 9
598 41
589 34
531 41
455 41
295 41
118 37
33 37
687 41
836 41
322 41
421 41
723 41
407 41
841 41
206 41
503 41
831 41
365 41
387 37
600 41
30 38
133 41
536 9
779 37
852 41
262 41
444 41
541 41
701 34
394 37
310 41
353 41
787 41
428 41
550 41
661 41
882 41
138 34
747 41
911 41
501 41
808 41
916 41
871 41
49 37
305 34
101 41
563 41
198 41
870 41
933 41
343 41
880 41
639 41
864 41
466 34
551 41
399 41
211 34
161 41
261 41
856 34
697 41
584 41
761 41
851 41
585 41
694 41
242 41
969 38
405 41
843 41
900 41
964 41
669 34
167 38
207 41
738 41
272 41
180 37
821 34
814 41
910 41
226 41
689 9
913 41
143 41
406 41
72 41
327 34
381 41
75 41
663 41
376 38
972 41
280 41
968 41
542 41
348 38
288 41
432 41
347 41
959 41
48 41
872 41
344 41
820 41
953 41
691 41
737 9
938 38
606 41
39 41
582 41
493 37
328 41
847 41
217 41
591 41
325 38
835 9
319 41
384 41
824 41
858 41
224 38
225 41
867 34
140 41
306 34
297 41
219 41
729 41
928 37
708 41
18 41
796 37
632 37
635 41
560 9
889 41
777 41
256 41
80 34
61 34
973 9
522 37
8 41
976 38
276 41
978 41
670 41
188 9
194 41
264 41
419 41
run time cost of algorithm DRT_AG is 0.010598seconds
