5028800 152 65
0 21
1 34
2 21
3 41
4 41
5 21
6 21
7 21
8 21
9 41
10 41
11 41
12 21
13 0
14 21
15 41
16 34
17 41
18 41
19 41
20 41
21 34
22 21
23 41
24 41
25 41
26 41
27 41
28 0
29 41
30 0
31 21
32 41
33 21
34 41
35 21
36 41
37 41
38 21
39 41
40 34
41 41
42 41
43 21
44 21
45 41
46 21
47 21
48 21
49 21
50 21
51 21
52 21
53 41
54 41
55 41
56 34
57 41
58 21
59 41
60 0
61 21
62 34
63 21
64 41
65 41
66 41
67 41
68 21
69 41
70 21
71 41
72 41
73 41
74 41
75 41
76 41
77 41
78 21
79 34
80 41
81 41
82 41
83 41
84 21
85 41
86 21
87 41
88 21
89 41
90 41
91 41
92 41
93 21
94 41
95 21
96 34
97 21
98 21
99 41
100 41
101 34
102 41
103 41
104 41
105 21
106 41
107 41
108 41
109 0
110 21
111 41
112 41
113 21
114 34
115 21
116 41
117 21
118 21
119 41
120 21
121 34
122 21
123 0
124 21
125 41
126 41
127 41
128 41
129 41
130 34
131 34
132 41
133 41
134 21
135 21
136 41
137 21
138 41
139 34
140 41
141 21
142 21
143 41
144 41
145 21
146 34
147 41
148 41
149 21
150 21
151 41
152 21
153 21
154 21
155 41
156 21
157 41
158 21
159 34
160 21
161 21
162 34
163 21
164 21
165 21
166 34
167 21
168 41
169 21
170 34
171 34
172 21
173 41
174 41
175 21
176 34
177 34
178 21
179 21
180 21
181 34
182 34
183 0
184 21
185 41
186 41
187 0
188 41
189 0
190 21
191 34
192 21
193 41
194 21
195 21
196 21
197 41
198 21
199 21
200 41
201 0
202 21
203 41
204 41
205 34
206 21
207 34
208 41
209 21
210 41
211 21
212 0
213 41
214 41
215 21
216 21
217 21
218 41
219 41
220 41
221 41
222 41
223 21
224 34
225 34
226 21
227 21
228 21
229 34
230 21
231 41
232 21
233 41
234 41
235 21
236 41
237 41
238 41
239 21
240 21
241 34
242 21
243 41
244 41
245 21
246 21
247 21
248 41
249 21
250 41
251 21
252 41
253 41
254 41
255 21
256 41
257 21
258 41
259 21
260 21
261 41
262 41
263 0
264 21
265 21
266 21
267 21
268 21
269 21
270 41
271 21
272 21
273 41
274 21
275 21
276 21
277 21
278 21
279 41
280 41
281 21
282 41
283 21
284 21
285 21
286 21
287 21
288 21
289 41
290 41
291 21
292 41
293 41
294 21
295 21
296 21
297 41
298 21
299 21
300 0
301 41
302 41
303 0
304 34
305 0
306 41
307 41
308 0
309 41
310 41
311 34
312 41
313 0
314 21
315 21
316 21
317 41
318 21
319 0
320 41
321 41
322 34
323 41
324 21
325 0
326 0
327 41
328 21
329 41
330 41
331 41
332 41
333 41
334 41
335 41
336 0
337 41
338 41
339 41
340 21
341 41
342 21
343 21
344 41
345 41
346 41
347 41
348 0
349 41
350 0
351 41
352 41
353 41
354 34
355 21
356 21
357 21
358 41
359 34
360 41
361 41
362 34
363 41
364 41
365 41
366 21
367 21
368 41
369 21
370 41
371 41
372 21
373 41
374 41
375 41
376 0
377 41
378 0
379 41
380 41
381 0
382 0
383 41
384 41
385 41
386 41
387 21
388 34
389 41
390 34
391 21
392 41
393 21
394 41
395 34
396 21
397 41
398 21
399 21
400 21
401 21
402 34
403 0
404 41
405 21
406 21
407 21
408 41
409 41
410 34
411 41
412 41
413 41
414 21
415 21
416 41
417 41
418 41
419 21
420 41
421 34
422 21
423 21
424 8
425 41
426 41
427 41
428 34
429 21
430 0
431 21
432 21
433 21
434 34
435 34
436 34
437 34
438 34
439 21
440 21
441 21
442 34
443 41
444 0
445 34
446 34
447 21
448 21
449 21
450 21
451 34
452 21
453 21
454 21
455 21
456 21
457 21
458 21
459 34
460 0
461 21
462 21
463 34
464 21
465 21
466 21
467 34
468 34
469 34
470 34
471 34
472 21
473 34
474 34
475 21
476 21
477 21
478 34
479 34
480 34
481 34
482 21
483 0
484 34
485 21
486 34
487 34
488 34
489 34
490 21
491 21
492 21
493 21
494 8
495 34
496 34
497 41
498 21
499 34
500 34
501 21
502 34
503 21
504 34
505 21
506 21
507 0
508 34
509 21
510 21
511 21
512 21
513 21
514 34
515 34
516 34
517 21
518 21
519 21
520 34
521 34
522 21
523 34
524 21
525 34
526 0
527 21
528 21
529 34
530 34
531 34
532 34
533 34
534 21
535 21
536 34
537 21
538 21
539 34
540 34
541 34
542 34
543 34
544 34
545 34
546 34
547 8
548 21
549 21
550 21
551 21
552 21
553 21
554 34
555 21
556 34
557 21
run time cost of algorithm SM_CTP is 0.91017seconds
