8656400 171 79
871 34
887 40
138 34
913 26
643 26
428 33
772 40
165 26
215 34
343 40
654 26
357 40
564 40
363 34
495 0
729 34
558 40
278 33
761 33
223 26
289 33
406 33
394 33
59 26
841 33
811 40
252 26
375 33
630 33
222 33
7 34
493 34
624 40
722 34
847 33
288 34
780 34
106 40
190 34
349 26
416 40
83 26
822 0
894 33
626 26
857 40
552 40
698 26
798 34
1 26
899 40
622 26
573 26
908 33
370 40
669 40
583 0
718 33
174 34
513 40
194 34
341 34
882 40
197 0
353 40
372 34
547 33
904 34
137 40
310 26
264 33
874 34
627 40
563 33
376 26
79 40
789 34
645 34
489 34
55 40
205 26
69 26
735 34
152 34
663 34
311 0
229 26
744 26
398 34
432 34
777 33
293 26
92 34
15 40
504 40
836 40
243 34
407 40
142 40
541 0
815 40
543 40
337 26
259 0
255 26
444 40
413 40
132 26
308 34
750 40
625 40
714 40
717 26
365 26
113 26
592 40
45 0
727 34
582 40
889 40
623 34
858 40
300 40
508 26
831 40
245 34
299 40
463 26
726 40
347 26
896 26
813 34
28 34
716 40
866 33
25 33
171 26
793 34
438 33
679 33
455 26
456 40
0 34
732 34
380 26
31 40
412 40
38 40
422 40
364 40
875 0
632 33
76 40
481 33
653 40
675 33
266 40
24 40
158 33
140 26
511 0
507 40
909 26
803 26
751 40
37 0
477 26
226 34
52 33
218 26
108 40
351 40
23 26
782 40
344 33
766 40
97 40
510 26
865 40
864 33
754 40
54 40
178 0
797 26
911 26
319 33
775 0
472 33
30 26
281 26
479 26
285 40
719 0
757 40
587 26
629 26
82 34
12 33
231 40
107 26
500 34
233 0
776 26
724 33
755 26
739 34
867 33
640 33
216 34
173 40
424 26
427 40
431 40
290 40
709 26
491 34
485 40
611 33
607 33
272 40
33 40
553 26
503 26
759 40
820 40
393 40
708 26
854 34
401 34
442 26
786 26
799 34
40 40
860 40
544 40
235 40
208 40
282 40
327 40
898 40
784 33
93 40
687 34
685 40
681 26
120 26
168 40
91 0
396 40
720 26
61 26
99 33
490 34
903 0
532 26
214 34
825 33
170 26
639 33
736 33
856 40
4 26
859 26
263 34
5 40
619 24
706 40
86 40
770 26
192 34
806 33
271 34
125 26
196 26
648 40
84 40
232 40
21 40
907 0
306 33
734 40
328 33
487 26
837 26
634 40
636 33
680 34
557 40
556 40
826 26
415 33
260 40
615 0
78 33
294 34
295 40
743 33
671 40
499 40
426 40
902 40
436 26
595 0
589 26
763 26
207 40
807 40
600 33
604 34
423 33
839 26
688 40
568 40
530 34
779 0
458 40
322 26
808 40
298 0
124 26
182 34
701 40
2 34
531 26
386 40
725 40
384 40
57 33
213 34
461 34
753 26
520 33
334 40
480 26
273 40
512 34
838 34
471 40
425 26
162 26
3 40
29 34
764 26
850 26
27 40
383 0
385 34
758 40
11 40
526 33
498 40
505 40
700 40
44 33
848 34
633 26
594 33
381 33
602 33
228 33
175 34
280 34
119 0
665 40
525 40
702 33
713 34
90 26
447 40
892 40
156 40
292 26
566 40
163 34
296 34
88 33
284 34
111 26
195 34
450 40
145 26
16 26
236 40
565 0
200 33
872 40
497 34
536 34
199 34
434 34
628 26
912 33
251 34
802 40
225 40
210 0
801 40
286 40
460 33
467 34
893 40
699 33
35 40
733 40
359 26
269 33
22 26
314 40
578 34
193 33
440 40
128 26
74 26
672 40
382 33
756 26
509 33
42 34
829 0
641 26
454 34
362 33
773 33
895 33
212 26
570 0
689 40
379 34
276 40
333 40
910 33
58 33
336 26
184 40
279 26
796 40
291 33
161 34
800 26
878 40
237 26
409 34
880 34
34 26
325 40
445 34
419 40
176 33
891 33
694 26
517 40
151 33
67 34
63 26
155 34
488 0
390 26
652 40
715 40
468 33
618 0
339 26
613 33
788 34
457 26
417 8
550 33
369 33
586 26
65 34
674 26
204 40
188 33
317 34
437 33
112 33
77 26
656 33
478 34
451 40
410 26
584 34
809 40
159 0
906 33
227 40
157 40
391 33
441 26
662 40
209 40
366 26
474 33
852 40
443 40
571 40
881 34
414 33
373 26
211 26
116 33
36 34
684 26
682 40
537 34
644 40
647 34
849 33
876 40
580 0
845 26
404 34
130 40
752 33
43 0
740 26
51 34
217 26
95 40
818 26
494 34
446 40
728 34
250 33
741 26
884 40
411 26
765 26
324 26
529 34
262 34
569 26
297 33
187 40
405 0
89 40
588 26
666 0
614 33
80 0
433 26
812 34
914 26
747 26
346 0
890 34
342 40
220 26
32 26
109 0
492 34
449 34
234 40
180 33
115 40
486 33
482 34
268 26
302 40
123 40
100 34
326 40
96 0
17 26
606 0
167 33
774 26
711 34
219 34
368 33
905 34
371 33
301 0
18 33
315 26
590 40
767 26
9 40
20 26
792 33
846 26
348 33
154 33
66 26
819 33
283 40
642 33
515 33
620 0
617 40
549 40
686 24
256 40
483 40
85 34
318 26
545 40
749 26
335 40
350 33
332 33
601 40
164 34
129 34
14 26
861 40
146 26
403 33
835 26
539 26
771 40
150 34
459 33
48 33
560 40
748 26
136 26
13 26
330 40
659 33
597 40
827 33
121 33
591 33
305 40
473 40
612 26
670 26
267 40
538 26
470 26
312 40
873 40
71 40
304 0
579 34
794 33
345 40
247 34
863 40
555 33
203 0
658 26
221 0
421 34
577 40
248 33
516 40
844 34
257 40
697 34
238 26
56 40
693 33
692 40
418 26
548 26
185 33
561 26
810 40
10 40
528 26
533 33
439 33
469 34
356 26
746 34
274 0
316 26
605 33
94 33
540 40
275 0
313 33
574 33
378 26
705 34
783 33
676 40
534 40
678 34
817 40
542 33
883 26
110 26
730 40
402 26
395 40
181 40
814 33
745 26
453 34
610 26
70 40
331 34
202 34
501 34
554 40
177 40
19 34
87 40
575 40
593 40
598 40
429 40
596 33
98 26
277 33
527 40
189 34
886 33
704 34
81 26
153 40
466 40
546 26
62 26
388 26
897 40
41 26
703 34
53 40
683 26
862 34
354 26
840 34
448 33
323 40
102 26
677 0
230 26
465 33
105 26
462 34
340 40
830 40
72 40
117 33
519 34
888 0
514 26
778 33
646 40
673 34
707 33
239 0
435 34
621 40
821 40
186 34
367 33
649 26
721 40
518 34
392 33
201 26
320 34
166 33
101 26
524 34
795 40
599 33
691 40
655 40
635 33
253 33
651 33
506 40
352 33
60 33
572 40
785 40
851 40
781 34
742 26
420 26
885 33
823 0
723 33
141 26
710 26
650 24
696 40
805 33
68 34
397 40
244 26
762 40
535 40
768 26
661 33
585 26
361 33
842 40
879 34
833 34
50 40
869 33
172 0
804 0
853 33
147 34
114 34
638 40
452 26
476 34
103 26
824 33
523 40
790 40
787 24
249 33
134 40
118 26
664 33
360 26
224 40
287 0
144 33
690 34
738 33
816 40
47 26
637 0
832 26
127 33
160 26
616 26
254 40
603 26
355 26
843 26
581 40
377 34
901 26
46 26
179 33
828 34
122 0
49 26
695 34
769 34
261 0
143 40
567 26
307 26
198 40
484 0
104 40
900 33
26 34
73 33
309 34
668 26
834 34
522 34
760 34
464 26
737 33
430 34
206 34
855 33
502 0
303 40
270 26
329 40
169 34
321 40
521 40
609 0
191 33
64 0
660 33
667 34
139 26
400 0
242 26
877 26
246 33
148 33
265 40
6 33
791 40
576 34
631 26
551 33
258 34
183 33
241 34
240 26
562 40
389 26
39 0
608 26
149 34
338 33
126 0
731 26
133 40
75 40
399 34
657 26
870 40
408 26
712 33
559 40
358 33
496 40
135 26
387 40
475 0
131 0
374 33
8 34
868 8
run time cost of algorithm DRT_BD is 0.512101seconds
