3525600 120 55
0 29
1 34
2 29
3 34
4 29
5 29
6 29
7 29
8 34
9 34
10 29
11 29
12 29
13 34
14 29
15 29
16 0
17 29
18 29
19 34
20 29
21 34
22 29
23 34
24 29
25 29
26 29
27 29
28 34
29 29
30 29
31 29
32 29
33 29
34 29
35 34
36 34
37 34
38 34
39 29
40 29
41 29
42 34
43 34
44 29
45 29
46 29
47 29
48 34
49 29
50 29
51 29
52 29
53 29
54 29
55 29
56 34
57 29
58 29
59 29
60 29
61 34
62 29
63 29
64 0
65 34
66 34
67 29
68 29
69 34
70 29
71 29
72 29
73 34
74 29
75 29
76 29
77 0
78 29
79 29
80 29
81 29
82 29
83 29
84 34
85 29
86 29
87 34
88 29
89 34
90 34
91 34
92 29
93 29
94 29
95 29
96 34
97 29
98 29
99 29
100 29
101 34
102 29
103 29
104 34
105 29
106 29
107 29
108 29
109 34
110 34
111 29
112 29
113 29
114 34
115 29
116 34
117 29
118 34
119 29
120 29
121 0
122 29
123 34
124 29
125 34
126 29
127 34
128 34
129 34
130 29
131 34
132 29
133 29
134 29
135 29
136 34
137 29
138 34
139 29
140 34
141 29
142 29
143 29
144 29
145 29
146 34
147 29
148 34
149 29
150 29
151 29
152 29
153 29
154 29
155 29
156 29
157 29
158 29
159 29
160 34
161 29
162 0
163 0
164 0
165 29
166 0
167 29
168 34
169 34
170 29
171 29
172 34
173 29
174 29
175 29
176 29
177 34
178 34
179 29
180 34
181 29
182 0
183 29
184 29
185 34
186 34
187 29
188 29
189 29
190 34
191 0
192 29
193 29
194 29
195 29
196 34
197 34
198 29
199 34
200 34
201 29
202 29
203 29
204 29
205 29
206 29
207 34
208 29
209 29
210 34
211 41
212 41
213 29
214 34
215 29
216 34
217 29
218 34
219 0
220 29
221 0
222 29
223 29
224 0
225 34
226 29
227 29
228 29
229 29
230 29
231 34
232 41
233 29
234 29
235 34
236 29
237 29
238 34
239 0
240 29
241 34
242 29
243 29
244 29
245 29
246 29
247 29
248 29
249 29
250 29
251 29
252 29
253 34
254 29
255 29
256 41
257 29
258 29
259 29
260 34
261 29
262 29
263 34
264 29
265 29
266 29
267 34
268 29
269 29
270 34
271 29
272 0
273 34
274 29
275 29
276 34
277 29
278 34
279 34
280 29
281 29
282 34
283 34
284 34
285 0
286 29
287 34
288 29
289 34
290 34
291 29
292 34
293 29
294 29
295 34
296 29
297 29
298 29
299 34
300 34
301 34
302 34
303 29
304 0
305 29
306 29
307 29
308 29
309 29
310 41
311 29
312 34
313 34
314 34
315 29
316 34
317 34
318 34
319 29
320 0
321 29
322 29
323 29
324 34
325 34
326 29
327 29
328 29
329 29
330 29
331 29
332 29
333 34
334 29
335 34
336 29
337 29
338 29
339 34
340 29
341 34
342 29
343 29
344 29
345 34
346 29
347 0
348 29
349 34
350 29
351 29
352 34
353 29
354 29
355 34
356 29
357 29
358 0
359 41
360 0
361 0
362 34
363 29
364 29
365 34
366 34
367 29
368 29
369 29
370 29
371 29
372 0
373 29
374 29
375 34
376 29
377 29
378 29
379 29
380 34
381 29
382 29
383 29
384 34
385 34
386 29
387 34
388 41
389 29
390 0
391 34
392 0
393 29
394 34
395 34
396 34
397 29
398 34
399 34
400 29
401 34
402 34
403 29
404 29
405 34
406 29
407 29
408 29
409 34
410 29
411 34
412 29
413 41
414 29
415 29
416 0
417 34
418 29
419 29
420 1
421 41
422 0
423 41
424 29
425 34
426 34
427 29
428 34
429 41
430 29
431 29
432 29
433 29
434 0
435 29
436 29
437 29
438 29
439 29
440 0
441 29
442 29
443 34
444 41
445 29
446 29
447 41
448 29
449 29
450 29
451 29
452 34
453 34
454 29
455 0
456 29
457 29
458 34
459 34
460 34
461 0
462 29
463 34
464 34
465 29
466 29
467 29
468 34
469 29
470 29
471 34
472 29
473 29
474 34
475 34
476 34
477 29
478 29
479 34
480 29
481 29
482 34
483 41
484 29
485 29
486 29
487 34
488 29
489 29
490 29
491 29
492 34
493 29
494 34
495 34
496 29
497 34
498 29
499 34
500 34
501 34
502 29
503 34
504 0
505 34
506 41
507 29
508 29
509 34
510 34
511 29
512 34
513 34
514 29
515 29
516 34
517 29
518 34
519 34
520 29
521 0
522 34
523 29
524 41
525 34
526 29
527 34
528 34
529 29
530 34
531 34
532 34
533 29
534 29
535 34
536 29
537 41
538 29
539 34
540 34
541 29
542 34
543 29
544 29
545 29
546 29
547 29
548 34
549 29
550 0
551 34
552 29
553 34
554 29
555 0
556 29
557 34
558 34
559 29
560 29
561 34
562 29
563 34
564 29
565 29
566 29
567 29
568 29
569 34
570 34
571 34
572 29
573 41
574 29
575 29
576 34
577 34
578 29
579 34
580 29
581 29
582 34
583 29
584 29
585 29
586 34
587 29
588 34
589 0
590 34
591 29
592 29
593 29
594 29
595 34
596 0
597 34
598 34
599 29
600 34
601 29
602 34
603 34
604 29
605 29
606 34
607 29
608 34
609 0
610 29
611 34
612 34
613 41
614 34
615 29
616 29
617 29
618 29
619 29
620 29
621 29
622 29
623 34
624 29
625 29
626 29
627 29
628 29
629 29
630 29
631 34
632 34
633 34
634 34
635 29
636 29
637 34
638 29
639 34
640 0
641 34
642 29
643 29
644 29
645 34
646 29
647 0
648 34
649 29
650 29
651 34
652 41
653 29
654 29
655 0
656 34
657 29
658 34
659 29
660 29
661 34
662 34
663 34
664 8
665 34
666 29
667 34
668 41
669 29
670 0
671 29
672 29
673 29
674 29
675 29
676 34
677 29
678 29
679 41
680 34
681 34
682 29
683 34
684 29
685 29
686 29
687 29
688 34
689 29
690 29
691 34
692 29
693 34
694 29
695 34
696 29
697 34
698 29
699 34
700 29
701 29
702 29
703 29
704 29
705 0
706 41
707 34
708 29
709 34
710 29
711 29
712 34
713 29
714 0
715 29
716 29
717 34
718 34
719 29
720 34
721 29
722 29
723 0
724 34
725 29
726 34
727 29
728 29
729 29
730 41
731 29
732 0
733 29
734 34
735 0
736 34
737 34
738 41
739 29
740 34
741 34
742 0
743 34
744 29
745 34
746 34
747 8
748 29
749 29
750 29
751 29
752 29
753 29
754 29
755 0
756 29
757 29
758 34
759 29
760 29
761 29
762 34
763 29
764 0
765 34
766 29
767 34
768 29
769 29
770 29
771 8
772 34
773 34
774 41
775 29
776 41
777 34
778 29
779 29
780 34
781 29
782 29
783 0
784 34
785 41
786 34
787 0
788 34
789 29
790 29
791 29
792 34
793 34
794 29
795 29
796 29
797 41
798 29
799 34
800 34
801 34
802 41
803 29
804 29
805 0
806 34
807 34
808 29
809 0
810 29
811 1
812 29
813 29
814 29
815 34
816 29
817 34
818 29
819 29
820 29
821 34
822 29
823 41
824 41
825 29
826 29
827 34
828 34
829 34
830 34
831 29
832 34
833 29
834 41
835 34
836 29
837 34
838 34
839 8
840 34
841 34
842 34
843 41
844 34
845 41
846 34
847 29
848 8
849 29
850 34
851 41
852 29
853 29
854 29
855 8
856 0
857 29
858 41
859 29
860 0
861 34
862 29
863 29
864 41
865 34
866 29
867 29
868 29
869 8
870 34
871 34
872 34
873 0
874 29
875 0
876 0
877 41
878 34
879 34
880 29
881 34
882 34
883 34
884 29
885 34
886 34
887 34
888 34
889 29
890 29
891 29
892 29
893 29
894 34
895 29
896 29
897 41
898 34
899 0
900 41
901 29
902 29
903 0
904 8
905 29
906 34
907 29
908 34
909 29
910 29
911 29
912 34
913 34
914 29
915 0
916 41
917 34
918 0
919 29
920 34
921 0
922 34
923 34
924 29
925 34
926 34
927 29
928 29
929 34
930 29
931 34
932 29
933 29
934 29
935 34
936 34
937 34
938 8
939 29
940 34
941 29
942 34
943 34
944 34
945 34
946 34
947 41
948 29
949 29
950 8
951 41
run time cost of algorithm SM_CTP is 3.32289seconds
