1571750 170 38
742 25
528 25
206 25
745 25
892 9
535 9
756 25
826 25
8 25
398 25
273 9
297 9
340 25
828 25
339 25
334 25
16 34
423 9
111 34
514 34
901 25
384 25
233 25
459 41
872 34
135 25
757 25
552 25
733 25
50 25
868 25
799 9
38 25
305 25
180 25
831 25
362 41
525 9
583 25
263 25
182 41
751 25
855 25
903 25
613 25
487 34
121 34
694 25
333 25
149 34
678 41
109 25
578 25
79 25
915 25
369 9
437 25
211 25
610 9
725 41
64 25
660 9
103 25
214 25
60 25
215 41
895 25
67 25
310 25
449 25
477 25
420 25
445 9
230 25
128 9
439 25
33 41
986 25
973 25
294 25
565 25
633 25
23 25
280 25
650 25
281 25
302 25
164 34
508 9
641 25
571 34
241 25
173 25
972 41
77 9
550 34
637 34
841 25
500 41
884 41
802 25
286 25
383 25
599 25
495 25
513 25
37 25
788 25
708 34
268 25
330 41
714 34
112 25
355 41
656 25
446 25
253 41
290 25
925 41
220 34
187 25
372 25
267 25
664 41
461 9
889 25
350 25
734 25
148 25
237 9
724 34
746 25
59 41
617 34
684 9
137 25
136 34
198 34
291 25
686 25
235 25
537 41
987 9
905 25
270 25
375 25
308 9
666 41
701 25
123 25
661 25
816 25
88 25
114 34
49 41
732 25
533 25
174 41
381 25
888 9
455 9
353 41
247 25
715 34
692 25
507 25
161 25
506 25
3 9
643 25
298 25
505 25
154 25
402 25
399 25
576 9
932 41
295 25
808 25
433 25
131 25
989 41
801 25
229 25
545 25
126 25
410 25
223 25
629 41
780 25
627 25
775 25
271 25
216 9
194 41
365 25
762 25
838 9
540 25
363 25
96 25
606 25
736 25
358 25
974 25
843 41
510 25
554 34
562 41
971 25
312 25
814 25
296 25
866 25
959 41
58 41
851 25
876 25
929 34
773 9
490 25
727 25
382 25
787 25
373 34
184 41
264 34
265 25
592 25
183 34
486 25
379 41
484 25
981 41
272 9
317 25
728 25
805 41
141 25
458 25
614 34
810 9
197 25
827 9
731 25
749 25
256 25
501 9
360 34
824 25
754 25
608 41
711 25
478 25
62 25
655 25
285 34
658 25
244 25
890 41
42 25
579 25
81 25
685 25
345 25
703 25
394 25
427 25
600 25
493 25
219 25
467 34
132 25
349 25
803 25
98 25
32 25
466 25
357 25
343 25
748 25
822 25
910 41
840 25
519 25
823 25
712 25
65 25
560 41
515 9
177 25
923 9
185 25
817 41
228 34
950 9
640 25
348 34
863 34
127 25
432 41
982 41
654 25
544 34
21 34
947 41
440 25
39 9
667 34
387 25
138 25
794 41
602 41
800 34
89 25
669 25
85 34
44 25
193 34
48 25
648 34
125 9
806 25
172 41
324 25
95 25
630 41
118 9
768 25
820 9
116 9
331 25
4 25
875 25
563 34
335 41
61 25
921 25
717 8
388 9
596 9
567 25
530 34
252 25
900 25
260 41
475 9
325 41
431 34
781 34
772 25
471 41
765 34
883 41
869 41
735 25
951 25
670 25
503 25
19 25
227 41
155 9
306 9
160 25
465 25
300 25
356 34
400 25
631 25
91 9
225 41
517 25
224 25
700 25
706 25
782 25
577 37
250 25
205 41
342 9
844 41
435 34
601 41
209 25
721 25
210 25
436 41
597 9
29 34
278 25
790 41
594 25
611 25
192 25
980 25
652 25
991 25
78 9
680 25
582 25
850 25
326 25
485 25
569 41
919 25
911 41
825 25
718 9
930 25
837 25
645 34
548 41
940 25
870 41
591 41
106 25
509 41
882 25
102 34
203 25
853 25
76 25
275 25
12 9
288 25
653 9
150 41
92 25
186 25
945 25
924 34
158 41
767 37
624 25
406 25
635 25
422 34
45 34
906 9
175 9
983 34
697 41
952 41
248 9
145 25
448 34
261 25
403 25
1 25
140 34
511 25
958 25
476 34
442 25
9 37
368 41
441 25
481 41
196 25
979 25
943 41
71 41
414 25
318 41
558 41
766 41
671 25
740 41
311 25
546 25
504 34
709 9
361 41
156 25
213 25
69 25
897 25
451 25
638 25
933 34
682 9
737 25
857 41
434 25
430 25
113 41
492 41
319 25
82 34
498 25
720 25
914 25
11 9
847 41
636 9
393 25
623 25
885 25
94 37
621 9
207 9
122 34
978 25
54 25
976 9
489 9
304 41
55 25
41 25
792 25
877 25
764 25
607 41
856 34
763 9
276 25
710 25
346 25
549 25
965 25
967 37
257 25
646 25
750 41
83 25
586 41
526 34
7 25
166 25
520 25
818 41
395 25
15 34
865 25
675 25
200 9
536 41
992 34
990 9
791 25
104 41
832 34
588 41
647 34
74 25
239 25
242 25
351 25
63 25
483 41
321 9
926 41
573 41
512 34
695 25
34 9
328 41
899 41
171 25
917 9
585 9
605 25
580 25
143 25
26 34
518 34
315 25
222 41
620 41
873 25
570 41
378 25
935 25
107 41
391 34
309 41
447 25
266 25
120 34
338 25
891 25
634 41
849 25
352 41
584 41
254 9
852 25
778 34
874 34
323 25
68 37
408 41
541 25
522 41
785 41
6 25
168 25
316 25
963 25
639 34
691 41
208 41
909 34
332 41
797 34
581 41
835 41
178 41
902 41
538 41
14 25
665 41
153 25
936 25
380 25
100 25
117 25
390 25
743 37
385 25
119 9
389 25
622 41
344 25
949 41
438 34
392 25
807 41
842 41
429 34
80 25
574 25
531 41
938 25
561 34
993 9
75 41
176 25
542 41
702 41
284 25
833 25
521 9
523 25
942 41
698 25
553 25
494 9
916 41
366 25
299 25
747 9
928 25
516 25
282 37
739 25
975 34
729 41
347 25
269 25
262 41
56 25
859 25
354 25
568 41
428 34
463 25
139 25
985 34
30 41
626 25
604 41
804 25
674 41
644 41
377 41
147 37
170 34
374 25
57 25
968 25
555 25
858 25
359 41
776 25
234 41
894 41
988 25
956 41
668 9
690 25
301 34
955 34
598 25
133 9
2 41
303 25
367 41
502 25
376 9
129 25
590 25
527 41
753 25
322 9
619 25
839 25
66 25
730 9
879 41
10 25
417 25
948 25
846 9
769 25
681 34
770 6
609 34
134 41
861 41
679 9
181 41
472 41
456 34
595 9
524 9
314 25
204 25
405 25
404 41
188 9
532 41
462 25
386 9
829 25
969 25
887 41
726 25
232 25
954 41
994 37
941 25
683 25
632 25
830 25
473 9
860 41
470 25
564 25
862 25
293 9
953 41
616 25
970 6
628 25
190 41
864 25
961 9
24 25
798 41
962 34
946 9
779 25
777 8
931 25
292 25
738 9
84 41
813 25
836 41
195 25
469 41
47 41
893 25
566 8
51 41
40 34
167 25
464 25
934 25
559 25
707 25
43 41
821 41
784 41
704 41
364 25
415 25
416 25
789 25
255 25
258 25
157 25
880 25
274 34
795 25
105 9
199 25
719 25
689 9
603 25
612 25
551 41
687 41
722 25
371 41
370 41
212 41
453 41
480 25
35 34
811 25
918 25
277 25
397 41
896 9
159 41
246 25
699 9
657 41
162 25
939 41
313 25
834 41
409 25
927 41
0 41
329 25
283 41
904 9
443 25
236 41
898 34
218 25
774 9
479 34
201 25
169 34
759 25
25 41
651 25
659 25
723 25
741 41
815 37
845 25
99 25
556 25
922 9
307 34
396 25
289 41
688 41
411 25
238 25
809 41
425 25
231 25
491 41
662 41
819 34
87 25
881 25
642 25
539 41
618 41
867 41
146 41
320 25
957 9
587 34
152 41
705 25
163 34
401 36
744 9
693 37
812 25
279 25
259 25
534 41
251 9
529 25
499 9
908 41
497 41
886 25
191 41
663 34
488 25
854 25
676 41
474 34
960 41
786 34
144 34
226 41
783 41
460 25
20 41
444 41
13 41
426 41
217 9
771 25
761 37
937 25
243 37
752 25
419 25
649 41
625 25
912 9
189 25
179 6
130 34
22 41
165 41
108 41
575 25
920 9
593 37
848 41
713 25
995 25
673 25
337 25
341 25
18 25
28 41
53 25
86 34
755 25
418 41
249 25
115 25
907 41
124 41
547 41
424 25
543 41
496 25
454 34
327 37
796 25
407 25
468 25
202 25
482 41
452 41
878 41
450 34
793 41
557 41
27 34
31 41
151 41
36 37
615 41
672 25
46 25
142 25
677 41
421 25
964 41
412 25
966 25
110 41
696 34
101 9
977 9
97 41
73 41
90 34
336 41
913 25
93 34
716 9
72 25
70 25
245 41
52 41
221 41
589 25
984 41
871 25
287 25
572 6
758 25
760 36
240 34
457 25
17 25
944 25
5 41
413 9
run time cost of algorithm DRT_AG is 0.013923seconds
