1141950 98 15
291 13
71 13
86 13
37 13
155 13
507 13
638 13
235 13
503 13
268 13
23 13
423 13
412 34
676 13
315 34
47 13
335 13
312 13
279 13
499 13
263 13
255 13
246 13
504 13
220 13
31 13
529 13
153 13
570 13
39 13
391 13
396 13
298 13
388 13
490 34
6 13
165 13
652 13
93 34
572 13
582 13
587 13
592 34
123 13
340 13
414 13
434 13
449 13
308 13
549 13
287 13
601 13
27 13
56 13
259 13
29 13
486 13
477 34
184 34
154 13
511 13
516 19
5 13
215 13
489 13
627 13
665 13
466 13
454 13
618 13
69 13
444 13
661 13
373 13
441 13
675 13
418 13
95 13
118 13
296 13
72 34
442 13
372 13
370 13
609 19
341 19
656 13
579 13
492 13
172 13
501 34
671 13
505 13
101 13
512 34
558 13
4 13
639 13
227 13
407 13
204 13
256 13
647 34
194 13
191 13
262 13
288 13
471 13
156 13
593 13
334 19
389 13
613 13
43 13
178 19
655 13
185 19
513 13
400 13
559 13
196 13
198 34
584 34
642 34
206 13
564 34
524 13
209 13
623 13
528 13
405 13
350 13
265 13
356 13
377 13
270 13
436 13
615 13
100 13
314 34
478 13
612 13
115 13
151 13
12 13
67 19
411 13
325 13
180 19
491 13
403 13
402 13
631 13
535 13
515 13
319 13
650 13
46 13
602 13
433 13
3 34
136 13
138 13
167 34
424 13
33 13
121 13
10 13
77 13
545 13
337 13
453 13
221 13
577 13
520 13
17 34
109 34
275 13
310 34
90 13
401 13
596 13
467 34
494 13
111 19
24 13
574 13
333 13
677 13
92 13
62 19
253 13
383 13
245 13
470 34
395 13
641 13
158 13
164 13
309 13
85 13
619 13
376 19
567 13
248 34
500 13
551 13
523 13
447 13
66 19
145 13
604 13
304 13
283 13
30 13
484 13
483 19
648 13
474 13
80 19
416 19
170 13
562 13
645 13
398 13
353 13
590 19
214 13
284 13
589 13
666 13
174 34
379 13
408 13
406 13
527 13
530 13
87 13
345 13
20 13
281 13
445 13
536 13
437 13
205 13
410 13
306 13
98 13
556 13
569 13
465 13
169 13
502 13
533 13
277 13
667 13
332 13
187 13
548 13
588 19
280 34
15 13
542 34
538 13
473 19
50 19
244 13
108 13
571 13
575 13
576 13
585 13
317 34
657 13
586 13
186 13
328 34
456 13
74 19
343 34
82 13
640 13
195 13
234 34
472 13
546 13
141 19
162 19
517 19
624 13
323 13
649 19
266 13
219 13
254 13
606 19
565 13
603 13
179 13
387 13
238 13
137 19
302 13
147 13
285 19
428 13
282 13
107 13
583 19
451 13
278 13
446 13
210 13
620 13
274 13
496 13
139 13
140 13
252 13
229 13
658 34
324 13
251 13
561 13
300 13
493 34
378 13
468 13
521 13
495 13
112 13
635 13
598 13
617 13
369 13
321 19
421 19
338 19
550 19
610 34
634 19
653 13
622 19
669 13
443 13
555 13
269 13
440 13
552 13
660 13
58 13
364 13
63 19
9 13
70 13
289 13
518 13
439 13
116 13
519 13
349 13
629 13
99 19
560 13
404 13
430 13
22 13
49 13
18 13
625 34
455 13
208 13
460 13
326 13
201 13
159 13
322 13
65 34
374 13
568 13
11 13
176 34
212 13
213 19
305 13
506 34
522 13
479 13
438 13
614 13
632 13
14 19
51 13
607 13
257 13
654 13
355 19
594 13
216 13
359 13
362 13
578 13
534 13
294 13
272 13
591 19
487 13
241 19
399 19
363 13
331 13
149 13
271 19
413 13
102 13
371 13
616 13
342 13
286 34
247 13
97 13
295 13
307 13
54 19
525 19
52 19
230 13
231 13
409 13
360 19
150 13
357 19
134 13
375 13
672 13
120 13
497 19
367 13
637 13
361 13
382 34
28 13
60 13
352 13
48 13
183 34
91 34
236 13
59 34
662 13
211 19
595 13
128 13
458 19
127 13
84 13
427 13
45 13
200 13
224 13
157 13
488 19
347 19
173 13
25 13
166 13
605 13
34 13
600 19
366 13
644 13
113 13
426 13
482 13
581 13
104 13
192 13
628 13
161 13
532 19
368 13
44 13
273 13
207 13
68 19
237 19
89 13
543 34
260 13
13 13
261 13
243 19
79 19
73 13
557 13
61 19
26 13
390 19
132 13
429 13
181 19
276 19
480 13
119 13
422 13
110 19
397 13
96 13
148 13
250 19
130 13
336 19
40 13
105 19
38 13
16 13
190 13
239 13
36 13
233 13
419 13
106 13
171 19
420 13
218 8
126 13
189 13
163 13
7 13
117 13
435 13
94 19
320 19
330 13
463 13
415 13
469 13
599 13
354 13
293 13
611 13
597 13
264 13
129 19
228 13
242 13
21 13
531 13
651 19
425 13
217 13
385 19
462 13
316 13
358 34
485 13
481 19
122 13
42 13
476 19
563 13
621 19
339 13
344 13
393 13
131 13
114 13
663 13
526 13
452 13
464 13
88 13
509 13
659 19
8 19
348 13
381 13
566 13
547 13
133 13
146 13
544 13
573 13
76 19
267 13
199 13
678 13
299 34
508 34
297 13
177 13
182 19
188 19
679 13
152 19
311 13
232 13
643 13
327 13
646 13
193 34
351 34
75 19
78 13
365 13
394 13
83 13
417 13
142 19
135 13
608 13
633 19
384 34
55 13
329 19
53 13
2 13
303 13
301 19
636 34
432 13
103 34
459 19
160 13
380 13
81 13
64 13
57 13
670 13
313 19
553 19
630 13
292 13
0 13
554 13
249 13
290 13
668 19
1 13
226 19
35 13
223 13
475 13
673 13
450 13
202 19
580 13
124 13
346 34
175 13
19 13
386 13
539 19
541 13
143 13
168 19
448 19
32 13
197 13
203 19
674 19
318 19
222 13
225 13
664 0
41 19
514 13
540 13
258 13
392 13
537 13
510 13
498 13
461 13
457 19
125 34
431 19
144 13
626 13
240 13
run time cost of algorithm DRT_BD is 0.371864seconds
