2720200 161 47
194 9
74 9
514 34
100 9
31 9
197 9
263 9
336 9
4 9
550 9
401 9
485 34
184 9
423 9
72 9
316 9
133 9
140 34
467 9
235 9
159 9
58 9
418 9
429 9
172 9
233 9
391 9
592 9
116 34
82 9
273 34
69 9
351 9
566 9
413 34
462 9
575 9
254 9
584 9
506 9
320 9
181 9
570 9
158 9
148 9
126 9
49 34
328 9
323 9
124 9
519 9
407 9
22 9
223 9
239 9
168 9
147 9
307 9
305 9
355 9
362 9
200 9
329 9
573 9
269 9
437 9
500 9
125 9
318 9
155 9
396 9
280 9
207 9
364 9
27 9
342 9
103 9
365 9
415 9
454 9
356 9
387 9
251 9
421 9
451 9
325 9
134 9
341 9
299 9
34 9
457 9
253 9
109 9
308 9
304 9
345 9
279 9
315 9
45 9
51 9
473 9
464 9
137 9
479 9
171 9
192 9
439 9
62 9
380 9
102 34
492 9
242 9
215 9
241 9
220 9
498 9
201 9
226 9
579 9
114 9
587 9
112 9
321 9
202 34
516 34
259 9
446 9
63 9
139 9
93 9
412 9
551 9
203 34
252 9
434 9
12 9
260 9
267 9
70 9
533 9
564 9
310 9
478 9
339 9
346 34
499 9
19 9
111 9
108 9
183 9
511 9
384 9
101 9
287 9
97 9
414 9
141 9
515 9
37 9
569 9
204 9
47 9
92 9
442 9
586 9
458 34
302 9
330 9
445 9
219 9
367 9
283 9
472 6
577 9
129 9
504 9
52 9
258 9
162 9
261 9
395 9
526 9
306 9
501 9
546 9
477 9
466 9
36 6
231 9
20 9
120 9
169 9
424 9
585 9
565 9
138 9
90 9
372 9
532 9
327 34
6 9
317 9
563 9
237 9
150 9
502 9
187 9
10 9
443 9
64 9
379 9
540 9
312 9
426 9
143 9
160 9
428 9
363 34
432 9
366 9
286 9
370 9
557 9
9 9
243 9
135 9
324 34
56 9
347 9
335 9
209 9
224 9
165 9
536 9
574 9
245 9
115 9
491 9
548 9
589 9
361 9
291 9
449 9
264 9
84 9
448 9
176 9
272 9
190 9
567 9
411 9
236 6
300 9
417 9
191 9
107 9
88 9
122 9
583 9
441 9
113 9
388 9
386 9
331 34
301 9
416 9
266 9
186 9
185 9
529 34
555 9
403 9
422 9
247 9
288 9
105 9
73 9
544 9
489 9
493 9
29 6
376 9
547 9
289 9
43 9
534 9
562 9
461 9
91 9
117 9
178 9
238 9
86 6
319 9
352 9
33 9
55 9
591 9
80 9
131 9
250 9
249 9
344 9
517 9
405 9
425 9
375 9
123 9
348 9
508 9
512 9
46 9
32 9
188 9
213 9
468 6
398 9
523 6
24 9
322 9
77 9
568 34
198 9
438 9
455 9
96 9
89 9
278 34
404 9
420 9
528 9
427 9
447 9
173 9
81 9
543 9
476 9
0 9
460 9
435 9
353 9
42 9
221 9
369 9
290 9
524 9
450 9
61 9
332 9
535 9
270 9
210 9
38 9
66 9
164 9
182 9
189 9
154 9
521 34
142 9
119 9
222 9
25 9
520 9
248 6
576 9
282 9
496 9
151 9
216 9
389 9
144 6
214 9
572 9
271 9
225 9
483 9
382 9
76 6
274 9
15 9
268 9
334 9
39 9
494 9
132 9
357 9
99 9
41 9
53 9
13 9
149 9
559 9
333 9
419 9
83 9
265 9
8 9
170 9
28 9
297 9
360 9
392 9
54 9
78 9
244 34
518 9
541 6
452 9
378 9
343 9
277 34
470 9
397 9
487 9
381 9
1 9
7 9
560 9
292 9
309 9
234 9
509 9
373 9
293 9
350 9
359 9
303 6
48 9
561 9
240 9
65 34
406 9
581 9
436 9
211 9
152 9
130 9
374 9
180 9
106 9
431 9
482 9
349 9
3 9
281 9
409 9
595 9
527 9
338 9
98 9
40 9
552 9
294 9
497 9
157 9
208 9
298 9
588 6
538 9
513 9
556 6
553 9
456 9
163 9
390 34
16 9
495 9
276 9
110 9
14 6
313 9
262 9
510 9
475 9
474 9
121 9
394 6
542 9
463 9
50 9
177 9
145 9
146 9
232 9
530 9
314 9
488 9
490 9
571 9
354 9
104 9
256 9
400 6
26 9
399 6
402 9
440 9
85 9
75 9
377 9
578 9
593 9
57 9
295 9
539 34
580 9
371 34
17 9
118 9
229 9
67 9
174 9
87 9
5 9
480 34
284 34
465 9
21 9
507 9
228 9
368 34
212 9
128 9
71 9
199 34
296 34
227 9
558 9
358 9
596 9
35 9
337 34
257 9
230 9
60 9
505 9
393 34
95 9
326 9
30 34
484 9
594 9
94 9
545 9
44 9
218 9
205 9
311 9
127 9
410 34
486 9
525 9
136 9
217 9
79 9
385 9
459 9
408 9
166 34
582 9
167 9
175 9
340 9
179 9
549 9
590 9
59 9
196 9
503 9
522 9
597 9
531 9
430 9
471 9
193 9
275 34
285 9
554 9
246 9
156 9
383 9
161 9
453 9
481 9
68 9
469 9
2 9
444 9
18 9
255 9
23 9
206 9
433 9
537 9
11 9
195 9
153 9
run time cost of algorithm DRT_AG is 0.004635seconds
