2230400 170 53
389 34
231 34
366 34
335 9
273 9
91 9
387 9
378 9
372 9
422 34
225 9
314 9
456 9
311 9
473 9
98 9
332 9
213 9
18 9
97 9
7 9
0 9
365 9
376 9
166 9
364 9
424 9
319 9
204 9
114 9
292 9
434 9
54 9
158 9
162 9
412 9
100 9
250 9
179 9
89 9
68 9
343 9
431 9
182 9
39 9
303 9
447 34
216 9
131 9
232 9
262 9
270 9
239 6
176 9
497 9
71 9
276 6
20 9
290 9
493 9
299 9
267 9
291 9
104 9
235 9
99 9
284 9
485 9
420 9
443 9
414 9
410 9
337 9
102 9
352 9
305 9
196 8
377 9
149 9
133 9
375 34
396 9
110 9
374 9
197 9
83 9
383 6
221 9
189 9
14 9
36 9
371 6
75 6
205 6
316 9
353 9
293 34
295 9
265 9
237 9
437 9
346 6
458 9
222 9
487 6
151 9
63 9
25 6
23 9
441 9
448 9
312 9
363 9
132 9
417 6
271 6
501 9
208 9
238 9
103 9
32 6
105 9
496 9
42 34
137 9
355 9
212 6
392 9
86 9
159 9
453 9
227 6
470 9
466 9
38 9
66 6
313 9
244 9
423 9
161 6
468 9
67 9
26 9
344 9
478 9
92 9
8 9
215 6
500 9
130 6
380 10
19 34
169 9
433 9
394 9
107 9
350 6
87 9
275 9
199 9
472 6
2 9
157 9
345 9
245 6
256 9
272 9
164 9
34 34
286 9
368 6
278 9
43 6
136 9
460 9
108 9
462 6
406 9
489 9
127 9
82 9
45 9
285 6
46 9
201 9
454 6
173 34
390 6
228 9
481 6
269 9
357 6
236 34
65 9
180 10
347 6
96 9
142 9
277 9
416 9
397 6
124 9
283 9
259 9
119 6
480 9
341 9
268 9
419 9
29 9
11 6
94 9
310 9
112 6
84 6
115 9
16 9
21 6
274 6
421 9
309 6
287 9
49 6
429 9
322 9
81 9
33 9
329 9
492 34
411 9
240 9
154 9
17 9
408 9
184 9
70 9
69 6
147 9
251 9
288 6
491 6
427 9
405 9
106 6
37 9
145 9
298 9
402 10
178 9
51 34
140 9
53 9
3 9
50 6
117 6
498 9
360 9
455 9
356 9
467 6
177 9
22 6
398 6
430 9
334 9
126 9
118 9
385 9
465 9
325 34
24 6
62 6
483 9
280 9
255 9
223 9
260 9
219 9
203 9
125 6
230 10
194 34
85 9
249 9
451 34
263 9
146 9
30 6
139 9
95 9
446 6
384 6
224 9
234 9
128 9
135 9
257 9
143 9
181 6
152 9
28 34
477 9
57 6
79 6
121 9
469 9
479 34
175 9
195 9
495 9
13 9
12 6
486 9
9 9
395 6
281 9
241 9
207 9
5 34
348 6
150 9
450 10
381 6
153 9
10 9
399 10
248 6
266 9
436 6
193 34
41 6
52 6
186 9
369 9
432 9
425 6
191 6
324 9
76 6
391 9
80 9
229 9
461 6
55 9
490 9
31 6
4 34
61 9
206 6
211 6
449 9
78 9
315 9
499 9
59 6
44 9
134 6
409 9
474 9
404 6
327 9
226 9
331 9
333 6
188 9
60 6
72 6
48 10
246 6
442 9
144 9
56 9
209 9
438 9
148 6
217 6
253 9
418 9
361 9
439 10
373 10
90 9
160 9
354 9
296 9
120 10
403 34
202 9
77 9
459 6
1 6
218 6
116 9
379 9
252 6
129 9
435 6
163 6
476 9
445 9
339 9
463 9
187 6
301 9
35 6
122 10
440 6
342 6
317 6
320 10
294 9
165 9
482 9
323 6
340 6
210 9
282 8
171 9
243 6
300 9
172 34
349 6
138 9
289 9
367 9
185 6
426 10
386 9
40 9
101 9
233 8
264 9
214 6
198 9
192 9
328 9
330 10
338 6
362 9
382 9
388 10
502 10
258 10
6 9
15 6
452 6
326 9
307 9
488 6
393 6
415 9
167 9
111 6
156 9
88 6
407 34
306 34
413 6
27 9
318 34
73 9
74 10
464 9
155 6
336 9
484 9
457 9
358 9
170 9
444 6
190 9
141 6
200 9
64 6
302 9
321 9
168 9
428 9
494 9
359 9
47 6
261 9
308 9
242 6
475 6
58 6
174 9
400 9
351 6
220 9
370 34
254 9
247 6
297 9
304 9
183 6
471 6
401 10
93 9
109 9
279 9
123 6
113 6
run time cost of algorithm DRT_AG is 0.003398seconds
