204300 97 22
1 0
22 0
38 0
96 0
118 0
66 0
20 0
106 34
80 0
52 0
63 34
109 0
54 0
42 0
99 0
33 0
117 0
3 0
83 0
78 0
108 0
48 0
45 34
107 0
64 34
88 0
73 0
43 34
0 0
87 0
24 0
95 0
19 0
53 0
65 0
30 0
35 0
23 0
84 0
7 0
79 0
28 0
55 34
100 0
112 34
13 0
57 34
21 0
76 0
101 0
93 0
90 0
32 1
47 0
18 0
105 0
81 0
31 0
50 34
56 0
40 0
68 34
89 0
94 0
44 0
10 0
113 0
110 0
86 0
16 34
6 34
17 0
114 0
15 0
74 34
119 0
98 0
104 0
39 0
85 0
111 0
116 0
36 0
5 0
51 0
37 34
69 0
71 0
61 34
77 0
91 0
92 0
41 34
29 0
27 1
2 1
75 0
59 0
11 0
25 0
82 0
12 0
9 0
102 0
62 1
34 0
72 0
103 0
46 0
8 0
58 34
4 0
26 1
49 0
70 0
60 34
14 0
97 0
115 1
67 0
run time cost of algorithm DRT_BD is 0.008746seconds
