1365350 98 15
472 34
696 12
77 12
156 12
434 12
288 12
259 12
718 12
684 12
452 12
230 12
456 12
749 12
511 12
509 12
372 12
502 12
672 12
247 34
238 12
671 12
496 12
603 12
95 12
222 12
499 12
354 12
93 12
621 12
651 12
507 12
317 12
177 34
715 12
536 12
52 12
529 12
522 12
98 12
41 12
255 12
192 12
520 12
618 12
217 12
12 12
309 12
344 12
48 12
663 12
573 12
322 12
226 12
124 12
4 12
205 12
235 12
178 12
636 12
459 12
350 12
223 34
714 12
113 12
628 12
462 12
297 12
122 12
145 12
519 12
9 12
491 12
736 12
605 12
137 12
737 12
380 12
305 12
55 12
83 12
304 12
649 12
767 12
409 12
799 12
807 34
294 12
103 12
141 12
382 12
287 12
264 12
284 12
729 12
49 12
633 12
681 12
33 12
326 12
328 12
23 34
216 34
227 12
102 12
480 12
295 12
296 12
414 12
592 12
417 12
484 12
419 12
355 12
155 12
423 12
617 12
368 34
693 12
682 34
283 12
340 34
175 12
86 12
740 12
144 12
82 12
512 12
687 12
399 12
630 12
42 12
256 12
631 12
460 12
208 12
675 12
408 12
213 12
488 12
468 12
479 12
379 12
444 12
263 12
411 12
386 12
700 12
711 12
267 12
149 12
798 12
690 12
228 12
741 12
429 12
513 12
67 2
416 12
571 12
34 12
422 34
575 12
202 12
775 12
784 12
193 12
792 12
432 12
466 12
148 34
398 12
101 12
262 12
321 12
131 2
59 12
62 12
692 12
1 12
808 12
482 12
150 12
532 12
588 12
15 2
412 12
186 12
333 12
365 12
734 2
214 34
594 12
248 2
567 12
497 12
303 2
119 12
28 12
761 12
157 2
624 12
625 12
763 12
514 12
449 12
195 12
111 12
174 12
492 12
707 12
425 12
292 2
685 34
481 12
318 12
694 12
181 12
320 12
279 34
18 12
220 12
493 12
17 2
730 2
600 2
281 12
418 12
797 34
253 12
384 12
668 12
69 34
109 12
562 12
38 2
351 12
251 8
768 12
57 2
117 12
554 12
410 12
415 12
2 12
620 12
710 12
345 12
212 12
373 34
437 12
776 12
173 2
546 12
528 12
777 12
559 34
239 12
108 12
106 12
702 12
585 2
561 12
64 12
229 12
332 2
194 12
359 34
515 12
298 12
285 12
97 12
315 34
720 2
430 12
313 12
525 34
705 12
526 34
211 34
586 34
73 34
610 2
80 2
501 12
467 12
441 12
471 34
474 12
627 12
120 12
670 2
770 12
172 2
508 12
662 12
657 12
619 12
781 12
404 2
680 12
612 12
187 12
147 2
153 12
389 12
367 2
712 12
570 12
483 12
803 34
302 12
678 12
547 12
159 2
24 12
552 2
556 12
381 12
755 12
727 2
728 12
732 2
105 12
757 12
163 34
31 2
765 12
273 12
162 2
275 12
443 12
79 2
257 2
400 12
778 2
92 12
7 12
128 2
486 34
112 12
405 12
809 12
78 34
232 12
146 12
392 12
774 12
804 12
477 2
476 12
656 12
802 12
783 34
589 12
118 2
793 12
356 12
688 12
68 34
325 12
231 12
3 12
396 12
764 12
706 12
388 2
96 2
564 12
94 34
269 12
450 34
608 12
201 2
724 12
650 12
800 2
426 12
697 12
378 2
640 12
6 12
123 12
329 12
63 12
739 2
132 12
791 12
341 34
801 12
241 12
170 12
527 12
161 12
61 2
200 12
224 12
107 12
635 12
395 12
516 12
30 12
748 12
530 2
243 2
719 34
691 2
806 12
130 2
599 2
84 12
560 12
435 12
169 12
152 12
725 2
272 2
276 12
47 12
278 12
590 12
751 2
495 12
494 12
234 2
642 12
506 12
249 2
698 2
100 34
32 12
785 12
524 2
622 12
537 12
709 12
121 12
366 12
582 2
786 12
290 12
634 2
772 12
658 12
632 2
374 12
445 12
543 12
37 12
615 2
676 12
641 12
316 2
383 12
453 2
143 2
597 12
252 12
457 12
199 2
357 2
563 12
500 12
652 12
385 2
311 2
660 12
245 34
221 12
196 12
104 2
664 12
406 12
139 12
735 12
731 2
689 12
540 2
674 2
338 12
39 12
539 12
242 12
447 2
750 2
752 12
125 12
136 2
390 12
773 34
661 2
207 2
376 12
609 2
439 2
246 12
780 12
191 12
319 2
679 12
56 2
261 12
490 12
646 12
370 12
789 12
13 2
420 12
726 2
335 8
353 12
352 12
164 12
182 34
116 2
289 2
308 34
576 12
644 12
331 12
572 2
160 2
581 12
673 2
369 12
14 12
126 12
21 12
753 2
548 12
300 12
743 12
75 12
43 12
448 2
260 2
569 12
58 12
541 2
53 34
274 12
270 12
716 12
535 2
643 12
686 12
677 12
27 12
185 2
377 8
469 12
10 2
225 12
645 2
805 12
542 2
258 2
604 12
403 12
90 2
553 12
244 12
324 12
788 12
669 12
574 2
110 12
349 12
348 12
342 2
35 2
503 12
421 34
413 12
167 2
210 12
158 12
401 2
629 2
431 12
614 2
312 34
704 12
19 34
140 12
314 34
464 12
362 12
551 12
171 2
134 2
29 12
555 34
577 12
738 12
72 12
277 2
129 12
203 2
544 12
339 12
142 12
703 12
602 2
583 2
545 12
701 12
475 12
638 12
375 12
299 12
360 12
190 12
168 2
336 12
579 34
790 2
306 12
25 12
54 12
683 12
436 12
587 12
762 12
427 12
623 12
769 12
465 2
233 2
613 12
607 12
606 2
795 12
51 2
442 12
648 12
5 12
127 12
391 2
438 12
440 12
87 12
40 12
458 12
89 2
428 2
779 2
45 12
0 12
504 2
505 2
282 12
81 12
498 12
11 12
286 12
796 12
463 12
794 2
361 2
758 12
323 12
489 2
596 12
598 2
310 12
534 2
601 2
22 12
20 12
66 34
531 2
71 12
487 12
699 12
595 2
446 12
60 12
46 2
721 2
407 12
655 12
695 34
639 2
8 12
337 12
44 34
250 2
461 2
85 12
455 12
578 34
557 12
76 2
550 34
364 34
88 12
393 12
240 12
265 12
667 34
197 12
206 12
647 12
215 34
266 12
268 12
593 12
91 2
307 2
99 12
189 12
744 2
517 12
518 12
334 12
521 2
433 2
454 12
771 2
387 12
138 2
451 2
722 2
723 12
665 12
115 12
371 34
114 12
787 12
179 2
653 2
280 12
330 12
733 12
363 12
271 12
533 12
591 12
198 12
766 12
236 2
759 12
301 12
358 12
237 12
713 2
746 12
165 12
565 12
346 12
742 12
184 2
485 12
523 2
754 12
717 2
756 2
188 12
626 34
580 12
760 12
478 12
659 2
397 12
394 12
183 12
666 12
473 2
218 34
654 12
424 2
637 2
209 12
549 2
204 2
782 12
708 12
180 2
538 12
50 12
176 2
16 12
611 2
219 12
470 12
616 2
327 34
745 2
133 12
347 12
65 34
26 34
166 2
151 12
36 12
291 2
254 12
558 2
584 2
154 2
70 12
402 12
568 12
747 12
74 2
293 2
135 12
566 2
343 12
510 12
run time cost of algorithm DRT_BD is 0.55568seconds
