2589200 161 48
1 9
499 9
574 9
388 9
295 9
457 9
402 34
5 9
399 9
268 9
504 9
105 9
174 9
366 9
216 9
306 9
305 9
547 9
67 9
447 9
128 9
57 9
32 9
253 9
575 9
463 9
298 9
150 9
177 9
10 9
125 9
195 9
536 9
459 9
579 9
368 9
138 9
49 9
198 9
42 9
346 9
566 9
496 9
16 9
522 9
160 34
301 9
454 9
171 9
362 9
584 9
528 6
259 9
87 9
481 34
34 9
237 9
287 9
213 9
521 34
495 9
583 9
472 9
218 9
448 9
261 9
564 9
68 34
277 9
453 9
405 9
439 9
120 9
154 9
529 9
97 9
527 9
310 9
227 9
3 9
391 34
262 6
50 9
475 9
503 9
82 34
543 9
265 9
246 9
419 9
21 9
406 9
199 9
112 9
116 9
164 9
166 9
412 9
357 34
54 9
456 9
351 9
551 9
411 9
190 9
207 9
249 34
266 9
153 9
378 9
356 9
387 9
258 9
581 9
352 9
206 9
430 9
553 9
284 9
563 9
232 9
257 9
500 9
178 9
201 9
328 9
338 9
370 9
467 9
229 9
415 9
540 9
576 9
334 9
355 9
7 6
136 9
147 9
449 9
365 9
443 9
582 9
142 9
279 9
577 9
353 9
90 9
88 9
35 9
270 9
470 9
302 9
361 9
394 9
24 9
122 9
92 9
144 9
72 9
350 9
60 34
588 9
252 9
20 9
197 9
513 9
226 9
267 9
14 9
562 9
349 9
326 9
137 9
245 9
118 9
165 9
418 9
170 9
363 9
442 6
11 9
243 9
478 9
85 34
323 9
359 9
2 9
558 9
523 6
185 9
461 9
444 9
435 9
114 9
290 9
390 6
505 9
110 6
421 9
214 9
358 9
485 9
263 6
300 9
324 9
511 9
589 9
441 9
278 9
36 9
539 9
297 9
168 9
256 9
78 9
222 9
191 9
288 9
187 9
389 9
248 9
377 34
335 9
518 9
223 9
225 9
514 6
585 6
347 34
91 9
343 9
436 9
264 9
369 9
469 9
272 6
336 9
193 9
580 9
397 9
516 9
333 9
311 34
132 9
508 6
483 9
398 9
0 34
396 9
111 9
542 9
129 34
37 6
293 9
360 9
489 9
559 9
317 9
556 9
55 9
327 9
568 9
143 9
382 9
565 9
552 9
233 9
307 9
172 9
491 9
180 9
474 9
196 9
130 9
281 9
224 9
455 9
62 9
330 34
345 9
408 9
554 34
18 9
260 9
380 9
458 9
322 9
292 9
221 9
385 9
38 9
121 9
123 9
544 9
420 9
325 9
149 9
414 9
269 6
247 9
202 9
162 9
426 9
573 9
304 9
486 9
471 9
66 34
244 6
210 9
403 9
313 9
228 9
61 9
318 9
364 9
220 9
15 9
409 9
342 9
182 9
94 9
502 9
275 9
183 9
95 9
438 9
392 9
422 9
501 9
133 9
434 9
241 34
393 9
466 9
23 9
135 9
141 9
151 9
567 9
251 9
517 9
487 9
119 9
309 9
339 9
231 9
134 9
512 9
76 9
113 9
488 9
493 9
25 6
175 9
173 9
464 9
319 9
590 9
108 9
531 9
48 9
384 9
482 9
532 9
587 9
534 9
507 9
515 9
375 9
371 9
77 9
557 9
299 6
424 9
537 9
27 9
209 9
572 6
395 9
570 9
386 9
215 9
578 34
274 9
282 9
473 9
329 34
341 9
314 9
240 9
344 9
239 9
96 9
312 6
407 9
140 9
254 9
586 9
280 9
148 9
484 9
19 9
446 6
498 6
75 9
30 9
146 9
127 9
376 9
465 9
477 9
203 9
17 9
460 9
13 9
159 9
303 9
79 9
115 9
276 9
63 9
33 9
413 6
100 9
238 9
381 6
555 9
549 9
429 9
69 9
296 9
126 9
22 9
425 9
273 9
28 9
348 9
71 9
64 9
139 9
104 9
26 9
506 9
285 9
194 9
86 9
289 6
58 9
103 9
52 9
550 34
44 9
102 9
535 34
524 9
46 9
89 9
31 34
530 9
433 9
321 9
316 9
291 9
492 9
340 9
255 9
169 9
39 9
423 9
8 9
479 9
152 9
131 6
99 9
65 9
445 9
497 9
29 34
217 9
480 9
107 9
591 9
374 9
236 9
188 9
200 9
6 9
204 9
372 9
283 9
51 9
417 9
541 9
9 9
410 9
250 9
286 9
93 9
181 9
320 9
548 9
80 9
184 9
242 9
179 9
117 9
525 9
400 9
12 9
211 9
4 9
70 9
189 9
379 9
45 9
161 9
53 9
560 9
84 9
155 9
59 9
462 9
47 6
468 9
235 9
476 9
427 9
205 9
354 9
124 9
416 9
533 9
401 9
109 9
192 9
509 9
450 9
404 9
367 34
40 9
561 9
167 9
101 9
494 9
545 9
56 6
83 6
158 9
156 9
373 9
452 9
520 9
451 9
234 9
230 9
74 9
219 34
490 9
538 9
432 9
332 9
383 9
526 9
519 6
81 9
212 9
331 9
315 9
208 9
569 6
440 9
571 9
41 9
510 9
271 9
294 9
106 9
337 9
73 9
546 9
98 9
163 9
43 9
176 9
431 9
186 9
145 9
308 9
437 9
428 9
157 9
run time cost of algorithm DRT_AG is 0.00408seconds
