1473400 98 15
544 48
615 48
633 48
264 48
583 48
369 34
439 48
702 48
553 48
309 48
158 48
519 48
482 48
155 48
804 48
48 48
642 48
385 48
586 48
152 48
671 34
205 48
66 48
212 48
46 48
466 48
533 48
569 34
416 48
613 48
178 48
276 48
488 48
18 48
758 34
235 48
196 48
135 48
293 48
673 48
816 48
435 48
42 48
456 48
167 48
169 48
272 48
6 48
494 48
114 34
338 48
724 48
561 48
714 48
501 48
745 48
26 48
712 48
711 48
350 34
588 48
13 48
274 48
209 48
763 48
817 48
22 48
658 48
743 48
491 48
771 48
731 48
685 48
825 48
690 48
441 48
453 48
292 48
201 48
665 48
380 48
197 48
67 48
291 48
8 48
219 48
570 48
428 48
541 48
641 48
832 48
630 48
471 48
189 48
833 34
812 48
361 48
393 48
736 48
12 48
96 48
150 48
779 48
766 48
313 48
168 48
216 48
215 48
675 48
445 48
71 34
576 34
706 48
55 48
514 34
551 34
105 48
193 48
43 48
290 48
469 48
192 48
237 48
286 48
25 48
786 48
795 48
807 48
607 48
809 48
362 48
376 34
703 48
84 48
106 48
318 48
32 48
767 48
627 48
242 48
101 48
98 48
835 48
596 48
218 48
713 48
348 48
61 48
704 48
829 48
227 48
245 48
524 48
306 48
300 48
681 48
757 48
805 48
625 48
392 48
414 48
417 48
421 48
287 48
465 48
464 48
546 48
575 48
564 48
729 48
343 48
499 48
44 48
498 48
589 48
357 48
609 9
187 48
532 48
387 34
62 34
808 48
133 9
753 48
547 48
446 48
56 34
593 48
28 48
419 34
552 48
539 48
412 48
409 48
241 48
537 48
148 48
296 34
381 48
663 48
754 9
78 48
382 48
72 34
528 48
694 48
651 48
744 9
521 48
650 48
648 48
470 34
765 34
111 48
29 48
123 48
269 48
572 48
144 48
49 48
323 48
265 48
250 48
342 48
52 48
710 48
311 48
208 48
696 48
653 48
390 48
440 48
517 48
239 48
540 48
780 48
536 9
495 48
139 48
502 48
364 48
365 48
200 48
222 48
36 48
585 48
476 48
493 48
523 48
830 9
660 48
418 48
359 48
741 48
59 48
307 48
794 48
755 48
629 48
388 9
97 48
451 34
592 48
824 48
444 48
818 48
697 48
136 48
121 9
185 48
230 9
262 48
147 48
458 9
686 48
489 48
328 9
217 48
195 48
462 48
680 48
373 48
372 48
21 48
371 48
370 48
367 48
773 9
360 9
659 48
473 48
352 48
639 48
31 34
346 9
684 48
799 48
802 9
384 48
340 34
590 48
693 34
68 48
513 48
486 48
698 9
700 48
478 48
159 48
321 48
2 9
720 48
363 34
38 48
314 48
284 48
160 48
47 34
254 48
467 48
165 9
83 48
199 48
487 48
622 48
828 48
746 48
145 48
238 48
506 34
508 48
331 48
273 48
518 9
301 48
406 48
415 48
687 48
554 48
530 34
299 48
23 48
122 48
543 48
760 48
126 48
762 48
131 48
124 9
531 9
525 9
676 48
234 48
138 48
354 48
80 48
70 34
579 48
14 48
395 9
174 48
503 48
149 48
39 48
791 48
87 48
3 9
315 9
252 9
725 48
422 48
474 48
162 34
483 48
146 48
143 9
505 9
303 48
336 48
221 48
526 48
24 48
599 48
803 48
120 48
180 34
774 34
82 48
134 48
618 48
695 48
775 9
721 48
646 48
719 48
772 9
655 9
504 48
358 48
718 48
581 9
157 48
402 48
403 9
231 34
281 48
65 48
153 48
705 48
184 48
258 48
571 48
9 9
562 9
183 48
266 48
257 48
679 48
374 48
683 48
345 9
204 48
271 48
5 34
437 48
190 48
509 48
182 9
4 48
228 48
244 48
268 48
796 9
327 48
578 34
220 48
789 48
329 34
730 48
85 9
520 48
666 34
142 9
806 48
644 48
7 48
600 48
479 48
93 48
716 9
577 9
827 48
534 48
198 9
112 48
455 34
678 48
194 9
181 48
568 9
408 48
229 34
662 9
339 48
750 48
211 48
647 9
399 9
255 48
591 48
100 48
527 48
752 48
368 48
125 9
173 48
834 48
413 48
108 9
163 48
260 9
597 48
95 48
349 48
214 9
326 48
461 48
141 48
557 48
726 9
792 9
41 48
790 34
764 48
30 48
778 48
164 48
497 34
636 48
88 9
427 48
431 48
75 48
484 34
793 48
320 48
310 48
280 48
810 9
45 48
459 48
511 48
550 48
566 8
756 48
584 48
322 9
248 48
223 48
425 48
603 48
608 48
330 48
294 48
640 48
782 9
475 48
207 48
452 48
661 9
232 48
40 48
770 9
436 9
256 34
37 9
831 48
76 9
783 48
203 9
177 48
677 9
27 48
623 48
191 48
275 48
325 48
797 9
104 9
58 48
411 34
715 48
560 48
429 9
0 48
288 48
449 48
605 48
171 9
397 9
17 48
410 9
236 48
389 48
302 48
826 48
751 48
295 9
353 9
116 48
267 48
496 48
472 9
394 48
574 9
92 48
522 9
132 9
656 48
611 48
420 48
468 48
610 48
154 48
253 48
156 48
587 9
351 48
278 9
86 48
337 9
400 48
723 48
202 9
224 48
595 9
717 48
815 48
378 48
749 48
667 48
823 9
670 48
759 48
19 34
90 48
188 48
784 48
172 48
450 48
739 48
735 48
621 48
226 48
614 48
140 48
433 48
128 48
555 9
94 48
692 9
454 48
99 9
674 48
567 48
722 9
225 48
733 48
107 9
304 48
377 48
776 34
69 48
73 9
259 48
63 48
383 48
432 48
53 48
668 9
814 48
447 48
282 48
186 48
747 48
102 48
308 34
691 48
246 48
129 48
463 48
481 48
606 9
117 9
77 9
60 48
628 9
261 48
16 48
788 48
151 48
492 48
602 9
485 48
620 48
298 48
161 48
270 48
50 9
289 34
332 48
477 9
777 9
699 9
426 48
91 48
709 9
563 48
672 9
175 9
457 48
391 9
604 34
34 48
11 48
768 48
51 9
657 48
738 9
632 48
333 9
535 48
480 9
35 48
740 9
247 48
761 9
324 9
430 9
10 48
240 48
669 9
379 48
249 34
634 48
820 48
113 48
769 48
616 48
612 48
356 48
103 9
57 9
54 48
515 48
490 48
545 48
79 48
423 9
565 48
118 48
637 9
785 48
341 48
598 48
283 48
822 48
727 48
801 48
707 48
701 34
396 48
366 9
251 9
64 48
654 9
443 34
737 9
233 48
176 9
548 48
510 48
742 9
460 9
448 48
787 9
398 9
130 9
137 48
206 48
442 48
319 48
664 48
279 48
243 9
582 48
689 9
542 9
127 34
401 48
619 48
335 48
407 34
213 9
170 48
500 48
110 48
682 9
538 9
734 48
580 48
728 9
688 48
297 9
285 48
645 34
277 48
594 9
355 48
559 48
316 34
317 48
305 48
643 48
334 48
811 48
617 48
649 9
635 48
781 48
708 48
512 48
424 9
33 48
20 9
1 9
109 48
434 48
798 9
558 9
507 9
179 9
631 48
263 48
344 48
312 9
347 9
15 48
626 9
732 48
573 48
813 34
748 48
386 9
624 48
74 9
405 48
115 48
438 48
819 9
404 9
821 48
210 48
549 9
652 34
166 34
81 48
601 48
800 9
375 34
638 48
529 48
119 48
516 9
556 9
89 9
run time cost of algorithm DRT_BD is 0.540239seconds
