2139000 170 40
580 25
575 25
247 25
248 25
570 25
302 25
187 25
382 25
159 25
408 25
149 25
148 9
418 25
433 25
435 25
245 25
107 34
456 25
96 25
515 25
533 25
468 25
178 25
173 25
384 25
472 25
129 25
342 25
326 25
126 25
476 25
201 25
479 25
60 25
143 25
59 25
154 25
415 34
508 25
539 25
494 25
410 25
552 25
446 25
457 25
465 25
130 25
191 25
402 25
295 25
217 25
549 25
71 25
128 25
520 25
55 25
566 25
57 25
58 41
12 25
542 34
101 25
320 34
434 41
478 25
100 25
140 25
404 25
514 25
486 25
328 25
448 25
493 25
232 25
390 25
115 9
108 25
574 25
169 25
464 25
41 25
246 25
133 25
136 25
189 25
536 25
535 41
28 34
335 25
67 25
17 25
45 41
511 25
40 25
381 25
83 41
375 25
172 25
553 25
177 25
138 25
346 25
131 25
425 9
65 25
31 25
517 9
537 9
298 25
9 25
216 25
285 25
263 9
504 41
284 25
413 25
499 25
110 41
103 34
440 25
120 41
229 9
420 25
54 25
518 25
312 25
257 25
8 25
74 25
256 25
573 25
386 41
461 25
347 25
364 25
428 25
548 25
426 25
470 25
179 25
530 25
362 25
254 25
525 41
78 25
337 25
261 25
225 25
116 25
445 25
72 41
333 25
481 25
406 25
49 25
491 41
56 41
158 25
398 41
307 25
449 41
42 25
394 25
195 9
268 25
145 25
523 25
185 9
253 25
80 25
127 25
20 25
469 9
85 41
471 41
438 25
134 25
89 25
171 25
124 25
81 9
15 41
233 41
230 25
516 9
167 41
258 25
113 41
79 25
102 25
50 25
98 25
317 25
165 25
204 41
18 25
161 25
324 41
202 41
199 34
475 41
477 25
251 25
332 41
389 25
396 25
73 25
314 25
424 25
209 25
122 41
462 34
473 25
94 25
357 25
348 34
442 41
466 25
117 25
497 34
564 25
279 25
274 25
223 25
109 25
460 41
507 41
99 34
490 25
300 25
301 25
522 37
419 25
97 34
369 25
310 25
482 25
474 41
90 34
531 9
377 9
241 25
175 41
0 25
290 25
211 25
363 41
556 25
13 25
366 41
391 41
142 41
423 41
236 25
524 41
123 41
450 25
273 34
455 37
259 25
92 25
84 25
76 25
64 41
264 25
325 9
485 41
198 25
5 9
39 25
540 25
95 41
510 25
385 25
521 41
112 25
27 34
392 25
162 25
429 41
160 25
397 25
528 9
409 25
526 25
139 25
278 41
277 25
16 34
163 25
519 25
170 34
176 25
509 9
82 25
194 25
196 25
267 25
226 25
315 25
567 37
303 25
212 34
376 25
379 25
156 25
403 25
412 25
147 25
262 25
297 41
550 25
228 41
252 25
206 41
316 41
213 41
6 25
351 9
270 41
340 9
393 25
439 25
569 25
495 25
562 38
545 25
38 34
286 25
219 25
503 25
151 25
231 41
235 25
207 25
61 25
62 25
135 9
125 41
26 25
387 25
266 41
77 41
119 25
443 41
538 25
352 25
451 34
186 25
577 41
350 25
114 34
453 34
87 25
467 25
250 25
436 25
265 34
193 9
146 9
242 41
489 25
411 25
496 25
283 25
1 41
576 34
400 41
505 25
36 34
541 25
164 41
534 25
243 25
318 41
68 25
244 25
292 25
188 25
190 37
93 25
121 41
10 41
551 9
488 41
313 25
249 25
144 41
367 41
150 25
35 25
32 37
380 25
356 25
269 25
558 9
430 25
480 41
311 9
52 25
197 34
14 25
281 41
331 41
416 25
183 25
203 25
106 41
578 25
365 25
513 41
463 25
88 41
276 25
227 25
561 25
66 41
498 41
46 25
372 25
288 41
11 41
395 41
532 25
238 41
421 9
282 25
487 25
358 25
388 25
399 9
24 41
69 25
329 25
86 25
293 37
572 25
437 25
291 37
200 34
529 25
306 25
304 25
34 41
155 25
118 41
220 25
280 25
506 34
23 41
205 25
22 25
240 34
210 41
21 25
319 25
105 41
299 41
458 41
557 25
554 25
555 41
91 41
141 25
349 41
441 41
271 25
371 25
51 25
368 34
4 41
192 6
341 25
414 25
560 25
338 41
222 25
353 25
454 25
345 25
308 25
157 41
255 25
361 34
484 25
104 25
53 25
354 41
137 25
330 25
374 34
181 8
501 41
417 41
63 25
275 41
70 41
447 41
305 37
44 25
3 41
373 9
344 25
208 25
43 34
360 41
543 25
132 41
431 41
25 25
405 25
527 25
323 37
234 41
30 25
182 25
407 41
422 25
287 25
359 25
492 34
48 41
2 25
502 41
512 25
7 25
559 25
37 41
289 25
168 41
370 25
111 9
547 41
568 34
327 25
339 25
432 9
19 25
427 25
75 37
224 25
452 34
184 34
33 41
544 25
565 41
546 41
214 25
260 9
483 41
500 9
321 25
166 41
322 41
218 25
355 41
215 25
459 41
239 41
343 25
272 25
152 25
180 41
563 41
309 41
296 41
334 41
444 41
221 41
336 41
401 41
571 25
383 25
237 25
29 25
174 41
47 25
153 37
378 34
579 25
294 25
run time cost of algorithm DRT_AG is 0.004341seconds
