299300 97 15
0 0
1 0
2 0
3 0
4 0
5 0
6 0
7 0
8 0
9 0
10 0
11 0
12 0
13 0
14 0
15 0
16 0
17 0
18 0
19 0
20 0
21 0
22 0
23 0
24 34
25 0
26 0
27 0
28 0
29 0
30 0
31 0
32 0
33 0
34 0
35 0
36 0
37 1
38 0
39 0
40 34
41 1
42 34
43 0
44 1
45 0
46 0
47 0
48 0
49 0
50 0
51 1
52 0
53 1
54 1
55 1
56 0
57 0
58 0
59 0
60 0
61 0
62 0
63 1
64 1
65 0
66 0
67 0
68 0
69 0
70 0
71 0
72 0
73 0
74 0
75 0
76 0
77 0
78 1
79 0
80 1
81 1
82 0
83 1
84 2
85 0
86 0
87 0
88 0
89 1
90 1
91 0
92 0
93 1
94 1
95 0
96 0
97 1
98 0
99 0
100 0
101 1
102 0
103 0
104 0
105 1
106 0
107 1
108 1
109 1
110 1
111 0
112 0
113 2
114 0
115 34
116 1
117 1
118 0
119 1
120 0
121 0
122 0
123 0
124 0
125 2
126 0
127 0
128 0
129 1
130 1
131 34
132 1
133 0
134 1
135 0
136 0
137 0
138 34
139 0
140 1
141 1
142 1
143 0
144 1
145 1
146 0
147 0
148 0
149 1
150 0
151 1
152 34
153 0
154 0
155 2
156 1
157 0
158 0
159 0
160 0
161 0
162 0
163 2
164 1
165 0
166 0
167 0
168 0
169 34
170 0
171 0
run time cost of algorithm SM_CTP is 0.041941seconds
