2230400 170 40
381 25
46 25
342 25
306 25
136 9
512 9
292 25
63 25
253 25
162 25
298 25
521 25
528 25
101 9
299 25
83 25
575 25
218 25
291 41
324 25
443 25
90 25
99 25
265 9
585 9
289 25
121 25
392 34
332 25
395 25
53 41
285 25
410 25
347 25
140 25
401 25
142 25
261 25
605 25
269 34
5 25
262 25
466 25
568 41
427 34
170 25
272 25
363 25
217 25
422 25
475 25
375 25
543 25
304 25
199 34
23 25
412 25
436 9
320 25
188 25
197 25
1 25
62 25
483 25
474 25
478 34
27 9
3 25
425 25
256 25
471 25
131 41
529 25
492 25
238 25
349 25
95 9
177 25
340 25
21 25
608 25
423 34
576 25
212 25
331 25
598 34
449 25
351 25
503 25
397 25
231 25
179 25
252 25
77 41
33 34
476 25
145 34
539 25
213 41
245 25
108 25
154 25
469 25
405 25
354 25
369 25
569 25
18 25
527 25
326 34
457 34
273 25
235 25
481 25
454 41
417 41
181 25
464 25
563 9
394 25
144 25
223 25
597 25
583 41
596 41
251 25
193 34
343 41
208 25
458 25
26 25
187 37
346 25
534 9
594 25
135 9
4 25
137 25
319 25
293 41
287 25
82 25
279 34
599 25
120 25
450 25
396 25
85 41
11 25
166 25
221 25
40 25
498 25
613 34
295 9
133 25
264 25
426 25
158 34
205 25
352 25
309 25
196 41
114 34
520 9
189 41
71 25
365 25
593 41
100 41
570 25
357 37
387 25
556 25
203 25
432 25
7 34
8 41
233 25
612 25
604 25
487 25
14 25
488 25
65 25
507 25
22 9
111 25
302 41
361 34
566 25
554 34
168 25
416 25
28 25
411 25
152 25
437 41
16 41
34 25
378 25
180 25
444 25
500 34
511 25
371 34
42 41
329 25
201 41
350 25
54 25
31 25
496 25
318 34
595 25
192 25
447 25
277 41
460 41
323 25
587 25
91 25
10 25
93 25
296 9
176 41
281 25
574 41
445 25
535 41
509 41
316 41
516 34
345 41
12 25
611 41
164 34
409 25
327 25
334 41
335 25
45 25
341 25
544 41
451 25
260 25
551 41
562 25
433 25
490 41
250 25
80 25
50 41
385 25
434 25
69 25
254 34
56 25
380 41
105 25
508 41
339 25
603 25
237 25
610 25
165 25
174 25
2 25
178 25
419 25
29 25
514 25
428 25
333 25
532 9
141 25
505 25
139 25
55 9
24 34
588 25
234 25
448 34
376 25
367 25
284 9
107 25
364 25
408 25
236 25
537 25
491 41
386 41
545 38
294 25
51 41
49 25
48 25
542 25
533 25
482 25
263 25
216 25
160 9
524 41
173 34
420 41
518 41
515 25
486 25
311 25
307 9
37 25
204 25
110 25
602 41
402 25
317 41
473 25
565 41
259 34
104 41
184 8
183 25
523 41
305 25
215 25
119 25
328 25
531 25
472 41
494 37
247 9
388 25
506 25
389 25
336 25
362 25
148 25
538 41
310 41
435 41
297 25
66 9
68 25
59 25
442 25
303 25
348 25
52 9
35 41
94 25
123 25
418 25
609 41
355 41
446 25
519 25
429 25
240 37
462 25
390 41
567 25
607 25
239 25
359 41
601 25
465 41
564 25
266 25
98 25
47 9
124 41
373 34
92 41
17 41
550 25
377 37
86 25
242 25
485 25
480 25
530 34
456 34
248 9
72 9
470 41
455 25
502 25
222 25
228 9
220 25
497 25
159 25
600 25
606 37
75 9
547 41
246 34
78 25
126 41
573 25
206 25
117 41
9 41
315 25
109 34
591 25
379 34
89 41
360 25
129 25
25 25
270 41
185 41
186 25
209 25
286 25
489 9
546 25
0 25
167 25
155 41
195 25
6 34
549 25
553 25
116 25
112 25
102 41
249 25
15 41
399 25
20 41
578 41
84 34
384 41
76 41
590 41
36 25
322 25
452 8
344 25
374 25
356 25
60 25
58 25
257 25
172 41
579 41
153 25
382 25
276 25
30 25
132 25
477 9
552 25
592 38
115 41
282 25
300 34
461 9
103 41
463 9
499 41
241 41
495 25
229 41
79 34
400 25
584 25
438 25
430 41
88 9
391 25
74 41
280 41
337 9
87 25
453 34
138 41
39 25
271 9
366 25
484 34
169 25
525 41
150 25
200 41
407 25
210 41
557 9
571 34
504 34
404 25
314 37
232 25
589 9
312 25
230 25
32 25
403 25
440 41
467 34
586 25
96 41
219 25
214 25
125 25
290 25
510 41
406 25
330 25
288 25
274 25
198 9
413 25
338 41
441 41
146 34
541 25
540 25
258 25
64 41
43 25
581 25
414 41
157 25
580 25
421 25
614 34
501 25
424 41
106 41
555 25
439 41
38 41
255 41
522 38
41 25
368 25
283 9
468 25
358 9
459 41
147 25
134 41
517 25
161 41
190 25
130 25
275 38
267 25
151 25
243 25
393 25
211 25
493 34
558 41
559 41
431 41
561 41
122 25
118 25
225 25
415 25
97 34
226 25
171 25
227 9
224 34
156 25
372 41
370 9
191 25
61 25
67 25
577 25
268 41
325 41
479 37
194 25
308 41
548 41
81 25
513 25
163 25
582 25
313 41
278 41
128 25
202 25
207 41
182 41
57 25
572 25
536 25
383 37
526 25
398 25
19 25
13 34
560 41
301 41
321 25
73 25
70 25
353 25
244 41
44 34
113 25
149 25
175 25
127 41
143 25
run time cost of algorithm DRT_AG is 0.004727seconds
