10494000 170 17
431 25
468 25
487 25
380 25
363 25
532 25
681 25
739 9
848 25
0 25
474 25
899 25
564 25
598 25
637 25
218 25
154 25
126 25
743 25
116 41
109 25
757 25
80 9
29 25
443 34
498 9
583 25
270 25
623 25
183 9
708 25
781 25
813 9
645 25
553 25
290 25
893 25
282 25
259 25
201 25
673 25
162 25
67 25
825 25
875 34
693 34
724 25
690 41
209 41
666 25
662 25
890 25
254 25
602 25
299 25
414 25
472 25
584 25
95 25
579 25
342 25
593 25
485 25
167 25
878 25
423 25
715 25
277 25
777 25
500 41
28 25
94 25
539 25
713 25
634 25
738 9
426 25
733 25
313 25
572 25
680 25
194 25
692 25
406 25
536 25
793 25
659 25
308 25
350 25
671 41
204 34
530 41
785 41
411 41
837 41
345 41
910 41
470 41
176 41
358 41
105 34
24 41
712 41
494 41
269 41
907 41
184 41
208 41
166 41
364 41
12 41
15 41
251 41
272 41
619 41
118 41
612 41
748 41
115 41
519 9
356 41
247 9
330 41
868 41
286 41
23 9
390 41
556 41
319 41
344 41
605 41
343 41
148 9
427 9
870 41
759 9
736 41
403 9
830 34
311 34
316 41
196 41
600 41
149 41
489 41
465 41
113 41
717 41
262 41
517 41
905 41
658 34
384 41
454 41
462 41
250 41
360 41
417 41
657 41
691 41
293 41
439 41
670 41
193 41
753 41
88 9
649 41
203 41
233 41
520 41
535 41
75 41
700 41
744 41
622 41
258 41
648 41
185 41
225 9
223 34
656 41
509 41
778 41
77 41
705 41
615 41
371 41
228 41
503 34
13 41
89 41
398 37
493 37
453 37
721 38
446 37
835 38
378 37
214 37
62 37
824 37
655 37
202 37
394 38
306 37
754 38
849 37
570 37
324 34
707 37
719 38
257 37
616 38
544 37
770 37
773 34
189 38
220 9
39 9
127 37
279 37
315 37
782 38
317 37
571 37
486 37
862 37
723 9
86 37
479 38
522 34
626 37
702 37
303 41
504 37
408 38
727 37
851 37
9 37
44 38
119 34
261 37
448 38
499 37
83 37
527 38
745 37
85 37
137 37
294 37
506 37
310 37
683 37
828 37
791 9
735 38
729 37
461 37
287 38
772 9
525 37
281 37
158 34
497 37
510 37
265 38
174 38
42 37
511 34
549 37
206 37
357 37
14 37
654 37
686 37
787 37
545 37
459 38
156 34
845 37
874 37
643 37
419 37
704 9
428 34
74 37
852 37
409 9
260 37
348 37
244 38
452 37
433 37
725 37
776 34
836 37
731 37
205 37
685 38
159 38
644 38
512 37
636 38
887 37
297 37
844 37
130 37
375 37
50 37
352 34
784 37
582 37
8 37
854 37
856 37
689 37
278 37
20 37
674 37
141 37
143 37
483 38
802 37
289 9
56 37
215 34
599 9
96 37
84 37
140 38
395 37
82 37
678 37
168 38
639 37
391 37
231 37
826 37
566 38
820 38
53 38
542 37
551 37
688 38
61 37
171 38
614 9
296 37
275 37
97 37
747 37
373 9
134 37
589 37
182 37
913 38
881 37
783 9
821 37
288 38
518 38
537 37
780 38
894 37
569 37
596 9
811 37
445 37
40 38
57 38
480 37
120 34
43 37
664 37
819 37
404 37
831 37
441 38
307 37
891 37
268 37
425 38
429 38
720 37
136 37
121 38
389 9
766 37
249 37
740 38
295 38
397 34
161 37
476 37
252 37
879 37
1 37
679 34
381 37
51 37
359 37
367 9
490 38
292 34
526 34
298 34
629 34
248 34
694 34
841 9
106 34
855 34
606 34
320 9
92 34
466 34
283 38
524 34
285 38
18 34
547 38
660 34
110 34
416 34
407 38
565 38
869 38
300 34
401 34
87 34
175 38
548 34
620 34
447 33
718 38
523 34
232 34
752 34
609 38
631 34
229 34
41 38
737 34
457 34
48 34
886 34
884 34
876 34
376 34
796 34
226 34
703 34
79 38
362 38
860 34
246 38
585 38
909 34
625 38
216 34
877 9
123 34
396 9
280 34
714 9
237 34
322 34
93 34
60 34
321 34
538 34
684 38
574 34
21 34
393 34
531 34
19 38
885 34
164 34
534 34
144 34
5 34
47 34
865 34
30 34
505 34
682 38
274 34
846 38
38 34
400 9
496 34
399 34
219 34
563 34
412 9
346 34
857 34
567 34
586 34
771 34
897 34
66 34
769 9
652 38
661 34
801 34
213 34
749 34
775 34
334 34
32 38
481 34
798 34
4 9
621 34
676 34
192 34
388 9
463 38
806 34
587 34
372 34
125 34
810 34
640 34
239 9
302 34
900 34
843 34
677 34
711 34
768 38
444 38
858 9
575 34
911 34
354 34
31 34
172 38
49 34
413 34
284 34
675 34
601 34
550 34
755 38
37 9
207 9
276 38
484 34
495 34
883 34
577 34
267 34
135 38
318 34
672 34
758 34
469 38
561 38
790 34
190 34
896 34
129 34
568 34
456 38
696 9
256 34
573 34
335 34
379 38
558 34
177 34
76 34
788 38
832 34
17 34
58 34
774 34
235 34
742 38
224 34
528 34
377 38
904 34
52 38
326 34
701 9
764 34
895 34
817 34
864 38
421 34
382 38
873 34
732 34
761 34
726 38
888 34
722 38
440 34
533 34
264 9
647 38
430 34
100 38
709 38
815 34
839 38
638 34
365 34
99 34
98 38
26 34
7 34
912 34
734 34
590 34
72 38
133 34
560 34
434 38
181 34
460 34
369 34
353 34
464 34
863 38
142 38
552 34
70 34
516 34
642 38
111 34
803 34
795 34
65 38
112 34
55 34
611 34
146 38
3 34
238 34
212 34
478 38
866 38
756 34
698 34
451 34
809 34
594 34
588 34
337 38
750 34
859 34
392 34
312 34
22 34
807 34
383 34
706 34
131 25
271 41
46 34
68 38
33 34
108 9
132 34
314 34
559 34
853 34
35 38
751 38
458 34
78 38
242 34
370 9
198 34
889 34
467 34
155 34
387 34
730 34
309 34
665 38
834 34
816 34
436 38
332 38
351 34
543 34
36 34
107 38
230 9
374 34
799 34
221 38
340 38
415 38
808 34
170 34
329 9
386 34
765 38
540 9
804 34
34 34
789 38
186 34
482 38
741 34
91 34
147 34
779 34
59 34
513 34
914 34
81 34
554 34
2 34
842 34
628 34
25 34
762 38
222 34
613 34
514 34
180 34
338 34
138 34
827 34
195 34
114 38
153 34
104 34
668 34
6 34
805 38
301 34
273 34
191 34
366 38
861 34
908 38
871 38
728 34
179 38
323 9
450 34
669 38
663 9
794 34
333 34
163 38
840 34
475 34
124 34
546 34
902 9
200 34
818 34
898 34
800 34
872 34
160 38
501 38
169 34
541 34
488 34
882 34
240 34
410 34
152 38
165 34
635 38
646 34
325 34
336 38
90 34
906 38
63 34
361 34
608 34
263 38
507 34
617 34
847 34
45 34
173 34
578 38
880 34
651 34
627 34
178 34
122 34
117 34
442 34
27 38
502 38
555 38
580 34
492 38
385 34
901 38
760 34
347 34
73 34
603 34
597 34
610 34
188 34
234 38
687 34
422 34
624 34
349 38
304 34
641 34
633 34
473 34
71 38
217 34
291 34
355 9
438 34
327 34
64 34
437 34
449 34
435 9
829 34
576 33
650 34
227 34
54 38
210 38
581 34
792 9
405 34
266 9
432 34
420 33
903 38
16 34
101 34
197 38
236 34
103 34
630 34
150 34
11 34
139 34
211 34
695 34
339 34
797 34
607 34
822 33
867 33
515 9
814 9
521 33
746 36
241 24
368 24
667 9
424 36
341 38
305 38
892 33
786 33
151 8
69 9
455 33
591 38
529 33
618 24
245 38
145 33
491 33
471 33
557 33
402 8
812 33
477 33
102 38
632 33
767 24
595 33
653 33
253 9
10 38
418 33
763 36
255 33
508 33
199 33
331 24
187 33
592 33
697 36
710 33
157 38
850 38
243 8
604 24
716 33
128 33
823 33
699 36
833 33
562 8
838 38
328 33
run time cost of algorithm DRT_AG is 0.008123seconds
