1152450 104 65
0 34
1 34
2 34
3 34
4 34
5 34
6 34
7 34
8 34
9 34
10 34
11 34
12 34
13 34
14 0
15 34
16 34
17 0
18 34
19 34
20 0
21 34
22 34
23 0
24 34
25 34
26 34
27 34
28 34
29 34
30 34
31 34
32 41
33 34
34 34
35 34
36 34
37 34
38 34
39 34
40 34
41 34
42 34
43 34
44 34
45 34
46 34
47 34
48 34
49 34
50 34
51 34
52 41
53 34
54 34
55 34
56 34
57 34
58 34
59 0
60 34
61 34
62 34
63 34
64 34
65 34
66 34
67 34
68 34
69 34
70 34
71 34
72 34
73 34
74 34
75 34
76 0
77 34
78 0
79 34
80 34
81 34
82 34
83 34
84 34
85 34
86 34
87 0
88 34
89 34
90 34
91 34
92 0
93 34
94 41
95 34
96 34
97 34
98 34
99 34
100 0
101 0
102 0
103 34
104 34
105 34
106 34
107 34
108 34
109 0
110 34
111 34
112 34
113 34
114 34
115 41
116 34
117 0
118 34
119 34
120 34
121 34
122 34
123 34
124 34
125 34
126 0
127 34
128 0
129 34
130 34
131 41
132 34
133 0
134 34
135 0
136 34
137 34
138 0
139 34
140 34
141 34
142 34
143 34
144 8
145 34
146 34
147 0
148 34
149 34
150 34
151 34
152 34
153 34
154 34
155 34
156 34
157 34
158 34
159 34
160 34
161 34
162 41
163 34
164 34
165 0
166 34
167 41
168 34
169 34
170 0
171 34
172 34
173 41
174 41
175 0
176 0
177 34
178 34
179 34
180 34
181 34
182 34
183 34
184 34
185 34
186 41
187 34
188 34
189 34
190 34
191 34
192 41
193 34
194 34
195 41
196 34
197 34
198 34
199 34
200 41
201 34
202 0
203 41
204 34
205 34
206 34
207 34
208 34
209 34
210 34
211 34
212 34
213 0
214 34
215 34
216 34
217 34
218 34
219 0
220 34
221 34
222 0
223 34
224 34
225 34
226 41
227 34
228 34
229 34
230 34
231 34
232 34
233 34
234 34
235 34
236 34
237 34
238 34
239 34
240 34
241 34
242 41
243 34
244 34
245 34
246 34
247 34
248 34
249 34
250 34
251 34
252 34
253 34
254 34
255 34
256 34
257 34
258 34
259 34
260 34
261 34
262 34
263 34
264 34
265 34
266 34
267 41
268 34
269 34
270 34
271 34
272 34
273 41
274 34
275 34
276 34
277 0
278 41
279 34
280 34
281 34
282 34
283 8
284 34
285 0
286 34
287 34
288 34
289 0
290 0
291 34
292 34
293 41
294 34
295 0
296 34
297 34
298 0
299 34
300 34
301 34
302 41
303 34
304 34
305 34
306 34
307 34
308 34
309 34
310 34
311 34
312 34
313 34
314 34
315 34
316 34
317 34
318 34
319 34
320 0
321 34
322 8
323 41
324 34
325 34
326 34
327 34
328 34
329 34
330 34
331 41
332 34
333 34
334 34
335 34
336 34
337 34
338 34
339 34
340 34
341 34
342 0
343 34
344 34
345 34
346 34
347 34
348 34
349 34
350 34
351 34
352 34
353 34
354 41
355 41
356 34
357 34
358 0
359 34
360 41
361 1
362 34
363 34
364 34
365 34
366 0
367 34
368 34
369 0
370 34
371 34
372 0
373 0
374 41
375 34
376 0
377 34
378 34
379 34
380 34
381 34
382 34
383 34
384 34
385 34
386 34
387 34
388 34
389 34
390 41
391 34
392 34
393 34
394 41
395 34
396 1
397 34
398 34
399 34
400 34
401 34
402 34
403 0
404 34
405 34
406 34
407 34
408 0
409 34
410 34
411 34
412 41
413 34
414 34
415 34
416 34
417 34
418 34
419 34
420 34
421 34
422 41
423 34
424 34
425 34
426 34
427 34
428 34
429 34
430 34
431 41
432 34
433 34
434 34
435 34
436 34
437 34
438 34
439 41
440 41
441 8
442 34
443 0
444 34
445 0
446 34
447 34
448 34
449 34
450 34
451 34
452 34
453 34
454 34
455 34
456 34
457 34
458 34
459 41
460 0
461 34
462 34
463 34
464 34
465 34
466 0
467 34
468 34
469 34
470 34
471 8
472 34
473 34
474 34
475 41
476 34
477 34
478 34
479 34
480 34
481 34
482 34
483 34
484 34
485 34
486 0
487 34
488 34
489 0
490 34
491 34
492 41
493 8
494 34
495 34
496 34
497 34
498 41
499 34
500 34
501 34
502 34
503 41
504 34
505 41
506 34
507 34
508 34
509 34
510 34
511 1
512 34
513 34
514 34
515 34
516 34
517 34
518 34
519 34
520 0
521 34
522 41
523 41
524 34
525 0
526 34
527 34
528 34
529 34
530 34
531 34
532 34
533 34
534 34
535 34
536 34
537 34
538 34
539 41
540 34
541 41
542 41
543 41
544 34
545 41
546 34
547 34
548 34
549 34
550 34
551 34
552 41
553 34
554 0
555 41
556 34
557 34
558 1
559 0
560 34
561 34
562 41
563 34
564 0
565 34
566 41
567 34
568 0
569 34
570 34
571 41
572 34
573 34
574 34
575 0
576 34
577 41
578 41
579 34
580 34
581 8
582 34
583 41
584 41
585 34
586 41
587 0
588 41
589 41
590 41
591 0
592 34
593 34
594 0
595 34
596 41
597 34
598 34
599 41
600 41
601 34
602 34
603 0
604 34
605 34
606 34
607 34
608 34
609 34
610 34
611 34
612 34
613 34
614 34
615 41
616 0
617 34
618 34
619 34
620 34
621 34
622 0
623 0
624 34
625 34
626 0
627 34
628 34
629 34
630 0
631 0
632 34
633 41
634 41
635 34
636 34
637 41
638 41
639 41
640 34
641 34
642 41
643 34
644 0
645 34
646 34
647 34
648 0
649 34
650 34
651 41
652 34
653 0
654 34
655 41
656 8
657 34
658 34
659 34
660 34
661 34
662 41
663 41
664 34
665 41
666 41
667 41
668 34
669 0
670 34
671 34
672 34
673 34
674 34
675 34
676 34
677 34
678 34
679 41
680 8
681 34
682 34
683 41
684 41
685 34
686 34
687 34
688 41
689 34
690 34
691 34
692 34
693 1
694 41
695 34
696 34
697 34
698 34
699 0
700 34
701 41
702 0
703 0
704 1
705 41
706 34
707 0
708 41
709 34
710 34
711 34
712 0
713 34
714 8
715 34
716 34
717 34
718 34
719 0
720 41
721 34
722 34
723 1
724 34
725 0
726 34
727 41
728 34
729 34
730 0
731 0
732 34
733 34
734 34
735 0
736 34
737 34
738 34
739 41
740 34
741 0
742 41
743 0
744 34
745 41
746 34
747 34
748 34
749 41
750 0
751 41
752 34
753 34
754 41
755 34
756 34
757 8
758 41
759 34
760 34
761 34
762 41
763 34
764 0
765 41
766 8
767 41
768 0
769 34
770 41
771 34
772 34
773 0
774 41
775 34
776 34
777 34
778 8
779 34
780 41
781 8
782 34
783 41
784 0
785 34
786 34
787 34
788 34
789 34
790 8
791 41
792 41
793 34
794 34
795 34
796 41
797 8
798 34
799 34
800 34
801 0
802 34
803 0
804 34
805 34
806 34
807 34
808 34
809 34
810 34
811 0
812 34
813 34
814 41
815 34
816 41
817 0
818 41
819 41
820 34
821 34
822 34
823 34
824 34
825 0
826 41
827 34
828 34
829 41
830 34
831 34
run time cost of algorithm SM_CTP is 1.49511seconds
