1567200 170 41
234 25
241 25
445 25
101 9
244 25
5 25
264 25
114 25
273 25
428 25
170 25
45 34
301 41
342 25
348 25
358 25
120 25
78 25
18 25
369 25
22 9
338 25
125 25
384 34
229 25
387 25
284 25
70 25
55 25
181 25
75 9
408 25
32 25
413 25
304 25
140 25
326 25
327 25
212 25
1 25
312 25
61 25
412 25
295 25
245 25
341 25
346 25
159 25
254 25
281 25
437 25
401 34
208 25
184 25
422 41
349 25
282 41
289 25
58 9
440 25
395 25
82 25
62 34
320 25
359 25
126 25
329 25
8 25
223 25
189 25
280 25
50 25
286 34
135 25
24 25
21 41
83 25
118 25
117 25
7 34
110 34
107 25
98 25
243 41
53 41
199 25
145 25
336 41
360 25
130 25
375 25
85 9
393 25
441 34
94 34
446 25
11 34
407 25
152 41
29 34
404 25
15 9
102 25
192 9
362 34
134 25
80 25
339 25
319 9
109 34
221 25
119 25
165 34
322 25
171 41
294 41
155 25
180 25
60 41
370 34
30 25
92 25
260 9
388 9
340 25
439 25
88 25
158 25
232 25
372 25
178 9
81 34
402 25
269 25
211 25
249 41
67 25
201 25
390 9
227 41
330 25
188 34
363 41
235 8
337 41
13 25
160 25
172 25
287 25
116 25
194 25
394 25
250 25
239 41
91 25
52 25
429 25
430 25
374 41
59 41
364 25
121 25
156 25
256 25
167 25
63 41
96 25
185 25
257 25
391 25
76 41
272 41
147 25
36 25
377 25
323 25
419 25
325 41
44 25
357 25
35 41
122 9
220 25
381 25
392 25
40 41
311 25
25 25
442 25
42 25
373 25
106 25
292 25
64 25
163 25
4 25
226 25
380 25
383 25
427 25
197 25
99 25
138 25
97 41
247 25
203 25
123 25
343 25
278 34
345 9
219 25
28 25
367 41
224 41
361 25
306 25
168 41
169 25
79 25
331 34
279 34
84 25
334 25
267 34
425 25
268 41
225 25
230 25
276 25
65 41
54 25
302 41
143 25
233 34
296 41
177 25
20 25
38 25
293 34
77 25
213 41
313 41
202 41
204 25
93 25
263 25
207 25
333 25
303 25
148 25
376 25
150 25
43 25
33 25
46 25
365 25
354 25
317 41
356 25
435 25
3 34
261 25
324 25
206 9
111 41
398 41
195 25
266 25
196 34
399 25
262 25
438 25
251 25
350 25
444 25
275 25
290 25
426 25
66 25
434 25
129 25
73 41
100 25
385 25
344 25
291 41
2 25
166 25
31 41
253 25
352 41
105 25
161 25
355 25
416 25
371 34
179 9
71 25
10 9
146 41
186 25
347 25
240 41
187 34
423 25
424 9
420 41
242 25
9 34
133 25
131 25
411 41
274 25
379 25
328 41
214 25
299 41
415 41
137 25
132 41
162 41
316 25
283 41
26 9
124 41
174 25
400 41
270 41
389 37
210 41
95 41
103 25
23 25
0 41
231 41
182 34
175 9
198 25
68 25
6 25
351 41
217 25
353 9
87 8
366 34
74 25
255 9
258 41
265 25
153 34
149 25
144 41
443 34
409 34
57 25
310 34
173 25
191 25
41 25
142 25
368 25
17 25
128 25
154 25
136 41
386 41
200 34
414 25
436 41
252 25
151 25
164 41
397 34
406 25
378 25
72 25
47 25
141 41
56 25
259 25
418 25
300 25
305 41
314 41
318 34
176 25
14 25
90 25
335 41
237 25
222 25
236 41
277 41
417 34
27 25
431 41
433 25
288 25
307 34
16 25
12 25
115 9
309 41
113 25
104 41
405 25
403 9
183 25
321 41
315 25
86 37
396 41
49 25
37 9
205 25
332 25
271 41
248 9
246 41
216 25
218 41
382 25
238 41
215 25
157 34
193 25
432 34
410 25
285 41
297 25
308 41
89 25
112 25
139 25
421 25
228 9
19 9
209 9
51 41
127 34
48 41
298 25
190 25
34 34
39 41
108 41
69 34
run time cost of algorithm DRT_AG is 0.002706seconds
