450900 104 66
0 34
1 34
2 34
3 34
4 34
5 34
6 0
7 34
8 34
9 34
10 34
11 34
12 34
13 34
14 34
15 0
16 34
17 34
18 34
19 34
20 0
21 34
22 34
23 0
24 34
25 34
26 34
27 34
28 34
29 34
30 34
31 34
32 0
33 41
34 34
35 34
36 34
37 41
38 34
39 34
40 34
41 34
42 34
43 34
44 34
45 34
46 34
47 34
48 0
49 34
50 34
51 34
52 34
53 34
54 34
55 34
56 34
57 34
58 34
59 34
60 34
61 34
62 34
63 34
64 34
65 0
66 34
67 34
68 34
69 34
70 34
71 0
72 34
73 34
74 0
75 0
76 34
77 34
78 41
79 34
80 34
81 34
82 34
83 34
84 34
85 34
86 41
87 34
88 34
89 34
90 34
91 34
92 34
93 0
94 34
95 34
96 34
97 34
98 34
99 34
100 34
101 0
102 34
103 34
104 34
105 34
106 34
107 34
108 34
109 34
110 34
111 34
112 34
113 34
114 34
115 34
116 34
117 34
118 34
119 0
120 34
121 34
122 0
123 34
124 34
125 34
126 41
127 34
128 34
129 0
130 34
131 34
132 34
133 34
134 34
135 34
136 0
137 34
138 41
139 34
140 0
141 0
142 8
143 41
144 34
145 34
146 34
147 34
148 34
149 34
150 34
151 34
152 41
153 34
154 34
155 34
156 0
157 34
158 0
159 34
160 34
161 34
162 0
163 34
164 34
165 34
166 34
167 34
168 41
169 41
170 34
171 34
172 41
173 34
174 34
175 34
176 34
177 34
178 34
179 41
180 34
181 34
182 34
183 8
184 0
185 34
186 34
187 34
188 34
189 34
190 34
191 34
192 34
193 0
194 34
195 34
196 34
197 41
198 34
199 34
200 34
201 34
202 41
203 34
204 0
205 41
206 34
207 8
208 34
209 34
210 34
211 34
212 34
213 34
214 34
215 34
216 34
217 34
218 34
219 34
220 34
221 41
222 0
223 34
224 41
225 34
226 41
227 34
228 34
229 34
230 34
231 34
232 0
233 34
234 34
235 0
236 34
237 8
238 34
239 34
240 34
241 0
242 34
243 34
244 41
245 34
246 34
247 34
248 34
249 34
250 34
251 34
252 34
253 34
254 34
255 34
256 34
257 0
258 34
259 41
260 34
261 34
262 34
263 41
264 34
265 34
266 34
267 34
268 0
269 34
270 34
271 34
272 41
273 34
274 34
275 34
276 34
277 34
278 34
279 34
280 34
281 34
282 34
283 0
284 34
285 34
286 0
287 34
288 34
289 34
290 34
291 34
292 34
293 41
294 41
295 34
296 34
297 34
298 41
299 41
300 0
301 41
302 34
303 34
304 34
305 34
306 34
307 0
308 41
309 34
310 41
311 34
312 34
313 34
314 34
315 41
316 41
317 0
318 41
319 34
320 34
321 34
322 34
323 34
324 34
325 34
326 34
327 34
328 41
329 34
330 34
331 34
332 34
333 34
run time cost of algorithm SM_CTP is 0.370405seconds
