3142400 120 53
0 29
1 29
2 29
3 34
4 29
5 29
6 34
7 29
8 29
9 34
10 29
11 29
12 34
13 34
14 29
15 34
16 29
17 34
18 29
19 0
20 29
21 34
22 29
23 29
24 34
25 29
26 29
27 34
28 29
29 29
30 34
31 0
32 34
33 29
34 34
35 34
36 29
37 29
38 29
39 29
40 0
41 29
42 29
43 29
44 29
45 29
46 29
47 29
48 29
49 29
50 29
51 29
52 34
53 29
54 29
55 29
56 34
57 29
58 29
59 0
60 0
61 29
62 29
63 29
64 34
65 29
66 29
67 29
68 29
69 41
70 29
71 34
72 29
73 0
74 29
75 29
76 29
77 29
78 29
79 29
80 29
81 29
82 29
83 29
84 0
85 29
86 34
87 29
88 29
89 29
90 34
91 29
92 29
93 29
94 34
95 29
96 0
97 34
98 29
99 29
100 29
101 34
102 29
103 34
104 29
105 29
106 29
107 29
108 34
109 29
110 34
111 34
112 29
113 29
114 34
115 34
116 34
117 29
118 29
119 34
120 29
121 0
122 29
123 29
124 0
125 29
126 29
127 29
128 29
129 29
130 0
131 0
132 0
133 29
134 0
135 29
136 0
137 29
138 0
139 29
140 29
141 0
142 0
143 29
144 29
145 0
146 29
147 29
148 0
149 34
150 34
151 29
152 34
153 29
154 29
155 34
156 34
157 29
158 29
159 34
160 29
161 29
162 34
163 29
164 34
165 29
166 34
167 34
168 34
169 34
170 29
171 34
172 34
173 29
174 34
175 29
176 29
177 0
178 34
179 29
180 29
181 34
182 29
183 29
184 29
185 41
186 29
187 29
188 29
189 34
190 29
191 29
192 34
193 29
194 34
195 29
196 34
197 0
198 29
199 29
200 29
201 34
202 34
203 29
204 34
205 29
206 34
207 29
208 29
209 29
210 29
211 29
212 29
213 34
214 34
215 29
216 34
217 29
218 29
219 29
220 29
221 34
222 29
223 29
224 29
225 29
226 0
227 29
228 29
229 34
230 29
231 29
232 29
233 34
234 0
235 29
236 34
237 29
238 29
239 29
240 29
241 34
242 34
243 29
244 34
245 29
246 29
247 29
248 29
249 34
250 29
251 29
252 29
253 0
254 29
255 29
256 34
257 0
258 0
259 29
260 34
261 29
262 34
263 29
264 29
265 29
266 34
267 34
268 29
269 34
270 29
271 34
272 29
273 34
274 29
275 29
276 0
277 34
278 29
279 29
280 34
281 34
282 0
283 29
284 29
285 29
286 29
287 29
288 29
289 29
290 29
291 29
292 29
293 29
294 29
295 29
296 34
297 0
298 34
299 34
300 34
301 29
302 29
303 29
304 34
305 29
306 29
307 29
308 29
309 8
310 29
311 29
312 29
313 29
314 34
315 29
316 29
317 0
318 29
319 8
320 29
321 29
322 29
323 0
324 29
325 29
326 34
327 29
328 29
329 29
330 29
331 29
332 34
333 29
334 34
335 29
336 0
337 29
338 29
339 29
340 29
341 29
342 34
343 29
344 34
345 29
346 34
347 29
348 29
349 29
350 29
351 34
352 29
353 29
354 29
355 29
356 34
357 29
358 34
359 29
360 29
361 29
362 29
363 34
364 29
365 29
366 34
367 34
368 29
369 29
370 34
371 29
372 29
373 29
374 29
375 29
376 41
377 29
378 41
379 29
380 29
381 29
382 29
383 29
384 29
385 34
386 29
387 29
388 34
389 29
390 29
391 29
392 34
393 29
394 29
395 29
396 0
397 29
398 29
399 29
400 29
401 29
402 34
403 29
404 0
405 34
406 41
407 29
408 34
409 34
410 29
411 29
412 29
413 34
414 29
415 29
416 34
417 29
418 29
419 29
420 29
421 29
422 34
423 34
424 29
425 34
426 29
427 29
428 29
429 34
430 34
431 0
432 29
433 34
434 34
435 0
436 34
437 29
438 29
439 29
440 34
441 29
442 34
443 29
444 29
445 34
446 29
447 34
448 29
449 0
450 0
451 29
452 29
453 29
454 29
455 29
456 29
457 29
458 34
459 29
460 29
461 34
462 41
463 29
464 34
465 29
466 29
467 29
468 34
469 34
470 29
471 34
472 29
473 29
474 29
475 41
476 34
477 29
478 29
479 34
480 29
481 29
482 1
483 29
484 34
485 29
486 29
487 29
488 29
489 34
490 29
491 29
492 34
493 34
494 0
495 34
496 34
497 34
498 29
499 29
500 29
501 29
502 0
503 34
504 34
505 29
506 29
507 29
508 29
509 29
510 34
511 29
512 34
513 34
514 29
515 34
516 29
517 29
518 29
519 29
520 29
521 34
522 29
523 29
524 29
525 29
526 34
527 29
528 29
529 29
530 34
531 29
532 29
533 29
534 29
535 29
536 34
537 29
538 29
539 29
540 1
541 29
542 34
543 29
544 29
545 29
546 29
547 34
548 29
549 34
550 29
551 29
552 29
553 29
554 29
555 29
556 41
557 29
558 29
559 29
560 34
561 29
562 29
563 29
564 29
565 29
566 0
567 29
568 29
569 29
570 29
571 29
572 29
573 29
574 34
575 29
576 29
577 29
578 29
579 34
580 0
581 29
582 29
583 41
584 34
585 29
586 29
587 29
588 0
589 34
590 29
591 29
592 29
593 29
594 29
595 29
596 29
597 29
598 29
599 29
600 34
601 0
602 29
603 34
604 29
605 0
606 29
607 0
608 29
609 34
610 34
611 34
612 8
613 29
614 34
615 29
616 34
617 34
618 34
619 34
620 34
621 29
622 29
623 29
624 29
625 34
626 29
627 29
628 29
629 29
630 29
631 29
632 34
633 34
634 29
635 34
636 29
637 29
638 29
639 0
640 29
641 29
642 29
643 29
644 34
645 0
646 29
647 29
648 34
649 34
650 29
651 29
652 29
653 34
654 29
655 29
656 34
657 29
658 34
659 29
660 34
661 29
662 29
663 34
664 29
665 29
666 29
667 34
668 34
669 29
670 29
671 29
672 29
673 29
674 34
675 29
676 34
677 41
678 34
679 34
680 34
681 29
682 29
683 29
684 29
685 29
686 29
687 34
688 29
689 34
690 34
691 34
692 34
693 34
694 29
695 29
696 29
697 29
698 29
699 29
700 34
701 34
702 34
703 41
704 29
705 29
706 34
707 29
708 29
709 29
710 29
711 0
712 34
713 29
714 29
715 0
716 34
717 29
718 29
719 34
720 29
721 0
722 34
723 41
724 29
725 29
726 34
727 29
728 29
729 34
730 0
731 34
732 29
733 34
734 29
735 29
736 29
737 41
738 34
739 29
740 29
741 29
742 29
743 29
744 29
745 29
746 41
747 41
748 34
749 29
750 29
751 34
752 34
753 29
754 29
755 29
756 29
757 34
758 41
759 29
760 29
761 29
762 29
763 29
764 29
765 29
766 34
767 41
768 29
769 29
770 29
771 29
772 29
773 34
774 29
775 29
776 29
777 34
778 0
779 34
780 29
781 0
782 29
783 34
784 34
785 29
786 29
787 34
788 34
789 34
790 29
791 29
792 29
793 41
794 34
795 29
796 34
797 34
798 29
799 29
800 34
801 34
802 29
803 29
804 29
805 34
806 29
807 34
808 29
809 29
810 34
811 29
812 29
813 29
814 29
815 29
816 29
817 29
818 34
819 34
820 29
821 29
822 29
823 29
824 1
825 29
826 34
827 29
828 34
829 34
830 29
831 0
832 41
833 34
834 34
835 41
run time cost of algorithm SM_CTP is 2.32577seconds
