2092400 104 68
49 34
137 34
133 34
207 34
182 0
202 34
31 0
172 34
103 34
149 34
108 34
226 34
116 34
25 34
121 34
80 34
48 34
169 34
5 0
27 34
155 34
200 34
90 0
212 0
22 34
61 34
173 34
89 34
102 34
34 0
72 34
42 34
128 34
105 34
24 34
40 34
140 34
53 0
52 34
220 34
87 34
154 34
1 34
114 34
210 34
217 0
84 34
99 34
28 0
164 34
44 34
7 34
110 34
86 34
59 34
15 34
197 34
225 0
171 0
163 34
131 34
142 34
109 34
123 34
118 34
38 34
174 34
33 34
162 34
0 34
29 34
37 34
56 34
64 34
20 34
92 34
12 34
4 34
36 34
150 34
94 34
179 34
67 0
185 34
180 34
145 34
46 34
221 34
167 34
85 34
146 34
190 34
74 34
186 34
32 34
95 34
235 34
189 34
204 34
237 34
184 34
188 34
196 34
129 34
157 34
181 34
147 34
76 34
122 34
107 34
127 34
126 34
120 34
77 34
153 34
132 34
205 34
88 34
91 34
30 34
66 34
9 34
19 34
166 34
240 34
125 34
60 34
70 34
63 34
83 34
11 34
156 34
97 34
227 34
78 34
209 34
68 34
35 34
58 34
211 34
100 34
195 34
232 34
93 34
161 34
238 34
143 34
198 34
239 34
141 34
183 34
79 34
231 34
151 34
47 34
69 34
215 34
192 34
168 34
98 34
187 34
191 34
134 34
71 41
39 34
17 34
206 34
55 34
230 34
112 34
21 34
96 0
222 34
201 34
236 34
203 34
50 34
73 34
139 34
158 34
148 34
170 34
6 34
113 34
228 0
106 34
234 34
177 34
119 34
124 34
176 34
175 34
193 34
10 34
219 34
199 34
130 34
14 34
45 34
138 34
159 34
144 34
135 41
194 34
136 41
65 34
104 34
152 34
3 34
117 34
101 34
229 34
208 34
16 34
75 34
160 34
214 34
218 34
2 34
115 34
233 8
18 41
224 0
213 41
216 41
26 41
223 41
111 41
41 8
81 41
165 41
23 0
8 41
82 41
13 41
62 41
57 8
178 41
51 41
54 41
43 41
run time cost of algorithm DRT_BD is 0.034521seconds
