535500 161 48
203 9
213 9
194 9
190 9
63 34
33 9
101 9
113 9
378 9
72 9
227 9
244 9
328 9
273 9
23 9
196 9
291 9
128 34
251 9
154 9
134 9
178 9
267 9
277 9
155 34
249 9
170 9
179 9
93 9
191 34
358 9
357 9
248 9
318 9
268 9
79 9
92 9
182 9
11 9
49 9
122 9
22 9
118 9
275 9
32 9
34 9
374 9
171 9
238 9
230 9
197 9
209 9
405 9
234 9
40 9
172 9
143 9
140 9
117 9
319 9
126 9
284 9
39 34
363 9
337 9
71 9
74 9
375 9
73 9
51 9
217 6
104 6
105 9
323 34
193 9
41 9
189 9
327 9
31 9
250 9
151 9
111 6
202 9
294 9
377 6
114 9
254 9
235 9
390 9
131 9
80 9
260 9
148 9
239 9
95 9
0 9
206 9
240 9
247 9
185 9
261 9
142 9
10 9
103 9
78 9
367 9
215 6
383 9
393 9
348 9
245 9
241 9
278 9
219 9
106 9
156 34
29 9
127 9
26 9
407 9
168 9
2 9
330 9
204 9
222 9
152 9
211 9
184 34
24 9
257 34
369 9
65 9
52 9
36 9
7 9
187 9
309 6
161 9
368 34
382 9
173 6
381 9
258 9
132 9
272 9
96 9
146 9
123 9
403 9
333 9
108 9
285 9
19 9
157 9
228 9
391 9
396 9
296 9
362 9
112 9
70 9
220 9
205 9
149 9
37 9
56 9
324 9
1 9
99 34
276 9
5 9
354 9
66 9
297 9
175 9
345 9
62 9
77 9
311 9
293 9
59 34
58 9
97 9
271 9
406 9
288 9
364 9
167 9
144 9
386 9
139 9
401 9
361 9
411 9
320 9
164 9
85 9
221 9
329 9
18 9
394 9
344 9
262 9
68 9
6 9
388 9
145 9
387 9
44 9
84 9
12 34
317 9
303 9
153 9
226 9
125 6
216 9
212 6
392 9
17 9
159 9
20 9
169 9
177 9
340 9
336 9
365 34
129 6
359 9
233 9
14 6
410 6
35 9
64 9
109 6
81 9
136 9
295 9
343 9
223 9
25 9
259 34
181 9
256 9
306 9
299 34
290 6
13 6
389 9
57 9
280 9
218 9
174 9
46 9
292 9
224 9
214 34
316 9
198 6
53 9
236 9
335 6
237 9
91 9
399 34
67 9
332 9
16 9
322 6
28 9
229 9
120 9
301 9
4 9
397 9
356 6
188 9
373 9
255 9
83 9
326 9
376 6
38 9
283 34
116 9
162 9
270 9
135 9
86 6
208 9
115 9
242 6
180 9
42 6
384 9
308 9
304 6
342 9
409 9
225 9
141 34
314 9
138 6
243 9
279 9
107 9
43 9
366 9
334 9
27 9
350 9
413 9
312 6
232 9
360 9
315 6
372 9
137 9
69 9
321 9
210 6
130 9
395 9
166 9
266 9
60 9
89 6
147 9
385 9
30 9
313 6
98 9
371 9
119 9
94 34
355 9
325 9
76 9
75 6
9 9
398 9
165 9
200 6
110 6
54 6
186 9
246 9
195 9
183 9
341 9
124 9
160 9
50 6
121 9
400 9
380 9
414 34
349 9
201 9
338 9
269 9
274 9
302 9
287 9
370 9
298 9
289 9
207 9
351 9
133 6
231 34
331 9
253 9
300 9
402 9
404 9
87 9
264 9
90 9
412 6
346 9
199 9
3 9
150 9
55 6
281 9
21 9
61 9
263 9
310 9
100 9
192 9
176 9
102 9
158 9
163 9
352 9
265 9
282 9
286 6
47 9
15 9
252 9
88 9
82 10
379 9
305 9
48 9
45 9
408 34
307 9
8 6
339 9
347 9
353 9
run time cost of algorithm DRT_AG is 0.002115seconds
