2743400 120 52
336 29
550 29
168 29
411 34
665 29
90 34
528 29
189 29
868 29
397 34
756 29
341 29
226 29
105 29
611 29
849 29
845 29
837 0
599 34
225 29
797 29
809 0
26 0
0 34
139 29
427 34
279 34
219 34
812 29
177 29
420 29
113 0
850 29
573 29
485 29
13 29
125 29
404 29
227 29
482 29
643 0
348 29
537 29
403 29
44 29
660 29
878 29
742 29
465 34
589 34
752 29
464 29
753 29
749 29
91 34
815 0
256 29
473 29
741 29
378 29
655 29
367 34
679 29
462 29
83 29
698 34
280 34
67 29
36 29
417 0
492 29
320 29
222 29
25 29
709 29
711 29
718 0
72 34
2 0
720 29
65 29
451 0
457 0
739 34
883 34
463 29
136 29
681 29
581 34
740 29
122 34
9 29
51 34
835 29
527 34
385 34
373 29
507 29
369 34
649 29
347 29
101 34
274 29
346 34
616 29
35 29
794 34
796 29
631 29
494 29
498 29
636 34
333 29
640 29
610 29
659 29
663 29
192 29
863 34
387 29
255 29
244 29
59 29
62 29
687 29
63 34
429 29
570 29
887 0
565 29
595 29
875 34
558 34
834 29
23 34
27 29
283 29
121 34
284 29
286 29
293 34
297 34
305 29
508 29
607 0
309 29
326 29
32 34
148 34
342 29
632 29
771 34
483 29
54 29
744 29
186 34
95 29
472 29
413 29
722 29
71 34
92 29
701 34
176 29
78 29
170 29
697 29
415 34
700 29
236 29
4 34
254 29
440 29
435 29
131 34
690 29
262 29
133 29
428 29
708 29
824 29
468 29
416 29
817 34
158 34
732 29
476 29
66 34
60 34
124 29
478 29
103 29
587 34
762 29
766 29
769 34
43 0
42 0
140 29
600 29
521 29
503 29
630 34
209 29
208 29
626 29
497 29
793 29
337 29
791 29
321 29
30 29
783 34
773 29
635 29
355 29
559 29
48 34
743 29
569 29
557 29
454 29
21 29
93 29
270 34
688 29
855 29
858 29
267 29
84 29
257 0
871 29
174 29
443 29
456 29
450 29
889 29
237 29
47 29
239 29
431 0
241 29
776 29
107 29
467 29
56 29
800 29
372 34
617 29
475 34
646 29
614 29
345 29
823 29
716 29
829 29
329 29
328 29
601 34
533 29
706 34
535 29
705 29
77 29
79 34
302 29
295 34
288 29
770 29
763 29
424 29
575 29
408 34
240 29
402 29
444 29
235 29
448 34
680 34
748 29
220 29
165 29
380 0
100 0
246 29
64 29
154 29
287 0
123 29
363 29
735 0
820 29
856 34
877 29
691 29
827 34
831 29
18 29
96 34
547 29
300 34
94 29
307 29
586 29
20 34
728 29
564 29
772 29
247 29
156 29
592 29
269 34
499 29
412 0
70 0
218 29
606 29
885 29
242 29
826 29
759 34
74 29
14 29
437 34
382 29
55 29
221 29
268 34
786 34
37 29
391 29
386 29
830 29
332 0
458 0
658 29
7 29
551 34
126 34
282 29
524 34
434 29
864 29
423 29
566 29
98 34
298 29
69 34
291 34
349 29
625 29
539 29
308 34
672 0
365 29
518 34
682 29
736 29
29 34
153 29
737 29
843 0
362 29
804 29
803 29
813 29
585 29
529 29
676 29
285 34
155 29
880 29
724 29
272 34
215 29
375 29
316 34
715 29
798 29
379 34
582 29
317 29
836 29
275 29
828 29
19 29
510 29
163 34
388 34
714 34
164 29
398 29
11 29
127 34
97 29
142 29
785 29
453 34
713 29
205 0
466 29
49 29
862 29
323 29
338 29
525 29
31 29
546 29
496 29
491 29
775 34
479 29
841 29
661 29
40 29
16 29
366 29
290 0
109 29
81 29
183 29
75 34
865 34
530 29
330 29
425 29
512 34
203 0
178 34
717 29
593 29
147 29
89 29
572 29
198 34
542 29
686 29
730 29
260 29
230 29
757 0
368 29
802 34
138 29
400 29
799 29
860 29
447 29
389 34
1 0
104 29
519 29
409 29
331 29
271 29
264 29
511 29
143 29
695 34
861 29
175 29
746 29
654 29
201 34
795 29
160 29
33 29
721 34
216 29
376 34
642 29
881 29
304 29
602 29
85 29
442 29
76 29
196 34
685 41
112 29
851 29
807 34
811 29
195 29
867 29
157 29
840 29
842 29
452 29
353 34
490 29
541 29
150 29
638 34
844 29
334 29
869 34
561 29
647 29
229 0
179 0
399 34
459 29
719 29
747 29
755 29
574 34
821 0
159 29
669 34
639 29
114 29
814 34
513 29
455 34
166 29
393 29
61 29
583 29
395 29
615 29
129 34
675 34
532 29
197 29
886 29
568 34
604 29
449 29
318 29
579 29
576 29
710 29
520 34
515 34
311 29
536 29
137 29
670 34
591 29
149 29
627 29
729 29
487 29
662 29
872 29
58 29
571 29
252 29
549 29
39 29
612 34
692 0
88 29
613 29
439 29
556 29
857 29
758 29
187 29
406 29
407 34
621 29
289 29
684 34
261 29
86 29
278 34
419 29
422 29
185 29
299 29
430 29
212 29
760 29
312 29
250 29
677 29
315 29
839 29
188 29
228 29
441 29
745 29
673 29
233 8
514 41
474 29
588 34
370 29
259 34
825 34
151 34
433 29
668 34
22 34
495 29
146 29
350 34
731 34
506 34
870 29
28 34
806 34
119 29
509 29
8 29
327 29
191 34
390 34
38 29
751 0
779 29
207 29
5 29
210 29
707 29
310 29
884 29
764 34
761 29
540 29
426 29
696 0
854 34
774 29
108 29
82 29
628 29
132 29
563 29
17 29
754 29
167 29
882 29
768 34
477 29
637 29
622 34
184 29
782 29
641 34
619 34
251 29
489 0
788 41
493 0
790 0
194 29
377 29
364 29
818 29
200 29
344 29
263 29
699 41
266 29
693 34
605 34
50 29
554 29
273 29
134 29
296 29
294 34
590 29
667 29
277 29
624 0
161 29
596 29
106 29
120 29
182 29
471 29
623 34
488 29
253 34
852 34
128 29
10 29
727 29
396 34
645 41
500 29
504 29
374 29
354 29
313 29
689 29
258 29
265 29
526 29
846 29
832 34
281 29
432 34
765 29
339 29
603 29
594 29
543 29
292 29
664 29
652 29
199 29
780 34
231 34
598 29
190 29
486 29
578 29
873 29
517 29
853 29
130 34
874 29
560 34
648 29
34 29
792 29
609 29
111 29
723 29
866 29
848 29
15 34
214 29
801 34
522 34
810 29
484 34
833 34
102 29
781 34
534 34
481 34
778 0
249 29
580 29
703 34
822 29
671 29
767 29
116 29
46 34
204 29
460 34
3 0
335 29
135 29
173 29
110 34
445 29
211 29
446 0
552 34
172 29
694 34
206 29
838 0
53 34
319 29
314 0
634 34
248 34
162 29
702 29
57 29
644 0
847 34
41 29
6 29
650 34
738 29
24 41
567 29
577 34
480 29
674 29
152 29
523 34
118 29
859 29
784 34
144 29
505 29
117 34
725 29
789 29
224 29
392 29
502 29
657 29
656 34
193 0
501 29
115 29
553 29
438 29
234 34
276 34
421 29
80 29
633 0
217 29
584 29
879 29
808 29
358 29
653 29
401 29
777 34
651 34
629 29
410 29
301 29
819 34
181 29
683 29
816 29
213 29
12 34
555 29
343 29
733 29
340 29
68 29
666 29
726 29
243 34
325 29
394 29
888 29
597 34
322 29
750 34
324 29
704 0
171 34
436 29
52 29
245 29
169 29
180 29
538 34
418 29
469 29
618 29
352 29
470 0
414 29
405 29
608 41
357 29
145 29
383 29
805 34
361 34
73 29
223 29
516 29
371 0
712 0
548 29
360 29
384 34
359 29
787 29
356 34
734 29
678 34
232 34
141 29
99 29
87 29
876 29
45 29
351 29
531 29
620 29
461 29
562 29
303 29
306 29
544 34
202 29
238 29
545 29
381 29
run time cost of algorithm DRT_BD is 0.458573seconds
