1758800 170 41
318 25
529 25
168 34
443 25
398 25
259 25
79 9
274 34
520 25
288 25
152 25
507 25
155 25
304 25
88 25
31 25
445 25
453 25
420 25
22 34
314 25
518 25
113 41
248 25
440 25
504 41
59 25
286 41
124 25
526 25
270 9
159 25
208 41
512 25
515 25
154 25
375 25
104 25
472 25
182 25
52 25
41 25
94 25
409 25
477 25
297 9
228 25
234 25
257 25
185 25
42 25
226 25
416 41
193 25
326 25
451 25
354 34
306 41
127 25
18 9
302 25
143 25
446 41
444 25
353 25
212 25
122 25
67 25
437 41
410 41
219 41
479 25
169 34
322 25
19 25
308 25
45 41
423 41
44 25
364 25
256 25
506 25
82 25
150 25
157 41
400 25
468 25
356 25
47 25
334 25
163 25
262 25
399 9
501 25
170 25
460 25
245 25
347 25
220 25
204 25
499 25
315 25
56 25
51 41
121 25
475 41
309 25
474 9
338 25
429 25
508 25
470 25
112 25
432 25
357 25
46 25
29 41
142 25
456 25
119 25
138 25
514 25
264 41
137 25
345 25
448 25
374 25
131 34
348 25
408 9
500 25
405 34
10 25
414 25
102 41
494 25
176 25
449 25
428 25
439 25
360 25
455 25
81 25
224 25
38 25
367 25
145 25
209 25
210 25
395 25
114 41
237 25
510 41
402 25
68 9
106 25
373 41
132 41
379 25
115 9
34 25
239 25
49 25
26 25
359 25
16 25
447 25
216 25
381 25
295 25
100 25
98 25
87 25
258 41
489 25
320 25
273 25
48 41
503 25
35 34
388 25
299 25
383 9
531 25
362 41
120 25
167 25
461 34
343 25
63 25
311 25
43 25
186 9
276 25
11 34
7 25
521 25
4 41
197 25
199 9
200 25
294 34
5 41
92 41
323 25
516 34
206 25
459 25
492 9
316 25
232 41
435 41
61 25
181 25
147 41
149 25
404 25
171 25
222 25
411 25
54 25
365 9
231 25
397 34
317 25
24 25
103 37
17 25
80 41
517 25
325 25
366 25
223 41
372 41
148 41
214 37
183 25
211 25
140 9
136 25
25 41
442 9
117 25
116 9
480 25
109 25
260 25
76 25
96 25
376 9
90 25
328 25
146 41
2 25
462 41
287 25
385 25
78 25
298 25
243 25
192 25
476 25
452 25
321 41
301 25
386 25
498 41
235 25
20 25
378 34
23 25
433 34
505 25
50 9
502 25
275 25
513 25
184 25
393 25
55 25
118 25
65 25
282 25
236 41
349 25
473 25
97 25
89 25
519 9
91 34
471 37
202 41
267 25
438 41
291 41
532 41
0 41
3 41
524 9
361 25
9 25
13 41
221 41
249 25
40 25
53 34
382 41
194 25
179 9
407 41
333 25
238 41
481 9
125 41
105 25
101 8
336 25
466 25
93 25
269 25
233 25
6 41
28 9
350 25
346 25
485 25
427 9
426 25
252 25
198 41
421 41
417 25
413 41
279 38
166 41
396 25
293 34
66 25
187 25
69 41
62 25
195 25
487 25
509 9
344 41
160 9
135 25
246 41
371 9
242 9
441 25
369 9
130 41
478 25
230 25
77 25
467 25
355 41
358 9
290 9
530 6
300 41
174 25
164 25
21 25
331 41
425 25
153 9
436 25
36 25
141 25
324 25
312 25
271 41
292 41
205 25
463 25
377 9
337 25
255 25
342 25
133 25
454 25
265 41
488 34
254 9
64 25
368 9
511 25
158 25
218 25
329 41
352 41
283 34
172 25
173 25
12 41
175 34
458 25
128 37
486 25
58 41
527 25
450 25
387 41
151 9
190 25
335 41
327 38
391 25
392 25
363 9
74 25
71 25
484 41
415 9
268 25
278 41
110 37
123 41
196 25
330 34
303 25
285 25
284 38
431 9
389 34
340 25
37 25
225 9
430 25
251 25
495 9
424 25
496 41
144 41
394 25
191 25
497 25
533 41
32 25
289 41
134 41
27 25
263 25
280 25
180 25
39 25
217 25
419 25
341 25
422 34
418 9
412 25
434 41
107 41
8 34
457 25
370 34
390 25
99 41
95 25
310 9
156 41
14 25
465 41
207 41
215 25
86 41
469 9
188 25
84 25
83 25
313 25
73 25
165 25
178 37
240 41
189 37
85 6
296 25
332 41
482 41
483 38
30 34
523 41
203 34
261 41
129 41
277 41
490 9
111 25
60 25
15 25
201 25
247 34
177 25
108 37
403 25
528 25
491 41
57 25
305 41
250 34
244 25
266 25
1 25
522 25
384 25
339 25
229 41
227 25
75 25
213 9
162 41
380 25
161 37
281 41
253 25
241 25
406 25
139 25
33 41
351 25
126 25
525 41
307 25
493 41
319 41
272 41
464 41
70 41
72 41
401 37
534 9
run time cost of algorithm DRT_AG is 0.004664seconds
