1143300 161 42
0 25
70 41
62 34
153 9
88 25
190 25
694 25
496 41
693 25
255 25
384 41
303 9
247 25
223 9
73 9
170 25
453 25
673 25
37 25
418 34
192 25
549 25
521 34
164 34
100 25
490 25
39 25
177 25
234 41
383 25
442 25
647 25
658 41
477 25
653 9
353 25
575 25
233 25
326 25
321 25
574 41
275 25
567 25
20 25
597 25
252 41
445 25
666 25
429 25
7 25
96 25
372 25
614 34
609 34
176 41
378 25
528 25
366 25
313 25
634 25
214 9
423 25
258 41
21 25
638 25
42 25
570 25
571 34
644 25
665 9
446 25
244 25
464 34
307 34
415 34
175 9
76 9
396 25
136 25
698 25
127 25
119 25
312 34
347 25
523 25
90 25
548 25
460 25
590 34
410 25
586 25
288 25
64 25
582 25
621 25
180 34
508 9
357 25
52 25
605 9
329 9
438 25
165 9
55 25
47 25
447 9
168 25
661 41
346 34
344 25
232 25
31 25
112 25
462 9
708 25
484 25
116 9
457 25
402 25
334 25
289 25
318 34
704 25
645 25
315 25
102 34
340 25
198 25
208 25
687 25
380 25
280 25
308 9
265 9
387 9
18 25
240 41
703 25
604 41
106 9
292 25
57 25
291 25
242 34
263 25
324 25
705 25
13 25
677 34
282 25
284 25
302 9
309 25
593 25
317 25
322 25
72 34
555 25
509 9
444 25
381 25
162 25
440 41
259 25
688 34
114 9
294 41
295 25
225 25
486 25
218 41
610 25
579 25
437 25
143 25
399 25
230 25
651 41
120 25
172 25
615 25
211 25
63 25
200 9
559 25
558 25
186 25
532 25
352 25
421 25
264 34
659 25
691 34
439 25
184 25
452 25
183 34
254 41
301 25
281 41
359 25
629 25
14 25
147 25
125 34
178 25
422 9
213 41
212 25
271 25
500 9
274 25
587 25
250 25
69 25
602 25
388 25
139 25
323 25
161 34
11 9
221 34
327 25
680 34
199 25
671 25
431 9
235 25
29 25
336 25
511 41
34 9
93 41
370 41
398 34
451 25
397 25
148 9
487 25
154 25
585 25
267 25
569 9
140 25
367 25
171 34
660 41
376 25
675 25
676 34
243 34
41 25
625 25
479 25
495 9
362 25
690 25
550 25
256 25
530 25
382 25
355 25
287 41
428 41
138 25
45 25
624 25
299 41
697 25
518 25
641 9
98 25
277 41
187 25
82 25
657 34
354 25
105 25
481 25
358 25
539 25
71 25
678 25
568 25
560 25
343 25
547 25
25 9
331 25
74 25
145 25
60 41
412 34
636 25
465 25
510 25
126 25
123 25
637 25
10 9
448 34
341 6
669 9
17 25
632 34
505 9
682 41
150 9
606 9
583 34
189 25
188 41
216 25
149 25
499 25
373 41
475 41
174 41
472 25
32 25
502 9
409 34
122 25
231 25
529 34
414 25
48 25
557 41
4 25
622 34
432 9
316 41
332 25
385 25
363 25
91 25
598 25
305 25
204 25
131 25
67 41
78 25
534 9
707 25
458 9
61 25
672 34
348 34
152 25
201 25
516 34
26 9
611 34
413 41
325 25
97 9
310 41
601 25
425 34
608 25
369 41
620 25
441 25
27 25
56 25
540 25
151 41
33 25
655 25
561 25
59 9
648 34
612 34
360 25
416 25
618 25
512 9
109 25
478 9
683 41
467 25
533 25
706 25
663 34
573 25
43 25
220 25
552 25
525 25
701 25
700 25
181 25
689 34
261 25
377 25
633 25
350 25
87 25
664 41
15 25
469 41
356 9
1 25
95 9
209 25
405 25
137 25
630 25
293 41
92 25
222 9
599 25
269 25
28 25
459 41
339 9
390 41
592 9
668 34
132 25
474 41
319 25
108 25
260 25
589 25
545 25
236 34
468 25
159 25
507 34
456 25
215 25
311 25
135 34
527 25
9 41
471 34
65 25
419 25
591 25
163 25
144 25
30 41
337 25
24 25
270 25
157 25
639 25
503 25
449 34
554 41
403 41
193 25
238 25
283 41
506 25
6 25
685 25
50 25
210 25
35 41
461 25
248 25
374 41
556 25
173 25
635 41
130 25
699 25
686 25
375 25
393 25
12 25
526 9
515 25
542 25
195 25
406 25
49 41
513 25
262 41
273 41
115 25
649 25
320 9
430 25
85 25
141 41
514 41
607 25
146 25
395 25
600 41
23 25
272 25
473 25
485 25
470 25
241 9
562 25
628 25
572 34
68 25
46 9
543 25
84 25
335 25
603 25
480 25
110 25
404 25
364 34
619 25
99 25
330 41
551 25
674 25
207 25
565 25
2 41
229 25
38 34
117 25
466 25
483 9
400 25
167 25
53 25
408 9
5 25
497 34
520 25
679 25
196 41
488 25
257 41
538 25
662 25
19 25
650 25
285 34
544 41
226 25
206 41
435 34
580 41
133 9
578 34
129 25
564 34
536 9
541 41
286 41
517 25
640 25
631 9
217 25
498 34
197 25
191 25
349 25
389 25
391 25
66 34
434 41
450 25
155 25
300 36
253 41
504 34
40 25
306 25
411 41
16 41
205 25
695 25
179 34
279 9
584 25
489 25
22 25
652 25
345 25
656 25
702 25
681 25
297 34
531 25
588 34
290 25
249 25
371 25
443 9
219 34
646 25
595 25
596 25
692 34
44 25
494 9
566 41
386 25
86 34
237 9
394 25
124 25
314 34
298 9
58 9
616 34
134 25
361 25
613 25
420 25
617 9
537 9
203 25
522 34
379 6
251 41
77 41
304 41
266 25
118 25
424 25
51 25
482 25
368 25
342 25
103 25
296 41
563 9
128 9
36 25
83 34
3 9
276 25
101 25
80 25
182 25
158 41
491 25
407 25
417 25
142 34
427 25
581 9
278 25
684 25
576 25
121 41
623 25
202 25
228 25
643 34
519 25
104 9
654 25
463 25
246 9
455 25
454 25
113 34
642 41
351 25
185 25
577 41
166 41
160 41
107 25
268 41
626 25
333 41
169 9
79 25
553 25
156 34
426 34
476 25
94 25
492 34
709 25
501 34
524 25
89 25
111 34
436 25
401 41
75 25
670 25
594 34
667 25
227 34
239 34
627 34
493 9
535 34
392 25
546 9
81 34
8 25
696 25
365 9
194 25
338 34
54 25
328 25
224 25
245 25
433 25
run time cost of algorithm DRT_AG is 0.006505seconds
