3568400 170 55
76 9
593 34
559 9
33 9
426 9
364 9
118 9
219 9
294 9
656 9
626 9
211 9
779 9
67 9
109 9
420 9
770 9
13 9
452 34
292 9
215 9
24 9
643 9
725 9
208 9
393 9
149 9
491 9
618 9
319 9
164 9
201 9
466 9
397 9
666 9
560 9
141 9
310 9
7 9
412 9
707 9
66 9
341 9
251 9
720 9
721 9
439 9
80 6
372 9
166 9
799 9
615 9
69 9
180 9
651 9
640 9
569 9
584 9
83 9
591 9
207 9
273 9
356 9
20 9
131 9
786 9
650 9
57 9
277 9
276 9
553 9
564 9
741 9
751 9
72 9
127 9
304 34
398 9
250 9
590 9
60 9
158 9
283 9
429 34
764 9
686 9
451 9
777 9
61 9
193 9
762 9
189 9
756 9
453 9
479 9
704 9
28 9
730 9
483 9
714 9
298 9
784 9
634 9
577 9
188 9
545 9
366 9
176 9
461 9
778 9
257 9
427 9
716 9
160 9
434 9
490 9
435 9
702 9
384 9
470 9
174 9
531 9
248 9
737 9
381 9
156 9
641 9
645 9
18 9
463 9
484 9
370 9
209 9
272 9
754 9
270 9
534 6
185 9
446 34
329 9
548 9
212 9
216 9
503 9
515 6
715 9
629 9
342 9
138 9
314 9
631 9
604 9
475 9
230 9
220 9
155 9
410 9
611 9
186 9
385 9
552 9
517 9
162 9
579 9
92 9
124 9
267 9
710 9
676 9
635 9
288 9
488 9
401 9
563 9
432 9
520 9
382 9
379 9
8 9
337 9
760 9
743 9
600 9
726 9
612 9
565 9
533 9
39 9
332 9
284 9
402 9
167 9
269 9
597 9
146 9
789 6
523 34
333 9
423 9
328 9
617 9
796 9
469 9
358 9
12 9
639 9
658 9
346 9
691 9
481 9
705 9
119 9
601 9
566 9
95 9
465 9
178 9
522 9
701 9
175 9
23 9
755 6
191 9
258 9
128 9
542 9
407 34
0 6
395 9
392 9
147 9
32 6
232 9
233 9
630 9
706 9
377 9
616 9
293 6
455 9
21 9
115 9
495 9
350 9
501 9
738 6
711 9
78 9
255 9
145 9
558 9
96 9
313 9
5 9
133 34
252 9
75 9
758 9
800 9
637 9
713 9
228 9
27 6
583 9
41 6
104 9
179 9
375 9
183 9
340 9
512 34
609 9
91 9
797 9
389 9
744 9
94 6
734 9
210 9
303 9
106 9
38 9
223 9
599 9
192 6
549 9
143 9
3 9
614 9
81 6
588 9
750 6
327 9
785 9
231 9
509 9
414 9
646 9
218 9
685 9
422 34
70 6
142 34
17 9
2 9
197 9
48 34
259 9
308 9
238 9
165 9
574 9
561 9
360 6
206 9
30 9
396 9
482 6
708 6
607 9
664 9
354 9
173 9
324 6
411 9
348 9
347 9
300 9
719 6
334 6
497 9
516 6
150 9
632 9
457 9
56 9
610 9
494 9
727 9
753 9
139 9
221 9
690 9
1 9
567 6
243 9
526 9
112 9
428 34
355 9
14 9
249 9
477 9
229 6
692 9
64 9
330 6
718 9
532 9
318 9
15 9
582 6
653 9
153 9
10 9
459 9
305 9
679 9
538 9
184 9
557 9
745 9
436 9
524 9
514 9
245 9
456 9
502 9
296 9
589 9
665 9
602 6
274 9
683 9
782 9
478 9
527 9
693 9
518 9
419 9
386 34
256 9
663 9
213 9
37 34
42 9
130 34
671 9
121 9
440 9
473 9
500 9
196 9
285 9
40 9
237 9
266 34
365 9
749 9
669 9
467 9
568 9
596 34
11 9
55 9
493 9
662 9
99 6
431 6
359 9
26 9
652 9
699 9
697 9
695 9
657 9
462 9
694 6
44 6
9 9
47 9
445 6
787 9
480 9
345 9
621 9
578 6
281 9
85 9
199 9
247 9
661 9
454 9
684 9
388 9
111 9
114 6
544 9
700 6
136 6
378 9
541 9
122 6
253 9
254 9
357 9
405 9
244 9
49 9
108 9
417 9
595 9
326 34
323 9
144 6
376 34
722 9
312 6
766 9
592 9
485 9
680 9
468 9
246 9
31 6
399 9
772 9
673 9
529 9
35 9
362 9
530 9
791 9
510 9
226 9
394 9
433 9
29 9
644 9
619 9
19 9
660 9
543 9
437 9
746 9
177 9
265 9
280 6
659 6
102 6
598 6
536 6
788 6
498 6
261 6
736 6
344 6
793 6
239 34
45 6
404 6
628 6
562 6
654 6
476 6
792 6
107 6
87 6
291 6
672 6
655 6
182 6
154 6
152 10
519 6
90 6
100 34
353 6
668 6
773 6
367 6
263 34
555 6
458 6
361 34
539 34
224 6
16 6
642 6
225 6
406 6
513 6
460 6
757 6
759 6
540 6
752 6
603 6
496 6
374 6
689 6
795 6
728 6
400 6
278 6
733 6
194 6
339 6
765 6
767 6
198 6
290 6
58 6
187 6
768 6
286 6
492 6
338 6
125 6
236 6
623 34
307 6
302 6
747 6
52 6
546 6
506 8
504 6
450 6
59 34
528 6
572 6
88 6
242 6
464 6
140 10
674 6
416 6
391 6
6 6
262 6
535 6
387 6
93 34
98 10
748 34
709 10
682 6
343 6
190 6
681 6
168 34
331 34
46 6
608 6
264 6
159 6
739 6
89 6
368 34
624 6
547 6
22 6
120 6
667 9
729 34
521 9
86 6
570 6
4 6
287 6
84 6
594 6
195 6
636 6
499 6
647 6
575 6
573 6
780 6
380 6
77 6
235 6
586 6
587 6
421 6
295 6
97 34
129 6
335 6
65 6
202 6
320 6
63 6
282 6
73 6
781 6
771 6
783 6
443 6
442 6
137 6
670 6
723 6
622 6
217 6
511 6
790 6
471 6
170 6
554 6
448 6
336 6
62 6
203 6
688 6
413 6
408 6
776 6
449 6
317 10
525 6
315 10
126 6
363 6
581 6
472 6
424 6
742 10
585 34
163 6
537 6
325 6
505 10
157 6
241 6
79 6
633 6
103 34
352 6
390 6
409 10
487 6
171 6
227 6
316 6
71 6
732 6
441 6
322 6
214 6
761 6
403 6
43 6
798 6
110 6
123 6
297 6
181 6
801 6
489 6
605 6
606 6
50 6
135 10
268 6
204 6
299 34
620 6
68 6
444 6
134 6
678 6
580 6
301 6
306 34
418 6
82 6
474 6
677 6
25 10
740 6
240 6
222 6
775 6
774 6
373 10
161 10
731 6
105 6
550 10
51 6
169 6
556 6
36 10
703 6
717 10
271 6
638 6
309 6
486 6
151 6
34 34
172 6
675 6
132 10
551 34
74 6
205 6
430 6
763 6
613 6
769 6
311 6
321 6
351 10
53 6
648 6
289 6
425 6
415 6
117 6
116 6
275 34
687 6
349 6
794 6
369 6
627 6
371 10
101 6
724 10
625 6
54 6
438 6
735 6
576 6
113 6
383 6
200 6
447 34
712 6
279 6
507 6
649 10
571 6
698 10
148 6
696 10
508 6
260 6
234 6
run time cost of algorithm DRT_AG is 0.006978seconds
