291200 170 51
94 34
90 9
28 9
156 9
187 9
51 9
96 9
35 9
129 9
174 9
13 34
7 9
24 9
176 9
189 9
117 9
131 9
50 9
110 9
103 9
127 9
112 9
18 9
80 34
81 9
107 9
26 34
137 9
104 9
25 9
195 9
89 9
31 9
116 9
45 9
162 6
207 9
27 34
37 9
159 9
71 9
64 9
138 9
69 9
143 9
142 9
86 9
126 9
180 9
66 9
203 9
150 9
16 6
147 6
194 9
56 9
83 9
39 9
170 9
68 9
151 6
92 9
61 6
118 9
20 9
178 9
76 9
124 34
119 9
133 9
191 6
55 9
209 9
130 9
123 9
60 9
57 6
10 9
125 9
17 9
184 9
42 6
158 9
111 9
197 9
149 9
62 6
166 6
196 9
72 9
121 9
135 9
185 9
93 6
0 6
106 9
146 9
202 9
47 9
190 6
101 9
140 9
105 9
30 9
188 34
82 6
29 9
54 9
59 9
12 9
154 9
210 9
200 9
6 9
132 9
77 9
43 9
199 9
120 9
65 6
205 34
169 9
193 9
175 9
67 9
182 9
165 9
32 9
204 6
22 34
168 9
21 10
36 6
63 6
79 6
108 6
95 9
2 9
74 9
192 6
136 9
48 9
23 9
5 9
87 9
157 9
73 9
34 9
153 9
211 34
141 9
46 6
84 9
134 9
163 6
91 6
179 9
8 9
115 9
155 9
144 9
208 6
122 9
19 9
98 6
49 9
1 6
183 6
33 9
161 34
148 6
177 9
58 9
171 9
113 9
206 6
164 9
41 9
9 6
128 9
152 9
3 8
75 9
100 9
186 9
78 6
114 9
70 9
97 9
4 9
14 9
173 9
102 6
172 9
52 6
160 6
85 9
53 6
198 9
201 9
15 9
40 9
99 10
139 9
44 9
145 9
38 9
109 9
181 9
88 9
11 9
167 6
run time cost of algorithm DRT_AG is 0.000716seconds
