993800 161 49
153 9
8 9
103 9
30 9
194 9
17 9
77 9
154 9
105 9
112 9
150 9
199 9
128 9
13 9
147 9
197 9
79 9
1 9
7 9
151 9
61 9
74 9
98 9
106 9
21 9
210 9
205 9
111 9
160 9
144 9
136 9
204 9
176 9
142 9
3 9
104 9
37 9
88 9
224 9
66 9
167 9
143 9
209 6
80 9
35 9
135 9
134 9
49 9
159 9
86 9
155 9
211 9
71 9
207 9
121 9
130 9
195 9
0 9
16 9
188 9
146 9
102 9
218 9
89 34
22 9
133 9
62 9
92 9
182 9
193 6
148 9
54 9
219 9
83 9
165 9
166 9
5 9
2 6
181 9
67 9
27 34
19 9
156 9
69 9
47 34
157 34
162 34
216 9
84 9
97 9
101 34
26 34
174 9
233 9
222 9
65 9
9 34
137 9
140 9
206 9
14 6
228 9
95 9
229 9
118 9
170 9
175 9
180 34
42 9
192 9
139 9
45 9
96 6
169 9
119 34
39 9
25 9
28 9
34 9
221 9
217 9
202 9
168 6
231 9
52 9
55 9
212 9
184 9
59 34
63 9
198 9
177 6
18 9
124 9
33 9
163 9
4 6
220 6
171 9
125 9
196 9
201 9
58 9
227 9
123 9
213 9
15 9
230 6
94 9
75 9
40 9
185 6
85 9
127 6
183 9
215 6
115 9
235 9
189 9
29 9
141 9
43 9
23 9
187 9
203 9
78 9
236 9
91 9
161 9
53 9
152 9
149 9
48 9
173 6
122 9
41 9
60 9
93 9
120 9
87 9
64 9
56 9
81 9
138 9
12 6
10 9
172 9
44 9
214 9
99 9
190 34
179 9
46 9
108 6
164 9
68 9
70 9
226 9
191 9
225 9
114 9
109 9
110 9
32 6
51 9
223 6
234 9
100 9
117 9
72 9
145 9
24 6
20 6
36 6
73 6
6 9
57 9
38 9
107 6
113 9
31 9
129 9
158 6
178 9
126 9
186 9
11 9
50 6
208 6
232 6
200 34
90 9
131 6
82 9
132 9
116 9
76 9
run time cost of algorithm DRT_AG is 0.000876seconds
