5597600 152 56
0 34
1 34
2 21
3 21
4 34
5 29
6 34
7 34
8 21
9 21
10 34
11 34
12 34
13 29
14 21
15 34
16 29
17 34
18 21
19 34
20 34
21 29
22 34
23 29
24 34
25 29
26 29
27 29
28 21
29 21
30 21
31 0
32 21
33 21
34 21
35 29
36 21
37 21
38 21
39 21
40 21
41 34
42 21
43 21
44 21
45 21
46 21
47 21
48 0
49 34
50 21
51 21
52 0
53 21
54 21
55 29
56 21
57 34
58 34
59 29
60 21
61 34
62 21
63 21
64 29
65 29
66 21
67 21
68 21
69 21
70 29
71 34
72 29
73 34
74 0
75 21
76 29
77 21
78 21
79 21
80 29
81 21
82 0
83 34
84 21
85 21
86 21
87 21
88 29
89 21
90 34
91 29
92 29
93 29
94 21
95 21
96 21
97 29
98 0
99 21
100 21
101 34
102 29
103 34
104 34
105 34
106 21
107 29
108 0
109 21
110 34
111 29
112 21
113 29
114 34
115 29
116 21
117 21
118 29
119 29
120 29
121 34
122 34
123 21
124 21
125 29
126 29
127 0
128 0
129 29
130 21
131 21
132 29
133 21
134 29
135 21
136 29
137 29
138 21
139 29
140 21
141 29
142 29
143 29
144 34
145 21
146 29
147 21
148 21
149 29
150 21
151 34
152 21
153 34
154 21
155 34
156 29
157 34
158 29
159 29
160 29
161 29
162 21
163 34
164 21
165 34
166 29
167 0
168 0
169 21
170 29
171 21
172 29
173 29
174 21
175 29
176 21
177 21
178 29
179 21
180 21
181 29
182 21
183 29
184 21
185 21
186 29
187 21
188 34
189 21
190 34
191 21
192 29
193 29
194 34
195 21
196 34
197 34
198 21
199 29
200 21
201 34
202 21
203 34
204 34
205 21
206 29
207 29
208 21
209 29
210 34
211 29
212 21
213 21
214 21
215 29
216 0
217 29
218 21
219 21
220 34
221 21
222 0
223 21
224 21
225 34
226 29
227 21
228 21
229 29
230 21
231 21
232 29
233 21
234 34
235 21
236 34
237 21
238 21
239 34
240 21
241 34
242 0
243 21
244 29
245 0
246 21
247 21
248 29
249 34
250 34
251 29
252 21
253 0
254 21
255 29
256 21
257 29
258 21
259 21
260 29
261 21
262 21
263 29
264 29
265 29
266 29
267 34
268 21
269 29
270 29
271 21
272 21
273 34
274 21
275 29
276 0
277 21
278 0
279 21
280 29
281 21
282 29
283 29
284 29
285 34
286 21
287 29
288 21
289 34
290 21
291 21
292 34
293 29
294 34
295 34
296 21
297 29
298 34
299 0
300 21
301 34
302 21
303 21
304 21
305 21
306 21
307 21
308 29
309 29
310 34
311 21
312 29
313 34
314 29
315 29
316 29
317 21
318 34
319 29
320 34
321 29
322 21
323 29
324 34
325 29
326 29
327 29
328 0
329 29
330 21
331 29
332 21
333 29
334 21
335 21
336 21
337 29
338 21
339 29
340 34
341 21
342 21
343 29
344 21
345 34
346 21
347 0
348 34
349 21
350 21
351 21
352 34
353 21
354 21
355 21
356 21
357 21
358 21
359 0
360 34
361 34
362 34
363 21
364 34
365 21
366 34
367 21
368 21
369 29
370 21
371 29
372 34
373 34
374 21
375 21
376 21
377 29
378 21
379 21
380 29
381 21
382 21
383 21
384 34
385 21
386 21
387 29
388 21
389 29
390 21
391 21
392 21
393 21
394 21
395 34
396 34
397 21
398 29
399 34
400 29
401 21
402 21
403 21
404 34
405 34
406 29
407 34
408 29
409 0
410 0
411 0
412 34
413 34
414 29
415 29
416 34
417 29
418 29
419 29
420 29
421 29
422 34
423 21
424 29
425 29
426 0
427 21
428 34
429 34
430 21
431 34
432 34
433 21
434 21
435 29
436 34
437 21
438 29
439 21
440 21
441 29
442 29
443 29
444 21
445 29
446 29
447 21
448 34
449 21
450 21
451 29
452 21
453 29
454 21
455 21
456 0
457 29
458 21
459 21
460 34
461 21
462 21
463 21
464 21
465 29
466 34
467 29
468 21
469 21
470 29
471 34
472 29
473 21
474 21
475 21
476 29
477 29
478 0
479 21
480 0
481 21
482 0
483 34
484 29
485 0
486 21
487 21
488 21
489 29
490 29
491 21
492 34
493 34
494 21
495 34
496 0
497 21
498 0
499 34
500 21
501 21
502 29
503 29
504 21
505 21
506 21
507 34
508 21
509 29
510 21
511 21
512 21
513 34
514 29
515 21
516 0
517 21
518 21
519 29
520 34
521 21
522 0
523 29
524 21
525 21
526 0
527 29
528 29
529 34
530 0
531 0
532 29
533 29
534 34
535 29
536 34
537 29
538 34
539 34
540 29
541 29
542 34
543 21
544 29
545 29
546 29
547 29
548 34
549 29
550 34
551 29
552 29
553 21
554 29
555 29
556 29
557 29
558 34
559 29
560 34
561 29
562 29
563 29
564 29
565 0
566 34
567 29
568 29
569 29
570 29
571 21
572 29
573 29
574 29
575 29
576 0
577 29
578 29
579 21
580 29
581 29
582 29
583 34
584 29
585 29
586 29
run time cost of algorithm SM_CTP is 0.804574seconds
