3318800 161 31
486 25
756 25
143 25
128 25
122 25
459 25
448 25
557 34
166 25
563 25
573 25
297 25
169 25
431 25
407 25
299 25
720 25
253 25
405 41
608 25
611 25
612 25
316 25
386 41
24 25
325 25
621 25
326 34
40 25
336 25
33 25
493 25
219 25
19 25
67 25
683 25
192 25
505 25
463 25
230 25
460 25
665 9
151 25
158 25
451 9
603 25
6 25
102 25
279 25
388 25
404 25
288 25
85 25
57 25
628 41
211 25
300 25
298 34
570 25
648 25
207 25
106 25
378 25
234 25
318 41
488 25
400 25
681 41
737 25
69 25
335 25
66 25
394 25
274 25
125 25
506 25
747 25
515 25
233 25
688 9
351 25
535 25
453 25
32 25
225 25
450 25
189 25
449 34
691 25
353 25
13 25
581 25
728 9
444 25
574 41
655 9
571 34
446 25
221 25
645 9
445 25
306 25
47 34
216 25
164 25
730 25
213 25
597 25
58 25
224 25
372 25
600 9
377 25
456 25
457 25
262 25
80 25
79 41
604 25
382 25
514 25
511 34
76 25
201 25
147 25
399 25
37 25
502 25
750 25
466 9
195 25
473 25
304 41
30 25
494 25
489 9
758 25
247 25
485 25
322 25
232 41
229 25
660 25
622 25
369 25
370 25
614 25
64 25
71 25
610 25
397 25
519 41
599 25
525 25
86 25
421 25
171 25
546 25
109 25
110 25
22 25
265 9
613 25
118 25
393 25
722 25
559 25
278 25
517 25
609 25
319 25
731 41
705 25
726 41
729 25
584 41
679 25
676 41
309 25
141 25
281 25
667 9
337 25
694 25
344 25
350 25
585 25
498 34
43 25
45 25
323 25
482 34
714 25
576 25
311 25
149 25
754 25
197 25
244 25
390 25
447 25
317 34
387 25
618 25
631 41
124 25
452 25
437 25
332 25
467 25
469 25
130 25
428 25
424 25
408 25
185 25
188 9
217 25
711 25
44 25
154 25
83 25
356 34
358 25
649 9
640 9
501 25
362 25
368 9
290 34
181 34
77 25
704 25
671 25
425 25
427 9
212 25
620 41
27 34
63 9
173 25
172 25
744 25
93 25
549 25
617 41
587 25
132 41
701 25
672 25
474 25
651 41
359 25
108 25
72 25
523 25
417 25
113 25
9 25
423 25
540 9
261 41
438 41
568 25
556 25
545 25
269 25
379 41
513 25
157 25
180 25
148 25
464 25
273 25
472 25
475 25
496 25
3 25
126 25
384 25
375 25
539 25
543 25
555 25
98 25
285 25
357 25
92 41
577 25
579 25
588 25
82 25
709 41
607 25
330 25
60 25
630 25
697 25
647 25
305 25
214 25
753 41
462 25
146 25
668 25
471 25
250 41
748 25
123 25
116 25
526 25
208 25
11 25
542 25
218 41
94 25
716 25
349 34
228 41
338 25
54 41
291 25
616 25
436 25
541 25
170 25
615 41
441 25
210 41
159 34
538 41
536 25
105 25
532 9
8 25
302 25
308 25
39 41
223 41
752 41
596 25
589 25
142 25
635 25
406 25
140 25
90 25
686 34
53 25
88 34
410 25
477 25
717 25
412 25
641 25
355 25
276 41
718 9
413 25
468 25
509 25
249 25
99 25
156 25
333 25
757 25
331 25
374 34
294 25
161 25
715 25
324 25
226 25
295 25
174 25
65 25
168 41
177 25
551 25
267 41
35 41
84 25
254 25
527 25
713 25
479 25
492 25
95 25
200 25
96 41
508 25
391 9
196 9
51 25
239 41
721 41
396 41
10 9
497 41
565 41
14 41
520 41
73 41
329 41
531 41
237 41
578 41
89 41
29 41
264 41
272 34
204 9
699 41
530 41
50 9
144 41
627 41
145 41
470 41
339 41
271 41
602 9
461 41
15 41
153 41
454 41
707 9
206 41
246 41
42 41
135 41
133 41
504 41
392 41
434 41
687 41
657 41
268 37
518 41
340 41
623 9
624 41
245 41
638 41
643 41
101 41
248 41
664 41
209 9
111 41
380 41
528 41
7 41
736 34
87 41
677 41
31 41
682 9
491 41
420 41
182 41
215 41
315 34
167 41
419 41
594 41
552 9
104 9
659 41
112 41
742 41
738 41
36 41
194 41
28 41
20 41
70 41
403 41
435 41
328 41
598 34
277 41
749 41
642 41
363 41
554 34
183 41
293 41
566 41
327 41
490 41
360 41
632 41
320 41
376 41
533 41
222 41
411 38
670 41
385 41
432 41
719 41
675 9
303 41
591 41
395 41
252 41
1 41
55 41
347 41
510 41
634 41
480 41
139 41
619 41
483 41
263 41
685 34
733 41
503 41
292 41
521 41
312 41
656 41
137 41
186 41
658 41
458 34
696 41
537 41
296 41
605 34
205 41
495 41
251 41
723 41
572 41
582 41
321 41
307 41
583 41
606 41
666 34
62 41
544 41
633 41
282 41
690 41
136 41
38 41
115 41
48 41
418 41
580 9
127 41
74 41
313 41
601 41
516 41
199 41
732 41
257 41
18 41
389 41
121 41
361 41
165 37
746 41
41 41
162 41
745 41
373 41
381 41
259 34
354 41
114 41
455 9
34 41
155 41
179 41
255 37
693 41
256 41
134 41
402 41
484 41
289 41
287 41
342 34
187 41
590 41
286 41
16 41
78 41
727 41
152 41
439 34
669 41
0 41
119 41
755 41
270 41
175 41
740 41
176 41
426 41
725 41
184 41
190 41
17 34
586 41
710 41
706 9
702 41
191 41
698 41
689 9
120 41
203 41
383 41
46 41
629 37
97 41
352 41
231 41
260 34
626 41
703 41
227 38
487 41
131 41
708 41
138 41
507 41
564 41
562 41
301 41
61 41
678 41
674 41
529 41
534 41
465 41
663 41
743 9
547 41
429 41
49 9
160 41
103 41
650 41
646 41
592 37
653 41
735 41
235 41
26 41
345 41
567 41
684 41
310 41
275 41
700 41
430 41
476 41
236 41
341 41
284 41
241 41
442 9
348 9
524 41
639 41
283 41
415 37
443 37
371 41
334 9
561 41
280 37
478 41
637 41
512 41
661 41
150 41
314 41
198 38
712 41
481 9
178 41
595 34
550 41
243 41
59 41
440 41
401 9
266 9
193 34
23 41
625 41
91 41
238 41
569 41
398 41
21 41
695 34
68 41
25 41
692 37
751 41
52 41
644 41
553 41
741 37
343 41
75 41
258 38
575 38
117 41
409 41
81 41
202 41
673 41
522 41
724 37
593 41
654 41
734 41
12 41
548 41
107 41
662 41
365 41
422 41
366 41
416 41
652 41
367 41
364 41
739 41
414 6
680 41
129 41
500 41
5 41
558 41
163 41
4 41
100 41
560 41
240 41
499 41
636 41
346 41
2 41
242 9
56 34
220 41
433 41
run time cost of algorithm DRT_AG is 0.006327seconds
