567050 104 65
175 34
397 34
189 34
382 34
373 0
202 0
271 34
56 34
276 34
319 34
86 34
262 34
321 0
270 34
252 0
87 34
99 34
213 34
26 34
391 34
230 34
169 34
36 34
353 34
308 34
244 34
21 34
218 34
214 0
54 34
166 34
131 34
103 34
207 34
249 34
292 34
312 34
342 34
365 34
46 34
0 34
27 34
406 34
195 34
356 34
293 34
74 34
389 34
355 34
320 34
154 34
283 34
376 34
272 34
130 34
350 34
191 34
208 34
368 0
229 34
343 34
247 34
31 34
123 0
121 34
118 34
238 34
151 34
12 34
364 34
40 34
303 34
307 0
174 34
334 34
412 34
394 34
60 34
240 34
273 0
220 34
370 34
52 34
362 34
79 34
201 34
165 34
227 34
109 34
325 34
159 34
254 34
132 0
265 34
47 34
375 34
81 34
226 34
232 34
67 34
115 34
279 34
176 34
51 34
354 34
22 34
149 34
306 34
190 0
3 34
117 34
379 34
410 34
23 0
327 34
288 34
401 34
405 34
171 34
1 34
142 34
49 34
245 34
164 34
404 0
134 0
24 34
110 34
347 34
94 34
234 0
236 34
300 34
395 41
14 34
363 34
192 34
209 34
275 34
377 0
297 34
196 34
197 34
168 34
385 0
206 34
409 34
277 34
257 0
299 34
301 34
64 34
286 34
80 34
278 34
296 34
57 34
348 34
144 34
260 34
366 34
186 34
403 34
140 34
137 0
15 34
120 34
172 34
402 34
392 34
53 34
68 34
33 34
97 0
360 34
336 34
133 34
41 34
413 0
89 34
180 34
346 34
32 41
361 41
274 34
264 41
369 34
332 34
246 34
222 34
37 0
241 0
378 34
381 34
284 34
357 41
280 0
124 34
6 34
224 34
253 34
88 34
237 41
112 34
326 34
18 34
231 34
210 34
104 34
212 34
148 34
61 34
309 34
194 34
71 34
10 34
76 34
157 34
390 34
225 34
372 8
341 34
150 34
333 41
261 34
43 34
155 34
374 34
20 0
344 34
386 34
183 34
38 34
367 0
17 34
398 34
179 34
125 34
198 0
163 34
193 34
111 34
100 41
380 34
70 0
359 34
335 0
113 34
339 34
211 34
287 0
34 34
302 34
217 34
173 34
256 34
187 34
304 34
219 34
223 0
199 0
59 34
136 34
251 34
114 34
203 34
388 34
205 34
313 34
310 34
266 34
77 34
295 34
78 34
294 0
298 34
228 0
322 34
291 0
72 34
58 34
95 34
215 34
337 34
98 41
242 34
167 34
399 34
255 34
84 0
290 34
331 34
107 34
29 34
55 34
90 34
93 34
323 41
411 41
69 34
42 34
400 34
338 34
387 34
383 0
4 34
39 34
408 0
233 34
73 34
269 34
200 34
85 34
65 34
315 34
48 34
349 41
25 34
268 34
11 34
138 34
263 41
2 41
396 34
184 34
13 34
329 34
281 41
259 34
135 34
282 34
316 34
311 41
178 34
63 34
181 34
44 34
7 34
317 41
108 34
289 34
351 34
235 34
182 0
8 34
145 34
146 34
62 34
119 34
285 34
101 34
102 41
204 34
106 34
330 41
384 34
305 34
143 34
156 34
239 34
66 34
153 34
75 34
267 34
16 34
328 34
158 34
116 34
139 34
127 0
248 34
147 34
314 0
258 0
221 34
393 34
318 34
243 34
5 0
122 34
188 34
28 34
50 34
160 34
35 34
91 34
105 34
19 34
177 34
216 34
83 34
352 34
162 34
96 0
324 34
92 34
141 34
358 34
30 8
170 34
9 34
129 34
371 34
152 34
128 34
126 34
82 34
161 34
345 34
45 34
407 34
340 34
185 0
250 34
run time cost of algorithm DRT_BD is 0.08787seconds
