420600 161 50
54 9
43 9
59 9
74 9
88 9
64 9
81 9
60 9
76 9
80 9
87 9
34 9
51 9
2 9
66 34
37 9
68 34
96 34
38 9
79 6
18 9
91 9
52 9
100 9
83 9
44 9
28 9
45 9
67 9
49 6
78 6
3 9
21 34
55 9
40 9
84 9
70 9
32 9
30 9
25 9
33 9
23 9
98 9
8 6
20 9
85 9
53 9
7 6
11 34
27 34
15 9
6 9
35 6
13 34
9 9
65 9
62 9
71 9
12 6
89 6
95 6
1 9
24 6
57 9
58 9
48 6
46 9
17 9
16 9
72 9
42 9
94 6
41 9
61 9
26 9
77 9
63 34
5 6
75 6
56 9
47 6
99 9
36 6
29 9
90 9
14 9
73 10
69 9
31 9
19 9
82 6
0 9
93 9
4 34
10 6
50 9
39 9
22 9
97 6
92 6
86 9
run time cost of algorithm DRT_AG is 0.000232seconds
