1116650 104 66
0 34
1 34
2 34
3 34
4 34
5 34
6 34
7 34
8 34
9 34
10 34
11 34
12 34
13 0
14 34
15 0
16 34
17 34
18 34
19 34
20 34
21 34
22 34
23 34
24 34
25 34
26 34
27 34
28 34
29 34
30 34
31 34
32 34
33 34
34 34
35 34
36 34
37 34
38 34
39 0
40 34
41 34
42 34
43 34
44 34
45 34
46 34
47 34
48 34
49 34
50 0
51 34
52 34
53 34
54 34
55 34
56 34
57 34
58 34
59 34
60 0
61 34
62 41
63 34
64 8
65 34
66 34
67 34
68 34
69 34
70 34
71 34
72 34
73 34
74 34
75 34
76 34
77 34
78 34
79 34
80 34
81 34
82 34
83 34
84 34
85 34
86 8
87 34
88 34
89 34
90 34
91 34
92 34
93 34
94 34
95 34
96 41
97 34
98 34
99 34
100 34
101 34
102 41
103 34
104 0
105 34
106 34
107 0
108 34
109 34
110 34
111 34
112 0
113 0
114 41
115 34
116 41
117 34
118 34
119 34
120 34
121 34
122 0
123 34
124 0
125 34
126 0
127 34
128 34
129 34
130 34
131 34
132 0
133 34
134 34
135 34
136 34
137 34
138 34
139 34
140 34
141 34
142 34
143 34
144 34
145 34
146 34
147 34
148 0
149 34
150 34
151 34
152 34
153 34
154 34
155 34
156 34
157 34
158 34
159 41
160 34
161 34
162 34
163 34
164 34
165 0
166 34
167 34
168 34
169 34
170 34
171 34
172 34
173 34
174 34
175 34
176 34
177 0
178 34
179 34
180 34
181 34
182 34
183 34
184 34
185 34
186 0
187 34
188 0
189 34
190 34
191 34
192 34
193 34
194 34
195 34
196 0
197 34
198 34
199 34
200 34
201 34
202 34
203 34
204 0
205 34
206 0
207 34
208 34
209 34
210 41
211 0
212 0
213 34
214 34
215 34
216 34
217 34
218 34
219 41
220 41
221 34
222 34
223 34
224 41
225 34
226 34
227 34
228 34
229 34
230 34
231 0
232 34
233 0
234 34
235 34
236 34
237 34
238 34
239 34
240 34
241 0
242 34
243 34
244 0
245 34
246 34
247 34
248 34
249 34
250 34
251 34
252 34
253 34
254 34
255 34
256 41
257 34
258 34
259 0
260 34
261 34
262 0
263 41
264 34
265 34
266 34
267 34
268 0
269 34
270 34
271 34
272 0
273 0
274 34
275 34
276 34
277 34
278 34
279 34
280 34
281 34
282 34
283 0
284 41
285 0
286 34
287 34
288 41
289 34
290 34
291 34
292 34
293 0
294 34
295 34
296 34
297 0
298 34
299 34
300 34
301 34
302 34
303 34
304 34
305 34
306 34
307 34
308 0
309 34
310 34
311 41
312 34
313 34
314 34
315 34
316 34
317 34
318 34
319 34
320 34
321 34
322 34
323 34
324 34
325 34
326 34
327 34
328 41
329 34
330 34
331 34
332 41
333 34
334 41
335 34
336 34
337 0
338 34
339 34
340 34
341 34
342 34
343 34
344 34
345 34
346 34
347 34
348 34
349 34
350 34
351 34
352 34
353 34
354 41
355 34
356 34
357 34
358 41
359 34
360 34
361 34
362 34
363 34
364 34
365 34
366 34
367 34
368 41
369 34
370 34
371 0
372 41
373 41
374 0
375 0
376 34
377 34
378 41
379 34
380 34
381 34
382 34
383 34
384 34
385 0
386 0
387 34
388 34
389 0
390 0
391 8
392 34
393 34
394 34
395 34
396 0
397 41
398 34
399 34
400 34
401 34
402 0
403 34
404 0
405 34
406 34
407 34
408 34
409 8
410 34
411 34
412 41
413 34
414 34
415 34
416 34
417 34
418 0
419 0
420 34
421 34
422 34
423 34
424 34
425 41
426 34
427 34
428 0
429 34
430 41
431 34
432 41
433 41
434 34
435 34
436 0
437 41
438 34
439 34
440 0
441 34
442 34
443 34
444 34
445 34
446 34
447 34
448 41
449 34
450 34
451 34
452 34
453 34
454 34
455 34
456 34
457 41
458 34
459 34
460 41
461 34
462 34
463 34
464 41
465 34
466 34
467 34
468 34
469 34
470 34
471 34
472 34
473 34
474 34
475 34
476 34
477 8
478 34
479 34
480 34
481 34
482 34
483 34
484 34
485 34
486 34
487 34
488 34
489 34
490 34
491 41
492 34
493 34
494 34
495 41
496 34
497 34
498 34
499 34
500 34
501 34
502 34
503 34
504 34
505 41
506 34
507 34
508 34
509 34
510 34
511 34
512 34
513 34
514 34
515 41
516 34
517 34
518 34
519 34
520 34
521 0
522 34
523 34
524 34
525 34
526 0
527 41
528 34
529 0
530 34
531 41
532 34
533 34
534 34
535 34
536 34
537 34
538 41
539 0
540 34
541 34
542 34
543 34
544 34
545 34
546 34
547 0
548 34
549 34
550 34
551 34
552 34
553 34
554 34
555 34
556 0
557 34
558 34
559 34
560 34
561 34
562 34
563 34
564 0
565 34
566 34
567 34
568 34
569 34
570 34
571 34
572 34
573 34
574 34
575 41
576 34
577 34
578 34
579 34
580 34
581 41
582 34
583 34
584 34
585 34
586 34
587 34
588 34
589 34
590 0
591 34
592 8
593 34
594 34
595 34
596 34
597 41
598 34
599 34
600 41
601 34
602 41
603 34
604 34
605 34
606 41
607 34
608 34
609 34
610 0
611 34
612 34
613 41
614 34
615 34
616 34
617 34
618 34
619 34
620 41
621 34
622 34
623 34
624 41
625 34
626 34
627 34
628 34
629 41
630 34
631 0
632 34
633 34
634 34
635 34
636 34
637 34
638 34
639 34
640 8
641 34
642 34
643 41
644 41
645 34
646 0
647 34
648 41
649 41
650 0
651 34
652 34
653 34
654 34
655 34
656 34
657 34
658 34
659 0
660 0
661 41
662 34
663 0
664 34
665 34
666 34
667 0
668 0
669 34
670 34
671 41
672 34
673 0
674 34
675 34
676 0
677 34
678 8
679 34
680 34
681 34
682 34
683 41
684 34
685 34
686 41
687 34
688 34
689 34
690 41
691 34
692 34
693 34
694 34
695 34
696 34
697 8
698 41
699 34
700 34
701 8
702 34
703 8
704 41
705 41
706 41
707 34
708 34
709 34
710 34
711 34
712 41
713 34
714 34
715 34
716 34
717 41
718 34
719 34
720 41
721 34
722 34
723 34
724 34
725 0
726 34
727 34
728 41
729 34
730 34
731 34
732 41
733 34
734 34
735 34
736 34
737 34
738 34
739 8
740 34
741 34
742 34
743 34
744 34
745 41
746 0
747 34
748 34
749 34
750 34
751 34
752 34
753 34
754 34
755 34
756 41
757 41
758 34
759 34
760 34
761 34
762 34
763 34
764 34
765 34
766 34
767 34
768 34
769 34
770 41
771 34
772 34
773 34
774 8
775 34
776 34
777 34
778 34
779 34
780 41
781 34
782 41
783 34
784 34
785 34
786 0
787 0
788 34
789 34
790 34
791 34
792 34
793 0
794 0
795 34
796 34
797 34
798 34
799 34
800 34
801 34
802 34
803 34
804 34
805 8
806 0
807 34
808 34
809 0
810 41
811 34
812 34
813 34
814 34
815 34
816 34
817 41
818 41
819 34
820 34
821 41
822 0
823 41
824 41
825 34
826 34
827 34
828 0
829 34
830 34
831 34
832 41
833 34
834 34
835 8
836 34
837 41
838 34
839 0
840 34
841 34
842 34
843 34
844 34
845 34
846 41
847 0
848 34
849 41
850 41
851 34
852 34
853 34
854 0
855 34
856 34
run time cost of algorithm SM_CTP is 1.52851seconds
