1796400 161 40
227 25
324 25
140 41
354 25
157 25
207 25
210 25
212 25
261 25
364 25
236 41
11 25
81 25
13 34
88 25
380 25
219 25
204 25
85 25
389 25
263 9
166 9
130 9
405 25
55 25
301 25
333 25
425 25
173 25
10 25
89 25
216 25
305 25
416 9
317 25
35 25
36 34
297 25
122 34
390 25
313 25
132 41
83 41
307 25
335 25
45 25
74 25
363 25
272 25
344 25
26 25
101 25
267 41
6 25
93 25
213 25
59 25
379 25
309 41
163 34
231 25
259 25
246 25
240 25
185 25
287 41
391 25
281 25
298 25
63 25
271 25
155 25
170 25
365 41
76 25
215 41
361 41
120 25
302 9
367 25
159 41
310 9
376 25
17 9
64 25
14 25
284 25
142 25
56 25
350 25
395 41
319 25
103 25
294 25
143 25
304 25
106 25
39 41
285 25
95 25
205 25
296 25
125 25
194 25
84 25
229 25
273 25
274 25
52 25
303 41
323 25
118 25
133 25
374 41
392 25
399 25
178 41
233 25
266 25
182 25
141 25
334 25
117 25
356 25
62 41
429 41
401 25
5 25
388 25
176 25
241 41
247 25
340 25
351 25
346 25
316 41
40 25
203 25
51 25
286 25
37 25
234 25
245 41
111 25
177 34
31 25
65 25
190 41
149 25
269 25
126 34
21 41
30 25
252 25
58 25
370 25
330 34
377 25
385 25
230 41
402 25
291 25
228 9
426 25
358 25
38 25
91 25
16 41
138 41
47 25
162 25
375 25
193 25
254 9
160 41
73 34
158 9
268 25
260 25
338 25
353 41
72 25
189 25
23 9
191 41
251 25
43 9
243 41
386 25
417 25
420 41
220 25
41 34
279 25
112 25
71 9
184 25
331 25
175 41
57 6
368 25
161 25
293 41
42 25
400 25
86 41
87 25
0 25
225 34
139 9
256 25
100 25
70 25
179 9
199 41
8 25
152 25
217 25
224 25
337 25
221 25
339 25
172 25
49 25
289 25
105 25
82 9
46 25
192 41
127 41
129 41
218 25
148 41
408 41
80 9
406 25
28 41
326 25
92 41
325 41
322 25
314 25
312 9
277 34
208 25
94 25
214 25
299 25
341 25
343 25
235 25
276 25
22 25
113 34
188 25
255 41
131 34
181 25
265 25
264 25
186 25
197 41
372 25
393 41
394 41
321 25
123 41
421 25
366 34
134 41
253 41
328 25
15 25
32 41
180 41
359 9
415 34
54 25
222 41
342 25
202 25
27 25
187 41
79 41
352 25
409 25
355 25
19 25
357 25
107 41
66 25
362 25
124 9
169 25
114 25
258 25
318 25
371 34
29 41
146 25
226 25
250 41
223 34
396 25
237 25
99 25
418 25
121 41
257 41
424 25
119 41
278 25
171 25
24 34
167 41
145 25
373 25
422 25
116 41
348 41
98 25
168 25
383 25
345 9
174 41
288 34
150 25
327 41
75 34
238 25
403 25
7 34
332 41
50 37
9 34
68 9
336 41
300 37
360 25
110 25
1 41
135 41
290 9
232 41
164 25
249 41
280 41
382 41
97 37
381 9
90 41
195 25
283 41
147 25
60 25
306 41
413 9
411 25
404 34
275 41
151 25
209 25
369 25
69 41
12 41
20 41
108 41
398 41
144 25
427 25
165 25
206 25
48 25
96 37
244 25
61 25
18 41
248 41
53 41
137 25
282 41
387 25
384 25
270 25
183 41
423 25
419 25
308 25
311 41
2 25
153 25
78 25
239 9
198 25
347 25
25 34
67 9
397 41
104 25
4 25
315 41
109 25
102 41
329 25
128 41
349 25
378 25
33 41
200 25
410 41
201 41
242 25
412 25
34 25
414 25
320 41
44 9
295 25
3 9
292 25
262 25
196 25
156 41
136 41
211 41
154 37
115 25
77 41
428 41
407 41
run time cost of algorithm DRT_AG is 0.002412seconds
