1435000 98 16
526 34
586 11
636 11
541 11
805 11
370 11
559 11
123 11
451 11
129 11
50 11
756 34
502 11
373 11
388 11
815 34
67 11
172 11
137 11
177 11
460 11
65 11
576 34
472 11
470 11
781 11
380 11
494 11
217 11
118 11
30 11
626 11
250 11
699 11
560 11
161 11
740 11
309 11
363 11
793 11
21 11
358 11
124 11
417 11
393 11
426 11
681 11
683 34
729 11
738 11
314 11
383 11
234 11
53 11
345 11
247 11
600 11
160 11
150 11
765 11
270 11
696 11
375 11
695 11
724 11
772 11
209 11
687 11
649 11
277 11
714 11
321 11
97 11
578 34
119 11
734 11
86 11
313 11
93 34
794 11
492 11
135 11
836 11
142 11
644 11
613 11
9 11
643 11
27 11
853 11
127 11
637 11
849 11
508 11
848 11
225 11
162 11
144 11
139 11
76 11
501 11
602 11
33 34
280 11
284 11
453 34
416 11
727 34
739 11
243 11
101 11
618 34
330 11
23 11
489 11
186 11
111 11
590 11
297 11
46 11
722 11
203 11
679 11
208 11
346 11
580 34
544 11
548 11
847 11
113 11
723 11
632 11
486 11
14 11
169 11
503 34
837 11
829 11
505 11
831 11
174 11
554 11
333 11
762 11
102 34
185 11
842 11
483 11
323 11
11 11
336 11
59 11
400 11
305 11
449 11
745 11
616 11
818 11
337 11
77 11
577 11
183 11
361 11
207 34
817 11
320 11
629 11
589 11
252 11
263 11
128 11
809 11
423 11
549 11
271 11
300 11
230 34
650 11
66 11
402 11
479 11
523 11
746 11
641 11
786 11
452 11
80 11
673 11
507 34
500 11
41 11
767 11
332 11
790 11
63 11
660 11
421 11
551 11
342 11
348 11
58 11
779 11
676 11
1 11
783 10
759 34
399 11
190 11
457 11
773 34
622 11
419 11
341 11
276 11
64 11
614 11
498 11
666 11
612 11
219 34
609 11
607 11
338 10
165 11
94 11
235 10
374 11
719 11
610 10
640 11
22 11
854 10
688 10
159 11
721 11
575 10
573 11
262 10
538 11
845 11
198 11
45 10
316 34
82 11
513 11
412 11
105 10
221 11
425 11
819 11
74 11
376 11
158 11
253 11
697 11
410 11
287 11
669 11
189 11
630 34
558 11
491 10
540 11
200 11
639 11
713 11
282 11
126 10
232 11
657 10
778 10
197 11
145 34
785 10
474 11
478 11
372 11
493 11
684 11
409 11
229 11
797 11
717 11
34 10
32 11
322 10
741 11
51 11
213 10
648 11
685 11
461 11
628 11
364 11
820 10
216 11
369 11
394 11
138 11
788 11
720 10
664 11
334 11
635 10
691 11
675 10
536 10
496 11
265 34
552 10
824 11
44 11
595 10
594 11
61 11
623 11
329 10
377 11
48 11
89 10
288 11
566 10
350 34
784 11
324 11
579 11
267 11
668 11
592 11
561 11
390 11
564 11
808 11
701 11
307 10
839 11
596 11
527 10
196 11
789 11
851 11
488 10
171 11
31 10
365 11
852 10
55 11
462 34
292 11
116 10
318 11
647 34
857 11
429 11
424 10
79 11
248 11
28 10
617 11
834 11
619 11
638 11
405 10
125 34
311 11
110 10
100 10
710 11
712 11
240 11
480 11
220 11
747 11
362 11
567 11
791 34
581 11
366 11
442 11
611 11
769 11
10 34
766 11
850 11
256 10
407 11
215 11
26 11
744 11
583 10
833 11
268 34
807 10
90 34
378 11
598 11
534 11
642 11
761 11
290 11
539 11
147 11
223 11
661 11
193 11
368 10
411 10
141 11
440 11
91 10
328 10
827 11
693 34
466 11
840 10
157 11
108 11
562 11
499 11
656 11
180 11
237 10
413 11
175 11
99 11
120 11
432 11
431 11
202 11
212 11
214 11
427 10
633 11
371 10
38 11
155 11
776 11
775 11
659 11
18 11
291 11
182 11
843 11
359 11
603 10
385 10
242 10
3 11
194 10
736 11
537 11
725 11
340 11
306 10
624 10
798 11
456 11
777 11
730 10
349 11
634 10
735 11
0 10
103 11
104 10
283 11
420 10
514 11
191 10
469 34
379 11
19 11
184 11
96 11
530 11
662 10
122 34
327 11
677 11
533 11
585 11
726 11
802 11
205 11
686 11
37 34
631 34
556 34
823 10
146 10
73 34
83 11
167 11
382 11
226 10
228 11
239 11
542 10
258 10
153 11
667 11
397 11
433 34
360 11
588 10
246 10
13 10
825 10
78 11
12 11
731 10
495 11
718 34
304 11
381 10
553 10
709 11
62 11
582 11
310 11
700 10
109 10
522 11
187 11
274 11
298 11
830 11
152 10
178 11
170 10
121 11
674 11
131 10
672 11
179 11
259 34
154 11
782 34
70 10
689 11
506 10
302 11
497 11
29 11
838 11
751 11
546 10
812 10
439 11
92 34
490 11
69 10
550 11
406 10
140 10
651 11
236 11
414 11
475 34
455 11
464 10
403 11
665 10
392 11
690 10
391 10
752 10
627 11
244 11
430 11
570 10
261 11
199 11
599 11
355 11
832 11
835 34
608 11
841 10
47 11
646 11
286 10
743 11
443 34
584 34
476 34
52 11
487 10
504 11
855 11
81 11
192 11
620 10
20 11
16 10
780 11
521 8
597 10
260 11
315 34
249 10
601 10
227 10
517 10
574 11
251 11
386 10
319 11
458 11
716 11
181 10
325 11
130 10
516 10
587 11
241 11
749 34
465 10
4 11
87 10
347 11
317 10
755 10
415 11
569 10
568 34
168 10
742 10
591 11
389 11
446 10
694 11
195 11
692 11
88 11
112 11
444 10
115 11
705 10
750 11
604 10
671 10
437 10
289 11
301 11
787 11
273 11
24 10
56 11
468 11
774 11
764 10
543 10
231 34
285 34
339 11
68 11
107 11
510 11
484 11
810 11
418 11
806 11
792 11
531 11
357 11
95 34
331 11
7 10
151 10
711 11
218 11
459 11
173 10
799 11
326 11
166 11
846 11
658 10
395 11
448 11
572 10
682 11
471 10
2 10
436 11
275 34
737 10
565 34
254 11
312 11
524 11
308 11
796 11
15 10
555 10
481 11
605 10
532 10
356 10
512 11
35 10
335 34
447 11
269 11
445 11
680 10
450 10
708 10
760 11
210 10
398 11
132 11
593 10
801 11
42 10
615 11
408 11
245 11
557 11
467 8
733 11
813 11
164 11
463 10
163 11
281 11
156 10
728 10
294 34
279 34
754 11
351 11
645 10
278 11
545 11
715 11
826 10
441 10
707 11
54 10
117 11
757 10
133 34
606 11
535 10
856 11
211 11
625 11
563 10
224 11
704 10
404 11
296 11
422 10
293 11
438 34
114 11
758 11
454 11
653 10
238 34
770 11
763 11
43 11
800 11
814 11
515 11
811 11
136 11
822 11
482 34
828 11
652 11
401 11
795 10
396 10
6 11
571 10
57 11
621 11
40 11
732 34
255 10
201 11
354 11
344 11
206 10
706 10
303 10
299 11
428 11
353 10
17 11
678 10
272 10
816 11
511 10
85 34
771 11
654 10
75 11
352 10
367 11
343 10
748 11
528 10
525 11
387 11
519 10
295 11
106 10
149 10
39 10
222 10
148 11
670 11
134 11
25 11
71 10
821 11
264 11
49 11
804 11
485 11
36 11
509 10
520 10
844 11
473 11
72 34
84 10
698 34
702 10
434 10
655 11
518 34
768 34
60 11
435 11
257 11
176 34
547 10
703 34
663 10
188 10
98 11
8 11
477 0
143 10
384 11
5 11
266 34
803 11
204 11
529 10
233 11
753 11
run time cost of algorithm DRT_BD is 0.535934seconds
