2746000 109 69
0 34
1 34
2 34
3 34
4 34
5 34
6 34
7 34
8 34
9 0
10 34
11 34
12 34
13 34
14 34
15 34
16 34
17 34
18 34
19 34
20 34
21 34
22 34
23 34
24 34
25 0
26 34
27 34
28 34
29 34
30 34
31 0
32 34
33 41
34 34
35 34
36 34
37 34
38 34
39 34
40 34
41 34
42 34
43 34
44 34
45 34
46 34
47 34
48 34
49 41
50 34
51 34
52 0
53 34
54 34
55 34
56 34
57 34
58 34
59 34
60 41
61 34
62 34
63 0
64 34
65 34
66 34
67 34
68 34
69 34
70 34
71 41
72 34
73 34
74 34
75 34
76 41
77 34
78 34
79 41
80 34
81 34
82 34
83 34
84 34
85 34
86 34
87 34
88 0
89 34
90 34
91 34
92 34
93 41
94 34
95 0
96 34
97 34
98 41
99 8
100 34
101 34
102 34
103 34
104 34
105 0
106 8
107 34
108 34
109 34
110 34
111 0
112 34
113 41
114 34
115 34
116 0
117 34
118 34
119 34
120 34
121 34
122 34
123 34
124 34
125 0
126 34
127 41
128 34
129 34
130 34
131 34
132 34
133 34
134 0
135 34
136 34
137 34
138 34
139 34
140 34
141 34
142 34
143 41
144 34
145 34
146 34
147 34
148 34
149 34
150 34
151 34
152 34
153 41
154 34
155 34
156 34
157 34
158 34
159 34
160 8
161 34
162 34
163 34
164 34
165 34
166 34
167 34
168 34
169 41
170 34
171 34
172 8
173 34
174 41
175 34
176 34
177 34
178 34
179 34
180 34
181 34
182 34
183 34
184 34
185 41
186 34
187 34
188 8
189 34
190 41
191 34
192 41
193 34
194 34
195 0
196 34
197 41
198 34
199 34
200 0
201 34
202 34
203 41
204 34
205 34
206 34
207 34
208 34
209 41
210 34
211 34
212 0
213 34
214 34
215 34
216 34
217 34
218 34
219 34
220 34
221 34
222 34
223 34
224 41
225 34
226 34
227 34
228 34
229 8
230 34
231 34
232 34
233 34
234 34
235 34
236 34
237 41
238 34
239 34
240 34
241 41
242 34
243 34
244 41
245 34
246 34
247 34
248 34
249 8
250 41
251 41
252 34
253 34
254 0
255 34
256 34
257 34
258 34
259 34
260 34
261 34
262 34
263 34
264 41
265 34
266 34
267 34
268 34
269 41
270 34
271 34
272 41
273 34
274 34
275 8
276 41
277 34
278 34
279 34
280 34
281 34
282 34
283 34
284 34
285 34
286 34
287 41
288 41
289 34
290 34
291 34
292 34
293 34
294 34
295 34
296 34
297 34
298 34
299 41
300 34
301 34
302 34
303 34
304 34
305 41
306 34
307 34
308 0
309 34
310 41
311 34
312 34
313 34
314 34
315 34
316 34
317 34
318 34
319 34
320 41
321 34
322 0
323 34
324 34
325 34
326 41
327 34
328 34
329 34
330 34
331 34
332 34
333 34
334 34
335 34
336 34
337 34
338 34
339 34
340 41
341 34
342 41
343 34
344 34
345 34
346 34
347 41
348 34
349 41
350 34
351 34
352 34
353 34
354 34
355 34
356 0
357 41
358 41
359 34
360 34
361 34
362 41
363 41
364 0
365 34
366 34
367 34
368 41
369 34
370 34
371 34
372 34
373 34
374 24
375 41
376 41
377 34
378 41
379 34
380 41
381 41
382 0
383 8
384 34
385 41
386 41
387 34
388 34
389 34
390 34
391 34
392 0
393 0
394 24
395 41
396 41
397 34
398 41
399 34
400 34
401 41
402 34
403 34
404 41
405 34
406 41
407 41
408 34
409 34
410 34
411 34
412 41
413 34
414 34
415 34
416 34
417 34
418 34
419 34
420 34
421 34
422 34
423 34
424 34
425 34
426 41
427 41
428 41
429 34
430 34
431 34
432 0
433 41
434 34
435 34
436 34
437 34
438 41
439 34
440 34
441 0
442 1
443 41
444 8
445 34
446 34
447 41
448 34
449 41
450 34
451 41
452 41
453 34
454 34
455 34
456 34
457 34
458 34
459 34
460 41
461 0
462 34
463 34
464 41
465 34
466 0
467 41
468 34
469 34
470 8
471 41
472 34
473 24
474 34
475 34
476 34
477 41
478 34
479 34
480 34
481 34
482 34
483 41
484 41
485 0
486 34
487 41
488 34
489 34
490 41
491 34
492 34
493 34
494 34
495 0
496 34
497 34
498 41
499 41
500 34
501 41
502 41
503 34
504 41
505 34
506 34
507 34
508 34
509 34
510 34
511 34
512 41
513 34
514 34
515 34
516 34
517 41
518 34
519 41
520 34
521 34
522 41
523 34
524 34
525 34
526 34
527 34
528 34
529 34
530 41
531 34
532 34
533 41
534 0
535 34
536 34
537 34
538 34
539 34
540 34
541 41
542 34
543 41
544 34
545 34
546 41
547 24
548 34
549 34
550 34
551 24
552 34
553 41
554 41
555 34
556 34
557 34
558 34
559 41
560 41
561 34
562 34
563 34
564 34
565 41
566 34
567 34
568 41
569 41
570 41
571 41
572 34
573 34
574 41
575 34
576 41
577 34
578 41
579 34
580 34
581 24
582 34
583 41
584 34
585 41
586 34
587 34
588 34
589 34
590 41
591 34
592 34
593 41
594 34
595 34
596 41
597 34
598 41
599 34
600 34
601 41
602 41
603 34
604 34
605 41
606 34
607 41
608 41
609 41
610 41
611 41
612 34
613 34
614 34
615 34
616 34
617 41
618 34
619 41
620 34
621 34
622 24
623 34
624 41
625 34
626 34
627 41
628 41
629 34
630 24
631 34
632 34
633 41
634 41
635 41
636 34
637 34
638 41
639 34
640 34
641 34
642 34
643 34
644 34
645 34
646 24
647 24
648 34
649 34
650 24
651 34
652 8
653 41
654 41
655 34
656 34
657 34
658 34
659 41
660 41
661 34
662 0
663 0
664 41
665 41
666 34
667 41
668 41
669 34
670 34
671 41
672 24
673 34
674 41
675 34
676 34
677 41
678 34
679 41
680 34
681 41
682 34
683 34
684 34
685 41
686 34
687 34
688 41
689 34
690 34
691 34
692 24
693 0
694 34
695 34
696 34
697 24
698 41
699 41
700 0
701 34
702 34
703 34
704 34
705 24
706 41
707 34
708 41
709 34
710 34
711 34
712 8
713 34
714 34
715 34
716 34
717 24
718 34
719 41
720 34
721 34
722 8
723 41
724 34
725 41
726 34
727 41
728 34
729 34
730 34
731 34
732 34
733 34
734 41
735 41
736 41
737 34
738 8
739 34
740 8
741 34
742 34
743 41
744 34
745 41
746 0
747 41
748 34
749 41
750 41
751 34
752 24
753 41
754 41
755 24
756 34
757 34
758 41
759 8
760 34
761 34
762 41
763 34
764 34
765 41
766 0
767 34
768 34
769 34
770 41
771 34
772 41
773 34
774 34
775 34
776 34
777 0
778 41
779 41
780 34
781 34
782 34
783 34
784 34
785 34
786 34
787 34
788 0
789 41
790 34
791 34
792 41
793 0
794 34
795 34
796 34
797 34
798 41
799 34
800 41
801 34
802 41
803 34
804 24
805 41
806 41
807 34
808 34
809 0
810 34
811 41
812 41
813 41
814 34
815 34
816 0
817 34
818 41
819 34
820 34
821 24
822 34
823 34
824 8
825 34
826 34
827 41
828 8
829 41
830 34
831 41
832 34
833 34
834 0
835 41
836 34
837 34
838 34
839 41
840 41
841 41
842 41
843 34
844 41
845 34
846 41
847 41
848 41
849 24
850 8
851 41
852 0
853 41
854 41
855 41
856 41
857 41
858 24
859 41
860 41
861 41
862 41
863 41
864 41
865 41
866 24
867 24
868 41
869 1
870 41
871 41
872 41
873 41
874 41
875 34
876 34
877 41
878 24
879 41
880 41
881 41
882 24
883 41
884 41
885 0
886 41
887 24
888 41
889 34
890 36
891 24
run time cost of algorithm SM_CTP is 3.09292seconds
