667200 104 68
0 34
1 34
2 34
3 34
4 0
5 34
6 34
7 34
8 34
9 34
10 34
11 34
12 34
13 34
14 34
15 34
16 41
17 34
18 34
19 34
20 34
21 34
22 34
23 34
24 34
25 34
26 0
27 41
28 34
29 34
30 34
31 34
32 34
33 34
34 41
35 34
36 34
37 34
38 34
39 34
40 34
41 0
42 34
43 0
44 34
45 34
46 34
47 41
48 34
49 34
50 34
51 34
52 34
53 34
54 34
55 34
56 41
57 34
58 34
59 41
60 34
61 34
62 34
63 34
64 34
65 34
66 41
67 34
68 34
69 41
70 34
71 34
72 0
73 34
74 34
75 41
76 34
77 34
78 34
79 34
80 41
81 41
82 34
83 34
84 34
run time cost of algorithm SM_CTP is 0.017678seconds
