7566000 159 67
0 34
1 49
2 29
3 49
4 49
5 29
6 29
7 29
8 29
9 34
10 49
11 49
12 49
13 34
14 49
15 49
16 34
17 29
18 49
19 29
20 49
21 29
22 49
23 49
24 29
25 49
26 49
27 29
28 49
29 34
30 49
31 49
32 29
33 29
34 29
35 49
36 34
37 49
38 29
39 49
40 29
41 29
42 49
43 34
44 49
45 0
46 29
47 49
48 0
49 49
50 49
51 29
52 49
53 49
54 34
55 29
56 29
57 49
58 34
59 49
60 34
61 34
62 49
63 34
64 34
65 49
66 49
67 49
68 49
69 29
70 49
71 34
72 29
73 34
74 29
75 49
76 29
77 29
78 29
79 34
80 49
81 49
82 49
83 34
84 49
85 29
86 49
87 29
88 49
89 34
90 34
91 29
92 0
93 29
94 49
95 29
96 49
97 49
98 49
99 34
100 34
101 29
102 29
103 0
104 49
105 29
106 34
107 49
108 49
109 29
110 49
111 29
112 49
113 34
114 29
115 29
116 29
117 29
118 49
119 49
120 29
121 34
122 29
123 29
124 49
125 34
126 49
127 49
128 34
129 29
130 29
131 49
132 29
133 49
134 29
135 29
136 29
137 29
138 29
139 49
140 49
141 49
142 34
143 29
144 49
145 29
146 29
147 29
148 49
149 34
150 29
151 34
152 49
153 34
154 49
155 29
156 29
157 29
158 49
159 29
160 29
161 0
162 34
163 49
164 34
165 49
166 49
167 34
168 34
169 49
170 34
171 49
172 41
173 34
174 49
175 29
176 49
177 49
178 49
179 49
180 29
181 34
182 49
183 49
184 49
185 34
186 29
187 29
188 49
189 29
190 49
191 34
192 29
193 29
194 34
195 29
196 29
197 29
198 29
199 34
200 49
201 49
202 49
203 49
204 29
205 49
206 29
207 49
208 29
209 49
210 34
211 34
212 29
213 34
214 29
215 49
216 49
217 49
218 29
219 49
220 0
221 29
222 29
223 49
224 34
225 34
226 49
227 8
228 29
229 34
230 29
231 29
232 49
233 29
234 0
235 29
236 49
237 29
238 29
239 29
240 34
241 49
242 49
243 29
244 34
245 29
246 29
247 34
248 49
249 0
250 29
251 34
252 29
253 34
254 49
255 49
256 29
257 49
258 49
259 34
260 49
261 29
262 49
263 29
264 29
265 29
266 49
267 34
268 49
269 0
270 34
271 29
272 34
273 34
274 29
275 29
276 29
277 29
278 29
279 49
280 49
281 49
282 29
283 49
284 29
285 34
286 49
287 49
288 29
289 29
290 49
291 29
292 49
293 49
294 29
295 0
296 29
297 49
298 34
299 34
300 49
301 34
302 49
303 34
304 34
305 34
306 49
307 29
308 41
309 29
310 49
311 34
312 29
313 34
314 49
315 49
316 49
317 49
318 49
319 29
320 29
321 29
322 49
323 49
324 49
325 29
326 49
327 34
328 49
329 49
330 0
331 29
332 29
333 0
334 49
335 29
336 34
337 29
338 49
339 29
340 34
341 29
342 29
343 29
344 29
345 49
346 34
347 49
348 34
349 34
350 34
351 34
352 34
353 49
354 41
355 0
356 29
357 34
358 49
359 29
360 34
361 29
362 34
363 29
364 49
365 29
366 49
367 49
368 29
369 29
370 29
371 29
372 29
373 29
374 29
375 29
376 29
377 29
378 34
379 49
380 34
381 49
382 49
383 49
384 49
385 29
386 29
387 29
388 34
389 29
390 34
391 49
392 49
393 49
394 34
395 49
396 29
397 49
398 29
399 34
400 34
401 49
402 29
403 49
404 49
405 8
406 49
407 29
408 49
409 34
410 29
411 29
412 0
413 34
414 49
415 29
416 8
417 49
418 34
419 41
420 29
421 49
422 49
423 0
424 29
425 49
426 34
427 0
428 34
429 49
430 34
431 49
432 49
433 34
434 49
435 49
436 29
437 49
438 49
439 49
440 49
441 41
442 29
443 34
444 0
445 29
446 34
447 49
448 34
449 34
450 34
451 49
452 49
453 29
454 29
455 29
456 29
457 0
458 34
459 0
460 34
461 34
462 49
463 34
464 29
465 34
466 34
467 29
468 29
469 29
470 49
471 29
472 29
473 49
474 49
475 29
476 49
477 49
478 34
479 34
480 34
481 49
482 29
483 0
484 34
485 29
486 49
487 29
488 41
489 49
490 34
491 29
492 0
493 29
494 49
495 29
496 49
497 34
498 49
499 29
500 29
501 49
502 49
503 49
504 49
505 49
506 29
507 49
508 34
509 49
510 29
511 34
512 34
513 29
514 0
515 49
516 29
517 29
518 49
519 0
520 49
521 49
522 29
523 34
524 29
525 49
526 49
527 34
528 29
529 29
530 29
531 34
532 29
533 49
534 29
535 29
536 34
537 29
538 29
539 49
540 29
541 0
542 29
543 29
544 34
545 49
546 0
547 34
548 0
549 49
550 34
551 34
552 34
553 29
554 49
555 34
556 49
557 49
558 29
559 49
560 41
561 34
562 49
563 34
564 29
565 49
566 49
567 49
568 0
569 34
570 34
571 34
572 29
573 49
574 34
575 34
576 49
577 49
578 49
579 34
580 49
581 29
582 34
583 34
584 49
585 29
586 41
587 0
588 49
589 34
590 34
591 34
592 29
593 29
594 49
595 34
596 49
597 34
598 29
599 49
600 29
601 34
602 49
603 29
604 49
605 49
606 34
607 49
608 49
609 49
610 29
611 29
612 29
613 29
614 34
615 29
616 49
617 34
618 34
619 0
620 49
621 0
622 34
623 34
624 34
625 34
626 34
627 29
628 29
629 29
630 49
631 34
632 49
633 29
634 29
635 29
636 29
637 34
638 34
639 34
640 49
641 29
642 29
643 49
644 49
645 41
646 29
647 0
648 29
649 34
650 0
651 29
652 29
653 49
654 34
655 41
656 49
657 49
658 34
659 49
660 41
661 49
662 8
663 34
664 34
665 41
666 34
667 34
668 29
669 0
670 34
671 34
672 34
673 34
674 0
675 34
676 34
677 34
678 34
679 41
680 49
681 41
682 49
683 34
684 34
685 8
686 34
687 34
688 0
689 49
690 34
691 41
692 34
693 34
694 34
695 34
696 49
697 34
698 34
699 34
700 34
701 29
702 34
703 34
704 34
705 34
706 34
707 41
708 34
709 41
710 41
711 41
712 41
713 41
714 0
715 41
716 34
717 0
718 41
719 41
720 34
721 41
722 41
723 41
724 41
725 41
726 1
727 41
728 41
729 41
730 0
731 41
732 41
733 29
734 8
735 41
736 8
737 0
738 41
739 41
740 41
741 41
742 41
743 0
744 41
745 41
746 41
747 41
748 41
749 41
750 41
751 41
752 41
753 41
754 41
755 41
756 41
757 41
758 0
759 41
760 41
761 0
762 41
763 1
764 41
765 41
766 8
767 41
768 8
769 0
770 41
771 41
772 0
773 41
774 8
775 41
776 0
777 41
778 41
779 41
780 41
781 41
782 29
783 41
784 41
785 8
786 41
787 34
788 41
789 41
790 41
791 41
792 41
793 8
794 41
795 41
796 41
797 49
798 41
799 41
800 41
801 49
802 41
803 34
804 41
805 8
806 41
807 41
808 41
809 8
810 41
811 8
812 8
813 41
814 41
815 8
816 41
817 41
818 41
819 41
820 41
821 41
822 41
run time cost of algorithm SM_CTP is 2.49401seconds
