892200 161 49
147 9
111 9
679 9
282 9
4 9
157 9
276 9
107 9
77 9
437 34
315 9
553 9
633 34
401 9
34 9
582 9
391 9
352 9
216 9
202 9
610 9
444 9
518 9
336 9
101 9
678 9
519 9
18 34
599 9
51 9
192 9
591 9
626 9
46 9
499 9
340 34
498 34
576 9
108 9
181 9
233 9
271 9
432 9
335 9
631 9
447 9
68 6
179 9
461 34
456 9
75 9
481 9
601 9
22 9
168 9
172 9
530 9
270 9
58 9
613 9
348 9
227 9
13 9
395 9
598 9
372 34
209 9
479 9
338 9
155 9
137 9
256 9
254 9
364 9
541 9
543 9
365 9
604 9
578 9
470 9
469 34
491 9
360 9
43 9
412 9
105 9
33 9
226 9
593 6
228 9
544 9
618 9
252 9
363 9
529 9
356 9
267 9
641 9
140 9
301 6
527 9
339 9
237 9
103 9
5 34
622 9
196 9
605 9
0 9
203 9
24 9
36 9
65 9
551 9
127 9
57 9
126 9
507 9
449 34
242 6
269 9
66 9
69 9
434 6
406 6
643 34
397 9
531 9
250 9
54 9
239 9
238 34
508 9
60 9
42 34
61 34
563 9
600 9
307 9
76 9
625 9
640 9
651 9
652 9
668 9
1 9
152 9
91 9
681 9
133 9
183 9
471 9
119 9
472 9
279 9
663 9
177 9
176 9
417 9
81 9
274 9
72 9
353 9
193 9
17 9
110 9
673 9
167 9
535 9
630 9
408 9
262 9
476 9
475 34
435 9
120 9
291 9
16 9
589 9
170 9
483 34
645 9
379 9
146 9
182 9
222 34
283 34
79 9
188 9
350 9
581 9
528 9
654 9
592 6
680 9
78 9
370 9
367 9
658 9
572 9
104 9
521 9
71 9
577 6
403 9
296 6
661 9
405 9
234 9
355 9
337 9
194 9
200 6
102 6
12 9
280 9
290 9
398 9
246 9
428 9
306 34
10 9
150 6
549 9
223 9
26 9
390 9
265 34
67 9
388 9
266 9
323 9
232 6
346 9
293 9
247 6
55 9
125 9
497 9
429 9
418 9
487 9
331 9
616 9
333 9
284 9
186 9
656 9
671 34
500 34
287 9
383 6
64 9
409 9
318 34
263 34
235 6
637 9
273 9
606 34
596 9
201 9
424 9
162 9
325 9
288 9
422 6
464 6
116 9
174 9
80 6
327 9
477 9
392 9
462 9
255 6
440 9
442 9
407 9
555 9
128 6
298 9
677 6
653 9
136 9
454 9
9 6
349 9
386 9
426 6
385 34
404 9
98 9
617 6
457 9
611 9
197 9
575 34
373 9
328 9
240 9
330 9
187 9
248 6
614 34
311 9
354 6
206 9
548 9
517 34
514 9
225 9
532 9
277 9
648 9
159 9
660 9
635 9
145 6
106 9
316 6
317 9
303 9
294 6
117 34
253 9
496 9
244 9
48 9
554 9
214 9
100 9
84 9
8 9
486 9
259 9
561 6
205 9
567 9
198 9
191 9
180 9
402 9
153 6
345 9
413 9
595 10
85 9
399 6
37 6
573 9
312 9
95 9
310 9
87 9
423 9
662 9
123 9
272 6
89 9
538 9
154 9
143 9
324 9
220 9
446 9
545 9
489 9
649 9
510 6
264 9
268 9
73 9
416 6
322 6
473 34
207 9
421 9
300 9
221 9
362 6
376 6
371 9
20 6
427 9
99 9
213 9
31 9
562 34
485 6
2 9
566 9
199 9
3 9
634 6
642 9
190 9
96 9
523 9
525 9
448 9
394 9
178 9
664 9
344 9
21 9
458 9
166 9
559 6
309 9
158 9
230 9
347 9
369 9
415 9
245 9
542 6
53 9
506 9
212 6
112 9
210 6
292 6
308 9
574 6
141 9
334 9
343 9
97 9
169 9
92 9
25 9
122 6
511 9
502 9
425 9
144 9
297 9
139 9
587 34
534 9
151 9
44 6
15 9
131 9
627 9
215 9
646 9
289 9
378 9
134 9
82 9
636 9
195 34
115 34
236 9
657 6
580 10
375 9
62 6
460 9
380 9
6 6
564 6
11 9
550 6
249 9
524 9
45 9
27 9
450 9
667 9
560 9
420 6
305 9
430 9
109 9
114 9
590 9
624 9
156 34
621 9
326 9
565 9
463 6
445 9
229 9
670 6
459 9
536 6
441 34
494 9
443 9
47 9
173 9
161 9
558 9
118 6
488 9
319 9
588 9
583 9
387 9
358 9
74 9
552 6
204 9
569 9
478 9
313 6
672 34
258 6
70 6
467 9
357 9
433 9
35 9
23 9
493 34
30 9
607 9
164 9
512 9
314 9
260 6
557 9
439 6
138 9
381 6
359 6
540 9
332 9
63 9
455 9
509 34
241 9
374 9
368 9
121 34
90 34
93 9
342 6
579 9
275 9
56 6
628 9
501 9
480 6
655 9
38 9
597 6
608 9
586 6
609 6
19 9
533 9
321 6
615 9
281 9
665 6
411 9
490 6
86 34
88 9
389 6
49 9
620 6
50 9
257 9
304 9
135 6
7 9
351 6
675 6
142 9
638 9
546 9
465 9
329 9
632 6
14 9
474 9
41 6
522 6
165 6
438 9
431 9
377 9
113 9
59 9
148 9
185 9
40 9
623 9
504 9
539 34
163 34
217 9
302 9
484 9
285 9
410 9
492 9
629 9
149 9
414 6
28 9
29 9
129 9
585 9
124 9
32 6
612 9
453 34
570 9
568 9
400 34
39 9
211 9
619 9
650 6
526 9
503 9
669 6
299 6
320 34
515 6
52 6
261 9
171 9
482 6
659 9
556 6
243 9
666 6
676 34
436 9
603 6
466 9
393 9
382 9
218 34
184 9
295 9
219 9
520 9
547 9
584 9
160 9
224 10
419 9
189 6
452 9
83 9
674 9
644 6
384 9
468 9
361 9
505 9
175 6
516 34
278 9
251 9
571 6
231 9
396 10
130 6
286 9
94 34
366 34
132 9
647 9
208 6
602 9
639 9
451 9
495 9
513 6
537 9
594 9
341 9
run time cost of algorithm DRT_AG is 0.005922seconds
