8514400 170 18
465 25
70 25
659 25
116 25
761 25
433 25
222 34
384 25
611 25
581 25
123 34
206 9
393 34
740 25
746 25
18 25
644 25
74 25
620 25
462 25
431 25
396 25
692 9
160 25
259 41
282 34
265 25
429 25
537 25
521 34
209 25
371 41
452 25
201 9
48 25
472 25
37 25
303 41
604 25
458 25
182 25
15 25
657 25
200 9
152 25
701 25
491 25
497 25
506 25
587 25
113 34
9 25
277 9
562 25
377 25
527 9
375 25
686 25
356 25
655 25
11 25
335 25
227 25
238 25
365 34
373 25
81 25
763 25
164 9
66 25
68 25
598 41
584 34
563 41
134 41
245 41
309 25
146 34
380 25
519 25
534 25
551 41
484 25
287 25
232 9
155 25
402 25
124 25
210 25
257 25
440 25
336 41
343 25
397 34
183 25
552 25
757 9
215 9
548 25
99 25
510 25
366 25
53 25
177 25
195 25
601 34
711 41
729 41
168 41
517 34
727 41
319 41
198 41
345 41
656 41
577 41
1 41
223 41
372 9
149 41
501 41
388 41
289 6
312 41
717 41
639 41
261 41
120 41
275 41
175 41
477 41
557 41
185 9
404 9
406 37
161 41
236 41
305 37
370 41
723 41
72 41
214 41
357 37
545 41
423 41
326 41
246 41
641 41
351 41
469 41
271 41
549 41
306 9
556 41
130 41
104 38
34 34
473 41
153 41
638 41
650 41
661 41
664 41
354 41
2 41
509 41
623 41
310 41
508 41
617 41
208 41
558 41
217 37
448 41
51 41
636 41
488 34
724 34
430 41
156 41
142 41
705 41
17 41
579 37
353 9
696 41
392 41
22 37
247 41
75 41
447 41
571 34
33 38
743 38
654 41
144 9
566 41
400 41
171 41
436 41
14 41
590 41
574 41
233 41
297 34
31 9
647 41
741 41
467 41
470 41
699 41
224 41
43 41
364 41
44 37
382 41
157 41
589 41
572 41
340 41
487 41
221 41
383 37
504 41
212 41
80 41
250 41
352 41
291 9
422 41
349 9
481 41
36 41
129 38
386 41
266 41
609 41
276 41
82 38
228 38
754 41
475 9
625 41
67 37
122 37
606 37
678 37
332 34
125 37
616 38
150 33
145 34
197 34
181 38
40 37
281 37
5 38
735 38
407 38
682 37
50 37
539 37
425 37
435 37
703 38
307 9
637 37
138 37
412 34
107 34
483 38
64 37
39 37
225 38
83 37
328 37
520 37
21 37
178 37
764 37
280 38
479 9
119 37
671 34
331 34
755 34
26 37
295 34
398 34
105 37
403 38
381 37
600 38
605 37
679 37
468 34
538 37
530 34
359 37
680 37
12 38
69 38
736 37
60 38
390 37
463 38
446 37
85 37
226 9
511 34
0 34
4 37
204 37
167 37
251 37
747 37
32 37
103 37
697 37
432 37
314 38
424 37
529 37
253 38
725 37
693 37
304 9
758 37
395 37
131 37
29 38
376 34
583 37
708 38
630 37
653 37
137 34
588 37
49 37
203 37
457 38
489 37
492 34
241 37
507 34
734 34
554 38
106 38
315 38
231 38
675 34
169 37
286 34
117 37
111 34
360 34
619 34
685 38
751 37
513 9
140 38
127 38
573 38
622 37
621 37
98 9
602 37
694 37
595 37
613 37
264 37
202 37
410 37
180 38
629 34
427 38
25 37
136 37
139 37
666 38
525 38
320 34
706 34
10 37
163 9
285 37
454 38
707 38
192 37
635 37
77 37
674 37
270 37
535 34
283 37
57 37
689 37
248 34
444 38
350 37
500 38
610 37
71 8
495 38
8 37
485 38
262 34
721 37
476 37
109 37
294 38
418 37
159 38
442 9
646 34
199 37
718 37
415 37
416 37
676 38
681 9
486 37
166 37
652 38
42 34
443 37
732 37
298 37
128 37
311 37
541 37
514 37
437 34
569 37
672 34
474 37
684 37
321 37
482 37
665 38
518 37
92 34
494 37
97 37
597 34
411 37
683 37
702 34
634 34
722 37
568 38
174 37
733 37
409 37
420 37
188 37
65 37
608 34
95 24
544 37
269 9
710 34
631 37
151 38
63 38
267 34
187 38
45 37
394 37
274 38
668 34
205 9
362 34
720 38
327 34
496 34
428 38
293 37
648 38
512 37
738 37
615 34
594 37
301 38
87 38
114 34
235 37
750 37
318 37
323 38
252 37
288 37
147 37
466 37
255 38
189 37
342 38
749 34
760 37
575 34
564 37
88 37
742 37
405 38
626 9
445 33
739 34
578 34
651 37
712 34
284 9
61 9
553 37
640 37
325 9
585 37
133 37
135 38
230 9
387 37
41 38
96 33
308 37
102 34
27 34
62 37
603 34
378 37
645 34
121 37
7 9
524 37
278 37
453 34
13 37
148 37
190 37
299 38
317 37
698 34
355 37
52 37
115 37
744 37
700 37
745 34
193 37
292 38
218 37
543 37
580 34
89 37
550 37
408 37
714 37
112 37
172 37
669 34
54 37
667 37
333 34
498 37
649 34
24 38
528 34
268 38
244 34
58 33
691 37
401 37
55 34
249 38
451 37
441 34
752 34
523 37
94 9
748 37
141 38
46 37
79 34
614 38
239 34
730 34
229 38
533 37
108 38
91 37
677 37
194 9
374 9
173 25
56 41
78 37
555 34
256 37
713 38
211 37
3 37
633 38
347 38
344 37
464 37
47 37
478 24
28 37
421 38
158 34
546 37
709 37
540 37
334 38
290 34
300 37
536 37
220 37
385 38
132 37
565 37
363 37
576 37
186 38
263 37
191 37
341 38
143 37
673 37
399 38
499 38
449 9
16 9
688 34
23 34
126 37
358 38
90 38
643 33
434 34
570 37
176 38
426 37
715 37
719 34
367 37
632 37
559 38
337 38
561 37
339 34
379 37
687 38
313 38
368 34
100 37
765 37
515 37
471 37
526 33
19 37
663 37
338 34
302 38
624 37
670 37
101 34
439 37
456 38
243 38
30 34
737 37
258 38
110 37
582 37
618 38
369 38
728 9
759 37
240 34
642 34
417 33
93 38
324 34
213 37
196 34
296 37
591 37
361 37
272 37
628 34
567 38
438 37
413 34
254 37
20 37
532 34
493 38
242 37
154 37
273 37
414 34
459 34
726 37
38 38
612 9
162 37
76 34
505 38
234 37
330 34
502 34
59 9
756 37
627 37
6 34
84 34
419 38
762 34
279 37
516 34
716 37
179 38
322 38
660 37
35 38
316 9
704 34
207 9
219 38
170 37
503 38
216 37
165 37
480 9
662 37
73 34
389 37
542 37
596 38
592 37
450 37
490 38
695 38
607 34
260 37
599 8
593 37
731 34
658 34
391 37
531 37
547 37
461 37
460 9
86 37
690 37
753 37
586 9
348 38
455 37
118 37
346 38
560 37
184 37
329 34
237 34
522 34
run time cost of algorithm DRT_AG is 0.006902seconds
