839600 109 66
38 34
10 34
26 34
60 34
32 34
44 34
85 34
69 34
81 34
55 34
59 34
37 34
7 34
18 34
79 34
86 34
82 34
93 34
42 0
22 34
17 34
65 34
5 0
94 34
89 34
3 34
43 24
40 34
8 34
11 34
51 0
75 24
21 34
39 24
13 0
28 34
90 0
47 34
46 24
36 34
63 34
33 34
88 34
6 34
2 34
29 34
62 34
45 34
16 24
73 24
34 34
4 34
27 34
12 34
74 34
23 34
0 34
52 24
50 34
61 34
77 34
41 34
71 34
91 34
15 34
78 34
56 34
87 24
20 34
57 0
68 34
35 34
31 24
84 34
14 34
53 0
1 34
49 34
30 8
76 34
80 34
25 34
54 34
70 24
92 34
19 34
24 34
58 34
66 34
48 34
72 25
64 34
9 24
67 34
83 24
run time cost of algorithm DRT_BD is 0.007508seconds
