897900 161 48
424 34
521 9
224 9
225 9
342 9
643 9
154 9
298 34
54 9
184 9
432 9
159 9
572 9
191 9
648 9
247 9
136 9
578 9
222 9
630 9
13 9
131 9
602 9
576 9
623 9
67 9
316 34
83 9
156 9
633 9
587 9
452 34
297 9
38 9
529 9
641 9
365 9
445 9
289 9
39 34
348 9
569 9
177 9
562 9
44 9
82 9
368 9
80 34
472 9
378 9
307 9
51 9
69 9
579 9
160 9
201 9
226 9
441 34
18 9
485 9
398 9
29 9
626 9
168 9
166 9
146 9
585 34
265 9
78 9
76 6
290 9
242 9
187 9
359 9
375 9
322 9
147 9
15 9
107 9
427 9
138 6
546 9
520 34
223 9
318 9
116 9
206 9
590 9
611 9
597 9
308 34
48 9
471 9
514 34
120 9
517 6
169 9
625 9
525 9
583 6
640 9
142 9
91 9
566 9
635 9
165 9
246 34
10 9
494 9
204 9
614 9
543 9
294 9
23 9
2 9
386 9
346 6
466 9
245 9
233 9
321 6
61 9
285 9
418 34
416 9
367 9
542 9
349 9
317 9
151 9
113 9
278 9
487 34
360 9
443 9
248 9
85 9
357 9
93 9
101 9
389 9
252 9
228 34
134 9
35 9
509 9
610 9
337 34
175 9
109 9
105 9
253 9
619 9
618 34
270 9
227 9
396 9
533 9
401 9
523 9
504 9
581 9
59 9
495 6
193 9
454 9
110 9
102 9
486 6
527 6
139 9
209 9
140 9
392 9
282 9
422 9
264 9
194 9
455 9
299 9
510 9
467 9
303 9
429 6
75 9
287 34
332 9
404 9
507 6
145 9
190 9
200 9
192 9
19 9
647 9
558 9
358 9
431 9
71 9
277 9
550 6
561 9
20 9
415 9
100 9
205 9
327 9
474 9
336 34
106 9
399 9
390 6
180 6
271 34
407 9
350 9
402 9
557 9
555 9
143 9
451 6
609 9
341 34
594 9
118 9
496 9
60 9
284 9
212 9
292 9
301 9
536 9
229 9
434 9
645 9
497 9
541 6
240 9
577 9
50 34
446 9
516 9
631 6
157 9
478 34
383 9
241 9
362 9
150 9
531 9
547 9
286 9
293 6
221 34
324 9
330 9
354 9
366 9
410 9
483 9
112 9
104 9
98 9
442 9
243 9
114 9
394 9
391 9
601 9
276 9
234 6
153 9
257 9
41 9
232 34
353 9
642 6
3 9
306 9
459 9
468 9
428 6
62 9
405 6
374 9
371 9
235 9
339 9
524 34
568 34
412 9
528 9
174 9
335 34
480 6
255 6
384 6
461 9
603 9
492 9
250 9
42 9
189 9
211 9
421 9
505 9
373 6
8 6
182 34
309 9
141 6
484 9
312 9
275 9
502 9
279 34
456 6
183 9
387 9
283 9
125 9
263 9
254 34
329 9
469 34
195 9
356 6
152 9
532 6
163 9
575 9
130 6
58 9
40 9
620 9
198 6
511 9
81 9
515 9
267 9
164 9
637 9
343 9
417 6
338 34
137 9
553 9
606 9
331 9
64 9
119 34
423 9
129 6
475 9
43 9
598 9
595 9
28 34
513 9
571 9
570 9
170 9
216 9
526 9
458 9
244 9
477 9
560 6
302 9
238 9
503 9
372 9
74 9
501 9
537 6
280 6
239 9
599 9
53 34
57 34
538 9
251 6
588 9
87 9
296 9
188 9
411 9
333 9
464 6
173 9
185 6
584 9
135 9
628 6
162 9
214 34
210 9
426 6
573 6
79 9
544 9
540 9
262 6
167 6
72 6
237 9
462 34
281 9
449 6
176 9
124 9
589 9
179 9
186 6
627 9
380 9
382 9
638 9
9 9
519 9
403 9
409 6
94 9
448 9
363 9
202 6
203 9
30 9
580 9
552 6
437 34
622 9
385 9
37 6
512 34
258 9
488 9
256 9
313 9
155 9
273 9
649 34
465 9
646 34
218 9
219 6
549 9
634 9
522 9
27 9
450 9
269 9
612 9
230 9
582 9
400 9
132 9
88 9
220 34
99 9
518 34
419 9
320 9
68 9
314 34
304 9
361 6
624 9
6 9
489 9
133 9
24 34
436 9
121 9
636 6
556 9
613 9
161 9
439 9
288 9
148 9
274 9
36 9
639 9
261 9
126 9
530 9
21 9
311 6
315 9
420 6
319 9
1 9
90 9
408 6
96 6
17 6
340 6
26 9
499 9
249 34
345 34
347 9
351 9
479 9
476 34
565 6
473 9
600 6
5 6
272 9
430 6
596 9
49 9
47 9
86 6
89 6
551 6
617 6
291 6
144 9
334 9
208 6
56 9
491 9
259 6
406 6
395 34
381 6
178 10
231 6
328 9
196 9
567 9
534 9
31 9
108 9
46 6
295 9
370 9
564 6
115 6
433 9
440 6
457 9
632 6
92 9
447 9
644 9
22 9
438 34
33 6
65 9
122 6
559 9
493 9
63 9
207 9
615 34
215 9
217 6
325 6
95 9
545 9
586 9
111 9
117 9
128 6
388 6
379 9
149 9
181 9
498 34
650 9
323 9
7 6
34 9
45 6
535 34
77 9
158 9
607 9
352 9
364 9
481 34
376 34
377 9
414 9
592 9
444 10
435 6
14 9
52 6
470 9
369 9
66 9
355 6
490 9
500 34
97 6
574 9
172 9
616 34
266 9
4 9
453 9
12 9
425 34
25 9
548 9
463 9
604 6
73 9
344 6
123 9
506 9
213 6
300 9
260 6
0 9
605 9
591 9
554 9
593 9
539 9
393 9
171 6
55 6
70 34
608 34
326 9
103 9
84 34
236 9
32 9
16 9
199 9
11 6
621 6
629 9
508 9
127 9
482 9
563 9
310 6
197 6
397 9
413 9
460 9
305 9
268 9
run time cost of algorithm DRT_AG is 0.005161seconds
