623600 97 15
293 14
142 14
154 14
117 14
344 14
315 34
241 14
295 14
268 34
277 14
333 34
206 14
101 14
73 14
114 14
366 14
211 14
270 14
269 14
240 14
324 14
178 14
351 14
310 14
301 14
25 34
317 14
45 14
237 14
116 14
119 14
31 14
327 14
68 14
364 14
247 14
63 14
8 14
182 14
330 14
77 14
238 14
14 14
251 14
92 14
355 14
57 14
242 14
97 3
319 3
244 14
250 14
207 14
113 14
299 34
340 14
74 14
108 14
65 14
10 14
27 14
318 14
157 14
197 14
135 34
84 14
56 14
61 14
149 14
17 14
321 14
159 14
224 14
109 14
59 14
218 14
102 3
230 14
115 14
260 14
294 34
127 14
331 14
308 14
222 14
46 14
179 14
204 14
13 14
174 14
309 14
290 14
118 14
358 14
90 14
334 14
296 14
123 14
325 14
161 3
217 14
33 14
37 14
85 14
4 14
203 14
361 3
173 14
172 14
171 14
156 14
365 14
266 3
177 34
213 3
32 14
342 3
236 3
60 14
189 14
21 3
180 34
158 14
3 14
305 3
34 14
150 3
70 14
289 14
22 14
82 14
191 14
147 14
64 3
129 3
232 14
248 14
137 14
126 3
87 14
175 3
18 14
103 14
166 14
106 34
145 14
54 14
284 3
155 14
170 14
275 14
313 14
349 14
231 0
47 3
360 14
249 34
190 14
110 14
7 34
279 14
276 14
215 14
212 14
208 14
234 34
239 3
80 14
91 14
253 14
297 14
144 14
111 14
292 14
341 14
181 14
163 3
143 14
306 3
283 14
48 14
335 14
259 14
66 14
183 14
23 14
29 14
326 14
153 14
152 3
124 14
95 14
329 3
288 14
322 14
2 14
121 14
263 3
104 14
300 14
75 3
136 14
71 14
148 14
165 14
243 14
254 3
362 14
112 14
44 3
287 14
255 14
62 14
5 14
332 14
186 14
132 3
209 34
336 14
280 14
15 3
19 14
26 14
83 34
79 3
235 3
198 34
76 14
200 14
214 14
72 14
160 3
220 3
265 14
338 14
262 14
184 14
314 14
286 3
192 14
168 14
302 14
128 3
139 14
39 3
38 34
285 14
122 14
120 14
28 14
252 14
272 14
169 14
323 3
356 14
1 14
316 3
337 14
258 14
42 14
40 3
195 34
345 14
35 14
100 14
188 34
347 14
141 14
246 14
348 14
99 14
221 14
205 34
16 34
274 14
343 3
227 14
357 14
256 3
303 3
350 14
359 3
93 3
98 3
24 14
146 0
312 3
164 3
267 14
219 3
9 14
304 3
193 14
51 14
367 14
298 14
271 14
50 14
52 3
226 14
223 3
202 14
134 14
43 3
89 14
216 3
133 3
176 14
194 14
11 3
30 14
41 14
353 14
78 14
88 34
105 3
107 14
131 14
282 34
363 14
264 3
138 3
49 14
339 3
229 14
346 14
69 14
199 3
187 14
185 14
167 3
20 3
196 3
210 14
354 14
352 3
58 3
67 14
12 3
36 14
125 3
96 14
55 14
6 14
151 3
225 14
245 14
81 14
233 3
86 14
307 3
53 14
94 14
228 14
273 14
281 0
130 14
257 3
261 3
311 3
140 3
328 14
278 3
162 34
201 14
291 14
320 14
0 3
run time cost of algorithm DRT_BD is 0.069964seconds
