492850 104 64
0 34
1 34
2 34
3 34
4 34
5 34
6 34
7 34
8 34
9 34
10 34
11 34
12 0
13 34
14 34
15 34
16 34
17 34
18 34
19 0
20 34
21 34
22 34
23 0
24 34
25 34
26 34
27 34
28 34
29 34
30 34
31 34
32 34
33 34
34 34
35 34
36 34
37 0
38 0
39 34
40 34
41 34
42 0
43 34
44 34
45 34
46 34
47 41
48 34
49 34
50 34
51 34
52 34
53 34
54 0
55 34
56 34
57 34
58 41
59 34
60 34
61 34
62 34
63 34
64 41
65 34
66 8
67 34
68 34
69 0
70 0
71 34
72 0
73 34
74 41
75 34
76 34
77 34
78 34
79 34
80 34
81 0
82 34
83 34
84 41
85 34
86 34
87 0
88 34
89 34
90 34
91 34
92 34
93 34
94 34
95 34
96 34
97 34
98 34
99 34
100 34
101 34
102 41
103 34
104 34
105 34
106 34
107 34
108 34
109 8
110 34
111 34
112 34
113 0
114 34
115 0
116 34
117 34
118 34
119 34
120 34
121 41
122 34
123 41
124 0
125 0
126 34
127 0
128 34
129 34
130 34
131 34
132 34
133 34
134 34
135 41
136 34
137 34
138 34
139 34
140 0
141 34
142 34
143 34
144 34
145 0
146 0
147 41
148 34
149 34
150 34
151 34
152 34
153 41
154 34
155 34
156 34
157 34
158 41
159 41
160 34
161 34
162 0
163 34
164 34
165 0
166 34
167 34
168 34
169 41
170 41
171 34
172 34
173 34
174 0
175 34
176 34
177 41
178 34
179 34
180 34
181 34
182 1
183 34
184 34
185 34
186 34
187 34
188 41
189 34
190 34
191 34
192 34
193 41
194 34
195 0
196 34
197 8
198 34
199 34
200 34
201 34
202 34
203 34
204 34
205 34
206 41
207 34
208 34
209 0
210 34
211 34
212 34
213 34
214 41
215 34
216 34
217 34
218 34
219 34
220 34
221 34
222 34
223 0
224 34
225 34
226 34
227 34
228 34
229 34
230 34
231 0
232 34
233 34
234 41
235 34
236 41
237 34
238 41
239 0
240 41
241 34
242 34
243 34
244 34
245 34
246 34
247 34
248 34
249 0
250 0
251 41
252 34
253 34
254 34
255 0
256 34
257 41
258 41
259 34
260 41
261 34
262 0
263 41
264 34
265 0
266 34
267 41
268 34
269 34
270 41
271 41
272 34
273 34
274 0
275 41
276 34
277 8
278 41
279 34
280 34
281 34
282 34
283 41
284 34
285 34
286 34
287 0
288 0
289 34
290 34
291 34
292 34
293 34
294 34
295 34
296 0
297 34
298 34
299 41
300 34
301 34
302 34
303 34
304 34
305 41
306 34
307 8
308 34
309 41
310 0
311 34
312 34
313 34
314 34
315 34
316 34
317 41
318 41
319 34
320 34
321 34
322 41
323 41
324 0
325 34
326 41
327 34
328 0
329 34
330 34
331 8
332 0
333 34
334 0
335 34
336 34
337 34
338 34
339 41
340 0
341 34
342 34
343 41
344 34
345 41
346 34
run time cost of algorithm SM_CTP is 0.299809seconds
