1990000 104 68
0 34
1 34
2 34
3 34
4 34
5 34
6 34
7 34
8 34
9 34
10 34
11 0
12 34
13 34
14 34
15 1
16 34
17 34
18 34
19 34
20 34
21 34
22 34
23 34
24 34
25 34
26 34
27 0
28 34
29 34
30 34
31 34
32 34
33 34
34 34
35 34
36 34
37 34
38 34
39 34
40 34
41 34
42 34
43 34
44 34
45 34
46 34
47 34
48 34
49 34
50 34
51 34
52 0
53 34
54 34
55 34
56 34
57 34
58 34
59 34
60 34
61 34
62 34
63 34
64 34
65 34
66 34
67 0
68 34
69 34
70 34
71 34
72 34
73 34
74 34
75 34
76 0
77 34
78 34
79 34
80 34
81 0
82 34
83 34
84 34
85 34
86 0
87 34
88 0
89 34
90 34
91 34
92 34
93 34
94 34
95 34
96 34
97 34
98 34
99 34
100 34
101 34
102 34
103 34
104 34
105 34
106 41
107 34
108 34
109 34
110 34
111 34
112 34
113 34
114 34
115 34
116 34
117 34
118 34
119 0
120 34
121 34
122 34
123 41
124 34
125 34
126 34
127 8
128 41
129 34
130 34
131 34
132 41
133 34
134 34
135 34
136 34
137 34
138 41
139 34
140 34
141 34
142 34
143 34
144 34
145 34
146 34
147 0
148 34
149 34
150 34
151 34
152 34
153 34
154 34
155 0
156 34
157 41
158 34
159 34
160 34
161 34
162 34
163 34
164 34
165 34
166 34
167 34
168 34
169 41
170 34
171 41
172 34
173 34
174 34
175 34
176 34
177 41
178 34
179 34
180 0
181 34
182 34
183 41
184 34
185 34
186 34
187 34
188 41
189 34
190 34
191 34
192 34
193 34
194 34
195 34
196 34
197 34
198 34
199 34
200 41
201 34
202 34
203 0
204 41
205 34
206 34
207 34
208 41
209 34
210 34
211 41
212 8
213 34
214 34
215 34
216 41
217 34
218 34
219 34
220 34
221 34
222 34
223 34
224 34
225 34
226 41
227 34
228 34
229 41
230 34
231 34
232 34
233 34
234 8
235 8
236 34
237 34
238 34
239 34
240 34
241 34
242 41
243 34
244 34
245 34
246 0
247 34
248 34
249 34
250 34
251 34
252 0
253 34
254 34
255 34
256 34
257 34
258 34
259 34
260 34
261 34
262 34
263 34
264 41
265 41
266 34
267 34
268 34
269 8
270 41
271 34
272 34
273 34
274 34
275 34
276 41
277 34
278 34
279 41
280 34
281 34
282 34
283 41
284 41
285 41
286 34
287 0
288 34
289 34
290 34
291 34
292 34
293 34
294 34
295 34
296 41
297 41
298 8
299 34
300 34
301 41
302 34
303 0
304 34
305 41
306 34
307 0
308 34
309 34
310 41
311 34
312 41
313 34
314 34
315 34
316 41
317 34
318 34
319 34
320 34
321 34
322 34
323 34
324 0
325 34
326 34
327 34
328 34
329 41
330 0
331 34
332 41
333 41
334 1
335 41
336 41
337 34
338 34
339 41
340 41
341 34
342 34
343 34
344 34
345 34
346 34
347 34
348 34
349 34
350 41
351 34
352 0
353 41
354 34
355 34
356 34
357 34
358 34
359 34
360 34
361 34
362 41
363 41
364 41
365 34
366 34
367 34
368 34
369 41
370 34
371 34
372 34
373 0
374 41
375 34
376 34
377 34
378 34
379 34
380 41
381 41
382 8
383 34
384 34
385 41
386 34
387 34
388 34
389 34
390 34
391 0
392 41
393 34
394 41
395 34
396 41
397 34
398 34
399 34
400 34
401 34
402 34
403 34
404 34
405 34
406 41
407 34
408 34
409 0
410 34
411 34
412 8
413 34
414 34
415 34
416 34
417 34
418 34
419 41
420 41
421 41
422 34
423 34
424 34
425 41
426 34
427 34
428 0
429 34
430 41
431 41
432 34
433 34
434 34
435 34
436 34
437 34
438 41
439 34
440 0
441 34
442 34
443 34
444 34
445 34
446 41
447 34
448 34
449 34
450 41
451 41
452 34
453 41
454 8
455 41
456 41
457 41
458 34
459 41
460 41
461 41
462 34
463 8
464 34
465 41
466 34
467 34
468 41
469 34
470 34
471 34
472 34
473 34
474 41
475 34
476 34
477 41
478 34
479 41
480 41
481 34
482 34
483 41
484 34
485 34
486 34
487 34
488 34
489 34
490 34
491 34
492 34
493 41
494 41
495 34
496 41
497 41
498 41
499 41
500 34
501 41
502 34
503 34
504 34
505 34
506 34
507 34
508 0
509 8
510 34
511 34
512 34
513 34
514 41
515 34
516 34
517 34
518 34
519 34
520 0
521 34
522 34
523 34
524 34
525 34
526 34
527 34
528 34
529 34
530 34
531 34
532 41
533 34
534 8
535 41
536 34
537 34
538 34
539 8
540 34
541 34
542 34
543 41
544 34
545 8
546 41
run time cost of algorithm SM_CTP is 0.878849seconds
