4210400 152 64
206 21
384 34
250 37
126 21
378 21
197 37
53 34
274 34
252 21
351 21
166 37
316 37
344 37
137 37
383 21
196 21
307 34
178 21
20 34
181 37
317 34
72 21
106 37
366 21
51 34
76 0
125 34
202 37
379 37
431 21
182 37
97 21
414 37
237 37
371 37
91 21
390 37
297 34
209 21
340 37
138 21
281 21
272 21
398 37
345 21
224 21
337 21
260 0
300 37
286 0
214 37
374 37
154 21
73 21
389 37
309 34
313 37
110 0
240 21
169 37
165 37
268 21
37 21
305 37
33 37
420 37
39 21
46 37
185 37
391 21
244 37
245 37
113 37
162 34
413 34
38 21
135 21
60 21
8 0
335 21
329 37
271 34
80 21
273 37
223 21
128 37
429 21
287 37
47 21
377 21
358 0
81 21
283 37
200 37
406 37
24 0
66 34
243 21
350 37
10 21
159 34
380 37
435 21
152 37
111 37
32 21
41 21
43 37
203 0
114 21
95 37
441 34
341 21
439 37
16 37
129 34
436 37
434 21
109 37
18 34
164 34
155 21
153 37
225 37
5 34
70 34
417 37
213 37
400 37
142 21
261 37
188 34
44 0
96 34
49 21
285 37
0 37
408 21
355 21
74 37
326 37
115 34
432 21
346 21
157 34
239 21
291 37
211 21
167 34
86 21
293 37
93 21
107 0
68 21
347 21
25 21
87 37
22 21
372 34
75 21
190 34
348 21
204 21
62 34
382 37
195 21
151 37
4 21
319 21
409 37
256 21
231 21
399 21
249 21
105 37
127 34
174 21
34 21
322 21
145 34
407 37
356 37
275 37
257 37
357 37
218 37
191 37
1 21
168 34
227 41
29 34
90 21
92 37
443 21
363 34
11 21
83 37
361 21
232 37
42 21
428 21
242 37
144 34
338 37
397 34
241 21
427 21
48 37
184 37
226 21
201 21
236 21
430 34
148 21
67 34
176 37
61 21
442 21
369 21
267 37
89 34
36 21
333 21
136 21
229 0
63 0
387 37
290 0
401 34
7 37
56 37
192 37
362 37
23 37
99 21
54 37
302 21
212 37
193 37
251 21
415 21
248 37
219 21
175 37
78 37
199 37
381 0
132 37
52 34
365 34
282 37
124 37
161 21
15 34
101 21
424 0
85 21
131 21
418 34
64 21
171 21
133 21
296 21
342 0
394 37
266 0
269 34
149 34
423 0
279 0
437 21
215 37
373 21
262 34
278 21
246 37
217 34
27 37
386 21
3 37
146 37
140 37
310 37
330 37
88 21
233 37
205 21
440 21
194 21
134 34
79 41
360 34
265 37
221 21
353 21
187 34
2 21
235 34
422 37
433 21
180 37
208 37
416 0
332 34
368 37
339 37
100 34
30 21
364 34
396 37
71 21
77 37
277 34
438 37
189 37
349 34
255 21
314 21
258 37
112 37
179 37
403 34
19 34
130 37
6 21
411 34
376 21
84 21
139 21
118 21
98 21
421 21
210 37
254 34
315 21
173 21
50 34
163 21
220 21
247 37
259 21
393 21
238 37
426 37
354 37
325 21
116 21
119 37
170 21
26 37
230 37
65 0
94 37
108 37
280 21
177 0
234 21
388 21
150 34
311 37
228 21
160 0
304 21
222 37
327 21
45 21
336 21
13 37
295 34
263 21
264 21
120 34
320 37
82 34
17 21
172 21
312 34
104 37
57 0
9 34
331 37
395 0
35 34
404 34
318 21
324 21
69 0
385 0
40 41
292 37
289 34
288 37
375 37
156 34
370 34
343 37
216 34
294 21
147 21
28 37
402 21
359 21
352 21
405 37
276 34
58 21
103 37
14 21
308 21
158 37
55 21
31 34
59 0
392 37
21 21
186 37
306 37
284 21
207 37
410 21
123 34
419 21
121 21
301 37
298 37
117 37
122 34
270 21
321 21
198 0
253 37
444 21
102 21
299 21
303 0
323 37
367 37
425 21
141 21
143 0
412 37
183 21
328 21
334 21
12 37
run time cost of algorithm DRT_BD is 0.133573seconds
