1228800 109 68
92 34
3 0
80 34
139 34
93 34
29 0
55 34
50 34
109 34
17 34
136 34
6 34
69 34
138 34
126 34
9 34
60 34
10 34
84 34
20 34
90 34
71 34
140 34
25 34
13 34
40 34
1 34
23 34
107 34
62 34
83 34
134 34
100 34
45 34
33 34
113 34
75 34
28 34
128 34
111 34
116 34
73 34
74 34
101 34
97 34
19 34
118 24
30 34
12 34
32 34
76 34
49 34
39 34
26 34
137 24
52 34
22 34
112 34
105 34
81 34
65 0
11 34
78 34
122 34
37 24
67 34
96 24
87 34
89 0
110 34
79 34
2 34
106 34
8 34
120 34
72 34
130 34
102 34
103 34
35 34
34 24
7 34
115 34
95 34
119 34
57 34
82 34
123 34
127 34
15 34
14 34
133 34
91 34
54 34
124 34
41 34
104 24
66 34
88 34
135 34
117 34
63 24
43 0
132 34
36 34
108 34
21 34
48 34
46 34
131 34
141 34
38 34
125 34
121 34
98 34
4 34
53 34
31 34
42 24
99 34
56 34
61 34
85 34
18 34
16 34
94 34
70 34
51 34
47 34
5 34
44 24
0 34
77 34
58 24
64 34
68 0
59 34
129 34
114 34
86 34
27 34
24 34
run time cost of algorithm DRT_BD is 0.01407seconds
