5310400 97 16
0 0
1 0
2 0
3 0
4 0
5 0
6 0
7 0
8 0
9 0
10 0
11 0
12 0
13 0
14 0
15 0
16 0
17 0
18 0
19 0
20 0
21 0
22 0
23 0
24 34
25 0
26 0
27 0
28 0
29 0
30 0
31 0
32 0
33 0
34 34
35 0
36 0
37 0
38 0
39 0
40 0
41 0
42 1
43 0
44 0
45 0
46 0
47 0
48 0
49 0
50 0
51 0
52 0
53 0
54 0
55 0
56 1
57 0
58 0
59 0
60 0
61 0
62 0
63 0
64 0
65 1
66 0
67 0
68 34
69 1
70 0
71 0
72 0
73 0
74 0
75 0
76 0
77 0
78 0
79 0
80 0
81 0
82 0
83 0
84 0
85 0
86 0
87 0
88 0
89 0
90 0
91 0
92 0
93 0
94 0
95 0
96 0
97 0
98 0
99 0
100 0
101 34
102 0
103 34
104 0
105 0
106 0
107 0
108 0
109 1
110 0
111 0
112 0
113 0
114 0
115 0
116 0
117 0
118 0
119 1
120 0
121 0
122 0
123 0
124 0
125 34
126 0
127 0
128 0
129 34
130 0
131 0
132 0
133 0
134 0
135 0
136 0
137 0
138 0
139 0
140 0
141 34
142 0
143 0
144 0
145 0
146 34
147 0
148 0
149 0
150 0
151 0
152 0
153 0
154 0
155 0
156 0
157 0
158 0
159 0
160 0
161 0
162 0
163 0
164 0
165 0
166 0
167 0
168 0
169 0
170 0
171 34
172 0
173 0
174 0
175 1
176 0
177 0
178 0
179 0
180 1
181 0
182 0
183 0
184 0
185 1
186 0
187 0
188 0
189 0
190 0
191 0
192 0
193 34
194 0
195 0
196 0
197 0
198 0
199 0
200 0
201 0
202 0
203 0
204 1
205 0
206 0
207 1
208 0
209 0
210 0
211 0
212 0
213 0
214 0
215 0
216 0
217 1
218 0
219 0
220 0
221 0
222 1
223 0
224 0
225 0
226 0
227 1
228 1
229 0
230 0
231 0
232 1
233 0
234 0
235 0
236 0
237 0
238 1
239 0
240 0
241 0
242 0
243 0
244 0
245 0
246 0
247 0
248 1
249 1
250 0
251 0
252 0
253 0
254 0
255 0
256 0
257 0
258 0
259 1
260 0
261 0
262 0
263 0
264 0
265 34
266 0
267 0
268 0
269 0
270 0
271 0
272 0
273 0
274 0
275 0
276 0
277 0
278 1
279 0
280 0
281 0
282 0
283 0
284 1
285 0
286 0
287 0
288 0
289 34
290 0
291 1
292 1
293 1
294 1
295 0
296 0
297 0
298 0
299 1
300 0
301 0
302 1
303 0
304 0
305 0
306 0
307 0
308 0
309 0
310 0
311 1
312 0
313 1
314 0
315 0
316 34
317 34
318 0
319 1
320 0
321 0
322 1
323 0
324 1
325 34
326 0
327 0
328 1
329 0
330 0
331 0
332 0
333 0
334 0
335 0
336 0
337 0
338 0
339 34
340 0
341 0
342 1
343 34
344 0
345 0
346 0
347 1
348 0
349 34
350 0
351 0
352 1
353 1
354 0
355 0
356 0
357 1
358 0
359 0
360 0
361 1
362 1
363 0
364 0
365 0
366 0
367 1
368 0
369 34
370 0
371 0
372 0
373 0
374 0
375 0
376 0
377 1
378 0
379 0
380 1
381 0
382 0
383 0
384 1
385 1
386 0
387 0
388 0
389 0
390 0
391 0
392 1
393 0
394 0
395 0
396 0
397 1
398 0
399 0
400 0
401 34
402 0
403 0
404 1
405 0
406 1
407 0
408 0
409 1
410 0
411 0
412 0
413 0
414 1
415 2
416 0
417 0
418 1
419 0
420 1
421 34
422 0
423 1
424 0
425 0
426 0
427 0
428 1
429 0
430 34
431 0
432 34
433 1
434 0
435 1
436 1
437 0
438 0
439 1
440 1
441 34
442 0
443 0
444 0
445 0
446 0
447 0
448 0
449 0
450 0
451 0
452 1
453 0
454 0
455 0
456 34
457 0
458 34
459 0
460 1
461 1
462 0
463 0
464 0
465 0
466 0
467 0
468 34
469 0
470 1
471 0
472 0
473 0
474 0
475 0
476 0
477 1
478 0
479 0
480 0
481 0
482 1
483 1
484 0
485 1
486 1
487 0
488 0
489 0
490 0
491 0
492 1
493 0
494 1
495 0
496 1
497 0
498 1
499 0
500 0
501 0
502 0
503 0
504 0
505 0
506 0
507 0
508 1
509 0
510 0
511 0
512 0
513 0
514 0
515 1
516 0
517 0
518 0
519 0
520 0
521 1
522 0
523 0
524 1
525 34
526 1
527 0
528 0
529 34
530 1
531 34
532 0
533 1
534 0
535 0
536 0
537 0
538 0
539 0
540 34
541 1
542 1
543 0
544 0
545 0
546 0
547 1
548 0
549 0
550 34
551 0
552 0
553 0
554 0
555 0
556 0
557 0
558 0
559 0
560 0
561 1
562 0
563 0
564 0
565 0
566 1
567 0
568 0
569 0
570 1
571 0
572 1
573 0
574 0
575 0
576 0
577 0
578 34
579 0
580 0
581 0
582 0
583 0
584 0
585 0
586 0
587 0
588 0
589 0
590 0
591 0
592 0
593 1
594 0
595 0
596 0
597 0
598 1
599 0
600 1
601 0
602 0
603 1
604 0
605 1
606 0
607 0
608 0
609 0
610 0
611 0
612 34
613 0
614 1
615 2
616 1
617 1
618 1
619 1
620 34
621 1
622 0
623 0
624 0
625 0
626 34
627 1
628 0
629 2
630 0
631 0
632 34
633 0
634 0
635 0
636 1
637 0
638 0
639 0
640 0
641 0
642 34
643 0
644 0
645 1
646 0
647 0
648 0
649 0
650 0
651 0
652 0
653 0
654 0
655 1
656 0
657 0
658 0
659 1
660 0
661 0
662 0
663 2
664 1
665 0
666 1
667 0
668 1
669 0
670 0
671 0
672 0
673 0
674 0
675 0
676 0
677 0
678 0
679 0
680 0
681 1
682 1
683 0
684 0
685 0
686 1
687 0
688 0
689 1
690 0
691 1
692 0
693 1
694 1
695 1
696 1
697 1
698 1
699 1
700 0
701 1
702 0
703 0
704 0
705 0
706 0
707 1
708 34
709 0
710 0
711 0
712 1
713 1
714 0
715 0
716 1
717 0
718 0
719 34
720 2
721 34
722 0
723 0
724 1
725 0
726 0
727 1
728 0
729 2
730 0
731 0
732 0
733 1
734 0
735 0
736 1
737 0
738 0
739 1
740 1
741 0
742 1
743 0
744 0
745 34
746 0
747 0
748 1
749 0
750 0
751 1
752 0
753 0
754 0
755 0
756 0
757 1
758 0
759 1
760 0
761 0
762 1
763 1
764 0
765 0
766 0
767 0
768 0
769 1
770 1
771 0
772 0
773 0
774 0
775 1
776 0
777 0
778 0
779 0
780 34
781 0
782 0
783 0
784 34
785 0
786 1
787 0
788 1
789 1
790 0
791 1
792 0
793 0
794 2
795 0
796 1
797 0
798 1
799 0
800 0
801 0
802 0
803 0
804 34
805 0
806 0
807 0
808 1
809 0
810 2
811 0
812 1
813 34
814 0
815 0
816 0
817 1
818 0
819 1
820 0
821 0
822 0
823 0
824 1
825 0
826 0
827 0
828 0
829 0
830 1
831 0
832 0
833 0
834 0
835 0
836 0
837 2
838 0
839 1
840 0
841 0
842 1
843 1
844 0
845 1
846 0
847 1
848 0
849 1
850 0
851 0
852 0
853 1
854 1
855 0
856 0
857 0
858 1
859 0
860 0
861 1
862 1
863 1
864 1
865 0
866 0
867 0
868 1
869 1
870 0
871 0
872 0
873 0
874 1
875 34
876 34
877 0
878 0
879 1
880 1
881 0
882 0
883 1
884 0
885 0
886 0
887 2
888 0
889 0
890 0
891 0
892 0
893 1
894 0
895 1
896 0
897 34
898 0
899 1
900 1
901 0
902 0
903 0
904 0
905 0
906 0
907 1
908 0
909 1
910 1
911 0
912 1
913 0
914 0
915 0
916 1
917 1
918 0
919 1
920 0
921 0
922 0
923 1
924 0
925 1
926 0
927 0
928 1
929 1
run time cost of algorithm SM_CTP is 1.2471seconds
