839200 157 68
0 34
1 34
2 34
3 34
4 34
5 0
6 34
7 34
8 34
9 34
10 34
11 34
12 34
13 0
14 34
15 34
16 34
17 34
18 34
19 34
20 34
21 34
22 34
23 34
24 34
25 34
26 34
27 34
28 34
29 34
30 34
31 41
32 34
33 41
34 34
35 41
36 34
37 34
38 34
39 41
40 34
41 34
42 0
43 34
44 34
45 34
46 41
47 34
48 34
49 34
50 34
51 0
52 41
53 0
54 34
55 34
56 34
57 0
58 34
59 34
60 34
61 34
62 34
63 34
64 34
65 41
66 34
67 34
68 34
69 34
70 41
71 34
72 34
73 41
74 34
75 34
76 41
77 34
78 34
79 34
80 34
81 34
82 34
83 41
84 34
85 34
86 34
87 20
88 34
89 34
90 0
91 34
92 34
93 34
94 41
run time cost of algorithm SM_CTP is 0.029311seconds
