1112800 97 15
128 23
104 34
192 23
155 23
573 23
415 23
448 23
412 23
108 23
9 23
324 23
582 23
597 23
363 23
171 23
536 23
371 23
294 23
305 23
255 23
478 23
504 23
168 23
329 23
576 23
194 23
212 23
640 23
37 23
631 23
485 23
493 23
301 23
523 23
29 23
150 23
520 23
88 23
38 23
463 23
115 23
538 23
33 23
409 23
44 23
246 23
199 23
125 34
626 23
134 23
524 23
163 23
143 23
355 23
569 23
570 23
283 23
156 34
404 23
270 23
528 23
256 23
77 23
315 23
612 23
31 23
356 23
357 15
440 23
39 23
591 23
519 23
525 23
106 23
553 23
354 23
469 23
311 23
200 15
393 23
276 23
334 15
611 23
215 23
511 23
490 23
500 34
610 23
449 23
189 23
1 23
470 23
386 23
530 23
466 23
93 23
291 23
240 23
595 23
219 23
486 23
556 23
72 23
211 23
635 23
207 23
279 23
439 23
633 23
423 23
22 23
339 23
170 23
245 23
588 23
27 23
80 15
34 23
177 23
502 23
70 23
451 23
352 23
185 23
30 23
111 23
18 34
622 23
228 23
454 15
127 23
636 15
91 23
191 34
482 23
317 23
411 23
452 23
58 23
306 34
382 23
427 23
226 23
402 23
265 23
165 23
28 23
157 23
208 15
149 23
618 23
596 23
152 23
479 23
438 23
550 23
619 23
549 23
53 15
67 23
541 34
476 15
202 34
262 15
516 23
76 23
260 23
399 23
126 23
109 23
40 23
243 23
380 23
140 23
10 23
341 23
496 23
99 23
151 23
135 23
284 23
145 34
224 23
585 23
247 23
379 23
41 15
537 23
184 23
429 23
94 23
602 23
326 23
8 23
430 23
557 23
424 15
441 23
456 23
287 23
468 23
425 23
285 23
586 34
365 23
205 23
534 23
637 23
81 15
209 23
61 23
634 23
422 15
133 23
160 34
385 23
129 23
387 23
114 23
26 23
467 23
55 15
248 23
522 23
73 15
395 23
625 15
510 15
286 15
69 23
592 15
310 23
97 23
227 15
543 15
244 23
394 15
345 23
216 15
488 15
148 23
492 15
51 23
295 23
299 15
267 23
416 15
25 23
623 23
90 23
617 23
4 15
74 15
433 34
419 23
499 23
2 23
353 15
604 15
367 23
186 23
432 23
188 15
320 23
459 23
175 23
506 34
166 23
161 23
340 15
359 15
146 23
487 23
273 23
119 15
280 34
20 23
397 23
360 23
12 15
535 15
272 15
474 23
497 23
229 23
561 15
508 34
237 34
434 23
494 23
238 15
84 15
613 15
250 15
252 15
183 23
318 23
102 23
559 23
362 23
383 15
632 15
249 15
231 23
608 23
169 23
370 23
274 23
120 23
82 23
378 15
358 15
68 23
221 23
147 15
413 23
193 23
606 23
642 23
498 23
290 23
60 23
197 15
206 23
398 23
309 23
136 23
457 34
349 23
271 23
503 23
518 23
159 23
139 15
418 15
455 23
264 23
344 23
13 23
116 23
554 23
118 23
566 23
388 23
568 23
122 23
130 15
331 23
527 23
179 15
196 15
465 23
263 15
445 23
435 23
337 23
567 23
390 23
572 23
414 23
47 23
616 23
24 15
628 23
266 23
275 15
322 23
0 23
124 23
547 23
327 23
551 15
198 34
96 23
201 23
214 23
458 15
239 23
426 23
225 15
220 15
480 15
483 23
346 15
292 23
269 15
374 23
562 23
373 23
389 23
560 15
314 23
105 23
138 15
364 23
529 23
491 23
11 15
181 23
5 23
328 23
444 15
643 15
323 23
548 23
268 15
258 15
377 23
79 15
489 15
187 15
312 23
92 15
85 15
558 23
319 15
89 15
321 23
210 15
83 23
101 15
300 15
473 0
501 23
36 23
144 15
21 23
289 34
369 23
391 15
579 34
78 15
603 23
230 23
107 23
403 23
174 23
112 23
113 23
98 23
233 23
477 15
578 23
461 34
600 0
293 23
407 23
507 23
178 23
158 0
182 23
639 34
42 23
288 23
17 23
251 23
601 15
421 23
581 23
19 15
475 23
52 23
564 15
64 23
420 15
222 23
343 15
65 15
35 23
347 34
450 23
593 15
400 23
512 23
153 23
540 23
142 23
442 15
281 0
180 23
563 23
481 15
282 23
630 23
87 23
100 23
542 23
348 15
605 15
54 23
446 23
330 15
63 0
325 0
316 15
176 15
195 15
6 23
16 23
45 15
408 23
232 23
509 23
303 15
121 23
361 23
218 23
132 34
173 34
304 23
172 34
167 15
517 15
164 23
75 0
583 23
50 23
59 0
162 23
32 15
154 23
624 15
462 23
629 23
190 15
443 23
580 34
405 0
392 15
15 23
278 23
241 15
57 15
436 0
95 34
505 23
217 34
453 23
638 23
242 15
254 23
350 23
417 23
521 0
555 0
552 23
599 23
472 23
587 15
110 15
437 15
384 34
298 0
590 15
66 23
46 23
277 34
615 23
431 15
203 15
526 15
598 23
204 15
123 15
253 15
532 23
235 23
213 0
565 23
86 23
307 23
575 15
577 23
406 23
117 34
447 23
43 15
48 15
641 23
495 23
609 15
342 23
401 0
531 0
338 15
464 15
366 34
137 15
351 23
49 23
14 34
594 15
302 0
259 23
589 23
515 15
627 15
141 23
381 23
574 15
571 34
533 23
336 0
335 15
56 34
223 23
332 34
236 15
545 15
376 23
471 15
375 23
71 23
308 15
131 23
396 15
297 23
544 23
234 23
372 23
546 15
621 23
614 15
607 15
23 15
428 15
460 34
296 23
313 15
257 34
410 23
513 15
514 23
7 23
103 23
3 23
368 15
484 15
620 23
62 15
261 23
584 23
539 15
333 15
run time cost of algorithm DRT_BD is 0.196021seconds
