719300 170 49
254 9
51 9
201 9
88 9
40 9
438 9
253 9
313 9
415 9
343 9
408 34
90 6
113 34
180 9
181 9
192 9
197 34
470 34
265 9
341 9
409 9
248 9
58 34
24 9
97 9
185 34
430 9
198 9
73 9
255 34
37 9
145 9
43 9
391 9
188 9
193 9
379 9
169 9
347 9
68 9
433 9
209 9
128 9
245 9
469 34
231 9
219 9
39 9
257 9
121 9
160 9
116 9
299 9
310 9
59 9
28 9
380 9
460 6
333 9
377 9
175 9
16 34
367 9
272 34
274 9
119 9
282 9
93 34
332 9
196 9
378 9
179 34
178 9
173 9
481 9
156 9
154 9
149 9
19 9
239 9
124 9
26 9
331 9
507 9
142 6
314 9
31 9
77 9
479 9
249 9
205 34
474 9
237 9
48 9
412 9
152 9
269 9
493 9
267 9
244 9
99 6
371 9
230 9
218 9
465 9
393 9
350 6
471 9
96 9
458 9
498 9
398 9
252 9
297 9
381 9
13 6
123 9
46 9
60 9
490 9
7 9
223 9
258 9
225 9
87 6
64 9
189 9
418 9
72 34
70 9
78 9
478 9
228 9
396 9
204 9
340 9
385 6
339 9
338 9
294 9
286 6
435 9
247 9
462 9
3 9
495 9
146 34
359 9
296 9
434 9
260 9
373 9
118 9
57 9
290 9
126 34
102 9
328 9
477 9
190 9
467 9
11 9
166 9
167 34
279 9
278 9
275 9
150 9
71 9
36 6
66 9
105 9
234 9
420 9
108 9
42 9
112 9
263 9
261 9
292 9
157 9
227 6
103 9
136 9
337 9
485 9
459 6
246 9
494 9
47 34
442 34
182 9
110 9
76 9
195 9
427 9
422 9
403 9
89 34
21 9
360 9
443 9
423 9
287 9
289 9
307 6
397 9
336 9
158 9
383 34
140 9
215 6
84 6
482 9
300 9
120 34
115 9
463 6
496 9
4 6
35 9
375 6
304 6
210 9
61 34
414 9
503 9
130 9
224 9
101 9
500 9
55 9
177 6
366 34
91 9
426 6
125 9
497 9
25 9
335 9
199 9
288 9
53 9
368 9
50 9
369 9
448 9
464 34
284 9
153 9
345 9
344 6
372 9
342 9
54 9
232 9
98 9
165 9
134 9
321 9
370 9
266 9
399 34
309 6
468 9
425 9
49 9
489 9
384 9
386 10
487 9
504 6
214 9
2 9
320 9
1 9
92 9
186 9
191 9
357 9
235 9
94 6
111 6
476 9
213 9
406 9
441 34
82 9
374 9
52 9
250 9
318 9
75 9
74 6
429 9
432 9
6 6
238 9
17 9
364 34
450 9
457 9
155 9
486 9
416 9
207 9
212 9
353 9
356 6
355 9
29 34
138 9
449 9
501 9
62 9
346 9
109 9
164 9
326 9
144 9
305 9
226 9
107 6
10 9
5 9
183 9
327 9
499 9
387 9
106 9
141 9
187 9
63 9
480 9
176 6
129 6
104 8
303 9
222 9
220 9
8 9
172 6
419 9
163 9
135 9
329 9
428 9
334 9
291 9
184 9
431 9
38 9
302 9
358 34
352 9
168 9
22 9
421 9
30 9
285 9
148 6
139 6
473 9
349 6
404 9
365 9
162 9
452 9
27 6
241 9
382 9
319 6
259 6
122 9
295 9
411 6
492 9
405 6
389 9
439 9
211 34
151 9
316 6
44 9
407 9
41 9
23 9
236 9
170 6
217 9
293 34
505 9
362 6
456 9
127 6
330 9
315 9
114 9
392 9
270 9
276 9
323 9
400 6
437 6
440 9
137 9
12 9
445 9
15 6
447 6
268 9
354 34
351 9
324 9
264 9
233 9
171 9
446 9
194 9
361 10
308 34
79 9
83 9
262 6
242 6
277 9
80 9
251 6
0 6
81 6
410 9
9 6
117 6
203 6
33 9
133 9
281 34
466 34
20 9
348 9
229 9
240 9
488 9
32 9
280 9
298 9
311 9
161 9
159 9
363 6
85 6
306 9
454 9
461 9
312 9
388 34
395 34
65 9
451 6
56 9
69 9
67 9
216 6
100 9
208 9
491 9
95 9
202 9
143 9
483 9
14 9
206 9
424 6
402 9
221 34
174 6
243 6
283 6
394 6
390 9
301 9
322 9
413 6
376 9
484 9
271 6
34 6
86 9
401 9
436 9
475 6
472 9
444 10
325 6
455 6
453 6
200 34
18 9
317 9
45 9
256 9
273 9
502 9
417 9
132 34
131 9
506 9
147 9
run time cost of algorithm DRT_AG is 0.00337seconds
