3774800 170 28
197 34
864 25
204 25
234 9
858 25
5 25
176 25
158 25
854 25
849 25
306 25
313 34
152 25
372 25
835 25
400 41
473 25
481 25
107 25
617 25
640 25
695 25
725 25
727 25
24 41
735 25
770 25
779 25
783 25
505 34
563 25
491 25
573 25
334 25
353 25
456 25
580 25
748 25
582 25
190 25
734 25
808 25
147 25
237 25
244 25
180 9
508 25
171 25
444 25
286 25
600 25
442 25
131 25
161 25
676 41
86 41
294 25
308 25
537 25
840 25
629 25
822 25
128 41
823 41
650 9
484 9
92 25
287 25
548 25
321 41
219 25
13 9
802 25
507 25
100 25
579 25
76 25
767 25
211 41
292 25
139 25
557 25
74 25
331 25
836 41
601 25
609 25
618 25
431 25
539 25
434 25
625 25
682 25
290 25
270 25
258 25
191 25
446 25
785 25
762 25
763 25
828 25
827 25
210 25
488 25
866 25
482 25
462 25
777 25
795 25
39 25
719 25
464 25
246 41
45 9
452 25
247 25
6 41
271 25
691 25
164 25
689 25
679 25
670 41
7 25
300 41
831 9
637 25
541 34
316 25
385 25
317 25
598 41
71 25
550 34
361 41
576 25
552 25
337 25
142 34
345 25
338 41
560 25
346 25
778 25
203 25
495 25
585 25
325 25
477 25
546 25
213 9
599 25
314 25
837 25
809 41
860 41
185 25
111 25
183 25
44 25
502 25
684 41
428 9
540 25
538 25
718 25
282 25
519 34
815 25
706 25
269 25
264 25
259 25
285 25
175 25
515 41
257 41
506 25
179 25
122 25
826 25
427 25
656 25
423 25
410 25
396 25
222 9
613 25
387 25
498 25
756 25
384 25
329 25
861 25
380 25
358 25
0 25
747 25
121 25
412 34
411 25
202 25
574 25
577 25
614 41
47 25
711 25
136 34
355 25
352 34
732 41
336 25
96 41
475 25
150 25
758 25
605 25
765 25
81 25
529 25
787 9
268 25
250 25
224 25
527 25
238 25
233 25
740 25
437 25
636 25
435 41
189 25
844 25
199 25
330 25
743 9
426 25
153 25
569 25
217 25
726 41
500 25
18 25
764 25
33 25
526 25
696 25
556 25
148 25
685 25
19 34
821 41
534 25
817 25
201 25
127 25
177 25
174 25
661 9
168 25
169 25
669 25
195 25
797 25
715 25
119 25
112 25
103 41
26 25
182 25
830 25
242 25
363 25
528 25
8 25
369 9
105 25
824 41
163 25
622 41
483 34
310 25
118 25
16 34
115 25
620 34
737 25
702 25
565 25
9 25
649 9
415 25
17 41
159 25
21 34
225 25
60 25
494 25
707 25
511 25
297 34
3 25
43 25
510 41
265 25
32 41
101 25
774 9
348 41
699 25
698 25
578 25
154 25
73 25
192 25
1 25
388 34
389 25
106 9
521 25
149 34
744 25
551 25
768 25
90 25
230 41
422 9
466 25
825 41
820 25
255 25
804 25
834 25
401 25
594 41
555 9
855 25
279 34
693 25
780 25
67 25
750 41
368 25
772 25
771 25
207 25
64 25
694 25
333 25
746 25
231 25
232 9
432 25
429 25
829 41
760 9
328 25
575 25
468 25
499 25
319 25
406 41
332 25
742 25
365 25
794 25
492 25
730 25
733 25
793 41
212 25
167 41
133 34
374 25
29 34
38 25
724 25
634 25
853 25
776 25
589 25
457 25
430 25
859 25
595 25
643 25
277 25
288 41
370 41
496 41
424 41
652 41
628 41
394 41
729 41
272 38
547 41
53 34
223 41
677 34
608 41
93 9
658 41
810 41
312 41
23 41
407 41
299 25
55 41
403 41
41 41
592 34
34 41
632 41
678 41
453 41
686 41
146 41
240 41
633 41
603 9
322 41
645 41
391 41
739 38
692 34
236 41
15 41
99 41
37 34
120 41
309 41
697 41
91 41
723 41
377 41
509 41
635 41
439 41
480 41
647 41
57 41
654 34
662 41
393 41
690 41
130 41
48 41
571 41
700 41
722 41
728 34
532 41
324 34
320 41
114 37
79 41
307 41
761 37
80 37
514 41
784 41
110 41
800 41
465 41
847 41
848 41
87 41
2 41
205 41
586 41
583 41
536 41
567 41
4 41
218 9
850 41
623 41
181 41
196 41
108 41
639 34
542 41
416 41
485 41
249 9
520 41
786 41
278 41
78 41
281 41
775 41
745 41
720 41
376 41
712 41
366 38
497 41
463 41
129 41
501 41
354 41
570 41
347 41
597 9
143 41
493 41
751 41
759 41
304 41
298 41
50 41
28 41
397 41
402 41
516 41
104 38
799 41
25 41
56 41
22 41
77 9
85 41
421 41
525 41
479 41
245 41
11 41
449 41
75 41
88 41
856 41
610 41
865 41
705 41
433 9
419 34
593 41
89 37
460 41
615 41
367 41
208 41
544 41
769 41
20 41
717 41
186 34
229 41
754 37
852 41
851 9
568 41
752 41
151 41
425 41
657 41
655 41
227 41
646 34
798 41
418 41
417 41
731 41
351 41
846 37
226 41
357 41
215 41
46 37
438 9
117 41
84 41
766 41
296 41
716 41
545 41
773 41
816 41
448 41
616 41
404 41
283 41
280 41
274 41
373 41
596 41
126 9
454 34
533 41
51 37
736 41
588 41
267 37
420 41
839 41
461 41
659 41
386 41
553 9
35 41
302 41
260 41
572 41
458 41
606 41
276 41
862 41
819 41
863 41
109 41
531 37
451 41
672 41
813 34
256 41
378 41
375 9
284 37
612 41
611 41
172 41
667 41
173 37
241 41
584 41
627 41
523 41
789 41
193 41
631 41
273 41
441 41
54 41
832 38
194 41
356 37
69 34
14 41
228 41
587 41
845 41
841 41
558 9
512 41
340 41
113 41
842 41
395 34
562 41
95 41
741 41
564 41
144 41
323 41
344 41
642 41
94 34
757 38
266 37
303 41
549 34
157 41
445 41
359 41
489 41
293 38
704 41
703 41
291 41
474 41
619 41
162 41
63 9
382 38
66 41
261 37
132 41
68 41
392 41
263 41
155 41
371 37
52 41
535 41
530 37
220 41
554 41
390 41
559 41
98 41
12 41
248 9
251 37
381 41
486 37
818 34
254 37
72 41
811 41
170 9
602 41
459 41
781 34
666 41
31 41
160 37
36 41
318 41
145 41
651 37
40 41
713 34
140 41
350 34
409 41
198 34
472 41
664 41
447 41
721 9
137 34
82 41
221 41
362 9
405 41
517 41
61 41
398 41
701 9
843 37
301 41
467 41
436 37
833 41
102 34
235 9
487 41
243 9
470 41
262 34
806 41
70 41
315 9
326 34
749 41
581 41
408 34
253 41
379 41
311 41
383 41
753 41
123 41
755 41
807 34
124 34
648 41
803 41
178 41
49 41
591 41
561 41
342 8
343 41
626 34
714 9
349 41
791 41
790 41
187 41
209 41
621 41
604 41
275 9
165 41
364 41
30 41
166 41
681 41
206 34
782 37
543 34
455 41
27 41
607 41
522 41
788 34
857 9
116 41
188 34
792 41
687 41
683 37
665 41
796 37
566 37
838 41
399 41
590 41
801 9
504 41
490 41
339 41
239 41
141 34
708 34
335 41
327 41
673 41
814 34
675 34
671 37
134 9
709 34
200 41
641 41
674 37
65 37
644 41
252 41
663 41
125 41
42 41
138 41
638 6
738 9
805 41
341 41
97 9
156 41
135 41
10 9
503 41
305 37
443 9
360 37
469 41
440 41
653 41
59 37
184 41
414 41
413 37
513 41
471 41
688 41
710 41
630 41
295 41
812 41
518 41
624 34
216 41
83 8
214 41
62 41
58 41
660 41
478 41
668 34
524 34
680 41
450 41
476 41
289 41
run time cost of algorithm DRT_AG is 0.008374seconds
