199300 97 18
62 12
90 12
81 12
65 12
124 12
9 12
0 12
118 34
102 12
34 12
54 12
123 12
80 12
104 12
55 12
41 12
33 34
76 12
122 12
83 34
46 12
45 12
136 12
16 12
3 12
111 34
6 12
30 34
35 12
85 34
12 34
7 12
20 12
11 12
52 12
129 12
86 12
64 12
5 34
101 12
63 12
2 12
53 12
23 12
106 12
28 12
25 12
109 34
97 12
113 12
56 12
14 12
10 12
32 12
24 12
135 12
120 12
31 12
38 12
77 12
67 12
132 34
27 12
19 12
96 12
91 34
1 0
13 12
69 12
44 12
127 12
130 12
40 12
75 12
68 12
71 12
100 0
121 0
43 12
39 0
110 12
131 0
47 34
21 0
117 34
82 0
59 12
128 12
84 12
88 0
108 12
73 12
57 12
134 0
114 0
119 0
42 12
8 12
58 12
60 0
133 0
94 12
93 0
22 0
50 12
115 12
78 0
125 0
26 34
61 0
87 12
66 0
15 12
107 0
18 0
49 12
37 12
72 0
4 12
103 12
112 12
95 12
74 0
51 0
105 12
99 12
126 0
89 12
17 0
36 0
79 0
92 0
116 1
98 0
48 34
29 12
70 12
run time cost of algorithm DRT_BD is 0.010929seconds
