1466200 161 49
38 9
146 34
229 9
250 9
113 9
301 9
201 34
223 9
238 9
118 6
262 9
70 9
12 9
105 9
49 9
78 9
68 9
29 9
270 9
101 9
276 9
121 9
69 9
298 9
205 34
251 9
64 9
236 9
232 9
87 9
224 9
202 9
32 9
213 9
157 9
219 9
171 9
133 9
156 9
80 9
122 9
289 9
42 9
239 9
102 9
234 9
197 9
181 9
139 9
138 9
23 9
126 9
277 34
246 9
192 9
26 9
50 9
112 9
194 9
162 9
241 9
259 6
60 9
94 9
54 9
6 9
217 9
282 9
285 9
187 9
125 9
0 9
3 6
45 9
159 9
81 9
260 9
47 9
279 9
79 9
82 9
37 9
16 9
30 9
293 9
268 34
174 9
231 9
227 9
233 9
226 9
111 9
164 9
199 34
55 9
249 9
61 6
269 6
127 6
93 9
41 34
131 9
214 9
15 9
13 9
149 9
230 9
76 9
130 6
210 9
185 9
303 9
53 6
72 9
91 9
265 9
158 9
148 9
278 9
193 9
218 9
176 9
313 9
261 6
11 9
108 6
153 9
77 9
7 9
39 9
228 9
31 9
263 34
256 9
36 9
297 6
221 6
48 9
195 9
4 9
134 9
52 9
235 9
119 6
144 9
46 9
100 6
243 9
63 9
9 9
75 9
254 9
114 9
103 9
225 9
92 9
17 9
292 9
141 9
14 9
191 9
237 9
129 9
273 9
142 9
28 9
89 9
59 9
104 9
264 9
196 9
258 9
296 9
288 9
66 34
311 9
198 9
73 34
116 9
115 9
173 9
244 9
20 9
266 9
255 9
306 10
203 9
117 6
25 9
71 9
150 9
309 9
22 9
299 9
220 9
222 9
97 9
245 9
132 6
178 9
177 9
83 9
62 9
161 9
135 9
305 9
35 34
302 9
110 9
85 9
180 6
168 9
2 9
188 6
10 34
212 6
86 9
294 9
166 9
284 9
167 9
123 9
183 9
189 6
272 9
160 9
96 6
286 9
84 9
107 9
67 9
18 9
33 9
152 6
216 9
151 9
312 9
163 6
56 6
74 9
124 9
280 9
184 9
1 6
204 9
248 9
247 6
154 9
98 9
211 34
34 9
291 9
44 9
8 9
147 9
307 9
175 9
172 6
95 9
186 9
182 9
65 9
257 9
19 9
209 34
207 9
253 9
310 9
43 9
170 9
271 6
137 9
40 9
304 6
190 9
295 9
27 9
215 9
179 9
99 6
88 34
140 6
90 6
240 34
275 9
128 9
155 6
206 9
252 6
145 9
208 34
5 6
274 6
51 9
109 9
308 9
169 34
120 9
281 9
267 9
136 9
300 6
21 9
24 9
165 34
283 34
57 6
143 9
58 9
106 9
287 9
290 9
242 6
200 9
run time cost of algorithm DRT_AG is 0.001282seconds
