1905600 97 15
44 3
322 3
149 3
294 3
73 3
65 3
204 3
83 3
213 3
192 3
234 3
120 3
96 3
139 3
243 3
85 3
13 3
121 3
125 3
228 3
17 3
175 3
206 3
91 3
246 3
160 3
251 3
222 3
49 3
28 3
261 3
255 3
172 3
74 3
80 3
145 3
45 3
58 34
267 3
210 3
187 3
306 3
105 3
0 3
303 3
236 3
108 3
137 3
299 3
148 3
75 3
29 3
186 3
129 3
141 3
276 3
279 3
111 3
324 3
98 3
59 34
273 3
170 3
256 3
118 3
258 3
20 3
268 3
259 3
8 3
86 3
54 3
114 3
131 3
280 3
72 3
242 3
41 3
103 3
56 3
317 3
24 3
144 3
62 34
249 3
4 3
193 3
168 3
173 34
310 3
318 3
319 3
37 3
77 3
296 3
290 3
285 3
183 3
156 3
69 3
297 3
82 3
33 3
112 3
277 3
95 3
53 3
158 3
78 3
325 3
5 3
298 3
215 3
171 3
1 3
314 3
207 34
122 3
229 3
21 3
201 3
18 3
165 3
316 3
16 3
240 3
32 3
270 3
309 3
286 3
110 3
127 3
252 3
63 3
67 3
271 3
19 34
313 3
202 3
220 3
93 3
46 3
284 3
79 3
50 3
128 3
176 34
3 3
194 3
30 3
146 34
51 3
140 34
52 3
205 3
39 3
291 3
126 3
272 3
153 3
9 3
195 3
43 3
212 3
225 3
55 3
226 3
47 3
143 3
282 3
218 3
6 3
109 3
119 3
177 3
15 3
22 3
230 3
260 3
152 3
281 3
66 3
278 3
90 34
40 3
269 3
257 3
14 3
161 3
227 3
237 3
27 3
132 3
189 3
25 3
304 3
219 3
307 3
211 34
163 3
197 3
76 3
162 3
169 3
221 3
216 34
138 3
61 3
217 3
60 3
241 3
244 3
164 3
266 3
214 3
198 3
70 3
157 3
107 3
199 3
196 3
253 3
87 3
100 3
11 3
106 3
320 3
265 3
130 34
224 3
142 3
94 3
188 3
34 3
264 3
203 34
293 3
200 3
274 3
184 3
185 3
48 34
235 3
321 3
7 3
102 3
81 3
167 3
99 3
245 3
181 3
247 34
248 3
135 3
179 3
133 3
115 3
154 3
92 3
2 3
23 3
31 3
117 3
305 3
10 3
295 3
287 3
89 34
12 3
113 3
231 3
84 3
68 3
36 3
289 34
233 34
35 3
150 3
134 3
42 3
275 3
223 3
97 0
71 0
26 3
182 34
238 0
308 3
123 3
151 0
254 3
288 3
263 3
301 0
250 3
64 3
300 3
116 3
174 3
190 3
166 3
312 3
311 0
178 3
315 0
57 3
191 3
124 3
262 3
209 3
104 3
180 3
147 3
232 3
136 34
101 34
159 3
88 3
208 3
38 0
292 3
283 3
302 3
155 3
323 3
239 0
run time cost of algorithm DRT_BD is 0.056703seconds
