2543200 97 14
269 48
230 48
333 48
196 48
334 48
39 34
174 48
232 48
243 48
68 48
353 48
336 48
209 48
423 48
370 48
22 34
111 48
71 48
69 48
43 34
179 48
398 48
214 48
14 34
165 48
237 48
238 48
364 48
250 48
303 48
192 34
385 48
100 48
275 48
51 48
328 48
173 48
38 48
241 48
378 48
23 48
84 48
372 48
120 48
91 48
26 48
405 48
296 48
283 48
138 48
324 48
314 48
75 48
126 48
388 48
77 48
244 48
149 48
5 34
417 48
163 48
404 48
54 48
194 48
64 34
145 48
284 48
118 48
371 48
341 48
380 48
166 48
249 48
252 48
254 48
36 48
186 48
251 48
236 48
187 48
221 48
105 48
13 48
85 48
197 48
93 34
384 48
10 48
281 48
227 48
31 48
97 48
316 48
414 48
63 34
335 48
240 48
107 48
162 48
141 48
104 34
343 48
345 48
288 34
408 48
28 48
159 48
72 48
306 34
347 48
387 48
395 48
401 48
58 48
56 48
308 48
245 48
234 48
52 48
9 48
332 48
46 48
15 48
361 48
400 48
293 48
19 48
383 48
300 48
30 48
359 48
201 48
246 48
247 48
42 48
319 48
255 48
87 48
189 48
66 48
204 34
115 48
418 48
80 48
277 48
307 34
274 48
416 48
338 48
3 48
393 48
402 48
287 48
219 34
273 48
158 48
8 48
81 48
156 48
60 48
61 48
139 48
305 48
262 48
379 48
413 48
1 48
132 48
128 48
29 48
329 48
317 34
213 48
170 48
256 34
112 48
346 48
272 48
161 48
35 48
415 48
89 48
280 48
299 48
265 48
323 48
248 48
239 48
119 48
122 48
368 48
130 48
4 48
147 48
421 48
294 48
160 34
65 48
212 48
270 48
412 48
411 34
101 48
48 48
17 48
140 48
171 48
320 48
95 48
331 48
360 48
199 48
116 48
146 48
362 34
172 48
206 48
190 48
342 48
41 48
292 48
282 48
301 48
6 48
397 48
164 48
21 48
18 48
389 48
27 48
386 48
113 48
117 48
33 48
261 48
344 48
322 48
47 48
2 48
207 48
114 48
374 48
178 48
45 48
358 48
326 48
216 48
184 48
129 48
223 48
350 48
82 48
375 48
349 48
297 48
11 48
304 48
285 48
200 48
131 48
396 48
337 48
406 34
202 48
88 48
177 48
62 48
311 48
356 48
208 48
37 48
220 48
102 48
121 48
259 48
50 48
127 48
153 48
263 48
67 48
135 48
203 48
233 48
228 48
106 48
264 48
53 48
70 48
260 48
83 48
195 48
258 34
313 48
73 48
191 0
32 48
183 48
86 48
424 48
167 48
419 48
363 48
348 48
354 48
142 48
235 48
109 48
185 48
407 48
182 48
225 48
257 48
34 34
278 48
410 48
340 48
211 48
24 48
210 48
152 48
25 48
134 48
215 48
339 48
76 48
78 48
377 0
392 48
175 48
79 48
302 48
365 48
124 48
399 0
198 48
55 48
98 48
181 48
295 48
253 48
330 48
193 48
425 48
222 0
155 48
12 34
229 48
391 48
108 48
271 48
357 48
309 48
123 48
310 48
312 48
16 48
242 48
369 34
318 48
291 48
286 48
376 34
289 48
44 34
103 48
218 48
180 48
420 0
59 48
217 48
298 48
321 48
169 48
325 0
205 48
351 48
422 48
94 48
150 0
226 48
188 48
20 48
0 48
168 48
90 48
266 48
394 48
276 48
366 48
7 48
136 48
49 48
268 48
154 48
390 48
110 48
327 48
92 48
157 48
382 0
290 48
352 48
315 48
403 48
231 0
144 48
57 48
176 48
148 0
96 0
267 48
143 48
137 48
133 48
125 48
151 48
367 0
409 48
74 0
373 48
355 48
381 48
99 48
224 48
279 48
40 48
run time cost of algorithm DRT_BD is 0.105582seconds
