2015600 109 68
58 34
119 34
394 34
433 34
142 1
62 34
338 34
27 34
381 34
481 34
496 34
18 34
504 34
233 34
514 34
368 1
395 34
12 34
362 1
404 34
10 34
258 41
267 34
93 34
361 34
349 34
275 34
340 34
464 34
305 34
69 34
434 34
152 1
153 34
3 34
182 34
478 34
353 34
424 34
199 34
245 34
217 34
243 34
134 34
365 34
50 34
518 34
24 34
0 34
118 34
120 34
128 34
110 34
402 34
148 34
531 34
11 34
269 34
294 34
440 34
313 34
432 34
320 34
439 34
46 34
321 34
66 1
550 34
544 34
347 34
463 34
297 34
154 34
288 1
103 34
176 34
535 34
270 34
429 34
185 34
355 41
201 41
209 34
83 1
220 34
223 34
232 41
520 41
529 34
497 34
85 34
249 34
427 41
530 34
322 34
260 34
191 34
488 41
26 34
539 1
408 34
366 41
126 34
32 34
257 34
495 34
196 34
188 34
75 34
282 34
370 34
536 34
541 34
345 34
391 34
385 34
278 41
359 34
371 34
548 1
384 34
189 41
532 34
409 1
279 41
262 34
146 34
515 41
230 41
252 34
491 34
459 34
468 34
486 34
238 34
109 34
136 34
242 34
236 1
460 34
131 34
55 1
426 41
364 34
171 34
145 34
323 34
38 34
423 34
255 34
15 34
274 41
104 34
225 34
521 34
222 34
156 34
289 34
71 41
397 34
43 41
218 34
309 34
553 34
112 41
443 41
327 34
231 34
344 34
200 34
215 34
346 34
356 34
339 41
214 34
369 41
317 34
314 41
554 41
540 41
228 41
498 34
205 34
183 34
73 34
489 34
84 34
187 41
280 41
406 34
449 34
412 34
417 41
81 34
149 34
195 41
250 34
253 34
447 34
254 34
411 34
283 34
471 41
479 34
285 34
157 24
206 41
292 34
506 34
401 34
8 34
300 34
113 34
383 41
363 34
555 34
341 41
97 8
212 34
382 34
507 41
290 41
117 34
53 41
193 34
551 41
310 34
454 34
351 34
5 41
318 34
455 34
127 34
482 41
516 34
42 34
334 41
174 34
332 34
328 34
287 34
80 41
114 34
259 41
208 34
503 34
263 34
360 8
82 41
95 34
485 41
161 34
442 34
21 1
7 34
418 41
303 34
304 34
70 34
158 34
475 34
343 34
57 41
549 41
510 34
22 34
37 34
296 34
121 34
47 34
469 34
34 34
512 24
167 34
462 34
390 34
130 1
277 8
545 34
190 1
124 34
483 34
451 41
186 41
96 8
414 24
41 34
430 34
184 34
472 34
235 34
61 41
422 34
517 41
420 34
164 34
79 41
337 34
392 24
389 34
484 34
480 8
396 34
239 34
241 41
281 41
99 1
227 34
552 34
87 41
16 1
513 34
527 34
403 34
319 34
102 41
375 34
357 34
523 41
168 34
151 34
9 34
466 34
330 34
352 8
98 34
419 41
60 34
298 1
137 34
372 34
194 34
116 34
88 1
29 41
407 34
65 34
453 34
165 1
31 41
272 34
20 34
367 41
63 41
316 41
160 24
204 41
377 1
133 34
374 34
538 34
203 34
331 34
56 34
197 41
534 8
51 34
244 34
123 41
273 34
13 34
410 34
315 41
505 34
492 34
425 34
143 41
175 34
33 34
108 41
501 34
78 34
147 41
350 34
229 41
237 34
59 34
170 41
219 34
155 34
150 34
179 34
48 34
23 41
72 41
111 41
358 1
6 34
502 41
276 34
2 41
437 34
265 34
393 41
528 1
543 1
487 34
198 41
247 34
537 34
107 34
181 24
354 8
240 41
224 41
138 34
91 34
526 34
301 34
192 34
386 34
106 41
92 34
378 34
533 41
476 34
416 41
465 34
40 34
28 34
67 41
461 34
49 1
166 41
325 41
248 41
144 34
172 34
141 34
398 34
448 34
438 41
159 41
435 41
77 34
271 41
132 41
35 34
431 41
473 34
30 1
329 41
333 34
335 34
14 1
261 41
39 34
44 34
76 34
511 34
311 41
467 41
299 41
246 34
477 41
19 41
202 1
324 41
546 34
140 34
86 41
64 34
94 34
163 34
376 34
405 1
221 34
100 24
373 34
74 24
256 34
413 34
105 41
542 41
474 34
284 24
216 34
139 34
115 1
135 34
226 34
457 34
547 34
234 41
4 41
268 24
445 41
293 34
307 41
436 34
178 34
36 34
428 34
493 24
522 41
173 41
342 34
169 34
509 34
162 34
399 34
500 8
90 34
210 41
458 24
452 41
295 41
180 34
306 34
336 34
68 34
525 34
52 1
524 41
400 41
177 41
326 41
213 34
291 34
519 34
17 24
415 34
456 41
348 34
54 41
470 34
380 24
312 41
129 34
308 34
266 34
450 34
122 24
444 1
499 34
45 34
302 41
125 41
101 34
286 24
446 41
508 34
441 41
264 34
251 41
379 34
89 34
494 41
207 41
421 34
1 41
387 41
388 41
25 34
211 34
490 34
run time cost of algorithm DRT_BD is 0.210746seconds
