555400 170 42
354 34
2 25
344 25
303 25
278 9
91 9
233 34
119 25
59 25
84 41
337 25
311 41
296 9
199 25
193 25
170 25
27 41
164 25
140 25
86 34
312 25
17 9
98 25
103 41
108 9
133 25
357 25
322 25
276 25
242 25
184 9
121 25
202 25
219 9
258 25
348 34
3 25
185 25
195 25
323 25
57 25
179 25
150 25
339 9
203 25
197 9
162 25
299 25
253 25
139 25
212 41
225 25
37 25
244 25
79 25
158 25
148 25
306 9
177 25
308 25
9 25
63 25
7 9
272 25
326 25
35 25
235 25
341 34
95 25
50 25
137 9
135 25
207 25
126 25
90 25
24 9
112 34
330 25
251 34
215 25
279 41
70 25
187 25
5 41
234 25
268 25
22 25
142 25
283 25
68 25
101 41
319 25
188 25
347 41
240 9
44 25
120 25
92 25
19 25
232 25
305 25
43 34
54 25
245 25
134 25
116 25
16 34
128 25
144 25
237 9
175 9
154 25
20 41
127 9
213 25
216 25
78 25
316 41
329 25
201 25
141 41
41 25
152 25
58 25
196 25
192 34
76 25
300 25
143 25
94 9
93 34
254 9
355 25
247 41
252 34
62 34
194 25
151 41
88 25
310 41
115 34
14 25
335 34
302 41
189 34
307 25
172 25
186 9
36 25
107 25
353 25
180 34
56 25
285 41
292 9
87 25
250 25
246 41
15 41
47 25
248 25
161 25
314 25
328 9
317 25
327 25
298 41
223 9
64 25
346 25
26 25
102 25
208 25
290 41
82 25
55 34
241 34
321 34
45 25
301 41
286 25
238 34
183 34
257 6
97 41
224 25
220 25
13 34
168 25
318 25
138 25
149 25
277 9
352 9
333 25
117 34
289 25
165 41
159 25
304 25
25 25
106 34
288 9
29 25
40 25
28 25
39 25
332 41
200 34
111 25
118 25
214 25
48 25
52 25
181 41
284 34
61 25
182 25
255 9
351 25
190 34
104 34
269 25
273 25
173 25
209 25
100 41
99 9
313 25
211 41
174 25
334 34
338 25
71 25
191 9
80 25
226 34
11 25
264 25
262 25
85 41
282 41
74 25
274 25
110 34
131 25
167 25
281 9
295 41
249 25
260 25
8 41
239 25
124 25
49 41
132 25
171 41
130 9
0 9
23 25
123 9
75 34
230 25
33 34
169 25
236 25
65 25
125 34
266 25
31 25
109 25
51 25
228 25
320 9
343 9
309 9
163 25
96 25
221 25
218 34
146 25
198 25
261 25
243 25
105 25
275 41
77 25
217 25
270 8
6 25
265 25
157 25
293 25
136 25
259 25
60 34
4 25
67 41
206 9
315 41
42 25
294 41
153 41
18 25
342 25
72 41
83 9
256 25
30 25
34 25
178 41
222 25
166 41
32 25
280 34
227 41
349 41
38 25
324 25
205 34
287 41
356 25
1 9
10 34
21 25
204 25
325 25
129 25
331 9
345 25
231 25
336 25
297 34
73 41
113 25
122 9
160 41
210 25
155 25
263 25
147 25
145 41
81 25
12 41
176 25
291 25
46 6
114 25
89 25
340 41
267 41
271 25
66 25
53 25
229 25
69 25
350 25
156 41
run time cost of algorithm DRT_AG is 0.001885seconds
