3663200 120 26
502 41
189 25
135 25
236 25
341 34
794 25
374 25
816 34
387 25
408 34
424 25
776 41
457 25
82 25
484 25
765 25
496 25
146 25
870 25
527 34
559 25
569 25
573 41
594 25
843 34
720 9
616 25
840 25
636 25
711 25
707 25
832 25
949 25
33 34
153 25
163 25
187 25
197 25
686 25
675 25
2 25
703 25
42 25
668 25
910 25
239 9
241 25
255 25
312 25
644 25
332 25
945 25
801 25
352 25
417 25
421 9
443 41
477 25
487 34
849 25
90 9
850 25
690 25
21 25
687 25
533 25
805 25
673 41
220 25
223 41
128 9
275 25
894 25
752 41
116 25
493 25
488 25
301 34
642 25
478 34
356 25
107 25
372 25
405 25
878 41
389 25
828 25
87 25
431 25
721 25
92 25
434 25
693 25
454 25
155 25
423 25
26 25
86 25
98 25
9 25
400 25
394 41
775 25
724 25
463 34
175 25
700 9
470 25
212 25
623 25
718 25
727 25
48 25
663 25
526 25
525 25
754 25
231 25
232 25
235 25
653 9
645 25
122 34
247 25
652 25
900 25
3 25
518 25
523 25
734 25
290 25
926 25
221 9
723 25
309 25
771 25
602 9
368 25
529 25
726 25
773 25
166 25
8 25
922 25
10 9
585 25
781 25
0 25
148 34
300 25
795 34
118 34
895 25
786 25
111 25
345 25
106 25
748 34
395 25
422 25
920 25
429 41
739 25
440 25
728 25
244 25
243 25
242 25
168 25
954 41
876 41
497 25
868 25
222 25
174 25
522 25
543 25
554 25
204 25
914 25
58 25
601 25
190 25
628 25
216 25
638 25
52 25
808 25
835 25
152 25
659 25
271 25
343 25
358 25
606 25
751 41
371 25
600 25
375 41
591 25
903 25
580 25
433 25
437 25
956 9
722 25
577 25
207 25
240 25
550 25
548 25
452 25
288 25
708 25
696 9
541 25
475 25
481 34
500 25
704 25
515 25
519 25
32 41
140 34
863 25
906 25
30 25
862 25
292 25
297 9
184 25
891 25
464 9
139 25
546 34
788 25
547 25
450 9
446 25
444 41
626 25
124 25
912 25
338 25
54 25
353 25
203 25
845 25
93 25
743 25
427 25
425 25
590 25
94 25
57 25
404 9
40 25
676 25
376 25
383 25
260 41
259 25
384 25
158 25
399 25
747 25
364 25
679 25
732 34
821 25
615 25
827 25
683 25
760 25
177 25
308 25
114 25
453 25
455 41
859 25
79 25
228 9
291 25
134 25
479 25
854 25
556 25
575 25
200 25
65 25
532 25
598 25
803 25
193 25
473 34
664 25
462 25
678 41
905 34
449 25
685 25
253 25
709 25
162 25
750 25
144 25
370 9
363 41
817 41
108 25
351 41
347 25
898 41
339 25
337 25
783 25
784 25
211 25
373 25
96 9
248 25
176 25
688 41
323 25
412 25
410 34
28 41
892 25
942 25
316 25
810 25
445 25
273 25
20 25
402 41
451 25
19 34
458 25
257 41
461 25
393 25
929 25
129 25
261 25
381 25
380 25
305 25
791 41
483 25
307 25
842 41
136 25
915 25
517 25
957 25
428 25
796 25
706 25
170 25
613 25
320 25
490 25
183 25
416 41
861 41
60 41
938 25
245 25
756 34
293 41
311 25
889 9
133 25
919 41
888 34
901 25
328 25
682 41
182 25
472 41
564 25
12 9
596 25
1 25
256 25
85 25
660 34
314 41
313 41
340 41
774 41
825 41
138 41
932 34
812 41
897 9
741 34
571 41
180 41
936 41
603 41
471 41
772 41
790 41
779 41
377 41
406 41
584 34
646 41
409 41
871 41
486 34
534 41
759 41
714 37
266 41
562 41
691 41
694 41
215 41
75 41
151 41
501 34
357 41
72 41
249 34
766 41
172 37
697 34
317 41
588 41
198 37
814 41
789 41
595 41
97 41
63 41
846 41
336 41
137 41
586 41
553 41
524 41
270 41
14 41
121 34
770 41
310 41
448 41
545 34
279 41
572 41
614 37
127 41
510 41
508 41
674 41
730 41
839 41
946 41
53 9
570 41
503 41
629 41
735 34
119 41
581 41
499 41
793 41
386 41
940 9
361 41
749 37
560 41
792 41
819 41
485 41
80 41
755 9
104 41
787 41
283 41
539 41
145 41
593 41
324 34
695 41
587 41
890 41
489 34
157 34
491 41
710 41
286 41
680 41
299 41
268 34
619 41
632 41
583 41
883 34
509 41
396 9
101 41
113 41
813 41
670 9
669 25
579 25
43 41
909 34
226 41
512 9
513 41
618 41
143 41
280 41
767 41
495 41
359 41
350 41
238 41
848 41
169 41
857 41
716 41
818 9
438 41
918 41
436 41
923 41
294 41
46 41
419 41
476 41
420 41
641 41
156 41
847 41
50 9
47 41
120 41
149 41
531 41
69 41
71 41
494 41
648 41
666 41
875 41
233 41
125 41
318 41
880 37
278 34
702 38
413 41
881 34
401 41
161 41
366 41
354 41
768 41
335 41
777 41
684 41
285 41
820 41
100 41
284 9
729 41
45 41
558 41
733 41
304 41
391 41
390 41
315 41
498 41
738 41
385 41
322 41
823 41
469 41
902 41
262 41
56 38
165 34
13 41
952 41
540 34
762 37
70 41
665 41
109 9
267 41
941 41
865 41
68 41
599 41
467 34
907 41
536 41
295 41
604 41
798 37
712 37
99 41
360 41
951 41
126 41
899 41
841 41
132 41
692 41
829 41
378 41
736 41
782 41
511 41
737 34
867 41
474 41
73 34
209 41
411 41
321 41
742 41
824 9
330 34
210 41
617 41
933 37
681 37
306 41
635 37
917 41
637 34
492 41
38 41
348 41
953 9
482 41
147 41
296 41
605 41
83 41
804 41
908 41
355 41
625 41
403 37
649 9
884 41
654 41
392 9
937 34
142 41
807 41
822 41
916 41
414 41
662 41
131 41
194 41
195 41
764 41
667 41
130 41
349 41
346 41
671 9
84 41
11 41
31 9
250 41
698 41
934 37
333 41
6 41
551 41
911 37
5 41
439 9
246 34
206 9
851 41
379 41
521 34
367 37
836 41
281 41
4 41
800 41
677 41
925 41
432 41
430 37
639 37
150 41
62 37
831 41
303 41
76 41
607 41
705 41
181 41
769 41
254 41
418 41
650 41
877 41
873 41
555 41
651 41
342 41
331 37
582 41
943 37
656 9
815 9
329 41
7 41
319 41
542 38
809 41
415 41
171 41
67 41
855 41
608 41
885 41
456 41
561 38
447 37
633 37
689 41
630 41
568 41
16 41
740 41
930 41
893 41
505 41
624 41
514 41
435 41
178 41
382 41
837 41
802 34
516 41
179 37
34 41
64 41
948 38
426 37
904 9
631 34
44 34
834 41
661 41
201 9
886 41
658 41
717 34
167 37
217 41
334 41
924 41
199 41
589 38
344 41
22 34
647 41
860 38
214 41
224 41
219 41
833 34
25 41
657 41
852 41
15 41
164 41
196 41
549 9
227 41
715 34
49 41
927 41
365 41
188 37
866 34
369 41
699 41
276 41
388 41
88 41
563 41
105 41
958 41
55 41
622 41
442 41
36 38
117 41
935 41
287 41
213 41
959 41
520 41
874 41
18 41
37 41
780 9
778 38
39 41
761 41
530 41
947 41
544 41
858 41
745 41
557 37
939 41
882 41
89 41
398 41
103 41
928 41
123 41
672 41
574 37
592 41
274 41
913 37
218 41
234 41
252 41
263 41
264 41
265 41
610 41
269 9
896 41
640 41
192 41
887 37
397 41
173 41
567 41
931 41
81 9
459 41
744 41
465 41
552 41
59 41
51 37
538 34
537 41
466 9
758 41
17 37
528 37
362 34
869 41
506 41
507 41
504 41
23 41
955 9
468 37
24 41
535 41
27 41
35 41
950 41
61 41
441 41
77 41
95 41
102 41
713 41
480 9
327 37
830 41
112 34
141 41
160 41
634 37
289 41
205 41
229 38
838 9
237 41
251 41
844 41
621 41
620 41
643 34
258 34
799 41
806 41
609 41
597 9
856 37
277 41
29 41
460 41
757 37
944 41
746 41
202 41
879 41
78 41
826 41
91 34
853 41
302 41
921 37
811 41
576 37
110 37
326 41
115 41
701 41
578 37
325 41
154 41
159 41
566 37
655 41
185 41
725 41
186 37
191 41
407 34
731 34
74 41
66 41
612 37
298 9
282 34
753 41
41 41
208 41
763 41
785 41
565 34
627 41
225 38
230 41
864 41
872 41
272 41
797 9
611 41
719 41
run time cost of algorithm DRT_AG is 0.009979seconds
