3856400 97 16
0 0
1 0
2 0
3 0
4 0
5 34
6 0
7 0
8 0
9 0
10 0
11 0
12 0
13 0
14 0
15 0
16 0
17 0
18 0
19 0
20 0
21 0
22 0
23 0
24 0
25 0
26 0
27 0
28 0
29 0
30 0
31 0
32 34
33 0
34 0
35 0
36 34
37 0
38 0
39 0
40 0
41 0
42 0
43 0
44 1
45 0
46 34
47 0
48 0
49 0
50 0
51 0
52 0
53 0
54 0
55 1
56 0
57 0
58 0
59 0
60 0
61 0
62 0
63 34
64 0
65 0
66 1
67 0
68 0
69 0
70 1
71 34
72 0
73 0
74 0
75 0
76 1
77 0
78 0
79 0
80 0
81 0
82 0
83 0
84 0
85 0
86 0
87 0
88 0
89 0
90 1
91 0
92 0
93 0
94 0
95 0
96 0
97 0
98 0
99 0
100 0
101 0
102 1
103 0
104 0
105 1
106 0
107 0
108 0
109 0
110 0
111 34
112 1
113 0
114 0
115 0
116 0
117 0
118 0
119 1
120 0
121 0
122 0
123 0
124 0
125 0
126 0
127 0
128 0
129 0
130 0
131 34
132 0
133 1
134 0
135 0
136 1
137 0
138 0
139 0
140 0
141 0
142 0
143 0
144 0
145 0
146 1
147 0
148 1
149 1
150 0
151 1
152 0
153 34
154 0
155 1
156 0
157 34
158 0
159 1
160 34
161 0
162 0
163 34
164 0
165 0
166 0
167 0
168 0
169 0
170 0
171 0
172 1
173 0
174 1
175 1
176 0
177 0
178 0
179 0
180 0
181 0
182 0
183 0
184 0
185 0
186 0
187 0
188 1
189 0
190 0
191 1
192 0
193 0
194 0
195 0
196 1
197 0
198 1
199 0
200 0
201 0
202 0
203 0
204 0
205 0
206 34
207 0
208 1
209 0
210 0
211 0
212 0
213 0
214 1
215 1
216 0
217 34
218 0
219 1
220 0
221 0
222 34
223 0
224 1
225 0
226 0
227 34
228 0
229 0
230 0
231 0
232 0
233 0
234 0
235 34
236 1
237 1
238 0
239 1
240 0
241 1
242 0
243 0
244 0
245 0
246 0
247 0
248 1
249 0
250 0
251 0
252 0
253 0
254 0
255 0
256 0
257 0
258 34
259 0
260 0
261 0
262 0
263 0
264 0
265 0
266 0
267 0
268 0
269 0
270 0
271 0
272 0
273 0
274 0
275 0
276 0
277 0
278 1
279 0
280 34
281 0
282 0
283 0
284 0
285 0
286 0
287 0
288 0
289 0
290 1
291 0
292 0
293 1
294 0
295 0
296 0
297 1
298 0
299 0
300 0
301 0
302 0
303 0
304 0
305 0
306 0
307 1
308 0
309 34
310 0
311 0
312 1
313 1
314 0
315 0
316 0
317 0
318 0
319 0
320 0
321 0
322 0
323 1
324 0
325 0
326 0
327 1
328 0
329 0
330 1
331 0
332 0
333 1
334 0
335 1
336 0
337 0
338 0
339 34
340 0
341 0
342 0
343 1
344 1
345 1
346 0
347 0
348 0
349 0
350 1
351 1
352 0
353 1
354 1
355 0
356 0
357 0
358 0
359 0
360 0
361 1
362 0
363 1
364 0
365 0
366 0
367 0
368 1
369 0
370 0
371 1
372 0
373 1
374 0
375 34
376 0
377 34
378 0
379 1
380 1
381 0
382 0
383 1
384 0
385 0
386 0
387 1
388 0
389 1
390 0
391 34
392 0
393 0
394 0
395 0
396 0
397 0
398 0
399 0
400 0
401 1
402 0
403 0
404 1
405 1
406 1
407 34
408 0
409 0
410 0
411 0
412 0
413 0
414 0
415 1
416 1
417 0
418 0
419 0
420 1
421 0
422 0
423 1
424 1
425 0
426 0
427 0
428 0
429 0
430 1
431 0
432 0
433 0
434 1
435 0
436 1
437 0
438 0
439 1
440 0
441 0
442 0
443 0
444 0
445 0
446 0
447 0
448 0
449 0
450 0
451 1
452 0
453 1
454 1
455 0
456 0
457 0
458 1
459 0
460 0
461 0
462 0
463 0
464 0
465 0
466 0
467 1
468 1
469 0
470 0
471 0
472 0
473 1
474 1
475 0
476 0
477 0
478 0
479 0
480 0
481 1
482 0
483 0
484 0
485 0
486 1
487 1
488 0
489 0
490 34
491 0
492 1
493 0
494 1
495 1
496 0
497 34
498 1
499 0
500 1
501 1
502 1
503 1
504 0
505 0
506 0
507 0
508 0
509 0
510 0
511 0
512 1
513 0
514 1
515 0
516 1
517 0
518 0
519 0
520 0
521 34
522 0
523 34
524 0
525 0
526 0
527 1
528 1
529 34
530 1
531 0
532 2
533 0
534 0
535 34
536 0
537 2
538 0
539 0
540 0
541 0
542 0
543 0
544 0
545 1
546 34
547 0
548 1
549 34
550 0
551 1
552 0
553 0
554 1
555 0
556 1
557 0
558 0
559 0
560 0
561 0
562 1
563 34
564 0
565 2
566 0
567 0
568 1
569 0
570 0
571 2
572 0
573 0
574 0
575 0
576 0
577 0
578 1
579 0
580 34
581 0
582 1
583 0
584 1
585 1
586 2
587 0
588 0
589 0
590 0
591 0
592 0
593 1
594 1
595 0
596 0
597 1
598 1
599 0
600 0
601 1
602 0
603 0
604 0
605 1
606 0
607 1
608 2
609 1
610 0
611 0
612 0
613 0
614 0
615 1
616 1
617 0
618 0
619 2
620 1
621 1
622 0
623 2
624 1
625 0
626 0
627 0
628 0
629 0
630 0
631 1
632 1
633 1
634 1
635 2
636 0
637 0
638 0
639 0
640 1
641 0
642 0
643 0
644 0
645 1
646 1
647 1
648 0
649 0
650 1
651 0
652 0
653 0
654 0
655 0
656 0
657 0
658 0
659 1
660 0
661 1
662 0
663 1
664 0
665 1
666 1
667 1
668 0
669 0
670 1
671 0
672 0
673 0
674 0
675 1
676 0
677 0
678 0
679 0
680 1
681 0
682 0
683 0
684 1
685 0
686 1
687 0
688 0
run time cost of algorithm SM_CTP is 0.606317seconds
