2666800 109 70
0 41
1 41
2 41
3 41
4 41
5 41
6 41
7 34
8 41
9 41
10 41
11 41
12 41
13 41
14 41
15 41
16 41
17 41
18 41
19 41
20 41
21 41
22 41
23 41
24 41
25 41
26 41
27 41
28 34
29 41
30 41
31 41
32 41
33 0
34 34
35 41
36 41
37 41
38 41
39 0
40 41
41 41
42 41
43 0
44 41
45 34
46 0
47 41
48 41
49 41
50 41
51 41
52 41
53 41
54 41
55 41
56 34
57 41
58 41
59 41
60 41
61 41
62 41
63 41
64 34
65 34
66 41
67 41
68 41
69 41
70 34
71 41
72 34
73 41
74 41
75 41
76 41
77 34
78 34
79 41
80 41
81 41
82 41
83 41
84 41
85 41
86 41
87 41
88 41
89 41
90 41
91 41
92 41
93 34
94 41
95 41
96 34
97 41
98 41
99 41
100 41
101 41
102 41
103 41
104 41
105 41
106 41
107 41
108 41
109 41
110 41
111 41
112 41
113 41
114 41
115 41
116 41
117 41
118 41
119 41
120 41
121 41
122 41
123 41
124 34
125 41
126 41
127 41
128 41
129 41
130 41
131 41
132 41
133 41
134 41
135 41
136 41
137 41
138 41
139 34
140 41
141 34
142 41
143 41
144 41
145 41
146 34
147 34
148 0
149 41
150 41
151 41
152 41
153 41
154 41
155 41
156 34
157 41
158 41
159 41
160 41
161 41
162 34
163 41
164 34
165 41
166 41
167 41
168 34
169 0
170 41
171 34
172 41
173 41
174 41
175 41
176 41
177 41
178 41
179 34
180 34
181 0
182 41
183 41
184 41
185 0
186 41
187 41
188 41
189 41
190 41
191 41
192 41
193 41
194 41
195 41
196 34
197 34
198 41
199 41
200 41
201 41
202 41
203 41
204 41
205 41
206 41
207 41
208 41
209 41
210 34
211 41
212 41
213 34
214 41
215 41
216 41
217 41
218 41
219 34
220 41
221 34
222 41
223 41
224 0
225 41
226 41
227 41
228 0
229 41
230 41
231 41
232 34
233 41
234 41
235 41
236 34
237 41
238 41
239 41
240 41
241 41
242 0
243 41
244 41
245 41
246 41
247 34
248 0
249 41
250 41
251 41
252 41
253 34
254 41
255 41
256 41
257 41
258 41
259 41
260 41
261 41
262 0
263 41
264 41
265 41
266 41
267 41
268 0
269 41
270 0
271 34
272 41
273 41
274 41
275 41
276 41
277 41
278 0
279 41
280 41
281 0
282 41
283 41
284 41
285 41
286 41
287 34
288 41
289 41
290 41
291 34
292 41
293 41
294 41
295 0
296 41
297 0
298 41
299 41
300 41
301 41
302 41
303 41
304 41
305 41
306 41
307 41
308 41
309 41
310 34
311 34
312 41
313 41
314 34
315 34
316 41
317 41
318 41
319 41
320 41
321 41
322 34
323 41
324 41
325 41
326 34
327 41
328 41
329 41
330 41
331 41
332 34
333 41
334 41
335 41
336 34
337 41
338 0
339 41
340 41
341 41
342 0
343 41
344 41
345 34
346 41
347 41
348 41
349 34
350 34
351 41
352 41
353 41
354 34
355 8
356 34
357 41
358 41
359 41
360 41
361 41
362 41
363 0
364 34
365 0
366 41
367 41
368 41
369 34
370 41
371 41
372 41
373 34
374 41
375 34
376 34
377 41
378 41
379 41
380 41
381 0
382 41
383 34
384 41
385 41
386 34
387 41
388 41
389 41
390 34
391 41
392 34
393 41
394 41
395 41
396 34
397 34
398 41
399 41
400 41
401 41
402 41
403 0
404 41
405 0
406 34
407 34
408 41
409 41
410 41
411 41
412 41
413 41
414 41
415 8
416 41
417 34
418 41
419 41
420 34
421 41
422 41
423 41
424 34
425 41
426 34
427 41
428 34
429 41
430 34
431 41
432 34
433 41
434 41
435 34
436 41
437 41
438 41
439 41
440 41
441 41
442 41
443 41
444 0
445 41
446 41
447 41
448 41
449 41
450 34
451 34
452 34
453 41
454 41
455 41
456 34
457 41
458 41
459 34
460 41
461 34
462 41
463 41
464 34
465 0
466 41
467 0
468 41
469 0
470 41
471 41
472 41
473 41
474 41
475 34
476 41
477 41
478 41
479 24
480 41
481 41
482 41
483 41
484 34
485 41
486 41
487 41
488 41
489 41
490 34
491 41
492 0
493 41
494 41
495 24
496 41
497 41
498 34
499 41
500 41
501 41
502 41
503 41
504 41
505 41
506 41
507 41
508 41
509 41
510 41
511 41
512 41
513 41
514 34
515 41
516 41
517 41
518 41
519 34
520 41
521 41
522 8
523 34
524 41
525 41
526 41
527 41
528 0
529 34
530 0
531 0
532 34
533 34
534 34
535 34
536 41
537 41
538 41
539 34
540 34
541 41
542 41
543 41
544 41
545 41
546 34
547 34
548 34
549 41
550 41
551 34
552 41
553 34
554 8
555 41
556 41
557 41
558 41
559 41
560 34
561 34
562 34
563 41
564 24
565 34
566 41
567 41
568 34
569 41
570 34
571 34
572 41
573 41
574 41
575 34
576 0
577 34
578 41
579 34
580 34
581 41
582 41
583 34
584 0
585 41
586 41
587 24
588 24
589 41
590 41
591 41
592 34
593 41
594 41
595 41
596 41
597 34
598 41
599 41
600 34
601 41
602 41
603 41
604 41
605 41
606 41
607 34
608 41
609 41
610 41
611 41
612 41
613 34
614 41
615 41
616 41
617 24
618 41
619 41
620 0
621 34
622 41
623 41
624 41
625 41
626 41
627 34
628 41
629 0
630 41
631 41
632 34
633 41
634 41
635 41
636 41
637 34
638 41
639 34
640 41
641 41
642 41
643 41
644 41
645 34
646 41
647 34
648 34
649 34
650 34
651 41
652 41
653 41
654 34
655 41
656 34
657 41
658 41
659 0
660 41
661 34
662 41
663 41
664 34
665 34
666 34
667 34
668 34
669 41
670 34
671 34
672 41
673 34
674 0
675 34
676 24
677 34
678 34
679 24
680 24
681 34
682 34
683 34
684 34
685 34
686 34
687 34
688 34
689 34
690 34
691 0
692 34
693 34
694 34
695 34
696 24
697 24
698 34
699 34
700 34
701 34
702 34
703 34
704 34
705 34
706 34
707 34
708 0
709 34
710 34
711 24
712 0
713 34
714 34
715 34
716 34
717 34
718 34
719 24
720 34
721 34
722 34
723 34
724 34
725 0
726 34
727 8
728 34
729 34
run time cost of algorithm SM_CTP is 2.36274seconds
