1126100 161 47
196 9
278 9
280 9
665 9
44 9
256 9
687 34
690 9
227 9
37 9
467 9
334 9
352 9
34 9
88 9
770 9
443 9
402 9
742 9
647 9
408 9
747 34
172 9
282 9
620 9
150 9
594 9
537 9
455 9
79 9
164 9
312 9
716 9
790 9
777 9
319 9
229 9
10 9
358 9
495 9
717 9
521 9
291 9
89 9
4 9
399 9
187 9
104 9
413 9
49 34
405 9
421 9
273 9
645 9
2 9
287 34
617 9
185 9
378 9
767 9
107 9
100 9
542 34
655 9
255 9
780 9
161 9
16 9
754 9
148 34
419 9
649 9
237 9
91 9
707 9
697 9
228 9
69 9
423 9
679 9
368 34
245 34
253 9
160 9
766 9
208 9
560 34
538 9
635 9
29 9
458 9
548 9
553 9
727 9
70 9
451 9
261 9
47 9
550 9
213 9
812 9
731 6
268 9
559 9
165 9
712 9
669 9
474 6
798 9
109 9
135 9
202 9
579 9
55 9
696 9
813 9
667 9
41 9
728 9
362 9
597 9
366 9
11 6
329 9
391 9
783 9
244 9
795 9
309 9
527 9
189 9
806 9
729 9
454 9
457 6
535 9
38 9
216 34
406 9
820 9
511 9
283 9
179 9
313 9
762 9
145 9
384 9
404 9
718 9
238 9
610 9
440 9
586 9
207 9
578 9
226 9
262 9
528 9
486 9
480 9
134 9
101 9
632 9
638 9
103 9
733 34
736 9
327 9
168 9
771 9
284 9
472 34
0 6
411 9
217 9
248 6
249 9
7 6
600 9
276 34
564 9
708 9
714 34
302 9
479 9
470 9
469 9
341 9
369 9
379 9
748 9
751 9
111 9
497 9
166 9
456 9
167 9
331 9
316 9
82 9
297 9
293 9
598 34
603 9
258 9
614 9
628 9
146 34
221 9
218 9
634 9
156 9
671 9
122 9
195 6
373 9
532 9
688 9
246 9
464 9
433 9
240 9
753 6
105 9
557 9
35 9
190 9
360 34
354 9
523 9
367 9
599 9
222 9
233 9
381 9
192 9
492 6
612 34
46 9
206 9
775 34
76 9
243 9
219 9
539 9
630 9
706 6
1 9
365 9
132 9
699 9
752 9
163 9
395 9
764 34
732 9
25 9
758 9
658 9
491 9
760 9
668 9
533 9
530 9
613 9
191 9
12 9
624 9
692 9
60 9
40 9
177 9
604 9
337 9
234 9
683 9
637 9
778 34
626 9
481 9
428 9
660 9
308 9
86 9
463 9
722 9
72 9
350 9
661 9
310 9
355 9
695 9
587 9
589 9
62 9
345 9
343 9
18 6
374 9
573 9
194 9
791 9
115 9
175 9
57 9
734 9
657 9
804 9
746 9
125 6
519 9
785 9
59 9
473 9
534 9
241 9
94 9
673 34
437 6
68 9
375 9
666 9
425 9
441 9
664 9
819 9
546 9
710 34
809 9
251 9
330 9
394 9
380 9
726 9
65 9
768 34
295 9
200 9
320 9
139 9
629 9
299 9
277 9
576 9
61 9
318 9
496 9
279 9
24 9
565 9
737 9
738 9
507 9
516 34
514 34
500 34
786 6
508 9
48 9
58 9
698 9
361 9
389 9
794 9
650 9
755 9
197 9
396 9
431 9
304 9
28 9
77 9
621 9
782 9
170 9
45 9
403 9
340 9
524 9
281 9
757 9
750 9
382 9
8 9
322 9
715 9
759 34
344 9
625 9
815 9
390 9
142 9
442 9
807 9
305 9
201 9
138 9
252 9
713 9
580 9
400 9
744 9
506 9
285 9
311 9
656 6
499 6
554 9
230 9
694 6
653 9
364 6
675 6
676 9
56 9
595 9
763 9
112 9
808 9
816 9
494 34
205 9
805 9
569 9
432 34
686 34
561 6
482 9
342 9
143 9
803 34
232 9
797 9
19 9
84 9
435 9
136 9
623 9
788 9
672 9
188 9
73 9
601 9
124 9
120 9
549 6
306 9
749 9
677 9
505 9
357 9
735 9
608 9
471 9
513 9
810 9
618 9
674 9
128 9
347 9
774 9
488 9
52 6
701 9
415 9
536 9
477 9
147 9
236 9
581 9
98 9
552 9
6 9
544 9
531 9
654 9
743 9
648 9
301 9
315 9
15 9
113 9
719 9
800 6
631 34
570 6
434 34
633 9
254 9
67 9
110 9
151 9
606 9
131 9
607 9
292 9
445 9
269 9
611 9
526 9
363 9
652 9
32 9
87 34
504 9
401 9
314 6
566 9
250 9
33 34
274 9
271 9
512 9
799 34
476 9
644 9
102 34
689 9
427 9
17 9
605 9
351 34
461 9
787 9
383 34
26 9
118 9
371 9
818 9
436 9
117 34
78 9
63 9
225 9
133 6
501 9
348 9
324 9
74 9
210 6
211 9
779 9
416 9
593 9
289 9
574 6
685 9
547 6
106 9
224 9
71 9
563 9
353 9
588 34
144 9
85 9
162 9
43 34
484 9
242 9
711 9
522 9
693 9
141 9
591 9
509 9
776 9
116 9
568 9
489 9
814 9
646 9
130 34
465 6
231 9
50 9
298 9
453 9
452 9
64 9
153 9
801 9
447 9
288 9
426 34
359 9
155 9
571 6
468 9
393 34
83 34
247 9
720 9
518 9
520 9
615 9
335 9
417 9
449 9
478 9
114 9
596 9
42 6
817 9
525 9
36 9
20 9
92 9
490 9
387 6
338 9
723 6
119 34
5 9
212 9
183 6
540 9
651 6
127 9
13 9
93 9
796 9
448 6
517 9
204 9
572 9
180 9
66 9
639 9
126 9
264 6
662 9
339 9
215 34
459 9
724 6
793 9
214 9
9 9
123 9
137 9
392 9
704 9
397 6
356 9
257 9
802 9
567 6
260 9
14 9
39 6
438 34
272 9
460 9
462 9
407 6
450 9
286 9
398 9
475 9
332 9
741 9
636 9
420 9
556 9
220 9
203 9
769 9
270 9
328 9
422 34
173 34
485 9
659 9
709 9
199 9
502 9
498 9
678 34
725 9
555 9
466 9
627 9
129 9
96 9
739 9
745 9
446 9
781 9
182 9
27 34
691 34
325 9
388 34
761 9
721 9
81 9
140 9
582 9
235 9
377 9
75 34
702 9
703 9
154 9
376 9
346 9
510 9
370 9
412 9
323 9
424 9
681 9
266 6
789 9
95 6
157 9
336 9
333 34
51 9
575 6
386 34
108 9
171 9
583 6
198 9
209 9
193 9
592 9
640 9
493 9
97 9
184 9
54 9
619 34
90 9
705 6
622 9
430 9
562 9
740 9
730 6
290 9
186 9
670 9
682 9
296 9
541 9
643 9
503 34
772 6
152 9
577 9
31 9
515 6
409 6
641 6
585 9
178 6
418 9
99 34
602 6
174 9
300 34
3 6
765 6
223 9
483 9
275 9
349 6
642 6
584 6
543 9
773 9
326 9
756 9
529 34
263 9
487 6
267 9
23 6
444 9
22 9
410 9
439 9
663 9
53 6
30 9
429 6
680 9
307 9
684 9
792 9
590 9
321 9
700 9
158 9
239 9
558 6
80 6
414 9
385 9
545 9
551 6
149 9
259 34
159 9
294 6
372 9
265 9
609 9
811 9
616 9
169 9
317 9
303 9
181 9
21 9
176 9
784 9
121 9
run time cost of algorithm DRT_AG is 0.007666seconds
