2806800 120 30
453 34
132 25
544 25
136 25
617 41
708 9
374 25
156 25
356 25
351 25
253 25
794 25
620 25
70 25
445 25
240 25
500 25
446 25
675 41
51 25
772 25
481 25
205 25
42 9
35 25
475 25
779 25
317 25
511 25
279 25
314 25
170 25
727 25
737 25
258 9
683 25
565 25
370 25
323 34
212 9
211 25
297 25
707 34
61 25
344 9
125 25
714 25
380 25
399 25
455 25
524 25
29 25
333 25
454 25
580 25
419 25
588 9
142 34
669 25
59 9
379 25
22 25
376 25
738 25
121 25
763 9
321 25
79 41
215 41
310 25
34 25
313 25
301 25
134 25
74 34
362 25
549 25
397 41
643 25
199 34
382 25
130 25
63 9
266 25
490 25
57 25
146 25
710 25
178 41
179 25
709 25
792 9
606 25
330 25
496 25
198 25
260 25
7 25
762 25
409 25
384 25
626 25
386 25
368 25
461 25
474 25
655 25
728 25
761 34
76 9
281 25
403 9
278 25
603 25
290 9
596 25
298 34
502 25
520 34
36 25
522 25
778 25
547 34
210 25
665 25
324 9
385 25
127 25
204 34
203 25
326 25
458 25
343 25
718 25
177 25
69 25
756 25
137 9
140 25
269 9
473 25
587 25
221 25
654 25
467 41
584 25
88 25
548 41
38 25
207 25
545 25
327 41
235 25
116 25
532 41
457 25
798 25
157 9
637 25
15 25
339 25
601 41
499 25
551 9
77 25
604 25
412 25
287 25
373 41
546 25
10 25
12 25
359 25
713 25
280 25
624 25
534 25
271 25
805 25
432 9
80 9
387 34
523 25
404 9
123 25
666 25
150 25
673 25
392 25
435 25
422 25
750 9
796 9
193 25
501 25
54 25
595 25
441 25
83 25
671 25
795 25
411 41
44 25
704 25
19 25
777 25
407 25
375 25
452 25
304 25
575 25
167 9
96 25
533 25
630 25
526 25
391 34
747 25
393 25
346 25
477 25
609 25
315 41
30 25
13 25
72 25
228 34
715 25
682 25
646 25
388 25
427 25
590 25
145 25
531 34
381 25
371 25
559 25
528 25
335 25
189 25
348 25
107 25
250 34
525 25
181 25
447 25
402 9
787 25
174 25
574 25
578 41
349 34
194 25
529 25
619 25
9 25
769 25
705 25
259 41
771 25
309 25
605 25
124 25
273 25
378 25
1 41
583 25
579 41
247 9
720 25
503 25
582 25
790 25
201 25
200 25
783 25
614 25
31 25
256 25
331 25
39 25
196 25
679 25
176 25
443 25
530 25
721 25
639 25
90 25
118 25
232 25
303 25
414 25
239 25
97 9
400 25
238 41
591 25
236 25
100 25
104 25
744 9
543 25
732 25
426 25
242 25
597 34
537 25
644 25
711 25
558 9
352 25
765 25
647 25
268 25
53 9
37 41
607 25
274 25
657 25
206 25
509 25
664 25
267 25
325 25
319 25
14 25
328 25
16 25
670 41
220 41
17 25
468 34
466 25
758 25
600 25
190 9
431 25
430 25
418 25
300 25
302 25
652 25
115 25
589 25
725 41
723 41
226 25
561 25
360 25
169 25
98 25
353 25
5 25
791 25
692 25
484 25
507 25
469 25
768 9
289 25
695 41
291 25
364 25
563 41
94 34
184 25
699 25
102 25
108 25
109 25
398 25
734 25
153 41
731 25
390 25
389 25
131 25
716 9
494 25
166 25
659 25
608 25
672 41
482 25
254 41
284 9
567 25
497 25
249 25
117 25
264 25
786 25
413 34
594 25
459 34
706 25
555 25
460 25
41 25
158 25
702 9
736 25
234 41
311 34
332 41
550 41
163 41
593 41
312 41
581 41
45 41
217 41
569 41
148 41
55 41
345 41
576 41
93 41
420 41
292 41
450 41
621 41
712 9
539 41
126 41
448 41
764 41
749 41
186 41
229 41
781 41
67 41
434 41
85 9
760 41
755 41
629 41
442 9
479 41
192 41
508 41
21 41
752 34
86 41
87 41
634 41
361 41
541 41
748 41
58 41
766 41
416 41
415 41
610 41
350 41
770 41
746 34
101 41
568 34
677 41
149 41
613 41
225 41
347 41
195 41
552 41
586 41
492 41
470 41
257 41
780 34
32 41
463 34
462 41
510 41
52 41
64 41
75 41
336 41
438 41
698 41
566 41
171 41
241 34
406 41
110 41
395 41
638 41
681 41
377 41
173 41
2 41
540 41
806 41
342 41
340 41
322 41
598 34
611 41
20 41
562 41
656 41
396 41
417 41
506 9
26 41
668 34
697 41
56 41
160 41
62 9
154 41
437 41
139 41
73 41
517 9
138 41
717 34
451 41
465 41
573 41
464 41
651 9
742 41
89 41
491 34
68 9
577 34
3 41
489 41
286 9
263 41
429 41
248 41
246 41
696 34
628 37
690 41
676 34
197 41
636 41
40 41
784 41
667 41
408 41
405 9
649 41
658 41
785 41
788 41
222 41
208 41
224 41
202 9
694 41
47 41
103 41
255 41
560 41
472 41
486 41
8 41
66 41
514 41
358 34
592 41
141 41
440 41
753 41
341 41
120 41
164 41
493 34
214 9
740 41
91 41
751 41
512 41
135 41
444 41
476 41
161 41
318 41
48 41
688 41
775 41
183 9
185 41
188 41
421 41
43 41
495 41
483 41
283 41
800 41
0 41
191 34
471 41
739 41
95 41
733 41
730 41
122 41
439 41
355 41
275 41
433 41
11 41
700 41
536 41
478 9
685 34
678 41
28 41
27 41
261 41
618 41
218 9
252 41
295 41
642 41
640 34
369 41
231 9
237 41
635 9
556 41
25 41
633 41
363 41
152 34
599 41
436 41
627 9
797 34
105 41
703 41
625 41
527 41
106 41
793 41
505 34
337 37
645 41
735 41
365 41
648 41
687 34
128 41
572 34
366 9
84 41
4 9
367 41
92 41
799 37
401 41
6 41
660 41
24 41
662 41
663 41
782 41
112 34
564 9
357 34
285 34
49 41
60 41
498 41
305 41
535 41
674 41
251 41
653 41
612 34
773 41
182 41
650 41
180 41
338 41
518 41
282 41
615 41
680 41
553 41
516 34
759 41
425 41
774 41
168 41
119 41
538 41
46 41
307 41
306 41
187 41
227 41
423 41
789 41
320 41
233 41
804 9
294 37
113 41
296 41
616 37
50 41
767 9
383 41
144 41
155 41
488 41
803 41
334 41
265 41
162 41
689 41
316 41
686 41
722 41
684 41
802 41
456 41
175 41
262 41
424 41
631 41
542 41
801 9
480 41
33 41
661 9
554 41
504 41
557 41
372 41
245 41
570 41
745 41
244 41
743 41
99 41
741 9
691 41
354 41
729 9
519 41
114 41
299 41
82 41
602 41
276 41
81 34
78 41
272 41
270 41
719 41
622 41
487 41
513 34
23 41
133 41
623 41
485 34
147 41
151 41
159 41
632 41
243 41
641 41
693 41
571 41
172 41
776 41
230 41
209 41
213 41
223 41
394 41
219 41
216 41
410 34
165 41
428 41
701 41
143 41
449 41
65 9
515 41
18 41
71 41
129 41
757 41
754 41
277 41
724 41
288 41
293 41
726 41
308 34
585 41
329 41
111 41
521 41
run time cost of algorithm DRT_AG is 0.006654seconds
