2372600 161 42
392 25
88 34
2 25
375 25
408 25
407 25
76 25
378 25
500 25
667 25
631 41
108 25
503 25
115 25
356 34
122 25
59 25
294 25
638 25
459 25
170 25
650 34
329 25
422 25
390 25
434 25
26 25
411 41
529 25
276 25
214 25
613 41
475 25
204 25
284 25
430 25
545 25
287 25
363 25
289 25
67 25
182 25
506 25
507 25
382 25
137 34
487 25
384 25
48 25
56 25
480 25
448 25
161 25
163 25
158 25
578 34
660 25
172 25
574 34
509 25
659 25
351 25
522 25
381 25
232 25
230 25
293 25
186 25
471 25
666 25
104 25
472 25
630 25
654 25
377 25
201 25
539 25
3 41
374 25
437 41
211 25
311 25
435 25
222 41
282 25
120 25
86 25
626 25
543 25
410 25
136 41
593 25
536 34
213 25
526 25
598 25
64 25
308 25
228 41
229 25
484 9
299 25
254 25
15 25
455 25
457 9
564 25
324 25
428 25
440 34
663 9
586 25
190 25
605 9
231 25
66 25
547 25
277 25
427 25
202 25
616 6
224 25
184 25
372 25
640 41
615 25
594 41
461 25
210 25
387 25
18 25
40 25
143 25
366 25
119 25
273 34
395 25
416 25
601 25
133 9
195 25
550 34
479 41
32 25
490 25
322 25
515 25
617 25
264 25
16 34
269 25
642 25
30 25
266 25
662 9
432 9
406 34
285 34
541 25
39 25
315 25
268 25
146 25
257 41
164 25
297 25
187 9
110 25
300 25
238 25
646 25
396 25
444 25
173 25
116 25
217 25
310 25
597 25
309 25
582 25
584 25
523 25
216 25
357 25
313 25
112 25
349 34
153 25
96 25
160 25
591 9
135 41
8 25
90 25
199 25
55 25
495 25
397 41
54 25
394 25
93 9
290 25
367 25
261 25
71 41
103 25
339 41
70 25
105 9
534 34
610 25
244 25
155 9
438 25
580 25
519 41
393 25
452 25
25 25
449 34
179 25
566 41
573 25
354 41
338 25
493 25
446 25
478 25
599 41
496 25
453 25
53 41
368 25
504 41
612 25
259 25
417 41
237 25
169 25
585 25
181 25
656 41
129 25
208 25
33 6
581 25
632 41
513 25
248 41
657 41
462 25
649 41
81 25
36 9
218 25
79 9
347 25
639 41
489 25
661 25
648 25
655 25
399 25
468 41
24 25
265 25
61 25
450 41
150 25
621 25
11 9
154 41
404 25
256 41
464 25
111 25
89 41
252 25
567 25
127 9
280 34
488 9
156 25
538 9
669 41
12 25
418 25
499 41
35 41
41 41
77 9
628 25
505 25
99 25
512 25
102 25
602 34
128 25
298 25
240 9
350 41
485 25
592 9
576 25
168 41
327 25
320 25
348 25
424 34
255 41
527 25
441 41
312 25
352 25
518 25
275 25
239 34
668 41
139 9
637 25
385 25
614 25
336 25
323 25
159 41
521 25
286 25
658 41
183 41
83 25
78 25
361 9
514 25
555 38
42 25
442 25
553 25
283 25
14 25
147 25
425 34
498 25
473 25
68 25
62 25
635 25
194 25
6 25
227 25
73 25
141 34
653 25
532 25
596 41
123 25
423 41
121 25
31 25
1 25
607 25
629 25
401 41
267 25
246 25
171 41
373 25
221 25
28 25
439 25
618 25
670 41
98 25
409 25
365 25
414 25
234 25
524 25
74 25
520 25
379 25
590 25
447 25
560 34
303 9
288 25
157 41
340 34
651 41
386 34
151 34
451 41
620 25
142 25
502 25
38 25
57 25
343 34
570 25
23 25
305 25
326 25
589 34
552 41
608 25
7 25
611 34
192 25
317 25
205 41
260 41
531 25
152 25
0 41
466 25
9 25
17 41
19 41
34 25
307 25
274 41
511 25
233 25
45 25
644 9
223 41
388 25
80 25
383 25
193 25
189 41
91 25
188 41
92 25
563 25
97 41
100 25
565 34
364 41
174 41
117 25
542 25
132 41
162 41
603 41
353 25
571 9
569 25
345 25
177 25
109 9
180 25
433 25
431 25
619 25
624 25
540 25
65 25
421 25
235 25
241 25
420 25
272 25
328 25
43 41
400 41
314 25
131 25
467 25
321 25
458 25
470 34
456 41
220 25
575 41
140 25
215 25
87 25
572 25
402 25
445 9
22 25
279 34
535 25
537 41
359 25
126 41
376 25
291 25
106 25
413 25
107 41
191 41
27 25
281 25
482 9
481 25
21 25
13 25
664 25
318 25
587 25
84 25
44 41
380 41
262 41
4 41
82 25
249 41
460 25
583 25
212 25
508 38
486 34
5 25
245 25
551 37
10 25
554 25
75 41
443 25
391 9
474 34
606 34
436 25
114 25
296 25
101 25
29 25
494 25
604 25
337 25
342 34
178 25
85 34
419 41
301 25
207 25
562 25
206 25
360 25
330 25
558 41
292 41
198 25
568 41
556 25
501 25
306 25
403 25
625 9
69 41
636 41
144 25
623 25
454 41
196 41
52 25
557 41
370 25
203 25
185 25
600 41
492 41
652 25
125 25
530 41
219 25
528 25
271 25
302 25
134 41
51 9
47 25
49 9
426 25
389 25
60 41
643 25
148 25
295 25
335 9
253 41
149 34
58 25
166 41
145 25
577 25
398 41
588 25
175 25
634 25
176 25
516 25
331 25
627 25
226 25
622 25
465 41
491 25
333 25
371 25
546 25
476 25
415 25
334 25
477 41
20 25
548 34
559 25
325 41
304 25
544 25
251 41
355 9
50 41
94 41
561 25
258 25
124 41
243 25
533 41
138 41
633 25
225 34
358 25
165 25
497 25
405 41
332 25
463 25
72 25
517 41
316 41
665 25
525 41
167 25
37 25
46 25
579 25
647 25
118 25
645 41
483 25
369 25
200 25
641 25
250 25
510 41
263 41
247 25
63 41
270 41
242 41
236 41
429 25
278 25
209 25
95 41
197 25
609 41
549 25
113 25
362 9
412 41
341 25
344 25
595 25
130 25
319 34
469 25
346 34
run time cost of algorithm DRT_AG is 0.005754seconds
