1437100 98 17
0 0
1 0
2 0
3 0
4 0
5 0
6 0
7 0
8 0
9 0
10 0
11 0
12 34
13 0
14 0
15 34
16 0
17 0
18 0
19 0
20 0
21 0
22 0
23 0
24 0
25 0
26 0
27 0
28 0
29 0
30 0
31 0
32 0
33 34
34 0
35 0
36 34
37 0
38 0
39 0
40 0
41 0
42 0
43 0
44 0
45 0
46 0
47 0
48 0
49 0
50 0
51 0
52 0
53 0
54 0
55 34
56 0
57 0
58 0
59 0
60 0
61 0
62 34
63 0
64 34
65 0
66 0
67 0
68 0
69 0
70 0
71 0
72 0
73 0
74 0
75 0
76 0
77 0
78 0
79 0
80 0
81 0
82 0
83 0
84 34
85 0
86 0
87 0
88 0
89 0
90 0
91 34
92 0
93 0
94 0
95 34
96 0
97 0
98 34
99 0
100 0
101 0
102 0
103 0
104 0
105 0
106 34
107 0
108 0
109 0
110 0
111 0
112 0
113 0
114 0
115 0
116 0
117 0
118 0
119 0
120 0
121 0
122 0
123 0
124 0
125 0
126 0
127 0
128 0
129 1
130 0
131 0
132 0
133 0
134 0
135 0
136 1
137 0
138 0
139 0
140 0
141 0
142 0
143 0
144 0
145 0
146 0
147 0
148 0
149 0
150 1
151 0
152 0
153 1
154 0
155 0
156 1
157 0
158 0
159 0
160 0
161 0
162 0
163 0
164 0
165 0
166 0
167 0
168 0
169 0
170 0
171 0
172 0
173 0
174 0
175 0
176 0
177 0
178 0
179 0
180 0
181 1
182 0
183 0
184 0
185 34
186 0
187 0
188 0
189 0
190 1
191 0
192 0
193 0
194 0
195 0
196 0
197 8
198 1
199 34
200 0
201 0
202 0
203 1
204 1
205 1
206 0
207 0
208 0
209 0
210 0
211 0
212 0
213 0
214 0
215 0
216 0
217 0
218 0
219 0
220 0
221 0
222 0
223 0
224 0
225 0
226 0
227 0
228 0
229 0
230 0
231 0
232 0
233 0
234 1
235 0
236 1
237 0
238 0
239 0
240 0
241 1
242 0
243 34
244 1
245 1
246 0
247 0
248 0
249 0
250 0
251 0
252 0
253 0
254 1
255 0
256 0
257 1
258 0
259 1
260 0
261 0
262 0
263 0
264 0
265 0
266 0
267 0
268 0
269 0
270 0
271 0
272 0
273 0
274 1
275 34
276 1
277 0
278 0
279 0
280 34
281 0
282 1
283 0
284 0
285 0
286 1
287 0
288 0
289 0
290 0
291 0
292 0
293 0
294 1
295 1
296 0
297 1
298 0
299 0
300 0
301 0
302 0
303 0
304 1
305 0
306 1
307 0
308 0
309 0
310 0
311 0
312 0
313 0
314 2
315 0
316 0
317 34
318 0
319 0
320 34
321 0
322 0
323 2
324 0
325 1
326 0
327 0
328 0
329 1
330 0
331 0
332 0
333 0
334 0
335 0
336 0
337 0
338 0
339 0
340 0
341 0
342 0
343 0
344 0
345 34
346 1
347 0
348 0
349 0
350 1
351 0
352 0
353 1
354 1
355 0
356 0
357 0
358 1
359 0
360 0
361 1
362 0
363 0
364 0
365 34
366 1
367 0
368 34
369 0
370 0
371 0
372 0
373 1
374 0
375 34
376 0
377 0
378 0
379 34
380 0
381 0
382 0
383 0
384 0
385 0
386 0
387 0
388 0
389 0
390 0
391 0
392 1
393 0
394 0
395 0
396 1
397 0
398 0
399 1
400 0
401 0
402 1
403 1
404 0
405 0
406 1
407 0
408 0
409 0
410 1
411 0
412 0
413 34
414 0
415 0
416 0
417 1
418 0
419 0
420 0
421 34
422 1
423 0
424 0
425 0
426 1
427 1
428 1
429 34
430 34
431 0
432 0
433 0
434 34
435 0
436 0
437 1
438 0
439 0
440 1
441 0
442 0
443 34
444 1
445 0
446 0
447 0
448 0
449 34
450 1
451 0
452 0
453 1
454 1
455 0
456 1
457 0
458 1
459 0
460 0
461 34
462 0
463 0
464 0
465 0
466 0
467 1
468 0
469 1
470 0
471 1
472 0
473 0
474 0
475 0
476 1
477 1
478 0
479 0
480 0
481 0
482 34
483 1
484 0
485 0
486 0
487 1
488 1
489 0
490 0
491 0
492 0
493 1
494 0
495 0
496 1
497 0
498 0
499 0
500 1
501 0
502 0
503 0
504 0
505 0
506 0
507 34
508 0
509 0
510 0
511 0
512 0
513 0
514 0
515 1
516 0
517 0
518 0
519 1
520 0
521 0
522 1
523 0
524 34
525 0
526 0
527 0
528 1
529 0
530 1
531 0
532 34
533 1
534 1
535 0
536 34
537 1
538 0
539 1
540 1
541 0
542 0
543 0
544 0
545 0
546 0
547 1
548 0
549 0
550 0
551 1
552 1
553 0
554 1
555 1
556 0
557 0
558 34
559 0
560 0
561 1
562 34
563 1
564 0
565 0
566 0
567 34
568 0
569 0
570 0
571 0
572 1
573 1
574 1
575 0
576 0
577 1
578 0
579 0
580 0
581 1
582 1
583 1
584 0
585 1
586 0
587 0
588 0
589 0
590 0
591 1
592 0
593 0
594 0
595 0
596 0
597 1
598 0
599 0
600 0
601 1
602 0
603 1
604 0
605 0
606 1
607 1
608 0
609 1
610 0
611 1
612 34
613 34
614 0
615 1
616 0
617 0
618 2
619 0
620 1
621 0
622 0
623 34
624 0
625 0
626 0
627 0
628 0
629 1
630 0
631 0
632 0
633 2
634 0
635 0
636 0
637 0
638 0
639 0
640 1
641 0
642 0
643 34
644 1
645 0
646 0
647 1
648 34
649 0
650 0
651 1
652 1
653 0
654 1
655 0
656 0
657 0
658 1
659 1
660 0
661 1
662 0
663 1
664 0
665 0
666 2
667 1
668 1
669 0
670 1
671 0
672 0
673 1
674 1
675 1
676 0
677 0
678 0
679 1
680 0
681 0
682 0
683 34
684 0
685 0
686 0
687 1
688 1
689 0
690 0
691 0
692 34
693 0
694 0
695 0
696 1
697 1
698 1
699 1
700 34
701 1
702 0
703 1
704 34
705 34
706 34
707 34
708 34
709 0
710 1
711 1
712 0
713 0
714 1
715 0
716 1
717 0
718 1
719 2
720 1
721 1
722 0
723 0
724 0
725 34
726 1
727 0
728 0
729 1
730 0
731 34
732 0
733 1
734 0
735 1
736 0
737 34
738 0
739 0
740 0
741 1
742 1
743 34
744 0
745 0
746 0
747 1
748 0
749 1
750 0
751 0
752 0
753 0
754 34
755 0
756 8
757 0
758 1
759 34
760 0
761 1
762 1
763 0
764 0
765 0
766 1
767 0
768 0
769 0
770 1
771 1
772 0
773 0
774 1
775 0
776 0
777 34
778 0
779 34
780 0
781 1
782 0
783 1
784 2
785 1
786 1
787 0
788 0
789 1
790 0
791 0
792 0
793 1
794 1
795 0
796 0
797 1
798 1
799 0
800 1
801 0
802 1
803 0
804 0
805 0
806 1
807 1
808 1
809 0
810 1
811 34
812 0
813 0
814 2
815 0
816 0
817 0
818 1
819 1
820 0
821 0
822 0
823 0
824 0
825 0
826 0
827 0
828 0
829 0
830 0
831 0
run time cost of algorithm SM_CTP is 1.0345seconds
