2766400 120 53
0 29
1 34
2 29
3 29
4 29
5 29
6 29
7 29
8 34
9 29
10 0
11 29
12 34
13 29
14 34
15 29
16 29
17 34
18 29
19 29
20 34
21 29
22 29
23 29
24 34
25 29
26 29
27 34
28 34
29 34
30 34
31 29
32 29
33 29
34 29
35 29
36 29
37 29
38 29
39 29
40 29
41 29
42 29
43 29
44 29
45 29
46 34
47 34
48 34
49 0
50 0
51 29
52 29
53 29
54 34
55 29
56 34
57 29
58 29
59 29
60 29
61 29
62 29
63 0
64 29
65 29
66 29
67 29
68 29
69 29
70 29
71 29
72 29
73 34
74 34
75 29
76 29
77 29
78 29
79 34
80 29
81 29
82 29
83 29
84 29
85 34
86 29
87 29
88 34
89 34
90 34
91 29
92 34
93 29
94 29
95 29
96 29
97 29
98 29
99 29
100 29
101 29
102 29
103 29
104 0
105 29
106 29
107 29
108 29
109 34
110 29
111 29
112 29
113 29
114 29
115 34
116 29
117 29
118 29
119 29
120 29
121 29
122 29
123 29
124 29
125 29
126 29
127 29
128 29
129 29
130 29
131 29
132 34
133 29
134 29
135 29
136 29
137 29
138 29
139 29
140 29
141 29
142 29
143 29
144 34
145 29
146 29
147 29
148 29
149 29
150 29
151 29
152 29
153 34
154 29
155 29
156 29
157 29
158 29
159 34
160 29
161 29
162 29
163 29
164 29
165 29
166 29
167 29
168 34
169 29
170 34
171 34
172 34
173 34
174 29
175 29
176 29
177 34
178 29
179 29
180 34
181 34
182 34
183 29
184 29
185 29
186 34
187 29
188 0
189 34
190 34
191 29
192 29
193 34
194 34
195 34
196 0
197 29
198 29
199 34
200 29
201 29
202 29
203 29
204 0
205 29
206 29
207 34
208 29
209 0
210 29
211 29
212 29
213 34
214 29
215 29
216 29
217 29
218 29
219 29
220 29
221 29
222 34
223 29
224 34
225 29
226 34
227 29
228 34
229 29
230 29
231 29
232 34
233 29
234 29
235 29
236 29
237 29
238 29
239 29
240 29
241 29
242 0
243 34
244 34
245 34
246 29
247 29
248 29
249 29
250 29
251 29
252 29
253 29
254 29
255 34
256 29
257 34
258 29
259 41
260 34
261 34
262 29
263 29
264 29
265 0
266 0
267 29
268 34
269 29
270 29
271 29
272 34
273 29
274 34
275 34
276 34
277 34
278 29
279 29
280 41
281 29
282 29
283 34
284 29
285 29
286 29
287 34
288 29
289 29
290 34
291 29
292 34
293 29
294 34
295 29
296 29
297 29
298 34
299 29
300 29
301 29
302 29
303 29
304 29
305 29
306 29
307 29
308 29
309 29
310 29
311 29
312 34
313 29
314 29
315 34
316 29
317 34
318 34
319 29
320 29
321 29
322 29
323 29
324 29
325 34
326 34
327 29
328 29
329 29
330 29
331 29
332 29
333 29
334 0
335 34
336 29
337 29
338 29
339 29
340 34
341 29
342 34
343 29
344 29
345 29
346 34
347 29
348 0
349 34
350 29
351 29
352 34
353 29
354 29
355 29
356 34
357 29
358 29
359 29
360 29
361 34
362 29
363 29
364 29
365 29
366 29
367 34
368 0
369 34
370 29
371 29
372 29
373 29
374 34
375 29
376 29
377 29
378 29
379 29
380 29
381 29
382 29
383 29
384 29
385 29
386 34
387 34
388 29
389 29
390 29
391 0
392 34
393 29
394 34
395 34
396 34
397 29
398 29
399 29
400 29
401 0
402 29
403 29
404 29
405 34
406 29
407 29
408 29
409 29
410 29
411 29
412 29
413 34
414 0
415 29
416 34
417 29
418 34
419 29
420 29
421 29
422 34
423 29
424 34
425 34
426 29
427 0
428 29
429 34
430 29
431 29
432 29
433 34
434 29
435 29
436 29
437 29
438 34
439 34
440 29
441 29
442 0
443 29
444 29
445 29
446 34
447 41
448 29
449 34
450 29
451 0
452 29
453 29
454 29
455 0
456 29
457 34
458 34
459 29
460 29
461 34
462 29
463 29
464 29
465 29
466 0
467 34
468 29
469 29
470 29
471 34
472 34
473 29
474 29
475 29
476 34
477 29
478 34
479 29
480 29
481 0
482 34
483 34
484 29
485 29
486 29
487 29
488 34
489 0
490 29
491 29
492 29
493 29
494 34
495 29
496 34
497 29
498 34
499 41
500 34
501 29
502 29
503 29
504 34
505 29
506 34
507 29
508 29
509 29
510 29
511 8
512 34
513 29
514 29
515 34
516 29
517 34
518 34
519 34
520 29
521 29
522 29
523 34
524 29
525 34
526 29
527 29
528 29
529 34
530 34
531 29
532 0
533 29
534 34
535 29
536 29
537 29
538 29
539 29
540 1
541 29
542 29
543 29
544 34
545 34
546 34
547 29
548 29
549 29
550 34
551 29
552 0
553 29
554 34
555 29
556 29
557 34
558 29
559 29
560 29
561 34
562 29
563 29
564 29
565 29
566 34
567 34
568 34
569 29
570 29
571 34
572 29
573 29
574 34
575 34
576 29
577 29
578 29
579 29
580 0
581 29
582 29
583 29
584 34
585 29
586 29
587 34
588 34
589 29
590 29
591 29
592 29
593 29
594 34
595 34
596 29
597 29
598 34
599 34
600 0
601 34
602 0
603 29
604 34
605 34
606 29
607 29
608 29
609 29
610 29
611 29
612 29
613 29
614 29
615 34
616 29
617 34
618 29
619 29
620 34
621 29
622 34
623 0
624 34
625 29
626 41
627 29
628 34
629 34
630 29
631 34
632 41
633 29
634 34
635 34
636 34
637 29
638 29
639 29
640 0
641 34
642 29
643 29
644 29
645 0
646 29
647 29
648 29
649 0
650 29
651 29
652 34
653 29
654 29
655 0
656 29
657 29
658 29
659 34
660 34
661 34
662 29
663 29
664 34
665 0
666 34
667 0
668 29
669 34
670 34
671 29
672 29
673 29
674 29
675 0
676 41
677 29
678 29
679 29
680 29
681 34
682 0
683 29
684 29
685 34
686 34
687 29
688 0
689 0
690 29
691 29
692 34
693 29
694 29
695 34
696 34
697 29
698 34
699 29
700 29
701 29
702 34
703 34
704 29
705 29
706 0
707 0
708 34
709 29
710 29
711 29
712 29
713 29
714 34
715 29
716 29
717 29
718 0
719 34
720 29
721 29
722 29
723 34
724 34
725 29
726 34
727 29
728 0
729 34
730 29
731 41
732 34
733 29
734 34
735 34
736 34
737 29
738 29
739 29
740 29
741 29
742 29
743 0
744 34
745 29
746 34
747 34
748 34
749 29
750 29
751 34
752 34
753 41
754 29
755 29
756 41
757 29
758 29
run time cost of algorithm SM_CTP is 1.85305seconds
