754200 97 17
0 0
1 0
2 0
3 0
4 0
5 0
6 0
7 0
8 0
9 0
10 0
11 0
12 0
13 0
14 0
15 0
16 0
17 0
18 0
19 0
20 0
21 0
22 34
23 34
24 0
25 34
26 0
27 0
28 0
29 0
30 0
31 0
32 0
33 0
34 0
35 0
36 0
37 0
38 0
39 0
40 0
41 0
42 0
43 0
44 0
45 0
46 0
47 0
48 0
49 0
50 0
51 0
52 0
53 0
54 0
55 34
56 0
57 0
58 0
59 0
60 0
61 0
62 0
63 0
64 0
65 0
66 0
67 0
68 0
69 0
70 1
71 0
72 34
73 1
74 0
75 0
76 0
77 1
78 0
79 0
80 0
81 0
82 0
83 0
84 0
85 0
86 0
87 0
88 1
89 0
90 34
91 0
92 0
93 1
94 0
95 0
96 0
97 0
98 0
99 0
100 0
101 0
102 0
103 0
104 0
105 0
106 34
107 0
108 0
109 1
110 0
111 0
112 0
113 0
114 0
115 0
116 34
117 0
118 0
119 0
120 0
121 0
122 0
123 0
124 0
125 0
126 1
127 0
128 0
129 0
130 0
131 0
132 1
133 0
134 0
135 0
136 0
137 0
138 0
139 1
140 1
141 0
142 0
143 0
144 0
145 0
146 34
147 0
148 1
149 1
150 0
151 0
152 0
153 0
154 0
155 0
156 0
157 0
158 0
159 0
160 0
161 0
162 0
163 0
164 0
165 0
166 0
167 0
168 0
169 0
170 0
171 0
172 0
173 0
174 0
175 0
176 0
177 0
178 0
179 0
180 0
181 0
182 0
183 0
184 0
185 34
186 0
187 0
188 0
189 0
190 0
191 0
192 1
193 0
194 34
195 34
196 0
197 0
198 0
199 0
200 0
201 0
202 0
203 0
204 0
205 0
206 0
207 0
208 0
209 0
210 0
211 1
212 0
213 0
214 0
215 2
216 0
217 0
218 0
219 0
220 0
221 0
222 0
223 1
224 0
225 1
226 0
227 0
228 0
229 34
230 1
231 0
232 0
233 1
234 0
235 0
236 1
237 34
238 0
239 0
240 0
241 1
242 0
243 0
244 0
245 0
246 0
247 1
248 0
249 2
250 0
251 0
252 0
253 0
254 0
255 0
256 0
257 0
258 0
259 1
260 0
261 0
262 0
263 0
264 0
265 0
266 0
267 0
268 0
269 1
270 0
271 1
272 0
273 0
274 0
275 0
276 1
277 0
278 1
279 34
280 0
281 0
282 0
283 0
284 0
285 0
286 0
287 0
288 0
289 0
290 1
291 0
292 1
293 34
294 0
295 0
296 1
297 0
298 0
299 0
300 34
301 1
302 1
303 0
304 0
305 0
306 0
307 0
308 0
309 0
310 0
311 0
312 1
313 0
314 0
315 34
316 0
317 0
318 1
319 0
320 0
321 0
322 1
323 0
324 0
325 0
326 1
327 0
328 2
329 1
330 0
331 1
332 34
333 0
334 0
335 0
336 0
337 0
338 0
339 0
340 0
341 0
342 0
343 0
344 0
345 0
346 0
347 1
348 2
349 0
350 1
351 0
352 1
353 1
354 0
355 1
356 0
357 0
358 0
359 1
360 1
361 0
362 0
363 0
364 0
365 0
366 1
367 0
368 0
369 0
370 0
371 0
372 34
373 0
374 0
375 34
376 1
377 0
378 0
379 0
380 34
381 1
382 0
383 1
384 0
385 0
386 1
387 1
388 0
389 34
390 1
391 0
392 1
393 0
394 1
395 0
396 2
397 34
398 0
399 1
400 1
401 1
402 0
403 0
404 0
405 0
406 0
407 34
408 0
409 0
410 0
411 0
412 0
413 0
414 0
415 1
416 0
417 34
418 0
419 1
420 34
421 34
422 1
423 0
424 0
425 0
426 0
427 0
428 1
429 0
430 0
431 0
432 0
433 0
434 0
435 34
436 34
437 1
438 1
439 0
440 0
run time cost of algorithm SM_CTP is 0.222763seconds
