273700 170 50
44 9
194 9
95 34
30 9
29 9
9 9
51 9
2 9
75 9
182 9
138 9
173 9
113 9
203 9
143 9
109 9
28 9
19 9
177 9
150 9
58 9
27 9
166 9
163 9
53 9
174 9
171 9
13 9
148 9
18 9
158 9
68 9
16 9
1 9
187 9
100 9
93 9
165 9
77 9
73 34
101 6
32 9
42 9
8 9
49 9
104 9
66 9
160 6
64 9
46 9
15 6
191 9
146 6
57 9
178 6
114 34
136 9
120 9
71 9
3 9
195 6
72 9
157 9
34 6
24 34
181 9
10 6
54 9
35 9
190 6
207 9
40 6
170 9
168 9
99 9
183 6
154 9
161 9
103 9
206 9
140 6
76 9
67 9
78 9
180 34
84 9
91 9
124 34
121 9
61 9
106 9
176 9
116 34
62 9
108 9
60 6
186 9
156 9
96 10
97 9
145 10
199 9
141 6
59 6
132 9
130 9
151 6
164 9
88 9
86 9
134 9
162 34
82 9
117 9
92 9
107 6
80 9
142 6
47 9
131 6
125 9
169 9
197 6
119 9
81 9
55 6
48 9
65 34
11 9
128 34
36 34
74 9
63 6
23 9
56 6
201 34
25 9
193 9
172 9
192 34
185 6
26 6
135 9
90 34
149 9
184 9
179 6
5 9
202 9
159 9
39 9
17 34
127 9
118 9
175 8
188 9
7 9
50 9
41 6
45 9
115 34
94 9
189 9
52 9
198 9
21 9
204 6
205 6
98 9
196 9
208 9
133 9
110 9
83 9
33 9
87 9
4 9
105 6
20 6
38 6
144 6
129 9
122 9
85 9
200 9
153 9
152 6
139 34
111 34
79 34
70 34
43 6
147 9
126 9
112 6
14 34
123 9
89 6
22 6
155 6
137 9
69 9
37 10
102 6
167 6
6 6
0 9
31 9
12 9
run time cost of algorithm DRT_AG is 0.000752seconds
