3843600 170 28
365 25
213 25
703 25
669 25
184 25
168 25
504 25
335 25
150 25
634 25
342 25
499 25
119 25
371 25
105 25
611 41
610 25
391 25
404 25
416 25
70 25
418 25
65 34
830 25
546 25
536 9
533 25
463 25
216 41
245 25
280 25
188 25
664 25
295 34
661 25
842 25
173 9
840 34
660 25
659 9
312 25
647 41
500 25
137 25
782 25
440 25
356 25
793 25
513 25
619 25
50 25
51 25
104 25
376 25
489 25
812 25
82 25
820 25
424 25
223 25
632 25
576 25
221 25
226 25
709 9
507 25
539 25
695 41
266 25
277 25
740 25
668 25
294 25
843 25
472 25
307 25
558 9
645 25
145 25
353 25
626 34
623 25
615 25
55 25
401 25
826 25
155 25
809 25
63 25
233 25
348 25
243 41
384 25
786 25
853 41
147 25
848 41
636 41
76 25
651 25
833 9
800 25
283 25
742 25
310 25
662 25
350 25
301 25
176 25
831 41
39 25
408 25
543 25
738 25
361 41
675 25
359 25
325 25
98 25
779 25
331 41
616 25
484 25
867 25
8 25
59 41
805 25
592 25
264 25
337 25
85 25
218 25
302 9
599 9
125 9
392 25
420 25
441 25
347 25
708 25
343 25
869 25
823 25
693 25
733 25
428 34
146 25
46 34
736 41
379 25
124 41
625 25
286 25
667 25
844 25
514 25
789 41
520 25
749 41
750 25
790 25
300 25
374 25
588 25
456 9
438 25
759 41
367 34
5 25
167 25
44 25
433 25
136 41
654 25
528 25
345 25
475 25
117 25
34 34
752 41
14 25
814 9
351 25
559 25
813 25
412 25
121 25
153 25
78 41
829 25
148 25
525 41
23 25
670 25
102 25
673 25
3 34
617 25
99 25
781 41
334 25
480 25
682 25
683 9
566 25
523 25
260 25
631 41
816 25
642 25
251 25
863 25
419 25
622 25
857 25
16 25
369 25
764 25
38 25
110 25
394 25
583 34
225 25
131 25
0 34
748 41
126 25
1 41
791 25
745 25
114 25
485 25
194 9
22 25
234 25
72 25
798 25
269 25
490 25
140 41
142 25
339 25
502 41
568 25
52 41
212 25
598 25
15 41
253 9
399 41
728 9
132 25
19 25
527 25
323 25
862 25
658 25
663 25
183 41
677 25
80 25
652 25
186 25
579 25
291 25
640 25
746 25
725 41
557 25
483 25
818 25
468 25
449 25
551 9
815 25
107 25
474 41
794 25
165 25
447 25
584 25
366 25
446 25
721 41
453 25
429 34
237 25
57 25
806 9
613 25
482 25
772 25
711 41
407 34
259 25
90 41
209 25
143 25
751 25
635 25
161 25
175 25
129 25
839 25
130 25
478 25
550 25
476 9
481 25
486 34
254 41
621 25
451 25
784 25
488 34
346 34
685 25
807 25
386 25
261 25
837 9
26 25
836 25
396 25
564 25
84 9
40 25
464 25
519 9
152 25
591 25
780 25
637 25
849 25
726 25
61 34
505 25
774 25
417 41
570 41
434 34
701 25
389 25
690 9
735 25
17 41
552 41
373 25
108 25
198 25
761 25
171 25
630 9
364 25
288 41
116 25
380 25
777 25
788 41
841 25
62 41
69 25
362 41
322 25
856 25
112 25
24 25
676 25
368 25
219 34
587 25
313 9
716 25
138 25
275 25
678 25
202 25
236 9
712 9
593 25
249 41
532 34
204 25
547 25
687 41
224 25
395 25
605 25
696 25
493 41
601 41
141 25
89 25
393 25
206 25
531 25
91 25
600 9
832 41
656 41
860 25
292 9
864 25
268 41
214 41
727 41
241 41
516 41
340 41
315 41
487 9
411 41
276 41
320 41
370 41
201 41
868 38
741 41
743 41
852 41
64 41
421 41
787 41
4 41
178 37
123 41
828 41
222 25
657 41
230 41
723 41
574 41
413 41
54 41
707 41
211 41
496 41
400 9
698 41
524 41
199 41
193 41
744 41
666 41
177 41
309 41
802 34
766 34
25 41
363 41
470 41
133 41
156 41
31 41
455 41
344 9
111 41
227 41
139 41
824 41
430 41
501 41
704 41
405 41
159 41
321 37
81 41
655 41
580 34
811 9
492 41
427 41
272 41
838 41
297 9
756 41
305 41
306 41
762 41
97 9
96 34
311 41
144 41
473 41
18 41
388 41
808 41
103 38
203 41
267 41
265 41
563 41
355 41
208 41
529 41
495 41
163 41
644 41
534 41
706 41
75 41
28 34
242 41
217 41
452 41
459 41
229 41
151 37
93 41
871 34
720 41
717 41
694 9
162 41
648 41
135 41
333 41
349 41
624 41
797 41
74 41
48 41
439 34
561 41
443 41
29 41
448 41
454 41
465 41
33 41
228 9
256 41
127 41
341 41
462 41
35 41
771 41
512 41
538 8
316 9
540 41
541 36
858 41
458 41
799 9
767 41
238 41
765 41
609 41
262 41
606 37
763 41
760 41
595 41
554 41
181 41
556 41
172 41
850 41
758 41
270 41
410 9
414 41
377 41
757 41
271 41
255 41
174 41
435 41
278 41
511 41
681 41
37 41
154 41
821 37
120 41
471 41
326 41
506 41
425 34
753 41
775 34
582 34
732 41
567 41
461 41
308 41
562 9
494 41
10 41
71 41
187 41
817 38
47 41
594 41
196 37
372 41
597 41
739 41
166 41
618 37
390 34
83 41
86 41
545 41
387 41
164 41
692 41
189 37
722 41
803 41
383 41
385 41
382 41
700 9
95 41
718 41
87 41
79 41
544 41
30 41
445 41
689 41
442 38
589 37
684 41
460 37
317 41
719 9
273 41
235 34
680 34
432 41
776 41
575 34
257 41
503 37
158 41
822 9
6 41
870 34
170 41
542 41
643 41
332 41
457 41
705 41
215 41
549 41
179 41
560 41
192 34
274 41
252 41
768 37
244 38
581 41
314 41
415 41
530 41
101 41
585 41
699 41
73 41
596 41
289 41
290 41
665 41
169 41
248 41
402 41
737 41
608 41
409 41
714 41
149 37
240 41
354 41
770 41
423 9
68 41
571 41
569 41
521 41
437 37
2 41
247 41
263 41
555 41
210 37
113 41
865 34
327 34
702 41
537 41
466 9
801 41
747 41
281 41
672 41
298 34
769 41
329 41
191 41
134 41
118 41
795 34
467 34
627 41
796 41
360 41
620 37
381 41
20 38
819 41
422 41
578 38
426 34
67 41
509 41
855 41
43 37
36 9
477 9
628 37
436 41
510 41
12 41
859 41
479 41
535 34
553 37
45 41
834 41
444 34
56 41
825 41
572 41
577 41
590 41
403 41
378 37
115 41
336 41
190 41
638 41
258 41
328 41
185 41
324 37
285 41
671 41
691 41
602 9
754 41
220 41
7 41
866 38
518 38
180 37
284 41
688 41
497 41
27 41
851 41
491 41
303 41
729 34
318 41
845 41
319 41
182 41
32 34
773 41
548 41
649 9
646 41
450 37
42 41
53 41
827 41
60 9
197 41
77 41
697 41
397 41
88 41
92 41
804 41
100 41
357 41
352 41
679 41
246 41
755 34
515 37
633 41
674 41
517 9
9 41
195 41
11 41
861 41
612 41
232 41
299 41
304 41
526 41
730 41
835 37
810 41
603 41
58 38
785 41
783 41
573 41
710 9
406 41
239 34
586 41
639 41
629 41
106 41
713 34
66 9
686 37
330 34
641 41
282 38
231 34
157 41
122 41
375 41
498 37
13 41
854 41
21 37
94 37
778 37
250 41
724 41
846 34
128 41
650 9
469 41
653 41
160 34
847 37
41 41
731 41
607 9
296 41
293 37
715 41
604 41
522 38
287 37
207 38
734 41
49 41
205 9
338 41
614 34
792 34
200 37
398 41
358 41
279 41
431 41
508 9
109 41
565 41
run time cost of algorithm DRT_AG is 0.008374seconds
