4041200 120 23
317 25
52 25
186 25
312 25
280 25
268 25
23 25
210 25
334 25
58 34
225 25
231 25
331 34
187 25
14 25
16 41
242 25
108 25
267 25
219 9
80 25
31 25
78 25
144 25
239 41
301 41
118 25
126 25
230 9
290 25
125 25
72 9
6 25
5 25
169 25
43 25
253 41
168 25
293 34
181 25
330 9
117 25
322 25
162 25
357 25
213 25
192 41
324 25
132 25
261 25
337 25
215 25
102 25
91 9
20 25
373 25
73 25
70 25
90 41
228 25
249 25
372 25
291 25
112 25
9 41
352 25
294 25
209 25
289 25
50 25
342 25
363 25
174 41
24 25
309 41
308 25
305 25
0 9
340 25
113 25
87 25
241 41
339 9
161 25
320 34
321 25
61 25
53 34
7 25
97 41
271 25
222 25
164 9
184 25
150 9
173 25
368 25
176 41
119 34
338 25
193 25
194 34
45 25
51 25
76 25
182 41
153 25
94 25
115 25
138 9
4 25
326 25
288 25
79 25
1 41
121 41
190 41
47 37
46 41
234 41
315 41
63 41
257 41
85 41
165 41
245 9
55 41
349 41
21 41
74 41
296 41
248 41
286 9
299 41
276 41
211 41
8 41
199 41
252 41
367 41
304 41
62 41
32 41
278 41
345 41
171 41
348 37
41 41
67 37
65 41
335 41
100 41
178 9
265 41
33 41
254 41
134 41
177 41
218 41
160 41
356 41
128 41
42 37
350 41
2 41
250 41
149 41
122 41
358 41
28 41
34 41
129 41
270 41
292 9
10 37
148 41
212 41
22 41
163 41
124 41
206 41
359 34
283 41
364 41
66 41
227 41
71 41
156 41
155 41
75 38
131 41
139 41
185 37
167 9
282 37
260 41
68 9
264 41
235 9
365 41
35 41
295 34
216 41
158 41
316 41
258 41
323 41
281 34
203 41
60 41
313 41
343 41
59 38
362 41
279 41
314 41
69 41
172 41
297 41
27 41
263 34
329 41
95 41
221 9
18 41
303 41
360 41
116 41
374 41
255 41
98 41
180 41
275 41
306 41
88 34
19 41
318 41
13 41
147 41
191 41
140 37
101 34
202 41
226 37
135 41
196 38
247 37
246 41
207 41
370 34
82 34
269 41
57 41
240 37
107 41
11 37
284 41
157 37
327 37
195 9
223 41
244 41
336 41
25 37
256 34
355 41
274 41
287 41
142 41
328 25
54 41
366 41
319 37
84 41
189 9
262 41
110 37
266 41
64 37
159 41
179 34
89 41
188 37
3 34
341 37
105 37
106 41
133 9
214 41
99 9
170 9
175 9
369 38
83 34
201 41
56 41
200 38
146 37
152 41
232 9
92 9
353 34
208 37
130 41
143 41
310 41
26 41
277 41
12 41
371 41
347 41
104 41
154 41
346 37
233 37
111 41
48 34
302 41
243 41
123 38
311 41
220 34
217 41
298 37
204 34
332 41
300 37
49 34
39 41
354 37
29 41
141 41
237 41
96 41
198 41
344 34
151 38
137 37
333 41
307 41
40 9
17 38
197 41
37 41
44 41
38 41
375 9
145 41
361 41
238 41
127 38
81 41
136 41
86 37
120 41
224 41
251 34
15 34
272 41
273 37
77 9
325 37
205 41
229 41
30 41
103 41
109 41
36 41
285 37
114 41
351 38
93 41
166 37
183 41
236 41
259 41
run time cost of algorithm DRT_AG is 0.00209seconds
