1942800 120 47
447 25
114 25
432 25
326 25
233 25
332 25
407 25
70 25
363 41
425 25
440 34
190 25
196 25
391 25
212 25
313 25
306 9
145 25
418 41
155 25
159 25
358 25
427 25
434 25
74 25
90 25
452 25
345 25
299 25
284 25
101 34
141 34
124 25
412 25
445 25
419 25
209 25
135 25
438 25
413 9
382 25
384 25
424 25
158 41
352 25
431 25
122 25
355 41
232 25
362 25
95 25
136 25
117 25
282 25
305 34
242 34
390 25
57 9
330 25
329 25
199 25
8 25
28 25
49 34
93 25
256 25
347 25
261 25
408 25
152 25
296 25
350 25
213 25
226 25
176 25
175 25
211 25
249 25
167 25
5 25
420 25
165 25
244 25
192 25
113 25
423 25
227 9
383 25
320 41
246 25
430 25
216 25
316 25
360 25
245 25
166 25
96 25
210 25
389 25
169 41
144 34
307 25
40 25
429 25
368 25
263 25
19 25
269 41
187 41
51 25
109 25
353 25
264 25
229 25
286 25
287 25
321 25
386 34
150 25
340 25
29 25
154 25
162 9
435 25
318 25
240 25
221 25
24 25
416 25
218 25
27 25
30 9
394 25
36 25
436 41
41 41
53 25
178 25
303 25
64 25
163 25
98 25
146 25
273 25
54 25
276 25
47 25
44 25
441 34
197 25
66 25
437 34
205 25
298 25
357 25
259 34
354 25
84 25
295 25
290 41
202 25
223 25
198 25
401 25
333 25
444 25
371 25
373 9
142 25
268 25
191 25
143 34
31 41
260 25
385 25
119 25
219 34
203 9
234 25
236 25
369 25
55 41
189 25
239 25
48 25
100 25
104 34
1 9
2 25
3 25
13 25
403 25
18 25
319 25
451 25
348 34
107 25
294 25
34 25
325 25
338 25
381 25
304 25
46 25
62 25
168 25
331 25
200 25
398 25
80 25
111 25
132 25
85 25
349 25
125 25
130 25
395 34
453 25
126 41
94 25
250 25
21 9
366 9
455 34
177 41
300 25
180 25
52 25
253 25
301 25
204 25
364 41
22 25
334 9
67 25
16 9
6 25
149 25
272 25
439 25
184 25
208 25
173 25
26 25
4 25
183 25
151 25
399 25
128 25
421 25
105 25
97 25
238 25
380 25
411 41
428 25
324 25
285 25
280 41
65 41
442 25
164 25
92 34
247 41
248 25
194 41
78 25
25 25
378 34
102 25
43 41
271 9
341 25
346 25
417 25
161 25
387 34
426 25
241 25
32 34
17 41
281 25
33 25
365 34
422 25
38 25
207 25
88 25
230 25
343 41
251 25
182 25
292 25
77 25
76 25
9 41
103 25
39 41
153 25
75 25
69 41
215 9
322 25
214 25
446 25
396 25
172 25
72 25
270 25
309 25
83 25
311 9
377 41
388 25
314 41
376 25
342 25
225 25
37 25
148 25
120 25
116 9
42 25
68 25
15 9
379 34
185 25
186 41
275 25
252 34
58 25
289 25
265 25
310 25
139 25
404 25
138 25
327 9
361 41
11 25
443 25
160 9
336 41
449 25
277 25
137 25
81 25
7 25
82 25
278 25
351 25
86 25
217 41
406 25
258 25
339 25
356 25
337 9
335 25
106 25
73 25
23 25
110 25
274 25
448 25
283 25
288 25
131 9
63 25
61 25
315 34
60 25
56 25
140 25
317 41
433 34
87 9
254 25
257 25
20 25
133 25
50 25
195 9
108 25
267 25
112 25
279 25
174 25
121 25
454 25
323 25
291 9
392 25
193 25
134 41
266 25
45 25
367 34
344 25
308 25
450 25
12 41
370 25
231 25
243 41
456 25
393 25
156 25
297 25
59 25
262 25
255 25
312 25
10 25
224 25
123 25
228 25
414 41
129 25
147 34
405 25
171 25
181 34
188 25
222 25
302 25
359 25
201 25
293 25
415 25
206 25
402 9
170 25
410 25
115 25
91 25
79 25
35 34
0 25
328 9
374 25
237 25
235 25
375 25
220 25
372 25
397 25
400 25
179 25
157 25
409 25
127 25
118 25
99 34
89 25
71 9
14 25
run time cost of algorithm DRT_AG is 0.002601seconds
