1524400 161 39
147 25
405 25
166 25
392 25
77 25
179 25
274 25
20 25
366 25
336 25
353 25
94 25
432 25
91 25
417 25
402 25
389 25
66 25
64 25
231 41
244 34
17 25
297 9
45 25
317 25
23 9
344 41
346 25
301 25
123 25
127 25
139 25
24 25
401 25
328 25
320 9
9 25
40 9
312 25
42 25
307 25
186 25
47 25
48 9
218 25
68 25
219 25
379 25
278 25
371 25
238 25
253 25
337 41
173 25
319 25
44 25
368 25
378 25
257 25
254 25
359 25
0 25
30 41
14 25
272 25
230 25
52 34
281 25
289 25
129 25
209 25
135 25
361 25
203 25
191 25
350 25
330 25
321 25
21 25
79 25
169 9
385 25
152 25
411 25
206 25
71 9
369 25
267 25
57 25
107 25
96 25
2 34
373 25
217 25
8 25
150 25
355 25
133 25
185 25
89 25
36 9
302 34
311 34
116 25
92 34
428 25
425 25
140 41
159 25
164 41
177 25
205 25
232 25
332 41
251 25
306 9
38 25
37 9
291 25
277 25
246 25
190 34
128 25
341 25
180 25
345 41
18 25
5 25
144 41
316 41
313 25
273 25
329 25
334 41
106 41
189 41
342 25
78 34
85 25
16 25
151 25
386 9
141 41
433 9
65 25
208 25
1 25
390 25
75 41
175 41
294 25
213 25
285 25
339 25
33 9
256 25
73 25
199 25
118 25
196 41
176 25
161 41
124 25
406 25
86 41
264 41
234 41
113 25
236 34
80 25
136 25
318 25
245 41
323 25
410 41
149 25
226 25
260 25
279 25
6 41
247 25
72 25
46 25
182 25
131 25
403 37
97 25
187 25
28 25
262 37
112 25
165 38
101 25
370 25
137 25
372 41
429 41
200 9
202 25
382 25
418 37
296 9
111 25
314 25
53 9
383 9
416 25
377 25
13 9
12 25
69 25
276 25
380 25
221 25
167 25
207 41
265 25
298 25
286 41
67 25
148 25
423 25
222 25
266 9
240 25
10 25
284 25
99 34
195 25
88 25
412 25
83 41
360 41
197 37
395 9
343 25
374 25
204 25
49 25
34 25
250 25
60 41
19 25
283 25
280 25
235 41
122 41
358 25
270 25
408 9
15 41
105 25
178 41
399 25
211 41
397 25
214 25
210 25
331 41
362 41
132 25
95 25
409 25
168 41
27 25
170 41
4 25
303 25
249 25
121 25
414 25
51 25
419 41
193 25
288 41
145 41
184 25
396 25
348 34
354 41
117 25
310 38
134 25
233 41
3 41
363 41
367 34
108 41
11 41
93 41
59 25
87 38
142 41
215 25
29 25
375 41
338 41
393 41
224 25
299 38
174 41
427 25
119 25
102 37
90 41
305 41
407 41
357 41
26 41
325 41
413 41
227 34
198 34
415 37
420 41
315 41
31 25
39 25
115 41
70 25
261 25
100 41
43 34
275 25
76 25
430 41
394 37
242 37
252 25
347 41
269 25
41 41
421 25
324 25
216 41
192 25
82 25
300 25
333 41
398 41
220 25
120 25
103 25
181 41
50 25
295 41
223 41
340 25
309 25
229 25
255 41
268 25
263 34
400 41
98 25
163 41
327 25
81 25
356 25
404 25
130 41
384 41
201 25
381 41
157 25
351 41
22 25
349 41
228 25
271 25
188 37
422 25
84 25
183 25
431 41
104 25
376 25
293 25
212 25
364 25
290 41
25 25
194 25
387 41
241 41
243 41
56 34
322 34
158 25
58 41
7 41
259 41
110 25
171 34
138 41
54 25
237 25
308 25
55 25
114 41
391 41
239 25
153 34
326 25
109 25
35 38
365 9
172 41
335 25
162 41
160 25
248 25
156 25
154 6
352 41
74 25
62 25
125 41
424 9
282 41
287 25
292 25
146 37
63 25
258 9
32 9
143 9
61 9
155 25
388 41
304 41
426 37
126 41
225 41
run time cost of algorithm DRT_AG is 0.002967seconds
