1390450 98 16
129 48
753 34
536 48
619 48
114 48
585 48
803 48
188 48
584 48
656 48
654 34
273 48
575 48
236 34
406 48
346 48
356 48
401 48
427 48
240 48
501 48
710 48
69 34
579 48
665 48
682 48
714 48
717 48
220 48
124 48
537 48
669 48
678 48
456 48
766 34
420 48
607 48
134 34
333 48
39 48
806 48
756 48
143 48
659 48
265 48
418 34
408 34
229 48
507 48
170 48
438 48
388 48
489 48
626 48
111 48
599 48
634 48
723 48
392 34
444 48
476 48
122 48
162 34
21 48
451 48
106 48
566 34
146 48
498 48
177 48
255 48
746 48
381 48
616 48
31 48
554 48
190 48
86 48
136 48
133 48
612 34
79 48
179 48
790 48
169 48
363 48
367 48
2 48
25 48
508 48
598 48
605 48
222 48
761 48
738 48
625 48
636 48
214 48
98 48
180 48
285 48
436 48
556 48
685 48
256 34
309 48
732 48
199 48
373 48
529 48
377 48
539 48
506 48
777 48
276 48
699 48
795 48
580 48
553 48
662 48
509 48
224 48
522 48
448 48
3 48
307 48
650 48
152 48
94 48
217 48
206 48
14 2
78 48
557 48
212 48
297 48
399 48
609 48
720 48
270 34
432 48
510 48
727 48
774 2
113 48
112 48
29 48
339 48
458 48
56 48
425 48
191 48
474 48
193 48
745 48
71 48
679 48
161 48
344 48
209 48
643 48
374 48
204 48
558 48
734 48
345 2
695 34
562 34
49 34
596 2
370 48
532 2
157 48
97 48
758 48
207 48
330 34
560 48
642 48
666 48
563 48
70 48
318 48
576 48
644 48
22 48
102 48
241 48
591 48
736 48
613 48
42 48
768 48
130 48
611 48
197 48
34 48
608 34
38 48
469 48
32 48
794 48
805 48
769 48
629 48
205 34
186 48
578 48
648 48
360 34
684 34
11 34
668 48
677 2
572 48
471 48
293 48
380 48
33 48
219 48
652 48
540 48
541 48
773 48
104 2
547 48
192 48
105 48
796 48
23 48
110 48
121 48
366 48
461 48
594 48
491 48
17 48
807 48
697 48
430 48
96 48
340 48
493 34
349 48
361 48
590 48
8 48
4 48
248 48
314 34
610 48
257 48
296 48
172 48
603 48
604 48
496 48
141 48
426 48
786 48
700 48
446 48
45 48
287 48
778 34
142 48
477 48
19 48
457 48
480 48
482 48
484 34
407 34
691 48
559 48
400 48
671 48
538 48
512 48
748 34
28 48
630 2
89 48
201 48
545 48
338 48
80 48
108 48
313 48
37 34
320 48
445 48
208 34
624 48
403 48
505 34
253 48
481 48
158 48
569 2
395 48
51 48
722 48
751 48
411 48
424 48
434 48
210 48
128 48
261 48
490 48
238 48
16 48
322 48
171 48
531 48
640 48
394 48
713 2
696 48
692 48
283 2
271 48
138 48
534 48
239 48
564 48
787 48
231 48
183 48
189 48
227 48
0 48
166 48
7 48
195 48
583 48
391 48
237 48
750 48
488 48
290 48
131 48
343 48
470 34
462 48
174 34
565 48
542 48
781 2
586 48
83 48
657 48
154 48
423 48
804 48
9 2
52 34
743 48
93 48
359 2
72 48
225 48
117 48
397 2
521 48
606 34
123 48
125 48
258 48
428 48
160 34
638 48
24 48
618 48
409 48
410 48
672 48
500 2
570 34
721 48
617 2
771 48
764 34
20 34
475 2
759 34
200 48
1 48
61 48
139 48
140 48
101 48
801 48
767 48
48 48
300 48
148 48
674 48
64 48
82 48
213 48
351 48
776 48
791 48
277 34
422 48
341 48
115 48
267 48
109 48
325 48
30 48
334 48
600 48
785 48
667 48
455 48
347 48
135 48
81 48
775 2
473 34
800 48
386 48
198 48
315 48
280 48
184 2
368 2
18 48
431 48
639 48
88 48
793 48
588 48
336 48
544 48
246 48
439 48
43 48
494 48
463 2
530 48
182 2
6 34
726 48
513 2
221 48
742 34
514 48
705 48
419 48
26 2
511 48
568 48
577 48
215 48
655 48
533 48
472 48
450 34
288 48
324 48
376 48
168 48
770 48
337 48
92 48
468 48
84 48
369 48
670 2
382 48
567 48
194 34
623 48
251 48
375 34
661 48
323 34
693 48
396 34
47 2
308 48
372 48
163 48
718 48
335 48
797 2
485 48
116 48
627 48
60 48
449 48
173 48
15 2
27 48
587 34
281 48
282 48
50 48
546 48
147 48
707 48
235 48
715 48
53 34
703 2
319 48
527 2
763 48
327 48
741 48
294 48
453 48
390 34
103 48
402 48
223 48
740 48
302 48
342 48
249 48
694 48
365 48
230 48
260 48
306 48
552 48
58 48
502 48
571 48
631 48
398 48
601 2
91 48
602 48
779 48
295 48
467 48
153 48
486 48
633 48
440 48
442 48
120 48
126 48
735 48
348 48
733 48
704 2
218 48
417 2
263 48
75 48
466 48
291 48
592 48
159 48
59 48
649 48
574 48
393 48
405 48
582 48
687 48
523 48
555 48
614 48
635 48
543 48
632 48
202 48
688 48
762 48
658 2
581 48
298 48
371 48
622 48
305 48
211 48
621 34
487 2
754 48
757 48
719 48
628 2
329 48
798 48
326 48
452 34
292 2
68 34
729 34
65 48
709 48
802 48
289 48
526 2
515 48
517 48
464 48
275 48
413 48
357 34
150 48
782 48
728 48
234 2
100 48
46 48
497 48
62 48
55 48
535 2
389 48
725 48
13 48
620 48
525 34
85 48
663 34
328 2
383 48
784 48
178 48
752 48
266 34
783 48
127 48
216 48
362 48
675 48
747 48
641 48
301 48
765 48
528 48
615 48
145 48
77 48
708 48
350 48
680 48
167 48
561 48
304 2
739 48
412 2
416 48
272 48
268 48
232 48
454 48
660 48
479 48
244 48
749 48
435 48
279 8
651 2
788 48
387 48
730 48
10 48
354 48
712 48
35 2
495 48
689 48
228 48
744 2
12 2
673 48
316 48
67 2
5 48
698 48
404 48
681 48
76 48
551 34
243 2
364 48
41 48
165 48
760 48
593 48
252 48
384 48
254 48
99 2
262 48
303 48
447 48
548 2
274 48
286 48
716 34
701 48
737 48
203 48
499 34
137 48
175 2
299 48
772 48
755 2
385 2
711 48
664 48
250 2
156 48
379 48
443 48
155 48
653 34
690 48
95 48
573 48
312 48
789 48
724 48
415 2
352 2
278 48
519 2
429 48
683 48
702 48
118 2
331 48
549 48
87 2
353 48
317 34
74 48
332 48
119 2
441 48
149 48
597 48
151 48
676 48
504 48
245 48
181 48
492 48
44 48
355 48
483 2
358 48
36 48
259 48
66 48
414 48
637 48
284 2
433 48
269 48
54 48
176 48
233 48
731 48
187 2
686 48
589 34
647 48
550 48
646 48
421 48
516 48
144 2
185 48
437 48
226 48
518 48
780 34
459 48
460 2
478 2
378 2
311 2
799 48
40 48
57 48
503 48
196 48
132 48
706 48
520 2
264 48
63 48
107 48
524 48
465 48
645 48
595 48
792 48
73 48
90 48
310 2
164 48
247 48
321 48
242 48
run time cost of algorithm DRT_BD is 0.557638seconds
