1437100 98 15
671 3
53 3
824 3
698 3
702 3
819 3
395 3
802 3
274 3
709 3
81 3
789 3
26 3
251 3
527 3
148 3
775 3
368 34
233 3
173 3
356 3
750 3
139 3
740 3
370 3
532 34
788 3
721 3
332 3
29 3
460 3
566 3
8 3
440 3
399 3
695 3
602 3
614 3
38 3
424 3
422 3
678 3
674 3
419 3
119 3
45 3
653 3
425 3
432 3
85 3
107 3
366 3
358 3
284 3
617 3
537 3
56 3
36 34
554 3
291 3
577 3
270 3
589 3
387 3
664 3
128 3
735 3
404 3
528 3
668 3
751 3
161 3
809 3
620 3
450 3
796 3
10 3
641 3
392 3
714 3
479 3
492 3
783 3
209 3
52 3
647 3
447 3
152 3
768 3
651 3
530 3
683 34
830 3
288 3
485 3
831 3
154 3
417 3
820 3
193 3
429 34
402 3
17 3
214 3
472 3
391 3
216 3
247 3
385 3
737 34
523 3
687 3
565 3
364 3
312 3
70 3
116 3
599 3
821 3
408 3
14 3
190 3
774 3
525 3
198 3
418 3
79 3
282 3
691 3
141 3
744 3
238 3
499 3
240 3
246 3
421 34
136 3
133 3
31 3
32 3
773 3
280 34
219 3
367 3
84 34
437 3
73 3
99 3
316 3
192 3
322 3
557 3
69 3
336 3
343 3
0 3
203 3
55 34
480 3
501 3
631 3
181 3
74 3
324 3
766 3
389 3
350 3
41 3
576 3
550 3
112 3
745 3
642 3
481 3
320 34
470 3
521 3
805 3
652 3
229 3
633 6
573 3
779 34
584 3
707 34
812 3
462 3
579 3
618 6
125 3
302 3
373 3
428 3
545 3
326 3
410 6
83 3
690 3
621 3
49 3
541 3
438 3
619 3
817 3
102 3
396 3
301 3
318 3
325 3
12 34
89 3
338 3
407 6
6 6
780 3
286 3
397 3
597 3
739 3
162 3
35 3
260 3
256 3
764 3
353 3
431 3
658 3
661 3
781 3
375 34
101 6
804 3
127 3
715 3
98 34
476 6
713 3
275 34
153 6
24 3
506 3
457 3
486 3
87 3
403 3
315 3
106 34
679 3
175 6
231 3
172 6
150 6
146 3
598 3
283 3
570 3
593 3
568 3
313 3
259 3
277 3
168 3
64 34
512 3
640 6
78 3
701 3
488 3
80 3
540 3
57 3
100 3
103 3
104 3
310 3
183 3
518 3
357 3
475 6
13 3
825 6
769 3
117 3
196 3
482 34
520 3
77 3
612 34
494 3
827 3
406 3
811 34
194 3
293 3
114 6
347 6
660 3
140 3
46 3
272 3
305 6
732 3
126 3
519 6
509 3
5 6
380 6
500 3
208 6
309 6
420 3
92 3
655 3
227 6
228 3
244 6
333 3
474 3
581 3
145 3
574 3
258 3
759 34
354 6
60 6
467 6
348 3
19 6
135 3
446 3
772 3
42 3
223 3
666 6
4 3
628 3
16 3
650 6
285 3
587 3
207 6
549 3
159 3
40 3
131 3
688 6
166 6
390 3
684 3
393 3
478 3
795 3
352 3
267 3
572 3
255 3
144 6
213 3
513 3
696 6
171 6
394 3
697 3
559 3
731 34
62 34
34 3
459 3
201 3
76 3
68 3
636 3
234 3
2 6
767 3
487 3
452 3
468 3
239 3
443 34
588 3
120 3
624 6
625 3
524 34
151 3
607 6
502 3
799 3
97 3
553 3
359 3
30 3
787 3
567 34
222 3
121 6
828 3
829 3
776 3
560 3
118 3
137 3
534 6
807 3
189 3
236 6
445 3
448 3
409 3
200 3
211 3
252 3
648 34
20 6
415 3
733 6
790 6
72 3
595 3
263 3
94 3
646 3
645 3
257 6
110 3
174 3
250 3
469 6
771 3
199 34
685 3
381 3
548 3
582 3
623 34
665 3
217 3
115 3
453 6
451 3
187 3
289 6
810 3
705 34
319 3
39 3
386 3
543 3
433 6
88 3
785 3
778 3
58 3
248 6
377 3
383 6
704 34
720 6
427 6
314 6
349 3
497 3
730 3
659 3
25 3
11 3
747 3
184 6
365 34
822 3
826 6
372 6
605 3
503 6
266 3
67 6
226 3
784 6
463 3
82 6
163 3
638 3
600 3
271 3
177 6
508 3
793 3
9 3
361 3
298 3
426 6
339 3
493 3
538 3
331 3
516 6
337 3
529 3
147 3
662 3
317 34
491 3
590 6
287 3
96 3
182 6
179 3
725 34
792 3
544 3
741 6
637 6
164 3
245 6
160 3
261 3
156 3
604 3
754 34
748 6
761 6
686 3
743 34
122 6
742 6
591 3
91 34
782 3
224 3
575 3
571 6
569 3
303 6
47 3
178 3
700 34
562 34
458 6
716 6
33 34
63 3
797 6
484 3
471 3
215 6
75 6
514 3
202 3
615 3
762 3
167 6
526 3
374 3
169 3
279 6
323 6
699 6
299 3
517 6
149 3
586 3
188 6
746 3
51 3
1 6
816 3
692 34
800 6
556 3
363 6
294 6
382 3
555 3
268 3
186 3
50 6
371 3
71 3
430 34
235 3
273 3
711 6
738 3
657 3
90 3
269 6
237 3
134 6
531 3
362 3
669 3
105 3
757 3
308 6
434 34
461 34
694 3
712 3
138 3
220 3
594 3
643 34
155 3
384 3
290 3
603 6
564 6
656 3
180 6
706 34
398 3
307 6
490 3
195 6
295 6
37 3
204 6
335 3
265 3
341 3
210 3
157 3
130 3
109 3
439 6
693 3
634 3
632 3
629 6
585 6
400 3
401 6
345 34
158 3
61 6
241 6
689 3
722 3
218 6
498 6
191 3
449 34
296 3
129 6
682 3
142 3
752 3
111 3
649 3
414 3
304 6
43 3
65 6
654 6
225 3
59 3
522 6
717 3
794 6
230 3
601 6
823 3
206 6
212 3
676 3
66 3
727 3
786 6
441 3
278 3
596 3
626 3
495 3
328 3
536 34
330 3
677 3
561 3
749 6
27 3
355 3
444 6
736 3
23 3
253 6
405 3
755 3
511 3
609 6
675 6
515 6
416 3
165 3
176 6
818 6
723 3
813 3
542 3
639 3
627 3
264 6
465 3
592 3
777 34
329 6
456 6
44 3
454 6
334 3
86 6
791 6
340 3
423 3
703 6
18 3
342 3
249 3
262 3
205 3
388 3
673 6
473 3
680 3
728 3
123 3
232 3
360 3
760 3
505 3
681 3
113 3
3 3
539 6
306 6
489 3
28 6
608 3
436 3
442 3
311 3
563 6
464 6
108 6
798 6
346 3
54 3
801 3
622 3
803 6
455 3
378 3
578 3
630 3
580 3
808 6
15 34
606 6
546 3
507 34
726 3
369 3
483 6
48 6
22 6
667 6
143 3
708 34
351 3
221 3
533 6
610 3
435 3
124 6
535 3
756 8
292 3
814 6
170 6
254 6
672 3
242 3
770 6
376 3
547 3
806 3
413 34
734 6
552 6
276 6
724 3
297 6
815 3
558 34
616 3
613 34
321 3
758 6
504 3
551 3
466 3
95 34
7 3
379 34
763 3
197 8
718 6
243 34
644 6
635 3
477 6
510 3
93 3
327 3
663 6
670 6
300 6
185 34
719 6
411 3
21 6
710 6
611 6
753 3
583 6
496 3
344 3
132 6
729 6
765 3
281 3
412 3
run time cost of algorithm DRT_BD is 0.550082seconds
