3566800 120 56
650 29
724 29
122 29
115 34
640 29
401 29
102 29
204 29
576 29
337 29
100 29
537 34
97 29
229 34
201 29
96 34
16 34
360 29
675 29
482 29
623 29
85 29
620 34
619 29
682 29
162 29
924 34
423 29
552 29
246 0
181 34
236 29
698 29
590 29
321 29
943 34
190 29
833 29
839 29
830 34
442 34
275 34
130 29
131 29
208 29
822 29
46 29
268 29
390 34
736 0
393 29
873 29
772 0
740 29
874 34
10 29
298 29
431 29
149 29
897 29
164 29
250 29
23 34
398 34
539 34
199 29
707 29
191 29
700 29
157 29
915 29
237 29
371 34
386 29
178 34
270 29
314 29
930 29
962 29
548 29
744 29
782 29
609 0
557 29
677 29
436 41
965 29
883 29
676 29
19 29
150 0
265 29
494 34
803 34
372 0
292 29
966 0
21 34
877 29
249 34
55 29
610 29
412 29
608 0
308 29
757 34
817 29
45 29
801 0
385 29
359 29
473 34
73 29
486 34
534 34
24 29
417 29
123 29
67 29
789 29
918 0
121 0
722 34
487 29
124 29
377 34
716 34
222 34
657 34
4 34
485 29
977 29
346 29
491 29
107 34
435 34
519 34
137 29
363 34
331 34
674 0
879 29
472 34
351 29
238 34
88 29
893 29
680 34
593 29
189 34
902 29
547 34
182 34
318 29
71 29
155 29
931 29
175 29
254 34
929 34
56 29
499 34
357 29
775 29
60 29
778 34
312 29
838 29
502 29
66 34
116 29
253 34
766 34
127 29
210 34
228 34
572 34
106 29
603 34
508 34
136 34
912 29
906 34
434 34
469 29
414 29
20 34
187 29
483 29
31 29
595 34
367 29
90 29
629 29
299 29
951 34
940 0
634 29
751 34
243 29
373 29
183 29
936 29
47 29
684 29
205 29
561 29
651 29
667 29
416 34
174 34
2 29
692 34
450 34
533 29
59 29
216 29
922 34
720 29
391 34
283 29
581 0
32 29
425 34
320 29
712 34
939 29
546 34
43 29
521 34
706 34
742 29
927 34
923 8
234 34
616 29
77 34
894 34
749 34
630 29
865 0
241 29
846 29
665 29
244 29
128 29
274 34
809 29
802 34
679 34
786 29
795 29
686 29
82 29
341 29
454 34
685 29
690 0
578 29
497 34
333 29
958 29
326 34
35 34
248 8
804 34
37 29
530 34
709 34
269 34
528 29
932 29
52 29
891 29
91 29
696 29
510 34
94 34
99 34
409 29
112 29
750 34
641 29
223 29
408 29
648 34
356 29
364 34
752 29
568 29
6 29
660 29
7 34
255 29
458 29
239 29
754 29
826 29
336 34
794 29
462 29
214 29
745 29
481 29
332 29
235 29
147 29
349 29
954 29
233 29
54 29
311 29
947 29
743 29
352 29
715 34
215 0
812 29
825 29
424 34
209 29
721 34
141 29
146 0
673 29
668 29
169 34
475 29
725 34
422 34
613 34
478 29
418 29
496 29
903 29
621 29
193 29
828 29
799 29
633 34
95 29
158 29
571 34
104 29
636 0
484 29
492 29
800 29
975 29
586 29
587 29
588 34
971 34
967 29
597 29
599 34
62 34
476 29
480 29
618 34
68 29
361 0
291 29
917 34
907 29
868 29
863 0
681 34
368 29
850 29
404 29
259 29
811 29
152 29
374 34
532 34
505 34
763 29
506 29
203 29
523 29
524 29
382 34
453 29
594 34
439 29
596 29
184 29
755 29
956 29
27 29
220 29
566 29
952 29
316 34
617 29
64 34
447 34
631 0
637 29
652 0
76 29
823 29
117 29
413 29
859 29
111 29
369 29
664 29
279 41
92 29
881 34
899 29
370 29
703 29
807 29
148 0
705 29
788 29
395 34
921 29
615 29
168 29
926 29
40 29
942 34
426 0
948 34
769 29
176 34
430 29
734 29
470 0
963 29
195 29
970 34
12 29
465 29
11 0
197 29
202 29
579 29
979 41
443 29
383 29
982 34
570 29
983 29
231 29
704 29
553 29
710 34
888 29
556 34
103 29
3 29
79 29
78 29
580 29
583 34
602 29
139 29
683 29
144 34
145 29
437 29
151 34
627 34
286 34
765 29
284 29
196 0
36 29
278 29
474 29
271 29
186 29
887 34
719 29
955 34
84 34
273 34
411 29
759 34
559 34
960 29
441 0
366 0
429 29
247 0
329 29
845 29
842 29
134 0
200 29
495 0
165 34
935 34
498 34
793 29
798 29
154 29
15 0
69 29
549 34
392 34
301 34
511 34
732 29
388 0
688 29
260 29
622 29
263 29
607 29
768 29
315 34
728 29
129 0
592 29
266 29
649 29
905 29
961 29
5 29
334 41
440 29
527 29
575 29
567 29
218 34
654 29
375 34
403 29
345 29
655 29
83 29
34 29
538 29
558 29
950 29
420 41
718 29
185 29
445 34
884 29
355 29
885 41
886 29
307 34
354 29
577 34
232 0
515 29
818 29
711 34
713 29
813 29
142 34
438 29
878 29
98 34
317 29
463 29
9 34
63 29
898 34
529 29
753 29
302 29
58 29
946 29
861 29
776 29
574 34
378 34
857 29
448 29
41 34
645 34
313 34
525 34
855 29
904 29
854 29
173 34
945 34
643 34
762 34
659 29
791 34
626 34
909 29
153 0
324 29
105 29
504 29
760 29
22 29
876 34
509 29
914 34
452 29
512 29
714 29
554 34
240 34
70 34
526 29
545 29
309 29
89 29
890 29
516 34
919 29
517 29
457 8
213 0
303 41
460 29
389 29
974 34
837 29
730 0
731 29
625 0
362 29
875 34
896 29
471 34
51 29
748 29
177 34
160 41
569 34
860 29
289 34
489 34
38 0
330 29
114 34
774 34
848 29
500 29
644 29
42 29
449 34
638 29
446 29
227 29
544 34
764 29
281 29
555 34
717 29
335 29
695 29
338 0
658 29
163 29
109 29
358 29
456 29
758 29
827 29
126 29
834 41
415 34
323 29
26 34
257 29
294 29
520 34
427 29
53 29
733 34
741 29
14 29
678 29
468 29
565 34
605 29
925 29
746 29
25 34
840 34
252 29
869 34
300 29
179 29
74 29
277 29
949 29
1 29
290 34
656 29
783 29
93 34
604 29
113 34
490 29
451 34
402 34
611 29
771 0
380 29
230 29
702 29
433 29
477 29
479 29
699 29
28 0
488 29
941 34
397 29
221 29
44 29
895 29
86 34
562 34
862 41
0 29
120 29
251 34
212 29
819 34
806 29
624 34
628 29
156 34
171 34
258 34
653 29
671 0
672 34
739 29
573 29
920 34
379 34
901 34
892 29
693 34
245 34
934 29
981 29
735 29
866 29
110 29
192 29
400 34
844 34
125 29
829 29
514 29
132 29
726 29
459 29
135 34
816 29
612 29
17 29
790 34
293 41
282 41
285 34
785 29
166 29
287 29
13 29
770 34
646 29
518 29
65 29
642 29
507 34
647 29
81 29
767 29
540 29
50 34
781 34
267 29
342 41
784 29
340 29
467 34
937 29
980 34
339 29
464 34
853 34
944 29
601 29
119 34
410 29
832 29
797 34
666 34
662 29
805 29
159 34
304 34
564 29
170 29
780 29
727 29
957 34
396 29
350 34
810 41
614 29
108 29
87 29
513 29
815 29
172 34
461 29
543 34
756 34
57 34
908 34
29 34
849 34
535 34
296 34
773 41
792 0
598 34
589 34
531 34
455 41
295 34
118 41
33 41
687 34
836 34
322 34
421 34
723 34
407 34
841 34
206 34
503 34
831 34
365 41
387 41
600 34
30 41
133 34
536 0
779 34
852 34
262 34
444 34
541 34
701 34
394 34
310 34
353 34
787 34
428 34
550 34
661 34
882 34
138 34
747 34
911 34
501 34
808 34
916 34
871 34
49 34
305 34
101 34
563 34
198 34
870 34
933 34
343 34
880 34
639 34
864 34
466 34
551 34
399 34
211 34
161 34
261 34
856 34
697 34
584 34
761 34
851 34
585 34
694 34
242 34
969 41
405 34
843 34
900 34
964 34
669 34
167 41
207 34
738 34
272 34
180 41
821 34
814 41
910 34
226 34
689 0
913 34
143 34
406 34
72 34
327 34
381 34
75 34
663 34
376 34
972 34
280 34
968 34
542 34
348 34
288 34
432 34
347 34
959 34
48 34
872 34
344 34
820 34
953 34
691 41
737 0
938 41
606 34
39 34
582 34
493 34
328 34
847 34
217 34
591 34
325 41
835 0
319 34
384 34
824 34
858 34
224 41
225 34
867 41
140 34
306 34
297 34
219 34
729 34
928 34
708 34
18 41
796 41
632 41
635 34
560 0
889 34
777 34
256 34
80 34
61 34
973 0
522 41
8 34
976 41
276 34
978 34
670 34
188 0
194 34
264 34
419 34
run time cost of algorithm DRT_BD is 0.686108seconds
