4483200 97 14
669 1
741 1
425 1
633 1
153 1
376 1
322 34
33 1
482 1
692 1
138 1
109 1
278 1
13 1
19 1
696 1
555 1
437 1
379 1
451 1
668 1
603 1
457 1
721 1
509 1
281 1
515 1
317 1
717 1
732 1
177 1
244 1
103 1
68 34
74 1
352 1
38 1
250 1
254 1
629 1
497 1
272 1
94 1
405 1
704 1
685 1
315 1
165 1
735 1
579 34
604 1
560 1
259 1
218 1
118 1
609 1
464 1
699 1
23 1
715 1
22 1
532 1
518 1
208 1
667 1
119 1
400 1
237 1
203 1
331 1
196 1
701 1
32 1
442 1
585 1
580 1
18 1
496 1
48 1
682 1
41 1
666 34
125 1
445 1
539 1
488 1
646 1
210 1
129 1
209 1
131 1
720 1
529 1
198 1
54 34
427 1
381 1
97 1
684 1
268 1
31 1
578 1
274 1
183 1
108 1
631 1
582 34
468 1
591 1
366 1
387 1
691 1
107 1
283 1
17 1
260 1
169 1
648 1
573 1
407 1
423 1
563 1
133 1
10 1
241 1
550 1
174 1
548 1
670 1
72 1
433 34
397 1
478 1
3 1
35 1
12 1
709 1
164 1
238 1
287 1
37 1
428 1
638 1
339 1
615 1
243 1
554 1
300 1
500 1
463 1
369 1
160 1
112 1
415 1
645 1
642 1
20 1
242 1
269 1
371 1
368 1
541 1
530 1
612 1
506 1
493 34
139 1
695 1
292 1
180 1
186 1
681 1
507 1
91 1
424 1
584 1
628 1
436 1
697 1
551 1
123 1
740 1
15 1
263 34
120 1
247 1
104 1
558 1
375 1
130 1
226 1
419 1
56 1
377 1
159 1
334 1
581 1
85 1
747 1
4 1
601 1
456 1
403 1
455 1
248 34
307 1
346 1
662 1
430 34
122 1
630 1
447 1
0 0
665 1
707 34
486 1
647 1
610 1
51 1
171 1
365 1
420 1
262 1
21 1
137 1
253 1
714 1
364 1
63 1
50 1
26 1
227 1
719 1
357 1
522 1
116 1
708 1
40 34
626 0
167 1
622 1
406 1
175 1
156 1
490 1
215 0
654 1
475 1
79 1
484 34
399 1
535 1
158 1
418 1
7 1
191 1
144 1
725 1
470 1
567 0
613 1
516 1
616 1
255 1
545 1
655 1
503 1
495 34
683 34
348 1
359 1
520 1
265 1
728 1
296 0
698 1
344 1
257 1
575 1
606 1
562 1
206 1
350 0
261 1
727 1
114 0
485 1
625 1
713 1
337 1
82 0
42 34
592 1
312 1
441 1
712 1
449 1
277 1
141 1
372 1
576 1
197 1
607 1
305 1
726 1
256 0
527 1
8 1
602 1
173 1
746 1
658 1
45 1
43 1
251 1
233 1
340 1
60 1
273 0
347 1
184 1
235 1
635 1
718 1
571 1
559 1
168 1
680 1
587 1
126 0
176 1
623 1
572 1
330 1
360 1
178 1
705 0
492 1
222 1
392 1
396 0
136 1
426 1
723 1
246 1
398 1
39 1
271 1
382 1
342 0
84 1
416 1
49 1
480 1
469 1
311 1
577 1
514 0
161 1
201 1
620 1
621 1
624 1
194 1
531 34
453 0
282 1
280 34
672 1
288 1
432 1
319 1
343 1
27 1
304 0
452 1
172 1
674 1
413 1
93 1
429 1
2 1
289 1
294 1
190 1
411 1
525 0
737 1
286 1
513 0
318 34
320 1
414 1
505 1
124 34
540 0
651 1
524 1
678 1
349 1
111 34
517 0
65 1
409 1
182 1
474 1
16 1
64 1
465 1
58 1
671 1
526 1
80 1
338 34
6 1
511 1
722 1
605 1
299 34
677 1
110 1
394 1
729 1
494 0
627 1
217 1
510 1
285 1
743 0
422 1
679 1
619 0
395 1
703 1
537 1
314 1
632 1
435 1
370 0
476 1
512 0
439 1
155 0
498 1
69 1
188 1
302 1
617 1
739 1
62 1
553 1
401 1
202 1
240 0
730 1
275 0
489 1
298 1
417 1
89 1
146 1
61 1
134 0
252 0
594 1
101 1
73 1
384 1
335 1
477 1
341 1
345 1
374 1
473 1
557 34
71 34
162 1
228 1
230 1
55 1
431 0
297 0
663 1
195 1
239 1
404 0
383 0
508 1
326 1
504 1
710 1
700 1
523 1
528 1
491 0
121 1
98 1
223 1
321 1
205 0
446 1
166 1
67 0
636 1
308 1
652 1
536 1
657 1
583 1
472 1
75 1
637 1
643 1
1 1
547 1
11 0
521 1
224 1
355 1
519 0
329 1
499 0
444 1
599 1
686 34
220 1
544 1
711 1
291 34
87 1
295 1
373 1
92 1
434 1
154 34
634 1
52 0
313 1
105 1
117 0
649 1
549 0
412 1
481 0
736 1
367 1
611 1
214 0
742 1
249 1
454 1
538 0
179 1
673 1
189 1
187 1
279 1
163 1
95 34
100 1
694 1
28 1
688 1
96 1
487 0
391 0
310 1
687 34
200 1
566 1
106 1
9 1
574 1
258 1
229 1
59 1
324 1
590 34
660 1
266 1
30 1
264 1
221 1
460 1
385 1
232 1
207 0
211 1
225 0
483 1
390 1
586 1
363 1
588 1
66 1
600 1
595 1
53 1
276 1
716 0
143 1
34 1
568 0
533 1
461 1
14 1
438 1
284 1
644 1
267 1
570 0
147 1
245 1
135 1
145 1
152 1
659 1
351 1
86 1
378 1
640 1
467 1
316 1
388 0
542 1
479 1
706 0
212 1
448 1
102 1
90 1
702 1
690 1
151 1
236 0
115 0
450 1
724 1
693 1
78 1
459 1
421 1
150 1
362 1
181 1
148 0
213 1
596 0
140 1
744 0
664 1
336 1
306 1
234 1
328 1
471 1
358 0
293 1
408 1
466 1
185 1
614 1
402 1
361 1
25 1
650 0
393 1
676 1
618 1
546 1
734 34
738 1
47 1
597 1
661 1
656 1
534 1
36 1
675 1
440 1
199 1
380 1
443 34
309 1
389 1
561 0
24 1
502 1
142 1
589 1
501 1
564 1
733 1
353 1
410 1
76 0
193 0
323 1
57 1
290 1
593 1
270 1
5 34
46 1
332 0
327 1
745 1
569 1
462 1
77 1
88 1
81 1
598 1
386 1
552 1
653 1
83 1
325 1
303 0
113 1
641 34
216 1
70 1
149 1
356 1
44 1
731 0
565 1
170 0
639 1
333 1
132 1
608 1
219 0
204 1
301 0
128 1
354 1
29 0
127 1
192 1
157 1
689 1
231 1
99 0
543 1
458 0
556 1
run time cost of algorithm DRT_BD is 0.221794seconds
