1929200 170 51
211 34
184 9
260 9
168 9
270 9
328 9
338 9
384 34
222 9
91 9
353 9
246 34
419 9
5 9
265 9
315 9
320 9
188 9
12 34
281 9
148 34
143 9
138 34
245 9
173 9
417 9
111 9
335 9
400 9
292 9
1 9
160 34
305 6
336 9
215 9
134 9
382 9
385 9
127 9
11 9
395 9
412 9
63 34
24 9
410 9
239 9
362 9
311 9
361 9
249 6
103 9
17 9
307 9
369 9
284 9
201 9
223 9
306 34
257 9
427 9
299 9
34 9
330 9
390 9
291 9
129 9
61 9
317 9
15 9
333 9
124 6
212 9
230 9
264 34
416 34
56 9
329 9
203 9
204 9
107 9
29 9
76 9
187 6
250 9
401 9
236 9
340 9
144 34
25 34
381 9
386 9
278 9
322 9
189 9
421 9
95 9
425 9
84 6
172 9
190 9
370 9
217 9
413 9
325 9
93 9
22 9
109 9
399 9
74 6
397 9
279 34
378 9
252 9
108 9
2 9
36 6
268 9
164 9
344 6
388 9
155 34
422 8
177 9
45 9
208 9
365 9
255 9
428 9
282 9
136 9
180 6
259 9
44 9
151 9
57 6
434 9
137 6
62 6
206 9
254 9
253 9
319 9
348 9
85 9
116 9
106 9
424 9
219 9
214 9
300 9
243 9
72 34
341 9
332 9
14 9
37 9
351 9
104 9
75 9
220 9
263 9
408 9
51 9
312 9
42 34
135 9
266 6
156 9
359 9
242 9
233 6
26 9
430 9
105 6
237 9
287 9
99 9
216 9
377 9
256 6
83 9
31 6
79 6
380 9
20 9
210 6
197 34
147 6
414 9
52 9
295 9
415 6
183 6
429 9
120 9
251 9
157 9
195 9
301 9
375 8
334 9
73 9
198 6
21 6
406 9
60 9
0 9
66 9
130 9
8 9
112 9
59 6
290 9
318 6
394 6
117 9
226 9
41 9
350 9
411 9
98 9
391 9
77 9
435 9
121 6
355 9
372 9
357 6
308 6
367 9
374 6
271 9
240 6
113 9
241 6
228 9
55 9
218 9
354 9
123 9
426 9
337 6
68 9
393 9
185 9
178 9
18 9
19 9
231 9
122 9
81 9
13 9
304 6
161 9
298 6
4 9
65 6
166 34
39 6
267 9
97 9
88 6
232 6
396 9
7 6
194 9
431 9
261 9
368 6
238 9
89 9
313 9
86 6
3 9
132 9
47 9
274 9
54 9
92 9
186 10
349 6
392 9
70 9
343 9
234 9
379 9
27 9
16 9
420 9
142 9
152 10
169 9
80 9
356 9
248 6
286 9
53 6
71 9
371 9
170 9
159 6
43 9
207 9
10 9
35 9
269 9
64 6
149 9
146 10
167 6
258 6
324 9
182 9
6 6
423 9
87 9
153 6
314 6
316 9
176 9
323 6
409 6
303 9
296 34
46 9
433 6
193 9
100 6
69 9
139 9
366 6
407 10
175 9
90 6
389 9
118 9
67 9
38 9
272 6
403 9
285 9
229 9
418 9
110 6
150 9
145 6
82 6
347 34
102 9
276 9
128 6
202 6
213 9
363 34
49 9
235 9
78 9
196 6
141 9
327 9
387 34
404 6
309 6
244 34
273 9
275 6
115 9
199 10
23 10
360 6
48 9
94 10
302 9
133 6
32 9
339 9
294 6
126 9
171 9
50 9
119 9
402 6
163 9
96 34
288 6
342 9
227 9
280 9
9 9
140 6
221 9
297 9
33 9
405 6
162 9
205 9
165 9
326 9
209 9
58 9
101 10
289 9
30 6
364 6
262 9
181 6
192 34
125 9
225 6
345 9
346 9
131 6
40 9
28 6
247 9
224 6
174 9
114 6
383 6
191 6
154 6
293 9
277 6
321 6
352 9
432 6
373 9
200 9
310 6
358 9
376 9
179 6
331 9
158 10
283 6
398 9
run time cost of algorithm DRT_AG is 0.002788seconds
