1004200 104 65
0 34
1 34
2 34
3 0
4 34
5 34
6 34
7 34
8 34
9 34
10 0
11 0
12 34
13 34
14 34
15 34
16 34
17 34
18 34
19 34
20 34
21 34
22 34
23 34
24 34
25 0
26 0
27 34
28 34
29 34
30 34
31 34
32 34
33 34
34 0
35 34
36 34
37 34
38 34
39 34
40 34
41 34
42 41
43 34
44 34
45 34
46 0
47 34
48 34
49 34
50 34
51 34
52 34
53 34
54 34
55 34
56 34
57 34
58 0
59 0
60 34
61 34
62 34
63 34
64 34
65 34
66 34
67 34
68 34
69 34
70 41
71 34
72 34
73 0
74 34
75 34
76 0
77 34
78 34
79 34
80 34
81 34
82 34
83 34
84 34
85 34
86 34
87 34
88 34
89 34
90 34
91 34
92 34
93 41
94 34
95 0
96 34
97 0
98 34
99 34
100 34
101 34
102 34
103 34
104 0
105 34
106 0
107 34
108 34
109 34
110 34
111 34
112 34
113 34
114 0
115 34
116 0
117 34
118 34
119 34
120 34
121 41
122 34
123 34
124 34
125 34
126 34
127 34
128 0
129 34
130 34
131 34
132 34
133 0
134 34
135 34
136 34
137 34
138 34
139 34
140 34
141 34
142 34
143 34
144 34
145 34
146 34
147 34
148 0
149 34
150 0
151 34
152 34
153 0
154 34
155 34
156 34
157 34
158 34
159 34
160 34
161 34
162 34
163 34
164 34
165 0
166 34
167 34
168 34
169 0
170 34
171 34
172 34
173 34
174 41
175 0
176 34
177 34
178 34
179 34
180 34
181 34
182 34
183 34
184 34
185 34
186 34
187 34
188 41
189 34
190 34
191 34
192 34
193 34
194 34
195 34
196 34
197 34
198 34
199 34
200 0
201 34
202 34
203 41
204 34
205 34
206 34
207 34
208 34
209 34
210 34
211 34
212 34
213 34
214 0
215 34
216 41
217 34
218 41
219 34
220 34
221 34
222 0
223 0
224 34
225 34
226 41
227 34
228 34
229 34
230 34
231 34
232 34
233 34
234 34
235 34
236 8
237 0
238 34
239 34
240 34
241 0
242 34
243 34
244 34
245 34
246 0
247 34
248 34
249 34
250 34
251 41
252 34
253 34
254 34
255 34
256 34
257 34
258 41
259 34
260 41
261 34
262 34
263 34
264 34
265 0
266 34
267 34
268 41
269 34
270 34
271 34
272 34
273 34
274 34
275 34
276 34
277 34
278 34
279 0
280 34
281 34
282 34
283 34
284 34
285 34
286 41
287 34
288 34
289 34
290 34
291 34
292 34
293 41
294 34
295 34
296 41
297 34
298 0
299 34
300 41
301 34
302 0
303 0
304 34
305 34
306 34
307 34
308 0
309 34
310 34
311 34
312 34
313 41
314 34
315 34
316 34
317 34
318 34
319 34
320 0
321 34
322 41
323 34
324 34
325 34
326 34
327 34
328 34
329 0
330 34
331 34
332 34
333 34
334 34
335 34
336 34
337 34
338 34
339 0
340 34
341 1
342 34
343 34
344 34
345 34
346 34
347 34
348 34
349 34
350 34
351 34
352 34
353 34
354 34
355 34
356 0
357 34
358 34
359 34
360 41
361 34
362 34
363 34
364 34
365 0
366 34
367 34
368 34
369 41
370 41
371 34
372 34
373 34
374 34
375 34
376 34
377 34
378 34
379 1
380 34
381 34
382 41
383 41
384 41
385 34
386 34
387 0
388 34
389 34
390 34
391 34
392 34
393 34
394 34
395 34
396 34
397 34
398 34
399 34
400 34
401 41
402 34
403 41
404 34
405 34
406 34
407 34
408 0
409 34
410 34
411 34
412 34
413 34
414 34
415 34
416 34
417 34
418 34
419 34
420 41
421 34
422 0
423 41
424 34
425 34
426 34
427 34
428 34
429 34
430 34
431 0
432 0
433 34
434 34
435 34
436 34
437 34
438 34
439 34
440 34
441 34
442 41
443 0
444 41
445 34
446 34
447 0
448 34
449 34
450 34
451 34
452 34
453 34
454 34
455 34
456 34
457 34
458 0
459 34
460 41
461 34
462 0
463 34
464 34
465 34
466 34
467 34
468 34
469 41
470 34
471 34
472 34
473 34
474 34
475 34
476 34
477 34
478 0
479 34
480 34
481 34
482 34
483 0
484 41
485 34
486 34
487 34
488 34
489 34
490 34
491 34
492 34
493 0
494 0
495 0
496 34
497 34
498 34
499 34
500 0
501 34
502 0
503 34
504 34
505 0
506 34
507 34
508 0
509 0
510 34
511 34
512 0
513 34
514 34
515 34
516 34
517 34
518 34
519 34
520 34
521 34
522 34
523 34
524 34
525 34
526 0
527 34
528 34
529 34
530 34
531 34
532 34
533 34
534 0
535 34
536 0
537 0
538 34
539 34
540 34
541 34
542 34
543 34
544 34
545 34
546 0
547 34
548 34
549 34
550 41
551 34
552 34
553 34
554 41
555 34
556 34
557 34
558 41
559 34
560 34
561 34
562 34
563 0
564 8
565 34
566 41
567 34
568 34
569 0
570 34
571 34
572 34
573 34
574 34
575 41
576 34
577 34
578 34
579 34
580 34
581 0
582 41
583 34
584 34
585 34
586 34
587 34
588 34
589 41
590 34
591 34
592 0
593 34
594 8
595 34
596 34
597 34
598 34
599 34
600 34
601 34
602 34
603 34
604 34
605 0
606 0
607 34
608 41
609 34
610 41
611 34
612 8
613 34
614 34
615 34
616 34
617 0
618 34
619 41
620 34
621 41
622 34
623 34
624 34
625 34
626 34
627 34
628 34
629 34
630 34
631 0
632 34
633 34
634 41
635 34
636 34
637 34
638 34
639 34
640 34
641 0
642 41
643 34
644 34
645 34
646 34
647 41
648 34
649 34
650 34
651 41
652 34
653 0
654 34
655 34
656 34
657 34
658 34
659 34
660 34
661 34
662 34
663 34
664 41
665 0
666 41
667 34
668 34
669 0
670 34
671 34
672 34
673 34
674 34
675 34
676 34
677 8
678 34
679 34
680 34
681 34
682 34
683 41
684 34
685 34
686 34
687 34
688 34
689 8
690 34
691 34
692 34
693 34
694 34
695 34
696 34
697 34
698 41
699 34
700 34
701 34
702 34
703 34
704 34
705 34
706 34
707 41
708 34
709 34
run time cost of algorithm SM_CTP is 1.10214seconds
