2833600 161 48
630 9
306 9
331 9
359 9
473 9
213 9
5 9
241 9
250 9
130 9
103 9
444 9
451 9
489 9
509 9
524 34
631 34
197 9
167 9
221 9
223 34
282 9
291 9
585 9
388 9
456 9
553 9
35 9
544 9
88 9
211 9
545 9
543 9
422 9
530 9
122 9
215 9
178 9
283 9
10 9
618 9
560 9
201 9
499 9
271 9
28 9
615 9
529 9
218 9
409 9
400 9
565 9
622 9
370 9
465 9
227 9
391 9
512 9
231 9
59 9
610 9
206 9
573 9
485 9
262 9
4 9
511 9
568 9
99 9
443 9
90 9
346 9
341 9
433 9
152 9
504 9
518 9
353 9
476 9
169 34
412 9
125 9
298 9
434 9
296 9
437 9
581 9
550 9
124 9
626 9
498 9
266 9
374 9
416 9
330 9
627 9
45 9
467 9
363 9
292 9
317 9
577 9
157 9
551 9
72 9
481 9
494 9
563 9
107 9
377 9
58 9
450 9
200 9
220 9
74 34
536 9
438 9
214 9
404 9
340 9
137 9
440 6
89 9
376 9
202 9
468 9
402 9
176 34
38 9
92 34
327 9
314 9
419 6
424 9
30 9
598 9
335 9
528 9
395 9
236 9
258 9
175 9
347 9
188 9
193 9
268 9
263 9
106 34
599 9
41 9
273 9
378 9
619 9
361 9
583 9
591 9
463 34
475 9
491 9
525 9
348 9
623 9
303 9
95 9
413 9
68 9
480 9
39 9
398 9
93 9
415 9
207 9
482 9
521 9
26 9
272 9
0 34
212 9
396 9
6 9
36 9
324 9
255 9
256 9
141 9
358 9
70 9
50 6
602 9
29 9
368 9
385 9
230 6
520 9
127 9
405 9
487 9
65 9
208 9
210 9
209 6
594 9
112 9
14 9
237 9
506 6
604 9
430 34
483 9
360 9
447 9
8 9
12 9
165 9
471 9
354 9
252 9
34 9
216 6
83 9
128 9
42 9
527 9
383 9
382 9
228 34
142 9
96 9
224 9
392 9
53 9
339 9
522 9
556 9
19 9
372 9
226 6
123 9
508 9
140 9
592 9
2 9
246 9
432 9
538 9
190 9
571 9
248 9
316 9
381 9
20 9
371 9
279 9
274 9
587 9
609 9
386 9
100 9
32 9
289 9
98 9
174 9
311 9
605 9
593 9
617 9
461 9
151 9
148 9
160 9
171 9
267 9
105 9
380 9
159 9
281 9
149 9
269 9
326 6
75 9
537 9
470 9
608 9
445 9
427 9
82 6
46 9
501 9
517 9
420 9
145 9
318 9
86 9
305 9
334 9
595 9
624 34
179 9
81 9
150 6
57 34
205 9
336 6
514 9
548 9
117 9
162 9
288 34
533 9
146 9
406 9
345 6
198 9
606 9
222 9
109 9
177 9
448 9
136 9
321 9
284 9
611 9
350 9
25 9
225 9
582 9
47 9
164 9
22 9
156 9
564 9
79 9
607 9
295 9
277 9
52 9
18 9
454 9
31 9
333 9
516 9
56 9
541 9
62 9
7 9
535 9
119 9
584 9
204 9
352 9
325 9
519 9
439 9
43 34
187 9
510 9
80 9
435 9
349 9
304 9
389 9
464 9
133 9
452 9
73 6
534 34
91 9
192 6
379 9
170 6
549 9
559 9
302 9
166 6
301 9
1 9
239 9
342 6
578 6
338 9
478 9
261 9
612 9
620 9
310 9
94 9
531 9
496 9
574 9
515 9
16 9
172 34
309 9
621 9
161 9
570 9
249 9
77 9
147 9
572 9
555 9
191 9
547 9
542 9
60 9
561 6
24 9
322 9
203 9
417 9
257 34
264 9
184 9
287 9
562 9
526 6
54 9
104 6
459 9
449 9
429 9
332 9
557 9
474 9
183 9
163 9
408 9
384 9
323 9
76 9
97 9
131 9
567 9
552 9
421 9
596 9
173 9
428 9
613 9
48 6
229 9
431 9
61 9
312 9
575 9
15 9
186 34
251 9
472 9
132 9
558 9
616 6
182 9
114 6
294 9
401 9
588 9
185 9
546 9
569 9
344 9
242 9
479 9
466 9
375 6
500 6
329 9
539 9
328 9
469 9
240 9
507 9
217 9
425 34
426 6
135 9
307 6
355 9
121 9
462 9
259 9
458 9
155 6
101 9
523 9
153 9
234 9
486 9
490 9
399 9
356 9
495 34
243 34
453 34
168 9
85 9
49 6
477 6
293 9
394 9
403 9
319 9
40 9
390 34
44 6
513 9
586 34
113 9
297 6
245 9
181 9
67 9
441 9
532 9
278 9
233 9
446 9
357 9
120 9
276 9
540 9
11 9
614 9
601 34
17 9
69 9
423 9
37 9
158 9
603 9
219 9
63 9
299 9
455 9
280 6
199 6
460 9
265 6
116 9
260 6
87 6
362 6
410 9
33 34
126 9
387 9
457 34
505 9
154 34
497 9
628 9
84 6
589 9
232 9
393 9
579 9
580 9
418 9
397 9
138 9
343 6
108 9
110 6
566 9
600 6
254 6
78 34
367 9
411 6
66 9
492 34
23 34
629 9
13 9
436 9
286 9
244 9
189 9
238 6
3 9
625 9
351 9
143 6
275 6
365 9
366 9
64 9
195 9
285 9
488 9
290 9
308 9
134 9
493 6
554 9
597 6
414 9
407 9
247 9
51 9
27 9
313 34
253 9
484 6
315 9
111 9
144 9
369 9
235 9
270 9
442 9
576 9
180 9
129 9
118 6
373 9
196 6
194 9
502 9
102 9
55 34
364 9
115 9
9 6
21 9
300 9
590 9
71 6
320 9
337 9
503 9
139 9
run time cost of algorithm DRT_AG is 0.004597seconds
