1896800 161 41
314 34
140 25
342 25
148 25
156 25
122 25
351 25
353 25
65 25
283 25
214 25
364 25
254 25
29 41
304 34
440 25
339 25
6 25
167 25
103 41
403 25
39 41
394 9
391 25
390 25
369 25
74 25
77 25
66 25
76 25
360 25
359 25
271 25
20 25
14 9
118 25
289 25
301 34
219 25
264 25
270 34
23 25
388 25
95 25
213 25
141 41
439 25
292 25
1 25
224 41
446 25
437 25
128 25
428 25
120 41
114 41
111 25
60 25
45 34
187 25
193 25
288 25
278 25
269 34
234 25
239 25
27 25
263 25
135 41
175 9
335 25
109 25
186 25
423 25
212 25
358 25
216 25
225 9
317 25
307 25
435 41
333 9
115 41
182 25
84 25
354 34
207 25
235 25
344 25
298 25
386 25
380 25
376 25
215 9
385 25
430 25
157 25
159 25
253 25
427 34
303 25
177 25
325 25
91 25
191 25
294 25
30 25
105 25
108 25
61 25
245 25
378 25
178 25
194 9
302 25
251 25
196 25
171 34
424 25
237 25
357 25
121 25
54 25
400 9
96 25
16 41
152 41
389 34
53 25
78 9
330 41
131 25
72 25
447 25
102 34
56 25
293 25
228 41
210 41
139 34
185 25
97 25
355 41
368 25
373 25
425 25
420 25
125 41
404 25
412 25
75 34
201 25
248 41
334 25
443 41
222 41
223 41
396 25
341 25
37 25
218 25
362 25
200 9
409 9
164 41
252 25
153 25
414 41
227 25
226 25
19 41
258 34
123 25
268 25
79 41
429 9
25 41
361 9
432 9
345 41
10 41
284 6
411 25
297 25
331 41
165 34
324 41
204 25
51 25
266 9
180 41
365 25
117 25
217 41
22 25
377 25
126 9
321 41
308 34
379 41
38 37
312 25
197 25
83 25
372 9
90 41
119 25
155 25
7 25
436 25
137 25
343 9
55 25
315 25
326 25
206 25
58 25
332 25
340 25
106 25
107 25
68 25
71 9
116 41
370 25
374 25
381 25
416 25
89 41
4 25
445 25
0 25
291 41
415 34
387 41
161 25
444 25
150 25
63 34
9 41
176 25
421 34
256 25
166 25
149 41
18 25
392 25
406 25
442 25
279 25
209 25
395 25
366 25
280 25
33 25
80 25
179 25
11 25
426 25
199 9
285 25
265 25
401 25
349 25
347 41
418 25
431 25
57 25
242 25
129 37
168 9
59 25
34 34
160 25
417 41
110 25
174 25
247 41
231 25
329 25
336 25
147 41
434 41
13 25
273 25
146 25
261 25
211 25
5 9
40 41
356 34
15 25
249 25
8 25
17 25
31 25
208 25
2 41
295 25
299 25
300 41
384 25
382 25
64 25
94 25
73 9
306 25
163 25
410 25
267 25
136 25
352 25
259 41
181 25
282 9
320 34
316 41
229 25
398 25
319 41
100 25
35 41
198 25
397 41
241 25
49 9
169 9
221 25
28 25
93 25
202 34
26 41
203 25
70 41
183 25
50 25
104 25
337 34
48 25
88 34
151 25
246 25
250 25
383 25
130 41
328 41
92 41
62 25
82 9
276 9
313 25
41 25
67 25
244 9
85 25
3 25
143 25
98 37
441 41
371 41
36 25
170 41
287 41
144 9
158 25
87 25
230 41
24 25
272 25
286 25
172 34
195 41
255 41
257 9
310 41
419 25
238 25
86 41
281 41
142 41
262 6
348 25
220 25
127 25
99 37
43 34
407 25
44 9
311 34
134 25
233 34
132 25
277 25
46 25
408 41
367 34
184 25
438 9
138 25
350 25
154 41
173 41
21 41
275 25
236 25
145 25
133 41
112 41
81 25
346 9
405 25
363 25
243 34
338 41
240 25
274 34
413 9
47 41
433 25
290 25
232 41
322 34
318 25
422 41
296 41
309 25
52 41
305 25
205 25
12 41
323 25
101 25
69 6
192 34
327 34
190 34
189 34
260 25
42 25
402 25
399 41
113 34
124 25
393 25
32 25
375 25
162 25
188 41
run time cost of algorithm DRT_AG is 0.002582seconds
