1035800 104 68
114 34
143 0
329 34
243 34
248 34
35 34
311 34
283 0
127 34
145 34
157 34
169 34
180 34
192 34
326 34
218 34
278 34
280 34
27 34
246 34
296 34
339 34
90 34
135 34
7 34
188 34
287 34
67 34
101 34
228 34
324 34
257 34
44 34
14 34
271 34
92 0
87 0
335 34
148 34
171 34
186 34
231 34
307 34
222 34
33 34
131 34
320 34
132 34
274 34
264 34
134 34
259 34
332 41
177 34
24 34
203 0
55 0
199 0
21 34
221 34
34 34
294 34
219 34
325 34
133 34
292 34
152 34
300 41
327 0
194 41
187 34
313 34
304 34
31 34
220 34
146 34
333 34
32 34
200 34
43 34
91 34
281 34
1 34
56 34
111 34
106 34
68 34
290 34
72 34
323 34
5 34
226 34
260 41
85 34
263 34
241 34
61 34
270 34
37 34
47 34
170 34
266 34
267 34
207 34
213 34
83 34
29 34
317 34
214 34
191 34
189 34
202 34
160 34
162 34
288 34
229 34
112 0
316 34
89 34
116 34
179 34
70 34
190 34
299 34
249 34
185 34
338 34
204 34
314 34
153 34
6 0
269 0
76 34
196 34
227 34
108 34
233 34
252 34
69 34
265 34
10 34
97 34
40 41
178 34
224 34
245 34
254 34
130 34
41 34
308 34
183 34
312 34
284 34
36 34
293 34
272 0
315 34
80 34
159 34
3 41
107 34
163 34
322 34
144 34
139 34
100 34
181 34
297 34
336 34
210 34
193 34
120 34
238 34
22 34
73 34
215 34
59 41
126 34
94 34
18 34
99 34
88 8
173 41
17 34
122 34
121 34
310 0
140 34
262 41
66 34
79 34
306 34
175 34
20 34
125 34
230 34
244 34
276 34
39 34
98 34
212 34
151 0
75 34
0 34
303 34
256 34
16 34
103 0
113 34
291 34
237 34
9 34
58 34
235 41
54 34
8 34
209 34
301 34
154 34
298 34
71 34
240 34
142 41
295 34
184 34
182 41
277 34
176 34
105 34
136 34
53 34
289 34
46 34
104 34
138 34
26 34
65 41
198 34
166 34
261 34
95 34
234 34
331 41
62 34
109 34
149 34
319 0
118 34
156 34
115 34
211 34
117 0
19 34
15 34
141 34
150 34
334 34
23 34
305 0
30 34
330 34
174 34
161 34
124 34
250 34
147 34
12 34
216 34
74 34
286 34
102 34
165 34
50 34
321 34
38 34
86 34
84 41
64 8
2 34
25 34
337 34
96 34
123 34
110 34
81 34
273 34
78 34
328 34
172 34
217 41
60 8
28 34
195 41
223 34
232 34
11 34
275 34
93 34
49 34
253 34
48 41
45 34
42 41
197 34
63 0
302 34
137 34
225 34
57 34
279 34
236 34
167 34
164 8
247 34
251 34
255 34
318 34
168 34
51 34
242 34
52 34
77 34
309 34
268 34
258 34
128 34
158 41
208 34
206 34
201 8
285 34
129 34
13 34
82 41
239 34
119 34
155 34
4 34
282 34
205 34
run time cost of algorithm DRT_BD is 0.070103seconds
