2157400 161 50
492 9
354 9
231 9
112 9
153 9
382 9
183 34
173 9
93 9
348 9
287 9
396 9
393 9
206 9
79 9
147 9
154 34
155 9
488 9
195 9
313 9
272 9
406 9
405 9
148 9
285 9
463 9
120 9
292 9
296 9
482 34
230 9
200 9
278 9
288 9
98 6
244 9
102 9
478 9
216 9
430 9
116 9
160 9
399 9
132 9
130 34
117 6
61 9
91 34
312 9
6 34
203 9
398 9
336 9
326 9
201 9
363 9
251 9
260 9
448 9
459 9
58 9
133 9
125 34
334 9
486 9
250 9
77 9
225 9
451 34
449 9
104 9
7 9
265 9
168 9
179 9
441 9
248 6
175 9
426 9
23 9
409 9
209 9
123 9
15 9
84 9
422 9
80 6
114 9
167 9
46 6
450 9
355 9
234 9
300 9
135 9
372 9
47 9
314 9
461 9
35 9
378 9
379 6
170 6
473 6
241 9
144 34
377 9
330 9
68 9
297 9
343 9
469 34
434 9
273 9
60 9
445 6
360 9
237 9
32 9
442 9
356 9
55 9
156 9
71 9
181 9
424 9
367 9
34 9
414 9
286 6
410 9
157 9
136 9
90 9
159 9
197 9
48 9
481 6
307 9
487 9
51 9
444 6
97 9
490 34
324 9
10 9
161 9
33 9
328 9
402 9
73 9
290 9
45 6
178 6
437 9
427 9
347 9
3 9
321 9
41 9
53 6
283 9
368 9
57 9
108 9
188 9
268 9
447 6
235 9
371 9
119 9
74 9
369 9
295 9
100 9
24 9
280 9
96 6
149 9
254 9
322 9
202 9
38 6
165 9
337 34
299 9
395 9
189 9
252 34
8 9
453 6
282 9
310 9
182 34
143 9
306 9
411 6
332 9
440 34
344 6
298 9
215 34
425 9
474 9
476 9
44 9
236 9
76 9
42 6
87 6
340 9
82 9
304 9
416 9
211 6
246 6
36 9
281 9
464 9
20 9
404 6
115 6
349 9
403 9
256 9
2 9
279 6
229 9
21 9
190 9
64 6
421 9
475 9
192 9
128 34
29 9
86 9
255 9
118 9
162 9
247 9
26 9
208 9
69 9
111 6
22 9
493 6
95 9
483 9
388 9
277 9
456 9
458 6
30 9
433 9
218 9
151 9
460 6
19 9
107 34
233 9
5 9
291 9
4 9
92 6
196 9
140 9
103 6
270 9
480 6
392 9
373 9
446 9
253 6
316 6
262 9
50 9
184 9
83 9
224 6
222 9
381 9
353 6
366 34
78 9
496 9
293 9
294 9
54 9
12 9
346 9
276 9
49 9
134 6
158 9
375 9
180 9
219 6
341 9
31 6
429 9
174 9
187 6
72 6
275 9
467 9
141 9
318 6
172 9
85 6
16 34
67 6
335 9
364 9
391 34
56 6
431 6
129 9
412 9
494 10
127 9
193 9
351 6
105 9
213 9
131 9
465 9
374 9
204 9
17 9
146 9
37 9
443 10
358 9
484 9
228 9
339 9
81 6
210 6
357 9
284 9
365 9
331 9
491 9
99 9
164 9
171 9
470 9
438 6
452 9
88 9
11 34
150 6
477 34
485 34
207 6
383 6
305 6
257 9
479 9
1 9
432 9
333 9
390 9
226 9
124 6
106 9
472 9
325 9
9 9
25 9
359 9
495 9
308 9
245 9
198 9
65 9
137 6
302 9
62 9
419 6
401 6
66 9
436 9
320 9
264 6
418 6
439 6
428 34
362 9
94 9
361 9
43 9
435 6
185 9
121 9
387 34
269 9
317 9
89 9
113 9
13 6
315 9
415 6
394 6
407 6
271 9
75 6
122 9
223 9
267 9
389 6
385 6
471 34
18 6
194 9
232 9
227 9
303 6
457 9
191 9
163 9
350 9
14 9
468 6
221 9
145 6
176 34
380 9
52 9
417 6
462 34
289 10
342 9
63 9
400 6
70 9
323 6
169 9
376 9
177 6
370 9
101 9
466 6
138 9
217 9
109 9
384 34
329 9
240 9
413 9
212 9
454 9
39 9
301 9
274 6
338 10
263 6
309 10
238 9
249 9
40 6
266 9
166 6
420 6
397 6
319 34
199 6
386 6
408 9
243 9
0 6
345 9
261 9
205 9
220 9
152 6
28 9
139 9
311 6
126 9
59 6
352 6
259 9
239 9
242 9
489 9
327 9
423 9
186 9
258 9
27 9
455 9
142 9
110 6
214 6
run time cost of algorithm DRT_AG is 0.003215seconds
