1075300 104 66
0 34
1 34
2 34
3 34
4 34
5 34
6 34
7 34
8 34
9 34
10 34
11 0
12 34
13 34
14 34
15 34
16 34
17 34
18 34
19 34
20 34
21 34
22 34
23 34
24 34
25 34
26 34
27 34
28 41
29 34
30 34
31 34
32 34
33 34
34 34
35 34
36 34
37 34
38 34
39 34
40 34
41 0
42 34
43 34
44 34
45 34
46 34
47 34
48 34
49 34
50 0
51 34
52 34
53 34
54 34
55 34
56 34
57 34
58 34
59 34
60 34
61 34
62 34
63 34
64 34
65 34
66 34
67 34
68 34
69 34
70 34
71 34
72 34
73 0
74 34
75 0
76 0
77 34
78 34
79 34
80 34
81 34
82 34
83 34
84 34
85 34
86 34
87 34
88 34
89 34
90 34
91 34
92 34
93 34
94 34
95 34
96 34
97 34
98 34
99 0
100 0
101 34
102 34
103 34
104 34
105 34
106 34
107 34
108 34
109 34
110 34
111 34
112 34
113 34
114 34
115 34
116 34
117 34
118 34
119 34
120 34
121 41
122 34
123 34
124 34
125 34
126 0
127 34
128 34
129 34
130 34
131 34
132 34
133 34
134 34
135 34
136 34
137 0
138 34
139 34
140 0
141 34
142 34
143 34
144 34
145 34
146 34
147 34
148 34
149 34
150 34
151 34
152 34
153 34
154 0
155 34
156 34
157 34
158 34
159 34
160 34
161 0
162 34
163 34
164 0
165 34
166 34
167 34
168 34
169 34
170 0
171 34
172 34
173 34
174 0
175 34
176 34
177 34
178 34
179 34
180 34
181 34
182 41
183 34
184 34
185 34
186 41
187 34
188 34
189 34
190 34
191 34
192 34
193 34
194 34
195 34
196 34
197 34
198 41
199 34
200 34
201 41
202 34
203 34
204 34
205 34
206 34
207 34
208 34
209 34
210 0
211 34
212 34
213 34
214 34
215 34
216 0
217 34
218 34
219 34
220 34
221 34
222 34
223 34
224 34
225 34
226 34
227 34
228 34
229 34
230 34
231 34
232 0
233 34
234 0
235 34
236 34
237 0
238 34
239 34
240 34
241 34
242 34
243 34
244 34
245 34
246 34
247 34
248 34
249 34
250 34
251 34
252 34
253 34
254 34
255 34
256 34
257 34
258 34
259 0
260 34
261 0
262 34
263 34
264 34
265 34
266 0
267 34
268 34
269 34
270 34
271 34
272 34
273 34
274 0
275 34
276 34
277 34
278 34
279 34
280 0
281 0
282 34
283 34
284 34
285 34
286 34
287 34
288 34
289 34
290 34
291 0
292 34
293 34
294 34
295 34
296 34
297 34
298 34
299 34
300 34
301 34
302 34
303 34
304 34
305 34
306 34
307 41
308 0
309 34
310 34
311 34
312 34
313 34
314 34
315 34
316 34
317 34
318 34
319 0
320 34
321 34
322 34
323 34
324 34
325 0
326 34
327 0
328 34
329 34
330 34
331 34
332 34
333 34
334 34
335 34
336 34
337 34
338 34
339 34
340 34
341 41
342 34
343 34
344 34
345 34
346 34
347 34
348 34
349 34
350 34
351 34
352 34
353 34
354 34
355 0
356 34
357 34
358 41
359 34
360 34
361 34
362 0
363 41
364 34
365 34
366 0
367 34
368 41
369 0
370 34
371 34
372 34
373 34
374 34
375 34
376 8
377 34
378 34
379 34
380 34
381 34
382 34
383 0
384 0
385 0
386 34
387 34
388 34
389 34
390 34
391 41
392 34
393 34
394 34
395 34
396 0
397 34
398 34
399 34
400 34
401 34
402 41
403 34
404 34
405 34
406 34
407 34
408 34
409 34
410 34
411 34
412 34
413 34
414 34
415 34
416 34
417 34
418 34
419 34
420 34
421 34
422 34
423 34
424 0
425 34
426 34
427 34
428 34
429 34
430 34
431 34
432 34
433 34
434 34
435 34
436 34
437 34
438 34
439 34
440 34
441 41
442 34
443 34
444 34
445 34
446 34
447 34
448 8
449 34
450 0
451 34
452 34
453 34
454 34
455 34
456 34
457 34
458 34
459 34
460 34
461 34
462 34
463 34
464 34
465 34
466 34
467 34
468 41
469 34
470 34
471 34
472 41
473 0
474 0
475 34
476 0
477 34
478 34
479 0
480 34
481 34
482 41
483 34
484 34
485 34
486 34
487 34
488 34
489 34
490 34
491 34
492 41
493 41
494 41
495 0
496 34
497 34
498 34
499 34
500 34
501 0
502 34
503 34
504 41
505 41
506 34
507 34
508 34
509 0
510 34
511 41
512 34
513 34
514 0
515 34
516 34
517 34
518 34
519 34
520 41
521 34
522 34
523 34
524 34
525 34
526 0
527 34
528 34
529 0
530 34
531 34
532 0
533 34
534 34
535 34
536 34
537 0
538 41
539 34
540 34
541 34
542 41
543 34
544 8
545 34
546 41
547 34
548 41
549 34
550 34
551 34
552 34
553 34
554 34
555 34
556 34
557 34
558 34
559 41
560 34
561 34
562 0
563 34
564 41
565 34
566 0
567 34
568 34
569 34
570 34
571 34
572 41
573 41
574 41
575 34
576 34
577 34
578 41
579 34
580 34
581 41
582 34
583 34
584 34
585 34
586 34
587 34
588 34
589 34
590 34
591 34
592 34
593 41
594 41
595 34
596 0
597 34
598 34
599 34
600 34
601 34
602 34
603 34
604 41
605 34
606 34
607 34
608 34
609 34
610 34
611 34
612 41
613 34
614 34
615 34
616 0
617 34
618 34
619 34
620 34
621 34
622 34
623 34
624 34
625 41
626 34
627 34
628 34
629 34
630 34
631 34
632 34
633 34
634 34
635 34
636 34
637 34
638 34
639 0
640 0
641 34
642 41
643 41
644 34
645 34
646 41
647 34
648 34
649 34
650 34
651 34
652 34
653 34
654 34
655 34
656 34
657 34
658 34
659 34
660 34
661 41
662 34
663 34
664 34
665 34
666 34
667 34
668 34
669 34
670 34
671 34
672 34
673 0
674 0
675 34
676 34
677 34
678 41
679 8
680 34
681 34
682 34
683 34
684 8
685 34
686 34
687 41
688 34
689 34
690 41
691 41
692 34
693 34
694 34
695 0
696 34
697 34
698 34
699 0
700 34
701 34
702 41
703 34
704 34
705 0
706 0
707 34
708 34
709 0
710 41
711 34
712 34
713 34
714 41
715 34
716 0
717 41
718 0
719 34
720 34
721 34
722 34
723 34
724 0
725 8
726 34
727 34
728 34
729 34
730 41
731 0
732 34
733 34
734 34
735 0
736 34
737 41
738 0
739 34
740 0
741 34
742 34
743 34
744 34
745 34
746 34
747 34
748 41
749 34
750 0
751 34
752 41
753 34
754 41
755 34
756 34
757 34
758 0
759 34
760 34
761 0
762 0
763 34
764 34
765 34
766 34
767 34
768 41
769 34
770 0
771 34
772 41
773 34
774 34
775 34
776 34
777 34
778 0
779 34
780 34
781 34
782 34
783 41
784 41
785 34
786 34
787 41
788 34
789 34
790 41
791 34
792 34
793 0
794 0
795 41
796 34
797 41
798 34
run time cost of algorithm SM_CTP is 1.39933seconds
