1323800 104 63
589 34
518 34
84 34
951 34
478 34
608 34
412 34
913 34
909 2
203 34
142 34
410 2
206 34
647 34
384 34
876 34
672 2
686 34
248 34
346 34
251 2
519 34
134 34
331 34
733 34
754 34
787 34
289 34
531 34
287 34
536 2
802 34
821 2
542 34
490 34
571 34
417 34
918 2
669 41
698 34
319 34
744 2
847 34
843 34
322 34
725 2
817 2
100 34
859 34
806 34
492 34
85 41
549 34
700 34
747 34
563 34
688 34
247 34
116 34
226 34
570 34
662 34
597 34
643 2
732 34
886 34
624 2
398 41
181 34
766 34
465 34
316 34
177 34
52 34
313 34
104 34
368 34
741 34
506 41
617 34
214 34
755 34
658 34
469 34
572 34
835 34
690 2
830 34
952 2
378 41
349 34
281 34
169 34
204 34
973 34
43 34
522 2
515 34
512 34
532 34
162 34
972 34
146 8
935 34
934 34
901 34
483 34
888 34
887 34
872 34
865 34
279 8
70 2
613 34
621 34
652 34
796 34
774 34
767 34
711 34
730 34
341 34
717 34
93 34
746 34
710 41
709 34
304 34
58 34
808 41
23 34
280 34
72 34
275 34
844 34
850 34
74 34
520 34
16 34
80 34
481 34
889 34
893 34
546 34
86 34
538 34
495 34
503 34
535 41
160 41
159 34
0 34
645 34
120 34
376 34
379 2
392 34
124 34
81 34
283 34
564 34
161 34
595 34
606 34
261 34
359 34
239 34
46 34
139 34
819 34
841 34
5 34
898 34
260 34
923 34
175 34
165 41
971 41
7 34
118 2
641 41
903 2
66 41
370 34
272 41
743 34
336 2
155 34
149 34
35 2
773 34
285 34
429 34
83 34
31 34
810 34
321 41
526 34
525 41
845 34
705 34
479 34
94 34
56 41
818 34
921 34
861 34
537 2
803 34
867 8
800 34
797 34
614 2
869 34
416 34
556 34
970 34
114 34
333 34
878 2
40 34
568 2
132 34
12 34
789 34
172 41
729 34
906 34
853 41
470 34
108 41
707 2
714 41
233 34
807 2
585 34
345 41
364 34
896 34
166 2
340 41
371 34
548 34
599 34
60 34
82 34
388 34
88 2
607 34
404 34
727 2
813 41
941 34
152 34
560 34
463 34
852 2
105 2
298 41
825 34
437 34
728 34
17 41
400 34
90 34
391 2
666 2
187 2
723 34
593 34
712 34
158 34
42 34
558 34
438 34
925 34
76 41
914 34
715 2
343 34
179 34
48 34
374 34
885 2
673 41
942 34
874 34
395 41
190 2
409 41
135 34
436 2
449 34
109 2
937 2
839 34
488 34
618 34
312 34
98 2
514 2
237 34
302 41
106 34
127 34
947 41
609 34
562 34
697 34
953 34
959 34
883 34
779 2
552 34
439 41
625 41
579 34
956 2
432 34
157 2
320 34
713 34
781 34
196 41
873 34
112 41
266 34
650 2
136 41
573 34
629 34
969 34
655 34
447 34
663 41
45 34
601 41
944 34
577 34
241 34
623 34
576 34
477 34
775 34
610 8
763 41
221 34
420 34
487 34
63 34
670 34
693 34
352 34
694 34
735 41
611 41
265 34
423 34
581 34
205 41
24 34
22 41
332 41
860 2
866 34
899 34
910 34
499 2
342 41
308 34
509 2
249 41
473 34
464 34
92 34
528 34
904 34
696 34
224 34
301 2
790 8
798 34
870 2
200 2
958 34
197 34
863 41
468 34
195 34
954 41
856 41
362 34
554 41
919 34
385 34
350 34
616 34
117 41
955 34
299 34
69 34
77 41
750 34
424 34
357 34
111 2
381 34
501 34
141 2
428 34
273 41
961 34
657 34
676 2
209 34
829 34
679 34
133 41
15 34
453 8
771 34
949 34
365 41
307 34
50 34
47 34
890 2
194 8
832 41
123 34
259 34
731 34
430 8
507 34
964 34
540 41
557 2
567 34
198 2
145 34
664 34
245 41
330 8
211 34
626 34
403 2
327 34
587 41
387 2
596 34
765 34
687 41
632 8
704 34
480 2
455 34
962 34
457 41
619 8
396 34
219 34
252 2
498 34
911 34
759 2
550 34
734 2
367 34
523 41
79 34
467 34
471 41
153 34
651 34
660 34
527 34
963 34
513 34
231 34
254 34
551 41
720 34
441 34
940 2
920 34
751 34
603 41
762 41
122 34
854 34
277 34
268 2
594 34
269 34
419 34
276 41
496 2
580 34
405 34
27 34
822 34
826 34
805 34
804 34
834 41
300 34
421 34
426 8
250 34
171 2
125 2
718 34
3 2
238 34
681 34
968 34
156 41
637 2
472 8
737 41
119 8
227 41
415 34
32 34
792 34
689 41
348 34
216 34
815 34
323 41
427 34
547 8
738 2
99 34
578 41
33 34
574 34
475 34
849 34
433 34
338 41
6 34
25 41
505 34
799 8
212 41
820 34
590 34
642 34
369 34
965 34
816 34
868 34
706 34
21 34
386 2
54 34
508 41
586 2
448 34
566 2
858 8
258 34
653 41
339 34
517 41
19 8
823 2
836 34
401 34
215 34
812 34
208 34
724 34
292 34
668 34
89 41
908 34
13 34
360 34
497 41
776 2
902 41
310 34
278 41
402 41
967 41
848 2
329 34
28 34
638 34
591 8
71 34
736 34
234 34
97 34
636 34
148 34
189 34
884 34
809 34
140 34
900 2
406 2
648 34
347 34
191 34
411 41
318 41
290 34
383 2
38 2
494 2
377 34
253 34
431 34
143 34
814 34
945 34
459 34
176 8
286 41
460 41
53 34
555 8
875 34
101 34
213 8
102 2
151 34
328 41
344 34
476 41
458 34
452 41
10 8
740 41
2 41
677 34
516 41
354 41
434 34
96 34
65 34
598 34
309 34
511 34
225 41
244 34
561 34
39 41
769 34
474 34
831 2
788 34
202 34
201 34
317 34
351 34
154 34
295 34
533 34
894 41
446 41
748 2
939 34
107 8
68 34
948 41
544 41
605 34
541 34
539 34
602 34
543 34
375 34
335 2
393 41
620 34
931 34
739 34
64 34
768 34
337 34
654 2
407 2
282 41
772 34
649 8
372 41
26 34
912 34
138 2
575 34
217 34
827 34
174 34
627 34
296 2
699 34
510 34
274 34
722 34
36 34
622 34
18 34
892 41
235 41
758 2
491 34
445 2
891 41
764 2
413 34
232 41
188 41
192 2
75 34
126 2
742 34
87 41
305 41
583 41
929 41
57 41
659 34
628 2
408 34
451 34
55 34
399 41
521 34
315 41
95 34
294 34
291 2
565 34
373 41
144 34
588 34
264 34
397 34
255 34
833 34
461 34
30 34
678 34
685 34
782 34
695 34
394 34
855 41
306 41
857 41
442 41
37 41
486 34
646 34
462 34
41 2
73 41
103 2
708 34
745 41
917 34
680 34
534 41
791 41
435 41
927 8
928 34
170 34
168 34
692 41
924 34
450 8
223 34
716 34
228 34
691 34
938 41
864 41
193 41
529 41
121 34
879 41
950 34
137 34
14 34
701 41
356 2
184 34
667 41
584 34
324 34
173 41
257 41
794 2
454 41
256 41
167 34
390 2
957 2
752 2
128 34
502 8
485 34
926 2
631 34
674 41
897 34
721 34
838 34
11 34
682 34
4 41
246 8
263 41
358 2
355 34
553 2
326 34
49 34
828 34
110 8
314 41
684 41
267 34
656 34
757 2
880 41
62 34
877 34
418 41
783 41
61 8
871 2
363 34
422 34
182 34
293 41
916 41
946 41
456 41
130 34
943 34
288 34
220 2
91 41
862 34
592 34
29 34
846 34
230 41
482 34
229 34
325 41
842 34
615 34
178 41
760 8
761 34
786 41
222 41
630 2
785 2
784 34
443 2
382 8
297 34
129 34
840 34
34 8
311 41
604 41
703 41
930 34
960 34
559 41
131 34
51 34
719 2
756 34
353 34
466 34
524 34
489 34
113 34
665 34
361 34
633 2
639 34
493 8
185 8
683 8
78 34
147 41
243 2
922 34
270 34
334 34
801 41
582 2
484 41
67 8
905 41
770 34
236 34
500 2
8 41
702 34
644 2
661 41
163 34
671 34
545 2
425 34
366 34
882 2
115 41
640 34
9 41
199 34
600 41
183 34
262 2
837 8
811 34
59 34
780 41
1 34
634 34
635 41
504 34
753 41
380 41
444 34
242 34
284 34
793 34
207 41
210 34
271 41
777 34
726 2
907 34
749 34
612 8
881 41
414 41
675 2
915 34
440 8
218 34
933 34
240 34
164 34
569 8
180 41
150 34
778 34
795 34
389 41
303 34
186 34
530 2
966 41
936 34
932 8
851 41
895 41
44 34
824 2
20 34
run time cost of algorithm DRT_BD is 0.598454seconds
