1358850 98 15
584 3
259 3
571 3
613 3
64 3
93 34
532 3
316 3
113 3
267 3
395 3
193 3
32 3
150 3
375 3
293 3
701 3
161 3
297 3
163 3
9 3
706 3
507 3
581 3
473 3
366 3
763 34
728 34
611 3
152 3
186 3
467 3
736 3
174 3
464 3
308 3
99 34
448 3
655 3
438 3
713 34
513 3
621 3
335 3
508 3
761 3
598 3
22 3
119 3
502 3
588 3
265 3
497 3
500 3
330 3
107 3
49 3
641 3
123 34
463 3
272 3
418 3
668 3
757 3
385 3
294 3
381 3
554 3
367 3
1 3
700 3
574 3
359 3
724 3
583 3
434 3
539 3
74 3
324 3
589 3
343 3
159 3
691 3
400 3
607 3
139 3
86 3
126 3
490 3
548 3
629 3
620 34
526 3
96 3
615 3
109 3
671 3
670 3
742 3
387 3
406 3
415 3
80 3
41 3
191 3
181 3
646 3
476 3
480 3
638 3
711 3
361 3
637 3
712 3
53 3
182 3
730 3
483 3
515 3
225 3
582 3
228 3
140 3
227 34
276 3
210 3
167 3
462 3
750 3
82 3
103 3
57 3
323 3
262 3
663 3
105 3
292 3
211 34
188 3
382 9
205 3
546 3
222 3
151 3
48 3
33 34
616 34
108 3
3 3
547 3
357 3
749 3
341 3
565 3
686 3
278 3
657 3
449 9
168 3
221 3
654 3
492 3
51 3
303 3
628 3
441 3
354 3
580 34
695 3
215 3
689 9
681 3
339 3
383 3
386 3
744 3
592 9
254 3
586 3
452 3
609 3
43 3
553 3
498 34
253 3
185 3
545 3
142 3
299 3
145 3
270 3
486 3
199 3
767 3
600 3
627 3
238 3
645 3
649 34
665 3
669 3
213 3
755 9
218 3
337 3
344 3
160 3
380 3
136 3
431 3
134 3
503 3
63 3
624 3
249 3
662 3
727 3
15 3
0 3
694 3
220 3
353 34
450 3
190 34
454 3
329 3
634 3
519 3
208 3
692 3
135 3
753 3
576 3
511 3
407 3
425 3
542 3
619 3
477 3
83 3
240 3
77 3
351 3
279 3
177 3
24 3
578 3
45 3
708 3
40 3
440 9
579 3
121 9
229 3
534 3
746 3
10 3
283 3
244 3
280 3
20 3
591 9
111 3
552 3
352 3
673 3
674 3
509 3
16 3
696 3
236 3
271 3
474 3
549 3
284 3
487 9
79 3
529 3
365 9
688 3
50 3
35 3
243 3
430 3
572 9
180 3
738 9
488 9
30 3
87 34
568 3
340 3
171 9
658 3
412 9
26 3
759 3
715 3
71 3
346 9
404 34
384 3
603 3
765 3
758 3
305 3
633 9
331 9
677 3
149 3
178 3
593 9
707 9
128 3
453 3
717 9
461 34
223 3
212 3
396 3
760 3
286 3
661 3
67 3
640 9
392 34
8 3
327 9
411 9
148 3
555 3
187 3
306 3
432 3
605 9
732 3
556 3
76 9
459 3
370 3
557 3
158 3
81 3
19 3
184 3
201 3
538 3
248 3
282 3
687 3
666 3
101 9
368 3
29 3
56 3
34 3
230 3
233 9
141 34
115 3
413 9
376 34
68 3
537 3
25 3
719 9
494 3
97 3
445 9
90 3
714 3
21 3
496 3
320 3
437 3
287 3
274 3
731 9
120 9
42 3
231 9
61 34
479 34
31 3
439 3
27 3
651 34
355 3
89 34
289 3
617 9
164 9
266 3
421 3
466 3
261 3
630 3
257 3
55 3
604 3
166 3
625 3
644 34
766 9
596 3
550 9
285 3
156 3
614 3
531 3
342 3
597 3
573 3
469 34
551 9
200 9
281 3
675 3
290 9
315 3
321 9
345 3
347 3
653 3
350 34
112 3
739 3
533 3
194 3
521 3
690 3
298 3
94 3
433 3
302 9
716 3
443 3
91 3
157 3
319 3
419 3
544 34
202 3
751 9
601 34
360 9
296 3
720 9
408 3
154 34
358 3
460 3
127 9
245 3
183 34
525 3
622 3
192 3
394 3
726 9
524 3
195 9
44 3
660 3
636 3
13 9
510 34
73 3
88 34
217 3
632 3
397 3
436 3
612 3
235 9
647 3
389 3
226 3
501 3
569 9
118 3
723 3
144 3
117 3
484 3
58 3
172 9
391 3
209 3
393 3
325 3
491 3
95 9
563 9
273 3
260 34
417 34
362 3
349 3
435 3
374 3
264 3
197 34
678 3
676 3
561 3
522 9
173 9
85 3
18 34
693 3
2 3
234 3
697 9
626 3
540 9
741 3
333 3
317 9
465 3
659 3
309 9
506 3
428 3
104 3
110 3
216 9
754 9
165 3
444 3
72 3
162 3
332 3
364 3
263 3
371 3
635 3
458 34
146 3
69 3
457 9
239 9
38 3
241 3
247 3
414 34
752 3
747 3
721 3
427 9
106 3
429 3
356 9
131 3
446 9
102 3
748 3
416 9
512 9
643 9
577 9
47 3
699 3
451 3
401 9
52 34
398 3
153 9
372 9
475 3
570 8
84 3
642 3
455 34
125 3
652 3
685 3
313 3
610 3
599 34
92 3
543 3
409 9
219 3
6 3
246 3
734 34
59 9
204 34
745 9
482 34
402 9
405 9
379 34
594 9
472 3
495 3
518 34
373 9
207 9
762 9
516 3
560 3
710 3
232 3
28 3
493 9
566 3
100 9
326 3
304 3
66 9
499 3
70 34
718 3
648 3
189 3
575 3
14 9
489 3
147 3
656 3
471 9
756 3
390 3
11 3
587 3
7 9
541 3
623 3
672 9
740 34
420 3
114 3
424 3
62 9
224 3
447 3
363 3
639 3
334 3
130 9
196 3
564 3
442 3
275 3
535 9
277 3
618 3
155 3
60 3
520 3
388 9
423 9
307 9
567 9
737 3
179 34
198 3
683 34
37 3
702 3
743 3
698 3
310 3
328 34
175 3
288 3
378 3
602 3
268 3
138 3
137 9
664 34
78 9
143 3
242 9
558 9
291 3
729 3
684 3
369 9
679 3
252 0
17 3
203 9
530 3
735 3
116 9
122 3
422 3
514 9
314 3
667 3
4 3
523 3
124 3
237 3
595 9
169 9
631 3
481 3
399 3
258 9
704 3
322 3
206 3
585 3
176 3
12 9
606 3
256 34
295 3
348 3
527 9
505 3
65 3
733 34
377 3
682 3
528 9
318 3
251 3
98 3
410 3
485 3
470 9
517 3
133 3
680 3
559 3
250 3
269 3
75 9
214 3
650 9
468 3
311 9
5 3
39 3
129 3
478 3
590 3
36 3
504 3
608 9
170 3
255 0
338 3
336 3
725 3
403 3
23 3
703 3
54 3
536 3
709 9
312 3
301 3
300 9
426 3
132 9
46 3
562 3
764 34
456 3
722 9
705 3
run time cost of algorithm DRT_BD is 0.456419seconds
