1126400 104 69
0 0
1 34
2 34
3 34
4 34
5 34
6 34
7 34
8 34
9 34
10 34
11 34
12 34
13 34
14 34
15 34
16 34
17 34
18 34
19 34
20 34
21 34
22 34
23 34
24 34
25 34
26 34
27 34
28 34
29 34
30 34
31 34
32 34
33 34
34 34
35 34
36 34
37 34
38 34
39 34
40 34
41 34
42 34
43 34
44 34
45 34
46 34
47 0
48 34
49 34
50 34
51 34
52 34
53 34
54 34
55 34
56 34
57 41
58 34
59 0
60 34
61 34
62 34
63 34
64 34
65 34
66 34
67 34
68 34
69 34
70 34
71 34
72 41
73 34
74 34
75 34
76 41
77 41
78 34
79 34
80 0
81 41
82 41
83 34
84 41
85 34
86 8
87 34
88 34
89 34
90 34
91 34
92 34
93 34
94 34
95 34
96 34
97 34
98 34
99 34
100 34
101 34
102 34
103 34
104 34
105 41
106 41
107 34
108 34
109 34
110 34
111 34
112 34
113 34
114 41
115 34
116 34
117 34
118 34
119 34
120 34
121 41
122 41
123 34
124 34
125 34
126 34
127 34
128 41
129 34
130 34
131 34
132 34
133 8
134 41
135 0
136 34
137 34
138 0
139 34
140 34
141 34
142 0
143 34
144 34
145 0
146 34
147 34
148 41
149 34
150 41
151 34
152 34
153 34
154 41
155 34
156 34
157 34
158 34
159 34
160 34
161 0
162 41
163 41
164 34
165 34
166 41
167 41
168 41
169 34
170 34
171 34
172 41
173 41
174 34
175 34
176 34
177 34
178 34
179 34
180 41
181 41
182 34
183 41
184 34
185 34
186 34
187 34
188 41
189 41
190 41
191 34
192 34
193 34
194 34
195 41
196 34
197 34
198 41
199 34
200 41
201 34
202 34
203 34
204 34
205 34
206 41
207 34
208 34
209 34
210 34
211 41
212 34
213 34
214 34
215 34
216 34
217 41
218 41
219 41
220 0
221 34
222 34
223 34
224 41
225 34
226 34
227 34
228 34
229 34
230 34
231 34
232 41
233 34
234 34
235 34
236 34
237 41
238 41
239 34
240 34
241 41
242 34
243 41
244 34
245 34
246 41
247 1
248 41
249 34
250 34
251 41
252 34
253 34
254 34
255 41
256 34
257 41
258 41
259 41
260 1
261 41
262 34
263 41
264 34
265 41
266 34
267 34
268 34
269 8
270 41
271 34
272 34
273 34
274 41
275 41
276 34
277 41
278 34
279 34
280 34
281 34
282 34
283 41
284 34
285 8
286 34
287 0
288 34
289 34
290 34
291 34
292 34
293 41
294 34
295 34
296 34
297 34
298 41
299 0
300 34
301 41
302 34
303 0
304 34
305 41
306 34
run time cost of algorithm SM_CTP is 0.237355seconds
