464050 104 64
0 34
1 34
2 34
3 34
4 34
5 34
6 34
7 0
8 34
9 34
10 34
11 34
12 34
13 0
14 0
15 34
16 34
17 34
18 34
19 34
20 34
21 34
22 34
23 8
24 34
25 34
26 34
27 41
28 34
29 34
30 0
31 34
32 34
33 34
34 34
35 34
36 34
37 0
38 34
39 34
40 34
41 34
42 0
43 34
44 0
45 34
46 34
47 34
48 34
49 34
50 34
51 34
52 34
53 34
54 34
55 34
56 41
57 34
58 34
59 34
60 41
61 41
62 34
63 34
64 0
65 41
66 34
67 34
68 34
69 34
70 34
71 34
72 34
73 34
74 34
75 34
76 34
77 0
78 34
79 34
80 34
81 34
82 34
83 34
84 0
85 34
86 34
87 34
88 34
89 0
90 34
91 34
92 34
93 8
94 34
95 34
96 34
97 34
98 34
99 34
100 41
101 0
102 34
103 34
104 34
105 34
106 34
107 34
108 41
109 34
110 34
111 34
112 34
113 34
114 34
115 34
116 34
117 41
118 34
119 0
120 34
121 34
122 0
123 34
124 34
125 34
126 0
127 41
128 34
129 41
130 34
131 34
132 34
133 41
134 34
135 41
136 34
137 34
138 34
139 41
140 34
141 34
142 34
143 41
144 34
145 34
146 34
147 41
148 34
149 34
150 34
151 34
152 41
153 34
154 1
155 0
156 0
157 34
158 34
159 34
160 34
161 34
162 41
163 0
164 34
165 41
166 0
167 41
168 41
169 34
170 41
171 0
172 34
173 34
174 34
175 34
176 34
177 41
178 41
179 34
180 34
181 34
182 41
183 8
184 34
185 34
186 41
187 34
188 34
189 34
190 41
191 34
192 34
193 34
194 34
195 34
196 34
197 41
198 41
199 34
200 34
201 34
202 34
203 34
204 41
205 41
206 34
207 41
208 0
209 41
210 0
211 0
212 0
213 34
214 8
215 34
216 0
217 34
218 34
219 34
220 34
221 34
222 34
223 34
224 34
225 41
226 8
227 41
228 34
229 41
230 34
231 34
232 41
233 41
234 41
235 41
236 0
237 34
238 34
239 34
240 41
241 34
242 41
243 34
244 41
245 41
246 41
247 8
248 0
249 34
250 34
251 34
252 34
253 34
254 41
255 8
256 34
257 41
258 34
259 41
260 34
261 34
262 34
263 34
264 34
265 34
266 41
267 34
268 34
269 34
270 34
271 34
272 34
273 34
274 8
275 34
276 34
277 34
278 34
279 41
280 0
281 41
282 0
283 41
284 0
285 41
286 41
287 34
288 34
289 34
290 41
291 0
292 34
293 34
294 0
295 0
296 34
297 0
298 34
299 34
300 34
301 8
302 34
303 34
304 34
305 8
306 8
307 0
308 0
309 34
310 34
311 34
312 34
313 34
314 0
315 34
316 41
317 34
318 41
319 8
320 34
321 34
322 34
323 34
324 34
325 41
326 34
327 8
328 34
329 34
330 0
331 0
332 34
333 34
334 41
335 41
336 34
337 34
338 34
339 41
340 41
341 34
342 8
343 34
344 0
run time cost of algorithm SM_CTP is 0.293022seconds
