8231600 159 67
0 29
1 49
2 29
3 49
4 0
5 34
6 29
7 34
8 49
9 29
10 49
11 49
12 34
13 29
14 34
15 34
16 49
17 29
18 49
19 34
20 29
21 34
22 49
23 29
24 49
25 29
26 29
27 49
28 34
29 29
30 29
31 29
32 49
33 0
34 29
35 29
36 29
37 29
38 29
39 49
40 49
41 29
42 49
43 34
44 49
45 29
46 29
47 29
48 49
49 34
50 0
51 34
52 29
53 34
54 29
55 29
56 34
57 29
58 29
59 49
60 49
61 29
62 49
63 29
64 34
65 49
66 49
67 0
68 34
69 49
70 49
71 34
72 29
73 34
74 34
75 34
76 29
77 29
78 29
79 34
80 49
81 29
82 49
83 49
84 0
85 49
86 49
87 29
88 49
89 29
90 49
91 29
92 29
93 49
94 49
95 34
96 34
97 29
98 29
99 49
100 29
101 29
102 29
103 49
104 49
105 29
106 29
107 29
108 29
109 29
110 49
111 49
112 49
113 34
114 34
115 49
116 34
117 49
118 29
119 29
120 29
121 29
122 49
123 49
124 29
125 34
126 49
127 49
128 34
129 29
130 29
131 29
132 34
133 49
134 29
135 49
136 29
137 29
138 49
139 49
140 49
141 34
142 49
143 29
144 29
145 34
146 49
147 29
148 29
149 29
150 29
151 34
152 49
153 29
154 29
155 34
156 49
157 29
158 49
159 49
160 29
161 29
162 49
163 29
164 49
165 49
166 34
167 49
168 29
169 34
170 49
171 49
172 29
173 29
174 34
175 29
176 29
177 49
178 29
179 29
180 49
181 49
182 34
183 49
184 29
185 29
186 29
187 49
188 29
189 29
190 49
191 34
192 34
193 29
194 34
195 34
196 34
197 34
198 49
199 49
200 29
201 29
202 49
203 29
204 34
205 34
206 29
207 0
208 34
209 29
210 29
211 29
212 49
213 49
214 34
215 29
216 34
217 49
218 49
219 34
220 34
221 29
222 49
223 49
224 29
225 49
226 49
227 49
228 49
229 34
230 34
231 49
232 0
233 49
234 34
235 29
236 49
237 29
238 34
239 29
240 49
241 29
242 0
243 49
244 49
245 34
246 34
247 29
248 49
249 29
250 29
251 34
252 29
253 49
254 49
255 49
256 49
257 34
258 29
259 34
260 49
261 34
262 29
263 49
264 49
265 34
266 29
267 49
268 34
269 34
270 34
271 34
272 34
273 29
274 34
275 49
276 49
277 34
278 34
279 49
280 49
281 29
282 49
283 49
284 49
285 29
286 29
287 49
288 29
289 49
290 0
291 29
292 29
293 29
294 34
295 34
296 49
297 29
298 34
299 29
300 49
301 0
302 34
303 29
304 34
305 29
306 29
307 34
308 29
309 49
310 29
311 49
312 29
313 29
314 49
315 34
316 34
317 49
318 0
319 0
320 34
321 29
322 34
323 49
324 49
325 0
326 49
327 29
328 29
329 49
330 49
331 49
332 34
333 0
334 34
335 0
336 29
337 29
338 49
339 49
340 29
341 49
342 29
343 29
344 29
345 29
346 34
347 49
348 49
349 49
350 49
351 29
352 29
353 34
354 49
355 34
356 29
357 34
358 49
359 29
360 49
361 49
362 34
363 29
364 0
365 0
366 29
367 49
368 49
369 29
370 49
371 29
372 34
373 49
374 49
375 0
376 29
377 34
378 34
379 34
380 0
381 49
382 34
383 49
384 29
385 29
386 49
387 49
388 29
389 34
390 34
391 34
392 29
393 34
394 34
395 34
396 0
397 29
398 49
399 49
400 34
401 34
402 49
403 49
404 29
405 49
406 29
407 29
408 29
409 29
410 29
411 49
412 29
413 0
414 29
415 49
416 49
417 29
418 49
419 0
420 34
421 29
422 29
423 49
424 49
425 34
426 49
427 34
428 49
429 34
430 29
431 29
432 29
433 29
434 0
435 34
436 0
437 34
438 34
439 49
440 49
441 34
442 34
443 49
444 29
445 29
446 0
447 29
448 49
449 29
450 49
451 49
452 49
453 0
454 34
455 49
456 29
457 34
458 29
459 34
460 0
461 29
462 49
463 49
464 49
465 34
466 29
467 49
468 34
469 29
470 49
471 29
472 0
473 34
474 34
475 29
476 49
477 34
478 49
479 29
480 0
481 29
482 29
483 29
484 49
485 49
486 29
487 34
488 0
489 0
490 29
491 29
492 49
493 49
494 49
495 29
496 49
497 34
498 34
499 29
500 0
501 49
502 29
503 29
504 34
505 49
506 0
507 34
508 29
509 49
510 49
511 29
512 29
513 49
514 49
515 29
516 49
517 34
518 49
519 29
520 49
521 29
522 29
523 29
524 0
525 34
526 29
527 29
528 34
529 29
530 29
531 49
532 0
533 49
534 49
535 49
536 34
537 49
538 29
539 29
540 29
541 0
542 29
543 29
544 29
545 29
546 34
547 29
548 34
549 34
550 29
551 0
552 29
553 49
554 49
555 49
556 29
557 0
558 49
559 49
560 41
561 49
562 29
563 29
564 29
565 49
566 29
567 29
568 29
569 49
570 34
571 49
572 29
573 29
574 29
575 49
576 49
577 49
578 34
579 29
580 49
581 49
582 29
583 49
584 49
585 34
586 34
587 29
588 34
589 49
590 49
591 0
592 49
593 49
594 29
595 49
596 49
597 49
598 34
599 49
600 49
601 49
602 29
603 0
604 34
605 34
606 34
607 34
608 34
609 34
610 49
611 49
612 49
613 49
614 29
615 29
616 34
617 49
618 34
619 34
620 34
621 0
622 49
623 0
624 49
625 34
626 34
627 34
628 34
629 49
630 34
631 29
632 34
633 34
634 0
635 34
636 34
637 34
638 49
639 34
640 34
641 49
642 34
643 49
644 49
645 49
646 34
647 34
648 49
649 0
650 34
651 34
652 34
653 34
654 41
655 49
656 49
657 34
658 49
659 34
660 49
661 49
662 34
663 34
664 49
665 0
666 34
667 49
668 34
669 34
670 34
671 34
672 0
673 49
674 34
675 49
676 49
677 49
678 34
679 34
680 41
681 34
682 34
683 49
684 0
685 49
686 0
687 34
688 49
689 34
690 49
691 34
692 34
693 41
694 34
695 34
696 34
697 34
698 49
699 49
700 49
701 0
702 34
703 34
704 34
705 49
706 34
707 49
708 34
709 41
710 41
711 34
712 34
713 34
714 49
715 49
716 49
717 34
718 41
719 34
720 41
721 41
722 49
723 0
724 29
725 41
726 0
727 41
728 41
729 0
730 49
731 49
732 49
733 49
734 49
735 49
736 49
737 41
738 41
739 41
740 49
741 49
742 41
743 49
744 8
745 41
746 49
747 49
748 41
749 41
750 49
751 49
752 41
753 41
754 41
755 41
756 41
757 41
758 41
759 41
760 41
761 41
762 49
763 41
764 41
765 41
766 8
767 41
768 41
769 49
770 0
771 41
772 41
773 41
774 0
775 41
776 8
777 41
778 41
779 41
780 41
781 41
782 41
783 41
784 41
785 0
786 41
787 41
788 41
789 41
790 41
791 41
792 0
793 41
794 41
795 41
796 41
797 41
798 41
799 34
800 0
801 0
802 41
803 41
804 8
805 41
806 41
807 41
808 41
809 49
810 41
811 41
812 41
813 41
814 41
815 41
816 41
817 41
818 41
819 0
820 41
821 41
822 41
823 41
824 41
825 41
826 41
827 34
828 0
829 41
830 41
831 41
832 0
833 0
834 41
835 41
836 41
837 41
838 41
839 41
840 41
841 41
842 41
843 41
844 41
845 41
846 41
847 41
848 41
849 41
850 41
851 41
852 8
853 41
854 41
855 41
856 41
857 41
858 41
859 49
860 8
861 41
862 41
863 41
864 41
865 41
866 41
867 41
868 41
869 41
870 41
871 41
872 41
873 8
874 8
875 41
876 8
877 41
878 41
879 41
880 41
881 8
882 41
883 41
884 41
885 41
886 41
887 41
888 41
889 41
890 41
891 41
892 41
893 0
894 41
895 41
896 41
897 0
898 41
899 41
900 41
901 41
902 0
903 0
904 41
905 41
906 0
907 41
908 41
909 8
910 8
911 41
912 41
913 41
914 41
915 8
916 41
917 41
918 41
919 41
920 41
921 41
922 41
run time cost of algorithm SM_CTP is 3.11332seconds
