1849600 104 68
0 34
1 0
2 34
3 34
4 34
5 34
6 34
7 34
8 0
9 34
10 34
11 34
12 34
13 34
14 34
15 34
16 0
17 34
18 34
19 34
20 34
21 34
22 34
23 34
24 34
25 34
26 34
27 34
28 34
29 34
30 34
31 34
32 34
33 34
34 34
35 34
36 34
37 34
38 34
39 34
40 34
41 34
42 34
43 34
44 34
45 34
46 0
47 34
48 34
49 34
50 34
51 34
52 34
53 34
54 34
55 34
56 34
57 34
58 34
59 34
60 34
61 34
62 34
63 34
64 34
65 34
66 34
67 34
68 34
69 34
70 0
71 34
72 34
73 34
74 34
75 34
76 34
77 34
78 34
79 34
80 34
81 34
82 34
83 34
84 0
85 34
86 41
87 41
88 34
89 0
90 41
91 34
92 0
93 34
94 34
95 34
96 34
97 34
98 34
99 34
100 34
101 34
102 34
103 34
104 41
105 34
106 34
107 34
108 34
109 0
110 34
111 0
112 34
113 34
114 34
115 34
116 34
117 34
118 34
119 34
120 41
121 34
122 34
123 34
124 34
125 34
126 34
127 34
128 34
129 34
130 34
131 34
132 34
133 34
134 41
135 41
136 34
137 34
138 34
139 34
140 34
141 34
142 34
143 34
144 34
145 0
146 34
147 34
148 34
149 34
150 0
151 34
152 34
153 34
154 34
155 34
156 34
157 41
158 34
159 34
160 0
161 34
162 34
163 34
164 34
165 34
166 41
167 34
168 34
169 34
170 34
171 34
172 0
173 34
174 34
175 34
176 34
177 34
178 34
179 34
180 34
181 41
182 34
183 41
184 34
185 34
186 34
187 34
188 34
189 34
190 41
191 34
192 41
193 34
194 34
195 34
196 34
197 34
198 34
199 34
200 34
201 34
202 34
203 34
204 34
205 34
206 34
207 34
208 34
209 34
210 41
211 34
212 41
213 41
214 34
215 41
216 0
217 41
218 34
219 34
220 41
221 34
222 34
223 34
224 34
225 0
226 34
227 34
228 34
229 34
230 34
231 34
232 34
233 34
234 34
235 34
236 34
237 0
238 34
239 41
240 34
241 34
242 34
243 34
244 34
245 34
246 34
247 34
248 34
249 41
250 34
251 34
252 34
253 41
254 34
255 34
256 41
257 41
258 41
259 34
260 34
261 41
262 41
263 34
264 34
265 34
266 34
267 34
268 34
269 34
270 34
271 34
272 34
273 34
274 34
275 41
276 34
277 34
278 41
279 34
280 0
281 8
282 34
283 34
284 34
285 34
286 34
287 34
288 34
289 34
290 34
291 41
292 34
293 34
294 34
295 0
296 41
297 34
298 34
299 34
300 34
301 34
302 41
303 34
304 41
305 0
306 34
307 41
308 0
309 41
310 34
311 41
312 34
313 34
314 34
315 34
316 34
317 34
318 34
319 0
320 34
321 34
322 34
323 41
324 41
325 41
326 34
327 34
328 34
329 34
330 34
331 1
332 41
333 34
334 34
335 34
336 34
337 41
338 0
339 8
340 41
341 34
342 34
343 34
344 34
345 34
346 34
347 41
348 0
349 34
350 34
351 34
352 0
353 34
354 34
355 34
356 34
357 34
358 41
359 34
360 8
361 41
362 34
363 34
364 34
365 41
366 41
367 34
368 34
369 34
370 41
371 41
372 41
373 41
374 34
375 34
376 34
377 34
378 34
379 41
380 34
381 34
382 34
383 34
384 34
385 34
386 41
387 41
388 8
389 41
390 34
391 34
392 41
393 41
394 41
395 34
396 34
397 34
398 34
399 34
400 34
401 34
402 34
403 34
404 0
405 0
406 41
407 41
408 34
409 0
410 34
411 34
412 34
413 8
414 34
415 34
416 41
417 0
418 0
419 8
420 41
421 41
422 34
423 34
424 8
425 34
426 34
427 34
428 34
429 41
430 34
431 34
432 34
433 41
434 41
435 41
436 34
437 34
438 34
439 8
440 41
441 34
442 34
443 34
444 34
445 34
446 34
447 34
448 34
449 34
450 41
451 41
452 8
453 34
454 41
455 34
456 34
457 34
458 41
459 41
460 34
461 34
462 41
463 34
464 41
465 41
466 34
467 34
468 34
469 41
470 34
471 41
472 34
473 41
474 34
475 34
476 34
477 0
478 41
479 34
480 41
481 34
482 41
483 1
484 34
485 41
486 34
487 34
488 34
489 34
490 41
491 41
492 34
493 34
494 0
495 34
496 41
497 34
498 34
499 41
500 41
501 34
502 34
503 34
504 34
run time cost of algorithm SM_CTP is 0.654565seconds
