7342800 170 18
54 25
1 25
105 25
118 25
365 25
306 25
472 25
411 25
360 25
249 25
10 25
2 25
576 25
616 25
477 25
496 25
238 25
25 34
399 25
303 25
75 25
279 25
376 25
175 25
484 41
415 25
422 41
81 25
542 25
371 9
107 25
437 25
159 9
503 25
254 25
502 34
573 25
151 41
241 25
462 25
283 25
218 25
288 25
558 25
215 25
501 9
366 41
446 25
372 25
620 25
591 34
69 25
142 25
47 41
127 25
352 25
608 25
314 25
139 25
183 25
138 25
316 25
617 25
193 25
346 25
593 25
442 41
311 25
622 25
570 9
194 25
94 25
205 41
651 25
482 25
333 41
575 25
245 41
251 25
184 25
515 41
96 34
324 25
416 9
353 25
35 25
370 25
57 25
457 25
551 25
615 25
231 25
165 25
265 25
459 25
524 41
95 9
312 9
171 9
480 41
634 41
513 41
527 41
276 9
440 41
201 41
330 41
598 41
510 41
227 41
357 41
9 41
68 41
152 41
52 41
26 41
624 41
506 41
149 41
544 41
647 41
199 41
521 41
290 41
439 41
185 41
334 34
140 41
90 41
489 34
379 37
196 41
247 41
475 34
390 41
536 41
23 41
161 41
66 41
21 41
114 41
309 41
604 41
301 34
466 41
649 41
548 37
595 41
425 41
565 41
631 41
212 41
51 41
74 41
64 41
335 41
73 41
349 41
310 41
428 41
530 41
650 41
240 41
144 9
410 41
523 41
250 41
453 37
232 41
34 41
535 41
313 41
203 41
350 9
275 41
323 9
599 38
526 41
116 41
104 41
78 41
556 37
408 41
481 41
473 41
441 37
454 41
178 34
499 9
191 41
274 41
374 38
88 41
448 41
216 41
389 41
345 9
4 41
563 34
613 41
638 34
244 34
37 41
430 41
48 34
89 41
455 37
294 41
373 41
574 41
187 41
342 41
641 41
468 41
447 37
263 41
507 41
266 41
592 41
582 9
419 41
433 41
92 41
619 9
223 41
438 41
611 41
495 41
359 41
583 41
280 41
653 9
424 41
177 41
509 41
621 41
451 37
44 34
39 37
398 37
344 37
172 37
630 34
580 37
547 37
571 34
417 9
421 37
256 34
287 37
449 37
550 37
549 37
512 9
354 34
298 38
491 34
242 8
483 37
460 37
388 37
347 34
469 37
432 34
471 38
268 34
401 37
605 37
315 37
162 37
431 37
257 37
22 37
60 37
602 37
381 38
155 37
540 34
84 37
485 38
168 37
86 37
369 37
278 37
531 37
331 38
181 37
28 37
226 37
590 37
224 37
474 37
253 9
588 37
486 37
511 37
259 37
219 34
458 34
505 37
644 34
500 38
414 37
552 38
170 38
478 37
429 37
197 38
156 38
45 37
55 37
525 37
319 37
154 37
111 34
147 37
110 37
322 37
174 37
100 37
87 9
153 37
7 34
67 34
569 37
119 37
190 37
198 37
77 37
646 37
587 37
579 34
299 37
639 34
220 37
612 37
72 34
286 37
387 38
363 37
307 37
629 37
329 37
217 34
70 37
221 37
167 38
642 37
121 38
356 37
470 37
343 34
555 36
609 37
260 37
269 34
533 37
113 34
596 37
529 37
338 37
229 37
49 34
258 37
328 9
534 34
24 38
645 37
143 37
115 38
272 37
467 37
632 38
164 34
252 37
173 37
137 38
367 37
578 37
320 34
479 34
392 37
456 37
516 34
518 38
285 37
97 37
508 34
405 38
65 37
56 38
427 38
211 37
120 37
123 38
426 37
497 38
43 37
102 37
235 37
8 37
19 38
382 37
567 34
246 37
33 37
202 9
188 34
83 37
61 37
163 37
270 37
157 37
148 37
292 34
214 37
361 34
572 37
243 38
20 34
237 34
545 37
626 38
318 38
553 34
625 37
327 34
125 37
308 37
494 37
391 34
397 34
208 38
136 37
618 37
160 37
562 37
85 9
423 37
207 37
465 37
395 37
30 38
277 38
368 9
409 38
158 38
601 37
538 34
600 37
607 34
560 37
103 34
108 38
543 34
284 34
300 38
128 37
654 37
520 37
302 37
461 37
652 34
141 38
134 37
400 37
640 37
522 37
17 37
561 38
606 37
517 34
6 37
554 37
93 38
566 37
182 34
463 37
532 38
603 37
585 37
326 37
568 9
623 34
339 37
91 37
281 34
273 34
406 34
213 37
12 34
27 37
546 38
210 37
239 37
348 37
380 25
262 41
564 8
452 37
402 38
225 34
586 37
412 37
3 37
537 37
82 38
58 38
135 34
236 34
404 37
407 38
434 37
271 37
498 37
59 38
341 34
145 37
337 37
336 38
124 9
106 34
443 34
594 37
317 37
209 37
228 34
635 37
610 34
29 37
264 38
31 37
493 37
383 38
40 37
304 34
297 38
403 37
321 38
504 38
614 37
377 9
628 38
53 37
539 34
62 38
364 38
133 38
296 34
464 37
633 37
234 34
351 37
282 37
16 33
5 37
557 37
0 37
200 37
186 38
490 37
362 37
340 37
295 37
206 38
420 37
418 34
230 38
189 9
80 38
355 34
514 34
519 37
129 37
204 37
222 38
192 37
396 8
386 37
627 37
112 9
126 38
131 9
325 38
450 38
291 37
436 37
559 37
195 37
476 38
444 38
648 37
637 37
50 38
98 38
597 34
378 9
528 37
109 38
11 38
267 37
394 38
63 37
492 37
146 34
293 38
101 37
132 34
289 33
169 38
581 38
248 38
180 34
117 34
435 38
15 37
176 37
36 37
41 38
488 34
46 37
487 37
305 37
99 8
42 37
166 37
358 37
584 34
38 37
179 37
643 37
332 9
14 37
122 34
393 37
130 9
589 37
150 37
233 9
384 37
385 37
18 37
413 9
71 34
541 37
577 37
445 37
32 37
76 34
79 37
636 37
261 37
255 38
13 37
375 38
run time cost of algorithm DRT_AG is 0.00507seconds
