1054000 109 69
162 34
281 34
184 34
185 34
68 34
37 0
201 34
217 34
99 34
164 34
65 34
132 34
72 34
16 0
209 0
29 34
246 34
240 34
140 34
187 34
233 34
196 34
86 34
210 34
22 34
102 34
212 34
91 34
206 34
124 34
165 41
284 34
45 0
28 34
189 34
21 34
88 34
32 34
85 34
78 34
14 34
192 34
254 34
171 34
237 41
238 34
54 34
229 34
48 34
49 41
154 41
219 34
25 41
111 34
186 34
266 34
63 34
66 34
231 34
15 34
126 41
71 41
94 34
282 34
259 34
145 34
18 34
203 34
199 34
47 34
40 34
195 34
95 34
122 34
268 34
75 34
11 34
269 41
252 34
272 34
273 34
31 34
2 41
247 34
98 0
215 34
129 34
197 41
64 34
80 34
61 34
221 0
264 34
46 34
159 34
35 34
263 34
69 34
133 34
42 34
76 34
150 34
261 34
178 34
224 34
176 34
175 34
207 34
208 41
113 34
26 34
181 34
242 0
100 41
232 34
280 41
256 41
97 41
253 34
144 34
244 34
149 34
204 34
20 34
58 34
89 34
41 41
67 34
130 34
127 34
10 34
117 34
258 34
105 34
214 24
44 34
52 0
248 34
73 34
257 34
84 34
33 34
174 41
5 34
148 34
158 34
190 41
125 34
123 34
267 41
81 34
226 34
276 34
141 34
205 41
218 34
250 34
157 41
142 0
277 34
262 34
116 34
249 34
239 41
146 34
216 34
90 34
183 41
92 34
93 34
23 34
255 34
110 34
38 34
243 34
143 34
188 41
179 34
220 34
222 34
160 34
191 41
170 34
53 41
131 34
139 34
136 34
228 34
236 34
62 34
167 34
166 34
24 34
198 34
0 34
17 41
152 41
121 0
200 41
115 41
34 41
169 24
109 34
147 34
235 41
79 41
82 34
59 34
163 41
168 41
128 41
177 41
225 0
194 41
137 41
96 34
155 8
7 41
103 34
36 34
51 0
283 41
279 41
6 34
274 41
87 34
271 41
83 34
211 24
153 41
30 41
104 34
77 34
114 41
56 0
134 34
107 34
270 34
135 34
172 34
245 34
50 34
120 34
275 41
161 0
241 41
119 41
234 41
55 34
3 34
70 41
112 41
260 41
230 34
74 41
4 34
202 34
180 41
227 41
19 34
213 41
251 41
223 41
8 34
39 34
27 24
43 0
101 34
278 34
265 34
57 0
1 34
173 41
9 34
182 34
118 34
156 34
108 41
138 41
12 34
13 24
151 34
106 41
60 24
193 34
run time cost of algorithm DRT_BD is 0.053418seconds
