7370800 159 64
0 49
86 49
731 49
189 47
323 49
397 47
403 47
439 47
463 49
485 0
509 49
529 47
564 49
410 49
589 47
111 49
192 0
47 49
274 0
331 49
20 47
334 49
694 34
647 49
73 47
143 34
525 47
728 0
378 47
679 49
605 34
70 34
528 47
394 49
624 47
249 49
244 49
200 34
561 34
165 49
734 34
245 47
424 49
727 47
195 0
157 47
75 47
671 49
372 0
535 47
558 47
404 49
241 47
48 49
620 34
670 34
489 49
581 34
110 49
107 34
643 49
369 47
549 49
419 34
425 34
696 47
102 49
303 47
285 34
144 47
216 47
202 49
375 49
612 49
553 47
554 0
726 49
57 47
514 49
674 49
175 49
376 47
174 49
227 47
662 34
183 47
167 47
710 47
140 47
455 49
538 47
447 34
129 47
324 49
733 47
550 34
492 49
623 34
342 49
468 49
634 34
186 0
430 49
654 47
190 49
475 49
417 49
718 49
683 49
158 47
292 47
269 34
685 47
667 47
122 47
220 47
615 0
443 49
619 49
179 47
708 47
547 47
555 49
196 49
212 34
340 47
497 49
82 49
7 49
583 34
318 47
622 49
704 49
313 34
356 34
543 34
493 34
141 47
276 47
453 47
542 34
513 49
407 47
13 49
597 49
568 34
258 34
147 34
596 47
631 34
234 49
655 47
210 49
203 49
104 47
444 34
458 34
180 49
305 49
480 0
250 34
219 34
14 49
511 49
689 47
540 34
310 47
571 49
327 47
575 49
251 34
730 47
576 47
560 34
518 47
606 34
1 34
641 41
295 49
645 47
248 34
88 47
602 49
194 49
117 34
45 34
163 47
516 34
353 0
93 34
488 34
705 34
21 49
361 47
343 47
290 49
321 34
115 47
498 47
630 49
428 49
722 47
574 49
166 34
352 47
76 47
454 34
653 47
531 47
31 47
533 47
477 47
633 34
595 47
510 47
359 49
22 34
46 34
52 47
188 49
701 34
642 34
208 47
148 49
414 49
283 49
600 49
67 34
706 34
385 34
135 47
669 0
442 47
460 34
725 47
92 47
314 49
64 49
229 49
62 49
635 49
138 41
666 47
698 49
154 49
427 49
213 49
476 47
646 49
72 34
146 47
697 47
181 34
559 49
503 34
692 49
161 47
204 34
469 47
432 47
4 34
312 34
611 0
399 49
441 49
83 47
723 34
719 49
665 47
173 0
491 47
32 0
35 49
18 49
199 49
628 49
520 34
707 34
316 47
594 47
604 47
490 49
27 49
541 49
320 47
440 47
209 49
656 47
309 34
71 34
580 49
271 34
365 49
639 47
389 34
392 47
716 47
254 47
721 49
737 49
505 34
178 49
627 47
139 0
280 34
502 49
621 47
337 49
332 47
715 49
98 47
235 49
237 0
546 47
263 49
668 47
322 34
150 47
132 34
598 34
638 41
664 34
524 49
398 8
33 47
557 49
448 49
53 34
371 34
709 49
729 0
68 47
420 47
592 47
51 49
445 49
613 47
368 34
690 49
384 49
370 34
640 47
207 0
548 34
413 47
214 47
534 49
30 34
422 47
293 34
714 0
713 49
636 34
457 49
128 49
473 0
34 34
40 47
530 47
357 47
501 47
474 49
429 49
153 34
5 49
222 49
456 49
402 49
481 49
328 49
225 34
648 49
421 47
311 47
699 49
136 34
268 0
563 34
637 49
164 47
724 49
96 47
364 47
77 34
299 0
579 47
610 47
257 47
515 49
567 49
124 34
109 49
151 49
527 34
298 49
658 49
450 34
677 47
211 47
288 34
287 34
155 49
436 47
266 49
278 0
296 49
58 47
286 34
338 47
281 49
11 34
38 49
2 49
279 47
201 49
500 49
617 49
99 47
388 49
570 47
519 47
121 47
652 49
366 47
565 49
168 47
386 49
700 47
85 34
629 49
10 47
584 34
367 49
586 0
297 47
390 34
239 47
437 0
24 47
545 49
660 34
446 41
496 41
626 49
224 49
127 47
43 0
284 34
507 34
142 34
28 47
66 47
218 49
526 47
350 34
9 0
41 47
55 34
89 0
230 47
39 47
105 47
544 49
247 34
226 47
657 34
470 47
282 49
326 49
308 47
482 34
333 0
732 0
401 34
362 34
90 49
355 47
78 49
101 34
377 49
382 47
131 47
6 49
171 47
223 49
551 47
572 49
252 47
494 49
383 49
676 49
302 47
329 34
81 34
569 47
265 49
177 34
618 49
588 34
499 49
478 34
523 47
15 34
231 47
137 34
566 0
232 47
702 47
36 34
601 47
391 47
300 47
591 47
387 34
573 47
264 0
504 47
294 47
347 47
675 47
160 47
449 47
159 47
396 34
246 34
418 34
162 34
60 47
172 47
672 34
395 47
393 47
409 47
100 34
236 34
187 47
275 47
349 0
582 47
87 41
145 47
191 47
381 34
354 47
587 0
691 47
8 47
91 47
221 47
260 47
400 47
738 47
412 47
74 34
79 47
433 47
607 47
346 47
345 47
341 47
659 47
206 47
49 47
69 0
103 49
56 47
603 47
717 34
344 34
319 34
686 47
472 47
197 47
678 34
495 47
133 34
339 0
120 47
562 47
593 34
26 47
50 47
466 34
301 47
16 0
116 34
373 34
521 47
108 34
423 47
680 34
578 47
273 47
465 0
614 0
609 34
517 47
406 47
63 41
599 47
272 47
261 47
84 41
291 47
325 34
688 47
632 47
351 47
130 34
552 34
471 47
684 47
452 34
358 47
616 34
336 47
123 47
255 34
703 47
506 34
306 47
215 47
405 47
695 34
149 47
176 47
711 47
625 34
23 34
720 47
114 47
95 47
682 0
508 34
242 47
644 47
94 34
54 34
112 47
459 47
461 47
374 34
182 34
483 47
360 47
134 34
464 47
42 47
277 47
661 47
259 47
536 34
106 47
537 34
416 34
484 34
317 47
152 34
113 47
673 47
233 47
267 0
3 0
29 34
330 47
736 47
438 8
119 34
240 47
270 34
44 34
80 0
435 47
681 34
651 34
37 34
712 47
408 34
205 47
663 0
735 47
522 34
217 34
556 47
590 47
17 47
415 47
193 47
256 47
156 0
411 34
687 47
59 34
169 34
486 47
198 47
126 34
315 47
379 47
65 47
539 34
185 47
184 34
479 47
97 47
61 34
243 34
608 0
262 47
12 47
125 34
307 34
228 47
380 34
649 34
577 34
335 47
25 0
348 34
289 47
434 47
431 34
118 47
238 34
426 47
585 0
19 47
487 34
462 34
304 47
253 34
512 47
363 34
451 34
693 34
532 47
467 47
650 34
170 47
run time cost of algorithm DRT_BD is 0.235609seconds
