4640800 98 15
76 15
593 34
559 15
33 15
426 15
364 15
118 15
219 15
294 15
656 15
626 15
211 15
779 15
67 15
109 15
420 15
770 15
13 15
452 34
292 15
215 15
24 15
643 15
725 15
208 15
393 15
149 15
491 15
618 15
319 15
164 15
201 15
466 15
397 15
666 15
560 15
141 15
310 15
7 15
412 15
707 15
66 15
341 15
251 15
720 15
721 15
439 15
80 15
372 15
166 15
799 15
615 15
69 15
180 15
651 15
640 15
569 15
584 15
83 15
591 15
207 15
273 15
356 15
20 15
131 15
786 15
650 15
57 15
277 15
276 15
553 15
564 15
741 15
751 15
72 15
127 15
304 34
398 15
250 15
590 15
60 15
158 15
283 15
429 34
764 15
686 15
451 15
777 15
61 15
193 15
762 15
189 15
756 15
453 15
479 15
704 15
28 15
730 15
483 15
714 15
298 15
784 15
634 15
577 15
188 15
545 15
366 15
176 15
461 15
778 15
257 15
427 15
716 15
160 15
434 15
490 15
435 15
702 15
384 15
470 15
174 15
531 15
248 15
737 15
381 15
156 15
641 15
645 15
18 15
463 15
484 15
370 15
209 15
272 15
754 15
270 15
534 15
185 15
446 34
329 15
548 15
212 15
216 15
503 15
515 15
715 15
629 15
342 15
138 15
314 15
631 15
604 15
475 15
230 15
220 15
155 15
410 15
611 15
186 15
385 15
552 15
517 15
162 15
579 15
92 15
124 15
267 15
710 15
676 15
635 15
288 15
488 15
401 15
563 15
432 15
520 15
382 15
379 15
8 15
337 15
760 15
743 15
600 15
726 15
612 15
565 15
533 15
39 15
332 15
284 15
402 15
167 15
269 15
597 15
146 15
789 15
523 34
333 15
423 15
328 15
617 15
796 15
469 15
358 15
12 15
639 15
658 15
346 15
691 15
481 15
705 15
119 15
601 15
566 15
95 15
465 15
178 15
522 15
701 15
175 15
23 15
755 15
191 15
258 15
128 15
542 15
407 34
0 15
395 15
392 15
147 15
32 15
232 15
233 15
630 15
706 15
377 15
616 15
293 15
455 15
21 15
115 15
495 15
350 15
501 15
738 15
711 15
78 15
255 15
145 15
558 15
96 15
313 15
5 15
133 34
252 15
75 15
758 15
800 15
637 15
713 15
228 15
27 0
583 15
41 0
104 15
179 15
375 15
183 15
340 15
512 34
609 15
91 15
797 15
389 15
744 15
94 0
734 15
210 15
303 15
106 15
38 15
223 15
599 15
192 0
549 15
143 15
3 15
614 15
81 15
588 15
750 0
327 15
785 15
231 15
509 15
414 15
646 15
218 15
685 15
422 34
70 0
142 34
17 15
2 15
197 15
48 34
259 15
308 15
238 15
165 15
574 15
561 15
360 0
206 15
30 15
396 15
482 0
708 0
607 15
664 15
354 15
173 15
324 0
411 15
348 15
347 15
300 15
719 0
334 0
497 15
516 0
150 15
632 15
457 15
56 15
610 15
494 15
727 15
753 15
139 15
221 15
690 15
1 15
567 0
243 15
526 15
112 15
428 34
355 15
14 15
249 15
477 15
229 0
692 15
64 15
330 0
718 15
532 15
318 15
15 15
582 0
653 15
153 15
10 15
459 15
305 15
679 15
538 15
184 15
557 15
745 15
436 15
524 15
514 15
245 15
456 15
502 15
296 15
589 15
665 15
602 0
274 15
683 15
782 15
478 15
527 15
693 15
518 15
419 15
386 34
256 15
663 15
213 15
37 34
42 15
130 34
671 15
121 15
440 15
473 15
500 15
196 15
285 15
40 15
237 15
266 34
365 15
749 15
669 15
467 15
568 15
596 34
11 15
55 15
493 15
662 15
99 0
431 0
359 15
26 15
652 15
699 15
697 15
695 15
657 15
462 15
694 0
44 0
9 15
47 15
445 0
787 15
480 15
345 15
621 15
578 0
281 15
85 15
199 15
247 15
661 15
454 15
684 15
388 15
111 15
114 0
544 15
700 0
136 0
378 15
541 15
122 0
253 15
254 15
357 15
405 15
244 15
49 15
108 15
417 15
595 15
326 34
323 15
144 0
376 34
722 15
312 0
766 15
592 15
485 15
680 15
468 15
246 15
31 0
399 15
772 15
673 15
529 15
35 15
362 15
530 15
791 15
510 15
226 15
394 15
433 15
29 15
644 15
619 15
19 15
660 15
543 15
437 15
746 15
177 15
265 15
280 15
659 15
102 15
598 15
536 15
788 15
498 15
261 15
736 15
344 15
793 15
239 34
45 15
404 15
628 15
562 15
654 15
476 15
792 15
107 15
87 0
291 15
672 15
655 15
182 0
154 0
152 0
519 0
90 15
100 34
353 15
668 15
773 15
367 15
263 34
555 15
458 15
361 34
539 34
224 15
16 15
642 15
225 15
406 15
513 15
460 15
757 15
759 15
540 15
752 0
603 15
496 15
374 15
689 15
795 15
728 15
400 15
278 15
733 15
194 15
339 15
765 15
767 15
198 0
290 15
58 0
187 15
768 15
286 15
492 15
338 15
125 15
236 0
623 34
307 15
302 15
747 15
52 15
546 15
506 8
504 15
450 0
59 34
528 15
572 15
88 15
242 15
464 15
140 0
674 15
416 15
391 15
6 15
262 15
535 15
387 15
93 34
98 0
748 34
709 15
682 15
343 15
190 15
681 0
168 34
331 34
46 15
608 15
264 15
159 15
739 15
89 15
368 34
624 15
547 0
22 15
120 15
667 15
729 34
521 15
86 0
570 0
4 15
287 15
84 15
594 0
195 15
636 15
499 15
647 15
575 0
573 15
780 15
380 15
77 15
235 15
586 0
587 15
421 15
295 15
97 34
129 15
335 15
65 0
202 15
320 0
63 15
282 15
73 15
781 15
771 15
783 15
443 15
442 15
137 15
670 15
723 15
622 15
217 15
511 15
790 0
471 15
170 15
554 15
448 15
336 0
62 0
203 15
688 0
413 15
408 15
776 15
449 15
317 0
525 15
315 15
126 15
363 0
581 15
472 0
424 15
742 0
585 34
163 0
537 15
325 15
505 0
157 0
241 15
79 0
633 15
103 34
352 0
390 15
409 0
487 15
171 15
227 15
316 15
71 15
732 0
441 15
322 15
214 15
761 15
403 15
43 15
798 15
110 15
123 15
297 15
181 0
801 15
489 15
605 15
606 15
50 15
135 0
268 15
204 0
299 34
620 0
68 15
444 15
134 15
678 15
580 15
301 15
306 34
418 15
82 15
474 15
677 15
25 0
740 0
240 15
222 0
775 0
774 15
373 0
161 0
731 0
105 15
550 0
51 15
169 15
556 15
36 0
703 15
717 0
271 15
638 0
309 15
486 15
151 15
34 34
172 15
675 15
132 0
551 34
74 15
205 15
430 15
763 15
613 15
769 15
311 15
321 15
351 0
53 15
648 15
289 0
425 15
415 15
117 15
116 15
275 34
687 15
349 15
794 15
369 15
627 15
371 0
101 15
724 0
625 15
54 15
438 15
735 15
576 0
113 15
383 15
200 15
447 34
712 15
279 15
507 15
649 15
571 0
698 0
148 15
696 15
508 15
260 15
234 15
run time cost of algorithm DRT_BD is 0.33092seconds
