1181500 161 49
268 9
50 9
817 9
298 9
627 9
612 34
116 9
581 9
383 9
754 9
212 9
194 9
16 9
438 9
436 9
435 9
208 6
411 9
182 9
479 9
272 9
536 9
56 9
774 9
61 9
846 9
389 9
713 34
712 9
380 9
583 9
802 9
812 9
87 9
243 9
303 9
282 9
113 9
819 9
349 9
677 9
579 9
561 9
66 9
65 34
550 9
740 6
749 9
546 9
539 9
162 9
137 9
262 9
567 9
204 9
750 9
531 9
842 9
254 9
515 9
506 9
667 9
888 34
640 9
225 9
122 9
167 9
366 9
361 9
442 6
889 9
624 9
692 9
201 9
193 9
615 9
794 9
327 9
35 9
174 9
890 9
486 9
63 9
578 9
277 9
145 9
885 9
410 9
393 9
658 9
641 9
21 9
281 34
538 9
649 9
381 6
863 9
421 9
857 9
369 9
598 9
771 6
533 9
135 9
351 9
522 9
707 9
835 9
188 9
773 9
57 9
105 9
697 9
818 9
535 9
299 34
566 9
662 9
573 9
119 9
648 34
382 9
290 9
439 9
166 9
786 9
295 9
575 9
595 9
8 9
824 9
46 9
513 6
275 9
554 9
177 9
179 9
455 9
723 9
77 9
686 9
424 9
206 6
173 9
892 9
207 9
512 9
776 9
419 9
744 9
97 9
880 9
736 9
2 9
816 9
219 9
86 9
795 9
462 9
350 9
596 9
477 9
309 9
827 9
790 9
112 9
124 9
314 9
103 9
332 9
95 9
783 9
6 6
501 9
197 9
408 9
874 9
619 9
475 9
601 9
656 9
673 9
674 9
464 9
294 9
64 9
871 34
467 9
156 9
856 9
289 9
191 9
227 9
125 9
404 9
176 9
732 9
597 9
251 9
887 9
427 9
886 9
415 9
726 9
170 9
526 9
651 9
312 9
92 9
768 34
154 9
308 34
884 9
196 9
873 9
553 34
488 9
164 9
440 9
329 6
175 9
564 9
474 9
375 9
714 9
27 9
607 9
34 9
79 9
665 6
514 9
172 9
478 9
189 9
158 9
324 9
9 9
503 9
133 9
769 9
91 34
525 34
499 9
4 9
313 9
787 9
829 6
705 9
685 9
460 9
108 9
614 9
403 9
630 9
852 9
891 34
548 9
23 9
446 9
636 6
605 9
318 9
12 9
184 9
183 9
843 6
757 9
729 9
428 9
269 9
323 9
17 9
426 9
148 9
473 34
249 9
335 9
252 9
650 9
831 9
491 6
737 9
659 9
815 9
784 9
620 9
233 9
261 9
459 9
572 9
49 34
101 9
469 9
518 6
216 9
39 9
523 9
519 9
392 9
805 9
756 9
297 34
293 9
629 6
418 9
22 9
779 9
414 9
240 9
777 9
509 9
836 9
29 34
594 9
114 6
759 9
390 9
494 9
870 6
319 9
527 9
570 6
163 9
363 34
131 9
484 9
796 9
544 9
735 9
542 9
161 9
370 34
877 9
540 9
589 34
378 9
25 9
256 9
244 6
770 9
407 9
346 9
457 9
412 9
186 34
255 9
623 9
528 9
646 9
588 9
537 6
521 34
468 9
792 9
285 9
470 9
171 9
155 9
60 34
78 9
360 6
279 9
273 9
875 9
745 6
180 9
226 9
134 9
555 9
24 9
264 9
838 9
452 9
586 9
590 9
118 9
719 9
111 9
820 9
317 9
718 9
715 6
798 9
576 9
263 9
210 9
695 9
11 9
89 9
48 6
493 9
310 34
274 9
228 9
529 9
395 9
684 9
864 34
141 6
661 9
362 9
549 34
853 9
265 9
302 9
580 9
120 9
505 9
781 9
760 6
211 9
195 9
502 9
379 9
425 9
220 9
797 9
328 9
391 10
236 9
420 6
690 9
276 9
423 9
458 9
267 9
799 9
668 9
748 9
250 9
93 34
585 9
710 9
354 9
511 9
530 9
743 9
126 9
702 34
725 9
343 9
402 34
331 9
854 9
782 9
520 9
621 9
242 9
448 6
165 9
767 9
55 9
643 9
639 6
306 9
689 9
359 9
481 9
730 9
123 9
727 6
377 6
761 9
336 9
107 9
345 9
803 9
849 34
766 9
334 9
445 9
215 9
571 9
214 6
241 6
734 9
635 9
149 6
657 9
862 9
19 6
582 9
451 9
483 9
83 9
450 9
449 6
307 9
865 6
31 9
810 9
102 9
422 9
625 9
868 9
543 9
288 9
855 9
292 9
130 9
301 9
840 6
610 9
645 9
340 34
76 9
746 9
72 9
259 9
234 9
338 9
429 9
628 9
681 9
837 9
385 9
632 9
517 9
14 6
358 9
670 9
872 9
121 9
253 9
716 9
406 9
223 9
47 9
867 6
660 34
830 6
405 9
222 9
496 9
711 9
454 9
465 9
683 9
260 9
850 9
53 6
691 6
344 9
613 9
611 9
466 9
26 9
606 9
602 34
772 34
138 6
687 9
788 9
722 9
591 9
88 6
150 9
73 9
185 9
804 9
463 9
676 9
762 9
333 9
841 9
433 9
75 9
52 34
152 9
706 9
238 34
143 9
800 9
664 9
642 9
655 6
577 9
399 9
247 9
339 9
637 9
71 9
417 6
32 9
40 6
232 9
129 9
394 9
109 9
0 9
778 9
604 6
859 9
322 9
858 9
127 9
96 9
663 6
753 6
160 9
791 9
341 34
599 9
600 6
304 9
747 9
626 9
68 9
36 9
374 6
545 9
409 9
741 9
447 9
879 9
33 9
81 9
560 9
851 9
384 9
541 9
315 9
245 9
168 6
618 9
861 9
492 9
763 6
823 9
321 6
326 34
733 6
869 9
388 6
398 9
58 9
443 6
461 6
638 9
235 9
584 9
28 6
844 9
115 9
368 9
882 34
569 34
144 9
453 6
30 9
609 9
20 9
100 6
203 6
724 9
246 9
90 9
547 9
821 9
721 6
765 9
814 34
822 9
532 9
806 9
495 9
62 9
221 9
413 9
365 6
444 9
230 9
231 9
190 9
617 9
151 9
807 9
342 9
678 6
679 9
775 9
13 9
682 9
504 9
5 9
300 9
780 9
316 9
701 9
558 9
80 6
396 34
15 9
364 6
229 9
524 9
431 9
248 34
698 9
51 10
847 9
43 9
675 9
476 9
593 9
809 9
218 9
742 9
237 9
708 9
826 6
671 9
82 9
38 6
70 9
320 9
136 9
258 9
833 6
688 9
603 34
699 9
347 9
280 9
498 9
355 9
652 9
205 34
728 6
271 9
157 9
507 9
441 6
845 9
497 6
42 9
876 6
644 9
738 9
480 34
672 34
764 6
239 9
142 9
217 9
704 9
99 34
801 6
789 9
811 9
356 9
59 34
139 9
510 6
54 9
755 9
694 9
353 6
785 9
98 6
563 9
720 9
562 6
516 9
608 34
482 9
696 9
348 10
146 9
69 9
508 9
416 9
574 9
556 9
808 9
592 6
41 9
209 9
278 34
752 6
397 9
731 9
848 6
270 9
487 9
311 9
485 9
653 9
565 9
860 6
153 9
198 9
266 9
631 9
434 9
430 9
213 6
357 9
159 9
490 9
287 9
400 9
401 9
622 6
296 6
700 10
330 9
647 9
839 6
117 9
739 9
147 6
437 9
132 9
500 9
557 9
104 9
432 6
832 6
883 6
633 9
3 9
187 9
140 9
371 34
110 9
878 9
10 6
834 6
472 9
352 9
654 9
534 9
373 9
587 9
552 6
680 9
7 6
693 6
717 9
489 34
286 9
666 6
568 6
169 9
128 34
67 6
703 9
94 9
305 9
372 9
751 6
828 9
634 9
471 6
825 9
709 9
106 9
387 6
793 9
813 9
669 9
84 9
284 9
325 9
866 9
456 34
283 9
181 9
386 6
85 34
18 9
376 9
44 9
37 9
45 9
337 9
199 9
559 9
616 9
200 9
881 9
202 9
758 9
291 6
257 6
74 6
551 6
367 6
224 9
178 6
1 6
192 6
run time cost of algorithm DRT_AG is 0.008932seconds
