2024800 120 48
343 25
452 25
37 25
354 25
267 25
113 34
46 25
196 25
430 25
371 25
148 25
25 25
428 25
62 25
86 25
220 25
294 25
178 25
417 25
69 25
397 25
179 25
22 25
100 34
105 25
482 25
182 25
8 25
50 25
110 25
47 25
321 25
324 25
41 25
234 25
332 25
202 25
244 9
449 25
341 25
361 25
33 25
303 25
302 25
16 25
197 25
404 9
405 25
24 25
456 25
17 25
259 25
193 9
325 25
54 25
5 25
192 25
98 25
97 25
59 25
213 25
453 34
274 25
80 25
292 25
466 25
177 25
67 25
68 25
218 25
245 25
329 25
353 25
176 25
486 25
4 25
322 25
317 25
480 34
158 25
426 9
425 25
161 25
222 25
396 25
269 25
39 9
168 9
333 25
171 25
29 25
79 25
388 25
306 25
387 34
284 25
331 25
468 25
383 41
53 25
150 41
262 25
485 25
230 9
95 25
282 25
254 25
101 25
378 41
55 25
6 25
398 41
369 25
237 25
400 9
142 25
40 25
263 25
10 25
454 25
78 25
384 34
350 25
385 25
81 25
164 25
340 25
276 9
13 25
228 25
277 25
52 34
394 25
296 25
31 41
91 25
34 25
60 25
152 25
471 25
57 25
402 9
58 25
442 25
18 25
319 25
316 25
368 25
314 9
323 25
153 25
203 25
307 25
479 9
463 25
433 25
391 25
462 25
336 25
295 25
339 25
256 25
313 25
107 25
434 25
45 25
239 25
390 25
236 9
88 9
420 25
392 25
209 25
130 9
94 25
266 34
241 25
362 25
188 25
121 25
299 25
172 25
175 25
82 25
416 25
167 25
457 25
312 41
376 25
348 34
356 34
281 41
199 25
483 25
126 25
432 25
56 25
280 41
1 25
190 25
2 41
135 25
451 25
183 25
366 25
155 25
424 34
19 25
208 25
389 25
293 25
114 25
170 25
163 25
73 25
261 25
242 25
287 25
181 25
240 25
120 41
123 34
349 25
283 25
125 25
186 25
232 25
44 34
212 34
488 25
359 25
288 41
431 25
427 25
423 25
290 25
195 25
42 25
15 9
305 25
219 25
217 25
318 25
338 25
459 25
122 25
118 25
108 25
27 25
367 25
112 34
214 34
252 25
358 25
211 41
35 25
207 25
93 25
26 25
23 25
328 25
272 25
445 25
72 25
411 25
437 25
116 41
115 25
111 25
104 25
352 25
102 25
205 25
132 9
216 25
146 25
311 9
470 25
441 41
189 25
134 25
279 25
231 25
185 25
414 25
413 25
76 25
450 41
87 25
103 25
484 41
291 41
249 41
363 41
458 25
265 25
154 25
310 25
304 9
436 25
221 25
326 25
14 34
289 25
382 25
381 25
139 25
379 25
70 25
106 25
49 25
51 25
144 25
200 41
149 25
435 25
147 25
12 25
467 25
408 25
409 41
474 25
373 25
257 9
61 25
418 25
84 41
210 25
345 25
460 25
464 25
285 25
264 25
337 25
133 25
419 25
64 41
476 41
250 25
32 25
131 25
145 25
342 41
138 25
143 25
77 25
473 25
301 25
260 25
440 25
127 25
85 25
351 25
233 25
229 25
223 25
141 25
156 25
246 34
399 25
21 25
309 41
286 25
165 25
444 9
407 9
166 34
191 25
297 25
109 25
129 25
187 9
3 25
271 25
365 25
124 25
461 25
20 25
224 25
393 25
92 25
96 25
119 25
258 9
198 25
298 25
439 34
273 25
7 25
412 25
477 25
238 34
275 34
357 34
226 25
30 25
347 25
438 41
481 25
194 25
370 25
201 25
204 25
447 25
443 34
89 25
215 25
374 25
9 25
300 9
66 25
11 25
355 25
137 25
327 25
415 25
71 25
140 25
157 25
360 25
410 25
421 9
83 25
225 25
180 25
90 25
386 25
99 25
377 9
372 25
248 25
253 25
162 9
206 25
43 25
315 25
28 25
227 25
0 25
235 25
243 25
422 34
268 25
478 41
173 25
75 25
446 25
465 25
448 25
335 25
395 25
117 25
375 25
136 41
364 25
455 34
48 34
487 25
346 25
63 25
65 25
251 25
406 25
278 25
330 25
174 25
475 25
403 25
308 25
160 25
159 25
469 25
472 25
169 25
151 25
320 25
401 25
184 9
74 25
380 25
270 25
334 25
255 25
38 25
247 41
128 25
344 25
36 25
429 9
run time cost of algorithm DRT_AG is 0.002765seconds
