2281600 104 67
0 0
1 34
2 34
3 34
4 34
5 34
6 34
7 0
8 34
9 34
10 34
11 34
12 34
13 0
14 34
15 0
16 34
17 34
18 34
19 34
20 34
21 0
22 34
23 34
24 0
25 34
26 34
27 34
28 34
29 34
30 34
31 34
32 34
33 34
34 34
35 34
36 34
37 34
38 34
39 34
40 0
41 34
42 34
43 41
44 34
45 34
46 41
47 34
48 34
49 34
50 34
51 34
52 34
53 34
54 34
55 34
56 41
57 34
58 34
59 34
60 0
61 41
62 0
63 34
64 34
65 34
66 34
67 34
68 34
69 34
70 0
71 34
72 34
73 41
74 34
75 34
76 34
77 34
78 41
79 34
80 0
81 34
82 34
83 34
84 34
85 34
86 34
87 34
88 0
89 34
90 34
91 34
92 34
93 34
94 34
95 41
96 34
97 34
98 34
99 34
100 34
101 34
102 34
103 34
104 34
105 34
106 34
107 34
108 34
109 34
110 34
111 34
112 34
113 34
114 34
115 34
116 34
117 34
118 34
119 41
120 34
121 34
122 34
123 34
124 34
125 34
126 34
127 34
128 41
129 34
130 34
131 34
132 34
133 34
134 34
135 41
136 34
137 41
138 0
139 34
140 34
141 34
142 34
143 34
144 34
145 34
146 34
147 0
148 34
149 34
150 34
151 41
152 34
153 34
154 41
155 34
156 34
157 34
158 34
159 41
160 34
161 34
162 34
163 34
164 34
165 34
166 41
167 41
168 41
169 34
170 34
171 34
172 34
173 34
174 34
175 41
176 34
177 34
178 34
179 41
180 41
181 34
182 34
183 34
184 34
185 34
186 41
187 34
188 34
189 34
190 34
191 34
192 34
193 34
194 34
195 34
196 34
197 41
198 34
199 34
200 34
201 34
202 0
203 34
204 34
205 34
206 0
207 34
208 0
209 34
210 34
211 34
212 34
213 34
214 41
215 41
216 34
217 41
218 34
219 34
220 34
221 41
222 41
223 34
224 34
225 0
226 34
227 34
228 34
229 34
230 34
231 34
232 34
233 34
234 41
235 34
236 34
237 0
238 0
239 34
240 34
241 34
242 41
243 34
244 34
245 34
246 41
247 41
248 34
249 34
250 34
251 41
252 34
253 0
254 34
255 34
256 34
257 41
258 41
259 41
run time cost of algorithm SM_CTP is 0.156044seconds
