1637600 104 66
314 34
140 34
342 34
148 34
156 34
122 34
351 34
353 34
65 34
283 34
214 34
364 34
254 34
29 34
304 34
440 34
339 34
6 34
167 34
103 34
403 34
39 41
394 11
391 34
390 34
369 34
74 34
77 34
66 34
76 34
360 34
359 34
271 34
20 34
14 11
118 34
289 34
301 34
219 34
264 34
270 34
23 34
388 34
95 34
213 34
141 34
439 34
292 34
1 34
224 41
446 34
437 34
128 34
428 34
120 41
114 41
111 34
60 34
45 34
187 34
193 34
288 34
278 34
269 34
234 34
239 34
27 34
263 34
135 41
175 11
335 34
109 34
186 34
423 34
212 34
358 34
216 34
225 11
317 34
307 34
435 41
333 11
115 41
182 34
84 34
354 34
207 34
235 34
344 34
298 34
386 34
380 34
376 34
215 11
385 34
430 34
157 34
159 34
253 34
427 34
303 34
177 34
325 34
91 34
191 34
294 34
30 34
105 34
108 34
61 34
245 34
378 34
178 34
194 11
302 34
251 34
196 41
171 34
424 34
237 34
357 34
121 34
54 34
400 11
96 34
16 41
152 34
389 8
53 34
78 11
330 41
131 34
72 34
447 34
102 34
56 34
293 34
228 41
210 41
139 34
185 34
97 34
355 34
368 34
373 34
425 34
420 34
125 34
404 34
412 34
75 34
201 34
248 34
334 34
443 34
222 41
223 41
396 34
341 34
37 41
218 34
362 34
200 11
409 11
164 34
252 34
153 34
414 34
227 34
226 34
19 34
258 34
123 34
268 34
79 41
429 11
25 41
361 11
432 11
345 34
10 41
284 11
411 34
297 34
331 34
165 34
324 41
204 34
51 34
266 11
180 41
365 34
117 34
217 41
22 34
377 34
126 11
321 34
308 34
379 41
38 8
312 34
197 34
83 34
372 11
90 41
119 34
155 34
7 34
436 34
137 34
343 11
55 34
315 34
326 34
206 34
58 34
332 34
340 34
106 34
107 34
68 34
71 11
116 41
370 34
374 34
381 34
416 34
89 41
4 34
445 34
0 34
291 41
415 8
387 41
161 34
444 34
150 34
63 34
9 41
176 34
421 34
256 34
166 34
149 41
18 34
392 34
406 34
442 34
279 34
209 34
395 34
366 34
280 34
33 34
80 34
179 34
11 34
426 34
199 11
285 34
265 34
401 34
349 34
347 41
418 41
431 34
57 34
242 34
129 8
168 11
59 34
34 34
160 34
417 34
110 34
174 34
247 41
231 34
329 34
336 34
147 41
434 41
13 34
273 34
146 34
261 34
211 34
5 11
40 41
356 11
15 34
249 34
8 34
17 34
31 34
208 34
2 41
295 34
299 34
300 41
384 34
382 34
64 34
94 34
73 11
306 34
163 34
410 34
267 34
136 34
352 34
259 41
181 34
282 11
320 34
316 41
229 34
398 34
319 41
100 34
35 41
198 34
397 41
241 34
49 11
169 11
221 34
28 34
93 34
202 34
26 41
203 34
70 41
183 34
50 34
104 34
337 8
48 34
88 8
151 34
246 34
250 34
383 34
130 34
328 41
92 41
62 41
82 11
276 11
313 34
41 34
67 34
244 11
85 34
3 34
143 34
98 8
441 41
371 34
36 34
170 41
287 41
144 11
158 34
87 34
230 41
24 34
272 34
286 34
172 34
195 41
255 41
257 11
310 41
419 34
238 34
86 41
281 34
142 41
262 11
348 34
220 34
127 34
99 8
43 8
407 34
44 11
311 34
134 34
233 8
132 34
277 34
46 34
408 41
367 8
184 34
438 11
138 34
350 34
154 41
173 41
21 41
275 34
236 34
145 34
133 41
112 34
81 34
346 11
405 34
363 41
243 34
338 34
240 34
274 34
413 11
47 41
433 34
290 34
232 41
322 8
318 34
422 41
296 41
309 34
52 41
305 34
205 41
12 41
323 34
101 34
69 11
192 8
327 34
190 11
189 8
260 34
42 34
402 34
399 41
113 34
124 34
393 34
32 34
375 34
162 34
188 41
run time cost of algorithm DRT_BD is 0.132747seconds
