292850 170 39
76 25
70 25
31 9
26 9
150 34
123 25
189 25
52 25
142 25
130 25
129 25
12 34
47 25
36 25
50 25
27 41
21 25
99 25
171 9
136 25
112 25
197 25
128 34
23 25
94 9
17 25
68 25
78 25
62 25
18 25
153 25
140 9
121 25
169 9
89 25
151 34
135 9
170 25
32 25
5 9
101 34
95 9
182 9
56 25
106 25
177 25
79 41
148 9
59 25
6 25
20 34
122 25
49 25
154 25
102 41
125 34
86 25
10 34
72 25
190 41
34 41
165 41
109 41
51 25
141 25
4 41
185 25
110 34
0 34
196 25
181 25
7 34
139 41
124 25
160 25
174 34
9 25
1 25
166 25
100 25
65 25
43 34
87 41
35 9
168 25
144 25
138 34
158 41
155 25
54 25
97 9
29 41
118 6
131 25
115 41
179 25
13 25
3 41
163 25
132 25
175 25
81 25
80 41
71 25
92 9
113 41
103 37
192 25
84 41
162 34
180 41
161 25
30 41
178 34
167 34
147 41
120 41
37 25
53 37
134 25
108 37
111 41
119 41
25 41
19 34
75 25
48 25
15 25
39 25
24 25
156 25
159 41
195 25
117 41
137 9
105 25
28 25
8 25
45 25
91 25
157 25
74 9
116 34
184 41
82 34
172 41
46 34
40 25
98 25
187 25
85 41
194 41
77 41
143 41
176 41
183 25
191 25
193 9
69 25
38 34
107 9
60 25
83 25
66 41
164 37
58 25
104 9
127 25
22 9
42 9
173 41
33 25
188 25
57 9
133 34
67 41
16 25
93 41
88 25
64 34
149 9
90 25
126 8
114 25
186 25
14 6
44 41
41 6
96 25
145 34
146 25
55 25
61 41
2 25
152 41
63 25
73 8
11 25
run time cost of algorithm DRT_AG is 0.000674seconds
