1343400 170 52
148 9
218 9
158 9
77 9
56 9
222 9
283 9
183 9
135 9
239 9
265 9
138 9
119 9
41 9
201 9
143 9
278 9
39 9
20 9
24 9
246 6
121 9
27 9
153 9
173 9
133 9
194 9
156 9
295 9
122 6
12 9
170 9
127 9
199 9
100 34
134 9
176 9
132 9
178 9
152 9
271 9
111 9
68 9
34 9
190 9
272 9
114 9
109 9
230 6
36 6
33 6
131 9
137 9
203 9
73 9
86 9
244 9
237 9
107 6
93 6
287 9
38 6
74 9
96 9
23 9
76 9
251 9
298 9
205 9
240 9
103 6
277 9
32 9
299 9
123 34
186 9
185 6
125 6
47 6
90 9
224 9
154 9
22 9
104 9
146 9
267 9
213 9
160 9
155 9
162 9
268 6
208 9
110 9
1 6
294 9
193 9
252 34
231 9
72 9
274 9
5 9
75 9
2 34
206 34
42 6
129 9
226 9
229 9
142 9
192 9
259 9
281 9
117 9
250 9
21 9
101 9
87 9
63 6
249 9
212 9
19 9
159 9
288 34
139 9
124 9
235 9
163 9
91 9
57 6
82 9
257 6
130 9
141 9
60 9
177 6
3 9
204 6
50 9
180 9
31 34
188 6
191 9
258 9
197 9
9 9
234 6
293 6
97 9
150 9
28 9
286 9
81 9
255 9
61 9
84 6
247 9
157 9
35 9
13 6
113 34
228 9
40 34
11 6
195 9
241 9
289 9
69 9
4 34
301 9
43 6
92 9
161 34
262 9
221 6
44 9
297 9
140 9
181 9
261 9
51 6
108 6
37 9
85 34
88 6
260 9
300 9
89 9
118 9
126 9
26 6
145 9
48 6
198 9
149 6
168 9
273 9
202 6
285 9
102 8
220 9
266 9
18 9
280 9
256 9
243 9
296 9
79 6
227 9
275 9
78 9
112 9
58 6
25 6
217 34
248 6
66 6
290 6
214 9
53 6
105 10
144 9
164 10
165 9
169 9
0 34
282 9
95 9
120 6
166 9
291 10
215 9
52 9
210 9
174 34
151 6
64 9
67 9
7 9
62 9
270 6
269 6
209 9
263 9
232 9
59 9
236 6
189 9
115 6
98 6
245 9
175 9
49 34
238 6
147 9
128 9
6 6
171 9
187 6
30 9
10 9
46 9
106 9
253 9
17 6
264 6
8 6
14 9
16 6
55 6
54 6
284 6
242 9
29 9
45 9
219 9
172 9
116 6
94 6
233 9
254 9
200 9
65 9
182 6
83 6
15 9
80 6
211 9
184 6
71 6
207 6
99 9
216 6
292 6
70 9
196 6
136 9
276 9
279 9
223 9
167 9
179 6
225 6
run time cost of algorithm DRT_AG is 0.001368seconds
