237400 161 49
83 9
37 9
143 9
19 9
108 9
53 9
152 9
97 34
101 9
86 9
8 9
55 9
166 9
4 9
6 9
18 9
46 9
137 9
17 9
89 9
133 9
161 6
165 9
151 9
107 9
61 9
44 9
41 34
81 9
21 9
140 9
149 9
56 9
32 9
124 9
115 9
50 9
153 9
132 9
10 9
96 9
48 9
75 9
71 9
102 6
148 9
156 9
40 9
25 34
128 9
58 9
5 9
138 6
12 9
157 6
134 9
13 9
73 9
74 9
77 9
164 9
15 9
65 9
70 9
136 9
109 9
27 9
33 6
84 9
67 6
68 9
142 9
3 9
49 6
47 9
117 6
57 9
88 6
91 34
139 9
99 9
87 9
59 6
9 9
51 9
35 34
38 6
127 9
85 9
160 6
125 9
52 9
43 9
95 6
154 9
20 9
72 9
103 6
0 9
175 9
14 6
159 9
171 9
170 9
28 9
144 34
66 9
42 9
167 9
94 9
150 9
110 6
7 9
121 6
168 34
145 6
39 6
116 9
54 9
172 9
177 6
29 9
104 6
114 6
122 9
24 9
62 34
36 9
78 9
93 6
26 34
16 9
22 9
120 9
174 34
111 6
2 9
118 6
80 9
100 9
119 9
92 9
155 6
11 9
113 9
173 34
69 9
129 9
82 9
60 9
90 9
158 9
141 9
34 34
79 9
131 9
135 9
63 9
106 6
23 34
169 9
105 6
126 9
31 34
64 9
112 9
98 6
163 6
76 9
123 9
146 6
162 6
1 6
130 10
30 34
147 34
176 9
45 9
run time cost of algorithm DRT_AG is 0.000638seconds
