1743200 98 16
0 34
1 0
2 34
3 0
4 34
5 0
6 0
7 0
8 0
9 0
10 0
11 0
12 0
13 0
14 0
15 0
16 0
17 0
18 0
19 0
20 0
21 0
22 0
23 0
24 0
25 0
26 0
27 0
28 0
29 0
30 0
31 34
32 0
33 0
34 0
35 0
36 0
37 0
38 1
39 0
40 34
41 0
42 0
43 0
44 0
45 0
46 0
47 0
48 0
49 34
50 0
51 1
52 0
53 0
54 0
55 0
56 0
57 0
58 1
59 0
60 0
61 0
62 0
63 0
64 0
65 1
66 0
67 0
68 0
69 0
70 0
71 1
72 1
73 0
74 1
75 0
76 0
77 0
78 0
79 1
80 0
81 0
82 1
83 1
84 0
85 34
86 0
87 0
88 1
89 0
90 1
91 0
92 0
93 0
94 0
95 1
96 0
97 0
98 0
99 0
100 34
101 1
102 8
103 0
104 1
105 1
106 0
107 0
108 1
109 0
110 0
111 0
112 0
113 34
114 1
115 1
116 0
117 1
118 0
119 0
120 0
121 0
122 0
123 34
124 0
125 1
126 0
127 0
128 0
129 0
130 0
131 1
132 1
133 1
134 0
135 1
136 0
137 1
138 0
139 0
140 0
141 0
142 1
143 0
144 0
145 0
146 0
147 1
148 0
149 1
150 0
151 1
152 1
153 0
154 0
155 0
156 0
157 0
158 1
159 1
160 1
161 34
162 0
163 1
164 1
165 0
166 1
167 0
168 1
169 0
170 0
171 0
172 0
173 0
174 34
175 0
176 0
177 1
178 0
179 1
180 0
181 0
182 0
183 0
184 1
185 0
186 0
187 0
188 1
189 0
190 0
191 1
192 0
193 1
194 1
195 0
196 1
197 0
198 1
199 0
200 0
201 0
202 0
203 0
204 1
205 0
206 34
207 0
208 0
209 0
210 0
211 0
212 0
213 0
214 0
215 0
216 1
217 34
218 0
219 0
220 1
221 0
222 1
223 0
224 0
225 2
226 0
227 0
228 0
229 0
230 1
231 0
232 0
233 0
234 1
235 0
236 0
237 1
238 1
239 0
240 0
241 0
242 0
243 0
244 0
245 0
246 1
247 0
248 1
249 0
250 0
251 0
252 34
253 0
254 0
255 0
256 0
257 0
258 1
259 1
260 0
261 1
262 0
263 0
264 0
265 1
266 0
267 0
268 1
269 1
270 1
271 1
272 0
273 0
274 1
275 1
276 0
277 0
278 1
279 0
280 0
281 0
282 0
283 1
284 1
285 0
286 0
287 0
288 34
289 0
290 1
291 2
292 1
293 2
294 1
295 0
296 1
297 1
298 1
299 1
300 0
301 0
run time cost of algorithm SM_CTP is 0.147513seconds
