3881200 170 28
119 25
136 25
762 25
186 25
640 25
89 25
622 25
225 25
433 25
781 25
605 25
236 25
255 25
13 25
257 34
570 25
277 25
548 25
293 25
827 25
839 25
347 25
841 25
474 25
24 25
362 34
804 25
844 25
634 41
135 25
849 25
416 25
350 25
689 25
109 25
688 25
178 25
759 25
419 25
502 25
407 25
767 25
316 25
860 25
831 41
454 25
627 25
825 25
85 25
49 9
83 25
435 25
597 25
815 25
586 25
443 34
854 41
301 25
530 25
546 9
290 25
542 25
465 25
132 34
360 25
134 25
464 25
563 25
748 25
69 25
303 9
151 25
579 34
691 25
790 25
590 25
377 25
169 25
176 25
852 25
675 25
782 25
397 25
38 25
654 25
98 25
86 25
400 25
401 25
402 25
219 41
198 25
730 25
216 25
212 25
313 25
826 25
192 25
309 9
517 25
780 25
321 25
819 25
336 9
617 25
308 25
436 25
305 25
35 25
483 25
591 41
304 25
393 25
384 9
148 25
720 25
356 25
272 9
383 25
302 25
18 25
727 41
128 25
217 25
736 25
835 25
405 34
238 25
122 25
789 25
231 25
229 25
263 25
90 25
553 25
411 25
806 25
297 25
199 25
96 25
808 25
190 25
665 25
669 25
673 41
239 25
382 25
498 25
494 25
676 25
375 25
172 41
840 25
693 25
154 25
700 34
370 25
863 9
742 25
116 25
543 41
545 25
694 9
9 25
111 9
529 25
348 25
478 25
737 34
210 25
140 25
681 25
725 25
816 25
63 25
429 25
267 25
66 25
332 41
724 25
118 25
450 25
537 25
855 25
510 25
385 25
557 25
442 25
42 25
180 9
800 9
522 25
609 41
306 25
486 25
211 25
814 25
247 25
588 25
395 25
165 25
846 25
243 25
352 25
638 25
365 25
6 25
713 25
294 25
296 25
468 25
195 25
822 25
115 25
630 25
796 25
314 25
834 25
273 25
179 25
497 25
67 9
620 25
618 34
379 25
571 25
175 25
795 9
612 25
7 25
19 25
847 25
71 25
485 25
709 9
345 25
349 25
241 25
372 25
722 25
125 25
322 34
320 25
506 25
100 25
3 25
423 25
310 25
524 25
482 25
207 25
560 41
149 25
569 25
783 25
784 25
259 9
857 25
31 25
414 25
501 34
105 25
262 25
254 25
777 25
832 25
137 25
224 25
177 41
566 25
601 25
251 25
817 25
772 41
376 25
426 25
194 25
155 34
753 25
550 25
33 25
268 41
770 25
351 25
354 25
473 25
805 25
357 25
123 25
540 34
856 25
544 25
533 25
59 25
95 25
367 25
641 25
695 25
751 25
368 25
525 25
686 25
479 25
5 25
467 34
750 34
650 25
150 25
626 41
491 25
775 25
836 41
859 25
68 25
235 25
261 25
181 9
328 41
15 25
786 25
723 9
547 41
599 25
631 41
76 25
862 25
403 41
120 25
580 25
499 25
188 25
577 25
227 41
392 25
439 25
755 25
441 25
144 9
146 25
452 25
850 9
170 25
771 25
213 41
757 25
647 25
363 25
842 25
633 25
29 25
670 25
58 25
697 25
477 25
291 25
475 25
635 25
534 9
642 9
645 25
507 25
861 25
26 25
732 25
587 41
793 41
472 41
518 41
521 41
11 41
702 41
391 41
628 41
718 41
143 41
339 41
274 41
680 34
787 41
743 41
196 41
32 41
97 41
492 41
572 41
93 41
574 41
705 34
651 41
495 41
438 41
552 41
312 41
315 41
157 41
331 41
858 41
72 41
811 41
810 41
131 41
582 41
699 41
763 41
364 41
752 41
234 41
589 41
361 41
833 41
526 41
710 41
432 41
677 41
487 41
173 41
728 41
152 41
606 41
480 41
420 41
476 41
220 41
113 41
62 41
208 41
803 41
70 41
717 41
584 41
142 41
637 41
253 34
541 41
462 41
159 41
17 41
437 41
124 41
792 41
21 41
139 41
162 9
326 41
371 41
559 25
45 41
191 41
505 41
740 34
77 41
554 41
621 41
82 34
671 38
652 41
343 41
185 41
516 41
667 41
8 9
138 34
307 41
683 41
374 41
575 41
206 41
802 41
657 41
197 41
249 41
761 41
463 41
126 41
299 41
643 41
460 9
523 41
459 41
655 41
600 41
457 41
87 41
378 41
696 41
613 34
114 41
711 41
741 41
25 41
222 41
413 9
390 41
265 41
387 41
47 41
434 41
48 41
275 41
158 41
380 41
703 9
65 41
110 41
829 34
610 41
289 41
660 41
470 41
359 41
813 41
749 41
625 41
519 41
760 34
344 41
778 34
237 41
346 41
809 41
218 41
84 41
129 41
353 41
624 41
664 41
726 41
335 41
163 41
678 8
330 41
381 41
484 41
768 41
674 41
329 41
500 9
16 41
112 41
455 37
404 41
837 41
166 41
248 41
92 41
456 41
619 41
656 41
453 34
369 41
256 41
798 41
576 41
788 41
535 34
661 41
202 41
481 41
52 41
102 41
271 41
54 41
264 41
493 41
60 41
698 41
317 41
766 41
721 37
644 41
821 37
490 41
615 41
449 41
258 41
451 34
820 41
791 9
2 41
549 41
147 9
221 41
746 41
282 41
830 41
104 34
232 34
512 41
807 34
422 37
799 41
171 41
406 41
424 41
168 41
632 9
40 37
731 9
715 41
338 9
706 41
233 41
39 41
103 41
73 41
427 41
707 41
585 41
43 37
623 41
733 41
745 41
12 34
203 41
738 9
447 41
616 41
226 41
79 41
117 41
319 41
108 41
417 41
418 41
756 41
408 38
425 37
398 37
23 41
629 9
448 41
164 41
690 41
685 41
684 37
41 41
774 41
341 41
50 9
183 41
515 41
318 9
520 41
61 41
532 34
658 41
145 41
561 9
286 41
281 41
74 41
551 41
366 37
1 34
284 41
4 41
539 34
288 41
106 41
659 37
776 41
801 41
714 41
663 41
604 41
10 41
666 41
573 37
270 9
399 41
430 41
719 41
445 37
595 37
325 41
182 41
209 41
744 41
824 41
337 41
252 41
167 41
358 41
471 41
245 41
246 41
556 41
27 41
91 41
458 41
765 41
174 41
639 41
51 41
596 41
161 41
386 41
22 9
851 41
396 41
240 37
55 41
127 41
578 41
201 41
598 37
88 41
230 41
527 41
80 41
78 41
283 41
712 41
668 41
0 37
279 37
716 41
415 9
421 41
431 41
141 41
160 41
81 41
687 34
531 41
779 41
567 41
20 34
389 41
440 41
568 41
187 41
446 38
461 41
295 41
260 41
653 41
528 41
311 41
57 41
56 41
511 41
592 37
200 41
509 41
508 41
607 41
754 34
214 41
823 34
504 41
503 41
614 41
333 9
747 41
324 9
608 41
334 41
758 41
603 41
602 34
594 41
636 41
828 41
812 41
646 41
355 41
469 34
373 41
769 34
94 37
514 41
36 41
34 41
298 41
735 41
843 37
388 41
682 41
14 41
133 41
285 41
692 41
204 37
562 41
785 41
394 41
853 37
679 41
75 34
278 41
564 41
672 41
565 41
184 41
287 41
189 41
121 37
536 41
292 41
466 41
269 41
342 37
44 41
340 41
300 41
250 41
583 41
244 41
488 41
215 41
327 9
764 41
323 41
228 41
53 9
593 41
107 41
818 41
153 41
101 41
242 41
704 41
99 41
496 41
409 41
46 34
489 41
156 41
513 41
773 41
701 41
266 41
130 37
558 41
64 37
794 41
444 41
838 34
193 9
797 41
30 41
662 41
845 41
538 41
734 41
28 41
739 9
848 41
37 41
729 41
280 41
276 41
555 41
649 9
412 41
648 41
581 41
428 34
708 41
611 41
223 41
410 41
205 41
run time cost of algorithm DRT_AG is 0.008357seconds
