5132000 152 61
141 33
491 21
8 34
85 21
271 21
468 21
233 33
10 33
365 21
71 21
183 33
40 33
39 33
329 21
521 21
84 33
242 33
220 34
507 33
373 21
391 21
79 34
482 33
178 21
377 33
539 21
547 34
221 34
454 33
396 34
446 21
404 33
376 34
70 34
346 34
466 34
253 21
350 33
138 34
76 33
9 34
241 21
435 34
445 21
548 21
561 34
226 33
200 21
127 21
525 33
331 21
486 33
429 21
369 34
556 21
427 0
128 33
292 0
192 0
307 34
318 21
189 21
13 21
254 33
263 21
92 0
558 21
418 33
359 21
68 33
175 21
133 33
180 34
69 34
191 21
120 21
121 21
357 34
540 21
149 21
2 21
67 33
214 34
166 33
501 34
488 33
389 33
28 33
450 34
304 34
473 34
47 21
333 34
87 33
407 21
334 21
82 34
168 34
385 34
296 21
403 21
506 34
474 21
542 21
225 34
367 34
163 21
12 21
235 33
33 33
380 33
7 21
97 21
17 34
298 21
21 33
355 21
35 33
45 21
442 21
412 33
388 21
31 33
238 33
171 33
358 21
246 33
453 33
512 34
301 21
267 33
311 33
26 33
255 21
410 21
38 33
215 21
103 33
497 21
205 33
165 21
51 21
54 21
257 21
75 21
423 34
414 33
237 21
50 0
52 0
496 34
452 33
530 0
109 33
185 24
546 33
283 34
508 33
256 33
375 21
386 21
239 21
6 34
476 21
527 34
278 34
551 34
503 21
340 21
328 34
43 33
479 0
57 34
46 34
94 21
210 33
565 21
142 33
541 21
522 0
349 33
428 0
498 21
282 21
1 21
275 21
89 33
535 34
37 33
570 33
260 33
240 34
134 34
443 21
439 34
78 33
393 0
536 34
469 0
24 21
83 34
66 8
425 33
424 34
394 21
513 0
460 21
492 34
495 34
457 21
213 21
395 34
112 34
571 21
208 34
252 33
524 21
325 0
378 21
544 21
222 33
575 33
384 33
174 21
243 0
80 21
338 33
106 21
330 34
48 34
379 21
73 21
415 21
289 0
231 34
520 33
504 33
321 24
316 21
186 21
462 0
295 21
448 33
4 0
543 34
219 33
532 33
91 33
518 34
137 33
152 21
489 34
364 34
312 21
463 0
156 21
268 33
477 34
374 21
23 33
353 33
383 21
440 0
129 21
409 34
170 33
173 0
372 21
323 21
392 0
34 21
196 21
184 34
426 33
451 21
72 0
400 33
351 21
224 0
280 33
135 34
413 34
433 24
5 33
348 33
281 0
455 21
190 0
286 34
478 33
293 33
113 21
322 21
116 21
201 34
99 33
74 21
309 34
49 33
195 21
148 21
104 33
567 33
523 21
347 34
125 33
159 33
203 33
313 21
574 21
182 34
308 33
15 0
505 33
162 34
157 24
98 21
484 33
335 21
140 33
319 34
147 33
14 21
516 21
398 34
326 0
177 33
111 33
447 21
515 34
416 33
19 21
154 33
93 33
441 33
245 34
86 21
408 33
126 34
381 33
211 21
62 21
3 21
108 33
100 33
314 33
487 33
399 21
320 33
299 21
77 33
56 21
42 21
458 34
480 33
327 33
370 34
401 21
302 33
61 34
90 34
485 34
511 34
397 34
470 24
124 21
363 21
421 21
229 24
114 33
249 21
459 21
230 8
288 33
434 33
449 34
29 21
63 21
88 34
102 21
207 21
494 33
118 34
502 0
20 34
554 34
30 21
228 21
545 21
59 34
315 33
332 33
490 21
481 34
197 21
294 21
341 34
117 21
155 21
199 21
342 0
32 0
559 34
562 21
146 21
317 33
169 21
303 33
188 21
405 21
438 21
284 21
0 21
11 21
368 33
564 34
81 33
402 21
217 21
251 21
432 21
422 33
475 21
194 21
533 34
345 21
153 34
411 21
247 33
150 33
259 0
132 34
467 34
510 0
555 21
105 34
139 21
55 33
285 33
172 21
366 33
144 33
337 21
258 24
430 33
151 33
198 33
265 21
356 33
461 34
456 21
560 24
297 21
232 21
566 21
553 21
167 33
534 34
179 33
64 21
176 34
305 21
161 33
339 33
354 21
465 21
123 33
324 24
444 21
276 21
158 34
336 33
107 33
287 33
472 21
529 21
270 33
277 33
352 21
16 34
419 34
60 21
236 21
223 33
145 33
344 0
96 0
269 34
568 8
420 21
209 33
557 21
382 34
464 33
500 34
306 33
360 21
431 33
101 34
218 33
216 21
95 33
119 33
193 21
436 34
362 21
569 21
27 21
143 21
244 0
250 21
361 21
538 33
160 21
550 21
204 34
519 34
528 21
572 21
25 21
291 33
552 33
164 21
526 34
417 33
202 21
227 33
18 21
53 34
36 33
387 34
131 33
483 21
22 21
65 33
206 21
212 0
573 33
266 0
41 34
514 34
115 33
549 34
290 21
248 21
371 33
58 33
44 21
537 33
517 21
122 21
136 34
272 21
273 21
493 34
181 21
300 21
471 21
261 33
531 21
110 34
509 34
390 21
310 34
406 21
274 34
437 21
262 34
264 33
343 33
130 8
563 34
187 33
279 34
234 33
499 33
run time cost of algorithm DRT_BD is 0.17221seconds
