3067200 120 52
0 29
1 29
2 34
3 29
4 34
5 29
6 29
7 0
8 34
9 29
10 29
11 29
12 29
13 29
14 34
15 29
16 29
17 34
18 34
19 34
20 29
21 29
22 29
23 29
24 29
25 29
26 29
27 29
28 29
29 29
30 34
31 29
32 29
33 29
34 29
35 29
36 29
37 29
38 29
39 29
40 29
41 29
42 29
43 29
44 34
45 29
46 29
47 29
48 34
49 29
50 29
51 29
52 29
53 29
54 29
55 29
56 29
57 29
58 0
59 29
60 29
61 29
62 29
63 29
64 29
65 0
66 29
67 29
68 29
69 29
70 29
71 34
72 34
73 29
74 29
75 29
76 34
77 29
78 29
79 29
80 29
81 34
82 29
83 34
84 29
85 29
86 0
87 34
88 29
89 29
90 34
91 29
92 29
93 29
94 29
95 29
96 29
97 29
98 29
99 29
100 29
101 29
102 34
103 29
104 29
105 29
106 29
107 0
108 29
109 29
110 34
111 29
112 34
113 29
114 29
115 34
116 29
117 34
118 29
119 29
120 29
121 34
122 29
123 29
124 34
125 34
126 29
127 29
128 29
129 29
130 29
131 29
132 29
133 34
134 29
135 29
136 29
137 0
138 29
139 29
140 29
141 29
142 29
143 29
144 29
145 34
146 29
147 34
148 34
149 29
150 29
151 29
152 0
153 29
154 29
155 34
156 29
157 34
158 29
159 34
160 0
161 29
162 29
163 29
164 29
165 29
166 34
167 29
168 29
169 29
170 29
171 29
172 34
173 29
174 29
175 29
176 34
177 29
178 29
179 34
180 0
181 29
182 0
183 29
184 34
185 29
186 29
187 29
188 29
189 29
190 29
191 29
192 34
193 29
194 34
195 29
196 29
197 29
198 29
199 29
200 34
201 0
202 29
203 29
204 0
205 34
206 29
207 34
208 29
209 29
210 0
211 34
212 34
213 29
214 34
215 29
216 29
217 29
218 29
219 29
220 0
221 34
222 29
223 34
224 34
225 29
226 29
227 29
228 29
229 0
230 34
231 29
232 29
233 34
234 34
235 29
236 29
237 29
238 29
239 29
240 29
241 29
242 29
243 34
244 29
245 34
246 29
247 0
248 29
249 29
250 29
251 29
252 29
253 29
254 0
255 0
256 29
257 29
258 29
259 29
260 0
261 29
262 29
263 29
264 34
265 34
266 29
267 29
268 34
269 29
270 29
271 29
272 29
273 0
274 29
275 29
276 29
277 29
278 29
279 29
280 29
281 29
282 29
283 34
284 29
285 29
286 29
287 29
288 29
289 34
290 34
291 34
292 29
293 29
294 0
295 34
296 0
297 8
298 34
299 29
300 0
301 34
302 34
303 29
304 29
305 29
306 0
307 29
308 29
309 29
310 34
311 29
312 29
313 29
314 29
315 29
316 29
317 0
318 29
319 29
320 34
321 29
322 29
323 29
324 29
325 29
326 29
327 29
328 34
329 34
330 0
331 29
332 29
333 29
334 29
335 29
336 29
337 29
338 29
339 29
340 29
341 29
342 29
343 29
344 29
345 29
346 29
347 29
348 34
349 29
350 34
351 29
352 29
353 34
354 29
355 29
356 29
357 29
358 34
359 29
360 29
361 34
362 29
363 34
364 29
365 34
366 29
367 29
368 34
369 29
370 29
371 29
372 29
373 29
374 29
375 34
376 34
377 34
378 29
379 34
380 29
381 29
382 34
383 34
384 29
385 29
386 29
387 34
388 34
389 29
390 34
391 29
392 34
393 29
394 34
395 29
396 29
397 34
398 29
399 0
400 29
401 34
402 29
403 34
404 29
405 34
406 29
407 29
408 34
409 29
410 29
411 29
412 34
413 34
414 34
415 29
416 29
417 29
418 29
419 29
420 29
421 29
422 29
423 29
424 34
425 34
426 29
427 29
428 29
429 29
430 29
431 34
432 34
433 29
434 34
435 34
436 29
437 0
438 29
439 29
440 29
441 29
442 24
443 29
444 29
445 29
446 34
447 29
448 29
449 29
450 29
451 29
452 29
453 34
454 29
455 29
456 34
457 29
458 0
459 29
460 29
461 29
462 29
463 29
464 29
465 29
466 34
467 29
468 29
469 29
470 34
471 29
472 29
473 34
474 29
475 29
476 34
477 29
478 29
479 29
480 34
481 29
482 29
483 29
484 29
485 29
486 34
487 29
488 29
489 29
490 34
491 29
492 29
493 34
494 29
495 29
496 29
497 34
498 34
499 29
500 29
501 29
502 29
503 29
504 34
505 29
506 29
507 29
508 29
509 29
510 29
511 29
512 0
513 29
514 29
515 29
516 34
517 29
518 29
519 34
520 34
521 29
522 34
523 29
524 0
525 29
526 29
527 29
528 29
529 29
530 34
531 34
532 29
533 29
534 29
535 29
536 34
537 34
538 34
539 29
540 29
541 29
542 29
543 29
544 0
545 29
546 29
547 0
548 29
549 34
550 29
551 29
552 29
553 29
554 29
555 0
556 29
557 29
558 34
559 0
560 34
561 34
562 29
563 29
564 34
565 29
566 34
567 29
568 29
569 29
570 29
571 29
572 29
573 29
574 29
575 34
576 29
577 29
578 29
579 29
580 29
581 0
582 29
583 34
584 29
585 29
586 29
587 29
588 29
589 29
590 34
591 29
592 34
593 29
594 29
595 29
596 29
597 29
598 29
599 29
600 29
601 34
602 29
603 34
604 29
605 29
606 34
607 29
608 29
609 29
610 34
611 29
612 0
613 34
614 0
615 29
616 29
617 29
618 34
619 0
620 29
621 34
622 29
623 0
624 29
625 29
626 29
627 29
628 0
629 29
630 29
631 29
632 29
633 34
634 29
635 29
636 29
637 29
638 29
639 29
640 29
641 29
642 29
643 29
644 29
645 34
646 29
647 29
648 34
649 29
650 29
651 29
652 29
653 29
654 34
655 0
656 29
657 34
658 29
659 29
660 29
661 0
662 0
663 34
664 29
665 34
666 0
667 29
668 34
669 29
670 29
671 29
672 29
673 29
674 34
675 29
676 29
677 29
678 34
679 34
680 34
681 29
682 34
683 29
684 29
685 29
686 29
687 29
688 29
689 29
690 29
691 29
692 34
693 29
694 29
695 34
696 34
697 29
698 29
699 29
700 29
701 29
702 34
703 0
704 34
705 29
706 34
707 29
708 29
709 34
710 34
711 34
712 29
713 0
714 0
715 29
716 34
717 34
718 29
719 34
720 29
721 29
722 34
723 29
724 34
725 29
726 29
727 34
728 29
729 34
730 34
731 29
732 29
733 34
734 29
735 29
736 29
737 0
738 34
739 29
740 34
741 34
742 0
743 34
744 29
745 29
746 34
747 29
748 29
749 34
750 29
751 29
752 0
753 29
754 29
755 34
756 29
757 34
758 29
759 29
760 34
761 29
762 29
763 29
764 29
765 34
766 29
767 29
768 34
769 29
770 34
771 29
772 34
773 34
774 29
775 34
776 29
777 29
778 29
779 29
780 29
781 34
782 29
783 29
784 29
785 0
786 29
787 29
788 34
789 29
790 29
791 34
792 29
793 29
794 29
795 1
796 29
797 0
798 0
799 34
800 29
801 34
802 29
803 34
804 34
805 34
806 34
807 24
808 34
809 34
810 34
811 34
812 34
813 34
814 34
815 0
816 34
817 34
818 34
819 34
820 34
821 34
822 29
823 34
824 34
825 34
826 34
827 34
828 34
829 34
830 34
831 24
832 34
run time cost of algorithm SM_CTP is 2.01933seconds
