2823600 170 38
614 25
284 25
144 9
149 25
280 25
437 25
161 34
56 25
8 25
382 34
261 25
348 25
635 25
464 25
307 25
31 25
204 25
470 25
68 9
480 25
594 25
223 34
88 34
244 25
406 25
591 25
490 25
323 9
492 25
588 25
391 25
587 25
103 25
251 25
252 25
516 25
460 25
106 25
190 25
160 25
441 25
49 34
130 34
138 25
438 25
221 25
371 25
618 25
99 25
286 25
368 25
51 25
445 25
85 25
556 25
507 25
229 41
155 25
170 25
238 9
306 25
567 25
159 25
296 25
356 34
456 41
609 25
313 25
162 25
602 25
70 25
545 41
167 41
359 41
116 25
115 25
28 41
58 25
133 25
79 25
80 25
191 25
513 25
199 34
454 25
364 25
140 25
15 25
97 25
506 25
218 9
209 25
19 41
239 25
555 25
95 25
143 25
1 25
287 25
414 25
146 25
451 25
196 25
547 41
37 25
632 25
384 9
596 25
353 25
128 25
125 9
581 25
354 25
174 25
77 25
123 25
74 25
122 25
571 41
616 41
427 41
303 25
340 25
233 25
112 25
177 25
301 25
127 25
534 25
416 25
59 25
631 25
455 25
294 25
481 25
450 25
626 25
410 25
22 25
392 25
42 34
390 25
644 25
32 25
330 41
24 25
420 25
18 25
483 25
486 25
150 25
11 25
34 25
202 41
636 25
526 41
47 9
621 41
363 25
3 25
585 25
381 41
120 41
225 25
38 25
488 25
589 41
386 25
237 9
366 25
240 25
302 25
242 25
276 25
102 25
415 41
108 25
622 25
536 25
474 25
299 25
439 34
373 25
83 25
452 25
283 34
358 25
163 25
521 25
400 41
619 41
476 25
278 25
230 25
498 25
253 25
422 41
262 25
292 25
317 25
29 25
9 25
497 25
403 25
66 25
210 25
315 41
92 25
605 25
347 41
282 25
171 34
295 25
508 9
388 25
362 25
546 25
305 25
304 41
491 25
268 25
361 25
471 41
630 25
378 41
365 25
528 25
499 41
367 25
78 25
135 25
87 25
479 25
590 25
449 9
215 25
336 25
36 41
27 25
72 25
10 25
260 25
200 25
477 25
613 41
50 9
522 25
639 9
110 41
157 25
577 41
291 25
168 25
165 34
137 25
21 25
23 25
527 41
399 25
154 9
432 41
39 25
543 25
629 34
617 25
17 25
610 25
308 41
640 41
319 25
270 25
355 25
105 25
212 25
206 25
447 25
574 41
376 25
343 25
107 25
136 25
147 25
530 25
226 41
553 9
63 25
360 25
235 41
600 34
300 25
297 34
169 41
569 41
310 25
509 25
562 41
559 25
431 41
241 25
132 9
544 25
61 25
550 9
89 41
612 9
48 25
624 34
510 25
247 25
433 25
436 9
642 9
582 25
96 25
94 25
494 25
86 25
76 34
425 25
236 25
423 41
57 25
398 25
404 25
139 41
325 34
463 41
26 41
554 41
290 25
254 34
608 25
604 41
131 25
71 25
566 25
54 34
166 25
173 25
339 9
598 25
448 41
113 25
429 41
344 25
531 41
275 25
207 25
289 41
30 41
584 41
512 41
586 41
519 25
637 41
141 41
493 41
533 25
180 41
217 25
538 25
316 41
478 25
396 25
263 41
473 41
151 38
148 25
255 25
466 41
606 9
647 25
372 41
320 25
646 41
318 25
563 25
628 41
311 25
379 25
0 41
532 25
518 25
14 25
194 25
511 25
277 41
53 25
611 25
462 25
214 25
489 37
338 41
393 34
211 41
502 25
638 25
580 25
12 25
271 25
333 34
197 25
281 25
515 25
331 41
20 25
179 41
178 25
558 25
552 25
327 25
64 25
101 41
564 41
541 25
634 25
176 41
457 41
645 25
458 25
523 41
467 25
475 9
227 41
100 25
342 25
104 9
501 41
175 25
345 25
424 41
224 25
485 25
349 25
597 41
40 25
75 41
188 41
607 34
402 41
352 25
537 25
565 41
443 41
444 41
142 34
446 34
134 25
369 25
375 25
560 41
561 25
395 41
55 37
164 41
357 41
264 25
279 41
412 25
459 25
413 25
328 41
370 34
285 41
411 34
119 25
184 34
572 34
573 25
578 34
643 25
426 25
599 41
205 25
314 9
482 41
231 41
243 41
549 25
232 34
6 25
126 41
60 41
43 41
326 25
41 41
121 25
182 25
69 41
4 34
525 25
524 25
430 25
187 41
350 34
620 25
517 25
118 25
383 41
193 25
385 25
117 41
189 25
487 9
601 41
67 41
272 25
595 34
249 41
186 41
46 25
90 9
25 25
266 25
615 25
208 25
322 9
44 25
265 9
535 25
520 25
35 41
246 25
2 9
93 25
583 25
346 25
461 41
84 41
539 41
145 25
503 41
351 25
394 25
623 41
627 41
418 25
417 41
329 25
529 34
633 25
185 41
312 25
440 25
213 41
45 41
228 25
434 41
468 38
201 41
153 25
469 9
52 25
274 9
579 41
593 25
195 25
220 41
374 25
250 41
65 25
156 9
389 25
341 25
496 25
397 25
7 37
335 41
401 25
183 41
13 34
16 25
409 25
267 25
505 9
575 41
576 41
114 37
203 34
288 41
442 41
309 41
109 41
259 41
337 34
258 37
257 41
380 41
603 38
129 9
324 41
245 41
81 41
234 41
82 41
321 41
551 9
222 37
377 41
548 41
73 41
91 8
557 41
219 37
465 41
98 41
158 41
495 41
62 41
641 41
453 41
172 41
269 41
273 9
542 41
198 41
540 41
435 41
181 41
152 41
428 34
568 41
570 41
419 41
332 34
192 9
514 41
408 41
407 37
405 41
625 41
33 37
421 41
484 41
334 34
298 9
124 41
293 41
504 41
5 41
111 41
500 9
216 41
387 8
472 34
248 41
592 41
256 41
run time cost of algorithm DRT_AG is 0.005238seconds
