503600 104 69
0 34
1 34
2 34
3 34
4 34
5 34
6 34
7 34
8 34
9 34
10 34
11 34
12 34
13 34
14 34
15 34
16 34
17 34
18 34
19 34
20 34
21 34
22 41
23 41
24 8
25 34
26 34
27 34
28 34
29 0
30 34
31 34
32 34
33 34
34 34
35 34
36 34
37 34
38 34
39 34
40 41
41 34
42 34
43 34
44 34
45 34
46 34
47 34
48 34
49 34
50 34
51 34
52 34
53 34
54 34
55 34
56 34
57 41
58 34
59 41
60 41
61 34
62 41
63 34
64 34
65 34
66 34
67 34
68 0
69 34
70 34
71 34
72 34
73 41
74 41
75 34
76 34
77 34
78 8
79 34
80 34
81 34
82 41
83 34
84 34
85 34
86 34
87 0
88 41
89 34
90 34
91 34
92 8
93 41
94 0
95 34
96 34
97 34
98 34
99 41
100 8
101 0
102 34
103 34
104 34
105 41
106 34
107 34
108 34
109 34
110 34
111 34
112 34
113 34
114 34
115 34
116 34
117 41
118 0
119 41
120 34
121 34
122 34
123 34
124 34
125 34
126 34
127 41
128 41
129 34
130 34
131 41
run time cost of algorithm SM_CTP is 0.049703seconds
