2316600 104 67
696 34
277 34
419 34
473 34
182 34
603 3
704 34
186 3
335 34
333 34
631 34
668 34
35 34
467 34
319 34
466 34
87 34
128 34
155 34
58 34
500 34
239 34
22 34
402 34
506 34
145 34
392 34
406 34
565 34
19 34
237 34
701 34
444 3
255 34
630 34
289 34
692 34
120 34
494 34
365 34
207 34
63 34
328 34
725 34
675 34
487 34
197 34
118 34
116 34
49 34
188 34
569 34
602 34
98 34
99 3
180 34
60 34
281 34
572 41
184 34
243 34
107 34
52 34
41 34
39 34
645 34
375 34
432 34
236 34
499 34
29 34
458 34
454 41
386 34
450 34
717 34
112 34
2 34
5 34
748 41
133 34
405 34
95 34
705 34
248 34
646 34
626 34
260 34
583 41
291 34
577 34
514 41
522 34
85 34
350 3
21 34
23 34
284 34
396 34
749 3
542 3
296 34
322 34
543 34
474 34
106 34
137 41
343 34
274 34
431 34
644 34
517 34
252 34
512 34
18 34
650 34
568 34
507 34
502 34
119 3
30 34
659 34
307 34
220 41
315 41
495 34
329 34
584 34
273 34
347 34
554 34
351 3
611 34
358 34
163 34
595 3
149 34
144 34
698 34
261 34
258 34
251 41
648 34
434 34
305 34
581 34
564 34
391 34
309 3
124 34
497 41
209 34
70 34
677 34
612 34
346 34
585 34
66 3
687 34
354 41
160 34
470 41
469 34
620 34
714 34
598 34
65 41
556 3
672 34
438 34
241 41
142 34
114 34
654 34
111 34
655 34
552 34
6 34
398 34
521 34
439 34
287 34
82 34
476 34
633 34
32 34
301 34
712 34
215 34
750 34
657 34
240 34
452 41
308 8
171 34
400 34
428 34
355 34
671 41
694 3
490 3
225 34
244 34
326 34
703 34
126 34
404 34
491 34
88 41
46 41
617 34
141 34
321 3
101 41
710 41
256 41
13 34
314 34
348 3
349 34
283 34
131 34
372 34
610 34
224 34
272 34
219 34
566 34
228 3
599 34
589 34
80 34
623 34
159 41
123 34
56 34
177 34
573 34
524 34
722 34
33 41
667 3
379 34
84 34
42 34
11 34
649 34
463 34
616 34
482 3
113 34
378 34
104 41
515 41
293 34
486 3
249 34
194 34
78 34
518 34
724 34
204 34
501 41
181 3
665 34
179 41
312 34
660 34
235 34
448 34
527 34
310 34
105 3
337 34
271 34
165 3
395 34
138 34
592 41
594 34
528 41
127 34
488 34
366 34
557 34
175 34
751 34
185 34
345 3
259 34
115 34
422 41
570 41
563 34
192 34
498 34
618 34
747 41
158 34
418 34
81 34
12 41
140 34
414 34
232 41
493 34
702 34
167 41
223 3
222 34
362 34
529 34
627 34
721 41
267 34
380 34
268 34
28 41
369 34
700 34
132 34
48 34
742 41
68 34
61 34
187 3
468 41
596 34
567 34
510 34
330 34
523 41
62 34
51 34
71 34
647 41
446 34
600 41
699 34
385 34
423 34
475 41
254 34
575 34
608 41
262 41
656 34
55 41
147 34
731 34
121 3
635 34
174 34
686 34
715 34
689 34
298 34
451 34
536 41
359 41
270 34
425 8
226 34
590 34
736 41
624 41
681 41
745 34
8 34
100 34
503 34
456 34
325 3
393 34
461 34
484 34
508 34
96 41
50 34
537 41
90 34
711 8
652 34
534 3
125 34
615 34
306 34
411 41
36 34
447 34
641 34
9 34
478 34
561 41
135 34
390 34
637 41
54 34
10 34
520 34
299 34
697 34
591 41
14 34
664 34
459 34
371 34
407 34
538 34
744 34
489 34
607 34
44 34
413 34
102 41
196 34
109 41
417 34
339 34
574 41
420 34
614 3
613 34
685 34
189 34
183 34
110 34
688 34
108 34
571 34
336 41
578 34
170 34
433 34
739 34
203 34
539 34
669 41
92 41
146 3
213 34
45 34
374 34
547 34
513 34
621 41
662 34
553 34
300 34
148 34
388 34
139 8
588 8
453 34
72 34
455 34
532 41
666 41
679 34
1 34
460 8
320 34
526 34
69 41
318 34
683 3
93 34
341 41
436 34
37 34
103 41
316 34
130 34
720 34
643 34
401 8
586 3
17 34
544 8
164 34
25 34
597 34
157 34
156 34
154 3
302 41
550 41
303 34
593 41
691 34
168 34
663 34
295 34
257 34
409 41
263 41
533 34
558 34
559 34
440 34
707 34
27 34
74 34
324 34
234 34
619 34
211 3
202 34
31 34
682 34
317 34
178 34
718 41
726 34
311 34
661 3
162 34
485 34
151 3
394 34
253 34
397 41
64 34
282 41
269 34
67 34
91 34
442 34
636 34
639 3
609 34
531 34
530 34
357 34
275 34
7 34
361 34
511 34
509 34
24 34
540 3
26 41
363 34
368 3
246 41
728 34
75 41
0 34
548 34
76 34
242 34
233 41
384 34
230 41
415 34
555 34
193 34
117 41
191 34
684 3
441 34
153 34
562 34
152 34
340 34
693 41
443 34
294 34
169 8
638 34
122 41
429 34
276 41
709 34
424 34
737 34
265 3
198 34
247 34
370 41
678 34
412 34
582 34
200 41
408 34
206 3
492 41
587 34
389 41
86 3
77 34
381 34
382 34
83 34
480 41
483 34
399 34
579 34
733 34
477 3
264 34
576 34
421 41
743 34
3 34
465 3
173 8
285 34
525 3
560 34
331 41
338 41
143 41
642 34
471 34
695 34
161 34
332 34
353 34
706 41
4 34
176 41
676 8
205 41
210 34
15 41
719 34
218 34
229 3
231 41
651 34
727 34
730 41
605 34
732 34
280 41
464 34
541 34
427 41
634 34
640 34
449 34
38 41
632 34
266 34
601 41
334 8
250 41
367 41
545 34
435 3
535 34
377 34
653 34
723 41
190 34
472 8
416 41
79 41
674 34
481 8
297 41
212 34
59 34
216 41
746 41
150 41
221 41
208 34
73 34
94 41
304 34
201 34
352 41
516 41
658 34
622 8
199 41
580 3
360 34
364 3
708 41
57 41
290 41
20 41
383 34
479 41
288 34
195 34
437 41
690 34
327 34
680 8
445 34
16 34
227 41
546 34
292 34
97 34
496 34
551 41
376 41
134 41
323 41
313 34
457 34
166 34
89 34
172 34
430 34
356 41
426 34
740 34
713 34
673 34
504 34
716 41
735 34
403 34
214 34
217 34
604 34
245 41
43 34
47 8
238 41
40 34
53 41
373 34
729 8
387 34
342 34
278 34
606 41
734 34
670 41
34 8
549 34
738 34
279 41
410 34
741 41
505 34
286 34
629 34
628 34
129 34
625 34
462 41
136 41
519 34
344 34
run time cost of algorithm DRT_BD is 0.357572seconds
