282200 97 16
94 13
141 13
163 13
31 13
13 13
114 13
36 13
28 13
140 13
127 13
92 13
161 13
143 13
26 13
82 13
4 13
139 13
159 13
38 34
90 13
106 13
108 13
134 13
32 13
113 13
117 13
24 13
121 13
46 13
25 13
53 13
77 13
9 13
103 13
162 13
22 13
107 13
48 13
81 13
27 13
42 13
43 13
70 34
85 13
17 13
44 13
15 13
47 13
144 13
115 13
97 13
157 13
18 13
99 13
118 13
75 13
147 13
111 13
3 13
130 13
11 13
61 34
56 13
74 13
35 13
145 13
62 13
63 13
30 34
57 1
146 13
6 13
55 13
98 13
40 13
83 13
100 1
160 13
164 13
80 34
96 13
120 34
19 13
0 34
124 13
129 1
33 13
137 13
78 13
138 13
10 13
135 34
116 13
51 34
8 1
60 13
131 13
101 1
91 13
76 13
20 1
84 1
153 13
23 1
64 13
72 1
52 13
102 13
73 13
29 13
133 13
122 1
34 1
152 13
68 1
66 1
132 13
41 13
149 13
126 13
128 1
93 13
104 13
165 1
142 13
39 34
87 13
69 13
89 13
67 1
79 1
58 1
123 1
151 1
148 1
65 1
21 1
59 13
156 1
2 1
136 1
167 34
54 13
71 34
86 13
14 1
12 1
109 13
154 1
16 1
7 13
5 13
166 13
45 13
50 13
88 13
105 1
125 13
119 1
95 13
112 13
158 1
150 34
155 1
110 34
49 1
37 34
1 1
run time cost of algorithm DRT_BD is 0.015274seconds
