1982600 170 52
462 9
307 9
433 9
132 9
332 9
141 9
175 9
9 9
46 9
476 9
301 9
415 9
135 9
205 9
407 9
154 9
280 9
127 9
309 9
416 9
101 9
248 9
157 9
33 9
308 9
363 9
369 9
479 9
398 9
296 9
164 9
13 34
90 9
187 9
63 6
178 9
282 9
253 9
71 9
136 9
105 6
215 9
246 9
339 9
1 9
371 9
402 34
170 9
405 9
19 34
319 9
458 9
169 9
325 9
54 34
124 9
173 9
99 6
338 9
44 9
179 9
344 9
360 9
81 9
292 6
463 9
73 9
249 6
194 6
391 9
94 9
111 6
209 9
327 34
130 34
439 6
93 34
235 9
228 6
207 9
188 9
324 34
442 6
451 9
80 6
255 6
349 9
206 9
28 9
199 9
366 9
156 9
84 9
139 9
450 9
148 9
100 9
361 9
294 9
293 9
348 9
79 9
467 9
236 9
227 9
281 6
221 34
397 9
459 9
466 6
300 9
48 6
337 9
438 9
392 9
193 9
289 9
159 9
76 9
314 9
74 9
167 9
453 9
387 9
85 9
190 9
412 9
142 9
64 9
40 9
351 9
95 9
120 9
420 9
372 9
176 9
375 9
82 9
104 9
14 6
297 6
59 9
312 6
362 9
191 9
478 6
72 9
257 9
65 6
452 6
354 9
4 6
364 9
150 9
317 9
181 9
341 9
89 9
163 9
383 9
192 9
242 9
313 9
310 9
284 6
291 34
265 9
34 9
276 6
42 9
0 9
35 6
218 6
214 9
53 9
329 9
262 34
172 9
305 9
250 9
334 9
126 6
118 9
446 9
448 9
224 6
223 9
409 9
49 10
259 9
431 9
340 9
110 9
465 6
195 6
6 9
177 9
25 9
382 9
204 9
421 9
299 9
198 9
68 6
404 9
184 9
272 6
477 9
394 9
202 6
254 6
97 6
461 9
219 6
303 6
226 6
123 9
441 9
11 9
88 34
356 9
389 9
56 9
290 9
66 9
271 9
322 9
128 6
385 9
396 9
447 6
38 6
456 9
457 9
225 9
24 9
23 9
352 9
277 9
403 9
353 9
238 9
469 9
374 9
260 6
212 9
410 9
278 9
414 6
357 9
134 9
330 9
368 9
112 9
12 9
342 9
197 9
445 9
55 6
18 9
468 9
10 6
370 9
144 9
316 34
21 6
285 9
270 9
323 9
41 9
152 9
401 9
425 9
345 9
78 9
295 9
406 9
411 6
422 6
241 9
460 6
288 6
395 9
390 9
482 9
43 6
377 6
183 6
252 9
232 6
417 9
103 6
115 9
146 9
350 9
210 6
473 9
37 9
208 9
216 9
279 9
381 8
60 9
245 9
234 9
107 9
109 9
306 9
69 9
77 9
286 9
155 9
355 9
200 6
256 9
302 34
2 9
434 9
418 10
247 9
114 6
129 9
140 9
251 6
275 9
267 9
273 9
31 9
57 9
428 9
318 9
174 6
3 9
117 6
22 9
180 6
320 10
27 9
283 9
58 6
436 6
424 9
231 9
230 9
359 9
151 9
298 34
266 9
121 9
166 9
143 9
201 9
67 9
343 6
287 9
165 9
125 9
160 9
358 9
20 9
182 6
122 9
229 34
399 9
365 9
315 6
5 9
304 6
269 34
220 9
472 9
408 6
475 10
321 34
444 9
384 9
240 9
119 6
239 9
50 6
161 6
145 9
432 6
243 6
423 9
36 9
47 6
7 6
185 9
413 6
29 6
189 9
435 6
8 9
86 10
137 9
133 9
39 9
30 9
380 9
426 6
91 9
400 34
326 9
149 6
153 9
454 9
268 9
237 10
264 6
186 6
335 6
367 9
113 9
83 9
376 9
45 9
379 34
437 9
427 34
16 9
162 6
108 9
96 9
419 9
217 9
62 9
222 6
274 6
116 34
393 9
388 9
168 9
17 9
464 6
203 6
336 6
443 6
147 9
92 9
347 6
378 6
261 9
386 6
158 9
102 6
333 6
52 6
51 9
373 9
455 9
311 6
196 10
471 6
449 6
211 9
244 6
98 9
26 6
75 9
480 9
474 9
481 6
440 9
429 9
213 9
61 6
430 9
470 6
138 9
263 9
171 34
346 34
328 9
15 6
70 6
87 9
233 9
32 6
131 9
258 9
331 6
106 9
run time cost of algorithm DRT_AG is 0.003048seconds
