4903200 152 61
240 21
245 0
246 33
146 21
372 21
514 33
61 34
289 21
202 33
241 21
502 33
299 33
442 21
86 34
14 21
327 33
465 21
27 21
175 33
68 33
345 33
405 34
39 21
447 21
449 21
341 33
419 21
323 34
4 34
484 0
432 21
180 33
134 21
80 34
172 33
139 34
67 21
188 21
7 33
268 21
255 21
164 33
151 33
352 33
348 21
301 21
91 33
423 21
63 34
224 33
5 33
167 21
82 0
66 33
269 33
424 0
339 21
428 21
401 21
219 34
266 34
275 34
89 33
84 21
132 34
337 33
304 34
247 21
376 33
215 21
178 33
382 33
11 33
454 0
415 33
211 21
353 34
107 33
149 33
422 33
470 21
324 21
182 21
131 21
342 21
92 34
282 33
58 33
274 34
381 33
256 34
116 33
136 33
288 21
95 21
402 33
498 33
506 21
25 33
412 34
489 33
243 34
478 34
138 21
69 21
122 21
367 0
17 33
491 33
330 21
331 34
441 0
452 33
128 34
106 21
445 34
51 34
3 34
350 33
152 0
283 21
198 21
508 21
469 33
296 33
277 33
429 21
294 21
59 34
477 21
340 21
233 21
6 21
430 34
475 34
427 33
468 21
148 33
366 21
15 21
75 21
515 21
394 33
496 33
34 0
237 34
444 21
166 21
393 21
105 33
279 33
76 21
235 21
512 34
192 21
30 33
399 21
43 21
364 34
356 33
115 21
110 34
100 33
387 33
160 21
380 21
317 21
9 0
208 33
222 33
359 33
143 0
321 21
238 21
300 33
291 0
486 34
250 33
261 21
270 21
101 21
137 33
510 33
492 33
511 33
249 21
517 34
187 21
83 34
501 34
47 21
420 33
21 21
207 21
312 21
459 21
472 21
32 33
112 33
119 33
411 21
450 21
374 33
357 21
278 34
365 21
265 21
44 34
326 34
346 33
156 21
24 21
189 21
362 33
212 21
227 33
28 33
37 33
504 21
336 33
179 33
41 21
64 0
497 0
479 21
18 21
253 21
344 34
407 21
384 33
72 33
71 34
155 33
313 0
435 21
40 21
50 33
391 34
42 21
463 34
161 33
232 21
295 21
225 21
29 21
31 21
78 34
386 21
252 21
379 21
154 21
96 33
19 21
443 33
308 33
328 0
403 0
408 33
33 34
206 34
103 21
314 33
193 21
205 21
446 21
169 34
204 33
70 34
48 34
87 0
335 21
176 33
49 33
90 21
135 33
228 0
195 34
231 21
196 33
209 8
210 21
55 33
392 21
316 21
184 33
217 33
220 34
201 33
77 33
260 21
322 21
109 21
453 21
16 34
513 33
343 21
361 21
147 21
150 34
159 21
464 0
276 33
462 21
174 21
426 21
190 33
360 33
334 33
123 33
244 34
88 34
12 21
93 21
216 21
1 21
272 33
141 34
473 21
303 33
413 21
320 33
409 33
129 33
23 34
338 33
385 33
120 33
223 34
480 33
113 0
45 21
262 33
297 33
298 33
153 34
440 34
158 33
221 34
102 21
200 21
451 34
230 21
437 33
431 21
414 34
121 34
38 33
125 21
203 34
351 34
62 33
162 21
448 21
458 0
273 33
177 21
263 21
287 21
400 33
368 21
186 0
354 33
124 21
145 21
218 21
229 33
377 21
171 34
191 21
416 34
485 21
417 21
194 21
73 33
226 33
325 33
117 33
130 21
370 34
375 33
257 33
26 33
395 34
74 0
140 34
456 34
457 33
358 34
97 33
406 21
487 34
293 21
94 21
347 0
369 21
20 21
305 21
214 21
438 21
185 33
10 33
236 21
410 34
213 33
455 34
54 33
133 0
493 21
108 21
500 21
499 33
460 21
197 34
488 34
285 21
65 33
267 33
474 33
57 34
111 21
425 34
389 33
79 21
329 33
363 34
8 21
476 0
53 21
22 33
433 0
436 0
251 21
319 34
35 21
421 33
390 21
306 34
332 33
466 33
310 21
307 33
46 21
60 21
157 0
509 21
383 21
292 21
126 21
397 33
503 21
482 21
280 41
13 21
309 33
490 21
2 33
173 34
373 34
286 21
302 34
388 21
98 21
52 0
461 33
404 33
483 21
199 34
142 34
494 33
467 33
114 21
0 33
495 34
418 21
396 21
505 33
315 33
81 21
144 33
371 34
170 33
234 33
318 34
259 21
311 34
284 33
99 21
258 21
349 34
239 21
355 21
85 34
104 33
127 41
507 0
398 21
168 33
333 21
481 33
378 34
290 33
56 21
36 33
183 21
248 21
254 33
264 33
434 41
181 21
242 34
165 34
163 33
471 21
118 33
271 41
281 21
516 33
439 21
run time cost of algorithm DRT_BD is 0.135645seconds
