963800 104 64
700 34
98 34
126 9
226 34
277 34
278 34
54 34
295 34
341 34
348 34
42 34
82 34
465 34
13 34
471 34
482 34
526 34
539 9
580 34
589 34
20 34
570 34
105 34
185 34
254 34
298 34
15 34
49 34
378 9
466 34
397 34
429 34
439 34
329 34
431 34
463 34
414 34
617 34
91 9
470 34
170 34
672 34
669 34
651 34
646 34
335 41
282 9
6 34
649 34
594 9
600 34
266 34
243 34
194 9
545 34
547 34
403 34
316 34
299 34
317 34
318 9
285 34
451 34
637 34
635 34
271 34
258 8
592 34
351 34
366 9
679 34
690 34
608 34
84 34
350 34
675 34
670 34
64 41
427 34
167 34
233 9
363 41
29 34
342 34
487 34
95 34
156 41
530 34
36 34
405 34
228 34
168 34
135 41
120 34
602 34
312 9
506 34
513 34
253 9
562 34
269 34
256 9
546 34
260 34
60 41
111 34
56 9
287 8
164 34
609 34
611 9
345 34
622 41
234 34
440 34
638 34
131 34
662 34
261 34
106 34
107 41
556 34
241 34
586 41
284 34
294 34
237 34
17 34
473 34
458 41
138 34
128 8
437 34
215 34
189 9
444 34
200 41
375 34
388 41
636 41
123 41
73 34
593 34
313 34
252 34
566 8
288 34
114 34
533 41
536 34
273 34
523 9
553 34
160 34
575 34
625 9
627 34
633 34
118 9
447 34
643 34
415 9
208 34
504 34
148 34
534 9
503 34
538 34
498 41
480 34
249 34
92 34
330 41
382 34
174 41
446 34
0 34
300 34
413 9
698 9
212 34
88 34
450 34
591 41
680 34
59 34
186 34
19 34
683 34
577 9
145 34
314 8
491 34
689 34
511 34
191 9
306 41
304 41
543 34
43 34
483 9
358 41
472 34
581 34
469 34
588 34
467 34
381 34
125 34
242 8
644 41
217 34
443 9
424 34
357 34
607 34
501 34
151 34
579 9
247 41
654 34
652 41
392 34
578 41
62 34
449 34
621 34
353 34
355 34
604 34
157 41
455 34
240 34
541 8
165 9
632 41
532 9
27 34
195 9
364 41
31 34
454 34
557 34
263 41
97 41
640 34
55 34
180 34
93 34
422 34
110 34
507 34
688 34
412 9
490 34
4 9
362 8
72 41
628 34
184 9
77 34
154 9
386 34
9 34
80 34
645 41
68 41
441 34
438 34
436 34
416 34
433 41
340 34
409 34
610 34
687 41
561 34
102 34
502 34
682 34
406 34
328 34
161 34
326 41
149 9
616 41
576 41
47 9
618 34
346 34
393 34
7 9
485 41
389 41
244 9
276 41
478 41
380 41
301 34
552 34
595 34
384 34
57 34
371 34
139 34
119 34
560 9
61 34
647 34
529 34
394 41
571 8
493 34
334 34
248 9
331 41
274 41
398 34
435 34
83 34
32 41
122 41
370 34
428 34
448 41
143 41
568 9
338 41
418 41
150 34
432 34
16 9
421 34
30 41
28 34
163 34
685 34
674 34
521 9
134 34
376 9
417 34
565 34
488 34
684 34
336 34
216 34
198 34
549 34
153 34
297 34
563 41
26 41
178 34
434 41
697 34
537 34
497 34
207 9
476 34
309 34
2 41
85 41
492 34
89 34
45 34
262 34
267 34
368 34
1 34
196 9
305 34
379 34
38 9
499 8
514 34
661 8
694 41
695 34
162 34
3 9
187 9
257 8
347 34
25 34
671 41
681 41
231 34
468 41
583 9
230 34
40 34
34 34
229 34
410 34
181 34
693 34
96 8
289 9
395 34
655 9
442 34
525 8
344 34
46 9
203 41
494 34
519 34
408 34
188 34
117 34
192 34
112 34
108 34
133 34
308 34
204 34
270 9
90 41
239 41
426 34
81 41
665 34
33 34
177 34
489 41
22 34
53 34
94 34
69 34
509 34
11 41
41 34
369 34
676 41
76 41
387 34
673 34
383 41
459 34
52 34
290 34
183 34
516 34
510 34
327 34
606 34
12 34
236 34
116 41
477 41
218 34
373 8
121 34
137 34
99 34
456 8
666 34
377 34
51 34
227 34
551 34
65 34
544 41
399 34
324 41
35 9
209 34
66 41
311 41
531 34
268 8
79 9
508 34
691 9
650 34
323 34
259 34
190 34
520 41
225 34
598 34
374 41
464 34
605 41
70 34
171 34
246 41
245 34
255 34
629 34
124 34
496 41
677 34
104 41
615 9
658 34
528 34
193 34
265 34
325 34
359 41
518 8
522 34
548 34
686 34
572 9
582 34
175 34
50 34
223 34
48 9
361 34
512 9
109 34
474 8
75 34
515 34
319 9
597 41
213 34
67 34
74 34
420 41
179 34
624 9
559 9
453 9
235 41
322 34
219 34
396 34
692 41
356 34
211 9
129 41
660 34
585 34
423 41
584 34
663 34
205 34
310 9
280 34
349 34
696 8
452 9
307 34
141 8
24 41
78 34
517 34
642 34
115 9
425 9
8 34
641 41
365 34
461 41
100 34
664 41
339 41
214 34
130 34
337 34
14 34
303 9
71 34
152 8
37 9
21 41
407 34
542 9
573 9
222 34
540 9
555 41
221 9
550 34
495 41
279 34
619 41
614 9
612 8
391 41
401 34
272 34
400 34
291 41
590 41
475 8
5 41
567 41
596 34
224 34
599 8
146 34
372 41
631 41
462 34
667 41
430 34
564 34
147 8
264 9
155 41
281 34
197 34
484 34
486 41
302 34
445 8
142 34
159 41
176 34
275 34
558 8
500 34
333 9
58 8
39 41
136 41
293 34
535 34
699 41
385 41
343 34
630 41
332 34
390 9
367 34
402 41
220 34
411 34
283 9
524 34
315 34
199 9
321 34
23 34
457 34
87 34
10 34
232 34
169 34
206 34
173 8
653 34
354 8
527 41
648 34
479 41
569 34
352 34
639 41
132 8
574 41
286 41
634 41
103 34
166 41
140 41
44 8
238 34
18 41
601 41
678 9
158 41
250 34
620 41
113 34
668 34
251 34
623 41
505 34
172 34
460 34
202 34
201 41
626 34
587 41
404 41
657 34
360 34
419 34
182 34
296 41
292 8
210 34
613 41
86 34
63 41
603 34
320 41
127 41
144 34
659 41
101 41
656 34
481 34
554 8
run time cost of algorithm DRT_BD is 0.287558seconds
