683200 104 67
54 34
43 34
116 34
223 34
201 34
147 0
26 34
84 34
157 34
188 34
146 34
142 34
97 34
12 34
218 41
47 34
141 34
211 34
98 34
121 34
4 34
69 34
61 34
217 34
88 34
123 34
29 34
7 34
202 34
134 34
210 41
85 34
128 41
145 34
8 34
72 34
161 34
219 34
158 34
160 41
105 34
172 34
23 34
208 34
81 0
118 0
110 41
122 34
48 34
178 0
42 34
140 34
95 34
144 0
204 34
224 41
212 41
71 34
14 34
150 41
49 34
206 34
175 34
53 34
46 34
76 34
148 0
162 34
177 34
124 34
182 34
166 34
75 0
168 41
19 41
55 34
115 34
86 34
10 41
180 8
167 34
176 41
209 34
83 41
207 41
203 41
32 34
135 34
37 8
220 34
65 34
2 34
51 34
27 0
196 34
13 34
38 34
187 34
99 34
117 41
80 41
149 34
127 34
9 34
221 34
3 34
173 0
227 41
0 34
33 34
200 41
45 41
169 34
152 34
143 34
129 34
109 34
28 34
44 34
62 34
64 34
154 34
68 34
90 34
94 41
58 34
183 34
226 34
165 34
41 34
205 34
215 8
174 34
189 34
16 41
79 41
82 41
87 34
181 41
17 34
31 34
102 34
78 34
136 34
25 34
179 34
112 41
198 41
190 41
56 34
22 34
137 41
184 0
20 0
89 34
100 41
91 34
107 41
11 34
194 34
191 41
66 41
125 34
103 34
40 41
151 41
126 41
131 34
5 34
106 34
1 34
30 41
114 34
6 34
213 0
73 41
63 34
59 34
113 41
195 34
164 34
92 34
67 41
156 34
192 41
214 34
35 41
197 8
52 41
119 0
108 41
101 41
93 41
225 34
50 34
186 8
39 0
139 41
159 0
18 41
222 41
216 34
111 34
15 8
130 8
153 41
57 41
193 34
36 41
60 34
21 41
120 34
77 41
170 34
74 34
70 34
34 41
199 0
155 34
96 0
138 34
133 34
132 8
24 34
185 8
104 8
163 41
171 41
run time cost of algorithm DRT_BD is 0.036554seconds
