3304400 120 55
582 34
586 29
579 29
210 29
209 29
743 29
749 29
695 29
763 29
770 29
157 9
783 29
794 34
536 29
440 29
829 34
839 29
299 29
853 29
526 29
72 9
308 29
309 34
53 29
314 29
868 29
416 29
671 29
28 29
126 29
385 29
294 29
233 34
280 29
615 34
328 29
801 29
873 29
844 29
662 29
700 34
790 29
699 29
78 34
44 34
45 34
71 29
730 34
68 29
552 29
174 34
694 29
595 29
111 29
769 29
624 29
747 29
461 9
332 29
751 34
675 34
116 29
827 34
282 29
29 29
265 29
737 29
481 29
380 34
840 9
525 29
297 29
20 29
616 29
874 34
858 29
888 29
800 29
718 29
146 29
788 29
786 29
850 29
41 29
426 34
251 29
793 29
702 9
855 29
782 34
606 29
252 29
879 29
48 29
736 29
240 29
96 29
648 34
834 29
434 34
473 29
281 29
621 29
688 29
285 29
439 29
412 9
599 29
24 29
362 34
255 34
532 34
27 34
361 29
30 34
316 34
483 29
389 29
118 29
224 34
221 29
121 34
315 29
626 29
50 29
310 29
330 29
470 29
21 29
370 29
99 34
891 9
63 29
556 29
168 34
266 34
279 29
605 29
368 29
422 29
652 29
278 29
342 29
522 9
436 34
202 29
661 29
109 9
607 29
897 29
867 29
854 29
108 34
348 8
591 29
103 29
423 29
128 34
876 34
101 29
131 34
466 29
241 29
219 29
110 29
523 9
430 9
639 34
26 34
710 34
169 29
414 29
559 29
14 34
836 29
577 29
551 34
589 9
860 29
496 29
419 34
762 9
343 29
889 29
394 29
249 34
102 41
696 29
408 29
678 34
574 29
796 34
212 29
826 29
528 29
386 29
333 29
893 29
592 9
347 34
698 34
148 34
705 29
363 29
791 29
205 29
46 34
507 29
208 29
404 29
55 9
572 9
598 9
191 29
564 34
756 29
809 34
42 34
179 34
410 34
307 29
828 29
39 29
427 34
66 34
872 9
875 29
766 34
537 34
529 29
34 29
429 34
76 29
335 29
663 34
660 29
145 34
502 29
580 29
387 8
849 29
229 29
846 34
243 29
845 29
637 29
89 29
393 34
498 29
395 29
74 29
571 29
729 34
97 34
254 29
112 29
520 29
457 29
472 29
810 34
884 29
633 29
124 29
631 29
19 29
435 34
703 34
504 29
268 29
166 34
270 34
443 29
317 29
469 29
545 29
275 34
773 9
683 29
785 34
51 29
58 29
129 29
764 29
759 29
336 29
812 29
115 29
60 34
406 34
741 29
673 29
291 29
570 34
358 29
200 29
726 29
296 29
91 34
90 34
7 29
712 34
892 34
894 29
162 34
352 29
441 34
821 29
820 29
863 29
674 34
515 29
803 34
463 29
52 29
431 34
365 34
468 29
276 29
273 34
878 29
176 34
18 29
409 34
184 29
337 29
755 29
326 29
187 29
192 34
248 29
218 34
720 34
226 29
706 29
636 29
0 29
178 34
501 29
462 9
644 29
629 29
509 29
517 29
521 34
450 29
448 34
80 29
312 34
105 29
650 34
122 29
806 34
136 29
797 29
151 29
164 34
171 34
172 29
560 29
745 29
738 34
711 29
235 34
383 29
239 9
594 34
257 29
327 29
143 34
543 9
137 29
492 29
775 34
258 34
366 9
12 34
503 29
250 34
16 29
379 41
619 29
881 34
125 29
356 41
32 29
614 29
234 29
117 29
293 29
289 34
841 29
649 29
392 29
723 34
750 29
215 34
62 29
359 9
398 34
207 29
862 29
70 29
65 34
610 29
446 29
73 34
354 29
216 29
865 29
848 34
390 34
230 29
866 29
47 34
677 29
170 29
167 29
813 34
31 29
772 29
471 34
421 29
890 29
692 34
2 34
321 29
271 41
486 29
155 29
666 29
1 29
302 29
491 29
480 29
130 29
669 29
693 34
641 34
13 29
177 29
697 29
701 9
283 29
760 29
467 34
54 29
460 34
724 29
345 29
67 34
647 29
455 29
646 34
400 29
519 29
569 29
544 29
568 29
717 34
627 29
196 29
232 34
643 29
566 34
288 34
871 29
40 29
752 34
237 29
704 29
272 29
638 29
94 29
886 34
311 34
767 29
534 29
277 34
620 41
604 34
132 29
682 29
547 29
777 34
728 34
449 34
658 34
186 29
488 29
753 29
188 34
550 34
761 29
197 29
201 29
405 29
213 34
217 34
719 34
847 9
500 29
433 29
588 29
603 34
353 29
156 29
451 29
634 34
707 29
59 29
885 9
680 29
142 29
513 9
256 29
301 34
120 29
779 29
651 34
104 34
8 29
632 29
506 29
344 29
95 29
447 29
465 29
88 29
474 29
596 34
375 29
25 29
33 34
378 29
716 34
535 34
160 29
499 34
79 29
401 29
403 29
567 34
161 34
563 29
553 29
417 29
746 34
549 34
185 29
349 9
842 34
487 29
725 34
609 29
554 34
727 29
497 29
489 29
134 29
92 29
287 34
623 34
625 29
805 34
808 9
880 29
204 34
768 34
593 34
856 9
883 34
222 29
493 41
831 34
236 34
882 29
37 29
533 29
322 29
320 34
583 29
851 29
382 34
765 29
199 29
227 34
771 29
774 29
35 29
819 29
476 29
654 29
815 29
540 29
530 34
242 34
665 29
667 41
290 29
183 29
284 29
754 9
360 34
510 29
799 34
424 34
852 29
57 29
686 41
140 29
758 29
869 29
253 29
600 34
357 29
838 29
565 9
244 29
541 29
351 34
350 29
659 34
656 29
816 34
573 29
86 29
597 34
81 34
776 29
173 34
228 9
715 34
453 29
830 29
478 29
5 29
371 29
269 29
261 29
757 29
640 29
158 29
225 34
323 29
861 29
585 29
286 29
369 29
203 34
87 29
295 34
75 29
11 29
127 34
43 29
811 29
154 29
17 34
38 29
420 29
452 29
721 29
399 29
622 34
211 29
346 29
180 29
445 41
740 29
98 34
601 34
133 34
611 34
562 41
733 29
388 29
804 9
84 29
822 34
864 29
824 34
681 8
4 34
339 29
49 34
685 9
319 29
684 34
138 41
418 29
690 29
415 34
150 34
152 29
61 29
784 29
153 29
3 34
64 29
300 9
781 34
245 29
561 34
182 29
896 29
898 29
744 34
305 9
396 34
313 29
113 34
645 29
575 34
36 34
331 29
590 9
377 9
372 29
444 29
214 29
722 34
23 34
618 29
527 29
477 29
608 29
364 29
628 29
630 29
495 29
442 34
374 29
165 34
85 29
734 9
22 34
106 34
324 29
584 34
384 29
642 29
198 29
6 34
397 29
15 29
895 34
780 41
814 34
516 29
859 29
190 29
670 34
135 34
512 29
147 29
511 41
818 34
189 29
635 29
508 29
459 29
456 29
454 34
437 34
542 29
428 34
555 34
558 29
407 9
581 29
587 29
843 29
93 29
159 34
714 29
713 29
832 29
263 29
653 34
231 34
668 34
672 34
802 29
267 29
264 29
262 29
484 34
425 29
149 29
732 9
482 29
69 34
792 34
518 29
613 34
194 29
260 29
338 29
798 29
887 34
259 29
334 29
107 34
825 29
494 29
329 8
318 29
807 34
238 29
9 29
505 29
664 29
817 29
655 29
475 34
100 34
539 29
303 34
787 29
742 29
413 41
292 29
144 34
485 34
246 29
181 29
391 29
163 34
687 29
458 29
83 34
340 29
709 29
602 34
341 34
835 29
795 34
367 29
612 41
223 34
141 29
355 41
837 29
514 34
833 9
373 41
376 34
206 34
381 34
139 34
304 34
679 34
689 34
247 34
479 34
77 34
823 34
857 34
524 41
411 41
10 34
298 34
789 34
877 34
735 34
438 34
546 34
464 9
123 34
119 34
175 34
870 9
739 34
538 34
432 34
56 34
548 34
557 41
531 41
731 34
402 34
576 34
578 34
195 34
82 34
220 34
617 34
708 8
748 34
325 34
114 41
306 34
778 34
657 34
676 34
274 34
691 41
490 34
193 34
run time cost of algorithm DRT_BD is 0.552506seconds
