196000 161 48
118 9
20 9
100 9
134 9
55 9
145 9
47 9
69 9
107 9
131 9
15 9
4 9
63 9
54 9
28 9
102 9
70 9
48 9
22 9
59 9
94 34
8 9
5 9
13 9
91 9
115 9
7 34
64 9
110 9
51 9
17 9
86 9
87 9
77 9
38 9
117 9
75 9
133 9
113 9
25 9
128 9
73 9
27 9
21 9
3 9
61 34
10 9
138 9
14 9
19 9
90 9
33 9
1 9
65 9
139 9
98 9
125 9
49 9
41 6
135 6
78 9
84 9
116 9
85 9
50 9
81 9
44 9
35 9
56 9
26 9
68 9
127 9
40 9
143 9
2 9
105 9
43 9
72 9
6 9
39 9
58 34
137 9
144 9
136 9
126 9
99 9
80 9
82 9
30 6
52 9
34 9
103 9
122 9
111 9
37 9
42 9
121 9
9 9
112 9
18 9
76 9
132 9
62 34
57 9
108 9
60 9
142 9
104 9
96 6
141 9
88 34
124 9
23 9
92 6
101 6
66 34
12 9
24 9
0 9
147 9
109 9
45 9
140 9
29 9
106 9
79 6
31 9
123 6
97 9
36 9
120 9
114 9
93 9
129 9
119 9
83 9
46 9
11 6
95 9
89 9
130 9
67 9
74 9
71 9
53 6
32 9
16 9
146 9
run time cost of algorithm DRT_AG is 0.00039seconds
