2634400 120 51
0 29
1 34
2 0
3 29
4 29
5 0
6 29
7 34
8 29
9 29
10 29
11 29
12 29
13 29
14 29
15 34
16 34
17 29
18 34
19 29
20 34
21 29
22 29
23 34
24 0
25 29
26 29
27 34
28 29
29 29
30 29
31 29
32 29
33 29
34 34
35 29
36 29
37 29
38 34
39 29
40 29
41 29
42 29
43 29
44 29
45 29
46 29
47 29
48 29
49 29
50 29
51 29
52 29
53 29
54 34
55 29
56 34
57 34
58 29
59 29
60 29
61 29
62 29
63 29
64 0
65 29
66 29
67 34
68 29
69 29
70 29
71 29
72 29
73 34
74 34
75 29
76 0
77 29
78 34
79 29
80 29
81 34
82 34
83 29
84 0
85 29
86 0
87 29
88 34
89 34
90 34
91 29
92 34
93 29
94 34
95 29
96 29
97 29
98 29
99 29
100 29
101 29
102 29
103 34
104 29
105 29
106 29
107 34
108 29
109 29
110 34
111 29
112 29
113 29
114 29
115 34
116 29
117 0
118 34
119 29
120 29
121 29
122 0
123 34
124 0
125 34
126 29
127 29
128 34
129 29
130 0
131 29
132 29
133 29
134 29
135 34
136 34
137 34
138 34
139 29
140 29
141 34
142 29
143 29
144 29
145 29
146 29
147 29
148 29
149 29
150 29
151 34
152 29
153 29
154 29
155 34
156 34
157 0
158 29
159 34
160 34
161 29
162 29
163 0
164 34
165 29
166 29
167 29
168 34
169 0
170 34
171 0
172 29
173 29
174 29
175 29
176 29
177 29
178 34
179 34
180 29
181 29
182 34
183 34
184 29
185 34
186 29
187 29
188 29
189 29
190 29
191 0
192 34
193 29
194 34
195 29
196 34
197 29
198 29
199 29
200 29
201 29
202 0
203 0
204 29
205 29
206 29
207 0
208 29
209 29
210 29
211 34
212 34
213 29
214 29
215 29
216 29
217 29
218 29
219 29
220 29
221 29
222 29
223 29
224 29
225 29
226 29
227 29
228 34
229 29
230 34
231 34
232 0
233 34
234 29
235 29
236 29
237 29
238 34
239 29
240 29
241 29
242 29
243 0
244 29
245 29
246 29
247 34
248 34
249 34
250 29
251 29
252 29
253 29
254 29
255 29
256 0
257 34
258 34
259 29
260 29
261 34
262 29
263 34
264 29
265 29
266 29
267 34
268 29
269 29
270 0
271 29
272 29
273 29
274 29
275 34
276 29
277 29
278 29
279 29
280 29
281 29
282 34
283 29
284 34
285 29
286 29
287 29
288 29
289 29
290 29
291 29
292 34
293 34
294 29
295 29
296 29
297 29
298 34
299 29
300 29
301 29
302 0
303 29
304 29
305 34
306 29
307 29
308 29
309 29
310 34
311 29
312 0
313 34
314 29
315 29
316 29
317 29
318 0
319 29
320 29
321 29
322 29
323 29
324 29
325 29
326 29
327 29
328 29
329 29
330 29
331 34
332 29
333 29
334 29
335 29
336 34
337 34
338 29
339 29
340 29
341 34
342 29
343 29
344 29
345 29
346 29
347 29
348 29
349 29
350 29
351 29
352 29
353 34
354 29
355 34
356 34
357 0
358 29
359 29
360 29
361 29
362 34
363 34
364 29
365 29
366 29
367 29
368 29
369 34
370 29
371 29
372 34
373 29
374 29
375 29
376 29
377 29
378 29
379 29
380 29
381 29
382 29
383 29
384 29
385 0
386 0
387 29
388 29
389 29
390 34
391 29
392 29
393 29
394 29
395 29
396 29
397 29
398 29
399 34
400 29
401 0
402 29
403 29
404 29
405 29
406 29
407 29
408 29
409 29
410 29
411 29
412 29
413 29
414 29
415 34
416 29
417 29
418 34
419 34
420 34
421 29
422 34
423 0
424 29
425 29
426 34
427 29
428 34
429 29
430 34
431 34
432 0
433 29
434 29
435 34
436 34
437 29
438 29
439 29
440 29
441 29
442 34
443 34
444 29
445 34
446 29
447 29
448 29
449 29
450 29
451 29
452 29
453 29
454 29
455 29
456 29
457 29
458 0
459 29
460 29
461 29
462 29
463 29
464 29
465 34
466 29
467 29
468 0
469 29
470 29
471 29
472 29
473 29
474 0
475 29
476 29
477 29
478 29
479 0
480 29
481 29
482 34
483 29
484 34
485 29
486 29
487 29
488 29
489 29
490 29
491 29
492 34
493 34
494 29
495 29
496 29
497 29
498 29
499 29
500 34
501 29
502 29
503 34
504 29
505 29
506 29
507 29
508 29
509 34
510 29
511 29
512 34
513 29
514 29
515 0
516 29
517 34
518 29
519 34
520 34
521 29
522 29
523 29
524 29
525 34
526 34
527 29
528 34
529 34
530 29
531 29
532 0
533 29
534 29
535 29
536 34
537 34
538 29
539 29
540 29
541 29
542 29
543 29
544 29
545 29
546 34
547 29
548 34
549 29
550 29
551 29
552 29
553 34
554 29
555 29
556 29
557 29
558 0
559 0
560 29
561 34
562 29
563 29
564 29
565 29
566 29
567 29
568 29
569 29
570 29
571 29
572 29
573 29
574 29
575 29
576 29
577 29
578 29
579 34
580 29
581 29
582 29
583 29
584 29
585 29
586 29
587 29
588 29
589 34
590 29
591 29
592 34
593 34
594 29
595 29
596 29
597 29
598 29
599 29
600 29
601 29
602 0
603 29
604 29
605 29
606 29
607 29
608 29
609 29
610 29
611 29
612 29
613 29
614 29
615 29
616 29
617 29
618 29
619 34
620 34
621 29
622 34
623 34
624 29
625 0
626 34
627 34
628 29
629 34
630 34
631 29
632 29
633 29
634 34
635 29
636 29
637 29
638 29
639 29
640 29
641 29
642 29
643 34
644 34
645 34
646 29
647 29
648 34
649 29
650 34
651 29
652 29
653 29
654 29
655 29
656 34
657 29
658 29
659 29
660 29
661 29
662 29
663 29
664 29
665 29
666 29
667 29
668 29
669 29
670 29
671 34
672 29
673 29
674 29
675 29
676 29
677 29
678 29
679 29
680 29
681 29
682 34
683 29
684 34
685 29
686 29
687 34
688 29
689 29
690 29
691 29
692 29
693 29
694 29
695 34
696 34
697 29
698 29
699 29
700 29
701 29
702 29
703 29
704 29
705 29
706 29
707 34
708 29
709 34
710 29
711 29
712 29
713 34
714 29
715 34
run time cost of algorithm SM_CTP is 0.920806seconds
