803200 109 68
49 34
54 34
37 34
87 34
94 34
127 34
137 34
46 34
8 34
133 34
175 34
163 34
153 34
60 34
123 34
28 34
171 34
20 34
196 34
64 34
29 34
179 34
50 48
168 34
52 34
157 34
154 34
201 34
210 34
204 34
205 34
84 34
120 34
35 34
203 34
130 34
164 34
172 48
195 34
112 34
67 48
79 34
61 34
1 48
223 34
118 34
115 34
99 34
148 34
80 24
75 34
33 34
43 34
114 34
119 34
170 34
39 34
187 34
188 34
199 34
4 34
176 34
193 34
47 34
220 34
76 34
81 34
9 34
66 34
190 34
73 34
177 34
25 34
83 34
11 34
90 34
166 34
69 24
41 34
132 34
19 24
159 34
111 34
110 34
7 34
135 34
106 34
192 34
214 34
98 34
197 34
160 34
92 34
219 34
184 34
116 48
136 34
218 34
108 48
208 34
174 34
158 48
139 34
68 34
138 34
101 34
134 34
165 34
213 34
65 34
102 34
51 34
152 34
126 34
215 34
183 34
3 24
15 34
45 34
48 34
194 34
70 48
89 34
95 34
142 34
100 34
22 34
0 34
221 34
185 24
32 34
155 34
128 34
149 34
13 34
78 34
42 34
191 34
71 34
167 34
72 34
107 34
212 34
23 34
209 34
18 34
62 34
63 48
6 34
56 34
2 34
189 34
217 34
143 34
144 34
145 34
211 34
59 34
198 34
105 34
121 34
186 34
77 48
16 34
26 34
182 34
180 24
104 34
125 34
86 34
169 34
113 34
140 34
10 34
216 34
146 48
147 34
17 34
151 34
222 34
85 34
14 34
178 34
162 34
124 34
161 34
150 34
200 34
173 34
103 34
181 48
55 34
109 34
91 34
44 34
96 34
38 34
36 34
129 34
5 34
206 34
207 34
97 34
131 34
30 34
12 34
34 34
27 34
74 34
88 24
53 34
141 34
82 34
117 34
24 34
156 34
122 34
202 48
58 34
57 34
93 34
40 34
31 34
21 34
run time cost of algorithm DRT_BD is 0.028347seconds
