6942000 159 67
611 49
146 49
523 29
352 49
710 29
636 49
568 34
208 49
19 29
449 29
140 49
608 34
42 49
651 49
154 0
386 49
421 49
596 29
694 49
207 49
692 29
59 49
385 34
217 49
463 49
232 0
653 0
587 49
28 49
465 29
193 34
652 29
402 29
113 34
667 49
139 29
462 34
91 34
420 34
576 34
271 29
211 0
237 29
324 34
418 34
61 49
60 49
17 29
83 34
473 0
390 34
159 29
648 49
8 49
150 49
705 49
292 29
623 29
44 49
559 0
277 49
638 29
389 29
536 0
661 34
316 49
45 29
453 49
659 29
133 29
628 34
396 34
3 49
148 49
201 49
54 49
194 29
348 34
262 29
80 34
247 29
501 29
100 29
349 49
234 34
641 29
381 34
554 49
454 34
688 49
16 49
360 34
302 29
609 34
129 49
179 29
382 29
446 29
649 34
553 41
512 34
613 29
34 29
625 0
266 0
339 34
238 49
640 49
317 0
37 29
489 34
490 49
369 29
289 49
200 49
657 29
326 29
221 34
469 49
58 29
157 29
412 49
284 49
116 29
168 49
704 29
362 49
110 29
510 29
388 34
642 29
261 29
487 34
5 34
481 49
619 29
603 49
127 49
118 29
187 34
6 34
76 49
190 49
186 34
250 29
488 49
314 49
291 0
693 49
174 49
558 49
245 29
547 49
347 29
53 29
158 29
542 49
645 49
130 29
293 29
218 34
282 29
555 34
432 29
27 0
258 34
675 49
114 0
191 0
172 49
444 29
65 34
120 29
108 34
132 29
313 29
355 29
212 49
654 29
93 49
448 34
14 49
521 29
275 49
184 49
252 29
714 29
260 49
442 29
95 29
56 49
356 34
192 29
354 49
503 34
39 34
457 29
254 49
265 49
383 0
526 49
450 29
99 29
338 49
485 29
679 34
11 29
391 49
372 49
299 29
331 0
476 29
395 49
287 49
629 34
663 34
690 29
323 29
584 29
149 34
259 34
681 49
585 29
18 34
506 29
438 49
304 49
223 49
183 29
672 34
124 34
253 34
531 49
87 34
717 34
122 49
535 34
46 29
294 49
550 49
492 0
644 49
482 34
399 34
514 34
423 29
248 49
715 49
520 49
505 29
346 49
357 0
548 49
671 49
298 29
4 0
541 0
274 29
646 29
165 34
215 29
610 34
242 49
36 34
552 49
434 49
635 49
85 29
417 29
493 49
713 29
560 29
437 29
494 0
497 0
413 29
664 29
363 29
594 49
12 49
70 49
577 34
25 34
533 0
408 49
615 29
48 29
504 0
696 34
104 29
592 29
431 49
451 49
101 49
578 29
668 29
677 49
471 34
622 34
700 29
616 0
121 29
325 41
229 49
491 49
687 34
467 0
29 49
288 49
527 29
637 34
425 49
682 34
68 49
66 29
365 41
707 29
281 0
321 29
394 29
468 49
617 29
478 34
290 29
30 29
322 29
665 34
551 49
9 49
166 49
43 29
38 0
466 49
251 49
111 34
433 0
631 49
630 34
581 29
575 34
439 34
404 49
405 49
370 29
336 49
499 29
633 34
220 34
222 49
97 49
225 29
660 49
226 29
197 34
518 34
171 29
269 49
135 49
511 0
345 49
203 34
170 0
495 49
367 34
77 29
716 49
67 49
342 0
582 49
600 29
40 29
400 49
125 49
627 29
620 49
300 0
709 0
676 34
543 49
160 49
375 34
393 49
483 34
443 29
440 29
601 34
268 34
597 49
51 41
228 34
588 29
697 34
377 29
376 29
695 49
267 34
233 29
94 49
341 34
509 29
141 49
47 29
426 29
7 49
464 34
285 34
103 49
312 29
647 34
180 41
26 29
318 49
591 29
98 29
295 0
21 49
538 49
480 8
508 29
272 29
10 29
561 29
539 29
167 29
424 34
41 29
586 49
90 29
353 49
452 29
195 29
371 34
378 34
178 41
176 34
305 49
606 34
243 34
72 49
519 29
303 34
643 0
137 29
517 49
366 29
31 34
666 49
411 34
456 34
513 34
605 34
569 49
571 49
593 41
283 34
686 34
175 34
138 34
52 34
117 34
24 34
515 34
599 34
590 41
235 34
50 34
123 49
632 34
674 49
329 34
246 34
401 34
534 34
549 49
181 49
145 49
655 49
78 34
73 34
544 49
142 34
486 34
445 49
407 34
589 49
447 0
224 34
206 41
128 34
82 34
81 34
361 41
722 34
475 41
498 34
351 49
333 8
196 34
662 34
96 49
374 34
153 49
406 34
131 49
310 34
240 0
458 34
556 8
380 41
320 41
1 34
435 34
502 34
263 34
319 34
461 34
607 34
524 34
698 49
429 49
177 34
670 49
155 34
79 34
286 34
540 41
244 34
340 49
415 41
311 34
327 41
32 49
472 34
230 49
276 34
164 34
279 34
368 34
119 41
216 34
297 34
678 49
397 0
109 34
546 49
364 34
273 34
359 34
598 34
428 34
699 41
529 34
373 34
55 41
703 34
219 34
296 49
74 29
147 49
602 8
557 49
441 49
614 34
708 49
231 34
624 34
202 34
562 49
241 34
185 49
57 0
106 49
315 49
479 34
564 34
33 34
604 41
574 34
525 34
685 34
580 34
162 34
673 41
583 34
151 41
102 34
650 0
484 41
204 34
239 34
143 34
255 34
573 34
182 34
419 34
169 34
64 41
264 34
334 34
350 34
189 34
89 41
474 41
477 34
75 34
105 41
422 34
516 34
427 34
134 0
459 34
721 34
213 34
566 34
126 34
612 34
92 0
720 0
567 0
161 34
684 34
88 41
572 34
392 0
626 34
249 8
384 34
86 34
718 0
416 34
256 34
163 34
496 41
528 41
156 34
522 0
15 34
209 34
22 34
563 34
691 34
500 34
270 34
595 34
410 41
711 8
152 34
84 34
639 34
436 34
49 41
430 34
332 0
579 41
460 41
115 41
680 41
69 41
706 41
307 41
144 41
2 41
689 41
701 41
257 41
306 41
683 41
107 41
669 41
344 41
35 41
136 41
23 41
13 41
199 41
301 41
227 41
379 41
112 41
358 41
532 0
280 41
414 41
214 41
198 8
210 8
455 41
398 41
337 41
712 41
658 41
62 41
634 41
618 8
343 41
335 41
330 41
570 41
328 0
71 41
470 41
719 41
63 41
173 41
236 41
507 41
621 41
702 41
409 8
530 41
387 41
537 41
20 41
0 41
565 41
403 41
656 41
309 41
308 41
278 41
188 41
205 41
545 41
run time cost of algorithm DRT_BD is 0.307568seconds
