532400 109 66
43 9
42 34
37 34
88 34
100 34
26 34
19 34
30 34
146 34
61 34
64 9
75 34
76 34
47 34
24 34
3 34
57 34
55 34
71 34
16 34
113 34
144 34
22 34
28 24
99 34
130 34
122 34
87 34
6 34
102 34
29 34
95 24
133 34
134 24
106 34
143 34
50 34
41 24
110 24
92 34
142 34
54 24
5 34
86 24
108 34
45 34
78 34
17 34
121 34
38 34
129 41
23 24
56 34
132 34
74 34
35 34
84 34
138 34
13 34
62 24
0 34
96 34
145 34
40 34
140 24
104 34
39 34
4 24
85 34
80 34
136 34
90 34
14 34
81 34
8 24
25 34
89 34
103 24
94 24
15 34
49 24
124 34
1 34
52 34
126 34
69 34
135 34
10 24
131 34
27 9
18 9
123 41
107 34
58 24
21 24
9 9
125 34
31 24
70 24
32 34
79 34
139 8
118 34
98 34
66 41
141 24
82 34
119 41
101 24
33 34
127 34
68 34
109 34
116 34
117 41
11 8
111 34
112 34
46 24
77 24
59 34
7 34
73 24
115 34
114 24
105 34
97 34
128 24
51 24
60 34
2 34
53 41
91 9
72 24
63 34
20 34
120 24
34 9
36 34
44 8
83 34
48 34
67 24
65 41
93 9
12 24
137 34
run time cost of algorithm DRT_BD is 0.018768seconds
