328600 170 49
30 9
192 9
52 9
50 9
75 9
62 9
140 9
10 9
131 9
177 9
174 9
116 34
12 9
198 9
207 9
231 9
20 9
129 9
112 9
63 9
64 9
182 9
70 9
41 9
220 9
89 9
164 9
72 9
169 9
223 9
26 9
32 6
139 9
157 9
240 9
142 9
25 9
244 9
237 9
173 9
17 9
191 9
137 6
203 9
97 9
202 9
71 9
233 9
5 9
3 9
224 34
4 9
27 9
38 34
37 9
197 9
154 9
215 9
101 9
141 6
15 9
183 9
127 6
187 6
132 34
117 9
77 9
43 9
158 9
90 9
79 9
156 9
103 9
102 9
49 9
83 9
163 9
171 9
45 9
114 9
195 9
19 34
145 9
82 9
9 9
115 9
222 9
138 9
44 9
22 9
35 9
96 9
33 9
216 9
85 9
93 9
95 9
181 6
149 9
199 9
88 9
100 9
56 6
147 6
11 9
134 6
13 9
146 9
143 9
213 9
159 9
21 9
150 34
186 9
160 9
120 6
36 9
208 9
166 9
193 34
236 34
167 9
204 9
68 34
133 6
2 9
246 34
0 9
245 6
155 9
110 9
123 9
42 9
76 34
126 9
153 9
104 9
241 9
80 9
23 9
205 6
238 9
31 9
180 9
73 9
109 9
7 9
135 6
190 34
210 9
108 9
105 9
57 9
98 6
178 9
1 10
125 9
152 9
122 9
229 9
107 9
148 9
234 9
225 6
46 9
184 6
201 9
196 9
8 9
34 9
65 9
121 9
94 9
87 9
53 9
55 9
176 9
165 9
175 9
60 9
209 6
194 9
168 9
40 9
111 9
39 9
84 9
51 9
6 9
219 9
228 9
24 9
81 9
162 9
242 9
119 6
61 34
226 6
172 9
99 9
179 9
28 6
18 9
54 9
47 9
200 9
206 9
58 34
59 9
217 9
69 9
136 9
185 9
92 9
14 8
230 9
113 34
188 9
218 6
232 9
16 9
106 34
214 9
151 9
170 9
227 9
86 6
211 9
29 9
74 9
91 9
161 9
221 9
144 6
189 9
48 9
128 9
78 9
67 9
235 34
66 6
212 6
239 6
118 9
243 6
124 9
130 9
run time cost of algorithm DRT_AG is 0.00094seconds
