5134800 120 58
0 29
1 34
2 0
3 29
4 29
5 29
6 34
7 29
8 29
9 29
10 29
11 29
12 34
13 29
14 29
15 29
16 34
17 29
18 29
19 29
20 29
21 34
22 29
23 29
24 29
25 34
26 29
27 29
28 0
29 29
30 29
31 29
32 29
33 29
34 29
35 29
36 34
37 29
38 29
39 29
40 34
41 29
42 29
43 34
44 29
45 29
46 29
47 29
48 29
49 29
50 29
51 34
52 0
53 0
54 34
55 34
56 0
57 34
58 29
59 29
60 29
61 29
62 29
63 29
64 29
65 34
66 29
67 29
68 29
69 29
70 34
71 29
72 29
73 0
74 29
75 34
76 29
77 29
78 29
79 34
80 29
81 29
82 29
83 29
84 0
85 34
86 29
87 29
88 29
89 34
90 29
91 34
92 34
93 29
94 0
95 29
96 34
97 34
98 29
99 0
100 0
101 29
102 29
103 34
104 29
105 34
106 29
107 29
108 29
109 29
110 29
111 29
112 34
113 34
114 29
115 34
116 29
117 29
118 29
119 0
120 29
121 29
122 29
123 29
124 29
125 29
126 29
127 29
128 29
129 34
130 29
131 0
132 29
133 29
134 29
135 34
136 0
137 29
138 29
139 34
140 34
141 29
142 29
143 29
144 34
145 29
146 29
147 29
148 34
149 29
150 29
151 29
152 34
153 29
154 29
155 29
156 29
157 29
158 29
159 29
160 29
161 29
162 29
163 29
164 29
165 34
166 29
167 34
168 29
169 34
170 34
171 29
172 29
173 34
174 29
175 34
176 29
177 0
178 34
179 34
180 0
181 29
182 29
183 29
184 29
185 29
186 29
187 29
188 29
189 34
190 29
191 29
192 34
193 34
194 34
195 29
196 34
197 0
198 29
199 34
200 29
201 29
202 29
203 34
204 29
205 29
206 29
207 29
208 34
209 29
210 29
211 34
212 34
213 34
214 29
215 29
216 0
217 29
218 29
219 29
220 29
221 0
222 29
223 29
224 34
225 29
226 29
227 0
228 29
229 29
230 29
231 29
232 29
233 29
234 34
235 29
236 34
237 29
238 29
239 34
240 34
241 29
242 29
243 29
244 29
245 34
246 29
247 29
248 29
249 29
250 29
251 29
252 34
253 29
254 34
255 29
256 29
257 29
258 29
259 29
260 29
261 34
262 29
263 29
264 29
265 29
266 34
267 29
268 29
269 34
270 29
271 29
272 29
273 29
274 29
275 29
276 34
277 29
278 29
279 29
280 29
281 29
282 34
283 29
284 29
285 29
286 34
287 29
288 29
289 29
290 29
291 34
292 34
293 29
294 34
295 34
296 29
297 29
298 34
299 29
300 29
301 29
302 34
303 29
304 34
305 29
306 34
307 29
308 29
309 29
310 29
311 29
312 34
313 29
314 34
315 0
316 34
317 34
318 29
319 0
320 29
321 34
322 34
323 29
324 34
325 34
326 34
327 29
328 29
329 34
330 34
331 34
332 34
333 34
334 34
335 41
336 34
337 34
338 34
339 29
340 34
341 34
342 0
343 34
344 34
345 0
346 34
347 34
348 34
349 0
350 34
351 34
352 34
353 34
354 34
355 34
356 34
357 34
358 34
359 34
360 34
361 34
362 34
363 34
364 0
365 34
366 34
367 34
368 34
369 34
370 34
371 34
372 0
373 34
374 34
375 34
376 34
377 34
378 34
379 34
380 34
381 34
382 34
383 34
384 34
385 41
386 34
387 34
388 34
389 34
390 34
391 34
392 34
393 34
394 0
395 34
396 29
397 34
398 34
399 0
400 34
401 34
402 34
403 34
404 34
405 34
406 0
407 34
408 34
409 34
410 34
411 34
412 34
413 34
414 34
415 34
416 34
417 34
418 34
419 34
420 34
421 34
422 34
423 34
424 34
425 34
426 34
427 34
428 34
429 41
430 0
431 34
432 34
433 34
434 41
435 34
436 34
437 34
438 0
439 34
440 34
441 34
442 34
443 29
444 34
445 34
446 34
447 34
448 0
449 34
450 34
451 34
452 34
453 34
454 34
455 41
456 41
457 41
458 0
459 34
460 41
461 8
462 0
463 41
464 41
465 41
466 41
467 41
468 41
469 8
470 8
471 41
472 41
473 41
474 41
475 41
476 41
477 0
478 41
479 8
480 0
481 41
482 41
483 41
484 41
485 41
486 41
487 41
488 41
489 41
490 41
491 41
492 41
493 41
494 41
495 41
496 41
497 41
498 41
499 41
500 41
501 41
502 41
503 41
504 41
505 41
506 41
507 41
508 41
509 41
510 41
511 41
512 34
513 41
514 8
515 41
516 34
517 41
518 41
519 41
520 41
521 41
522 41
523 41
524 41
525 41
526 41
527 41
528 41
529 0
530 41
531 41
532 41
533 41
534 41
535 41
536 41
537 0
538 41
539 41
540 41
541 41
542 8
543 41
544 41
545 41
run time cost of algorithm SM_CTP is 0.912809seconds
