2708800 120 52
0 29
1 34
2 0
3 29
4 29
5 34
6 29
7 34
8 29
9 34
10 34
11 0
12 29
13 0
14 29
15 29
16 0
17 29
18 34
19 29
20 29
21 29
22 29
23 29
24 29
25 29
26 29
27 29
28 29
29 29
30 29
31 34
32 29
33 29
34 29
35 29
36 29
37 29
38 34
39 29
40 29
41 29
42 29
43 29
44 34
45 29
46 29
47 29
48 29
49 29
50 29
51 29
52 29
53 34
54 29
55 34
56 29
57 34
58 29
59 29
60 29
61 29
62 29
63 29
64 29
65 29
66 29
67 0
68 29
69 0
70 29
71 29
72 29
73 29
74 0
75 29
76 29
77 34
78 29
79 34
80 34
81 29
82 29
83 29
84 29
85 29
86 34
87 34
88 29
89 29
90 29
91 29
92 34
93 29
94 34
95 29
96 34
97 29
98 29
99 29
100 29
101 29
102 29
103 34
104 29
105 0
106 34
107 29
108 29
109 34
110 34
111 29
112 34
113 29
114 34
115 29
116 0
117 29
118 34
119 0
120 34
121 29
122 29
123 29
124 29
125 34
126 29
127 29
128 34
129 29
130 29
131 29
132 34
133 29
134 34
135 29
136 29
137 29
138 29
139 29
140 29
141 29
142 29
143 0
144 0
145 29
146 34
147 29
148 29
149 29
150 29
151 29
152 34
153 29
154 29
155 29
156 29
157 29
158 29
159 34
160 29
161 29
162 0
163 29
164 29
165 29
166 29
167 34
168 34
169 29
170 34
171 8
172 34
173 29
174 29
175 29
176 34
177 29
178 34
179 34
180 34
181 29
182 34
183 29
184 29
185 29
186 0
187 29
188 29
189 29
190 29
191 34
192 29
193 29
194 29
195 29
196 34
197 29
198 29
199 0
200 34
201 29
202 29
203 29
204 29
205 29
206 29
207 29
208 34
209 29
210 0
211 34
212 0
213 34
214 34
215 0
216 29
217 29
218 29
219 34
220 29
221 34
222 29
223 29
224 29
225 34
226 29
227 34
228 29
229 29
230 29
231 29
232 29
233 29
234 29
235 29
236 29
237 34
238 29
239 29
240 34
241 29
242 29
243 29
244 29
245 34
246 34
247 29
248 29
249 29
250 34
251 29
252 29
253 29
254 29
255 0
256 34
257 34
258 29
259 34
260 34
261 34
262 34
263 29
264 34
265 29
266 29
267 34
268 29
269 29
270 29
271 29
272 34
273 34
274 29
275 29
276 29
277 29
278 29
279 29
280 34
281 29
282 29
283 29
284 34
285 29
286 29
287 34
288 29
289 29
290 34
291 29
292 0
293 29
294 29
295 29
296 29
297 29
298 29
299 29
300 29
301 29
302 29
303 29
304 29
305 29
306 29
307 34
308 29
309 29
310 0
311 29
312 29
313 29
314 29
315 29
316 29
317 0
318 29
319 29
320 29
321 29
322 34
323 29
324 29
325 29
326 34
327 29
328 29
329 29
330 29
331 34
332 29
333 29
334 29
335 29
336 29
337 34
338 29
339 34
340 34
341 29
342 29
343 29
344 29
345 29
346 29
347 29
348 29
349 29
350 0
351 34
352 34
353 29
354 29
355 29
356 29
357 29
358 29
359 0
360 29
361 29
362 29
363 29
364 34
365 29
366 34
367 34
368 29
369 34
370 29
371 29
372 29
373 29
374 34
375 29
376 0
377 34
378 0
379 29
380 29
381 29
382 29
383 29
384 29
385 29
386 29
387 29
388 29
389 34
390 29
391 34
392 29
393 29
394 29
395 29
396 29
397 29
398 29
399 29
400 29
401 34
402 0
403 34
404 34
405 29
406 0
407 29
408 29
409 29
410 34
411 29
412 29
413 29
414 34
415 34
416 29
417 34
418 34
419 29
420 34
421 0
422 29
423 29
424 0
425 29
426 34
427 29
428 29
429 29
430 34
431 29
432 29
433 29
434 0
435 29
436 29
437 34
438 34
439 34
440 29
441 0
442 29
443 34
444 29
445 29
446 29
447 29
448 29
449 29
450 0
451 29
452 34
453 34
454 29
455 29
456 29
457 29
458 29
459 34
460 34
461 8
462 29
463 29
464 29
465 29
466 29
467 29
468 0
469 34
470 29
471 29
472 29
473 29
474 29
475 29
476 29
477 29
478 0
479 29
480 29
481 29
482 29
483 34
484 29
485 29
486 29
487 29
488 29
489 34
490 29
491 29
492 29
493 8
494 29
495 34
496 29
497 29
498 0
499 34
500 0
501 29
502 29
503 34
504 29
505 29
506 29
507 29
508 29
509 34
510 29
511 29
512 29
513 34
514 29
515 29
516 29
517 29
518 0
519 29
520 29
521 29
522 29
523 34
524 29
525 34
526 34
527 0
528 29
529 34
530 0
531 29
532 29
533 29
534 34
535 34
536 29
537 29
538 0
539 34
540 34
541 0
542 29
543 29
544 29
545 34
546 0
547 29
548 29
549 34
550 29
551 34
552 34
553 34
554 29
555 29
556 29
557 34
558 34
559 29
560 0
561 34
562 29
563 29
564 29
565 34
566 29
567 0
568 29
569 34
570 34
571 29
572 29
573 29
574 0
575 29
576 34
577 29
578 29
579 29
580 34
581 29
582 29
583 29
584 29
585 0
586 29
587 0
588 34
589 0
590 34
591 29
592 29
593 29
594 29
595 29
596 34
597 29
598 34
599 29
600 29
601 29
602 34
603 29
604 29
605 34
606 29
607 29
608 34
609 34
610 29
611 29
612 29
613 34
614 34
615 29
616 34
617 29
618 34
619 29
620 29
621 29
622 29
623 29
624 29
625 34
626 34
627 29
628 29
629 29
630 29
631 29
632 29
633 29
634 29
635 29
636 34
637 29
638 29
639 29
640 34
641 34
642 34
643 0
644 34
645 34
646 34
647 0
648 29
649 29
650 34
651 29
652 29
653 29
654 29
655 29
656 34
657 0
658 29
659 0
660 29
661 34
662 29
663 34
664 29
665 29
666 29
667 29
668 29
669 29
670 29
671 29
672 29
673 34
674 29
675 29
676 29
677 29
678 34
679 29
680 0
681 34
682 0
683 34
684 34
685 29
686 29
687 0
688 29
689 29
690 34
691 29
692 29
693 29
694 29
695 29
696 29
697 29
698 29
699 34
700 34
701 29
702 29
703 29
704 29
705 0
706 29
707 29
708 29
709 29
710 29
711 29
712 29
713 34
714 34
715 29
716 34
717 34
718 29
719 29
720 29
721 0
722 29
723 29
724 29
725 29
726 29
727 34
728 29
729 34
730 34
731 29
732 29
733 29
734 0
735 29
736 34
737 29
738 29
739 8
740 34
741 29
742 34
743 29
744 34
745 29
746 29
747 29
748 29
749 0
750 34
751 29
752 34
753 29
754 34
755 34
756 29
757 29
758 0
759 29
760 34
761 29
762 29
763 29
764 29
765 29
766 8
767 29
768 34
769 34
770 29
771 29
772 0
773 0
774 34
775 34
776 29
777 29
778 29
779 34
780 29
781 29
782 29
783 29
784 29
785 29
786 29
787 29
788 29
789 29
790 29
791 29
792 29
793 29
794 29
795 34
796 34
797 29
798 29
799 0
800 29
801 34
802 0
803 29
804 29
805 29
806 34
807 29
808 29
809 29
810 29
811 29
812 0
813 29
814 34
815 29
816 29
817 34
818 29
819 34
820 29
821 34
822 29
823 29
824 29
825 34
826 0
827 29
828 34
829 29
830 0
831 29
832 34
833 29
834 29
835 29
836 29
837 34
838 29
839 34
840 34
841 29
842 29
843 29
844 34
845 29
846 34
847 34
848 29
849 29
850 34
851 29
852 29
853 29
854 34
855 29
856 29
857 29
858 29
859 29
860 29
861 29
862 29
863 29
864 34
865 0
866 29
867 34
868 29
869 34
870 29
871 29
872 34
873 29
874 29
875 29
876 34
877 29
878 34
879 34
880 29
881 29
882 29
883 34
884 29
run time cost of algorithm SM_CTP is 1.76851seconds
