1816000 104 67
65 34
444 34
82 34
3 34
474 34
296 34
310 34
431 34
418 34
415 34
128 0
484 34
147 34
368 34
187 34
396 34
211 0
352 34
204 34
464 34
194 34
348 34
281 34
176 34
86 34
90 34
156 34
91 34
347 34
395 34
136 34
134 34
102 34
37 34
343 34
221 34
417 34
11 0
227 34
129 34
100 34
313 34
42 34
274 34
436 34
15 34
158 34
175 34
13 34
288 34
75 34
51 34
66 34
202 34
394 34
249 34
111 34
374 34
373 34
149 34
188 34
141 34
210 34
335 34
240 34
259 34
472 34
80 34
297 34
468 34
260 34
85 34
163 34
192 34
30 34
353 34
206 34
17 34
68 34
14 34
226 34
449 34
235 34
495 34
250 34
263 34
165 34
27 34
382 34
31 34
46 34
217 34
4 34
62 34
437 34
1 34
96 34
272 34
486 34
379 34
387 34
154 34
21 34
264 34
95 34
61 34
440 34
115 34
301 34
336 34
300 34
344 0
19 41
489 41
485 41
445 34
370 34
466 34
312 34
168 34
364 34
362 34
330 34
398 34
402 34
266 34
358 34
67 34
2 34
54 34
453 34
212 34
461 0
70 34
10 34
439 34
64 34
401 34
57 0
305 0
359 34
291 34
452 34
460 34
447 34
237 34
238 34
28 34
469 34
286 34
309 34
390 34
311 34
76 34
248 34
244 34
26 34
315 34
421 34
55 34
308 34
139 34
270 34
138 41
339 34
356 34
166 34
455 34
171 34
161 34
292 34
442 34
45 0
92 34
303 34
106 34
423 34
236 34
38 34
148 34
328 34
493 34
127 34
381 0
454 34
280 0
23 34
93 34
384 34
257 34
181 34
424 34
231 34
413 34
125 34
117 34
285 0
271 34
174 34
178 34
477 34
392 34
29 34
331 41
228 34
32 41
480 34
490 0
140 34
241 0
252 34
25 41
357 34
103 34
104 0
153 34
7 34
185 34
84 34
40 34
197 0
497 34
277 34
337 34
101 34
412 0
145 34
50 34
410 34
355 34
173 34
443 34
380 34
12 34
258 34
151 34
123 34
465 41
87 34
232 34
265 34
376 41
404 34
121 41
432 34
169 34
267 34
324 34
131 34
144 34
459 34
20 34
72 34
119 41
239 34
349 34
405 34
322 34
208 41
89 34
366 34
299 34
198 34
190 34
479 34
295 41
294 34
342 41
414 34
371 34
251 41
475 0
160 34
422 41
112 41
419 34
116 41
8 34
195 34
222 34
278 34
483 34
219 34
162 34
361 34
105 34
0 0
287 41
5 34
6 34
34 34
467 34
69 0
446 34
276 34
97 34
434 34
433 34
114 34
268 34
411 34
498 34
375 34
184 34
354 34
340 34
225 34
200 34
152 34
367 34
284 34
247 34
256 41
108 34
53 34
420 0
275 0
170 0
33 41
48 34
16 41
409 34
71 34
22 34
132 34
135 34
326 0
293 34
88 34
329 34
164 34
229 34
142 34
435 34
183 34
306 34
282 0
476 34
150 34
203 34
430 34
124 34
269 0
224 34
273 34
333 34
346 34
36 34
327 34
458 0
18 34
74 34
316 34
193 34
243 34
386 34
201 34
307 34
83 0
56 34
79 34
341 34
44 34
369 34
24 34
130 34
399 34
496 34
383 34
283 34
253 34
254 34
389 34
205 34
199 41
49 0
215 34
471 34
220 0
478 34
332 34
110 34
233 41
113 0
491 34
492 34
289 34
317 34
246 34
155 0
393 34
39 41
59 34
290 34
385 34
450 34
47 41
58 34
462 34
196 34
487 34
73 0
118 34
218 34
319 34
214 0
345 34
321 41
408 34
52 34
60 34
177 34
323 34
320 34
407 34
216 34
207 34
172 34
298 34
334 34
494 34
35 34
109 34
167 34
107 34
159 34
360 34
427 34
397 34
209 41
318 34
338 34
98 34
365 41
186 41
363 34
191 41
429 0
255 34
426 34
470 34
456 34
81 0
372 34
78 34
488 34
242 34
126 34
262 34
137 34
146 34
451 34
157 34
279 34
63 34
448 41
481 34
438 34
94 41
391 34
325 34
213 0
234 34
463 34
120 34
377 34
406 34
378 34
388 34
143 34
99 41
457 34
350 34
41 34
223 34
403 34
304 34
441 0
189 34
180 34
179 41
416 34
122 34
133 34
261 34
245 41
473 34
43 34
351 34
230 34
482 41
428 41
425 34
182 34
302 34
9 34
400 41
314 34
77 34
run time cost of algorithm DRT_BD is 0.162904seconds
