10221600 170 17
515 25
34 25
421 25
610 25
73 25
383 25
200 25
660 25
556 25
336 25
673 25
763 25
104 25
259 41
696 25
718 25
192 41
87 25
636 25
428 25
427 41
712 41
663 25
790 25
909 34
234 34
133 25
900 25
297 25
701 9
310 25
891 25
697 25
456 25
109 25
2 25
107 41
473 34
114 25
201 25
202 25
681 25
364 9
12 41
159 25
203 25
216 41
668 25
818 25
649 9
374 25
214 34
870 41
484 25
869 25
606 25
58 25
60 25
490 25
244 25
684 9
41 25
906 34
561 25
37 25
749 25
801 9
22 25
811 25
246 25
671 34
850 25
633 25
602 25
158 25
238 25
399 25
371 25
785 9
408 25
577 25
678 25
282 25
557 9
494 25
375 9
213 25
551 9
52 25
897 9
643 25
476 25
582 25
810 25
655 25
67 9
120 25
196 25
603 9
541 9
747 25
532 9
279 25
306 25
307 34
276 41
43 34
426 41
717 41
841 41
802 41
707 41
161 41
605 41
180 41
191 34
195 41
346 41
78 41
469 41
468 41
55 41
774 9
277 41
445 41
831 41
470 41
597 41
326 41
110 41
281 41
472 9
255 41
630 41
198 41
914 41
638 41
756 41
138 41
314 41
807 41
510 41
916 41
623 9
821 41
895 41
640 41
272 34
74 34
250 41
292 41
449 41
881 41
759 41
242 9
147 41
641 41
269 41
334 41
808 41
338 41
471 41
635 34
878 41
160 41
14 41
698 41
30 41
18 41
537 41
377 41
337 41
907 41
130 41
608 41
764 41
683 41
8 41
95 41
115 41
720 41
155 41
31 37
467 41
693 41
29 41
815 41
235 41
303 41
433 41
390 34
771 41
49 41
273 41
211 41
758 41
134 41
101 41
100 37
231 37
324 38
493 37
738 37
611 38
672 9
857 37
621 9
207 9
703 37
596 37
525 34
497 34
653 41
538 37
670 37
316 34
420 34
584 37
726 34
4 9
566 37
558 37
27 38
85 37
372 34
834 37
786 34
189 37
753 34
904 37
554 37
666 37
576 38
93 38
97 37
706 37
539 37
794 37
164 38
894 38
148 37
285 37
267 38
848 38
615 37
10 38
574 37
675 38
356 37
308 37
775 38
261 34
131 37
453 9
448 38
478 37
48 38
439 38
813 37
304 34
92 37
98 37
479 37
112 37
689 37
320 34
625 37
342 37
645 38
378 37
917 37
517 37
51 34
507 34
840 37
59 38
271 37
376 37
172 37
692 34
618 34
223 37
911 38
266 37
0 37
499 37
716 37
721 37
154 37
69 37
728 37
403 38
761 37
767 37
567 37
220 37
370 38
885 37
38 37
170 37
341 37
559 37
417 37
80 37
442 34
363 37
352 37
253 38
651 34
26 37
221 37
353 34
589 38
357 37
659 37
863 38
369 37
72 37
210 37
723 9
474 34
300 38
501 37
509 37
229 34
483 37
824 37
392 37
458 37
206 37
866 37
702 37
505 37
664 38
543 37
619 37
536 37
822 34
65 37
616 34
632 37
265 34
291 37
680 37
572 37
219 34
549 34
634 9
578 34
122 37
658 38
871 34
864 37
209 37
17 37
76 37
699 37
875 37
177 37
587 37
57 37
45 37
437 37
796 37
745 37
103 38
836 37
397 37
523 37
318 9
854 37
47 37
410 37
317 37
432 37
443 38
19 34
286 37
787 37
639 37
784 37
351 37
406 37
839 37
455 38
239 37
227 37
305 37
233 38
451 37
912 37
682 37
694 37
695 37
384 37
40 37
725 37
560 34
757 34
896 37
248 37
902 9
230 34
879 38
921 37
583 38
529 37
462 38
743 38
546 36
514 38
781 37
803 37
731 38
218 38
168 37
705 38
360 37
222 38
240 37
657 34
25 37
298 34
915 37
804 34
163 37
847 37
217 38
876 34
424 38
225 37
262 37
293 37
299 37
301 9
309 38
400 34
461 37
247 37
185 37
111 38
564 37
335 9
612 38
127 37
423 37
452 37
709 37
644 38
21 34
844 37
892 38
580 37
516 38
105 37
800 9
66 38
617 38
79 34
704 37
504 34
226 37
861 37
562 38
6 34
482 34
94 38
91 34
533 38
778 38
144 34
465 34
553 38
905 34
278 34
224 34
190 34
135 34
688 38
187 38
381 38
149 34
294 34
573 34
601 34
607 34
486 34
118 34
783 34
719 34
752 34
901 34
151 34
193 38
919 34
183 34
744 34
167 34
488 9
166 34
362 34
419 9
178 34
140 34
181 38
647 34
734 38
568 34
910 34
382 34
629 38
592 38
150 34
569 34
171 38
287 38
142 33
480 9
613 38
527 34
296 38
86 34
358 38
289 34
61 34
782 33
62 34
106 34
513 38
874 34
793 34
117 34
50 9
754 34
542 34
16 38
503 34
99 38
361 34
119 34
260 34
236 38
366 34
913 34
868 34
295 34
42 38
46 34
667 34
735 34
332 34
674 33
184 34
319 9
506 9
652 38
368 38
710 34
121 34
176 34
713 34
588 34
396 9
820 34
832 34
186 34
760 34
11 38
792 9
565 34
263 38
665 9
817 34
755 34
152 34
274 34
179 34
768 33
84 9
331 38
686 9
780 34
407 34
414 34
90 38
920 34
624 34
489 9
359 34
552 34
600 38
254 38
108 34
830 34
727 34
402 38
805 34
124 34
656 38
284 38
590 38
68 34
280 38
413 9
53 34
711 34
35 34
826 34
708 34
886 34
733 34
387 34
411 34
373 34
129 34
205 34
288 34
126 38
460 9
555 34
620 34
642 34
890 34
89 34
586 34
54 34
323 34
797 38
685 34
321 34
88 34
908 34
855 34
365 9
737 38
264 38
333 9
70 38
228 38
302 34
491 34
415 38
837 38
880 34
654 33
340 34
5 34
36 34
524 9
256 38
430 33
249 34
748 34
825 34
132 34
548 34
145 34
156 38
355 34
877 38
637 34
882 34
845 34
232 9
889 34
867 34
457 34
83 34
500 9
137 34
581 34
487 34
212 34
884 34
571 38
614 34
199 38
128 34
389 34
887 38
770 9
401 34
44 38
477 34
687 34
872 34
518 38
56 8
750 38
15 34
724 25
464 41
799 34
268 34
722 34
243 34
545 34
627 34
739 34
741 38
20 34
772 34
888 34
481 34
508 34
858 34
64 34
650 34
96 33
438 34
622 34
842 34
522 34
732 38
215 34
204 33
425 34
715 38
82 38
626 34
852 34
534 38
367 34
173 34
241 34
495 34
237 34
609 34
628 34
194 34
828 9
550 34
143 34
531 38
245 36
512 34
141 34
463 38
740 38
843 38
197 34
540 34
325 9
459 34
322 34
313 34
450 34
429 34
13 34
444 34
865 34
350 38
3 34
349 38
730 38
661 38
327 34
7 34
691 34
75 34
789 38
123 38
766 34
348 34
544 34
328 34
393 34
175 34
441 24
779 38
526 34
252 34
563 34
862 34
63 33
446 9
312 34
1 38
329 38
182 34
290 9
466 34
485 34
833 9
791 38
594 34
416 38
275 34
71 34
593 34
798 33
714 34
918 34
742 33
819 9
648 34
395 34
28 34
418 38
330 38
434 9
591 9
809 34
162 38
827 34
440 38
859 34
528 34
736 34
379 34
386 38
502 34
388 34
498 34
814 38
391 34
39 38
404 34
436 9
33 9
773 34
662 34
32 38
23 34
454 34
447 34
751 38
157 34
746 34
343 34
922 34
519 34
604 34
511 34
315 34
136 34
690 33
521 34
188 34
856 33
77 34
283 38
579 34
788 34
676 34
849 34
669 33
344 38
258 34
679 34
113 34
595 34
347 38
570 34
311 34
812 34
585 34
405 34
422 34
806 34
575 34
345 34
385 34
169 34
893 9
829 34
631 34
174 34
520 34
146 38
769 38
898 34
846 38
873 38
853 38
776 34
394 34
125 34
435 34
9 34
270 34
823 34
257 34
816 34
795 34
24 34
208 34
116 34
409 34
412 34
251 34
496 34
599 38
102 34
165 38
883 34
700 34
139 38
851 34
860 34
838 34
81 34
431 34
777 34
339 34
646 34
398 34
899 34
380 9
677 38
903 34
762 34
535 38
835 34
547 34
765 34
530 34
354 33
475 34
153 34
492 34
729 34
598 34
run time cost of algorithm DRT_AG is 0.008525seconds
