1803600 109 67
0 34
1 34
2 34
3 34
4 0
5 34
6 34
7 34
8 34
9 34
10 34
11 34
12 34
13 0
14 34
15 34
16 34
17 34
18 34
19 34
20 0
21 34
22 0
23 34
24 34
25 34
26 34
27 34
28 34
29 34
30 34
31 0
32 34
33 34
34 34
35 34
36 34
37 0
38 0
39 34
40 34
41 34
42 34
43 34
44 34
45 34
46 34
47 34
48 34
49 34
50 41
51 34
52 34
53 34
54 34
55 34
56 34
57 34
58 34
59 34
60 41
61 34
62 34
63 34
64 34
65 34
66 34
67 34
68 34
69 34
70 34
71 0
72 34
73 34
74 34
75 34
76 34
77 34
78 34
79 0
80 41
81 41
82 34
83 34
84 0
85 34
86 34
87 0
88 34
89 34
90 34
91 34
92 34
93 34
94 34
95 34
96 34
97 34
98 34
99 41
100 34
101 34
102 34
103 34
104 34
105 34
106 34
107 34
108 34
109 34
110 34
111 34
112 41
113 34
114 34
115 34
116 34
117 34
118 41
119 34
120 34
121 34
122 34
123 34
124 34
125 34
126 34
127 0
128 34
129 34
130 34
131 34
132 34
133 34
134 34
135 34
136 34
137 34
138 34
139 34
140 34
141 34
142 34
143 34
144 34
145 34
146 34
147 34
148 41
149 34
150 34
151 34
152 34
153 34
154 0
155 34
156 34
157 34
158 34
159 41
160 0
161 34
162 34
163 34
164 34
165 34
166 34
167 34
168 41
169 41
170 41
171 34
172 0
173 0
174 34
175 34
176 34
177 34
178 34
179 34
180 34
181 34
182 34
183 34
184 41
185 34
186 34
187 34
188 34
189 34
190 34
191 34
192 34
193 8
194 34
195 41
196 41
197 34
198 41
199 41
200 34
201 41
202 41
203 34
204 34
205 34
206 34
207 34
208 34
209 34
210 41
211 34
212 34
213 34
214 34
215 34
216 34
217 34
218 34
219 34
220 34
221 34
222 34
223 34
224 34
225 0
226 34
227 0
228 0
229 34
230 0
231 34
232 34
233 41
234 34
235 34
236 34
237 34
238 34
239 41
240 41
241 34
242 34
243 41
244 34
245 34
246 34
247 34
248 0
249 1
250 34
251 34
252 41
253 34
254 34
255 34
256 41
257 34
258 34
259 41
260 34
261 34
262 34
263 34
264 34
265 41
266 34
267 8
268 34
269 34
270 34
271 34
272 34
273 41
274 34
275 34
276 41
277 34
278 34
279 41
280 41
281 0
282 34
283 34
284 34
285 34
286 34
287 34
288 34
289 34
290 34
291 34
292 34
293 34
294 34
295 34
296 34
297 0
298 34
299 34
300 34
301 0
302 34
303 34
304 34
305 34
306 34
307 0
308 34
309 34
310 34
311 34
312 34
313 34
314 34
315 34
316 34
317 34
318 41
319 41
320 34
321 34
322 41
323 41
324 34
325 34
326 34
327 34
328 34
329 41
330 34
331 34
332 41
333 34
334 34
335 34
336 34
337 41
338 34
339 34
340 34
341 34
342 34
343 34
344 34
345 41
346 41
347 34
348 0
349 34
350 34
351 34
352 34
353 34
354 34
355 34
356 34
357 34
358 0
359 41
360 34
361 34
362 41
363 34
364 34
365 34
366 34
367 34
368 41
369 34
370 34
371 34
372 34
373 41
374 34
375 41
376 34
377 34
378 0
379 34
380 34
381 34
382 0
383 34
384 34
385 34
386 41
387 34
388 0
389 34
390 34
391 34
392 34
393 34
394 34
395 34
396 34
397 34
398 34
399 34
400 34
401 34
402 34
403 34
404 34
405 34
406 34
407 41
408 41
409 34
410 34
411 34
412 41
413 41
414 34
415 0
416 34
417 34
418 34
419 34
420 34
421 34
422 34
423 41
424 34
425 34
426 34
427 34
428 34
429 34
430 34
431 41
432 34
433 34
434 34
435 34
436 34
437 34
438 34
439 34
440 34
441 0
442 34
443 34
444 34
445 41
446 34
447 34
448 41
449 34
450 41
451 34
452 34
453 24
454 34
455 41
456 41
457 34
458 41
459 34
460 34
461 34
462 34
463 41
464 34
465 0
466 34
467 41
468 34
469 41
470 34
471 34
472 34
473 0
474 34
475 34
476 34
477 34
478 41
479 34
480 41
481 34
482 34
483 34
484 8
485 34
486 34
487 34
488 34
489 34
490 34
491 34
492 34
493 34
494 34
495 41
496 34
497 34
498 0
499 34
500 34
501 34
502 41
503 34
504 41
505 34
506 41
507 34
508 34
509 34
510 34
511 34
512 34
513 34
514 41
515 34
516 0
517 34
518 34
519 34
520 34
521 34
522 41
523 34
524 41
525 0
526 34
527 0
528 0
529 41
530 34
531 34
532 34
533 0
534 41
535 34
536 0
537 34
538 34
539 34
540 34
541 24
542 34
543 34
544 34
545 34
546 34
547 41
548 41
549 0
550 34
551 34
552 34
553 34
554 41
555 34
556 41
557 0
558 34
559 34
560 24
561 34
562 0
563 34
564 34
565 34
566 34
567 41
568 41
569 41
570 34
571 34
572 34
573 41
574 34
575 24
576 34
run time cost of algorithm SM_CTP is 0.970962seconds
