3095200 120 56
32 29
174 29
100 29
157 29
152 29
312 0
145 29
154 29
191 29
229 29
141 29
65 29
124 34
89 29
26 29
110 29
203 29
264 29
161 29
49 29
47 29
207 29
142 29
78 29
292 29
60 29
244 29
86 34
3 29
163 29
236 29
158 29
57 29
267 29
59 29
204 29
261 29
119 34
269 29
44 29
212 34
177 34
101 34
138 29
71 29
81 34
252 34
1 34
72 34
35 29
45 34
316 29
131 34
28 34
178 34
243 29
220 29
335 29
80 0
180 34
166 34
234 34
187 34
104 29
170 34
128 29
97 29
111 29
194 29
270 0
149 29
277 0
9 29
136 34
218 34
103 29
266 0
279 29
299 29
304 34
310 0
171 34
265 29
93 29
202 29
262 34
41 34
46 34
16 29
257 29
85 29
55 29
123 29
225 34
241 29
24 29
116 34
189 29
196 29
278 34
285 34
0 29
314 29
329 29
276 0
283 34
325 29
333 34
75 29
209 29
165 0
155 29
105 29
25 29
324 34
330 29
76 34
42 0
297 29
11 29
320 29
169 34
52 34
182 34
172 29
146 29
66 29
213 29
120 29
186 34
245 29
311 29
321 29
268 29
284 29
140 34
33 29
327 29
74 34
31 29
176 29
143 29
168 29
231 29
117 29
255 29
34 29
291 29
137 29
181 29
27 29
62 29
271 24
162 29
228 29
260 0
307 29
192 29
190 29
84 29
87 29
199 29
273 29
91 29
164 29
331 29
249 29
274 34
200 29
19 29
133 29
323 29
102 29
217 29
281 29
21 29
295 34
29 34
147 29
108 0
130 29
315 29
125 0
144 34
77 29
238 29
211 29
18 34
73 29
230 29
322 29
2 29
227 29
15 29
122 29
219 34
289 0
53 29
7 29
303 29
70 29
282 34
301 29
272 29
306 34
223 34
132 0
156 29
39 29
99 29
298 29
48 29
135 29
290 29
256 29
98 34
242 34
222 29
64 29
334 29
58 29
275 34
88 29
5 29
185 29
232 29
206 29
112 29
139 29
286 34
10 29
294 29
300 29
253 29
183 34
198 29
175 29
37 29
94 29
258 29
79 29
296 29
287 29
195 34
259 29
43 29
246 29
288 29
221 34
224 29
216 29
107 29
215 0
263 29
326 34
293 29
197 29
159 29
280 34
113 34
226 34
12 34
208 34
118 34
56 34
188 34
214 34
92 34
148 34
247 34
173 34
153 34
129 34
69 34
22 34
61 34
302 34
305 34
332 34
319 34
67 34
68 34
82 34
317 34
160 34
248 34
239 34
167 34
309 34
251 34
193 34
36 34
30 0
13 34
14 34
38 34
233 34
54 34
17 34
313 34
115 0
337 0
336 34
210 34
237 34
308 34
83 34
90 34
95 34
20 0
254 34
96 34
50 34
201 34
40 34
114 34
250 34
6 34
109 34
235 34
106 34
151 34
126 34
8 34
63 34
328 34
240 34
121 34
51 34
318 34
150 34
134 34
23 34
184 34
127 24
205 34
4 34
179 34
run time cost of algorithm DRT_BD is 0.065385seconds
