7826800 120 18
646 25
648 9
163 9
481 25
86 41
65 25
16 25
353 25
380 25
208 25
226 25
95 25
432 34
427 25
348 25
384 25
507 25
410 25
400 25
122 25
598 25
584 41
100 9
266 25
344 25
416 25
237 25
315 25
655 25
177 25
638 25
347 25
143 25
579 25
300 25
119 25
557 34
178 25
382 9
649 25
374 25
109 25
572 25
98 34
672 34
96 25
516 25
159 25
181 9
602 25
461 25
220 25
460 34
360 41
302 25
355 25
162 25
691 25
531 25
31 25
362 25
274 25
130 25
430 25
402 25
515 25
249 25
137 25
577 25
676 25
497 25
696 25
187 25
131 25
118 9
29 34
533 25
173 25
552 25
532 25
554 25
121 25
607 25
457 25
157 34
364 25
581 34
580 25
54 25
422 25
276 25
477 41
53 25
396 25
419 41
97 41
358 41
337 41
1 41
194 41
172 41
529 41
388 41
349 41
293 41
375 41
202 41
41 9
366 9
472 41
111 41
369 41
558 41
666 41
339 9
464 41
61 34
371 34
217 34
222 41
500 41
688 41
393 41
439 41
28 41
642 41
527 41
106 41
489 41
336 41
522 41
58 41
57 41
359 41
503 41
629 41
275 41
175 41
669 41
524 41
506 41
473 9
586 41
435 41
233 41
63 41
170 41
155 41
214 41
424 9
230 41
20 41
195 41
8 41
574 41
510 41
548 41
564 41
502 34
604 41
151 41
363 9
51 41
420 41
509 41
36 41
508 41
64 41
385 41
622 41
197 41
245 41
505 41
634 41
668 41
671 41
132 41
683 41
471 41
114 41
575 41
250 41
455 41
499 41
673 41
343 41
689 41
338 41
611 9
133 41
476 41
235 41
78 34
59 9
597 41
470 41
647 41
82 34
411 34
18 34
240 41
113 41
621 41
179 9
273 41
73 41
361 41
92 9
520 41
403 41
428 9
13 41
429 41
450 9
247 41
10 41
569 41
406 41
42 34
546 34
312 37
573 37
267 37
90 37
408 37
257 38
588 38
71 37
255 34
169 37
418 37
286 37
327 37
205 37
657 37
128 38
542 37
199 34
313 37
540 37
52 37
136 37
33 37
606 37
333 34
484 38
322 38
377 9
412 9
295 37
207 37
395 37
446 37
25 37
448 9
6 34
357 37
269 37
445 38
200 37
196 37
615 37
256 37
589 37
238 37
242 37
401 34
314 37
453 34
555 37
367 34
171 38
478 38
390 34
350 9
281 38
653 34
682 9
79 37
391 37
413 9
280 37
624 37
452 34
523 34
331 38
658 34
469 38
23 37
640 37
285 38
387 37
459 37
526 37
335 38
549 37
103 37
451 37
482 37
62 37
87 9
456 9
651 37
112 37
156 9
135 38
39 37
480 37
212 9
304 37
545 9
667 37
475 37
4 37
290 37
260 38
553 37
590 37
253 37
14 9
381 37
32 34
438 37
234 34
652 38
670 37
254 34
17 37
328 38
365 37
19 37
692 38
115 37
77 37
7 37
67 38
76 38
636 37
562 37
426 37
244 37
303 37
282 37
595 37
277 37
433 37
221 9
219 37
678 37
394 37
123 37
213 37
643 37
138 38
468 37
66 38
48 37
591 37
525 37
560 9
551 34
55 34
105 37
117 38
120 37
44 34
127 37
182 38
616 37
107 37
75 37
0 37
641 37
379 37
519 37
236 34
582 34
243 37
686 34
407 38
291 37
373 38
617 9
486 37
154 37
490 37
102 34
227 38
319 37
378 37
146 38
259 37
88 37
278 37
517 37
488 37
50 37
463 37
160 37
454 37
93 37
209 34
216 9
38 37
299 37
246 37
659 37
663 37
568 37
356 37
674 37
632 37
398 38
630 37
399 38
72 38
193 37
264 38
594 37
679 37
389 37
443 38
474 34
697 38
550 37
512 37
188 34
442 37
272 37
608 37
110 37
559 37
70 37
40 34
144 37
203 34
231 37
211 37
386 37
397 9
68 34
232 37
576 34
89 37
161 37
609 37
104 37
332 37
656 37
479 38
43 37
263 38
166 9
537 37
534 37
35 37
80 38
30 38
46 37
165 37
287 37
5 37
440 37
409 9
83 37
694 37
262 37
316 37
101 37
637 37
511 9
354 37
698 37
167 37
351 37
308 38
145 37
224 37
449 37
149 34
650 38
15 37
539 37
556 37
431 37
34 37
504 38
49 37
612 37
496 37
325 37
563 38
665 34
437 38
204 37
483 37
699 37
447 38
376 37
134 37
370 37
681 38
675 34
618 9
241 38
491 37
85 9
600 38
2 34
599 37
301 37
329 38
639 38
26 38
662 38
139 37
680 37
538 38
288 37
625 37
140 37
685 25
585 41
340 37
587 38
596 38
12 37
125 38
116 37
296 37
441 38
305 37
91 37
462 37
229 37
404 38
567 37
201 38
198 37
158 37
190 37
626 37
152 37
3 34
436 38
466 37
309 37
547 37
458 38
614 38
434 34
423 38
421 38
415 38
228 34
644 9
261 38
571 37
485 34
700 9
27 37
284 37
99 38
528 37
330 38
47 37
108 34
164 34
631 38
258 37
664 38
176 38
81 38
150 34
346 37
307 37
210 37
414 37
645 37
693 37
141 34
501 37
292 37
341 37
129 37
60 37
185 37
535 37
392 37
383 38
148 38
513 37
601 38
635 38
536 9
168 9
613 38
124 37
620 37
218 37
251 37
494 38
265 34
268 34
289 9
467 37
311 37
493 37
189 37
487 37
84 38
687 34
318 37
239 37
661 34
45 34
248 38
306 37
56 37
310 37
225 37
9 38
521 34
561 37
126 38
186 37
22 37
372 37
368 9
514 37
530 38
593 37
323 37
180 37
444 37
174 37
690 37
21 37
628 38
610 38
24 37
518 38
317 37
541 37
543 34
578 34
701 34
623 37
695 37
498 37
627 38
191 34
684 37
633 37
206 37
215 38
324 37
321 38
619 37
94 37
660 38
297 37
465 37
320 37
294 38
142 37
270 37
298 37
654 37
570 38
677 37
345 37
11 38
565 37
583 34
605 38
192 37
74 37
326 37
37 34
417 37
279 34
252 37
544 37
183 38
592 37
69 37
603 38
405 37
184 37
566 37
271 37
495 34
352 37
334 9
153 37
342 38
283 38
492 37
425 38
223 38
147 9
run time cost of algorithm DRT_AG is 0.00535seconds
