3114000 161 33
73 25
318 9
567 9
707 25
627 25
566 25
612 25
447 25
88 25
437 25
339 34
61 25
693 25
91 25
527 34
689 25
415 25
412 25
244 34
536 25
259 25
588 25
283 25
365 25
579 25
22 25
490 41
165 34
665 25
274 25
379 25
569 25
135 25
108 25
662 34
661 25
313 25
358 34
6 25
491 25
630 25
653 34
539 34
578 25
700 25
304 9
688 41
407 25
350 25
144 34
236 41
344 25
525 25
640 41
558 25
349 25
643 25
430 25
228 25
639 34
532 25
577 25
45 25
63 25
155 9
533 25
396 25
305 25
204 25
458 25
656 25
549 25
508 25
265 9
371 25
170 25
488 25
367 25
39 25
573 25
176 25
616 25
191 25
434 34
335 25
511 25
459 25
156 25
306 34
14 25
362 25
546 25
153 25
93 25
226 25
419 25
390 25
147 25
146 9
49 25
246 25
251 25
102 25
261 9
104 25
253 25
596 25
584 41
33 25
605 34
225 25
677 41
79 25
291 25
296 25
131 25
213 25
444 25
197 41
464 25
519 25
714 25
621 25
646 25
167 25
522 25
523 25
352 25
290 25
644 25
551 34
248 41
360 25
401 25
183 25
622 25
338 25
543 25
589 25
206 25
209 25
599 41
307 25
70 34
312 25
471 25
98 25
342 25
671 25
366 34
440 25
483 25
282 25
494 41
713 41
116 41
333 25
564 25
243 34
118 25
506 25
84 25
48 25
29 9
254 25
634 25
43 41
445 25
448 25
452 25
115 25
462 25
269 25
62 41
276 25
347 41
16 25
17 34
119 25
53 41
517 25
615 41
134 41
495 25
399 25
655 41
186 25
402 25
235 41
428 25
241 25
698 25
374 9
453 25
171 25
31 34
680 25
626 25
467 34
82 25
249 9
378 25
647 25
650 25
694 25
250 25
311 25
207 25
46 25
635 25
159 41
121 25
691 25
418 25
686 25
706 25
613 25
217 9
631 25
544 25
629 25
658 41
699 25
145 41
278 25
149 25
554 25
316 25
678 25
617 25
242 25
286 25
232 9
21 34
90 25
294 25
502 25
431 25
574 25
389 25
117 25
127 25
499 25
179 34
110 25
676 25
481 25
247 25
670 34
187 25
432 25
87 25
190 25
526 25
140 25
266 25
346 25
208 41
302 9
628 25
601 9
37 41
143 25
331 34
95 25
701 25
400 25
387 25
94 25
651 25
609 25
271 25
193 25
469 25
438 25
372 25
473 41
218 25
413 25
337 41
292 25
44 25
76 25
427 25
284 25
425 34
112 25
174 41
497 25
80 25
501 25
515 25
480 25
277 25
30 25
92 25
152 25
74 25
385 41
463 25
264 25
97 25
663 41
393 25
68 25
256 25
704 25
100 25
214 41
309 25
641 34
542 25
581 34
56 25
230 41
414 25
406 25
648 25
1 25
330 25
327 9
357 25
518 25
323 25
324 25
408 41
5 25
227 25
220 25
18 25
395 41
20 25
332 25
315 25
461 25
475 25
267 25
479 25
166 25
516 25
649 25
52 25
364 9
593 25
633 25
345 25
293 41
298 25
3 25
667 25
476 25
351 25
71 25
604 25
382 25
637 9
489 34
178 9
38 9
580 25
164 25
163 25
285 25
175 25
54 41
11 25
426 41
136 25
368 25
540 25
398 25
141 25
535 25
439 25
454 34
288 9
194 25
262 25
664 25
185 25
101 25
482 41
182 41
383 41
591 41
36 25
386 34
106 9
477 25
86 25
562 25
81 25
470 25
583 25
24 25
319 25
113 41
42 25
538 25
13 25
129 41
123 34
245 25
421 25
416 25
72 25
322 25
0 25
192 9
8 34
9 25
10 34
238 25
388 25
19 25
180 41
404 25
317 25
272 25
41 25
47 25
169 25
376 25
281 41
424 25
221 25
223 41
602 25
624 9
355 41
592 25
65 25
590 34
109 41
287 25
568 25
560 9
423 25
132 25
521 25
212 41
514 34
64 25
50 41
500 25
28 25
685 9
184 34
384 25
328 25
450 41
263 41
474 41
201 34
325 41
195 41
561 41
548 9
200 34
240 41
329 41
60 41
198 41
58 41
520 41
709 41
154 9
708 41
25 41
173 41
4 41
598 41
552 41
556 41
202 41
559 41
563 41
222 41
126 41
565 41
666 41
484 41
576 41
231 41
205 41
32 41
570 41
268 41
359 41
270 41
103 41
210 41
597 41
703 9
216 41
472 41
496 41
610 41
130 41
545 9
51 41
23 41
620 41
66 41
160 41
636 41
59 41
512 41
586 41
485 41
510 41
273 41
433 9
409 41
585 41
219 41
456 41
555 41
553 41
83 41
15 41
397 34
681 41
77 41
394 41
255 41
151 41
133 41
528 41
422 41
530 41
172 41
280 41
26 41
301 34
27 41
279 41
234 41
710 41
534 41
682 41
541 41
587 41
314 41
486 41
162 41
429 41
373 41
375 41
157 41
550 41
224 41
492 41
669 34
420 41
161 41
96 41
443 41
460 41
377 41
504 41
692 41
668 41
657 41
705 41
150 41
449 41
124 41
356 41
531 41
196 41
310 9
321 41
632 41
672 41
369 41
12 41
582 41
712 41
702 41
509 41
203 41
7 41
442 41
107 41
679 41
148 34
55 41
370 41
571 9
257 41
435 41
125 41
487 41
67 41
595 41
299 41
139 41
410 41
446 41
645 41
99 34
436 41
215 41
619 41
493 41
411 41
297 41
614 41
341 41
405 41
611 41
258 41
340 37
608 41
498 41
607 41
78 41
618 41
40 38
466 41
308 41
75 41
600 41
547 41
625 37
391 41
451 41
69 41
594 41
572 34
35 41
142 41
660 41
529 37
575 41
289 41
687 9
638 9
343 9
300 41
455 41
468 34
252 41
392 41
326 34
188 41
380 41
211 41
89 41
158 41
303 41
417 41
137 41
557 41
363 41
603 41
336 41
361 41
34 41
239 41
111 34
334 41
105 41
354 37
457 41
120 41
57 37
353 41
128 41
465 41
260 41
138 41
673 41
674 41
642 41
537 41
189 41
478 41
524 41
652 41
381 41
295 41
181 41
695 41
233 41
513 41
320 41
403 41
503 41
690 41
237 41
168 41
505 41
507 41
684 41
696 41
697 41
177 41
683 37
441 9
606 41
275 41
85 41
623 6
659 41
348 41
675 41
229 9
654 41
122 9
711 41
199 41
2 34
114 41
run time cost of algorithm DRT_AG is 0.005572seconds
