2435200 120 37
68 25
69 25
512 25
334 25
121 25
184 34
519 25
521 25
131 25
117 25
198 25
185 25
592 25
45 25
643 25
582 25
76 25
444 25
161 25
292 34
252 25
112 25
246 9
637 25
465 25
646 25
130 25
373 25
391 25
201 25
298 25
164 25
48 34
524 25
645 25
408 25
388 25
16 25
314 25
382 41
613 25
460 25
274 25
407 25
188 25
422 25
649 34
133 25
32 25
621 25
50 25
162 25
21 25
484 25
600 25
222 25
138 25
6 25
128 25
328 25
629 25
172 25
437 25
214 25
418 9
399 25
66 34
344 25
622 25
513 25
436 25
263 25
553 25
46 34
467 25
386 25
291 25
531 41
532 34
596 41
191 25
647 25
108 25
401 34
107 34
604 25
595 25
310 34
365 25
227 25
324 25
454 25
491 25
361 25
330 25
203 25
577 25
589 41
493 25
547 25
253 25
151 41
315 25
495 25
496 41
609 25
233 25
571 25
534 9
109 25
400 25
249 25
250 25
296 25
557 9
475 25
583 9
266 25
71 25
58 25
396 25
395 34
441 25
261 9
514 25
212 25
394 25
568 25
435 25
468 25
511 25
269 9
390 25
210 25
75 25
300 25
136 25
533 25
502 25
402 25
312 25
584 25
223 41
9 25
540 25
607 34
472 9
174 25
485 25
409 25
389 25
370 25
218 25
489 25
264 25
17 25
535 25
559 25
213 25
78 41
359 25
336 25
99 34
591 25
360 25
329 25
97 25
333 25
652 25
440 25
12 25
13 25
518 25
345 9
237 9
154 25
231 25
145 25
54 25
576 41
413 25
611 25
612 25
40 25
297 9
602 41
424 25
598 25
479 25
282 25
481 25
280 25
33 25
183 25
29 25
276 25
374 41
429 25
640 25
51 25
304 25
630 25
308 25
585 25
554 25
257 25
321 25
419 25
538 25
417 25
64 25
446 25
79 25
2 25
358 25
85 25
457 25
153 25
152 25
346 25
149 25
92 25
349 25
37 25
171 9
284 25
204 9
31 25
603 25
599 25
195 25
140 34
235 25
501 25
26 25
428 25
404 25
87 25
581 9
177 25
143 25
306 25
544 41
326 34
354 25
522 25
81 41
311 25
93 34
492 25
323 25
100 41
168 25
73 25
320 25
65 34
220 25
36 41
63 25
317 25
124 34
572 25
473 25
601 9
95 25
18 25
94 25
634 25
19 25
443 25
488 25
546 25
105 25
332 25
432 25
238 9
216 25
406 25
135 25
299 25
30 41
385 25
631 25
89 25
225 25
377 25
383 25
352 25
564 25
146 41
411 9
381 25
644 9
351 25
410 9
597 25
563 25
451 25
110 25
279 9
618 25
339 25
335 25
193 25
239 25
526 25
199 25
134 25
567 34
442 25
268 25
53 34
416 25
456 25
262 25
254 25
260 34
636 25
205 25
439 25
508 25
421 41
20 25
551 25
243 25
242 41
307 25
642 25
605 25
27 9
461 25
229 34
423 34
38 25
1 25
290 25
455 25
552 25
126 25
590 25
84 25
215 41
620 41
414 25
278 25
384 25
632 25
615 34
348 34
88 25
327 25
587 25
588 25
427 25
221 25
57 25
175 25
4 41
247 25
258 41
331 25
61 25
478 25
159 34
450 25
594 25
275 25
72 25
283 25
313 25
305 25
74 9
380 25
289 41
301 9
376 25
458 25
293 25
378 34
624 25
425 25
578 41
650 25
470 41
5 25
633 25
527 41
52 41
530 25
476 25
355 25
574 25
363 25
434 25
230 25
113 41
241 9
580 25
24 25
28 25
340 25
245 25
256 25
403 25
619 41
480 25
176 41
259 25
325 25
270 25
14 25
498 25
123 34
10 25
471 41
150 25
211 25
426 25
127 34
192 9
91 25
608 25
208 25
353 25
356 41
86 25
541 34
628 41
561 34
569 25
505 25
431 25
178 25
302 25
506 25
142 25
579 41
144 25
288 25
170 41
169 25
539 25
536 25
70 25
267 25
445 25
347 25
337 25
500 25
120 25
555 25
367 41
7 25
209 25
217 25
35 25
459 25
173 25
294 25
80 25
234 9
228 25
59 41
60 25
180 25
626 25
412 25
503 41
392 41
156 41
286 34
236 41
366 9
47 41
165 9
115 9
364 41
23 41
545 41
114 41
67 41
49 34
482 41
341 41
189 41
106 41
525 41
635 41
550 41
179 41
490 41
542 9
287 34
98 41
277 34
272 41
398 41
255 41
528 41
207 41
206 41
122 41
186 41
181 41
638 41
520 41
433 41
147 34
155 41
516 41
160 41
157 41
447 41
449 41
510 41
362 41
316 41
102 9
372 41
101 41
570 41
273 41
132 41
648 41
477 41
393 41
43 41
606 37
483 41
224 41
529 41
226 41
566 41
90 41
562 41
82 34
487 41
466 41
96 41
281 41
104 41
141 41
575 41
371 41
573 41
166 34
586 41
350 41
548 41
103 41
0 41
543 41
537 41
265 41
200 41
651 41
190 9
641 41
617 41
163 41
452 41
504 41
119 41
319 9
565 41
83 41
486 41
111 41
469 41
464 34
116 41
497 41
77 41
62 41
129 41
438 9
623 41
639 41
415 37
167 34
44 41
34 41
379 34
610 41
653 41
202 41
523 41
295 37
318 41
593 41
549 41
462 41
322 41
556 41
560 41
309 41
303 41
125 41
627 41
430 41
357 41
420 41
182 41
244 41
387 41
232 41
368 41
139 41
369 41
654 41
11 41
15 41
194 41
338 41
55 41
187 41
56 41
397 41
342 41
494 34
118 41
158 41
148 41
271 41
453 34
625 41
137 41
448 34
219 41
463 41
474 41
248 41
558 41
509 41
42 41
39 41
25 41
375 41
515 34
517 41
197 41
285 41
343 41
251 41
405 9
499 41
616 9
614 41
507 41
41 41
240 41
22 41
196 41
8 37
3 41
run time cost of algorithm DRT_AG is 0.005536seconds
