298800 109 68
0 34
1 34
2 34
3 34
4 34
5 34
6 34
7 34
8 34
9 34
10 0
11 34
12 34
13 34
14 34
15 34
16 34
17 34
18 34
19 34
20 34
21 34
22 34
23 24
24 34
25 34
26 34
27 34
28 34
29 34
30 34
31 34
32 34
33 34
34 34
35 34
36 34
37 34
38 34
39 24
40 34
41 24
42 34
43 34
44 34
45 34
46 34
47 34
48 34
49 34
50 34
51 24
52 34
53 34
54 34
55 24
56 34
57 34
58 34
59 34
60 24
61 24
62 34
63 34
64 34
65 34
66 34
67 24
68 24
69 24
70 34
71 34
72 34
73 0
74 34
75 24
76 34
77 34
78 34
79 34
80 34
81 0
82 34
83 34
84 34
run time cost of algorithm SM_CTP is 0.018343seconds
