933250 104 63
193 34
450 34
169 34
304 34
547 2
159 34
158 2
564 34
218 34
504 34
591 34
467 34
385 34
279 34
497 34
616 34
489 34
366 34
643 34
486 34
377 34
529 34
282 34
621 34
413 34
261 34
26 34
343 34
572 34
254 2
141 2
525 34
446 34
358 34
378 34
259 34
601 34
88 2
451 34
233 34
76 34
412 34
484 2
477 34
156 34
143 34
677 34
516 34
200 34
574 34
402 34
434 34
111 34
427 34
17 34
535 34
245 34
191 2
357 34
328 34
108 34
530 34
463 34
392 34
154 2
102 2
95 34
511 34
528 34
569 34
438 34
471 34
196 34
220 2
411 8
426 34
394 34
447 41
140 2
578 34
122 34
56 41
229 34
658 2
452 41
407 34
258 34
87 8
602 34
496 34
174 34
539 34
354 34
7 34
642 34
69 2
589 34
300 34
479 34
239 34
453 34
409 34
38 34
89 34
603 34
2 2
567 34
661 41
21 34
262 2
74 2
120 34
320 34
179 34
43 34
268 34
651 34
210 2
247 34
68 34
70 34
390 34
290 34
226 41
347 34
3 41
126 34
541 34
401 2
600 41
538 34
235 34
323 41
517 34
238 2
11 34
527 34
638 41
445 34
521 34
182 2
301 34
67 34
281 34
382 2
51 34
492 34
506 34
98 34
165 41
593 34
114 2
211 34
5 34
314 34
619 2
83 34
624 34
209 34
558 2
360 41
562 34
206 41
631 34
266 34
52 41
444 34
9 34
487 34
429 34
449 34
181 41
329 34
201 2
646 34
157 34
369 34
571 2
579 41
116 2
433 34
545 34
326 34
134 34
274 34
649 2
36 34
24 34
188 34
82 34
384 34
269 34
524 41
575 34
133 34
608 8
186 2
428 34
454 34
456 34
64 34
53 2
18 34
475 34
526 2
549 34
270 41
311 34
654 34
482 34
149 34
253 2
670 41
656 41
523 34
637 34
267 2
125 34
307 34
675 2
177 34
8 34
424 34
100 34
296 2
415 41
594 34
676 34
230 34
673 41
306 34
503 34
435 34
315 41
50 41
139 34
190 2
249 34
44 34
599 34
260 34
605 2
313 34
393 34
29 34
287 2
123 34
508 34
132 41
375 34
371 2
559 34
225 34
359 34
355 8
474 34
609 34
552 34
80 34
345 34
92 41
173 34
183 2
6 34
96 34
265 34
339 34
351 41
142 34
15 34
666 34
27 41
531 34
35 34
197 41
644 41
630 34
232 2
292 34
58 41
109 34
65 34
90 2
219 34
555 34
223 34
353 8
610 41
613 34
461 34
202 34
629 34
470 34
580 34
645 2
431 34
396 34
576 34
298 34
135 2
184 34
440 34
674 34
147 34
257 2
437 34
462 34
672 34
227 34
553 41
310 34
660 34
312 34
62 34
499 8
634 41
365 2
150 34
170 41
319 41
583 41
113 34
543 34
299 2
350 41
436 41
641 41
476 34
198 34
557 41
546 34
491 2
284 34
493 41
352 34
349 2
374 34
178 34
131 34
273 34
119 34
237 41
657 34
335 34
272 41
199 34
316 34
308 41
86 34
221 34
14 34
389 34
533 2
595 41
480 34
104 8
167 41
490 2
627 8
280 34
155 34
276 34
362 34
659 41
560 34
399 2
118 2
75 2
398 34
565 34
321 2
418 34
417 8
166 8
252 34
502 34
84 34
42 2
115 34
367 34
448 34
106 34
405 41
590 34
160 34
665 34
469 34
386 2
678 41
286 34
468 41
473 34
309 41
655 34
650 34
317 34
275 34
264 8
244 34
372 2
231 34
222 34
510 34
623 41
518 2
63 34
614 34
540 34
73 8
419 34
77 34
455 34
604 2
598 34
40 34
48 34
584 2
163 34
566 34
361 34
466 41
421 34
662 8
544 34
340 34
305 2
228 34
338 41
192 34
395 41
664 34
404 41
628 41
216 34
278 2
10 41
363 2
635 2
240 41
172 34
79 2
588 34
483 34
443 41
592 34
203 34
37 34
243 41
242 41
224 34
54 34
212 41
144 34
464 8
568 34
4 2
534 34
460 34
346 8
387 41
293 34
175 34
652 41
85 2
606 34
49 41
432 34
410 41
563 41
60 41
500 41
241 34
561 41
291 8
458 34
99 34
30 34
33 34
587 41
515 2
548 2
620 34
556 34
442 8
617 34
185 34
488 41
439 41
59 2
295 34
236 41
327 8
283 34
554 2
16 41
31 41
341 41
146 34
112 34
23 34
494 34
495 41
234 34
391 34
551 41
25 2
28 34
636 2
420 34
607 34
303 34
364 2
215 2
585 34
618 34
379 34
622 41
217 2
334 34
110 34
130 41
256 34
66 34
481 8
383 2
324 41
1 34
368 41
373 34
459 34
337 41
32 34
71 41
101 41
625 34
20 41
536 34
570 2
318 41
596 41
138 41
207 34
271 41
57 41
81 34
12 34
376 8
152 34
41 34
325 41
648 41
13 41
582 41
161 34
611 41
615 34
397 41
512 41
667 41
441 34
19 34
251 34
213 2
322 8
91 41
640 41
189 34
669 41
78 41
136 34
137 34
668 34
129 34
285 34
472 34
22 2
124 41
577 34
250 34
117 34
248 34
632 34
612 34
332 34
416 8
626 34
414 2
542 8
425 41
107 34
302 41
478 41
255 8
121 34
39 41
381 2
513 34
47 34
168 2
205 34
214 34
208 2
520 41
671 41
356 8
597 34
195 2
333 34
406 34
498 34
246 2
148 41
171 41
388 34
573 34
61 34
145 34
45 34
93 2
505 41
550 41
400 41
194 34
187 41
128 8
423 34
514 34
342 34
663 34
344 2
370 34
162 41
164 34
180 34
204 34
46 41
509 41
331 34
647 2
277 2
653 2
105 34
586 34
72 34
633 34
422 8
176 41
336 2
522 8
507 2
501 34
485 34
297 34
465 41
34 41
380 2
639 34
403 34
408 41
103 34
581 8
457 41
151 8
153 34
532 41
330 34
294 34
288 34
289 41
55 41
348 41
94 2
97 34
127 41
537 34
430 41
519 41
263 8
0 34
run time cost of algorithm DRT_BD is 0.27322seconds
