731000 161 48
330 9
3 9
256 9
259 9
217 9
343 9
121 9
30 9
280 9
25 9
258 9
517 9
41 9
485 9
32 9
326 9
396 9
282 9
242 9
144 9
233 9
383 9
240 9
419 9
166 9
246 9
183 9
100 34
71 9
397 9
439 9
131 34
74 9
132 9
265 9
248 9
189 9
377 9
141 9
88 9
87 9
279 9
351 9
165 6
328 9
107 9
524 9
76 9
451 6
291 9
463 9
317 9
162 9
163 9
398 9
333 9
56 9
278 9
487 9
388 9
320 9
178 9
62 34
118 9
230 9
225 9
424 9
421 9
186 9
271 34
442 9
346 9
322 9
507 9
238 9
171 9
516 9
417 9
416 9
270 34
450 9
350 9
511 9
99 9
123 9
231 9
19 9
475 9
208 9
169 9
484 9
83 9
318 9
407 9
11 9
157 9
10 9
493 9
1 9
27 9
40 9
366 9
404 34
324 9
226 9
468 9
316 9
103 34
434 34
331 9
134 9
336 6
244 9
538 9
352 34
357 9
363 9
211 9
375 9
521 9
513 9
399 9
401 9
13 6
17 9
18 34
177 9
430 9
431 9
489 9
436 9
413 34
285 9
133 9
261 9
156 9
445 9
37 34
146 9
435 9
63 9
505 9
464 9
33 9
192 9
427 9
140 9
496 9
425 34
286 9
268 9
151 9
341 9
4 9
321 9
472 9
457 6
519 9
160 9
438 9
120 6
402 9
283 34
499 9
510 9
234 9
306 9
509 9
405 9
191 9
453 9
470 9
136 9
164 9
420 9
288 9
411 9
301 9
173 9
228 9
408 9
308 9
501 9
24 9
490 9
45 9
91 9
214 34
137 9
51 9
345 6
444 9
266 9
269 9
379 9
281 9
300 9
7 9
309 9
181 9
224 9
368 9
0 9
117 9
267 9
274 9
43 9
64 9
79 9
292 9
518 9
9 9
325 34
473 6
452 9
276 9
429 9
80 6
307 9
394 9
476 9
125 9
348 9
264 9
310 34
392 6
305 9
175 9
187 34
142 34
520 9
26 9
481 9
227 9
504 9
216 9
304 9
89 9
296 9
138 9
53 9
38 9
205 9
203 9
194 9
497 9
97 9
479 9
323 9
380 9
6 6
525 34
338 9
314 6
179 6
418 9
16 9
215 9
262 6
400 9
105 6
298 9
437 6
446 6
96 9
115 6
247 34
498 9
503 9
139 9
522 9
73 9
206 9
313 9
8 9
515 9
454 9
492 9
456 9
461 9
148 9
46 9
170 9
502 9
530 9
415 9
409 9
84 9
212 34
362 9
531 6
386 9
68 9
184 9
2 9
449 34
145 34
52 9
251 9
65 9
347 9
486 9
528 9
250 9
465 6
480 6
235 9
532 9
85 9
44 9
67 9
5 9
158 9
229 9
124 9
315 9
273 9
370 9
31 9
92 9
364 9
469 34
448 9
414 9
15 9
147 9
355 9
252 6
176 9
299 34
391 9
254 9
474 9
49 9
257 9
114 9
354 9
440 9
167 9
529 9
23 9
135 9
198 9
395 9
243 9
303 9
406 9
294 9
339 9
455 6
494 6
39 9
58 34
119 34
495 9
78 9
110 9
332 9
387 9
344 9
28 9
367 6
152 9
188 9
213 9
255 9
202 9
412 9
482 9
514 34
237 9
371 9
312 6
287 34
35 6
223 9
506 6
22 34
154 9
109 6
349 6
381 6
249 34
302 34
128 34
423 9
69 6
534 9
428 10
55 6
393 9
209 9
220 9
201 9
360 9
190 9
77 9
42 9
466 9
207 34
293 6
426 34
488 6
14 9
526 9
527 9
106 9
95 9
334 9
82 9
245 9
112 6
477 9
185 6
34 9
491 9
272 9
289 6
12 9
385 6
90 9
101 9
422 9
196 34
172 34
353 9
277 9
143 9
512 9
108 9
204 9
60 6
358 34
104 34
359 9
111 9
236 9
295 9
297 34
75 34
200 9
523 9
126 34
193 6
168 6
113 6
150 9
232 9
94 9
70 6
508 9
61 9
340 6
195 34
219 9
98 6
384 6
102 9
284 9
81 9
537 9
260 9
47 9
467 9
337 6
389 9
447 9
373 9
329 9
129 9
458 9
342 9
149 9
376 9
433 9
130 6
500 9
29 6
483 9
116 9
327 9
221 9
536 9
161 9
155 9
462 9
275 9
460 9
239 9
319 9
311 9
86 9
241 6
441 9
180 6
197 9
199 6
57 9
374 9
36 34
459 6
21 6
54 6
20 9
361 9
443 9
218 9
210 9
48 9
378 9
253 9
127 34
159 9
182 9
356 9
290 9
478 9
535 9
432 9
93 9
122 9
72 9
403 6
365 34
369 6
382 9
372 9
66 6
533 9
410 9
471 9
59 9
50 9
335 6
390 9
153 9
263 9
174 9
222 6
run time cost of algorithm DRT_AG is 0.003356seconds
