2505200 117 62
250 34
1 33
517 33
531 34
490 33
124 33
444 34
438 33
165 33
424 2
97 34
280 34
784 33
628 33
400 33
497 33
771 33
320 33
301 33
737 33
743 33
756 33
758 33
23 33
820 34
284 33
258 33
145 34
480 33
752 34
221 33
763 33
451 33
550 33
450 33
768 33
159 33
110 33
437 33
232 33
610 33
273 33
14 33
81 33
643 33
194 33
346 33
712 33
701 33
412 2
492 33
133 33
530 33
324 33
753 33
329 34
336 34
48 33
220 33
717 33
114 33
108 33
214 33
63 34
670 33
612 34
667 33
403 33
13 33
179 34
44 34
658 33
661 33
660 33
387 34
653 33
650 33
390 33
499 33
209 33
391 33
757 33
521 33
523 33
287 33
212 34
535 33
27 33
814 33
742 33
627 33
67 2
626 2
407 34
566 33
95 34
45 33
360 33
265 33
422 33
603 33
602 33
36 33
591 34
724 33
590 34
429 33
306 33
682 33
228 34
104 34
809 2
803 33
313 33
347 33
115 33
570 34
385 33
157 33
339 33
741 33
362 33
459 33
706 33
402 33
634 33
86 33
127 33
264 34
663 33
52 34
180 34
398 33
709 33
770 34
143 33
772 33
646 33
141 34
49 34
495 34
340 33
502 33
647 34
202 33
184 34
702 33
708 33
639 33
542 33
150 33
4 33
547 33
319 33
632 33
272 33
789 33
91 34
623 33
311 34
582 33
420 34
18 33
99 33
295 34
585 33
34 2
587 33
592 33
163 33
721 33
161 33
112 34
580 33
42 33
559 33
805 33
811 34
85 2
259 33
641 34
257 34
256 33
692 33
536 33
254 33
252 33
821 33
654 33
659 33
350 34
675 33
367 34
666 33
533 33
371 33
373 33
489 34
690 33
487 34
260 33
388 33
470 33
269 33
233 34
335 33
704 2
548 33
799 33
710 33
720 34
162 33
760 33
317 33
292 33
294 34
621 33
583 33
723 33
431 34
299 33
744 33
298 41
170 33
40 33
41 34
754 33
405 33
401 33
156 33
321 33
558 33
82 34
396 34
394 34
452 33
642 33
343 33
483 33
817 34
199 33
685 33
65 33
508 33
138 33
0 33
413 33
482 33
64 34
681 33
66 33
177 33
73 33
83 33
211 33
213 33
478 33
84 34
425 33
344 34
700 33
625 34
519 34
520 34
307 34
131 33
624 41
469 33
782 2
106 33
525 33
386 2
189 33
107 33
735 33
555 34
125 33
759 34
278 33
21 33
380 33
123 33
553 33
28 33
749 34
813 34
423 33
62 33
665 34
509 33
368 2
152 34
35 33
766 34
688 34
8 33
172 34
234 33
415 34
599 34
518 33
357 2
355 34
449 33
676 34
154 34
711 34
796 33
197 34
427 33
795 33
57 34
788 33
613 33
466 2
797 2
187 33
579 33
731 33
510 33
289 34
135 33
33 33
812 34
275 34
554 34
174 33
352 33
158 34
746 34
117 33
457 2
494 34
333 33
60 33
686 33
20 33
573 33
725 8
253 33
210 33
456 33
638 34
780 33
699 33
218 34
426 34
183 33
164 34
302 33
719 33
171 33
620 33
614 33
303 33
10 33
305 33
421 33
235 33
151 33
43 33
695 33
511 33
655 33
477 34
17 33
578 33
501 33
539 33
70 33
678 34
22 33
142 33
561 2
557 2
286 2
476 34
377 34
434 33
191 33
674 33
290 33
276 33
463 34
428 33
222 33
774 34
594 34
785 34
300 33
467 34
794 33
392 33
93 2
56 33
802 33
694 33
242 33
76 33
806 34
464 33
251 33
176 33
668 33
673 33
816 33
486 33
173 34
439 33
479 34
395 33
529 34
383 2
370 33
569 33
105 33
605 34
608 33
418 33
611 33
617 33
629 33
411 33
684 33
687 33
315 33
310 34
703 33
296 34
730 33
462 33
460 33
740 34
226 2
755 33
773 41
787 33
791 33
238 34
2 33
637 33
534 33
512 33
393 33
440 33
79 34
522 33
139 33
707 34
376 33
51 34
217 34
571 34
297 33
146 34
488 33
31 33
577 2
353 33
15 33
581 34
268 34
382 34
167 2
358 33
12 34
419 33
69 34
606 33
72 34
588 33
430 33
178 33
432 33
75 34
77 34
399 34
128 33
689 34
216 2
149 33
446 33
500 33
148 33
90 33
745 2
406 2
435 33
137 34
87 41
527 34
528 33
800 41
564 34
240 33
155 34
244 33
563 33
201 2
576 41
751 34
532 33
54 33
761 33
314 33
267 34
556 33
683 34
798 33
119 34
769 34
126 33
364 34
11 34
762 34
88 33
330 34
397 33
680 33
644 33
247 33
322 33
445 33
498 33
635 34
50 2
630 33
491 33
732 34
819 2
568 33
153 33
433 33
237 33
546 33
16 34
544 34
356 33
584 2
468 2
793 33
597 33
262 33
416 34
783 33
111 34
19 33
765 33
113 34
26 33
455 34
615 33
616 33
801 33
7 33
484 33
664 34
374 33
186 34
190 34
560 33
37 34
693 33
375 33
447 33
504 33
636 33
246 33
136 34
204 33
116 33
551 33
207 33
198 33
9 33
182 33
196 33
649 34
514 33
46 34
781 34
441 33
39 33
777 34
775 33
473 34
722 33
537 33
607 34
409 34
281 33
334 2
30 33
80 33
361 33
29 33
596 33
408 33
227 33
195 33
750 34
593 33
58 34
282 34
604 33
25 34
818 34
696 33
728 33
697 33
61 33
384 33
92 33
778 33
662 33
169 33
349 33
671 34
713 34
47 33
540 34
461 2
436 33
716 33
348 33
122 33
586 33
474 33
203 34
255 2
815 34
55 34
567 33
633 34
404 33
323 33
338 33
767 33
144 33
657 33
101 33
261 33
59 33
524 34
496 33
140 34
622 2
175 34
332 33
715 8
118 33
147 33
366 41
804 33
369 33
3 33
515 33
562 33
337 33
691 33
24 33
74 33
748 33
485 34
565 33
245 34
738 33
651 33
736 33
381 33
729 34
134 33
231 33
807 2
543 34
619 2
493 33
308 33
312 34
575 33
215 33
325 34
453 34
507 34
698 34
266 33
640 33
236 33
318 33
505 33
598 34
600 33
458 34
341 34
288 2
193 34
200 33
229 33
185 33
652 33
326 34
100 34
359 34
410 33
5 8
472 34
526 33
230 34
224 33
779 33
94 33
331 34
572 33
98 34
481 33
545 34
130 34
219 33
718 2
776 33
129 33
714 2
96 2
38 34
618 33
206 33
672 34
727 34
538 33
327 34
363 41
270 34
669 34
733 33
121 0
274 33
810 33
225 34
631 33
739 2
291 33
372 33
241 33
309 33
503 33
181 41
417 33
786 33
443 33
132 34
239 33
790 33
354 34
283 33
595 33
552 33
103 33
249 34
747 34
6 34
279 33
589 33
648 33
160 33
764 33
442 34
808 33
541 33
243 33
328 33
734 2
223 34
379 33
677 33
645 33
609 33
304 33
109 2
351 33
89 33
454 41
166 33
705 33
549 2
168 33
365 41
389 33
465 41
656 33
316 33
342 33
263 34
792 33
188 34
471 33
120 33
345 33
208 33
506 34
53 33
271 33
679 33
726 34
574 2
192 34
475 34
414 33
78 34
293 34
277 34
32 33
285 34
448 33
601 34
68 33
102 33
248 33
205 34
513 34
378 33
516 33
71 33
run time cost of algorithm DRT_BD is 0.419008seconds
