209500 170 48
101 9
27 9
114 9
45 9
47 6
145 9
112 9
138 9
20 9
70 9
61 9
76 9
106 9
6 9
109 9
15 9
17 9
118 9
144 9
31 9
68 9
26 9
140 9
66 34
149 9
122 9
81 9
14 9
108 6
35 9
99 9
80 9
89 9
5 9
58 9
128 6
48 9
39 9
151 9
154 9
126 9
29 9
69 9
98 9
93 9
41 9
79 9
56 9
127 9
64 9
90 9
50 6
121 9
46 34
113 34
136 9
75 9
9 34
84 9
60 9
74 9
38 9
115 9
124 9
83 9
7 34
107 34
100 9
157 9
120 34
22 9
148 9
24 9
95 8
139 9
49 9
51 9
86 9
82 9
43 9
110 9
10 9
94 6
34 9
12 9
19 6
54 9
123 9
57 9
152 9
87 9
88 9
37 9
85 6
141 9
30 9
36 9
137 9
146 6
42 34
78 6
16 9
117 9
130 9
104 9
65 9
40 6
4 9
135 9
52 34
133 9
102 9
155 9
11 6
96 9
25 9
23 9
91 9
129 9
142 34
156 9
59 9
13 6
143 9
131 9
67 9
103 9
53 9
77 9
119 9
150 34
3 9
147 9
33 9
55 9
18 6
134 9
8 9
44 9
1 9
132 9
71 34
21 9
125 9
116 6
28 9
32 9
153 6
73 6
72 9
92 6
62 9
0 9
2 9
105 9
97 34
111 9
63 9
run time cost of algorithm DRT_AG is 0.000483seconds
