167900 120 41
25 25
24 25
22 25
59 25
6 25
29 25
97 25
56 41
63 25
54 25
100 25
2 25
67 25
68 25
26 9
1 25
41 25
18 9
40 25
84 41
52 25
88 25
83 9
9 41
33 25
53 25
79 25
19 25
95 25
27 34
32 25
13 34
36 34
82 41
65 25
87 41
46 34
89 25
62 25
80 9
57 25
12 37
31 9
38 25
39 25
21 25
77 41
92 41
42 25
48 25
60 41
4 25
55 41
0 25
23 25
11 25
17 9
28 25
86 41
61 25
14 41
49 41
58 25
71 41
3 41
7 9
70 25
51 25
94 25
10 37
85 25
45 25
8 25
50 25
96 41
30 25
69 25
99 25
37 9
75 25
78 41
98 25
34 25
20 25
15 25
93 25
47 34
72 25
64 41
90 34
5 25
74 25
16 41
73 25
35 9
81 41
43 41
44 25
76 9
91 25
66 9
run time cost of algorithm DRT_AG is 0.000229seconds
