949600 170 45
0 41
343 25
70 25
87 25
366 25
8 25
375 25
276 25
110 25
425 25
608 9
239 34
159 25
33 25
616 9
488 25
586 25
362 9
321 41
88 25
383 34
387 25
395 25
515 9
460 25
467 25
194 25
468 25
181 41
167 25
627 25
431 25
137 25
405 34
562 9
353 9
55 25
191 25
490 25
466 25
224 34
427 25
138 25
92 34
306 9
573 9
575 25
576 25
600 25
337 41
67 9
1 25
590 25
506 25
118 25
2 25
502 25
57 25
340 25
170 34
26 41
623 34
451 25
317 25
606 25
628 34
131 25
261 25
107 25
271 9
275 25
96 25
82 41
504 25
593 25
331 25
206 25
20 41
6 25
524 25
410 25
555 25
14 25
12 25
615 25
418 25
179 9
27 34
514 25
456 25
256 41
223 25
146 25
531 9
407 25
439 25
441 25
500 25
74 41
569 41
644 25
635 25
115 25
112 34
401 25
364 34
607 25
308 25
273 41
85 25
603 25
264 25
229 9
374 34
629 25
363 25
220 9
62 25
10 8
384 25
495 25
542 25
3 25
163 25
83 25
219 34
538 25
535 25
526 34
578 25
235 34
369 25
408 9
243 25
106 41
368 25
403 25
584 25
299 25
258 41
342 25
173 25
426 25
491 25
386 25
356 41
91 25
34 25
469 25
396 9
589 25
151 25
325 25
631 25
295 25
288 25
192 25
618 25
42 25
547 25
140 34
43 41
240 25
54 25
252 9
459 25
293 9
399 25
483 25
378 25
231 25
422 25
484 25
272 25
32 25
446 25
493 9
335 25
17 25
176 25
549 9
182 34
199 25
237 9
280 25
633 25
300 25
338 25
190 25
119 25
165 25
642 25
162 25
7 25
461 25
572 25
417 25
139 25
160 25
25 41
351 34
634 9
242 25
371 25
513 25
580 25
367 25
285 41
539 25
145 25
48 9
377 25
36 25
406 9
570 25
197 25
604 25
90 25
221 25
69 25
60 25
453 25
100 25
41 25
449 25
307 25
123 9
349 25
289 25
274 25
455 9
598 25
522 25
454 25
117 25
545 25
450 25
279 41
563 25
205 25
436 25
61 25
430 25
470 25
65 25
532 25
561 25
463 25
104 25
551 25
218 25
251 25
166 25
195 25
421 34
141 25
134 41
254 25
148 9
565 25
512 9
227 25
599 25
157 25
287 25
40 25
58 25
238 25
390 25
156 25
108 25
277 41
135 9
597 34
155 41
211 25
582 41
105 34
509 25
355 25
52 25
525 25
246 34
94 25
169 25
180 25
286 25
128 9
113 9
204 25
125 25
501 25
393 25
281 25
388 25
557 25
39 25
4 25
409 9
215 25
345 25
196 25
336 41
592 25
347 25
283 25
22 25
278 25
553 9
324 41
517 25
534 25
583 25
59 25
241 25
619 25
429 25
147 9
184 25
601 25
222 34
68 34
152 25
476 25
413 25
380 34
571 25
158 25
568 25
329 41
24 25
327 25
326 25
153 25
477 25
319 25
529 25
313 34
133 25
372 9
186 25
346 25
75 25
541 25
111 41
645 25
303 25
577 25
622 25
361 25
540 25
620 34
302 25
465 25
18 41
435 25
120 25
376 25
411 25
265 25
267 34
268 25
448 25
402 25
259 25
632 25
97 25
49 34
358 25
445 41
344 9
452 25
611 9
518 25
560 25
270 25
5 9
528 9
432 25
175 25
144 25
290 9
591 25
46 34
214 9
203 25
328 25
98 25
487 41
15 25
99 25
497 34
193 34
86 25
311 25
81 25
129 41
478 25
164 9
348 9
232 25
249 9
172 25
472 25
423 25
314 25
332 25
260 41
200 25
64 25
416 25
263 25
556 25
594 25
262 9
305 25
266 25
585 25
230 34
419 25
72 25
614 25
612 25
357 41
126 9
296 41
492 25
574 25
51 25
382 34
226 25
35 25
365 25
80 25
521 41
89 34
201 9
437 25
28 25
304 9
212 34
320 9
385 34
507 25
185 25
359 25
617 41
389 41
333 25
102 9
523 9
228 25
443 25
610 25
640 25
489 41
37 34
315 41
350 25
282 25
479 25
546 25
637 25
269 9
554 41
116 34
250 34
202 25
511 41
558 25
473 25
210 9
533 25
434 25
397 25
438 25
503 25
177 25
391 25
127 9
638 41
208 41
530 25
253 25
474 25
130 9
9 9
626 25
527 25
31 25
53 25
457 41
544 25
312 25
95 34
56 9
379 25
93 25
498 25
183 25
187 25
189 25
370 25
292 25
394 34
122 25
641 34
103 25
150 25
45 41
516 41
207 25
168 25
29 25
154 25
323 34
510 25
44 25
519 25
360 25
142 25
318 25
471 25
132 25
213 25
301 25
50 25
566 25
412 25
420 9
440 25
630 25
339 25
73 41
76 34
579 41
485 25
78 25
481 34
373 25
84 25
310 34
381 25
16 25
625 41
433 25
247 41
38 25
178 25
198 34
550 25
109 41
464 25
462 25
309 25
234 34
11 25
225 25
621 25
233 25
298 25
639 34
392 25
294 25
564 34
400 25
442 25
552 25
30 41
643 25
602 25
520 9
543 25
66 25
209 25
284 25
636 34
595 25
428 25
161 25
143 25
114 9
354 41
334 25
548 34
581 25
341 25
605 25
588 9
624 25
330 25
79 25
567 34
486 34
101 25
121 9
494 25
499 25
174 34
398 25
47 25
297 25
149 25
171 25
508 25
480 25
536 25
537 25
124 25
404 41
71 9
596 9
188 25
613 25
316 25
414 25
415 9
475 25
21 9
216 25
217 34
352 25
444 25
587 25
244 34
458 25
248 25
424 25
255 25
257 25
482 25
609 34
322 9
63 41
77 25
447 25
236 25
19 25
245 41
13 25
23 9
505 25
291 25
136 41
559 25
496 25
run time cost of algorithm DRT_AG is 0.0045seconds
