2365600 104 70
0 41
1 41
2 41
3 34
4 41
5 41
6 41
7 41
8 41
9 41
10 41
11 41
12 41
13 41
14 41
15 41
16 41
17 41
18 34
19 41
20 41
21 41
22 41
23 41
24 41
25 41
26 41
27 41
28 41
29 41
30 34
31 41
32 41
33 41
34 41
35 41
36 41
37 34
38 41
39 41
40 41
41 41
42 41
43 41
44 41
45 41
46 41
47 41
48 41
49 34
50 41
51 41
52 41
53 41
54 41
55 41
56 0
57 0
58 41
59 41
60 41
61 41
62 41
63 41
64 41
65 34
66 41
67 41
68 41
69 41
70 34
71 41
72 41
73 41
74 41
75 41
76 41
77 41
78 41
79 41
80 41
81 34
82 41
83 41
84 41
85 0
86 0
87 41
88 41
89 41
90 0
91 41
92 41
93 41
94 41
95 34
96 41
97 34
98 41
99 41
100 41
101 41
102 41
103 41
104 41
105 41
106 41
107 41
108 41
109 41
110 41
111 0
112 41
113 41
114 41
115 41
116 41
117 41
118 41
119 41
120 41
121 41
122 34
123 41
124 41
125 0
126 41
127 41
128 0
129 0
130 41
131 41
132 34
133 34
134 34
135 41
136 41
137 34
138 41
139 41
140 41
141 41
142 41
143 41
144 41
145 34
146 41
147 41
148 41
149 41
150 0
151 41
152 41
153 41
154 41
155 41
156 41
157 41
158 41
159 41
160 41
161 41
162 0
163 41
164 41
165 41
166 0
167 41
168 41
169 41
170 41
171 34
172 41
173 41
174 41
175 41
176 41
177 41
178 34
179 41
180 41
181 41
182 41
183 34
184 41
185 41
186 41
187 41
188 41
189 41
190 41
191 41
192 41
193 41
194 41
195 41
196 0
197 41
198 41
199 41
200 41
201 0
202 34
203 41
204 41
205 41
206 41
207 41
208 41
209 41
210 41
211 41
212 0
213 41
214 41
215 41
216 41
217 41
218 41
219 41
220 41
221 41
222 41
223 41
224 41
225 41
226 41
227 41
228 34
229 41
230 34
231 41
232 41
233 34
234 34
235 41
236 41
237 0
238 34
239 41
240 34
241 34
242 34
243 41
244 0
245 34
246 34
247 41
248 34
249 0
250 34
251 34
252 34
253 34
254 8
255 34
256 34
257 34
258 34
259 34
260 0
261 34
run time cost of algorithm SM_CTP is 0.17365seconds
