331200 120 45
72 41
63 25
56 25
17 34
43 25
6 9
24 25
75 9
50 41
42 9
71 25
8 25
65 25
47 25
68 25
66 25
41 25
33 9
2 25
20 25
22 25
37 25
29 41
76 34
64 41
1 25
67 25
10 25
60 25
26 25
0 34
7 25
62 34
38 41
32 25
73 9
69 9
14 25
45 25
51 25
9 25
58 25
36 9
53 25
5 25
23 25
15 25
49 25
28 25
40 25
11 25
54 34
12 9
35 25
16 25
46 25
34 25
59 25
44 41
25 25
4 25
18 41
19 25
21 25
52 25
48 25
27 41
55 25
57 25
74 25
61 25
39 25
31 25
13 25
30 34
70 25
3 25
run time cost of algorithm DRT_AG is 0.000158seconds
