1464500 97 14
726 10
215 10
645 10
182 10
305 10
156 10
516 10
390 10
719 10
128 10
733 10
323 34
741 10
488 10
91 10
798 10
65 10
353 10
19 10
597 10
123 10
217 10
303 10
43 10
269 10
202 10
244 10
772 10
628 10
878 34
715 10
605 10
757 10
234 10
308 10
575 10
801 10
6 10
615 34
852 10
184 10
258 10
200 10
711 10
168 10
792 10
710 10
504 10
581 10
14 10
160 34
449 10
381 10
724 10
130 10
468 10
805 10
62 10
66 10
67 10
853 10
588 10
423 10
598 10
443 10
158 34
11 10
408 10
366 10
293 10
225 10
490 10
149 10
634 10
586 10
271 10
430 10
178 10
881 34
422 10
553 10
654 10
784 10
729 10
157 10
313 10
736 10
510 10
776 10
571 10
526 10
230 10
721 10
624 10
162 10
574 10
224 10
667 10
98 10
173 10
758 10
131 10
300 10
491 10
551 10
717 10
841 10
702 10
870 10
72 10
273 10
350 10
389 10
46 10
80 10
447 10
262 10
21 10
689 10
279 10
64 10
730 10
825 10
362 10
220 10
115 10
633 10
343 10
457 10
745 10
357 34
216 10
813 10
267 10
662 10
572 10
87 10
426 10
138 34
250 10
777 10
144 10
779 10
404 10
860 10
53 10
773 10
774 10
351 10
23 10
204 10
56 10
152 10
264 10
663 10
284 10
259 10
388 10
802 10
417 10
464 10
686 10
481 10
233 10
760 10
328 10
38 10
479 10
671 10
36 10
548 10
837 10
474 0
533 10
836 10
33 10
2 10
761 10
874 10
512 10
222 34
527 10
346 10
425 10
420 10
768 10
701 10
207 10
657 10
189 10
554 10
765 34
266 34
665 10
194 10
518 10
669 10
226 10
370 10
32 10
118 10
644 10
606 10
640 10
725 10
136 10
638 10
291 10
514 10
872 34
520 34
794 10
599 10
141 10
806 10
883 10
245 10
592 10
856 10
122 10
744 34
482 10
180 10
442 34
835 34
626 10
333 10
494 10
299 10
106 10
677 10
359 34
237 10
151 10
854 10
26 10
74 10
787 10
670 10
363 10
502 10
506 10
616 10
183 10
696 10
658 10
648 10
557 10
384 10
208 34
198 10
763 10
783 10
44 10
232 10
169 10
391 10
321 10
148 10
414 10
170 10
591 10
48 10
256 10
257 10
542 10
797 34
858 10
823 10
558 10
280 10
646 34
154 10
163 10
304 10
197 10
639 10
386 10
278 10
211 10
354 10
13 10
709 10
631 10
515 10
349 10
655 10
186 10
537 10
607 34
402 10
796 10
108 10
171 10
747 10
517 10
668 10
552 10
252 10
500 10
790 10
400 10
530 10
476 10
114 10
738 10
9 10
223 10
213 10
524 10
221 10
712 10
880 10
316 10
544 10
68 10
214 10
577 10
70 34
699 10
815 10
816 10
450 10
876 10
5 10
276 10
603 10
382 10
827 10
35 10
288 10
105 10
486 10
365 10
595 10
265 10
102 10
635 10
277 10
418 34
647 10
95 10
193 10
373 10
371 10
842 10
679 10
478 10
697 10
145 10
124 10
318 10
241 10
620 10
103 34
335 10
104 10
817 10
492 10
484 10
159 10
22 10
24 10
34 10
844 10
289 10
172 10
445 10
345 10
435 10
434 10
397 10
503 10
421 10
867 10
52 10
17 10
748 10
205 10
337 10
521 10
803 10
583 10
4 10
137 10
834 34
750 10
497 10
296 10
849 10
781 10
685 10
820 10
559 10
600 10
601 10
556 10
0 10
778 10
372 10
92 34
560 10
766 34
522 10
358 10
829 10
116 10
352 10
150 10
477 10
850 10
243 10
235 10
619 10
219 10
636 10
176 10
539 10
690 10
246 10
840 34
248 10
511 10
135 10
253 10
255 10
578 10
451 10
57 10
759 10
566 10
364 10
15 10
90 0
287 10
89 34
385 10
728 10
438 10
550 10
869 10
864 34
587 10
28 10
409 10
604 10
848 10
63 10
622 10
40 10
209 10
187 10
185 34
754 10
416 10
751 10
110 0
680 10
344 10
707 0
720 34
461 10
737 10
732 10
356 0
437 10
322 0
540 10
355 10
377 10
112 10
471 10
703 10
793 10
378 10
41 10
693 10
614 10
383 34
590 10
859 10
684 10
843 10
483 10
879 10
885 10
808 34
201 10
436 34
861 10
659 10
819 10
573 34
555 10
454 10
807 10
682 10
584 10
448 10
688 10
329 34
111 10
327 10
419 10
610 10
319 10
406 10
411 10
800 34
698 10
466 10
857 34
593 10
602 10
770 10
412 10
93 34
789 10
585 34
627 10
653 10
270 10
86 10
756 10
865 10
563 10
666 10
177 10
54 10
786 10
294 10
45 10
174 10
642 0
691 10
1 10
341 10
153 10
167 10
297 10
651 10
199 10
428 10
818 10
212 10
315 10
312 10
31 10
30 0
281 10
119 10
780 10
433 10
472 10
190 10
330 10
722 10
379 10
290 10
39 10
847 10
564 10
743 10
462 0
535 10
348 10
249 0
567 10
596 10
139 34
229 10
228 10
85 10
61 34
396 10
824 10
652 10
37 10
811 10
507 10
641 10
58 10
809 10
261 10
387 0
109 10
427 10
310 10
656 10
475 10
393 10
532 10
767 10
452 10
47 10
455 10
120 10
674 10
612 10
126 34
739 10
439 10
440 10
862 10
295 10
493 10
826 10
367 10
608 10
549 10
499 10
753 10
875 10
833 10
175 10
320 10
179 10
617 10
410 10
10 10
272 10
292 10
155 10
254 10
465 34
769 10
55 34
331 10
263 34
735 10
401 10
164 10
528 10
415 10
871 10
453 10
94 34
565 10
609 10
589 10
694 10
317 10
369 10
125 10
240 0
307 10
814 10
678 10
188 10
394 10
505 10
446 10
81 10
332 10
191 10
543 10
513 10
812 10
60 10
734 34
165 10
708 10
69 34
788 10
143 10
718 10
324 10
274 10
460 10
529 10
579 10
569 0
121 10
71 10
336 10
242 10
509 10
413 10
195 10
643 10
546 10
368 10
882 10
683 10
342 10
838 10
161 10
83 34
629 10
498 10
27 10
637 10
692 10
681 10
7 10
868 10
785 0
78 10
561 34
76 34
700 10
309 10
432 34
660 10
275 10
839 34
247 10
42 10
723 10
142 10
376 34
469 10
623 10
625 10
231 0
361 34
618 10
99 10
501 10
830 10
832 10
611 10
238 10
828 10
630 10
632 10
705 10
727 10
846 10
782 10
855 0
107 10
463 10
441 10
407 10
487 10
695 10
547 10
82 10
3 10
398 34
113 10
822 10
218 10
496 10
326 10
884 10
334 0
613 10
508 10
664 10
795 10
77 10
568 10
8 10
755 10
545 10
101 10
340 10
873 10
687 10
480 0
562 10
146 10
283 10
771 0
534 10
714 10
525 10
286 10
210 10
16 10
495 10
375 10
742 10
227 10
88 10
96 0
831 10
458 10
325 10
251 10
314 34
752 10
268 10
392 10
282 10
675 10
29 10
672 10
621 10
650 0
582 10
339 10
133 10
399 10
302 10
75 10
762 10
473 10
456 10
866 10
536 10
117 10
347 10
431 10
298 10
799 0
594 10
311 10
100 10
649 10
25 10
459 10
740 10
129 10
203 10
764 10
444 10
863 10
196 10
673 10
301 10
51 0
531 0
541 34
395 10
49 10
470 10
810 10
84 10
676 10
851 10
79 0
485 10
424 10
260 10
380 10
181 10
73 10
716 10
749 10
538 0
519 10
134 10
845 10
580 10
791 10
206 10
576 10
97 10
374 10
403 10
140 10
192 0
877 10
132 10
147 10
704 10
50 10
405 10
775 34
236 10
467 10
570 34
12 10
360 10
18 10
127 10
804 10
489 10
306 10
59 10
713 10
285 10
706 10
20 10
166 10
429 10
523 0
661 10
239 10
731 10
338 10
746 10
821 0
run time cost of algorithm DRT_BD is 0.491334seconds
