4395600 152 61
313 21
423 0
376 34
14 33
18 21
249 0
30 34
158 34
93 33
296 21
66 33
362 21
152 33
211 21
224 33
263 21
453 34
90 21
385 34
421 34
193 21
337 33
247 21
38 0
27 21
130 34
134 33
29 21
408 21
243 33
289 33
417 34
113 33
111 33
370 21
31 21
204 34
173 21
201 34
56 34
306 33
433 33
121 0
261 34
186 33
5 33
286 21
284 21
177 33
183 21
184 33
412 21
321 21
2 34
151 21
275 21
400 21
67 0
223 21
145 33
63 21
64 33
68 21
365 33
209 34
424 33
80 21
419 21
195 33
293 21
132 21
25 33
332 33
20 21
163 33
304 33
260 0
438 21
196 33
189 21
350 21
386 21
15 21
36 21
396 21
106 0
191 21
228 33
359 33
156 21
253 21
364 34
218 21
110 33
279 21
62 21
266 8
122 21
375 21
153 33
366 34
198 33
280 33
435 21
420 33
254 21
389 33
414 21
212 21
109 33
174 0
265 34
116 21
98 33
233 21
317 21
240 33
294 33
162 0
354 8
318 21
85 21
232 34
219 33
81 34
51 21
3 33
445 21
61 33
88 21
165 34
159 21
322 21
301 21
71 34
276 21
199 21
35 33
74 33
305 33
405 34
333 21
28 21
450 33
342 33
413 21
197 21
298 33
428 21
257 21
84 34
108 21
58 33
194 34
399 33
316 21
187 33
338 21
49 33
102 33
235 33
40 21
361 21
251 33
411 34
105 33
216 33
369 21
101 21
78 33
200 34
326 33
69 34
170 0
217 33
73 21
252 21
390 21
401 21
154 21
208 34
125 21
95 33
236 33
395 21
175 34
13 34
203 34
343 33
176 21
448 33
148 33
26 21
255 34
11 33
277 21
59 34
245 33
407 33
451 33
46 33
19 33
336 34
77 33
355 21
387 34
146 33
185 33
202 33
441 33
397 33
155 33
302 21
244 0
430 33
143 33
334 33
239 0
382 21
231 34
273 0
449 33
374 34
271 33
357 34
22 21
139 21
4 21
403 21
222 21
221 34
213 21
378 33
34 33
303 34
314 33
367 33
225 21
39 33
75 21
182 21
167 33
442 0
431 21
324 34
381 34
274 21
446 33
368 21
115 21
47 21
131 21
230 33
248 34
388 33
181 34
422 34
70 21
429 21
372 21
335 21
363 21
6 34
82 33
415 0
325 21
8 21
119 33
341 21
281 34
91 34
150 33
404 34
169 34
32 33
418 0
100 34
133 33
120 33
269 21
160 21
135 0
358 34
12 33
287 21
55 34
9 33
267 21
398 21
79 33
299 34
330 21
94 21
246 33
65 33
226 21
323 0
409 33
256 34
437 21
258 21
1 33
104 33
89 34
215 34
37 34
149 34
242 33
179 21
285 21
394 33
161 21
406 34
339 21
237 33
138 34
172 21
440 21
140 21
17 21
443 33
432 8
349 33
300 21
48 33
118 33
205 0
315 33
327 33
178 34
329 21
171 21
0 34
262 34
270 21
76 33
384 34
311 21
92 21
57 33
319 21
447 33
272 21
297 21
72 21
53 21
383 21
328 34
377 34
127 33
290 33
391 34
210 33
295 33
351 33
157 21
99 21
347 34
112 33
147 21
97 0
340 21
238 33
371 33
379 34
207 0
83 33
23 21
452 33
136 21
42 34
268 21
124 0
114 21
250 33
434 33
220 21
345 33
346 21
129 21
352 34
54 34
21 33
144 21
137 34
192 33
126 21
392 21
283 21
107 33
227 21
206 33
402 21
373 34
229 33
87 21
96 21
180 34
7 33
393 8
166 21
33 33
142 34
141 33
41 21
52 34
348 33
259 21
360 21
416 21
309 21
24 34
380 34
308 21
45 21
291 33
426 21
282 33
331 33
353 33
50 21
444 34
234 33
278 33
288 33
60 33
10 21
103 34
320 34
264 21
425 34
117 21
427 21
312 21
241 34
310 34
439 33
214 21
168 33
16 33
44 33
436 33
190 21
164 33
307 21
344 21
188 33
123 34
292 34
356 21
86 33
43 21
128 34
410 33
run time cost of algorithm DRT_BD is 0.115693seconds
