930100 97 15
330 19
3 19
256 19
259 19
217 19
343 19
121 19
30 19
280 19
25 19
258 19
517 19
41 19
485 19
32 19
326 19
396 19
282 19
242 19
144 19
233 19
383 19
240 19
419 19
166 19
246 19
183 19
100 34
71 19
397 19
439 19
131 34
74 19
132 19
265 19
248 19
189 19
377 19
141 19
88 19
87 19
279 19
351 19
165 19
328 19
107 19
524 19
76 19
451 19
291 19
463 19
317 19
162 19
163 19
398 19
333 19
56 19
278 19
487 19
388 19
320 19
178 19
62 34
118 19
230 19
225 19
424 19
421 19
186 19
271 34
442 19
346 19
322 19
507 19
238 19
171 19
516 19
417 19
416 19
270 34
450 19
350 19
511 19
99 19
123 19
231 19
19 19
475 19
208 19
169 19
484 19
83 19
318 19
407 19
11 19
157 19
10 19
493 19
1 19
27 19
40 19
366 19
404 34
324 19
226 19
468 19
316 19
103 34
434 34
331 19
134 19
336 19
244 19
538 19
352 34
357 19
363 19
211 19
375 19
521 19
513 19
399 19
401 19
13 19
17 19
18 34
177 19
430 19
431 19
489 19
436 19
413 34
285 19
133 19
261 19
156 19
445 19
37 34
146 19
435 19
63 19
505 19
464 19
33 19
192 19
427 19
140 19
496 19
425 34
286 19
268 19
151 19
341 19
4 19
321 19
472 19
457 19
519 19
160 19
438 19
120 19
402 19
283 34
499 19
510 19
234 19
306 19
509 19
405 19
191 19
453 19
470 19
136 19
164 19
420 19
288 19
411 19
301 19
173 19
228 19
408 19
308 19
501 19
24 19
490 19
45 19
91 19
214 34
137 19
51 19
345 19
444 19
266 19
269 19
379 19
281 19
300 19
7 19
309 19
181 19
224 19
368 19
0 19
117 19
267 19
274 19
43 19
64 19
79 19
292 19
518 19
9 19
325 34
473 19
452 19
276 19
429 19
80 19
307 19
394 19
476 19
125 19
348 19
264 19
310 34
392 19
305 19
175 19
187 34
142 34
520 19
26 19
481 19
227 19
504 19
216 19
304 19
89 19
296 19
138 19
53 19
38 19
205 19
203 19
194 19
497 19
97 19
479 19
323 19
380 19
6 19
525 34
338 19
314 19
179 19
418 19
16 19
215 19
262 19
400 19
105 19
298 19
437 19
446 19
96 19
115 19
247 34
498 19
503 19
139 19
522 19
73 19
206 19
313 19
8 19
515 19
454 19
492 19
456 19
461 19
148 19
46 19
170 19
502 19
530 19
415 19
409 19
84 19
212 34
362 19
531 19
386 19
68 19
184 19
2 19
449 34
145 34
52 19
251 19
65 19
347 19
486 19
528 19
250 19
465 19
480 0
235 19
532 19
85 19
44 19
67 19
5 19
158 19
229 19
124 19
315 19
273 19
370 19
31 19
92 19
364 19
469 34
448 19
414 19
15 19
147 19
355 19
252 19
176 19
299 34
391 19
254 19
474 19
49 19
257 19
114 19
354 19
440 19
167 19
529 19
23 19
135 19
198 19
395 19
243 19
303 19
406 19
294 19
339 19
455 0
494 0
39 19
58 34
119 34
495 19
78 19
110 19
332 19
387 19
344 19
28 19
367 0
152 19
188 19
213 19
255 19
202 19
412 19
482 19
514 34
237 19
371 19
312 0
287 34
35 0
223 19
506 0
22 34
154 19
109 0
349 0
381 0
249 34
302 34
128 34
423 19
69 0
534 19
428 0
55 0
393 19
209 19
220 19
201 19
360 19
190 19
77 19
42 19
466 19
207 34
293 0
426 34
488 0
14 19
526 19
527 19
106 19
95 19
334 19
82 19
245 19
112 0
477 19
185 0
34 19
491 19
272 19
289 0
12 19
385 0
90 19
101 19
422 19
196 34
172 34
353 19
277 19
143 19
512 19
108 19
204 19
60 0
358 34
104 34
359 19
111 19
236 19
295 19
297 34
75 34
200 19
523 19
126 34
193 0
168 0
113 0
150 19
232 19
94 19
70 0
508 19
61 19
340 0
195 34
219 19
98 0
384 0
102 19
284 19
81 19
537 19
260 19
47 19
467 19
337 0
389 19
447 19
373 19
329 19
129 19
458 19
342 19
149 19
376 19
433 19
130 0
500 19
29 0
483 19
116 19
327 19
221 19
536 19
161 19
155 19
462 19
275 19
460 19
239 19
319 19
311 19
86 19
241 0
441 19
180 0
197 19
199 0
57 19
374 19
36 34
459 0
21 0
54 0
20 19
361 19
443 19
218 19
210 19
48 19
378 19
253 19
127 34
159 19
182 19
356 19
290 19
478 19
535 19
432 19
93 19
122 19
72 19
403 0
365 34
369 0
382 19
372 19
66 0
533 19
410 19
471 19
59 19
50 19
335 0
390 19
153 19
263 19
174 19
222 0
run time cost of algorithm DRT_BD is 0.155481seconds
