155000 104 65
48 34
106 34
91 34
31 34
102 34
101 34
9 34
13 34
26 34
28 34
0 34
16 34
35 34
64 34
4 34
55 34
79 34
73 34
99 34
97 34
33 34
89 0
34 34
104 0
23 41
105 34
44 34
92 34
50 34
82 34
30 34
85 41
39 34
42 0
78 34
90 34
103 34
57 34
61 34
86 0
17 34
11 41
47 34
107 34
10 41
29 34
98 0
25 34
27 8
49 34
19 34
53 34
62 8
5 34
52 34
77 34
21 34
3 34
68 41
72 34
8 8
63 41
36 41
96 0
32 34
83 41
69 34
71 0
7 34
80 34
59 34
60 34
20 34
81 41
51 0
38 34
87 34
12 34
75 0
40 34
67 34
65 41
2 41
24 34
66 34
6 0
74 34
94 41
1 0
70 41
100 34
22 41
76 41
56 34
46 34
95 34
41 34
18 0
37 34
45 34
14 34
93 34
43 41
54 41
15 34
88 41
84 41
58 0
run time cost of algorithm DRT_BD is 0.008543seconds
