1793400 97 13
172 34
258 23
161 23
3 23
163 23
40 23
293 23
187 34
96 23
174 23
182 23
86 23
63 23
93 23
94 34
175 23
23 23
7 23
225 23
114 23
241 23
240 23
179 23
315 23
307 23
181 23
196 23
57 23
168 23
138 23
145 23
5 23
8 23
39 23
12 23
124 23
313 23
55 23
67 34
37 23
56 23
103 23
123 23
166 23
121 23
296 23
231 23
314 23
279 23
259 23
244 23
308 23
261 23
298 23
228 23
185 23
202 23
68 23
292 23
74 34
216 23
126 23
132 23
97 23
242 23
150 23
197 23
129 23
136 23
270 23
149 23
207 23
105 23
212 23
224 23
9 23
287 23
135 23
116 23
189 23
246 23
257 23
285 23
14 23
288 23
160 34
88 23
71 23
91 23
147 23
250 23
251 23
157 23
219 23
281 34
267 23
46 23
78 23
104 23
294 23
26 23
218 23
245 23
72 23
153 23
289 23
82 23
195 23
223 23
87 23
191 23
255 23
18 34
66 23
54 23
273 23
45 23
186 23
209 34
41 23
53 23
146 23
111 23
108 23
32 23
140 23
52 23
64 23
170 23
304 23
106 23
62 23
4 23
139 23
248 23
283 23
109 23
75 23
276 23
233 23
205 23
122 23
264 23
239 23
256 23
151 23
284 23
38 23
6 23
120 23
271 23
76 23
81 23
206 23
309 23
24 23
47 23
79 23
278 23
303 23
229 23
203 23
90 23
183 23
110 2
222 23
286 23
232 23
252 23
180 23
65 23
306 23
85 23
302 23
119 23
221 23
164 23
20 23
290 23
171 2
167 2
262 34
34 34
61 2
201 23
144 34
165 2
275 2
21 23
133 23
220 23
115 23
178 23
70 23
43 2
280 2
10 2
84 23
80 2
60 23
113 23
184 2
316 23
300 23
260 2
11 23
237 23
243 2
249 2
107 23
208 23
217 23
265 23
128 23
35 23
152 2
236 2
31 2
299 23
263 23
92 23
200 23
15 23
211 23
254 2
173 23
29 2
130 34
311 23
141 2
137 34
177 23
156 23
33 23
16 23
127 23
192 2
162 23
226 2
50 23
143 23
17 23
155 23
30 23
48 2
118 23
210 23
310 23
204 23
282 23
148 23
59 2
42 23
301 23
238 23
227 23
49 2
83 23
269 23
253 23
190 2
247 2
317 2
272 2
1 23
159 2
176 2
297 23
2 23
199 23
312 23
198 23
291 23
13 2
188 2
69 23
44 23
230 23
58 2
112 23
213 23
117 2
268 23
305 23
98 23
194 2
95 23
99 23
134 2
0 2
266 34
214 23
131 23
77 2
36 23
158 23
51 23
19 2
318 2
319 23
234 2
295 23
142 23
100 23
73 23
28 23
22 2
274 23
277 23
102 23
89 23
27 23
235 2
215 2
193 23
169 23
154 2
125 23
101 2
25 2
run time cost of algorithm DRT_BD is 0.051783seconds
