293600 109 65
69 34
60 34
11 34
46 34
15 34
16 34
0 34
53 34
26 34
25 34
58 24
56 24
73 34
3 24
20 34
35 34
28 34
4 34
18 34
38 24
54 24
48 34
39 34
21 24
63 34
62 34
79 34
23 34
37 34
51 34
64 34
76 0
49 24
8 34
44 24
32 34
74 34
36 34
42 34
50 34
72 0
45 34
67 34
59 34
31 24
19 34
12 34
43 34
47 0
57 34
70 24
13 34
78 0
14 34
29 34
75 34
5 34
27 24
17 34
22 34
77 0
9 34
52 34
1 34
40 34
66 34
30 34
71 34
55 34
6 34
41 34
68 24
33 34
7 24
61 24
2 34
24 24
34 0
10 34
65 34
run time cost of algorithm DRT_BD is 0.006013seconds
