274700 98 16
47 11
91 11
98 11
38 11
22 11
125 11
128 11
77 11
39 0
118 11
104 11
88 34
144 11
120 11
122 11
0 0
21 11
27 34
142 11
42 11
93 11
121 11
60 34
145 11
70 11
10 11
6 11
15 11
58 0
24 11
40 11
99 0
26 11
106 11
65 0
52 11
5 11
68 11
89 11
129 11
71 11
96 11
69 11
1 11
137 11
12 11
111 11
139 11
81 11
17 11
84 11
30 11
49 11
149 11
86 11
78 0
35 11
3 11
90 0
23 0
79 11
72 0
87 0
13 11
114 11
82 11
141 0
36 11
75 0
64 11
147 34
19 11
115 11
2 11
7 11
76 11
134 0
138 11
62 34
55 34
127 11
119 0
112 11
44 11
97 8
57 11
16 11
116 0
45 11
95 0
34 11
100 0
110 11
143 11
140 11
83 0
48 0
32 0
126 11
66 11
11 0
136 11
133 11
20 11
103 11
43 11
105 0
33 11
85 11
4 11
9 11
132 11
25 34
150 11
146 0
37 0
92 11
117 0
28 11
14 0
53 0
80 0
107 11
8 0
73 11
56 0
113 11
63 0
135 0
94 34
50 11
124 11
51 11
31 11
131 11
67 11
74 34
109 34
41 11
101 11
123 0
54 0
18 11
130 11
59 11
108 0
61 0
29 11
46 0
102 1
148 11
run time cost of algorithm DRT_BD is 0.016666seconds
