11512800 170 19
769 25
255 25
759 34
729 25
102 25
118 25
571 25
292 25
148 41
531 25
218 9
405 25
343 25
199 41
954 25
203 25
63 25
17 25
505 25
751 25
730 25
799 25
690 9
922 25
52 25
285 41
185 25
668 25
824 41
570 25
490 25
163 25
66 25
189 25
49 25
468 25
823 25
481 25
980 25
28 25
243 25
639 25
618 9
287 41
135 25
340 34
101 25
523 25
88 25
390 25
236 25
207 25
771 25
377 34
127 25
653 25
302 25
530 25
419 25
24 25
341 25
983 25
353 25
606 25
494 9
115 25
987 25
67 25
95 25
765 25
974 25
583 25
349 41
90 34
200 25
747 25
577 25
564 9
167 25
410 25
186 25
440 25
813 25
713 25
706 25
558 25
736 25
91 25
337 25
601 25
614 25
632 41
521 41
665 41
796 41
502 41
406 41
392 9
698 41
975 41
766 41
827 9
661 41
65 41
525 41
451 41
540 41
910 9
456 41
188 41
110 41
72 41
100 41
79 41
378 9
750 41
409 41
139 41
373 41
109 41
619 41
464 9
475 41
495 41
716 41
674 41
34 41
92 34
984 41
422 41
794 41
809 34
125 41
331 41
171 41
906 41
887 41
850 41
621 41
470 41
15 41
702 41
320 41
973 41
314 41
442 9
967 41
68 41
657 41
831 41
717 41
401 41
482 41
960 41
131 41
339 41
956 41
792 41
549 41
306 41
280 9
689 9
130 41
938 41
576 9
129 41
517 41
156 41
477 41
981 34
593 41
414 41
365 41
879 41
441 41
721 41
557 9
74 37
164 41
909 41
4 41
715 41
609 41
527 41
693 41
265 38
371 41
89 9
911 41
807 34
615 41
174 41
12 37
190 9
902 38
504 37
281 38
157 37
586 37
237 37
803 37
256 37
779 34
16 37
206 37
205 38
114 34
330 37
685 37
870 37
103 38
93 37
849 37
791 38
812 9
344 37
413 38
105 37
968 37
953 38
918 38
335 38
830 38
829 37
467 34
479 37
893 37
648 34
572 37
622 9
935 38
727 9
432 37
311 38
42 37
397 34
951 38
149 37
372 37
878 38
852 37
0 37
333 34
134 34
837 37
638 37
696 34
211 37
21 9
411 37
421 37
705 37
132 41
291 38
359 38
155 37
76 37
650 37
680 38
266 9
408 34
626 38
393 9
87 37
238 37
180 34
492 38
298 34
133 37
679 37
351 37
925 37
172 37
937 37
949 9
610 37
124 34
44 37
664 37
753 37
304 38
944 37
282 34
875 37
628 9
402 37
924 34
864 37
604 37
519 37
722 37
890 34
374 37
455 9
560 37
448 38
300 37
434 37
655 37
543 37
81 34
388 37
710 37
725 37
681 38
605 37
919 37
439 38
566 37
370 37
483 37
78 37
868 38
116 34
936 37
733 38
671 37
608 34
683 37
61 37
465 37
559 34
821 37
856 37
45 6
415 37
740 37
284 37
871 37
31 34
762 37
368 37
9 38
196 37
776 37
894 37
682 37
375 38
863 37
931 37
258 37
484 34
278 37
257 38
140 37
732 37
201 37
232 37
903 37
859 37
240 34
592 37
959 37
290 37
851 37
317 37
865 38
596 9
248 37
443 37
297 38
594 37
260 38
250 37
538 37
768 37
141 38
649 9
855 37
336 37
450 37
20 34
629 38
904 34
507 38
568 37
506 34
697 37
347 37
847 38
161 38
461 34
342 37
268 37
85 34
137 37
498 38
222 37
58 37
476 37
444 38
312 37
362 37
128 9
433 37
438 37
427 9
939 37
578 38
754 37
40 37
912 9
694 37
886 37
150 37
14 38
635 38
900 34
94 38
197 34
757 34
165 38
355 38
512 34
452 9
742 34
509 34
881 34
835 34
376 34
929 34
152 38
19 34
686 34
191 34
480 34
389 34
69 38
295 34
446 38
763 38
212 34
22 34
384 38
96 38
41 34
921 38
437 38
731 34
182 34
380 9
279 34
364 38
2 34
423 38
3 34
420 34
50 34
947 34
797 34
536 34
788 38
252 9
425 34
277 34
986 34
848 34
933 38
25 34
360 34
741 34
303 38
168 34
773 34
861 34
666 34
513 34
453 34
644 9
972 34
793 34
814 34
108 34
718 38
915 34
720 34
611 34
269 34
964 34
895 34
547 34
316 34
166 34
487 34
897 34
745 34
552 38
27 34
247 34
381 38
214 34
553 9
962 34
712 38
982 34
916 38
276 34
524 34
563 34
582 34
573 34
520 38
616 34
193 38
659 34
159 34
178 34
535 34
59 34
941 9
99 34
819 34
84 24
971 34
458 9
676 33
976 34
217 38
969 34
332 9
272 34
463 34
598 38
318 34
672 34
965 34
70 38
985 38
946 38
782 38
154 34
18 38
958 34
299 34
625 34
151 34
554 38
885 34
270 9
267 34
315 38
313 34
646 24
889 34
862 34
327 34
599 34
263 38
843 34
675 34
227 38
917 34
47 9
309 34
723 38
239 38
466 34
728 34
714 9
580 38
220 34
198 38
551 38
228 34
600 34
905 34
170 34
637 34
29 34
435 34
923 34
952 9
383 34
7 34
416 9
801 34
173 34
726 34
811 34
46 34
825 34
663 38
457 34
6 34
777 34
800 34
26 34
472 34
841 9
806 34
417 38
758 34
233 38
651 34
83 38
112 34
602 34
634 34
194 34
43 34
781 38
772 34
550 34
828 9
867 34
542 34
942 34
775 9
286 38
514 34
216 34
748 34
181 33
734 34
192 34
382 33
321 34
111 38
786 34
636 34
662 34
691 38
98 34
177 38
688 34
307 38
539 38
354 34
424 34
489 38
209 33
430 34
584 34
62 34
305 34
767 9
38 34
882 38
834 9
764 9
511 34
454 34
13 24
146 34
869 34
11 34
86 34
624 34
396 38
235 34
394 34
54 38
325 38
699 9
426 34
898 34
808 34
545 34
630 38
391 34
187 38
183 34
119 33
932 34
254 34
607 34
500 34
75 34
215 34
275 38
429 34
977 38
117 34
613 38
471 34
204 33
930 38
176 34
820 33
660 34
643 34
518 34
398 38
620 34
840 38
770 34
565 34
574 38
179 34
449 34
158 34
169 38
496 34
612 34
64 34
213 34
579 8
246 24
293 33
784 33
57 33
431 33
738 38
251 33
184 33
412 33
301 33
756 33
395 38
555 33
961 36
934 33
652 33
363 33
943 33
219 33
640 33
541 33
627 38
460 24
645 33
136 33
357 33
647 33
175 33
701 33
367 33
810 33
692 33
221 38
234 33
522 38
815 33
707 38
104 9
82 33
229 38
145 33
761 38
138 38
695 24
510 36
356 33
459 24
719 38
486 33
469 33
700 33
491 25
120 41
264 33
497 34
805 33
774 33
319 33
153 38
242 33
575 33
202 36
591 36
361 33
888 8
623 33
631 33
658 33
418 9
310 33
677 38
966 9
48 33
274 33
866 33
760 33
569 24
147 9
603 33
711 33
224 9
737 33
709 38
271 38
56 33
703 38
241 38
988 38
143 33
778 33
822 33
533 33
749 33
210 33
39 8
253 9
60 24
261 33
872 33
283 33
10 38
308 33
503 33
352 33
735 9
350 33
743 33
223 8
802 38
785 33
324 9
225 38
928 38
587 8
462 33
162 33
113 33
499 24
873 33
508 8
515 33
669 33
528 24
73 24
970 17
546 9
874 38
892 33
226 32
979 38
561 38
245 33
567 38
142 33
704 33
581 9
927 33
853 33
744 33
597 33
33 33
77 36
907 33
488 33
724 8
795 33
532 38
876 38
30 33
940 24
787 38
656 33
955 33
588 9
687 9
526 24
589 33
617 24
328 33
670 33
208 33
846 38
473 36
818 33
544 38
798 33
5 38
322 38
945 36
71 8
386 33
746 33
296 33
369 33
447 31
678 33
884 38
334 38
23 36
858 9
501 24
790 33
379 36
633 24
323 36
963 36
854 24
8 38
478 8
288 24
436 36
445 33
590 38
474 38
121 33
839 38
667 33
80 33
836 33
338 33
400 33
348 33
920 33
654 33
739 33
160 8
595 38
294 38
978 33
366 33
844 33
548 33
817 33
783 33
684 33
950 9
387 24
36 36
880 24
51 33
346 36
1 33
899 33
948 36
914 24
896 24
780 33
891 33
249 33
407 24
230 33
404 24
833 36
195 33
231 33
860 38
857 24
877 33
585 33
326 33
345 33
816 38
37 9
755 8
908 33
122 36
53 33
259 33
123 38
385 9
403 33
329 9
957 33
883 38
529 38
32 9
516 9
845 33
273 33
673 33
832 38
358 33
556 33
826 33
107 38
399 36
35 38
537 33
126 33
97 33
708 38
55 8
804 38
752 38
289 24
926 38
428 9
838 33
485 33
493 38
262 9
901 33
534 33
789 33
106 33
144 33
562 9
642 38
641 33
244 33
842 8
913 33
run time cost of algorithm DRT_AG is 0.01161seconds
