163300 161 50
62 9
90 9
81 9
65 9
124 9
9 9
0 9
118 34
102 9
34 9
54 9
123 9
80 9
104 9
55 9
41 9
33 34
76 9
122 9
83 34
46 9
45 9
136 9
16 9
3 9
111 34
6 9
30 34
35 9
85 34
12 34
7 9
20 9
11 9
52 9
129 9
86 9
64 6
5 34
101 9
63 9
2 9
53 9
23 9
106 9
28 9
25 9
109 34
97 9
113 9
56 9
14 9
10 9
32 9
24 9
135 9
120 9
31 6
38 9
77 9
67 9
132 34
27 9
19 9
96 9
91 34
1 6
13 9
69 9
44 9
127 6
130 9
40 9
75 9
68 9
71 6
100 6
121 6
43 9
39 6
110 9
131 6
47 34
21 6
117 34
82 6
59 9
128 9
84 9
88 6
108 9
73 9
57 9
134 6
114 6
119 6
42 9
8 9
58 9
60 9
133 6
94 9
93 6
22 6
50 9
115 9
78 6
125 6
26 34
61 10
87 9
66 6
15 9
107 6
18 6
49 9
37 9
72 6
4 9
103 9
112 9
95 9
74 6
51 6
105 9
99 9
126 10
89 9
17 6
36 6
79 6
92 6
116 10
98 6
48 34
29 9
70 9
run time cost of algorithm DRT_AG is 0.000394seconds
