2035200 109 67
495 34
224 34
203 34
395 34
550 34
164 34
338 34
235 10
150 34
200 34
484 34
125 34
487 34
393 34
535 34
47 34
263 34
363 34
154 34
314 34
498 34
497 34
365 34
375 34
192 34
108 34
78 34
231 34
399 34
48 34
423 34
472 34
445 34
11 34
457 34
229 34
147 34
80 34
326 34
79 34
166 34
206 34
530 10
350 34
516 34
359 34
394 34
104 34
406 34
110 34
139 34
523 34
258 34
268 10
403 34
199 34
311 34
90 34
58 34
153 34
168 34
197 34
272 34
420 34
249 34
194 10
152 34
28 34
290 34
149 34
302 34
29 10
120 34
81 34
547 34
266 34
331 34
351 34
169 34
156 34
74 34
305 34
140 34
447 34
446 34
544 34
323 34
346 34
222 34
89 34
57 34
387 34
517 34
454 34
101 34
36 34
221 34
123 34
396 34
440 34
459 34
46 34
93 34
478 34
424 34
386 34
443 34
383 34
382 34
61 34
245 34
151 34
83 34
448 34
114 34
1 34
540 34
345 34
371 34
453 34
234 34
181 34
277 34
503 34
336 34
60 10
67 10
237 34
128 34
281 34
333 34
543 34
360 34
20 34
526 34
191 34
493 25
33 10
138 34
295 25
82 34
417 34
444 25
477 10
460 34
214 10
62 34
301 34
71 34
436 10
242 34
215 34
240 34
427 34
256 34
475 34
137 34
189 10
167 34
45 34
434 34
438 34
30 34
98 34
502 34
115 34
15 34
435 34
257 34
370 34
515 34
524 34
490 34
32 34
340 34
483 34
388 8
379 34
180 25
413 34
75 34
99 34
25 34
520 34
171 34
310 34
132 34
505 34
111 34
552 34
144 34
390 34
142 34
513 34
230 34
421 34
501 34
474 8
250 34
271 34
91 34
9 34
545 34
557 34
353 34
456 34
267 34
207 34
134 34
549 10
198 34
10 34
185 34
16 34
17 34
259 34
529 34
163 34
525 25
499 34
161 34
292 34
489 10
63 34
317 34
559 34
324 34
85 34
143 34
122 34
109 34
452 25
316 34
105 34
103 34
455 34
347 34
467 34
356 34
368 34
270 34
482 34
213 34
385 34
299 34
19 34
405 34
275 34
291 34
170 34
334 34
521 34
49 34
282 34
500 34
508 25
251 34
162 34
492 34
175 34
225 34
409 25
66 25
68 34
480 34
73 34
463 34
397 34
280 34
226 34
190 34
366 34
0 34
408 34
411 34
202 34
205 34
255 34
116 10
97 34
95 34
528 34
468 34
471 25
84 34
481 34
286 34
485 34
44 34
509 34
269 34
309 34
389 34
519 34
39 34
18 34
537 34
433 34
372 34
400 34
318 34
243 34
401 34
228 34
488 34
232 34
65 34
469 34
145 34
364 34
196 34
486 34
414 34
358 34
260 34
130 10
64 25
303 34
50 34
376 10
42 34
14 34
322 10
504 34
88 34
284 34
35 10
464 10
473 34
380 34
182 34
173 34
159 34
262 25
558 34
195 34
92 34
308 34
94 34
227 34
238 34
100 25
107 25
72 34
449 34
354 34
204 34
430 34
479 10
283 34
38 34
402 34
264 34
407 34
327 25
315 34
5 34
131 34
76 8
70 34
24 34
461 25
450 34
320 34
348 10
466 34
518 34
439 34
352 34
546 34
52 25
244 25
27 34
22 34
220 34
186 34
297 34
209 25
223 34
522 10
415 10
300 34
343 25
26 34
554 10
512 34
135 34
148 34
357 34
377 34
355 25
188 34
437 34
21 10
541 34
55 25
533 34
106 10
43 34
265 34
491 34
8 34
236 34
476 34
404 34
294 25
211 34
422 25
112 34
285 25
179 10
337 34
201 34
31 34
329 34
252 34
410 34
4 25
418 34
177 34
117 34
6 34
233 34
155 34
253 34
59 34
426 25
254 34
398 34
126 34
129 34
54 34
538 10
349 34
241 34
374 34
531 34
12 10
506 25
7 34
23 25
441 34
193 34
86 34
118 34
136 34
419 34
113 34
412 34
555 34
183 34
341 34
102 34
293 34
381 34
391 34
157 34
187 34
458 34
373 34
362 34
344 34
532 34
361 34
510 34
13 34
246 34
429 34
332 34
369 34
176 34
321 34
556 34
328 34
287 34
217 34
289 34
248 34
247 34
319 34
121 34
507 34
312 34
425 10
40 10
3 34
274 34
239 34
548 34
470 34
276 34
542 34
219 34
392 34
494 25
53 34
496 34
208 25
431 34
330 25
174 34
172 25
296 10
41 34
218 25
210 25
553 34
313 34
465 10
165 25
2 34
511 34
416 34
342 34
514 34
37 34
384 25
279 34
534 10
442 34
378 34
462 34
119 34
261 34
339 34
96 10
212 34
527 34
451 25
367 34
158 34
273 34
69 25
307 34
184 10
34 34
536 10
278 25
304 25
539 25
133 34
428 34
298 34
51 34
432 34
560 34
124 34
56 34
141 34
306 34
178 10
551 34
160 34
288 8
77 34
325 34
87 25
335 34
146 34
216 34
127 10
run time cost of algorithm DRT_BD is 0.224059seconds
