8283200 171 78
813 21
337 29
123 29
690 29
452 3
454 3
30 21
308 29
281 34
576 29
420 29
191 21
261 41
456 3
97 21
748 21
650 21
831 29
75 29
215 29
62 21
139 26
573 29
580 29
601 21
562 26
379 41
208 21
288 21
550 34
203 29
658 26
265 29
894 26
446 3
725 29
169 29
59 21
724 29
137 41
542 34
364 26
286 3
187 26
302 29
623 26
884 3
912 29
48 41
124 26
272 21
54 41
7 29
668 41
744 21
56 26
641 29
430 41
238 29
915 29
719 29
87 26
394 29
71 21
847 3
274 21
480 29
131 34
769 29
517 29
533 26
69 26
800 26
80 29
393 26
557 21
855 26
211 29
367 29
564 29
704 26
8 21
140 41
462 29
463 29
317 26
583 41
299 41
771 21
815 29
745 26
270 29
248 34
204 3
310 26
244 41
486 41
878 26
461 21
540 29
260 21
276 41
436 41
709 26
721 21
739 29
291 41
156 21
488 21
543 41
304 21
202 26
762 41
697 21
807 26
408 29
742 26
723 29
297 34
167 29
466 26
346 41
417 29
910 29
94 29
508 26
207 29
612 29
671 26
919 41
322 41
193 21
88 29
546 26
575 26
760 41
747 26
684 29
432 41
320 29
484 41
500 26
504 29
526 21
901 41
16 26
585 29
758 26
751 41
722 21
729 29
539 3
809 41
570 41
76 29
863 26
883 29
450 29
414 41
669 29
654 41
222 26
613 41
773 26
380 26
493 26
126 34
275 3
0 3
812 29
816 26
457 29
184 26
482 26
659 21
512 29
852 41
300 21
586 26
442 29
734 41
40 41
280 29
692 41
798 41
670 21
323 26
330 41
485 29
589 26
620 26
383 29
425 3
406 26
154 21
701 41
354 26
11 29
38 26
487 41
327 26
720 26
619 26
150 34
790 26
2 41
241 26
602 34
802 26
649 26
445 26
282 3
743 26
797 29
118 29
823 21
161 21
648 29
107 26
366 41
926 41
168 34
68 34
32 41
604 21
453 26
783 26
333 41
673 29
347 41
879 29
155 26
705 29
324 26
121 41
861 41
267 26
467 34
63 41
318 26
104 41
194 21
814 26
759 26
153 41
387 41
835 29
440 29
82 3
319 21
560 21
197 3
908 41
608 21
92 29
667 29
568 21
146 41
239 29
858 21
715 41
870 26
443 29
74 21
710 34
795 21
363 26
410 41
761 29
746 26
825 26
559 34
736 26
632 29
877 29
707 29
677 29
182 21
768 3
775 41
591 26
311 29
754 26
476 29
196 34
661 34
615 29
64 41
95 41
421 29
841 21
477 26
398 29
639 26
435 26
108 29
882 29
368 26
381 3
740 26
313 34
210 29
776 21
529 41
636 29
545 21
409 26
730 21
905 26
498 29
820 29
437 29
179 26
315 3
28 29
47 26
429 21
283 3
441 41
266 29
787 21
574 41
52 21
738 3
221 26
5 41
664 21
289 21
804 29
180 21
691 29
3 21
293 41
885 26
523 26
519 41
99 3
593 41
772 29
849 34
39 29
850 21
750 21
494 21
544 26
844 26
780 21
50 29
553 34
909 29
881 26
629 26
520 41
312 34
558 26
253 29
384 26
278 21
185 3
100 41
214 26
696 21
136 26
305 26
201 26
307 21
511 29
163 26
216 26
786 41
473 26
12 26
507 29
17 3
249 21
422 29
832 29
377 29
188 41
189 29
328 21
79 26
828 29
181 26
402 41
848 3
569 21
872 29
89 26
44 29
633 21
836 21
424 41
58 26
341 41
595 26
296 29
57 41
624 29
388 26
900 29
6 29
889 3
666 34
851 24
839 29
806 26
357 26
166 34
433 29
93 26
164 26
478 3
656 34
525 21
220 21
226 3
840 3
829 26
598 21
572 3
728 29
731 26
325 26
33 29
186 26
400 41
53 29
66 21
403 21
369 41
862 29
411 26
49 26
41 3
652 29
416 3
101 41
571 21
277 21
128 41
924 41
489 34
230 29
109 3
928 29
256 26
824 21
96 29
923 26
175 41
25 26
195 29
582 29
213 21
84 21
19 3
301 34
657 21
555 3
273 29
157 3
888 21
895 29
171 26
451 29
90 3
359 26
778 29
176 26
269 26
779 26
22 26
567 3
842 41
329 29
845 41
117 41
891 3
382 41
515 29
765 26
199 26
15 34
251 29
170 26
660 21
483 34
904 41
801 29
51 41
144 29
143 29
259 26
932 26
921 21
931 21
295 29
103 26
561 26
741 21
699 41
579 29
911 21
418 41
223 41
857 41
846 34
496 26
753 21
536 29
796 34
345 21
18 41
264 41
509 29
426 21
674 21
365 21
465 21
235 29
551 41
389 21
116 3
626 3
837 29
599 29
250 29
149 3
563 26
316 41
643 21
917 21
916 26
864 41
672 26
687 21
927 29
125 29
897 21
130 29
459 3
774 29
218 21
788 29
225 26
757 3
399 29
34 29
331 21
792 34
635 21
174 34
834 26
822 26
711 21
148 41
257 29
817 29
42 21
688 26
513 26
344 21
434 29
77 29
689 41
826 34
173 21
36 21
375 29
896 29
160 3
733 41
749 41
412 26
907 41
913 21
634 34
243 41
298 26
865 3
326 21
142 21
470 3
471 3
350 41
98 26
119 41
537 3
899 26
853 41
617 41
407 34
581 26
290 26
60 41
423 41
55 21
279 21
373 3
372 41
605 41
205 21
535 26
371 21
706 21
86 41
455 21
642 41
713 21
21 26
338 34
645 41
886 41
292 41
700 34
655 41
151 41
830 41
106 21
708 41
621 41
833 26
385 41
374 21
501 41
127 26
231 26
767 26
334 41
683 21
448 3
764 26
395 21
339 26
209 41
200 41
9 26
10 21
219 21
348 3
653 34
505 21
114 21
342 41
763 34
158 34
355 41
782 41
735 41
679 21
752 21
362 26
246 26
31 34
880 41
860 41
625 41
789 21
499 21
431 3
91 21
549 41
268 41
444 41
159 41
856 3
427 41
819 26
799 26
234 21
552 21
141 21
138 41
903 21
254 26
685 21
793 29
428 26
547 26
716 34
609 26
869 41
929 41
920 21
892 41
236 41
597 21
893 26
102 21
777 41
565 41
756 41
578 41
755 41
14 21
469 41
530 3
356 41
232 26
727 26
876 41
386 41
472 26
390 41
340 26
922 26
503 3
502 41
663 26
458 41
532 21
737 41
105 41
271 26
556 41
404 41
13 21
703 26
481 26
228 41
61 41
610 21
242 21
285 21
4 41
871 41
675 26
898 41
70 26
930 41
83 26
644 26
490 41
693 34
646 41
284 41
29 26
247 26
874 41
73 21
78 21
622 21
534 41
682 41
606 41
588 41
129 21
162 3
351 34
717 3
906 26
838 26
686 26
475 34
165 41
695 34
510 3
521 41
192 21
914 41
229 3
630 34
524 26
224 26
335 41
867 21
27 41
217 34
115 41
396 21
135 26
712 41
714 21
732 21
24 41
349 21
596 26
531 41
287 41
538 21
681 21
198 21
548 41
353 41
805 21
590 41
702 26
474 41
397 3
294 41
781 21
361 41
468 26
405 34
314 3
113 21
252 21
45 26
554 26
358 26
206 41
718 41
584 26
46 26
611 26
227 41
843 41
419 26
680 41
810 21
401 21
120 26
854 34
352 34
112 26
594 26
43 41
20 41
868 26
343 41
110 41
85 41
859 26
177 41
662 21
631 21
925 41
133 21
651 26
600 41
566 26
918 26
1 34
516 21
147 21
821 41
603 3
902 26
190 41
791 41
321 3
678 41
638 41
640 41
237 26
491 41
647 21
306 41
495 34
528 26
785 26
370 26
618 26
866 21
492 26
122 34
439 41
506 34
392 3
378 21
770 41
784 26
245 41
26 41
309 21
35 41
460 26
332 41
336 21
447 3
413 41
808 26
577 21
794 41
240 41
415 26
172 34
541 41
676 21
628 21
23 41
233 24
178 21
111 34
587 21
803 26
887 34
303 41
616 34
766 34
145 26
67 26
522 41
438 26
376 26
134 26
665 26
592 21
479 3
258 41
263 26
614 41
827 41
873 34
698 21
81 21
464 41
449 21
183 41
607 41
694 34
527 21
152 41
72 21
37 34
518 21
890 41
212 34
514 34
811 41
875 41
497 21
637 21
255 41
360 41
627 34
726 41
132 21
65 41
818 21
262 21
391 41
run time cost of algorithm DRT_BD is 0.416723seconds
