791600 161 52
116 9
57 9
112 9
143 9
72 9
6 9
145 9
156 9
10 34
43 9
47 9
155 9
41 9
176 9
138 9
13 9
180 9
89 9
110 9
163 9
130 9
96 9
97 9
55 9
64 9
29 9
3 6
50 9
105 9
169 9
49 9
158 9
95 6
5 9
114 9
22 9
81 9
54 9
65 9
20 9
141 6
16 9
123 9
88 9
182 9
153 9
174 9
33 9
91 6
85 9
79 34
35 9
93 6
120 9
109 9
99 9
12 9
157 9
38 6
52 9
17 9
117 9
70 6
107 9
113 9
131 9
51 9
179 6
173 9
59 6
128 9
148 9
92 34
132 9
90 34
42 6
122 9
14 6
76 9
18 9
136 9
67 9
8 34
124 9
137 34
32 9
149 9
115 9
175 9
94 9
30 9
82 6
103 9
84 6
127 9
111 9
144 6
15 9
86 9
11 6
164 9
165 6
101 9
25 9
21 6
66 9
119 10
135 9
108 9
27 9
140 9
166 9
77 9
61 9
2 9
34 9
78 9
58 9
150 9
152 9
162 6
26 9
53 6
46 34
44 9
23 9
0 9
100 6
28 34
24 6
45 9
63 6
125 6
171 6
62 6
48 9
37 9
181 9
118 10
160 10
161 9
147 6
168 10
36 9
139 9
98 9
154 9
9 9
102 9
69 6
177 6
75 6
146 9
178 9
87 9
40 9
80 9
56 6
68 9
172 9
121 6
167 9
151 10
142 9
126 6
74 9
106 9
83 6
19 9
170 9
159 6
133 9
129 6
60 9
31 9
7 6
71 6
73 9
104 9
1 9
4 9
39 6
134 9
run time cost of algorithm DRT_AG is 0.000605seconds
