3092200 136 29
458 25
336 25
641 25
740 25
132 25
339 34
526 25
669 25
736 25
482 25
135 9
293 25
765 25
637 25
567 25
489 25
173 25
431 41
59 9
425 41
518 25
714 25
784 34
787 25
504 25
505 25
632 41
213 25
37 25
385 25
347 25
661 25
357 25
83 25
663 25
619 9
36 25
157 25
451 25
2 25
224 25
572 25
295 25
751 25
658 9
707 25
97 25
275 25
608 25
713 25
17 25
691 34
565 25
229 25
197 9
501 25
51 34
57 25
538 25
520 34
60 25
381 34
428 25
785 25
276 25
673 25
103 25
704 25
439 25
95 25
668 25
123 25
225 25
480 25
171 25
38 25
801 25
217 25
624 34
524 34
138 25
735 25
13 25
745 25
289 41
398 25
143 25
401 25
728 25
152 25
453 25
233 25
73 25
690 25
653 25
554 25
774 25
656 9
180 9
361 25
432 25
815 34
388 25
583 25
805 25
512 25
541 25
561 25
111 25
317 25
674 25
306 25
679 25
681 25
467 25
15 25
627 25
517 25
326 41
662 25
415 25
463 41
509 25
700 34
544 9
211 25
320 25
99 25
205 25
350 9
130 25
712 25
49 25
355 25
496 25
352 25
62 9
279 25
721 9
494 25
635 34
156 25
150 25
729 25
730 25
147 25
64 25
258 25
602 41
620 25
343 41
743 25
685 25
79 25
154 41
232 25
742 25
25 41
510 25
159 25
614 25
301 34
322 25
163 25
697 9
165 25
449 25
44 25
168 25
421 25
422 25
782 9
424 25
380 25
613 34
571 25
375 34
394 25
362 34
142 25
678 25
484 25
717 34
81 25
405 25
80 25
589 25
312 25
21 25
136 25
390 25
191 25
192 34
118 25
26 25
599 25
302 9
74 25
98 25
762 25
474 25
442 25
129 25
203 25
4 9
436 25
677 25
175 25
749 25
485 41
210 25
248 25
212 25
435 25
65 41
107 25
733 25
587 41
239 25
161 25
238 25
160 25
772 25
585 25
354 25
716 25
558 41
642 25
71 25
490 25
576 25
116 25
292 25
584 25
771 41
351 25
566 25
684 25
464 41
376 9
184 25
403 34
557 25
618 25
794 25
104 25
418 25
747 25
285 41
592 25
45 41
777 25
7 25
305 25
47 34
310 25
338 25
395 25
588 9
249 25
260 41
667 25
528 25
537 25
12 25
345 25
389 25
411 25
413 41
696 9
16 25
799 25
416 34
209 25
798 9
795 34
549 25
778 25
75 41
555 9
487 41
281 25
722 25
560 25
109 25
110 25
368 25
532 25
568 41
393 25
454 41
536 25
525 9
455 41
294 25
134 25
364 25
665 41
521 25
459 9
126 25
563 9
626 41
115 25
254 25
726 25
539 25
590 9
94 25
476 25
758 25
789 25
185 25
547 25
48 25
426 25
711 34
56 25
63 25
319 34
578 9
280 25
579 9
419 25
723 25
629 25
471 25
219 25
693 25
465 25
298 25
727 9
234 34
141 25
811 25
365 9
146 41
131 25
337 25
335 25
220 34
530 25
342 25
10 25
331 25
523 25
14 25
218 25
675 25
630 25
666 25
540 34
33 41
423 25
309 25
640 41
788 25
430 41
266 25
55 9
605 25
492 25
644 41
269 25
768 25
179 25
479 34
475 25
470 25
114 25
176 25
595 41
287 34
137 25
734 25
596 25
155 34
445 25
153 25
128 41
278 25
444 25
443 25
167 25
119 41
755 25
434 41
433 41
69 34
609 25
548 25
188 25
42 25
318 41
200 25
514 25
582 25
324 25
621 25
695 25
223 25
177 41
408 41
810 41
328 41
18 41
20 34
516 41
515 41
29 41
545 41
643 34
412 41
773 41
299 41
646 34
767 41
91 41
746 41
705 41
709 41
253 41
120 41
460 41
739 41
194 41
162 41
447 41
189 34
570 41
657 41
594 41
183 41
169 41
402 34
533 41
1 41
748 25
438 25
366 41
11 41
682 41
472 41
744 41
226 41
468 41
562 34
634 41
569 41
600 41
199 37
410 41
741 41
124 41
70 41
140 41
780 41
495 41
604 41
610 41
247 9
503 41
397 41
651 41
164 41
791 34
348 41
386 41
597 41
694 41
766 41
291 34
235 41
659 41
5 41
756 41
369 41
559 41
660 9
703 41
92 34
341 34
535 41
243 41
574 41
86 41
813 9
241 41
623 9
392 41
27 41
371 41
409 41
553 9
315 41
166 41
41 41
497 37
552 41
286 41
304 41
52 41
374 41
680 41
754 41
373 34
715 41
457 34
399 41
796 41
414 41
190 41
196 41
806 41
263 34
265 41
187 41
807 41
383 41
809 41
271 41
615 41
725 41
404 41
122 41
288 41
84 41
290 41
108 41
251 37
481 41
478 41
314 41
0 41
370 41
3 41
670 41
245 41
230 41
701 41
511 38
710 37
308 41
19 41
195 37
628 41
327 41
356 41
606 41
360 37
257 37
551 41
372 41
112 41
100 41
750 41
88 37
786 41
483 41
769 41
437 41
776 41
779 41
58 41
244 41
242 38
282 41
216 41
61 41
206 41
66 41
542 41
808 41
636 41
316 41
631 9
170 41
151 41
625 41
420 41
732 41
764 41
346 41
139 41
760 41
359 9
603 41
550 41
790 41
90 37
491 41
382 41
488 41
8 37
753 41
236 41
699 41
215 41
513 41
702 41
400 38
601 41
448 41
67 41
186 41
24 37
500 37
607 41
406 41
113 41
334 9
770 41
612 41
738 41
761 41
763 41
144 41
96 41
522 37
731 41
466 41
379 41
686 41
692 34
284 41
698 41
577 34
28 38
800 41
387 37
35 41
367 41
720 41
633 41
473 9
363 41
556 9
9 41
198 41
202 41
469 41
639 37
440 41
575 38
706 41
174 41
89 41
647 41
106 41
611 41
783 41
149 41
652 9
452 37
148 41
519 41
456 41
622 37
333 41
461 38
502 41
78 41
268 41
676 34
145 41
816 37
534 41
117 41
617 41
332 41
527 37
508 41
325 41
102 41
255 37
407 37
803 41
193 34
546 37
499 41
272 41
775 41
31 41
214 41
645 9
450 41
50 41
34 41
121 41
39 41
40 41
259 41
543 41
477 41
54 41
506 41
724 41
564 41
752 41
802 9
32 41
441 41
237 37
683 41
208 41
311 34
531 41
76 9
427 41
82 41
303 41
204 34
201 41
68 41
273 37
649 41
804 41
757 41
93 41
719 41
591 41
181 38
650 41
384 37
462 34
222 41
277 41
158 41
329 37
330 41
812 41
598 41
344 41
655 41
793 41
349 41
127 34
261 9
353 38
256 41
125 41
797 41
274 41
498 41
689 37
493 41
105 41
43 37
53 41
228 41
593 34
227 37
283 41
252 41
573 9
391 41
429 41
182 41
586 41
580 41
581 9
638 41
87 41
417 9
313 41
264 37
664 41
672 41
23 34
708 41
262 41
267 34
250 41
297 37
270 24
616 41
296 41
321 41
648 37
178 37
737 41
358 41
323 41
688 41
101 41
654 41
446 41
46 41
172 41
231 41
486 41
340 41
792 34
378 37
781 41
687 41
221 41
207 41
240 41
30 41
718 41
246 41
72 41
300 41
396 34
133 9
77 9
22 34
507 41
759 41
671 37
307 41
85 37
6 41
814 41
529 41
377 41
run time cost of algorithm DRT_AG is 0.009627seconds
