9218800 159 64
0 29
1 49
2 29
3 29
4 34
5 34
6 29
7 49
8 0
9 29
10 49
11 29
12 29
13 49
14 49
15 49
16 29
17 49
18 29
19 0
20 29
21 34
22 49
23 49
24 49
25 34
26 29
27 34
28 29
29 29
30 29
31 29
32 29
33 34
34 29
35 49
36 0
37 34
38 34
39 34
40 49
41 34
42 29
43 29
44 49
45 29
46 29
47 29
48 29
49 34
50 49
51 29
52 49
53 29
54 29
55 34
56 29
57 29
58 49
59 29
60 33
61 34
62 34
63 49
64 49
65 34
66 34
67 29
68 29
69 29
70 49
71 49
72 34
73 29
74 29
75 29
76 29
77 34
78 34
79 49
80 29
81 29
82 49
83 49
84 34
85 49
86 49
87 49
88 34
89 49
90 29
91 34
92 34
93 49
94 29
95 0
96 29
97 49
98 29
99 34
100 29
101 29
102 34
103 33
104 49
105 49
106 29
107 49
108 49
109 34
110 49
111 49
112 29
113 49
114 34
115 29
116 49
117 34
118 29
119 49
120 29
121 29
122 49
123 49
124 49
125 29
126 49
127 34
128 33
129 49
130 49
131 49
132 34
133 34
134 49
135 34
136 34
137 49
138 29
139 49
140 49
141 49
142 49
143 0
144 29
145 49
146 34
147 29
148 49
149 29
150 0
151 49
152 49
153 29
154 29
155 29
156 29
157 29
158 49
159 29
160 29
161 29
162 29
163 29
164 0
165 29
166 0
167 34
168 34
169 49
170 34
171 29
172 34
173 49
174 29
175 29
176 34
177 49
178 49
179 0
180 0
181 33
182 29
183 34
184 34
185 0
186 34
187 29
188 49
189 49
190 49
191 34
192 49
193 29
194 49
195 34
196 29
197 34
198 29
199 49
200 49
201 34
202 49
203 29
204 29
205 49
206 29
207 29
208 0
209 29
210 29
211 49
212 29
213 49
214 34
215 33
216 29
217 49
218 29
219 34
220 49
221 34
222 34
223 49
224 49
225 29
226 29
227 0
228 49
229 29
230 33
231 29
232 49
233 33
234 34
235 34
236 29
237 29
238 29
239 34
240 34
241 49
242 49
243 0
244 29
245 49
246 49
247 34
248 49
249 34
250 29
251 0
252 49
253 29
254 29
255 29
256 49
257 29
258 29
259 33
260 29
261 34
262 34
263 49
264 29
265 29
266 49
267 29
268 0
269 34
270 49
271 34
272 49
273 49
274 49
275 49
276 29
277 34
278 49
279 29
280 49
281 33
282 33
283 29
284 0
285 49
286 49
287 29
288 29
289 34
290 29
291 29
292 49
293 49
294 29
295 29
296 49
297 29
298 0
299 49
300 49
301 29
302 34
303 49
304 49
305 29
306 49
307 49
308 49
309 29
310 49
311 33
312 29
313 29
314 49
315 34
316 34
317 49
318 49
319 49
320 29
321 49
322 34
323 34
324 29
325 34
326 49
327 33
328 49
329 0
330 29
331 34
332 33
333 29
334 29
335 29
336 34
337 29
338 34
339 49
340 49
341 29
342 29
343 49
344 34
345 49
346 33
347 49
348 49
349 33
350 49
351 34
352 29
353 29
354 49
355 29
356 49
357 49
358 49
359 29
360 8
361 29
362 29
363 29
364 34
365 29
366 49
367 0
368 49
369 29
370 49
371 29
372 34
373 29
374 49
375 49
376 34
377 49
378 34
379 49
380 0
381 29
382 34
383 33
384 49
385 49
386 49
387 34
388 0
389 49
390 49
391 49
392 49
393 33
394 49
395 29
396 49
397 29
398 49
399 8
400 0
401 49
402 34
403 34
404 34
405 34
406 29
407 29
408 29
409 29
410 29
411 29
412 29
413 49
414 49
415 29
416 33
417 29
418 34
419 29
420 49
421 34
422 49
423 34
424 29
425 49
426 29
427 1
428 34
429 29
430 49
431 29
432 29
433 29
434 49
435 49
436 34
437 49
438 33
439 49
440 34
441 49
442 49
443 29
444 0
445 34
446 49
447 34
448 29
449 29
450 29
451 33
452 49
453 49
454 29
455 1
456 0
457 49
458 41
459 34
460 29
461 29
462 29
463 41
464 29
465 29
466 29
467 34
468 49
469 29
470 49
471 29
472 33
473 33
474 34
475 29
476 29
477 29
478 49
479 29
480 49
481 34
482 49
483 34
484 29
485 49
486 33
487 49
488 34
489 49
490 29
491 0
492 29
493 49
494 33
495 29
496 0
497 33
498 29
499 29
500 0
501 49
502 29
503 49
504 34
505 29
506 49
507 49
508 34
509 29
510 0
511 29
512 49
513 49
514 29
515 49
516 49
517 29
518 29
519 29
520 29
521 34
522 33
523 49
524 49
525 34
526 49
527 49
528 33
529 29
530 33
531 29
532 0
533 49
534 34
535 34
536 49
537 29
538 29
539 33
540 34
541 49
542 29
543 33
544 49
545 29
546 34
547 8
548 29
549 34
550 29
551 49
552 49
553 0
554 34
555 34
556 34
557 29
558 29
559 34
560 29
561 29
562 34
563 49
564 34
565 33
566 0
567 49
568 29
569 49
570 33
571 49
572 29
573 49
574 49
575 29
576 0
577 49
578 29
579 33
580 41
581 29
582 34
583 49
584 49
585 0
586 0
587 29
588 0
589 49
590 49
591 29
592 49
593 49
594 49
595 29
596 29
597 49
598 34
599 49
600 49
601 29
602 33
603 0
604 49
605 49
606 29
607 29
608 29
609 49
610 29
611 29
612 29
613 49
614 29
615 33
616 29
617 49
618 34
619 33
620 49
621 29
622 49
623 49
624 33
625 29
626 34
627 33
628 34
629 49
630 49
631 33
632 49
633 34
634 49
635 49
636 49
637 33
638 29
639 33
640 33
641 33
642 33
643 49
644 49
645 33
646 49
647 34
648 34
649 34
650 0
651 49
652 49
653 49
654 33
655 49
656 33
657 33
658 34
659 33
660 33
661 33
662 34
663 33
664 34
665 33
666 34
667 49
668 34
669 34
670 33
671 33
672 33
673 33
674 34
675 49
676 33
677 0
678 33
679 33
680 33
681 34
682 33
683 33
684 0
685 33
686 33
687 49
688 33
689 34
690 49
691 33
692 49
693 49
694 34
695 34
696 34
697 34
698 33
699 49
700 49
701 0
702 49
703 49
704 0
705 33
706 34
707 33
708 29
709 0
710 49
711 49
712 33
713 33
714 0
715 33
716 34
717 33
718 33
719 33
720 49
721 0
722 49
723 49
724 33
725 33
726 33
727 33
728 34
729 33
730 33
731 33
732 34
733 33
734 34
735 33
736 33
737 33
738 34
739 33
740 33
741 49
742 33
743 33
744 33
745 34
746 33
747 34
748 33
749 33
750 33
751 33
752 33
753 33
754 34
755 34
756 33
757 33
758 34
759 0
760 0
761 33
762 0
763 33
764 33
765 33
766 33
767 34
768 0
769 33
770 33
771 34
772 34
773 0
774 34
775 33
776 33
777 34
778 34
779 33
780 34
781 33
782 0
783 0
784 0
785 41
786 33
787 33
788 33
789 33
790 0
791 33
792 33
793 33
794 34
795 41
796 34
797 34
798 0
799 34
800 33
801 33
802 34
803 49
804 33
805 0
806 0
807 33
808 33
809 0
810 34
811 33
812 34
813 34
814 33
815 0
816 33
817 34
818 34
819 33
820 33
821 34
822 33
823 33
824 33
825 33
826 33
827 33
828 0
829 34
830 33
831 0
832 33
833 34
834 33
835 33
836 33
837 0
838 33
839 33
840 33
841 33
842 33
843 33
844 33
845 33
846 34
847 41
848 34
849 33
850 34
851 33
852 41
853 33
854 41
855 49
856 34
857 34
858 33
859 33
860 33
861 33
862 33
863 33
864 33
865 34
866 33
867 34
868 34
869 33
870 33
871 34
872 34
873 33
874 33
875 34
876 33
877 33
878 33
879 34
880 0
881 33
882 33
883 33
884 33
885 33
886 33
887 33
888 33
889 33
890 33
891 33
892 34
893 33
894 41
895 34
896 33
897 33
898 33
899 34
900 34
901 34
902 34
903 41
904 33
905 34
906 34
907 41
908 8
909 34
910 8
911 34
912 41
913 41
914 0
915 41
916 41
917 1
918 41
919 33
920 41
921 34
922 41
923 41
924 41
925 33
926 41
927 41
928 41
929 41
930 41
931 41
932 41
933 41
934 41
935 41
936 41
937 41
938 41
939 34
940 34
941 8
942 41
943 8
944 41
945 41
946 41
947 41
948 41
949 41
950 41
951 41
952 0
953 41
954 41
955 33
956 41
957 41
958 0
959 41
960 41
961 8
962 41
963 41
964 41
965 0
966 33
967 41
968 41
969 41
970 8
971 41
972 41
run time cost of algorithm SM_CTP is 3.99989seconds
