1105650 170 38
700 41
98 25
126 9
226 25
277 25
278 25
54 25
295 25
341 25
348 25
42 41
82 41
465 25
13 34
471 25
482 25
526 25
539 9
580 25
589 34
20 34
570 25
105 25
185 25
254 34
298 25
15 25
49 41
378 9
466 25
397 25
429 25
439 25
329 41
431 25
463 25
414 41
617 41
91 9
470 25
170 25
672 25
669 25
651 25
646 25
335 41
282 9
6 25
649 25
594 9
600 25
266 25
243 25
194 9
545 25
547 25
403 25
316 25
299 25
317 34
318 9
285 25
451 25
637 41
635 34
271 25
258 34
592 25
351 41
366 9
679 25
690 25
608 25
84 25
350 25
675 25
670 25
64 41
427 25
167 25
233 9
363 25
29 34
342 41
487 25
95 34
156 41
530 25
36 34
405 34
228 41
168 25
135 41
120 25
602 25
312 6
506 25
513 41
253 9
562 34
269 25
256 9
546 34
260 25
60 25
111 25
56 9
287 34
164 34
609 25
611 9
345 25
622 41
234 25
440 25
638 25
131 34
662 25
261 34
106 34
107 41
556 25
241 25
586 41
284 25
294 25
237 25
17 25
473 25
458 41
138 25
128 8
437 41
215 25
189 9
444 41
200 41
375 25
388 41
636 41
123 41
73 25
593 25
313 25
252 25
566 34
288 25
114 25
533 41
536 25
273 41
523 9
553 34
160 25
575 25
625 9
627 25
633 34
118 6
447 41
643 25
415 9
208 34
504 25
148 25
534 9
503 25
538 25
498 25
480 25
249 25
92 25
330 25
382 41
174 41
446 25
0 34
300 25
413 9
698 9
212 25
88 25
450 34
591 41
680 25
59 41
186 25
19 25
683 41
577 9
145 25
314 37
491 25
689 25
511 25
191 9
306 41
304 41
543 25
43 25
483 9
358 41
472 25
581 34
469 25
588 25
467 25
381 25
125 25
242 34
644 25
217 25
443 9
424 25
357 41
607 25
501 25
151 25
579 9
247 41
654 25
652 41
392 25
578 41
62 25
449 25
621 25
353 25
355 41
604 25
157 25
455 25
240 25
541 34
165 9
632 41
532 9
27 25
195 6
364 41
31 25
454 34
557 34
263 41
97 37
640 25
55 34
180 25
93 25
422 25
110 25
507 25
688 25
412 9
490 25
4 9
362 37
72 41
628 25
184 9
77 25
154 6
386 25
9 41
80 25
645 41
68 37
441 25
438 25
436 25
416 25
433 41
340 25
409 25
610 34
687 41
561 25
102 34
502 25
682 25
406 25
328 34
161 41
326 41
149 9
616 41
576 41
47 9
618 25
346 25
393 25
7 9
485 41
389 41
244 9
276 41
478 41
380 41
301 25
552 34
595 25
384 34
57 25
371 25
139 25
119 34
560 9
61 25
647 25
529 25
394 41
571 34
493 25
334 25
248 9
331 41
274 41
398 25
435 25
83 25
32 41
122 41
370 25
428 25
448 41
143 25
568 6
338 41
418 41
150 25
432 25
16 9
421 34
30 41
28 25
163 41
685 25
674 25
521 9
134 25
376 9
417 25
565 34
488 41
684 41
336 34
216 25
198 25
549 25
153 41
297 25
563 41
26 41
178 25
434 41
697 25
537 25
497 25
207 9
476 25
309 25
2 41
85 41
492 25
89 41
45 25
262 25
267 25
368 25
1 25
196 9
305 25
379 25
38 9
499 34
514 34
661 37
694 41
695 25
162 25
3 9
187 9
257 34
347 25
25 25
671 25
681 25
231 25
468 41
583 9
230 25
40 25
34 25
229 25
410 25
181 25
693 25
96 34
289 9
395 25
655 9
442 25
525 8
344 25
46 9
203 25
494 41
519 25
408 25
188 25
117 34
192 25
112 25
108 41
133 25
308 34
204 25
270 9
90 41
239 41
426 25
81 25
665 34
33 25
177 34
489 41
22 25
53 25
94 41
69 25
509 25
11 25
41 25
369 34
676 41
76 41
387 25
673 41
383 41
459 41
52 25
290 25
183 25
516 34
510 25
327 25
606 25
12 25
236 25
116 41
477 41
218 34
373 34
121 25
137 25
99 25
456 34
666 25
377 25
51 25
227 25
551 34
65 25
544 41
399 34
324 41
35 9
209 25
66 41
311 41
531 34
268 25
79 34
508 25
691 9
650 25
323 25
259 25
190 25
520 41
225 25
598 34
374 41
464 25
605 41
70 41
171 25
246 41
245 25
255 41
629 34
124 25
496 41
677 25
104 41
615 9
658 25
528 25
193 25
265 25
325 25
359 41
518 34
522 25
548 25
686 25
572 9
582 25
175 25
50 25
223 25
48 9
361 34
512 9
109 25
474 34
75 34
515 25
319 9
597 41
213 25
67 25
74 25
420 37
179 25
624 34
559 9
453 9
235 41
322 25
219 41
396 25
692 41
356 34
211 9
129 41
660 41
585 41
423 37
584 41
663 25
205 25
310 9
280 25
349 25
696 34
452 10
307 25
141 34
24 41
78 25
517 25
642 41
115 9
425 9
8 25
641 41
365 41
461 41
100 25
664 25
339 41
214 25
130 25
337 25
14 25
303 9
71 25
152 34
37 9
21 41
407 25
542 9
573 9
222 25
540 9
555 25
221 9
550 25
495 41
279 25
619 41
614 9
612 34
391 41
401 25
272 34
400 41
291 41
590 41
475 37
5 41
567 25
596 25
224 34
599 37
146 25
372 41
631 41
462 25
667 41
430 34
564 25
147 8
264 9
155 41
281 25
197 41
484 41
486 41
302 41
445 34
142 25
159 41
176 25
275 25
558 8
500 34
333 9
58 34
39 25
136 37
293 25
535 34
699 25
385 41
343 41
630 25
332 25
390 9
367 25
402 41
220 25
411 25
283 9
524 25
315 25
199 9
321 25
23 25
457 25
87 25
10 25
232 37
169 25
206 41
173 25
653 25
354 34
527 41
648 25
479 41
569 25
352 25
639 41
132 34
574 41
286 41
634 41
103 25
166 41
140 41
44 25
238 25
18 41
601 25
678 9
158 41
250 25
620 41
113 25
668 25
251 25
623 41
505 25
172 41
460 25
202 34
201 41
626 25
587 41
404 25
657 25
360 25
419 25
182 25
296 41
292 34
210 25
613 41
86 25
63 41
603 25
320 41
127 41
144 34
659 41
101 41
656 25
481 25
554 34
run time cost of algorithm DRT_AG is 0.005698seconds
