3853600 120 55
0 29
1 34
2 29
3 29
4 29
5 34
6 29
7 29
8 29
9 29
10 29
11 29
12 29
13 29
14 29
15 29
16 29
17 29
18 29
19 29
20 29
21 29
22 34
23 29
24 34
25 29
26 34
27 34
28 29
29 29
30 34
31 29
32 0
33 0
34 29
35 29
36 34
37 34
38 34
39 29
40 29
41 0
42 29
43 29
44 34
45 29
46 29
47 29
48 29
49 34
50 34
51 29
52 34
53 41
54 29
55 29
56 29
57 34
58 34
59 29
60 34
61 29
62 29
63 34
64 34
65 29
66 29
67 34
68 29
69 29
70 29
71 0
72 29
73 29
74 34
75 29
76 29
77 29
78 34
79 34
80 34
81 34
82 34
83 29
84 34
85 29
86 34
87 34
88 34
89 34
90 29
91 29
92 29
93 29
94 34
95 29
96 29
97 34
98 29
99 29
100 29
101 29
102 0
103 34
104 29
105 34
106 0
107 0
108 29
109 29
110 29
111 29
112 29
113 34
114 34
115 29
116 34
117 34
118 0
119 34
120 0
121 29
122 29
123 29
124 29
125 34
126 34
127 34
128 34
129 29
130 29
131 29
132 34
133 34
134 34
135 29
136 34
137 34
138 34
139 29
140 29
141 34
142 29
143 29
144 29
145 34
146 29
147 29
148 34
149 29
150 0
151 34
152 29
153 29
154 29
155 29
156 0
157 29
158 34
159 29
160 0
161 34
162 34
163 0
164 34
165 34
166 29
167 34
168 29
169 29
170 29
171 34
172 34
173 29
174 34
175 29
176 8
177 34
178 34
179 29
180 41
181 34
182 34
183 29
184 29
185 34
186 29
187 29
188 29
189 34
190 29
191 29
192 29
193 29
194 34
195 0
196 0
197 29
198 29
199 29
200 34
201 29
202 0
203 34
204 29
205 34
206 29
207 0
208 0
209 29
210 29
211 29
212 29
213 34
214 34
215 29
216 0
217 0
218 29
219 34
220 29
221 29
222 34
223 29
224 8
225 34
226 8
227 41
228 29
229 29
230 29
231 29
232 34
233 29
234 29
235 29
236 34
237 34
238 29
239 29
240 29
241 29
242 29
243 8
244 29
245 29
246 29
247 29
248 29
249 34
250 29
251 29
252 34
253 29
254 34
255 29
256 0
257 34
258 29
259 34
260 34
261 29
262 34
263 29
264 29
265 0
266 34
267 29
268 29
269 29
270 29
271 29
272 41
273 34
274 34
275 0
276 0
277 29
278 29
279 29
280 29
281 34
282 29
283 29
284 29
285 34
286 29
287 29
288 29
289 34
290 29
291 34
292 34
293 34
294 29
295 29
296 34
297 29
298 29
299 29
300 34
301 34
302 34
303 34
304 34
305 8
306 29
307 34
308 29
309 29
310 34
311 34
312 29
313 34
314 34
315 34
316 29
317 41
318 0
319 29
320 29
321 34
322 0
323 0
324 29
325 29
326 0
327 29
328 34
329 29
330 29
331 29
332 34
333 34
334 29
335 29
336 29
337 34
338 34
339 29
340 34
341 29
342 29
343 29
344 41
345 34
346 29
347 29
348 29
349 29
350 0
351 41
352 34
353 29
354 34
355 29
356 0
357 29
358 29
359 34
360 29
361 34
362 29
363 34
364 29
365 29
366 34
367 29
368 41
369 34
370 34
371 34
372 34
373 29
374 29
375 41
376 29
377 29
378 29
379 41
380 41
381 29
382 34
383 0
384 41
385 29
386 34
387 34
388 34
389 41
390 34
391 34
392 29
393 34
394 34
395 0
396 34
397 34
398 0
399 41
400 34
401 29
402 34
403 34
404 41
405 34
406 34
407 34
408 34
409 29
410 34
411 34
412 41
413 34
414 0
run time cost of algorithm SM_CTP is 0.550164seconds
