219100 109 63
126 34
122 34
144 34
68 34
2 34
63 34
121 24
91 34
154 34
75 34
124 34
21 34
23 0
25 34
67 34
130 34
12 34
53 34
103 34
11 0
111 34
120 0
108 34
20 34
22 34
49 34
18 8
109 34
132 34
71 34
113 34
78 34
60 34
102 34
90 34
127 0
158 0
96 34
77 34
50 34
27 34
52 34
56 34
112 24
101 34
29 34
66 24
146 34
148 0
98 34
62 34
153 24
33 24
19 34
128 34
46 34
51 34
145 34
10 24
150 34
137 34
81 0
7 34
69 24
140 34
6 24
37 24
157 34
119 34
136 34
118 34
123 34
41 24
14 34
85 24
93 34
39 34
156 34
1 34
83 34
47 34
125 34
26 8
86 34
79 34
129 34
36 34
45 0
106 34
64 34
94 34
4 24
151 0
15 34
76 24
0 34
139 34
142 34
99 34
82 24
5 34
74 34
114 34
147 34
152 34
73 0
48 24
115 24
13 34
87 34
3 0
89 34
16 8
38 34
92 24
97 24
117 34
149 34
28 34
32 34
131 8
55 34
44 34
138 34
34 0
141 34
59 0
30 34
110 34
8 34
104 34
155 34
143 24
31 34
35 0
133 34
88 0
84 34
100 24
134 0
24 34
57 0
95 34
61 34
9 34
70 34
72 34
135 34
42 34
54 24
65 34
17 34
105 24
43 0
40 24
116 34
58 34
80 34
107 34
run time cost of algorithm DRT_BD is 0.015481seconds
