794250 104 63
113 34
197 34
203 34
192 0
180 34
309 0
119 0
7 0
104 34
563 34
411 34
20 34
236 34
541 34
242 34
0 34
536 0
412 34
400 34
519 0
41 34
460 34
145 34
316 34
1 34
50 0
556 34
436 34
509 34
469 34
92 34
499 0
572 34
165 0
336 41
451 34
447 34
177 34
442 34
347 34
166 34
423 34
369 34
561 41
410 34
387 34
62 34
381 0
207 34
482 34
74 34
215 0
524 34
46 34
162 34
320 0
567 34
5 34
268 34
61 34
296 34
565 34
384 34
178 0
314 34
11 34
158 34
317 34
419 34
168 34
330 34
25 34
147 34
135 34
144 34
4 34
128 34
512 34
506 34
502 34
480 34
228 34
233 41
437 34
274 34
276 0
59 34
88 0
68 34
473 34
370 34
280 0
105 34
8 34
368 34
148 34
327 34
505 34
325 34
196 34
253 34
467 34
319 34
103 34
434 34
270 34
140 34
81 0
133 0
446 0
428 34
205 34
338 34
476 41
382 34
93 34
116 34
483 34
258 34
397 41
367 41
153 34
530 34
533 34
534 34
551 41
543 34
328 41
345 34
310 34
254 34
334 34
335 34
226 34
82 34
379 34
576 34
211 34
444 34
240 34
130 41
507 34
96 34
550 0
163 34
161 34
44 41
109 34
516 34
405 0
340 41
131 34
3 34
504 34
257 34
350 34
260 34
173 34
570 0
33 34
571 34
16 34
198 34
67 34
249 34
366 34
394 0
503 34
273 34
107 34
514 34
10 34
100 41
264 34
295 34
426 34
35 0
432 34
331 34
182 34
174 34
132 34
53 34
262 34
277 34
531 0
496 34
339 34
456 34
193 34
454 34
398 34
101 34
189 34
241 34
38 34
55 41
399 41
286 34
344 34
465 34
492 41
69 34
301 34
285 34
548 34
169 34
549 0
494 34
282 34
86 34
231 34
97 34
386 34
472 34
66 34
28 34
564 34
441 34
219 34
458 41
124 34
12 34
65 34
85 34
552 34
477 34
403 0
238 34
251 34
478 0
291 34
167 34
49 34
64 34
142 34
259 34
98 34
255 41
39 41
102 0
486 34
359 34
90 34
154 0
218 34
110 34
450 0
80 34
284 34
283 34
574 34
52 34
329 34
224 0
171 34
558 0
318 34
511 41
547 41
37 0
484 34
427 34
559 0
470 34
542 34
146 34
164 34
278 34
358 0
212 34
298 34
377 34
380 34
490 34
312 8
94 41
311 34
487 41
357 8
501 34
261 0
175 41
390 34
79 34
24 0
360 0
553 34
376 34
191 41
112 34
263 34
117 0
152 34
352 34
343 34
58 34
159 0
433 34
76 34
156 34
513 0
294 34
525 34
300 34
202 34
540 34
371 34
555 34
409 34
22 0
170 41
114 0
355 41
452 34
489 34
243 34
204 34
479 41
246 34
522 34
250 0
118 0
121 34
378 0
539 34
518 41
223 0
392 41
417 41
221 34
57 34
341 0
267 41
60 41
557 41
272 34
453 34
289 0
457 34
292 41
526 34
364 41
229 34
322 41
30 34
332 34
393 34
222 34
425 34
126 41
430 34
172 34
448 34
545 34
566 34
326 41
471 41
554 41
232 34
227 34
353 34
362 34
351 34
252 34
535 34
31 34
127 34
115 41
265 34
125 8
237 34
9 34
373 34
508 41
560 34
275 0
307 34
200 0
18 34
21 41
181 34
305 34
190 0
463 34
521 0
78 34
439 8
315 34
36 41
73 34
139 41
546 0
372 34
42 34
179 41
217 34
337 34
500 34
356 34
151 34
354 41
183 34
51 0
48 41
365 8
568 34
466 34
389 34
141 0
271 34
308 34
321 34
108 41
485 34
157 34
323 34
149 34
29 34
47 0
120 34
407 41
106 0
361 34
537 8
17 34
155 34
23 34
99 41
245 34
346 34
176 41
385 34
19 41
349 34
214 34
510 41
302 34
208 41
77 0
440 34
498 34
95 34
220 0
374 34
13 0
520 0
143 41
523 34
421 41
26 41
290 41
435 41
375 0
138 41
281 34
449 41
495 41
234 0
493 0
63 0
2 41
363 8
15 41
429 34
431 34
269 34
266 34
287 34
461 34
443 0
136 34
422 34
34 34
575 41
475 41
244 34
455 34
420 34
488 34
248 34
72 34
188 34
415 34
235 34
395 41
416 41
71 0
43 34
210 41
184 34
515 34
122 34
388 34
194 8
14 34
445 41
6 41
288 41
186 41
195 41
247 0
342 34
532 34
408 0
137 34
185 0
538 34
414 34
413 34
464 0
201 34
391 34
256 0
75 41
462 34
459 34
123 34
569 34
481 41
404 41
527 34
306 34
40 34
562 34
111 34
209 34
32 0
383 34
303 0
544 41
333 34
468 34
474 0
70 34
324 34
84 0
129 34
491 41
573 0
528 41
293 34
187 0
230 41
401 34
54 41
225 34
134 34
27 34
89 34
304 34
150 34
299 34
45 34
424 41
279 34
56 41
239 34
406 34
517 34
206 8
213 34
402 41
216 34
199 41
348 34
396 0
418 0
91 41
297 34
438 8
160 34
497 34
529 8
313 41
83 34
87 41
run time cost of algorithm DRT_BD is 0.189576seconds
