2086400 170 40
365 25
378 25
256 25
430 25
404 25
405 34
409 25
85 25
8 25
545 9
72 25
280 25
284 25
61 25
56 25
290 25
470 25
44 25
41 25
298 9
299 25
192 25
300 25
514 25
326 25
177 41
213 25
169 25
225 25
526 25
382 25
31 41
529 25
566 41
235 25
503 25
239 25
446 9
498 25
268 25
489 25
485 25
574 41
479 25
66 25
536 25
500 25
190 25
120 25
364 25
445 25
143 25
462 25
363 25
332 9
226 25
238 41
474 25
331 25
494 41
568 25
275 25
345 25
306 25
392 25
458 25
481 25
114 25
246 25
130 25
174 25
109 25
166 25
281 25
522 34
577 25
473 25
411 34
28 25
547 25
502 25
341 34
105 41
358 25
534 25
110 34
490 25
450 34
424 9
99 25
25 25
325 25
391 25
414 41
493 25
453 25
144 34
6 25
91 25
147 25
250 25
82 25
562 25
361 25
434 25
310 25
496 25
480 25
285 41
26 25
362 25
132 25
413 25
288 25
209 25
208 25
415 25
117 25
531 25
515 8
558 34
47 25
352 9
435 25
425 25
23 25
418 25
203 25
115 25
252 9
184 25
291 25
181 41
349 25
15 25
427 25
80 34
538 25
357 25
330 25
492 25
141 25
95 25
441 25
96 34
440 25
564 9
556 25
195 25
185 41
570 25
422 25
111 25
179 25
14 25
4 25
83 25
323 25
266 41
508 25
142 25
146 41
194 25
423 34
457 25
156 41
151 25
506 25
76 25
507 25
20 25
393 25
549 25
286 25
63 41
375 25
277 25
550 25
214 25
79 41
388 25
264 41
386 25
150 41
444 9
1 25
127 25
138 25
565 25
447 9
118 25
528 25
287 25
432 25
539 25
372 25
196 25
442 41
122 25
533 25
328 25
74 25
433 25
276 25
510 25
463 25
471 25
137 25
148 25
227 25
30 34
175 25
523 41
521 34
170 25
135 25
312 41
360 41
491 25
212 25
220 25
429 25
348 25
396 25
314 25
162 41
39 25
251 25
163 34
155 25
369 41
149 25
355 25
272 25
62 25
368 6
65 25
16 41
509 25
43 41
68 25
283 25
242 41
278 41
13 9
454 25
551 41
486 6
199 25
153 25
394 25
178 25
223 9
488 25
78 25
303 25
401 25
21 25
81 25
543 41
87 25
18 41
215 25
94 41
410 25
428 41
469 25
537 41
530 34
70 25
222 41
548 34
465 41
57 25
420 9
370 34
575 25
334 25
124 41
75 25
182 41
73 41
336 41
359 25
572 41
221 41
240 25
282 41
571 25
36 9
54 41
417 9
504 25
159 41
200 25
464 25
186 25
478 25
59 25
183 25
106 41
245 41
518 25
139 25
337 25
172 25
188 25
353 25
546 41
389 25
17 25
244 9
305 25
466 41
449 41
339 41
234 25
456 41
258 41
333 25
161 25
202 25
259 34
90 41
294 25
265 25
472 41
216 41
541 25
431 25
5 25
525 25
154 41
512 41
10 41
34 25
311 34
304 25
136 25
134 25
133 25
51 9
210 25
295 41
279 25
113 25
261 25
399 41
255 25
77 25
224 25
517 25
92 25
102 25
236 25
98 25
443 41
350 9
400 9
460 25
60 41
119 25
211 41
554 34
206 25
48 41
46 25
387 25
561 41
319 41
7 41
467 25
519 25
451 9
373 25
101 25
171 25
329 34
468 25
11 41
289 41
42 25
476 41
340 25
342 34
140 25
103 41
367 25
219 41
112 41
116 25
128 25
532 41
121 38
327 41
3 41
322 25
205 25
29 9
218 38
366 25
32 25
231 25
232 34
324 25
313 25
97 41
191 25
302 41
248 41
459 9
254 41
296 41
483 9
553 9
145 25
436 41
412 25
383 41
197 9
438 25
93 25
37 25
501 41
201 41
398 41
379 25
316 41
164 25
217 25
131 9
377 25
516 25
578 41
230 41
419 25
573 9
263 41
33 25
439 41
257 25
253 41
50 25
499 25
397 25
173 41
347 25
374 25
84 25
540 25
107 34
104 25
125 41
535 25
152 25
461 41
346 25
160 41
338 41
168 25
53 34
176 25
193 41
309 41
247 25
563 41
262 34
273 9
89 9
55 34
123 25
356 9
100 25
552 25
527 41
165 25
511 6
233 25
402 34
301 25
560 25
297 41
19 9
421 25
58 25
576 41
271 41
380 25
204 9
524 25
267 9
229 25
237 9
88 25
27 25
495 34
477 41
71 25
249 34
86 25
544 41
45 41
567 41
416 41
559 34
158 34
274 34
426 34
108 41
207 41
376 25
315 25
167 25
381 41
180 25
189 41
187 41
555 41
318 25
52 37
403 37
64 25
484 25
69 25
228 41
343 25
505 25
406 9
157 25
307 25
129 41
408 41
260 25
371 25
269 25
455 25
270 9
452 25
487 25
49 41
126 25
241 41
292 25
437 41
22 25
448 25
344 34
24 41
67 37
321 25
569 34
385 38
475 25
35 25
320 25
317 9
513 25
557 41
198 25
308 37
38 41
243 25
40 25
407 41
354 9
395 34
390 41
497 25
293 37
520 25
335 41
351 41
384 25
542 34
12 25
9 25
482 41
2 41
0 41
run time cost of algorithm DRT_AG is 0.004705seconds
