565600 161 48
389 9
181 9
410 9
24 34
164 9
161 9
84 9
337 9
149 9
49 9
205 9
92 9
96 34
322 9
390 9
291 9
306 9
66 9
173 34
3 9
284 9
355 9
146 9
111 9
383 9
179 9
362 9
250 9
313 34
190 9
359 9
19 9
6 9
30 9
221 9
15 9
55 34
338 9
73 9
379 9
31 9
121 9
16 9
62 9
323 9
357 9
182 9
160 9
1 9
406 9
257 9
183 9
74 34
319 34
157 9
249 9
370 9
21 9
40 9
99 9
225 9
201 9
52 9
228 6
172 9
14 34
112 9
252 9
77 9
349 9
134 9
271 9
109 9
95 9
227 9
372 9
114 9
159 9
195 9
241 6
18 9
135 9
231 9
329 9
418 6
304 9
110 9
100 9
129 9
263 9
167 9
335 9
358 9
395 9
382 9
365 9
7 9
393 9
130 34
352 9
315 9
89 9
246 9
371 9
176 9
311 6
39 9
310 6
318 6
309 6
97 9
386 9
191 9
415 9
232 9
414 34
82 9
269 9
226 9
275 9
113 9
259 9
328 34
298 9
247 9
196 9
165 9
409 9
58 9
144 9
321 9
54 9
330 9
90 9
293 9
26 9
394 9
276 9
147 6
78 9
213 9
193 9
81 9
367 9
184 9
138 9
360 9
351 9
11 9
169 9
124 9
51 9
256 9
208 9
340 9
206 9
272 9
180 9
158 9
398 9
87 9
305 9
168 9
302 9
343 9
239 9
105 9
106 9
312 9
401 9
75 9
188 34
248 9
420 9
83 9
203 9
217 9
381 9
222 9
332 9
140 9
422 9
118 9
53 9
139 6
373 6
34 9
384 9
258 9
5 9
192 9
47 9
380 9
133 6
341 9
116 9
255 9
104 34
143 9
94 6
148 9
216 9
268 9
270 6
70 9
12 9
162 9
287 9
234 9
400 9
37 9
345 9
50 9
150 34
404 9
4 6
71 6
254 9
132 9
63 9
238 9
107 6
154 6
29 9
278 9
416 9
233 9
281 9
68 6
266 9
408 9
156 6
166 9
44 9
38 9
126 9
8 9
411 9
336 9
117 9
240 9
308 9
45 9
199 9
127 9
32 9
186 9
22 9
20 9
412 9
200 9
136 9
294 9
295 6
28 9
354 6
207 9
260 9
356 9
56 9
307 6
67 9
242 9
243 9
374 9
171 9
145 6
151 9
265 9
214 9
0 9
303 9
57 34
123 9
204 9
385 9
334 9
13 34
86 6
220 6
348 34
141 9
174 9
363 6
177 6
366 9
325 9
245 9
80 9
251 34
290 6
236 9
122 9
402 9
273 9
229 6
218 9
397 9
131 9
59 9
223 9
46 9
211 9
285 9
296 9
286 9
237 9
210 9
317 9
421 9
282 9
283 9
142 9
403 9
198 9
10 9
346 9
361 9
230 9
153 9
25 6
101 34
155 6
43 9
262 9
64 9
267 9
320 9
65 9
119 9
185 9
274 9
326 9
297 9
279 9
194 9
327 34
36 9
387 9
344 9
353 9
399 9
364 9
102 9
115 9
35 9
314 9
261 9
300 9
215 9
125 9
264 9
202 6
253 34
2 9
419 6
27 6
292 34
333 9
347 6
170 9
120 9
42 9
377 9
299 9
103 9
137 9
413 9
98 9
91 9
407 9
224 34
79 9
76 9
339 9
280 9
178 9
23 9
244 9
93 9
324 9
85 9
301 6
219 9
350 9
128 9
388 9
163 34
396 9
369 9
88 6
33 6
235 9
405 9
391 34
316 34
61 9
277 9
392 9
209 9
212 34
175 6
187 6
376 6
197 6
289 9
72 6
69 9
17 9
417 9
152 9
375 9
288 6
48 9
331 9
189 9
9 9
342 34
60 9
108 34
41 9
378 9
368 9
run time cost of algorithm DRT_AG is 0.002487seconds
