2895200 120 33
799 25
126 25
731 25
60 25
659 25
317 25
63 25
512 41
366 25
568 25
371 25
641 25
812 25
499 25
31 25
188 25
494 25
638 25
493 25
835 25
211 25
200 25
485 25
394 25
198 9
242 9
711 25
195 25
795 9
406 34
411 25
640 25
248 25
692 25
80 41
263 25
840 25
275 25
429 25
289 25
168 25
819 25
362 25
7 25
67 25
519 25
652 34
802 9
337 25
778 25
50 41
809 25
329 25
319 25
152 25
531 41
682 25
532 25
530 25
683 25
148 34
817 41
542 25
449 25
124 25
635 25
634 25
398 25
99 25
302 25
625 25
229 25
709 25
37 25
243 25
750 41
584 25
491 25
821 25
250 25
752 25
253 25
591 25
83 25
588 25
378 25
28 25
261 25
272 25
727 25
749 25
140 25
238 34
142 25
676 25
303 25
823 25
363 25
759 25
837 25
209 25
627 25
633 25
332 25
343 25
162 41
461 25
8 25
479 9
828 25
181 25
408 25
639 41
471 25
187 25
420 41
476 25
466 25
637 34
312 25
54 41
402 25
105 25
452 34
64 9
350 41
443 25
203 41
94 34
815 38
758 41
489 25
609 25
448 34
58 25
834 25
463 25
475 25
138 25
212 25
130 25
19 25
482 34
107 41
196 25
760 34
706 41
147 25
86 41
186 25
290 25
665 25
550 25
309 9
663 25
367 41
316 25
210 25
655 25
529 25
333 25
354 25
122 25
71 25
510 25
358 34
516 25
654 25
2 25
628 41
729 25
414 25
133 25
388 25
153 25
592 25
800 25
69 9
255 25
715 25
180 25
716 25
282 34
573 41
566 25
268 25
690 34
379 25
560 25
804 9
306 25
308 9
246 25
756 25
505 25
699 25
397 25
399 41
241 25
597 25
602 25
201 25
608 41
225 9
612 9
361 25
538 25
360 25
51 34
495 41
421 25
260 25
544 41
440 41
311 9
304 9
61 25
172 25
321 9
677 25
555 25
221 25
291 25
736 25
342 25
166 25
611 25
418 25
182 41
415 25
569 41
508 25
39 25
370 25
36 25
128 25
114 34
672 25
704 9
782 25
814 25
22 25
793 25
423 25
100 25
563 25
204 25
520 25
137 25
29 25
84 41
117 25
644 41
49 25
571 25
693 25
352 34
779 25
21 25
585 9
511 41
325 41
718 25
75 25
62 25
548 25
404 41
298 41
88 25
761 25
789 34
820 25
766 9
97 41
575 25
484 41
12 41
396 41
254 25
150 25
720 25
755 25
417 9
545 41
347 25
387 41
636 25
780 9
738 25
244 25
807 25
613 41
202 25
528 25
184 25
164 41
620 25
507 25
115 41
578 41
454 25
546 25
500 25
313 25
717 41
497 25
111 25
685 25
395 41
328 25
119 25
413 41
713 41
145 25
688 25
700 34
596 25
657 25
407 25
722 41
214 25
73 25
762 25
533 25
792 25
410 25
231 25
771 34
833 25
478 25
702 41
383 25
286 25
803 25
642 25
74 25
65 25
118 25
669 41
694 41
167 25
723 9
430 34
701 25
228 41
194 41
139 25
464 25
740 25
52 41
376 34
498 41
277 25
178 25
582 25
741 25
4 9
135 25
393 25
678 25
269 25
155 41
42 41
177 25
541 9
173 25
745 25
442 25
125 25
235 25
266 25
405 41
623 41
33 25
283 25
587 41
622 34
93 25
468 25
339 25
27 25
428 25
527 41
335 25
305 9
816 25
85 25
81 41
670 25
695 25
626 25
377 25
483 34
451 25
577 9
743 9
199 25
600 9
649 25
159 25
104 41
53 9
169 25
831 25
558 25
653 25
838 25
691 25
770 41
409 9
513 41
425 41
518 41
284 9
346 25
102 25
769 25
564 25
703 25
739 25
768 25
474 41
15 41
496 9
220 41
44 25
521 25
839 25
288 25
165 37
576 25
604 25
810 25
233 34
401 25
733 25
535 25
296 25
601 25
581 9
249 34
540 34
547 41
629 41
113 25
781 34
6 25
318 9
314 9
764 41
543 25
559 25
280 41
279 41
583 25
256 9
456 25
41 25
598 25
737 25
234 25
615 41
492 25
92 25
487 9
207 25
197 25
193 25
656 9
681 25
154 25
473 25
767 25
790 25
813 25
557 25
661 25
351 25
436 25
748 25
170 25
646 41
826 25
467 41
252 25
247 41
110 25
503 37
488 41
624 25
621 25
385 41
710 25
618 25
822 9
434 41
47 41
603 25
227 41
610 25
77 25
226 25
222 25
698 25
595 41
593 25
116 37
445 25
830 41
259 41
132 41
572 25
35 41
353 25
751 34
32 41
156 25
671 25
556 25
300 9
450 34
765 25
522 25
315 41
340 25
805 25
320 41
324 25
331 25
95 41
5 25
391 25
486 34
373 25
773 25
446 25
9 9
192 41
161 41
20 41
504 25
151 25
146 9
257 34
131 41
580 25
109 25
696 25
90 25
549 34
724 25
725 41
59 25
43 25
45 25
732 25
459 25
517 41
218 25
777 41
775 41
40 41
801 41
439 41
444 41
72 41
76 41
567 41
714 41
190 41
375 34
176 41
239 41
477 41
25 41
419 41
523 41
341 41
121 41
344 41
675 41
679 41
680 41
310 41
262 41
307 38
470 37
686 34
270 41
273 37
590 34
251 41
274 41
662 41
245 41
23 34
30 34
108 41
763 9
96 34
754 41
285 41
392 41
294 37
48 34
217 9
293 41
619 9
230 41
326 9
330 41
614 41
1 9
336 41
776 41
323 9
534 41
536 41
537 41
17 41
453 41
455 41
747 41
216 41
552 9
457 41
730 37
561 34
287 34
70 41
630 41
631 34
632 34
721 41
435 41
836 41
712 37
806 41
278 41
400 34
185 37
356 41
687 9
643 41
796 41
579 37
264 41
134 41
667 41
416 41
412 41
368 41
158 41
791 34
224 41
327 41
14 41
301 41
658 41
26 34
660 37
348 41
297 41
34 41
664 41
490 34
783 41
46 41
784 41
734 41
56 41
586 41
144 41
824 41
562 41
509 41
143 41
281 41
390 37
78 41
79 38
91 41
705 37
103 37
431 41
574 41
645 37
788 9
123 34
668 41
403 41
832 41
811 41
3 41
465 41
374 41
276 41
163 41
129 9
183 37
106 41
381 41
237 37
570 34
772 41
480 41
447 41
441 41
526 41
607 41
24 41
171 41
506 41
606 37
38 41
364 41
357 41
605 41
386 41
719 41
565 41
742 37
206 41
553 9
55 9
359 41
786 41
673 41
785 41
57 41
213 41
674 41
292 37
112 41
149 41
697 41
380 38
223 41
265 41
382 41
433 41
617 41
13 41
215 41
744 41
426 41
469 41
16 41
384 41
707 37
372 41
708 41
236 41
295 41
365 41
338 9
157 37
757 41
502 41
825 41
89 41
539 41
355 38
437 41
514 41
481 41
647 41
422 41
136 41
205 41
66 38
322 41
554 41
829 41
774 41
458 41
127 37
349 9
515 41
232 41
267 37
827 41
841 34
746 37
735 41
10 41
87 41
141 41
175 38
684 41
666 34
208 37
650 41
240 37
258 41
299 41
599 34
797 41
798 41
594 41
589 41
551 34
334 9
345 41
389 41
472 41
462 41
460 41
808 37
438 41
432 41
427 37
424 37
753 9
501 9
369 37
524 41
525 38
818 41
616 41
271 41
794 34
648 9
219 37
651 37
191 41
189 41
179 34
689 34
174 37
160 41
787 34
120 41
101 37
98 38
726 34
82 41
68 41
18 41
11 41
728 9
0 41
run time cost of algorithm DRT_AG is 0.00904seconds
