3765900 98 15
398 22
563 22
533 22
103 22
558 22
203 22
633 22
392 22
577 22
62 22
6 22
467 22
23 22
198 22
288 22
78 22
582 22
88 22
22 22
287 22
277 22
266 22
345 22
102 22
236 22
114 22
254 22
298 22
373 22
131 22
210 22
305 22
342 22
492 22
657 22
521 22
186 22
175 22
304 22
446 22
331 22
497 22
53 22
397 22
456 22
301 22
308 22
491 22
255 22
547 22
493 22
616 22
139 22
490 22
5 22
410 22
575 22
393 22
61 22
59 22
117 22
419 22
658 22
2 22
149 22
629 22
412 22
205 22
441 22
476 22
377 22
35 22
119 22
518 22
531 22
576 22
642 22
96 34
68 22
359 22
384 22
303 22
81 22
641 22
207 22
113 22
630 22
365 22
74 22
136 34
503 22
388 22
344 22
229 22
63 34
403 22
407 22
635 22
592 22
431 22
621 22
566 22
18 34
357 22
307 22
70 22
165 22
347 22
181 22
99 34
163 22
262 22
351 22
328 22
183 22
484 22
171 22
226 22
434 22
612 22
477 34
568 22
121 22
257 22
543 22
311 22
84 22
92 22
639 22
39 22
589 22
474 22
77 22
663 22
452 22
428 22
427 22
424 22
189 22
515 22
544 22
356 22
94 22
267 22
47 22
330 22
334 22
122 22
36 22
443 22
250 22
659 22
504 22
72 22
269 22
318 22
209 22
228 22
221 22
188 22
435 22
258 22
37 22
153 22
496 22
501 22
296 22
473 22
120 22
550 22
341 22
548 22
485 22
83 22
57 22
408 22
173 22
339 22
618 22
600 22
231 34
322 22
244 22
69 22
8 22
323 22
672 22
352 22
554 22
338 22
552 22
167 22
279 22
664 22
483 22
294 22
14 22
507 22
159 22
242 22
246 22
25 22
447 22
299 22
416 22
617 22
79 22
623 22
4 22
583 22
586 22
197 22
274 22
290 22
195 22
174 22
594 22
325 22
567 22
405 22
106 22
248 34
638 22
222 22
104 22
588 22
192 22
593 22
653 22
599 22
590 22
532 22
449 22
313 34
324 22
465 22
475 22
16 22
271 22
665 22
251 22
184 22
46 22
161 22
297 22
52 22
112 22
58 22
261 34
556 22
519 22
470 22
644 22
624 22
190 22
375 22
613 22
41 22
312 22
426 22
529 22
445 22
283 22
343 22
321 22
670 22
349 22
143 22
19 22
310 34
440 22
454 22
525 22
399 22
648 22
442 22
31 22
118 22
27 34
98 22
108 22
280 22
637 22
273 22
387 22
182 22
625 22
652 22
208 22
291 22
80 22
645 22
360 22
179 22
34 22
374 22
169 22
505 22
230 22
133 22
605 22
391 22
268 22
580 22
468 22
332 22
654 22
300 22
21 22
215 22
172 22
284 22
147 22
33 22
516 22
602 22
421 22
292 22
560 22
513 34
232 22
263 22
367 22
193 22
536 22
180 22
30 22
423 22
227 22
224 22
51 22
55 22
75 22
368 22
508 22
160 22
650 22
418 22
17 22
177 0
574 34
272 22
453 22
557 0
100 22
363 22
278 22
402 22
314 22
157 22
466 22
48 22
71 22
385 22
358 22
545 22
471 22
361 22
437 22
285 22
196 22
126 22
54 22
526 22
125 22
511 22
530 22
73 22
520 22
204 22
109 22
651 22
463 34
509 22
217 22
546 22
116 22
425 22
148 22
540 22
309 22
479 22
451 22
107 22
640 22
67 22
142 34
13 22
649 22
551 34
406 22
134 22
549 34
28 22
238 22
91 22
87 22
607 22
11 22
667 22
95 22
178 22
127 22
233 22
464 22
241 22
128 22
7 22
289 22
316 22
541 22
647 22
570 22
164 22
472 22
168 22
596 22
668 22
661 22
524 22
97 22
111 22
606 22
371 22
237 22
333 22
591 22
433 22
194 22
348 22
542 22
214 22
539 22
270 22
93 22
155 22
138 22
478 22
276 22
395 22
315 22
150 22
382 22
317 22
559 22
581 22
346 22
354 22
631 22
603 0
469 22
249 22
512 22
598 22
364 22
523 22
666 0
370 22
162 22
252 22
662 22
394 22
429 22
144 22
627 22
90 22
355 22
561 22
110 34
306 22
185 22
626 22
158 22
218 22
76 22
400 22
609 22
151 22
628 22
432 22
105 34
572 22
199 22
611 22
234 22
578 22
571 22
634 22
225 22
340 22
156 22
38 22
444 22
170 22
494 22
495 22
489 22
216 22
0 22
166 34
152 0
396 22
65 22
64 34
32 22
15 22
422 22
135 22
413 22
295 22
223 34
460 34
245 22
66 0
632 22
646 22
264 22
585 22
439 22
597 0
604 34
458 22
573 22
414 22
24 22
82 22
146 22
137 22
20 22
45 34
220 22
265 22
502 22
420 0
565 0
500 22
247 34
527 0
660 22
85 22
362 22
380 22
390 22
130 22
376 22
239 22
389 8
379 22
243 22
655 22
115 22
43 22
260 22
579 22
211 0
417 22
564 22
9 22
29 22
123 22
438 22
282 22
1 0
335 22
415 22
326 0
187 22
534 22
610 22
201 22
562 22
350 22
212 22
49 22
671 22
219 22
587 22
10 22
281 0
535 0
656 34
12 22
372 22
506 22
191 22
302 22
176 22
499 22
537 34
538 22
145 22
369 22
459 22
401 22
336 0
622 22
643 22
430 22
50 22
555 22
498 22
353 22
620 22
619 22
514 22
569 22
42 22
383 22
213 22
409 22
481 22
329 22
480 22
461 22
378 22
206 22
486 22
235 22
488 22
636 22
450 22
553 22
293 22
275 34
86 22
601 34
240 22
381 22
595 22
132 22
584 22
129 22
487 0
202 22
386 22
40 22
517 0
448 22
60 22
522 22
337 22
411 22
404 22
615 22
3 22
141 0
482 22
89 22
462 22
26 22
319 22
140 22
366 22
528 0
510 22
327 22
56 34
286 0
436 22
614 22
669 22
256 22
200 22
455 22
457 22
44 22
101 22
608 22
124 34
154 22
259 22
253 34
320 22
run time cost of algorithm DRT_BD is 0.301767seconds
