2801200 120 29
189 25
233 25
257 25
55 25
200 25
37 34
4 25
218 25
59 25
178 25
7 25
143 25
70 25
30 34
27 25
215 41
256 25
155 25
240 25
128 9
148 25
165 25
92 25
87 41
209 25
158 25
192 25
43 25
84 25
12 25
91 25
2 25
224 25
234 25
222 25
242 25
33 25
98 25
99 25
261 25
31 25
226 25
137 25
255 25
138 25
225 25
166 9
179 25
81 41
3 34
78 25
135 25
125 9
187 25
40 25
213 25
159 25
190 25
194 25
93 25
14 41
163 25
46 25
105 25
210 25
121 25
23 41
106 25
5 25
173 25
181 25
203 25
19 25
111 9
63 41
193 25
188 25
102 25
202 41
239 25
196 9
101 25
108 25
227 25
145 34
94 25
88 25
221 25
41 25
89 25
112 25
141 41
238 25
119 25
250 25
197 25
122 34
245 25
11 25
132 41
10 41
26 25
150 9
114 41
32 25
147 25
131 25
74 25
44 25
130 25
246 25
109 25
182 25
152 25
244 9
140 25
219 25
142 25
8 41
199 25
136 25
42 41
170 41
100 38
45 41
49 41
82 41
180 41
39 38
185 41
86 9
62 41
110 41
21 41
259 41
186 41
251 41
214 37
223 41
52 41
53 41
77 41
205 41
69 41
51 41
167 41
24 41
113 41
183 34
157 41
162 9
253 41
168 41
204 41
73 41
151 41
236 41
1 41
232 41
124 41
85 9
160 41
216 41
80 41
247 41
198 41
34 41
115 41
177 41
120 41
104 41
22 41
260 9
207 41
175 41
254 41
201 9
208 41
38 41
241 41
211 41
68 41
28 41
36 41
252 41
249 9
16 41
50 41
206 37
228 34
230 41
220 41
18 34
9 41
146 41
64 41
149 41
97 37
139 41
72 41
212 9
123 25
118 41
96 41
176 41
60 41
0 41
56 9
107 41
235 41
169 41
191 41
184 41
103 41
117 41
79 41
17 41
35 41
127 41
67 41
58 41
116 41
15 41
57 9
243 41
95 37
248 41
71 41
54 41
237 9
20 41
217 41
48 41
66 41
153 41
61 41
134 34
133 34
129 9
25 41
144 41
65 37
76 41
258 41
6 41
154 41
164 41
83 41
126 41
90 9
229 41
75 41
13 41
231 41
47 41
172 41
174 41
171 41
161 41
195 41
156 41
29 41
run time cost of algorithm DRT_AG is 0.000984seconds
