5394000 120 60
0 34
1 29
2 29
3 29
4 29
5 34
6 29
7 29
8 29
9 29
10 29
11 29
12 34
13 29
14 29
15 29
16 29
17 29
18 34
19 34
20 29
21 29
22 29
23 34
24 29
25 34
26 29
27 29
28 34
29 29
30 34
31 29
32 34
33 29
34 34
35 29
36 29
37 29
38 29
39 29
40 34
41 29
42 29
43 34
44 29
45 29
46 34
47 29
48 29
49 34
50 34
51 29
52 29
53 29
54 0
55 29
56 34
57 29
58 29
59 29
60 34
61 34
62 29
63 34
64 34
65 29
66 29
67 29
68 29
69 29
70 34
71 34
72 34
73 29
74 34
75 29
76 29
77 34
78 29
79 29
80 0
81 34
82 29
83 29
84 29
85 29
86 29
87 34
88 29
89 34
90 29
91 29
92 34
93 29
94 34
95 29
96 34
97 34
98 34
99 29
100 0
101 29
102 29
103 29
104 34
105 29
106 29
107 34
108 34
109 29
110 34
111 29
112 0
113 34
114 29
115 34
116 29
117 29
118 29
119 29
120 29
121 29
122 34
123 34
124 34
125 34
126 29
127 29
128 29
129 29
130 29
131 29
132 41
133 34
134 29
135 29
136 34
137 0
138 29
139 29
140 34
141 29
142 41
143 34
144 29
145 41
146 29
147 34
148 29
149 29
150 29
151 34
152 29
153 29
154 29
155 29
156 34
157 34
158 29
159 34
160 29
161 34
162 29
163 29
164 34
165 29
166 29
167 8
168 34
169 29
170 34
171 29
172 29
173 29
174 29
175 34
176 34
177 29
178 34
179 34
180 29
181 0
182 0
183 0
184 34
185 29
186 34
187 29
188 34
189 29
190 29
191 29
192 41
193 29
194 34
195 34
196 41
197 29
198 29
199 29
200 0
201 29
202 0
203 29
204 34
205 34
206 0
207 34
208 34
209 34
210 41
211 29
212 0
213 34
214 34
215 29
216 29
217 34
218 34
219 29
220 0
221 29
222 29
223 0
224 29
225 29
226 34
227 29
228 29
229 29
230 29
231 41
232 29
233 0
234 29
235 29
236 29
237 29
238 29
239 29
240 0
241 29
242 41
243 29
244 29
245 29
246 34
247 41
248 34
249 29
250 29
251 41
252 34
253 29
254 34
255 29
256 0
257 29
258 29
259 29
260 29
261 34
262 29
263 29
264 29
265 34
266 34
267 29
268 29
269 29
270 34
271 34
272 29
273 29
274 29
275 41
276 34
277 29
278 34
279 0
280 34
281 29
282 29
283 29
284 29
285 29
286 29
287 41
288 29
289 29
290 29
291 41
292 29
293 29
294 29
295 29
296 29
297 29
298 29
299 34
300 34
301 29
302 29
303 0
304 29
305 34
306 34
307 29
308 34
309 29
310 29
311 29
312 34
313 34
314 29
315 29
316 29
317 34
318 0
319 29
320 34
321 29
322 34
323 34
324 29
325 29
326 34
327 34
328 29
329 34
330 29
331 34
332 29
333 29
334 29
335 34
336 29
337 34
338 29
339 0
340 29
341 29
342 34
343 29
344 34
345 29
346 29
347 29
348 29
349 29
350 29
351 29
352 29
353 34
354 29
355 34
356 29
357 29
358 0
359 34
360 41
361 34
362 29
363 29
364 34
365 29
366 29
367 29
368 29
369 29
370 29
371 29
372 29
373 29
374 34
375 34
376 34
377 29
378 29
379 34
380 34
381 34
382 29
383 34
384 29
385 29
386 0
387 34
388 34
389 29
390 29
391 29
392 34
393 34
394 34
395 29
396 34
397 41
398 34
399 29
400 41
401 34
402 34
403 34
404 34
405 41
406 34
407 34
408 34
409 34
410 34
411 34
412 34
413 34
414 34
415 34
416 29
417 34
418 34
419 34
420 41
421 34
422 34
423 41
424 41
425 34
426 34
427 41
428 41
429 34
430 34
431 34
432 34
433 34
434 34
435 41
436 0
437 34
438 34
439 34
440 34
441 41
442 34
443 34
444 0
445 34
446 34
447 34
448 34
449 34
450 29
451 34
452 34
453 34
454 41
455 34
456 41
457 34
458 34
459 41
460 34
461 34
462 34
463 34
464 34
465 41
466 34
467 41
468 34
469 41
470 34
471 34
472 34
473 34
474 34
475 34
476 34
477 34
478 0
479 34
480 34
481 41
482 8
483 41
484 34
485 34
486 34
487 34
488 41
489 34
490 34
491 34
492 34
493 41
494 34
495 34
496 41
497 34
498 41
499 41
500 41
501 41
502 41
503 41
504 41
505 41
506 34
507 29
508 34
509 41
510 41
511 41
512 41
513 41
514 41
515 41
516 41
517 0
518 41
519 41
520 34
521 41
522 41
523 41
524 41
525 41
526 41
527 41
528 41
529 41
530 8
531 8
532 41
533 41
534 41
535 41
536 41
537 41
538 41
539 41
540 41
541 41
542 41
543 8
544 41
545 41
546 41
547 41
548 41
549 41
550 34
551 8
552 41
553 0
554 8
555 41
556 41
557 8
558 8
559 8
560 0
561 8
562 8
563 41
564 41
565 41
566 41
567 41
568 41
569 41
570 41
571 41
572 41
573 41
574 41
575 8
576 41
577 41
578 41
579 41
580 41
581 41
582 8
583 8
584 41
585 41
586 41
587 0
588 41
589 8
590 8
591 34
592 41
593 41
594 41
595 8
596 41
597 41
598 8
599 41
600 41
601 41
602 41
603 41
604 41
605 41
run time cost of algorithm SM_CTP is 1.24644seconds
