1529600 109 68
0 34
1 34
2 34
3 0
4 34
5 34
6 34
7 34
8 34
9 34
10 34
11 34
12 34
13 34
14 34
15 34
16 34
17 0
18 34
19 34
20 34
21 34
22 41
23 0
24 34
25 34
26 34
27 34
28 41
29 41
30 41
31 34
32 41
33 34
34 34
35 34
36 34
37 34
38 34
39 34
40 34
41 34
42 34
43 0
44 0
45 34
46 34
47 34
48 34
49 34
50 34
51 34
52 34
53 34
54 34
55 34
56 34
57 1
58 34
59 34
60 34
61 34
62 34
63 34
64 41
65 34
66 34
67 0
68 0
69 34
70 34
71 0
72 34
73 34
74 34
75 34
76 34
77 24
78 34
79 34
80 0
81 34
82 0
83 34
84 34
85 34
86 34
87 34
88 34
89 34
90 34
91 34
92 34
93 34
94 34
95 34
96 34
97 34
98 34
99 34
100 34
101 34
102 41
103 34
104 34
105 34
106 34
107 34
108 34
109 34
110 34
111 34
112 41
113 34
114 34
115 34
116 34
117 34
118 34
119 41
120 34
121 34
122 34
123 41
124 0
125 41
126 8
127 34
128 34
129 34
130 0
131 34
132 41
133 34
134 34
135 34
136 41
137 34
138 34
139 0
140 41
141 34
142 34
143 41
144 34
145 34
146 34
147 34
148 41
149 34
150 34
151 34
152 41
153 34
154 41
155 34
156 41
157 34
158 0
159 41
160 34
161 41
162 34
163 34
164 34
165 34
166 0
167 41
168 34
169 34
170 34
171 41
172 34
173 34
174 34
175 34
176 41
177 34
178 34
179 0
180 41
181 41
182 34
183 41
184 34
185 34
186 41
187 41
188 41
189 24
190 34
191 34
192 34
193 34
194 34
195 34
196 34
197 41
198 34
199 24
200 34
201 41
202 34
203 34
204 34
205 34
206 41
207 34
208 34
209 34
210 34
211 34
212 34
213 34
214 34
215 41
216 34
217 34
218 34
219 34
220 34
221 34
222 34
223 34
224 34
225 34
226 34
227 41
228 0
229 34
230 34
231 41
232 41
233 34
234 34
235 34
236 41
237 34
238 34
239 0
240 34
241 34
242 34
243 41
244 34
245 34
246 34
247 41
248 24
249 34
250 34
251 34
252 41
253 34
254 0
255 34
256 34
257 41
258 34
259 34
260 34
261 41
262 34
263 0
264 34
265 34
266 41
267 34
268 34
269 34
270 34
271 34
272 34
273 41
274 34
275 41
276 41
277 34
278 34
279 34
280 41
281 34
282 24
283 34
284 34
285 34
286 34
287 41
288 34
289 34
290 0
291 34
292 34
293 34
294 41
295 34
296 24
297 34
298 41
299 34
300 24
301 41
302 0
303 41
304 34
305 41
306 41
307 34
308 34
309 41
310 0
311 34
312 0
313 41
314 34
315 41
316 41
317 41
318 41
319 34
320 41
321 34
322 41
323 34
324 41
325 34
326 34
327 34
328 34
329 34
330 34
331 34
332 34
333 41
334 34
335 41
336 24
337 34
338 41
339 34
340 41
341 34
342 34
343 41
344 41
345 0
346 34
347 34
348 41
349 34
350 41
351 34
352 34
353 41
354 34
355 34
356 41
357 24
358 34
359 0
360 34
361 41
362 34
363 34
364 34
365 41
366 34
367 41
368 34
369 41
370 41
371 41
372 34
373 34
374 34
375 41
376 34
377 34
378 34
379 34
380 41
381 0
382 24
383 34
384 41
385 34
386 34
387 34
388 34
389 34
390 34
391 34
392 34
393 24
394 34
395 34
396 34
397 41
398 41
399 34
400 34
401 41
402 34
403 34
404 34
405 34
406 24
407 41
408 34
409 25
410 41
411 34
412 34
413 0
414 34
415 34
416 0
417 34
418 34
419 34
420 41
421 34
422 34
423 34
424 34
425 41
426 34
427 34
428 41
429 41
run time cost of algorithm SM_CTP is 0.701386seconds
