10079200 170 17
469 25
92 41
764 41
695 9
414 25
349 25
818 9
821 25
788 25
9 25
1 41
557 25
522 34
517 25
849 25
348 25
327 25
338 25
296 25
322 25
546 25
86 25
834 25
515 25
266 25
269 25
325 25
828 9
388 25
208 34
381 34
145 25
715 34
622 41
276 41
621 25
781 25
231 25
731 25
84 9
835 25
20 25
65 25
497 25
509 25
812 25
537 9
657 25
790 25
525 25
340 41
236 25
476 25
169 25
560 9
811 25
304 25
100 25
632 25
699 25
295 41
76 25
122 25
724 25
673 25
413 25
625 25
586 41
528 25
663 25
734 25
494 25
670 25
853 25
457 25
420 25
341 25
684 25
260 41
130 25
278 25
72 25
588 25
182 25
819 25
805 9
190 25
360 41
209 25
722 25
35 25
246 34
554 25
738 9
516 25
589 25
831 25
780 25
183 25
800 41
432 41
418 41
129 41
425 9
789 41
191 34
652 41
224 9
178 41
323 34
8 41
485 41
152 41
558 41
455 41
174 41
725 9
698 41
7 41
105 41
631 41
398 41
826 41
454 41
172 41
666 41
58 41
164 41
563 41
547 41
6 41
39 41
54 41
723 41
611 41
198 41
772 41
716 41
713 34
575 41
46 41
239 41
562 41
616 41
430 41
719 34
298 41
495 41
235 41
732 41
462 41
583 37
757 34
823 41
328 34
344 41
565 41
353 41
363 9
474 34
596 41
548 34
606 41
273 41
482 41
623 41
248 37
51 41
93 41
792 41
653 9
519 41
387 41
30 41
293 37
288 41
238 41
48 41
629 41
628 41
850 41
443 41
523 41
423 41
136 41
720 34
682 41
839 41
94 41
355 9
373 41
771 41
79 41
852 37
275 41
435 9
434 41
139 41
245 41
700 37
17 37
762 37
487 37
380 38
639 34
184 34
159 37
444 37
433 34
247 34
241 37
121 38
202 34
201 38
371 38
658 37
154 37
334 37
814 38
24 37
601 41
529 37
690 37
357 34
181 38
844 37
131 37
68 34
34 9
702 38
619 37
691 37
726 38
451 37
81 37
496 37
42 38
207 37
417 37
552 37
228 37
45 38
29 37
384 37
445 37
693 37
613 9
644 37
733 9
112 37
166 34
744 37
175 37
96 34
337 34
499 37
173 37
502 37
427 37
222 37
234 37
268 37
689 38
479 37
555 37
584 37
287 38
846 37
13 37
210 38
339 37
411 37
331 37
193 37
710 37
685 38
492 37
140 34
540 37
646 37
567 38
602 34
620 37
354 37
262 37
285 37
281 37
665 37
114 38
289 37
389 37
329 37
544 37
766 38
807 34
14 37
568 37
797 37
5 37
543 37
16 37
382 38
233 38
626 38
158 37
106 37
227 37
374 37
37 37
242 37
306 34
582 38
162 37
484 37
778 37
403 34
170 37
52 37
765 37
53 38
156 37
638 38
832 34
816 37
817 38
64 38
324 37
277 37
415 9
161 38
624 37
718 37
199 38
532 37
648 37
206 9
223 38
303 37
244 37
576 38
598 37
101 38
215 34
472 37
822 37
820 9
406 34
421 37
806 37
97 37
561 37
830 37
556 38
167 37
124 38
410 9
229 37
551 9
486 38
399 37
590 34
292 37
585 37
501 37
119 37
721 37
530 38
253 38
767 37
643 37
280 38
104 37
815 34
249 34
203 38
593 37
359 34
566 38
180 34
845 38
342 34
128 38
386 37
272 37
232 38
741 37
508 37
369 9
468 38
127 38
19 37
332 37
321 38
707 34
463 37
192 34
717 37
795 34
397 38
416 34
310 38
351 38
756 37
749 37
15 34
185 38
708 38
843 38
358 37
439 38
307 38
146 34
302 37
573 38
465 37
786 37
326 37
160 34
333 37
141 34
142 37
118 38
471 38
392 34
441 9
61 37
774 37
125 37
687 37
134 34
539 34
791 37
291 37
769 37
49 38
810 34
504 34
559 36
630 34
580 34
396 37
110 37
153 38
197 34
70 37
656 37
579 38
804 37
168 37
591 34
271 37
60 37
274 38
155 37
438 37
195 9
200 34
825 37
634 37
3 38
78 37
692 38
493 34
706 37
481 37
758 38
177 38
446 38
258 37
607 37
813 37
577 37
407 34
98 37
71 34
703 37
473 37
376 34
317 37
796 34
538 34
165 34
117 38
614 34
667 34
214 34
59 38
21 38
600 34
478 34
196 34
642 9
150 34
395 38
394 34
346 34
833 38
12 34
426 34
759 34
311 34
458 34
312 34
179 38
120 34
651 9
264 34
727 34
393 34
372 34
770 38
383 34
467 34
378 9
470 34
447 38
511 34
541 38
437 38
599 34
605 34
408 34
633 9
785 34
636 9
263 34
282 38
668 34
188 33
739 34
82 38
489 38
569 9
243 34
75 38
347 34
95 34
57 9
409 34
254 38
649 34
592 33
436 34
225 34
442 34
318 34
581 33
448 34
41 38
137 9
763 34
320 34
794 9
335 34
753 34
837 34
740 9
505 24
507 36
77 34
655 34
314 34
647 34
609 38
477 34
132 34
701 34
513 34
452 34
671 34
783 8
144 9
574 38
294 34
143 34
424 38
466 34
549 9
809 34
138 34
784 34
650 38
640 34
782 34
18 34
751 38
491 34
352 34
704 34
490 33
390 34
637 34
404 38
102 38
33 38
460 34
55 34
308 33
365 34
669 38
89 34
123 34
315 34
847 34
330 38
840 34
527 34
305 34
356 34
375 34
572 34
148 34
66 34
336 34
205 34
261 34
550 38
798 34
313 33
362 34
777 33
680 9
612 34
801 34
709 34
697 34
802 34
309 34
827 34
787 34
775 34
531 34
696 34
252 38
204 33
267 34
419 34
221 34
803 34
793 34
617 38
768 34
750 38
534 34
659 33
737 34
824 38
80 34
526 34
26 33
109 34
36 33
157 34
40 34
400 34
431 34
111 34
213 38
752 38
475 34
402 25
74 41
779 38
316 34
498 34
851 34
286 34
748 34
44 34
608 34
10 34
773 34
578 34
265 38
848 34
350 34
343 34
297 34
518 38
683 34
674 34
681 34
250 34
38 34
147 34
688 34
56 32
367 34
28 34
754 9
661 34
760 38
524 33
23 38
594 34
270 34
627 34
729 34
237 38
126 34
597 24
171 34
635 34
746 34
503 38
603 34
610 34
604 34
43 34
88 34
587 34
449 34
230 34
116 34
83 34
240 34
25 34
510 34
300 33
319 34
520 34
694 34
533 34
69 34
730 34
660 38
405 34
428 34
32 34
705 38
422 34
345 33
728 34
841 34
571 34
107 38
27 33
645 38
429 34
535 33
220 33
256 34
50 34
735 34
279 34
379 38
570 34
743 34
440 9
838 34
364 34
542 34
62 38
368 34
401 33
67 38
450 34
456 9
677 9
672 34
0 34
761 38
747 34
483 38
47 38
808 34
736 34
63 38
453 34
194 34
799 34
377 34
836 38
219 34
284 34
103 34
22 34
678 34
218 24
217 34
176 34
99 34
686 33
712 33
366 34
115 34
385 34
755 34
226 33
480 34
461 34
11 34
776 34
711 34
113 38
212 38
108 34
133 33
255 34
615 34
618 38
257 34
91 34
2 34
464 34
488 34
745 34
216 38
391 33
545 38
186 9
149 38
512 38
679 34
4 34
151 34
641 38
299 33
459 34
842 38
87 34
521 34
654 34
31 34
536 38
370 24
553 34
500 9
564 34
595 38
189 34
361 34
187 24
662 34
664 34
676 34
73 24
211 34
135 34
90 38
506 34
290 9
675 34
251 34
742 34
829 33
412 34
514 34
85 34
163 34
301 34
283 38
714 38
259 38
run time cost of algorithm DRT_AG is 0.008499seconds
