1543600 104 68
98 34
448 34
454 34
485 34
250 34
254 34
265 34
221 34
238 34
162 0
273 34
330 34
471 34
277 34
416 34
320 34
136 34
326 34
466 34
419 34
20 34
235 34
159 34
10 34
129 34
357 34
212 34
458 34
260 34
29 34
482 34
217 34
106 34
386 34
268 34
410 34
358 34
391 34
30 41
393 41
8 34
457 41
403 34
68 0
13 34
170 34
383 34
272 34
297 0
24 41
414 34
227 34
468 34
418 34
236 34
234 34
53 34
376 34
97 34
456 34
215 34
149 34
102 34
443 34
2 34
438 34
79 34
428 34
361 34
327 0
437 34
241 34
472 34
396 34
398 34
75 41
128 34
11 41
433 34
225 34
469 34
246 34
82 34
310 34
389 34
48 34
387 0
286 34
423 34
461 34
52 41
379 34
191 34
216 34
381 34
145 34
65 34
255 34
147 34
16 34
292 41
368 34
70 34
34 34
26 34
206 0
239 34
229 34
121 34
119 41
426 34
63 34
171 34
353 34
19 34
385 34
219 34
180 34
351 0
152 41
251 34
193 0
347 34
247 0
262 34
271 34
364 34
91 34
25 34
165 34
154 34
85 34
276 34
434 34
175 34
275 41
116 34
115 34
322 41
54 34
185 34
256 34
160 34
51 41
413 34
61 34
407 34
249 34
344 34
120 34
394 34
110 34
263 34
163 34
109 0
174 34
100 34
172 34
298 34
183 34
408 0
182 34
325 34
178 34
187 0
57 34
465 34
356 34
231 34
392 34
228 34
267 34
481 34
60 8
4 34
90 34
424 34
88 34
293 34
470 34
78 34
181 0
294 34
203 34
123 34
319 41
323 41
134 34
125 34
244 34
400 34
316 41
22 34
200 34
117 34
295 34
382 34
105 34
103 34
373 34
435 34
480 34
425 0
270 34
486 0
36 34
446 34
335 0
401 34
405 41
342 0
440 0
114 41
150 34
45 34
214 34
337 34
0 34
311 34
77 34
484 34
210 34
64 34
223 34
478 34
135 0
332 41
411 0
261 34
158 34
93 34
333 34
380 34
15 34
334 34
371 0
432 34
367 41
467 34
41 41
348 34
291 34
266 34
151 34
451 34
199 34
232 34
9 34
157 41
184 34
58 34
259 34
208 34
67 34
343 41
196 34
296 34
194 34
144 41
340 34
338 34
281 34
303 0
179 34
475 34
315 34
1 34
264 34
73 34
76 34
226 34
205 34
59 8
417 34
84 41
279 34
300 34
253 34
17 34
370 34
42 0
288 34
18 41
445 41
449 34
153 34
21 34
462 34
487 34
74 34
483 34
81 41
388 41
86 8
201 34
124 34
32 41
71 0
431 41
55 0
56 41
202 34
14 34
274 41
406 34
331 34
209 34
318 34
166 34
350 41
218 34
3 34
312 34
283 0
156 34
5 34
479 34
12 0
197 34
242 34
339 34
161 34
453 34
167 8
450 34
415 34
43 34
439 34
328 41
441 34
442 34
37 34
304 41
66 41
455 34
313 34
112 41
118 34
421 0
306 41
336 34
137 34
27 34
222 34
287 34
359 41
148 34
289 34
113 34
447 41
122 34
346 34
195 34
309 34
33 41
248 34
314 34
47 41
420 34
369 34
155 34
69 34
80 34
6 34
83 34
95 34
35 34
142 34
132 34
245 0
220 34
44 34
31 41
302 41
459 34
308 41
140 34
463 34
87 34
188 34
169 34
94 0
362 34
427 41
352 34
46 34
363 34
282 34
324 34
422 34
366 34
252 34
131 41
444 34
243 34
290 34
164 41
429 34
329 34
395 34
111 41
72 34
204 34
168 41
224 41
99 34
126 41
40 34
372 34
285 34
143 34
23 34
176 41
39 41
173 41
237 34
257 34
108 34
139 34
404 34
402 34
360 34
354 34
50 34
280 34
377 34
89 34
317 0
341 34
133 34
190 41
258 34
430 34
213 34
104 34
365 34
186 34
477 34
460 34
412 41
269 34
378 34
345 34
198 41
374 41
278 41
384 34
240 34
349 34
211 41
146 34
107 34
452 34
138 34
7 0
321 34
141 8
28 34
96 41
207 34
390 34
177 34
409 41
233 8
397 34
127 34
307 8
464 41
299 34
130 34
62 34
92 34
230 34
473 34
474 34
301 41
476 34
284 34
38 41
49 34
189 34
375 34
101 34
305 34
192 34
355 34
436 34
399 34
run time cost of algorithm DRT_BD is 0.148331seconds
