1967000 161 53
400 9
403 9
9 9
422 9
200 9
179 9
20 9
269 9
144 34
273 9
371 9
33 9
63 9
214 9
325 9
54 9
15 9
18 9
272 34
419 9
320 9
82 9
355 9
210 9
147 9
32 9
267 9
316 9
288 9
151 9
268 9
235 9
381 9
372 9
271 9
351 9
383 9
278 9
65 6
43 9
404 9
409 9
300 9
83 9
398 9
260 9
377 9
315 9
105 9
342 9
48 9
120 9
358 9
53 9
160 9
140 9
251 9
40 9
22 9
24 6
305 9
127 9
56 9
49 6
135 9
61 6
338 9
229 9
87 9
84 9
34 9
348 9
294 9
239 9
332 6
205 9
168 9
386 9
221 6
50 9
292 6
290 6
345 9
189 6
335 34
46 9
349 9
141 9
35 9
201 6
216 9
75 9
207 6
138 9
289 6
78 9
178 9
134 9
88 9
128 9
124 6
145 9
418 9
375 9
399 34
410 9
328 9
382 9
230 9
193 9
293 6
307 9
217 9
7 9
118 6
155 6
74 9
176 9
280 9
8 34
357 6
218 9
6 9
45 9
295 9
364 9
411 6
94 6
341 9
321 9
13 9
417 9
367 9
69 6
66 9
330 9
401 6
225 9
164 6
374 9
102 9
182 9
291 9
233 9
327 9
245 6
302 9
25 6
420 9
44 6
198 9
113 6
303 9
219 6
175 6
242 9
72 9
186 9
149 9
196 6
52 9
111 9
103 9
234 9
369 9
331 9
194 6
59 9
166 9
68 9
313 9
73 9
392 6
379 6
318 6
363 9
255 6
231 6
323 6
42 9
285 9
319 9
317 9
204 9
365 6
112 6
148 9
183 9
10 9
41 9
137 9
287 9
413 9
184 6
161 6
266 9
360 9
380 9
344 6
181 9
283 6
223 9
359 9
190 9
376 9
11 6
90 9
107 9
14 9
250 9
67 9
298 9
395 6
263 34
384 9
388 6
100 9
227 9
350 9
19 9
370 9
85 6
156 10
108 9
286 6
244 9
97 6
378 9
310 9
57 9
211 6
62 34
252 6
89 6
261 6
352 9
129 9
185 9
3 6
238 9
157 9
311 9
394 9
256 9
279 9
26 9
356 9
195 9
71 9
95 9
131 9
187 9
143 6
1 9
343 9
202 34
326 9
366 9
146 9
121 9
158 34
414 6
191 9
387 10
16 6
153 9
150 9
64 6
361 9
21 9
139 9
270 9
347 6
424 9
346 6
142 9
333 6
109 9
165 9
125 6
116 9
58 10
122 9
265 6
215 9
415 9
402 9
296 34
4 6
226 9
29 9
79 9
253 9
60 9
188 9
393 9
337 6
27 9
174 9
237 6
397 9
28 9
117 6
423 9
172 9
254 9
152 9
5 9
126 9
220 6
173 9
80 6
249 9
208 6
0 9
312 10
2 6
222 9
243 9
36 9
12 6
86 9
368 34
17 6
30 6
389 10
385 6
391 6
406 10
228 9
31 9
81 9
213 9
114 9
106 10
390 6
240 9
130 9
169 9
170 9
232 9
76 9
248 9
247 6
258 9
421 6
39 9
133 9
99 6
408 9
282 9
51 6
180 6
159 9
407 9
353 9
354 6
93 6
257 9
299 9
92 9
405 9
339 6
197 9
177 9
119 10
329 6
70 9
416 9
115 6
154 9
284 6
324 6
37 9
314 9
277 9
262 6
163 9
47 9
373 9
297 6
101 9
98 9
123 6
136 6
192 6
55 9
362 6
275 6
412 6
246 6
77 10
306 6
162 9
322 6
110 6
301 6
38 9
241 9
334 9
276 9
167 9
96 9
132 34
203 9
23 9
212 9
340 6
259 9
281 9
199 9
206 9
274 9
308 9
104 9
236 10
336 6
264 6
304 6
396 9
91 9
171 6
209 6
224 6
309 9
run time cost of algorithm DRT_AG is 0.002765seconds
