647050 120 42
175 34
397 25
189 25
382 41
373 9
202 9
271 34
56 41
276 25
319 25
86 25
262 25
321 9
270 25
252 9
87 25
99 25
213 41
26 25
391 25
230 41
169 25
36 25
353 34
308 25
244 25
21 25
218 34
214 9
54 25
166 25
131 25
103 25
207 41
249 25
292 34
312 25
342 25
365 25
46 25
0 25
27 25
406 25
195 25
356 25
293 25
74 25
389 25
355 25
320 25
154 25
283 34
376 41
272 25
130 41
350 25
191 34
208 25
368 9
229 25
343 25
247 41
31 25
123 9
121 25
118 25
238 34
151 25
12 41
364 25
40 25
303 25
307 9
174 25
334 25
412 25
394 41
60 34
240 25
273 9
220 25
370 25
52 25
362 41
79 25
201 41
165 25
227 41
109 34
325 41
159 25
254 25
132 9
265 25
47 41
375 25
81 34
226 25
232 25
67 34
115 25
279 25
176 25
51 25
354 25
22 41
149 25
306 25
190 9
3 25
117 34
379 34
410 34
23 9
327 25
288 25
401 25
405 25
171 25
1 25
142 25
49 25
245 25
164 34
404 9
134 9
24 25
110 25
347 41
94 25
234 9
236 25
300 25
395 41
14 25
363 25
192 25
209 25
275 25
377 9
297 25
196 25
197 25
168 34
385 9
206 25
409 41
277 34
257 9
299 25
301 25
64 25
286 41
80 25
278 25
296 25
57 25
348 25
144 25
260 25
366 25
186 25
403 25
140 25
137 9
15 25
120 25
172 25
402 25
392 41
53 25
68 25
33 25
97 9
360 25
336 25
133 25
41 34
413 9
89 25
180 25
346 25
32 41
361 41
274 25
264 25
369 25
332 25
246 25
222 25
37 9
241 9
378 41
381 34
284 41
357 41
280 9
124 25
6 25
224 25
253 25
88 34
237 25
112 25
326 25
18 25
231 25
210 34
104 25
212 25
148 25
61 25
309 25
194 25
71 25
10 25
76 34
157 25
390 34
225 25
372 34
341 25
150 25
333 41
261 25
43 25
155 25
374 25
20 9
344 25
386 41
183 25
38 25
367 9
17 41
398 25
179 25
125 41
198 9
163 25
193 34
111 25
100 25
380 25
70 9
359 25
335 9
113 25
339 25
211 25
287 9
34 34
302 25
217 25
173 25
256 25
187 25
304 25
219 25
223 9
199 9
59 34
136 34
251 41
114 25
203 25
388 34
205 25
313 25
310 25
266 25
77 25
295 25
78 25
294 9
298 25
228 9
322 25
291 34
72 25
58 25
95 41
215 41
337 25
98 41
242 25
167 25
399 25
255 25
84 9
290 25
331 25
107 25
29 41
55 34
90 25
93 25
323 25
411 37
69 25
42 25
400 25
338 25
387 25
383 9
4 25
39 25
408 9
233 25
73 25
269 25
200 25
85 25
65 25
315 25
48 25
349 41
25 25
268 25
11 25
138 25
263 41
2 41
396 41
184 25
13 34
329 25
281 41
259 34
135 25
282 34
316 25
311 41
178 41
63 25
181 34
44 25
7 25
317 41
108 41
289 25
351 25
235 25
182 9
8 25
145 41
146 25
62 41
119 25
285 25
101 34
102 41
204 25
106 25
330 41
384 25
305 25
143 41
156 34
239 34
66 41
153 25
75 25
267 25
16 25
328 25
158 25
116 25
139 25
127 9
248 34
147 25
314 9
258 9
221 41
393 25
318 41
243 25
5 9
122 25
188 25
28 25
50 34
160 25
35 25
91 34
105 25
19 34
177 25
216 41
83 41
352 25
162 25
96 9
324 25
92 25
141 41
358 25
30 34
170 25
9 25
129 41
371 25
152 25
128 25
126 34
82 25
161 25
345 34
45 25
407 25
340 25
185 9
250 25
run time cost of algorithm DRT_AG is 0.002192seconds
