2738200 120 52
198 29
484 29
596 0
599 29
242 29
605 34
628 0
892 0
292 29
138 34
583 34
691 0
578 34
719 34
720 0
881 29
346 29
420 34
739 29
742 29
87 29
559 29
823 29
23 29
380 29
703 34
99 34
339 29
376 29
522 29
251 34
585 0
429 29
860 29
303 29
14 29
291 0
313 29
738 29
162 34
219 29
871 29
345 29
638 29
747 29
93 29
514 29
755 29
83 29
760 29
765 29
564 29
73 29
344 34
188 34
472 29
798 34
449 29
584 29
383 29
159 29
656 29
471 0
735 29
571 29
588 29
66 29
543 29
325 29
193 29
423 29
297 34
661 34
604 29
74 29
887 29
775 29
206 29
817 29
12 0
463 29
92 29
683 29
306 29
84 34
149 29
895 29
209 0
320 29
633 29
90 29
671 34
49 29
190 29
151 29
362 0
307 34
135 34
1 29
342 29
491 29
164 29
42 34
192 34
741 29
626 29
786 34
846 29
256 34
592 29
640 29
510 29
60 29
269 29
437 29
36 29
724 29
57 29
474 0
215 29
642 29
421 29
163 29
409 29
838 0
245 29
569 34
489 29
286 29
91 34
681 0
20 29
631 29
187 29
587 34
600 0
428 29
774 29
396 29
148 29
507 29
859 29
893 29
329 29
229 29
861 29
430 29
262 34
173 29
32 29
475 29
858 29
650 29
825 29
883 29
17 29
8 29
557 34
608 0
468 34
736 29
161 29
393 29
465 29
627 29
71 29
95 29
171 0
85 29
405 29
567 29
406 29
566 29
663 29
743 34
413 34
875 29
314 29
390 29
255 29
654 0
793 29
802 29
113 34
53 29
253 34
725 34
367 29
698 29
896 34
832 29
555 29
335 29
546 34
686 29
431 34
482 29
884 34
26 34
619 29
356 34
623 34
250 0
243 34
30 29
655 34
664 29
427 29
490 29
680 29
210 29
695 34
248 29
716 29
497 29
39 29
382 34
790 29
109 34
415 29
260 29
759 29
80 34
78 29
751 29
783 34
506 0
792 29
328 29
797 29
803 29
804 29
50 29
826 29
112 34
552 34
416 29
336 29
528 29
145 34
337 29
519 29
348 29
289 29
630 34
590 29
176 29
351 0
246 29
515 29
357 29
527 29
233 29
4 29
561 29
11 29
22 29
863 29
862 29
379 34
224 29
575 29
389 29
505 29
501 34
395 34
781 29
89 29
103 29
213 29
106 29
108 29
133 29
136 34
635 0
167 29
615 34
611 29
194 29
595 34
0 34
880 29
466 34
516 34
629 29
872 0
29 34
854 29
453 29
839 29
452 29
644 29
381 0
59 29
796 29
63 34
649 29
576 29
432 0
651 29
652 0
94 29
100 29
660 29
494 34
212 34
676 34
208 29
426 29
122 29
121 29
722 29
732 34
694 29
586 29
197 29
101 0
302 34
658 34
495 29
753 29
400 34
153 29
265 29
785 29
789 29
791 34
216 34
445 0
448 29
648 29
836 29
647 29
594 29
225 29
845 29
458 29
481 34
508 29
509 29
374 34
341 29
866 34
226 29
459 29
874 29
180 29
563 34
231 29
518 29
2 29
477 34
451 34
707 29
283 34
5 29
496 29
454 34
401 29
16 0
312 29
577 29
756 29
488 29
240 29
486 0
805 29
857 29
368 29
223 29
620 29
40 34
276 29
178 34
835 29
470 29
46 0
816 29
378 29
610 29
220 29
54 34
536 34
795 29
865 34
67 29
310 34
787 0
434 29
327 29
677 29
777 0
79 34
867 29
186 29
86 29
754 29
467 29
254 29
455 29
700 0
572 29
123 29
726 34
349 29
503 29
7 34
641 34
709 29
290 29
319 29
705 29
704 29
728 29
107 34
456 29
282 29
687 29
418 29
780 29
388 34
386 29
526 34
155 29
56 29
425 29
274 34
177 29
479 34
301 29
372 29
370 29
612 34
28 29
25 34
868 34
191 29
199 29
361 34
890 29
397 29
441 34
624 34
236 0
544 29
295 29
156 29
530 29
665 34
675 29
315 34
175 29
317 29
318 29
116 29
105 34
740 29
324 29
287 29
384 29
333 34
828 34
843 29
848 34
18 29
3 29
706 34
901 34
411 29
469 29
284 34
539 34
702 29
713 29
537 34
533 29
118 29
369 29
727 29
679 29
114 29
827 0
227 29
139 29
140 29
657 29
146 29
853 29
37 29
272 34
222 29
97 29
646 34
568 29
439 0
818 29
165 29
811 34
766 34
634 29
769 29
249 29
252 29
19 29
621 29
331 29
181 29
784 29
385 34
609 34
603 29
75 29
800 34
364 29
778 29
776 29
636 29
200 34
202 34
204 0
81 29
581 29
293 34
523 34
359 29
440 29
322 34
744 34
98 0
487 29
311 29
275 29
130 29
277 29
553 29
550 29
549 34
278 29
371 34
900 34
41 29
844 29
841 29
373 29
304 29
710 29
44 29
547 0
548 34
446 29
711 29
126 29
235 0
261 29
340 29
779 34
723 29
894 0
731 34
375 29
560 29
185 8
673 34
134 41
502 29
391 29
77 34
669 34
343 0
110 29
570 29
170 34
876 34
737 29
398 34
889 34
499 0
810 29
182 29
203 29
580 29
88 29
366 34
152 29
154 34
745 29
886 29
267 34
160 29
764 34
877 0
365 34
296 29
822 29
809 29
143 29
137 29
218 34
799 29
239 29
435 29
264 29
47 34
670 29
6 34
330 29
417 29
64 29
299 29
617 29
119 34
821 34
68 29
659 34
614 0
316 34
782 29
257 29
540 29
535 34
38 29
834 34
622 29
833 29
840 29
403 0
897 29
601 34
870 29
478 29
363 34
45 29
678 29
558 0
849 34
850 29
442 34
824 29
111 29
589 29
667 29
27 34
758 34
525 29
573 29
48 29
217 29
285 34
746 29
259 29
207 29
35 29
410 29
457 29
885 34
408 29
214 29
492 29
24 0
124 29
714 29
891 34
241 29
483 29
524 29
551 29
715 34
476 29
721 29
450 29
682 29
808 34
672 29
338 34
460 29
674 0
517 29
768 34
801 34
771 29
172 34
602 0
266 29
392 29
115 34
794 29
128 34
504 29
878 29
812 0
65 29
718 29
666 34
693 29
493 29
141 29
898 29
179 34
813 29
96 29
144 34
579 29
899 29
258 29
685 0
353 29
52 34
279 29
480 29
485 29
699 29
268 29
288 29
513 29
125 0
864 34
120 29
244 29
238 34
852 29
534 34
688 29
234 34
562 29
404 29
565 29
815 34
196 34
332 34
597 29
598 29
183 29
788 29
69 29
616 29
305 34
770 34
632 29
639 29
757 29
157 29
104 29
701 29
438 29
354 29
150 34
309 34
350 29
9 34
10 29
360 29
31 34
851 29
532 34
689 29
230 29
574 29
819 29
807 0
72 29
662 34
321 0
762 29
281 29
556 34
399 34
820 29
767 29
232 29
591 34
554 29
271 34
772 34
237 41
270 29
76 34
749 34
334 34
879 29
55 29
729 29
643 34
712 29
856 34
34 29
70 34
733 0
511 0
184 29
512 34
869 29
419 0
298 34
62 29
696 34
132 29
873 29
750 29
529 34
618 29
326 29
538 29
300 29
542 0
842 0
13 34
806 29
773 34
545 34
443 0
888 29
407 29
424 29
829 29
355 29
473 29
377 34
653 29
613 29
280 29
263 29
433 34
347 29
414 29
734 34
684 34
637 29
625 29
147 29
166 29
830 29
831 29
708 34
520 34
117 29
593 29
131 0
697 34
273 0
195 29
308 29
882 29
855 34
422 34
189 34
436 29
752 34
447 34
142 29
531 34
847 34
582 29
690 34
169 29
174 29
102 29
58 29
158 29
15 34
61 29
837 34
645 29
51 34
462 29
692 29
221 29
606 29
607 34
763 34
211 41
82 34
814 29
21 29
730 29
352 29
387 29
500 34
498 34
247 34
717 34
33 29
521 34
294 29
668 29
464 34
127 29
541 29
748 29
402 29
444 29
358 29
43 29
168 29
201 29
461 0
205 29
323 0
228 29
412 0
394 29
129 29
761 0
run time cost of algorithm DRT_BD is 0.517104seconds
