323450 170 40
98 25
101 25
193 25
81 25
152 25
85 9
156 25
67 25
100 41
139 25
78 25
143 25
181 34
68 25
127 25
140 25
17 25
116 25
172 25
54 25
134 34
105 41
111 34
43 9
188 41
72 25
183 25
112 25
32 25
96 25
45 34
194 34
58 34
3 25
35 25
22 9
34 9
0 25
122 25
146 25
168 9
189 25
7 25
199 41
63 25
120 9
46 25
13 25
79 25
200 25
203 25
66 41
135 25
23 25
99 25
97 25
16 9
94 41
52 25
119 25
42 25
47 9
174 25
1 25
104 34
103 9
117 25
201 25
148 25
173 9
171 25
50 34
95 25
74 34
179 25
180 25
204 41
21 25
110 41
153 25
124 25
190 25
177 34
28 34
202 25
19 25
4 25
163 25
123 25
26 41
158 9
69 34
195 25
184 41
2 25
108 25
191 25
93 34
128 25
53 25
82 25
121 9
77 25
162 25
29 9
133 25
102 34
114 25
27 25
38 25
25 41
18 25
87 34
83 41
145 25
147 25
8 25
167 25
187 34
59 25
109 34
150 25
89 25
155 9
61 25
31 34
186 25
141 25
151 41
205 25
39 25
142 34
60 9
125 25
73 25
154 41
166 41
165 25
164 25
149 25
55 41
132 41
15 8
57 9
62 25
41 25
92 25
75 41
136 41
207 34
51 25
30 25
36 25
115 25
20 25
71 25
56 34
185 41
118 41
48 41
12 25
178 41
176 25
137 25
160 25
161 25
37 34
14 41
70 25
90 25
170 25
24 25
197 25
157 25
126 34
40 25
5 25
159 25
65 41
88 9
44 25
11 41
182 41
169 34
33 41
175 25
192 41
86 25
80 25
206 41
113 34
49 25
91 25
6 34
196 41
84 41
138 41
10 25
9 25
129 41
107 41
76 41
130 9
144 9
198 25
64 25
131 34
106 25
run time cost of algorithm DRT_AG is 0.000704seconds
