1885200 98 18
0 0
1 0
2 0
3 0
4 0
5 0
6 0
7 0
8 0
9 0
10 0
11 0
12 0
13 0
14 0
15 0
16 0
17 0
18 0
19 0
20 0
21 0
22 0
23 0
24 0
25 0
26 0
27 34
28 34
29 0
30 0
31 0
32 34
33 0
34 0
35 0
36 0
37 0
38 0
39 0
40 0
41 0
42 0
43 0
44 0
45 34
46 1
47 0
48 34
49 0
50 0
51 0
52 0
53 34
54 0
55 34
56 0
57 0
58 1
59 0
60 0
61 0
62 0
63 34
64 0
65 34
66 0
67 0
68 0
69 0
70 0
71 0
72 0
73 0
74 0
75 0
76 0
77 0
78 0
79 0
80 0
81 0
82 1
83 1
84 0
85 0
86 1
87 0
88 0
89 0
90 0
91 0
92 0
93 34
94 1
95 0
96 0
97 0
98 0
99 0
100 1
101 2
102 0
103 0
104 1
105 0
106 1
107 1
108 1
109 1
110 0
111 0
112 0
113 34
114 34
115 34
116 0
117 34
118 34
119 0
120 34
121 0
122 0
123 0
124 0
125 0
126 0
127 0
128 0
129 0
130 0
131 1
132 0
133 0
134 0
135 0
136 0
137 0
138 1
139 0
140 0
141 0
142 0
143 1
144 0
145 0
146 0
147 0
148 0
149 0
150 0
151 1
152 1
153 0
154 0
155 0
156 34
157 0
158 0
159 1
160 0
161 0
162 0
163 1
164 34
165 1
166 0
167 0
168 0
169 0
170 0
171 0
172 1
173 0
174 1
175 0
176 1
177 0
178 1
179 0
180 0
181 1
182 1
183 1
184 0
185 0
186 1
187 0
188 0
189 2
190 34
191 0
192 0
193 0
194 0
195 0
196 0
197 1
198 0
199 0
200 0
201 0
202 0
203 0
204 0
205 1
206 1
207 0
208 0
209 34
210 0
211 0
212 0
213 0
214 0
215 1
216 1
217 34
218 1
219 34
220 1
221 0
222 0
223 1
224 0
225 34
226 2
227 0
228 0
229 0
230 1
231 1
232 1
233 1
234 0
235 0
236 0
237 0
238 0
239 0
240 1
241 0
242 1
243 1
244 1
245 8
246 0
247 1
248 1
249 0
250 0
251 0
252 0
253 1
254 0
255 0
256 1
257 0
258 0
259 1
260 0
261 1
262 0
263 1
264 0
265 1
266 0
267 0
268 0
269 1
270 1
271 0
272 0
273 0
274 0
275 0
276 1
277 1
278 0
279 0
280 0
281 0
282 0
283 0
284 0
285 0
286 0
287 0
288 0
289 0
290 0
291 0
292 0
293 0
294 1
295 0
296 1
297 0
298 34
299 0
300 0
301 1
302 1
303 0
304 0
305 0
306 0
307 1
308 1
309 0
310 34
311 0
312 1
313 0
314 34
315 0
316 1
317 0
318 0
319 0
320 0
321 1
322 0
323 1
324 1
325 0
326 1
327 0
328 0
329 1
330 0
331 2
332 1
333 1
334 2
335 1
336 1
337 0
338 34
339 1
run time cost of algorithm SM_CTP is 0.224158seconds
