1703600 120 46
79 25
155 25
385 25
291 25
285 25
230 41
148 25
369 9
414 25
274 9
199 34
51 25
441 25
251 25
192 25
255 25
427 34
350 25
48 25
446 25
236 25
360 25
119 41
68 41
403 34
401 25
175 25
221 25
82 25
390 25
396 25
31 25
300 9
28 25
84 25
86 9
444 25
261 25
443 25
364 9
412 34
253 25
337 25
53 34
356 25
110 25
309 25
241 41
29 25
245 25
228 25
189 34
165 9
400 25
347 25
376 25
373 25
217 25
21 34
334 25
235 25
61 25
107 25
108 25
352 25
324 9
66 25
276 25
183 25
280 34
150 25
20 9
355 25
207 25
2 34
212 41
311 25
143 25
304 34
158 25
315 25
297 25
319 25
229 25
123 25
258 25
103 25
290 25
88 34
425 25
100 25
322 25
17 25
351 25
94 25
329 25
203 25
206 25
264 25
433 25
197 34
210 25
289 25
436 34
442 25
227 25
449 25
152 34
232 25
233 25
361 25
250 25
268 25
461 25
43 9
346 25
460 25
454 25
5 25
225 25
411 25
260 34
73 9
186 25
132 25
266 25
71 41
14 25
136 25
349 25
157 25
379 25
456 25
382 25
124 25
182 25
72 25
190 25
288 25
138 25
194 25
246 25
69 25
67 25
263 25
330 25
399 25
147 25
453 9
62 25
332 25
151 25
294 34
167 25
342 25
49 9
161 25
345 25
363 34
231 25
3 41
9 25
437 9
408 25
357 34
50 25
340 25
63 41
326 25
313 25
170 25
77 9
302 25
90 25
93 25
122 25
224 25
179 9
0 25
128 9
180 25
160 25
271 25
42 25
447 25
156 25
279 25
44 41
13 25
353 25
282 34
367 25
348 25
344 34
407 25
59 25
149 25
398 25
121 25
30 25
395 25
196 25
125 34
387 41
24 25
323 41
56 25
299 34
421 25
242 25
216 25
40 25
129 34
281 25
278 25
362 41
39 25
320 25
366 25
452 25
12 25
92 25
244 25
89 25
391 25
33 25
32 25
333 41
339 25
22 41
74 25
171 25
78 25
419 25
292 34
343 41
431 25
222 25
380 25
247 25
38 41
4 25
111 25
96 25
262 41
105 25
198 25
331 9
314 9
115 25
295 25
435 25
187 9
383 25
109 25
177 25
75 25
318 25
455 9
54 25
240 41
420 25
423 25
116 25
368 25
7 25
191 25
269 25
418 25
95 25
393 25
19 25
298 25
159 25
65 25
226 25
338 25
130 25
46 25
6 25
305 25
252 9
312 25
101 25
140 25
394 41
457 25
438 25
114 25
45 25
145 25
87 25
91 41
336 9
429 25
381 25
204 25
112 41
163 25
416 25
117 25
270 25
306 9
265 25
76 25
359 25
172 25
102 9
8 25
15 25
432 25
178 25
193 25
386 41
384 25
237 25
316 34
377 25
37 25
173 34
57 25
166 25
70 41
328 25
256 25
98 25
16 25
27 25
392 25
388 25
317 41
36 25
284 25
211 25
213 25
303 25
287 25
218 25
85 25
238 25
41 9
389 41
378 41
296 25
106 25
184 25
137 9
402 25
131 25
434 25
310 25
139 25
413 41
34 9
97 25
424 25
325 25
358 34
422 41
141 25
415 25
47 41
60 25
142 25
81 25
176 25
375 25
1 25
428 25
249 25
275 41
118 41
406 9
208 25
195 25
144 25
445 25
450 25
201 25
451 34
134 25
113 25
25 25
354 25
293 25
243 25
169 25
430 25
458 41
58 34
52 34
188 25
272 25
99 34
126 25
301 25
23 25
397 41
410 25
448 25
127 25
26 25
223 25
209 25
55 41
409 25
135 34
254 25
174 25
374 41
307 25
104 9
35 41
168 25
371 25
220 25
405 25
365 41
372 25
10 41
440 34
248 25
439 41
214 25
267 25
162 25
146 41
133 25
80 25
321 25
426 25
18 25
154 25
234 25
335 25
341 41
164 25
205 9
273 25
417 9
83 9
459 25
257 25
181 25
185 25
202 25
308 25
404 25
370 25
153 25
120 34
200 25
327 25
259 25
283 25
277 25
286 25
11 9
64 25
239 34
219 25
215 25
run time cost of algorithm DRT_AG is 0.003932seconds
