1090600 178 51
585 9
202 9
629 9
753 9
772 9
5 9
522 9
227 9
78 9
491 9
513 9
514 9
12 9
135 9
691 9
345 9
788 9
469 9
731 9
151 34
437 9
351 9
103 9
259 9
527 9
776 9
498 9
417 9
105 34
2 9
553 9
226 9
720 9
508 9
302 9
499 9
607 9
494 9
610 9
743 9
160 9
463 9
571 9
298 9
118 9
661 9
207 9
47 9
86 9
783 9
31 9
721 9
20 9
275 9
518 9
253 9
376 9
466 9
317 9
187 9
124 9
628 9
95 9
604 9
532 9
624 9
255 9
545 34
752 9
797 9
104 9
665 9
807 9
89 9
216 9
306 9
285 9
431 9
341 9
237 9
184 9
338 9
769 9
706 34
357 9
789 9
750 9
173 9
90 9
186 9
435 9
250 9
658 9
377 9
601 9
588 9
651 9
81 6
296 9
764 6
719 9
257 9
8 34
332 9
329 9
372 9
768 9
533 9
265 9
313 9
252 9
171 9
668 9
241 9
114 9
548 9
786 9
13 9
452 9
148 9
718 9
794 9
177 9
509 34
591 9
722 9
43 9
538 9
523 9
413 9
757 9
102 9
203 9
125 6
682 6
462 9
510 9
26 6
383 9
37 9
643 9
176 9
320 34
172 6
304 9
740 9
812 9
686 9
129 9
725 9
773 9
91 9
236 6
6 9
479 9
266 34
138 9
460 9
477 9
648 9
747 6
243 9
635 9
456 6
112 9
550 9
315 9
308 34
735 34
219 9
425 9
619 34
165 9
799 9
582 9
321 34
221 9
736 9
331 6
617 6
336 9
478 9
290 9
159 9
694 9
84 9
230 9
690 9
18 9
659 6
248 9
780 9
30 6
359 9
692 9
673 9
429 34
678 9
539 6
737 6
790 9
414 9
458 9
627 9
519 9
363 9
242 9
282 9
235 9
670 9
153 9
353 9
233 34
392 9
646 9
593 9
781 6
51 9
535 9
699 9
599 6
311 6
289 6
540 6
326 9
795 9
666 6
16 9
98 9
278 6
100 9
707 34
576 9
708 9
423 6
75 9
760 9
422 34
52 9
288 9
283 9
663 34
152 9
358 9
674 9
115 9
200 6
618 9
60 9
613 34
323 9
520 9
132 9
805 9
333 9
723 6
334 9
729 9
654 9
401 9
574 9
40 9
394 9
260 9
166 9
791 9
244 9
342 9
63 34
578 6
762 9
271 9
193 6
702 6
432 9
167 6
766 34
366 6
130 9
185 9
222 9
407 9
542 9
354 9
280 9
583 6
698 9
465 9
229 9
158 34
28 9
632 9
801 6
274 6
653 34
295 9
108 6
630 9
485 9
316 6
137 6
419 9
41 34
142 34
264 6
139 9
701 9
745 9
15 9
778 6
310 9
771 9
131 9
258 9
213 6
472 9
614 9
787 9
455 9
319 9
49 9
433 9
739 6
785 6
215 10
154 9
744 6
467 9
249 34
798 9
516 9
70 34
378 9
476 9
446 9
119 9
639 9
800 6
76 9
106 9
402 10
412 9
145 9
127 9
700 9
484 9
232 34
562 34
411 9
569 9
793 6
337 9
730 9
300 9
72 9
303 9
349 6
33 9
564 9
493 34
224 6
164 9
251 9
684 9
688 9
330 34
231 6
66 9
74 9
680 9
488 9
79 9
726 6
208 9
11 9
645 9
279 6
268 9
263 9
457 9
606 9
276 9
35 6
441 6
600 9
603 9
647 9
746 9
631 9
73 9
749 9
22 9
529 6
534 9
175 9
765 9
438 9
761 9
427 9
14 6
644 9
80 9
371 9
770 9
685 6
537 9
755 6
480 6
62 6
751 9
689 9
373 6
182 9
56 9
696 9
350 9
524 9
19 9
418 34
24 9
549 9
552 9
560 6
387 9
343 9
570 9
94 9
650 9
741 6
85 34
598 34
133 9
657 6
1 9
492 6
192 6
704 9
416 9
612 9
664 6
314 9
384 9
126 6
147 9
386 9
555 9
82 9
415 6
335 9
297 6
551 6
693 9
400 34
546 9
563 6
223 9
293 9
409 9
209 9
163 9
669 6
107 9
390 9
96 9
511 9
194 9
391 6
327 6
716 6
305 9
724 9
68 9
410 9
29 9
602 9
732 9
679 9
389 9
157 9
399 9
65 9
754 9
450 6
360 6
512 9
710 9
709 9
567 34
93 6
592 34
71 9
496 9
408 9
633 6
474 9
803 6
796 9
594 9
525 6
434 9
110 9
681 9
128 9
444 9
711 34
515 9
88 6
403 9
655 9
381 9
809 6
504 6
439 9
676 6
4 9
367 9
449 9
784 9
526 8
286 6
212 9
561 6
626 6
234 9
355 9
57 6
325 10
605 6
806 10
759 9
595 9
204 6
346 9
168 9
727 9
362 6
347 6
36 9
170 6
763 9
23 9
728 9
756 6
505 9
405 9
767 9
590 9
34 9
113 9
734 6
38 34
42 9
530 6
174 9
312 34
247 9
322 9
21 6
183 9
404 6
622 6
277 34
328 9
620 34
473 6
615 6
141 6
609 34
83 10
46 9
396 6
123 9
471 6
454 9
150 9
32 6
662 9
503 9
179 9
581 9
180 9
792 6
506 6
521 9
211 9
448 9
162 9
269 9
67 6
218 6
497 6
502 6
461 6
77 9
206 9
262 9
238 9
597 9
9 6
572 9
421 6
440 9
637 9
299 6
705 6
697 10
309 9
544 9
149 6
436 9
294 9
625 6
17 6
712 9
25 9
7 9
380 9
733 34
481 9
443 9
667 10
111 34
195 6
683 6
117 6
420 6
374 34
301 9
39 9
810 6
239 9
547 10
641 9
225 9
281 34
608 9
636 9
256 10
575 6
291 9
482 9
802 9
201 10
44 9
398 6
254 9
554 9
375 9
61 6
134 6
155 9
270 9
758 34
388 34
447 9
245 34
536 9
774 10
267 6
468 34
660 9
748 9
464 9
369 6
528 6
356 6
188 9
198 6
348 6
352 6
584 9
395 34
340 9
568 6
97 6
675 9
273 9
121 9
703 6
616 9
196 10
589 6
48 6
587 6
385 9
161 9
144 9
143 9
0 9
190 9
672 9
3 9
656 6
652 9
428 9
426 6
495 6
344 9
92 9
634 9
324 6
318 10
140 9
531 9
541 9
580 6
292 6
228 6
779 9
566 9
210 9
191 9
558 9
677 9
714 9
220 9
557 6
181 9
287 6
782 9
586 9
178 9
136 10
507 6
122 9
54 11
45 6
27 9
808 9
487 9
430 9
470 9
475 9
169 9
156 9
811 9
579 9
445 6
738 6
577 9
565 9
489 9
559 9
623 9
240 6
687 6
261 9
393 6
87 6
500 10
50 9
368 6
365 6
307 9
451 9
486 6
10 10
775 9
490 6
199 9
59 9
214 9
99 9
638 6
246 10
397 9
424 6
382 9
69 34
364 9
64 9
101 9
116 9
640 9
197 9
501 6
339 9
621 9
695 9
573 9
146 6
671 8
361 9
459 9
217 9
483 34
189 9
611 9
717 6
284 9
556 9
58 9
55 9
517 9
53 9
804 6
370 6
642 9
649 9
742 9
777 6
596 10
120 6
205 9
109 6
713 6
715 9
272 9
543 6
379 6
442 6
453 6
406 9
run time cost of algorithm DRT_AG is 0.008631seconds
