1644000 104 68
291 34
287 34
156 34
310 34
179 34
272 1
129 34
185 34
105 34
101 34
10 34
100 34
436 1
98 34
214 34
57 34
242 34
361 34
294 34
381 34
349 34
159 34
131 34
34 34
138 34
85 34
244 1
341 34
173 34
28 34
388 34
432 34
225 34
428 34
303 34
323 34
68 34
170 34
42 34
374 34
40 34
103 34
205 34
194 34
73 34
72 34
402 1
8 34
152 34
237 34
331 34
168 41
281 34
245 34
305 34
446 34
433 34
27 1
288 34
30 34
213 34
111 34
266 34
337 34
233 34
188 34
120 34
398 41
184 34
102 34
372 34
440 34
202 34
169 41
174 34
423 34
360 34
270 34
124 34
207 34
251 34
405 34
406 34
325 34
412 34
306 34
29 34
429 34
350 34
200 34
393 34
148 34
135 34
416 34
17 34
330 34
297 34
366 34
417 34
52 34
220 34
335 8
250 34
109 8
212 34
141 34
133 41
74 34
269 34
375 41
385 34
321 34
340 34
4 34
49 34
401 34
358 34
33 34
407 34
41 34
243 34
292 34
302 34
338 34
309 1
278 1
77 34
9 34
271 1
119 34
203 34
304 41
218 34
386 34
35 34
36 34
126 34
50 34
162 34
434 34
223 34
164 34
318 34
317 34
210 34
13 34
93 41
83 34
443 8
314 41
322 34
181 34
132 34
234 34
332 34
155 41
189 34
110 1
193 1
106 34
347 34
196 34
87 34
259 34
379 34
64 34
63 34
55 34
396 41
31 34
22 34
231 34
224 34
295 34
11 34
241 34
426 1
419 34
215 34
383 41
209 34
71 34
258 34
368 34
265 34
353 41
268 41
334 34
104 34
190 34
113 1
232 34
293 34
186 34
444 1
89 34
145 34
438 34
376 34
380 34
211 1
236 41
19 34
395 34
197 34
327 34
365 34
313 34
390 34
275 41
320 34
296 41
208 41
116 41
6 34
130 34
175 34
348 34
339 34
427 34
176 34
299 34
415 8
435 34
392 34
336 34
136 34
79 34
369 1
123 34
107 34
69 34
0 34
364 34
1 41
161 41
86 34
201 41
23 34
298 34
37 34
38 34
204 34
284 34
67 34
140 1
328 34
45 34
47 41
48 34
387 34
391 34
252 34
121 41
254 41
397 34
384 1
219 1
146 41
16 34
117 34
108 41
91 34
160 34
262 41
199 1
81 34
82 34
377 34
263 34
88 34
354 41
99 34
273 34
343 41
378 34
260 34
333 34
58 41
329 34
44 34
411 34
315 34
283 34
221 41
222 41
149 34
420 34
14 34
445 34
163 34
447 34
286 34
276 41
112 34
441 34
182 1
178 34
319 34
46 34
345 34
195 41
198 34
128 34
62 34
382 41
257 34
307 41
371 34
206 41
249 34
399 34
191 34
92 34
144 41
95 34
400 34
344 34
142 34
240 34
431 34
226 34
165 34
3 34
277 41
370 41
167 34
229 34
78 34
261 34
125 34
359 34
183 34
157 41
96 34
39 8
418 1
24 34
171 34
137 34
115 41
413 34
172 34
409 34
289 34
437 34
216 8
5 34
154 34
153 34
65 41
80 34
139 41
425 34
424 34
94 8
285 34
53 34
394 34
355 1
56 34
166 34
312 41
2 34
76 34
235 34
367 41
255 34
408 41
282 34
351 34
308 34
290 34
352 1
363 34
54 34
357 41
177 34
274 34
300 34
61 34
15 8
414 34
389 34
253 41
143 34
439 41
217 34
421 34
66 34
18 34
97 34
342 34
150 34
362 34
227 41
187 34
180 34
280 34
84 41
403 34
147 41
151 41
442 1
12 34
247 34
134 34
90 34
256 34
239 41
410 41
51 34
60 41
32 41
158 1
127 1
228 34
279 41
316 41
26 34
122 41
373 41
422 34
75 34
7 41
70 34
114 34
264 34
192 34
20 34
430 34
230 41
21 1
118 41
238 34
59 34
404 41
324 34
43 41
25 41
248 34
311 1
301 34
346 41
356 34
326 34
267 41
246 8
run time cost of algorithm DRT_BD is 0.124668seconds
