2153800 161 40
202 25
198 25
194 25
154 25
4 25
143 25
583 34
112 25
406 25
436 25
73 34
452 25
454 25
482 25
57 25
41 25
34 25
23 34
204 25
578 25
595 25
212 9
233 25
246 34
281 25
284 25
285 25
310 9
529 41
328 25
140 25
403 25
576 25
33 25
97 25
408 25
410 25
74 9
58 25
55 25
102 25
393 41
331 25
207 25
314 25
134 25
350 41
313 41
364 25
489 25
488 25
81 25
365 25
210 41
91 25
295 9
369 25
375 25
292 25
390 25
413 25
519 25
167 25
451 25
394 25
471 25
106 25
404 34
526 25
568 25
67 25
63 41
100 34
274 41
123 25
60 25
438 41
366 25
427 25
486 25
80 25
93 25
82 9
429 41
180 25
257 25
512 25
497 25
130 25
200 25
590 25
248 25
306 25
300 25
270 25
228 25
575 25
107 25
105 25
32 25
244 25
171 25
5 25
11 34
239 25
528 25
463 25
555 25
435 34
95 25
149 25
193 25
510 25
288 25
2 25
291 25
383 41
38 25
426 41
219 41
208 25
485 41
552 25
416 41
245 25
250 9
589 25
56 25
419 25
370 25
178 25
351 41
118 41
347 25
509 25
346 25
25 25
151 25
317 25
110 25
30 25
551 25
407 25
18 25
146 41
19 41
20 25
320 25
9 41
428 25
339 25
137 41
553 25
446 25
492 9
311 25
458 25
472 41
473 25
36 25
405 25
517 25
387 25
392 9
433 34
514 41
279 9
192 25
480 25
109 9
213 6
293 25
220 41
368 41
268 25
324 41
367 41
53 34
352 34
340 25
47 25
148 25
537 25
181 25
184 25
85 25
440 25
424 25
260 25
176 25
175 25
522 25
280 41
540 25
566 25
564 41
282 25
382 25
484 25
532 25
126 9
335 25
327 25
43 9
558 25
205 25
29 25
237 25
12 25
298 41
561 41
115 25
560 25
153 25
27 9
361 25
591 25
69 25
345 25
129 41
420 41
592 25
88 25
511 25
349 41
135 25
444 25
414 41
354 41
21 25
359 25
398 41
16 41
396 25
544 25
460 41
302 25
162 41
579 25
28 34
530 25
379 25
49 25
243 25
52 25
377 25
376 41
111 41
278 25
296 41
395 25
61 25
469 34
499 25
271 37
90 41
309 34
513 25
75 25
71 41
502 41
550 9
22 41
455 25
554 34
265 41
215 41
556 41
177 25
131 41
308 41
521 41
464 25
358 25
525 25
3 25
483 25
534 41
183 41
582 25
289 37
13 25
493 25
425 41
422 25
225 25
547 25
216 41
474 41
418 41
584 25
46 25
227 25
443 41
520 9
230 37
523 25
191 25
344 25
342 25
468 25
247 25
333 41
160 25
65 25
145 41
234 9
273 25
195 9
546 34
508 25
98 25
355 25
94 25
197 25
214 41
445 41
83 25
337 25
299 25
70 25
226 25
434 25
188 41
518 25
490 25
6 41
116 34
487 25
329 34
593 41
531 41
50 25
325 41
456 41
286 41
277 25
99 25
338 41
577 9
120 25
24 25
507 25
363 25
315 41
467 25
182 25
45 25
459 41
252 25
8 25
304 41
254 41
218 41
401 25
256 9
356 25
494 25
14 25
169 41
290 25
172 25
272 25
478 25
524 9
557 41
267 34
541 25
108 41
448 41
136 25
264 25
323 41
498 41
549 25
7 41
572 25
139 25
432 25
501 25
380 41
203 41
262 9
144 25
415 25
92 25
59 25
543 25
122 34
316 25
431 37
332 25
87 25
461 25
457 25
221 41
381 25
542 41
54 25
44 25
156 25
453 34
402 25
201 41
441 25
535 34
476 25
479 25
500 25
409 25
15 25
251 25
412 9
26 41
562 41
506 25
269 25
155 41
231 41
570 25
348 41
421 25
217 25
68 25
78 25
318 41
341 25
495 41
571 41
574 25
42 25
343 25
388 25
163 25
567 25
222 41
209 41
475 34
259 41
166 25
101 41
538 25
378 25
397 25
31 25
391 34
72 37
168 34
113 41
588 41
164 25
527 25
573 41
586 41
86 37
400 25
185 25
190 25
125 9
161 41
357 41
439 9
196 25
563 25
275 25
303 41
481 41
411 25
336 41
263 34
157 25
173 25
64 34
326 41
319 25
37 25
17 25
322 25
142 41
470 25
224 25
211 9
258 41
133 25
447 25
159 25
51 38
294 25
360 25
242 25
84 41
189 25
165 25
79 25
0 25
236 41
241 25
186 41
62 25
170 25
138 41
124 25
121 41
372 25
515 25
442 25
545 25
594 41
128 25
462 25
232 41
235 25
491 25
423 25
371 25
580 34
536 41
249 25
152 41
261 9
533 25
119 25
276 25
104 25
559 25
305 34
353 37
385 25
386 25
287 25
399 25
48 41
103 41
174 41
307 25
253 25
187 41
330 37
240 41
334 41
76 41
132 41
127 25
223 25
565 25
450 41
362 25
66 41
449 25
465 41
539 41
206 41
199 9
505 25
77 41
150 25
373 25
312 25
374 37
117 25
430 37
496 25
158 25
504 25
516 25
39 38
283 25
466 25
35 25
569 41
96 37
266 25
417 41
10 25
255 25
179 41
89 9
114 25
477 25
389 25
297 25
581 37
301 25
40 25
238 34
585 25
384 25
587 41
147 34
437 25
1 34
229 25
321 9
503 25
548 41
141 25
run time cost of algorithm DRT_AG is 0.005108seconds
