776800 97 16
195 3
106 34
107 3
179 3
176 3
324 3
327 3
333 34
343 3
349 3
31 3
155 3
445 3
295 3
429 3
315 3
157 34
109 3
118 3
388 3
33 3
236 3
459 3
455 3
177 3
90 3
82 3
80 3
258 3
79 3
14 3
402 3
95 3
191 3
464 3
65 34
62 3
280 3
30 3
380 3
352 3
119 3
271 3
260 3
29 3
133 3
386 3
112 3
398 3
404 3
421 3
430 3
433 3
233 3
273 3
252 3
360 3
240 3
229 34
122 3
214 3
197 3
100 3
399 3
389 3
385 3
376 3
37 3
158 3
316 3
318 3
300 3
301 3
192 3
167 3
288 3
365 3
136 3
223 3
263 3
19 34
117 3
268 3
462 3
75 3
47 3
299 3
379 3
127 3
20 3
278 3
419 3
442 3
246 3
77 3
219 3
147 3
124 3
391 3
0 3
172 3
420 3
66 3
180 3
173 3
272 3
221 3
71 3
323 3
53 34
36 34
76 3
338 34
339 3
330 34
423 34
128 3
188 3
265 34
67 3
59 3
204 3
108 3
322 9
226 3
448 3
49 3
51 3
168 3
366 3
11 3
337 3
205 9
239 3
437 3
99 3
320 3
137 3
458 3
269 3
190 3
418 3
251 3
281 9
241 34
63 3
196 3
201 9
132 3
287 3
310 3
244 9
355 34
187 9
162 3
432 3
134 3
218 3
149 3
68 3
97 3
334 3
351 3
231 34
232 3
35 3
23 3
387 3
178 3
414 34
262 9
264 3
253 3
440 3
207 9
438 3
227 3
230 34
154 3
245 3
367 3
422 9
120 3
328 3
344 3
185 34
186 3
94 3
105 3
104 3
370 9
69 3
479 3
234 3
364 3
198 34
164 3
72 3
406 34
131 3
213 9
476 3
348 3
284 3
336 3
139 3
331 3
170 3
194 3
395 3
313 3
279 3
7 3
85 3
55 9
143 3
220 34
450 9
91 3
250 3
451 34
121 3
424 3
171 34
474 34
461 3
48 3
296 3
346 9
161 3
335 3
415 3
21 34
347 3
140 3
174 9
444 3
463 9
238 3
326 3
428 3
57 3
350 3
306 3
166 3
151 3
222 3
18 3
96 9
292 3
216 3
410 3
46 34
189 34
17 3
123 3
471 9
305 3
371 9
393 3
311 3
202 3
5 34
42 3
28 3
212 3
235 3
24 3
165 3
199 3
356 34
209 3
3 3
361 3
40 3
319 3
405 3
56 3
256 3
312 3
439 3
61 3
446 3
375 3
457 3
475 34
394 34
298 3
110 3
44 9
9 3
417 3
478 3
341 3
435 3
8 3
408 3
465 3
291 34
382 3
302 3
434 9
396 3
426 34
309 3
401 3
86 3
129 3
377 3
81 3
307 3
383 3
332 3
282 9
247 3
184 3
317 34
135 3
203 3
378 3
449 3
248 9
392 3
153 9
460 3
183 3
257 3
144 3
329 3
473 3
243 9
163 3
427 3
43 3
276 3
270 3
369 3
358 3
373 9
83 3
225 9
308 3
441 3
286 3
403 9
224 9
210 3
372 3
142 3
453 3
477 3
87 3
443 3
237 3
425 34
469 3
73 3
181 3
200 3
41 9
113 3
64 3
304 3
22 9
103 3
359 3
267 3
314 3
480 3
98 3
54 3
466 3
32 3
249 3
431 3
325 3
293 3
362 3
115 3
10 9
88 9
412 3
12 3
452 3
342 3
400 3
436 3
397 3
152 3
182 34
303 3
6 3
45 3
169 3
321 9
289 9
38 3
283 9
60 9
34 9
125 9
374 3
266 3
416 9
159 34
150 3
70 3
145 34
141 3
13 3
130 3
50 3
277 3
215 3
275 9
58 3
93 9
290 3
456 3
340 9
353 9
242 34
78 9
15 3
274 3
217 3
102 9
27 3
407 3
363 3
285 3
208 9
114 3
101 3
175 3
160 3
254 9
467 3
26 9
345 3
52 3
193 3
409 9
116 3
92 9
74 9
468 3
390 3
39 3
354 9
255 9
84 3
259 3
138 3
472 3
261 3
454 3
381 9
25 3
126 3
384 9
1 3
89 3
156 3
297 3
294 3
470 9
368 3
206 9
111 3
413 3
148 3
146 3
4 3
2 9
447 3
16 3
357 34
211 9
228 34
411 3
run time cost of algorithm DRT_BD is 0.123257seconds
