1210800 104 68
169 34
119 34
311 34
307 34
293 34
149 34
167 34
207 34
35 34
257 34
228 0
229 34
235 34
234 34
232 34
239 34
241 34
279 34
6 34
150 34
291 34
22 34
133 34
123 34
327 34
28 34
100 34
272 34
147 34
26 34
115 34
112 34
107 0
86 34
222 34
0 34
320 34
318 41
266 0
219 41
204 34
132 34
31 34
90 34
76 34
337 34
187 34
303 34
7 34
270 34
39 34
216 34
211 34
178 0
136 34
131 41
121 34
92 34
60 34
36 41
264 34
134 34
244 34
46 34
78 34
176 34
16 34
94 34
114 34
23 34
47 41
102 34
273 0
55 34
97 34
286 34
173 34
278 34
34 34
17 34
40 34
109 34
306 34
83 34
281 41
212 34
251 41
88 34
71 34
174 34
12 34
332 41
5 0
62 34
41 34
50 41
129 34
252 34
77 34
225 41
170 34
330 34
331 34
179 34
256 34
10 34
4 41
192 41
250 0
215 41
3 34
160 34
196 34
1 41
72 34
64 41
335 34
221 34
53 41
177 34
268 34
181 34
309 0
220 34
15 34
290 34
142 34
259 34
166 34
165 34
206 34
43 34
263 34
61 34
304 34
130 34
224 34
144 41
292 34
139 41
184 34
236 34
11 34
325 34
202 34
314 34
95 41
127 34
227 34
27 34
249 34
282 34
33 34
287 41
218 34
210 34
89 0
214 34
308 34
297 41
288 34
135 34
197 41
48 8
191 34
99 41
238 0
334 34
56 34
260 34
284 34
104 34
126 41
79 41
317 34
30 34
70 34
328 41
299 34
199 34
158 41
118 41
213 34
96 41
145 0
2 34
44 34
240 34
75 34
274 41
190 34
137 41
29 34
154 8
128 34
302 0
156 34
182 34
159 34
271 34
37 41
269 34
13 34
69 41
14 41
289 34
20 41
124 0
87 34
208 34
209 34
80 34
180 34
305 34
157 0
111 34
237 34
300 0
296 34
285 34
175 34
333 8
117 34
231 41
163 41
200 34
183 41
186 34
32 41
52 34
313 34
326 34
319 34
242 34
74 41
189 34
253 41
226 34
101 34
261 41
143 34
81 41
82 34
276 41
247 34
275 34
8 34
168 34
42 0
230 0
171 41
125 34
103 34
201 41
203 34
152 34
153 8
9 34
258 0
58 34
93 34
155 34
161 0
84 34
21 0
198 34
105 34
110 34
185 41
172 34
138 34
54 8
217 34
68 34
67 34
116 8
63 41
283 0
233 34
38 34
336 34
25 34
120 41
245 34
243 34
45 34
324 34
329 8
322 8
19 34
106 34
148 34
254 34
223 8
98 34
255 8
294 34
262 34
298 34
18 41
280 41
301 34
51 41
66 34
57 41
295 34
113 41
323 34
321 34
122 34
310 34
146 41
195 34
141 41
164 34
193 34
162 34
205 8
108 41
151 41
73 41
277 41
24 34
267 34
59 34
315 34
316 41
312 34
194 34
140 41
188 41
85 41
246 34
248 41
49 34
91 34
65 34
265 34
run time cost of algorithm DRT_BD is 0.074311seconds
