1188800 98 17
0 0
1 0
2 0
3 0
4 0
5 0
6 0
7 0
8 0
9 0
10 0
11 0
12 0
13 0
14 0
15 0
16 0
17 0
18 34
19 0
20 0
21 0
22 0
23 34
24 0
25 0
26 0
27 0
28 0
29 0
30 0
31 0
32 0
33 0
34 0
35 0
36 0
37 0
38 0
39 0
40 0
41 0
42 0
43 0
44 1
45 0
46 0
47 34
48 0
49 0
50 0
51 0
52 0
53 0
54 0
55 34
56 0
57 0
58 0
59 0
60 0
61 0
62 0
63 0
64 0
65 0
66 0
67 0
68 0
69 0
70 0
71 34
72 1
73 0
74 1
75 0
76 0
77 0
78 0
79 0
80 0
81 0
82 0
83 0
84 0
85 0
86 0
87 0
88 0
89 0
90 34
91 0
92 0
93 0
94 0
95 0
96 34
97 0
98 0
99 0
100 0
101 0
102 0
103 0
104 0
105 0
106 0
107 0
108 0
109 0
110 0
111 0
112 0
113 0
114 0
115 0
116 0
117 0
118 0
119 0
120 34
121 1
122 0
123 0
124 0
125 0
126 34
127 0
128 1
129 0
130 0
131 0
132 0
133 0
134 0
135 34
136 0
137 0
138 0
139 1
140 1
141 0
142 1
143 0
144 0
145 0
146 1
147 0
148 0
149 34
150 0
151 34
152 0
153 1
154 1
155 34
156 0
157 0
158 0
159 0
160 0
161 0
162 0
163 0
164 0
165 0
166 0
167 0
168 1
169 34
170 34
171 0
172 0
173 0
174 0
175 0
176 0
177 1
178 0
179 0
180 0
181 34
182 0
183 0
184 0
185 0
186 0
187 0
188 0
189 0
190 0
191 0
192 0
193 0
194 0
195 0
196 0
197 1
198 0
199 1
200 0
201 0
202 0
203 0
204 0
205 0
206 0
207 0
208 0
209 0
210 0
211 0
212 1
213 1
214 0
215 1
216 34
217 0
218 0
219 0
220 0
221 0
222 0
223 0
224 0
225 0
226 34
227 0
228 34
229 0
230 0
231 0
232 0
233 0
234 34
235 0
236 0
237 0
238 0
239 0
240 0
241 0
242 34
243 0
244 0
245 0
246 0
247 34
248 0
249 0
250 0
251 0
252 0
253 0
254 0
255 0
256 1
257 1
258 34
259 0
260 0
261 0
262 0
263 34
264 1
265 0
266 0
267 1
268 34
269 0
270 0
271 0
272 0
273 0
274 0
275 0
276 0
277 0
278 0
279 0
280 0
281 1
282 0
283 0
284 0
285 34
286 0
287 0
288 1
289 0
290 34
291 1
292 0
293 0
294 0
295 34
296 1
297 0
298 1
299 1
300 0
301 0
302 0
303 0
304 0
305 0
306 1
307 1
308 0
309 34
310 0
311 0
312 0
313 1
314 1
315 0
316 0
317 1
318 0
319 0
320 0
321 0
322 0
323 0
324 0
325 0
326 0
327 0
328 0
329 0
330 0
331 1
332 34
333 0
334 0
335 0
336 0
337 0
338 0
339 0
340 0
341 0
342 0
343 0
344 0
345 0
346 1
347 2
348 0
349 0
350 0
351 1
352 1
353 0
354 1
355 0
356 0
357 0
358 0
359 0
360 0
361 0
362 0
363 1
364 0
365 0
366 1
367 0
368 0
369 0
370 0
371 1
372 0
373 0
374 0
375 1
376 0
377 0
378 1
379 0
380 0
381 0
382 0
383 0
384 1
385 0
386 1
387 0
388 0
389 0
390 0
391 1
392 34
393 34
394 0
395 0
396 0
397 0
398 0
399 0
400 1
401 1
402 1
403 0
404 0
405 0
406 0
407 0
408 0
409 1
410 0
411 0
412 1
413 0
414 1
415 0
416 0
417 1
418 1
419 1
420 0
421 0
422 0
423 0
424 1
425 0
426 0
427 0
428 1
429 1
430 1
431 0
432 34
433 1
434 0
435 0
436 0
437 0
438 0
439 0
440 1
441 0
442 0
443 0
444 1
445 0
446 1
447 1
448 1
449 0
450 0
451 0
452 0
453 0
454 0
455 0
456 0
457 0
458 0
459 0
460 0
461 0
462 0
463 0
464 0
465 0
466 0
467 0
468 0
469 0
470 0
471 0
472 0
473 0
474 0
475 0
476 0
477 0
478 0
479 0
480 8
481 0
482 0
483 0
484 1
485 0
486 0
487 1
488 0
489 0
490 0
491 1
492 0
493 1
494 1
495 0
496 0
497 0
498 0
499 0
500 0
501 0
502 1
503 0
504 0
505 0
506 0
507 0
508 0
509 34
510 0
511 0
512 1
513 0
514 0
515 0
516 0
517 0
518 0
519 0
520 1
521 1
522 1
523 1
524 1
525 0
526 0
527 0
528 1
529 0
530 0
531 0
532 2
533 0
534 1
535 0
536 0
537 1
538 1
539 1
540 0
541 1
542 1
543 0
544 0
545 0
546 1
547 0
548 0
549 0
550 1
551 0
552 0
553 0
554 1
555 0
556 34
557 1
558 0
559 2
560 0
561 0
562 0
563 0
564 0
565 1
566 0
567 0
568 34
569 2
570 0
571 0
572 0
573 0
574 0
575 1
576 0
577 0
578 0
579 1
580 0
581 34
582 2
583 1
584 0
585 0
586 0
587 0
588 0
589 1
590 0
591 1
592 0
593 0
594 0
595 1
596 0
597 0
598 1
599 0
600 0
601 0
602 0
603 34
604 0
605 0
606 0
607 0
608 34
609 1
610 34
611 0
612 1
613 0
614 34
615 0
616 0
617 1
618 0
619 0
620 0
621 0
622 1
623 0
624 0
625 0
626 0
627 0
628 0
629 1
630 0
631 34
632 1
633 1
634 0
635 0
636 0
637 0
638 34
639 0
640 1
641 1
642 1
643 0
644 1
645 34
646 34
647 0
648 0
649 0
650 0
651 0
652 0
653 1
654 34
655 0
656 0
657 0
658 1
659 1
660 0
661 1
662 0
663 0
664 1
665 0
666 0
667 1
668 34
669 1
670 34
671 0
672 0
673 0
674 1
675 0
676 0
677 34
678 0
679 0
680 0
681 0
682 1
683 0
684 0
685 0
686 0
687 34
688 0
689 1
690 1
691 0
692 0
693 1
694 0
695 0
696 0
697 0
698 0
699 0
700 0
701 0
702 0
703 34
704 1
705 0
706 1
707 0
708 0
709 0
710 0
711 0
712 0
713 0
714 2
715 1
716 2
717 1
718 0
719 1
720 0
721 0
722 34
723 0
724 0
725 0
726 0
727 1
728 0
729 0
730 0
731 0
732 1
run time cost of algorithm SM_CTP is 0.811551seconds
