363200 161 49
33 9
88 9
53 9
72 9
50 9
70 9
41 9
44 9
5 34
63 9
56 9
45 9
32 9
82 9
86 9
59 9
58 9
19 9
65 9
80 9
22 9
67 9
62 9
15 9
6 9
23 9
73 9
4 9
81 6
27 9
16 9
46 9
66 9
49 9
83 9
17 9
20 9
3 9
1 9
12 9
25 9
84 9
60 9
13 9
85 9
36 9
68 9
57 34
37 9
2 6
21 9
75 9
87 6
43 34
76 9
29 9
79 6
14 9
18 9
38 9
77 9
55 9
69 9
61 9
42 9
71 9
10 9
11 9
39 9
31 9
78 9
28 9
8 9
48 9
51 6
54 9
40 9
26 34
52 9
74 9
47 6
7 9
9 9
35 9
34 6
64 9
24 9
0 9
30 6
run time cost of algorithm DRT_AG is 0.000192seconds
