1428000 104 67
0 34
1 34
2 34
3 34
4 34
5 34
6 34
7 34
8 34
9 0
10 34
11 34
12 34
13 34
14 0
15 34
16 34
17 34
18 34
19 41
20 34
21 34
22 34
23 34
24 34
25 34
26 34
27 34
28 34
29 34
30 34
31 34
32 34
33 34
34 34
35 34
36 0
37 34
38 34
39 34
40 34
41 34
42 34
43 34
44 34
45 34
46 34
47 34
48 34
49 34
50 34
51 34
52 34
53 41
54 34
55 34
56 34
57 34
58 0
59 34
60 34
61 34
62 34
63 34
64 34
65 34
66 41
67 41
68 41
69 34
70 34
71 0
72 41
73 41
74 41
75 34
76 34
77 41
78 0
79 34
80 0
81 34
82 34
83 34
84 34
85 0
86 34
87 34
88 0
89 41
90 41
91 41
92 34
93 34
94 34
95 41
96 0
97 34
98 0
99 34
100 41
101 34
102 34
103 34
104 34
105 34
106 34
107 34
108 34
109 34
110 34
111 34
112 34
113 34
114 34
115 34
116 34
117 0
118 34
119 34
120 34
121 34
122 34
123 34
124 34
125 34
126 34
127 34
128 34
129 34
130 34
131 0
132 41
133 34
134 41
135 34
136 41
137 0
138 34
139 41
140 34
141 34
142 34
143 34
144 0
145 34
146 41
147 0
148 34
149 34
150 34
151 0
152 34
153 34
154 34
155 34
156 41
157 34
158 34
159 34
160 41
161 34
162 34
163 34
164 34
165 34
166 41
167 34
168 0
169 34
170 41
171 34
172 34
173 34
174 34
175 41
176 34
177 34
178 34
179 34
180 41
181 34
182 34
183 34
184 34
185 8
186 34
187 34
188 0
189 34
190 34
191 34
192 34
193 34
194 34
195 34
196 34
197 41
198 34
199 0
200 41
201 34
202 34
203 41
204 34
205 34
206 34
207 8
208 0
209 41
210 41
211 34
212 34
213 34
214 41
215 0
216 34
217 34
218 8
219 34
220 34
221 34
222 34
223 34
224 41
225 34
226 34
227 41
228 34
229 34
230 34
231 1
232 8
233 34
234 0
235 41
236 34
237 41
238 34
239 8
240 0
241 41
242 34
243 34
244 34
245 34
246 0
247 34
248 34
249 0
250 34
251 34
252 8
253 34
254 34
255 34
256 34
257 41
258 34
259 0
260 34
261 34
262 34
263 0
264 34
265 0
266 34
267 41
268 34
269 34
270 34
271 34
272 34
273 34
274 34
275 34
276 34
277 0
278 34
279 34
280 8
281 34
282 41
283 41
284 41
285 34
286 34
287 34
288 0
289 41
290 34
291 34
292 34
293 41
294 34
295 34
296 34
297 41
298 34
299 41
300 41
301 34
302 34
303 34
304 34
305 41
306 41
307 34
308 34
309 34
310 34
311 34
312 34
313 34
314 34
315 34
316 41
317 34
318 41
319 34
320 34
321 34
322 34
323 41
324 41
325 34
326 34
327 34
328 41
329 34
330 34
331 34
332 41
333 41
334 34
335 41
336 34
337 41
338 8
339 41
340 41
341 34
342 34
343 34
344 34
345 34
346 34
347 41
348 34
349 34
350 34
351 34
352 34
353 34
354 34
355 41
356 34
357 34
358 8
359 34
360 34
361 34
362 34
363 34
364 34
365 34
366 41
367 34
368 34
369 34
370 41
371 0
372 34
373 34
374 41
375 34
376 34
377 8
378 34
379 41
380 34
381 34
382 41
383 41
384 34
385 34
386 34
387 34
388 41
389 34
390 34
391 34
392 34
393 34
394 41
395 34
396 34
397 34
398 41
399 34
400 34
401 34
402 41
403 34
404 41
405 41
406 0
407 41
408 34
409 34
410 34
411 0
412 41
413 41
414 34
415 8
416 41
417 34
418 0
419 34
420 41
421 0
422 34
423 34
424 34
425 0
426 34
427 34
428 34
429 34
430 34
431 41
432 41
433 34
434 8
435 34
436 41
437 34
438 34
439 34
440 34
441 34
442 0
443 34
444 34
445 34
446 41
447 34
448 34
449 34
450 34
451 41
452 0
453 8
454 34
455 34
456 34
457 34
458 34
run time cost of algorithm SM_CTP is 0.613971seconds
