2274800 104 67
122 1
209 34
99 34
125 34
218 34
121 34
116 34
233 34
162 1
60 34
119 34
114 34
31 34
193 34
86 34
153 34
104 34
197 34
47 34
177 34
64 34
34 1
143 34
128 34
176 34
69 1
237 34
23 1
241 34
26 34
134 34
222 34
230 1
102 1
56 34
244 34
5 34
195 34
123 34
223 34
179 34
232 34
49 34
157 34
95 41
200 34
61 34
88 34
175 34
3 34
76 34
73 34
156 34
97 34
182 34
13 34
165 34
71 34
152 41
112 34
78 34
229 34
79 34
194 34
131 34
17 34
100 34
163 34
240 34
120 34
1 1
204 34
245 34
228 34
96 1
151 34
213 34
159 34
219 34
62 34
216 34
25 34
30 1
110 34
221 34
108 34
80 34
111 34
115 41
41 8
15 34
6 41
171 41
243 34
139 34
242 34
211 41
172 34
91 34
93 34
35 34
74 41
90 34
150 34
210 34
196 34
75 34
28 34
191 34
164 41
187 34
16 1
154 34
51 41
45 41
231 34
53 41
178 41
66 34
180 34
238 41
105 34
12 34
202 41
166 41
68 8
67 34
2 34
208 41
184 34
149 34
81 1
107 34
174 41
29 34
117 34
8 34
130 34
44 1
169 34
212 34
14 8
118 41
181 1
36 41
148 8
220 1
217 41
173 34
226 34
70 34
155 34
10 34
126 41
39 34
38 41
0 41
201 34
158 34
113 34
132 34
82 34
144 41
239 34
215 34
146 1
145 34
18 34
22 34
137 34
42 41
224 34
57 34
203 34
21 34
59 34
160 34
161 34
189 34
9 34
77 34
199 34
32 34
65 34
27 34
48 34
142 34
186 34
198 34
7 34
11 34
54 34
124 34
168 34
225 34
236 34
109 1
55 34
20 34
234 34
58 41
188 34
147 34
227 34
87 41
138 34
170 41
190 34
127 1
135 34
205 1
24 34
129 34
92 34
192 41
101 34
33 8
50 34
183 1
43 34
106 41
207 41
140 34
52 34
4 34
214 34
89 41
185 41
103 34
40 41
235 41
19 41
84 41
141 34
37 8
85 41
63 41
246 34
72 41
167 41
94 34
98 41
46 41
206 8
83 34
136 34
133 34
run time cost of algorithm DRT_BD is 0.036713seconds
