2717400 117 62
0 33
1 33
2 34
3 34
4 34
5 33
6 34
7 33
8 33
9 33
10 33
11 33
12 33
13 34
14 33
15 33
16 33
17 33
18 33
19 34
20 33
21 34
22 33
23 34
24 33
25 33
26 33
27 33
28 33
29 34
30 33
31 33
32 0
33 33
34 33
35 33
36 33
37 34
38 33
39 33
40 33
41 33
42 33
43 33
44 34
45 34
46 33
47 33
48 33
49 34
50 34
51 33
52 34
53 0
54 33
55 33
56 33
57 33
58 33
59 33
60 34
61 33
62 33
63 0
64 33
65 33
66 33
67 34
68 33
69 34
70 33
71 33
72 33
73 33
74 33
75 33
76 33
77 33
78 33
79 33
80 34
81 33
82 34
83 33
84 34
85 34
86 33
87 33
88 33
89 33
90 33
91 33
92 33
93 34
94 34
95 34
96 33
97 33
98 33
99 33
100 33
101 34
102 33
103 33
104 33
105 33
106 33
107 33
108 33
109 0
110 33
111 33
112 33
113 8
114 33
115 33
116 33
117 33
118 33
119 33
120 33
121 34
122 33
123 33
124 33
125 33
126 33
127 33
128 33
129 33
130 33
131 0
132 33
133 33
134 33
135 33
136 34
137 33
138 33
139 33
140 33
141 33
142 34
143 33
144 34
145 33
146 34
147 33
148 33
149 33
150 33
151 33
152 33
153 33
154 33
155 33
156 33
157 33
158 33
159 33
160 33
161 33
162 33
163 33
164 33
165 33
166 33
167 34
168 34
169 33
170 33
171 33
172 0
173 34
174 33
175 34
176 33
177 34
178 33
179 34
180 33
181 33
182 33
183 33
184 33
185 33
186 34
187 33
188 33
189 33
190 33
191 34
192 0
193 33
194 33
195 33
196 33
197 34
198 34
199 33
200 33
201 34
202 33
203 33
204 33
205 33
206 33
207 33
208 34
209 33
210 33
211 33
212 33
213 33
214 33
215 33
216 34
217 33
218 33
219 33
220 34
221 33
222 33
223 33
224 34
225 33
226 33
227 34
228 33
229 34
230 34
231 33
232 33
233 33
234 34
235 33
236 33
237 33
238 33
239 33
240 33
241 33
242 33
243 33
244 33
245 33
246 33
247 33
248 33
249 33
250 34
251 0
252 33
253 33
254 34
255 33
256 33
257 34
258 33
259 33
260 0
261 33
262 33
263 33
264 33
265 33
266 33
267 33
268 33
269 33
270 33
271 33
272 33
273 33
274 34
275 33
276 34
277 33
278 33
279 33
280 33
281 33
282 33
283 33
284 33
285 33
286 33
287 0
288 33
289 33
290 33
291 34
292 33
293 34
294 33
295 33
296 33
297 33
298 34
299 34
300 33
301 34
302 33
303 33
304 34
305 34
306 33
307 33
308 33
309 34
310 34
311 33
312 33
313 34
314 34
315 33
316 33
317 8
318 33
319 33
320 34
321 33
322 33
323 33
324 34
325 33
326 33
327 33
328 33
329 33
330 33
331 34
332 33
333 33
334 33
335 33
336 33
337 33
338 33
339 34
340 33
341 34
342 33
343 33
344 33
345 33
346 33
347 34
348 34
349 33
350 0
351 33
352 33
353 33
354 33
355 33
356 33
357 33
358 33
359 34
360 33
361 0
362 33
363 33
364 34
365 33
366 34
367 34
368 34
369 33
370 34
371 33
372 34
373 34
374 33
375 33
376 0
377 33
378 0
379 34
380 33
381 33
382 33
383 33
384 33
385 33
386 0
387 33
388 34
389 33
390 33
391 0
392 33
393 33
394 33
395 34
396 33
397 33
398 33
399 33
400 33
401 33
402 33
403 33
404 33
405 34
406 33
407 33
408 33
409 34
410 34
411 33
412 33
413 34
414 33
415 33
416 33
417 33
418 34
419 34
420 33
421 33
422 34
423 33
424 34
425 33
426 33
427 33
428 33
429 33
430 33
431 33
432 34
433 34
434 33
435 33
436 33
437 33
438 33
439 33
440 33
441 33
442 33
443 33
444 0
445 33
446 33
447 33
448 34
449 33
450 33
451 33
452 33
453 33
454 34
455 33
456 33
457 34
458 33
459 34
460 34
461 0
462 33
463 34
464 34
465 34
466 34
467 33
468 33
469 33
470 34
471 33
472 34
473 33
474 34
475 33
476 34
477 34
478 34
479 34
480 33
481 33
482 34
483 33
484 33
485 0
486 33
487 33
488 33
489 33
490 33
491 34
492 33
493 33
494 8
495 33
496 34
497 33
498 33
499 34
500 33
501 33
502 33
503 33
504 34
505 33
506 34
507 34
508 33
509 33
510 34
511 34
512 33
513 33
514 33
515 33
516 34
517 0
518 34
519 34
520 34
521 33
522 34
523 33
524 34
525 0
526 33
527 33
528 34
529 33
530 33
531 33
532 0
533 33
534 33
535 33
536 33
537 33
538 33
539 33
540 33
541 33
542 34
543 34
544 33
545 34
546 33
547 33
548 33
549 33
550 0
551 34
552 33
553 33
554 34
555 34
556 33
557 33
558 0
559 33
560 33
561 33
562 33
563 33
564 33
565 0
566 33
567 34
568 34
569 34
570 33
571 0
572 33
573 34
574 34
575 34
576 34
577 33
578 33
579 34
580 33
581 33
582 34
583 33
584 33
585 33
586 34
587 33
588 33
589 33
590 33
591 33
592 34
593 34
594 34
595 34
596 33
597 34
598 33
599 33
600 33
601 34
602 33
603 34
604 34
605 34
606 34
607 33
608 33
609 33
610 33
611 33
612 33
613 0
614 33
615 34
616 33
617 33
618 33
619 33
620 33
621 33
622 33
623 33
624 34
625 34
626 34
627 34
628 33
629 33
630 8
631 34
632 33
633 34
634 33
635 33
636 33
637 34
638 34
639 0
640 34
641 33
642 33
643 33
644 33
645 34
646 33
647 34
648 33
649 33
650 34
651 34
652 33
653 34
654 33
655 34
656 33
657 33
658 33
659 33
660 0
661 34
662 34
663 34
664 34
665 33
666 33
667 33
668 34
669 33
670 33
671 34
672 33
673 33
674 33
675 33
676 33
677 34
678 34
679 33
680 33
681 33
682 33
683 33
684 33
685 34
686 33
687 33
688 33
689 33
690 0
691 33
692 33
693 33
694 33
695 33
696 33
697 33
698 33
699 33
700 0
701 0
702 33
703 34
704 33
705 8
706 33
707 33
708 33
709 34
710 34
711 34
712 33
713 33
714 33
715 33
716 33
717 34
718 0
719 34
720 33
721 0
722 33
723 33
724 33
725 34
726 33
727 33
728 33
729 33
730 33
731 33
732 33
733 34
734 0
735 0
736 33
737 33
738 33
739 33
740 33
741 33
742 34
743 0
744 34
745 33
746 33
747 34
748 34
749 33
750 34
751 33
752 33
753 34
754 33
755 33
756 34
757 8
758 33
759 33
760 33
761 34
762 33
763 33
764 8
765 34
766 33
767 33
768 33
769 33
770 33
771 34
772 34
773 8
774 34
775 33
776 33
777 34
778 34
779 33
780 33
781 33
782 34
783 34
784 0
785 34
786 33
787 33
788 34
789 33
790 34
791 33
792 0
793 33
794 33
795 0
796 33
797 33
798 34
799 34
800 33
801 34
802 33
803 34
804 34
805 33
806 34
807 34
808 34
809 33
810 33
811 34
812 33
813 34
814 34
815 33
816 33
817 33
818 34
819 33
820 33
821 33
822 33
823 34
824 33
825 33
826 33
827 33
828 33
829 33
830 34
831 33
832 33
833 33
834 33
835 33
836 34
837 33
838 33
839 34
840 33
841 33
842 33
843 33
844 33
845 33
846 34
847 33
848 8
849 33
850 33
851 0
852 34
853 34
854 34
855 33
856 33
857 33
858 33
859 33
860 0
861 0
862 33
863 33
864 8
865 33
866 33
867 33
868 34
869 33
870 33
871 33
872 34
873 8
874 33
875 34
876 34
877 33
878 33
879 34
880 33
881 33
882 34
883 33
884 33
885 33
886 34
887 34
888 33
889 34
890 34
891 34
892 0
893 33
894 34
895 33
896 33
897 34
898 33
run time cost of algorithm SM_CTP is 1.90901seconds
