1002250 104 64
0 0
1 34
2 34
3 34
4 34
5 34
6 34
7 34
8 0
9 34
10 34
11 34
12 34
13 34
14 34
15 34
16 34
17 34
18 34
19 34
20 34
21 34
22 34
23 34
24 34
25 34
26 34
27 34
28 34
29 34
30 34
31 0
32 34
33 34
34 34
35 34
36 0
37 34
38 34
39 34
40 34
41 34
42 34
43 34
44 34
45 34
46 34
47 41
48 34
49 41
50 0
51 34
52 34
53 34
54 34
55 34
56 34
57 34
58 34
59 34
60 34
61 34
62 34
63 0
64 34
65 0
66 34
67 34
68 34
69 34
70 0
71 34
72 34
73 0
74 41
75 41
76 34
77 34
78 34
79 34
80 0
81 34
82 34
83 34
84 0
85 0
86 34
87 34
88 34
89 34
90 34
91 34
92 0
93 34
94 34
95 34
96 34
97 34
98 34
99 34
100 41
101 34
102 41
103 34
104 34
105 0
106 34
107 34
108 34
109 34
110 34
111 34
112 34
113 0
114 34
115 34
116 34
117 34
118 34
119 34
120 34
121 34
122 34
123 34
124 34
125 34
126 34
127 34
128 34
129 0
130 34
131 34
132 34
133 34
134 34
135 34
136 41
137 34
138 34
139 34
140 0
141 41
142 34
143 41
144 34
145 41
146 34
147 0
148 34
149 34
150 0
151 0
152 34
153 34
154 34
155 0
156 0
157 34
158 34
159 34
160 34
161 34
162 34
163 34
164 34
165 34
166 34
167 0
168 34
169 41
170 34
171 34
172 34
173 34
174 34
175 0
176 34
177 0
178 0
179 34
180 34
181 0
182 34
183 34
184 34
185 34
186 34
187 34
188 34
189 34
190 34
191 41
192 34
193 34
194 34
195 41
196 34
197 41
198 34
199 34
200 0
201 34
202 34
203 34
204 34
205 34
206 34
207 34
208 34
209 8
210 34
211 41
212 0
213 34
214 34
215 34
216 34
217 34
218 34
219 0
220 34
221 34
222 34
223 34
224 0
225 34
226 41
227 0
228 0
229 34
230 34
231 34
232 34
233 34
234 34
235 0
236 34
237 34
238 34
239 0
240 34
241 34
242 34
243 34
244 34
245 0
246 34
247 34
248 34
249 34
250 34
251 34
252 34
253 34
254 34
255 34
256 0
257 34
258 34
259 34
260 34
261 34
262 34
263 41
264 34
265 34
266 34
267 34
268 34
269 34
270 34
271 34
272 34
273 41
274 34
275 41
276 34
277 41
278 34
279 34
280 41
281 34
282 0
283 34
284 34
285 34
286 34
287 34
288 34
289 41
290 34
291 34
292 34
293 34
294 0
295 34
296 34
297 34
298 34
299 34
300 34
301 34
302 34
303 34
304 34
305 34
306 0
307 41
308 34
309 41
310 34
311 0
312 34
313 34
314 34
315 34
316 34
317 34
318 34
319 34
320 0
321 34
322 34
323 34
324 34
325 34
326 8
327 41
328 34
329 34
330 34
331 34
332 34
333 0
334 41
335 34
336 34
337 34
338 34
339 8
340 34
341 0
342 34
343 8
344 34
345 34
346 34
347 41
348 0
349 34
350 34
351 34
352 34
353 34
354 41
355 34
356 34
357 34
358 34
359 34
360 34
361 41
362 41
363 34
364 34
365 34
366 34
367 41
368 34
369 34
370 34
371 34
372 34
373 34
374 34
375 8
376 41
377 34
378 34
379 34
380 41
381 34
382 34
383 34
384 41
385 0
386 34
387 0
388 34
389 41
390 34
391 0
392 34
393 41
394 34
395 41
396 34
397 34
398 34
399 0
400 34
401 34
402 41
403 41
404 34
405 34
406 41
407 34
408 34
409 34
410 41
411 34
412 41
413 34
414 0
415 34
416 34
417 34
418 34
419 41
420 34
421 0
422 41
423 34
424 34
425 34
426 41
427 34
428 34
429 34
430 34
431 34
432 41
433 8
434 34
435 34
436 34
437 0
438 0
439 41
440 34
441 34
442 0
443 34
444 0
445 34
446 41
447 34
448 34
449 34
450 41
451 41
452 34
453 34
454 41
455 34
456 34
457 34
458 34
459 34
460 34
461 34
462 34
463 34
464 41
465 34
466 41
467 34
468 34
469 34
470 34
471 0
472 41
473 34
474 0
475 34
476 34
477 34
478 34
479 34
480 41
481 34
482 34
483 41
484 34
485 34
486 34
487 41
488 34
489 41
490 34
491 34
492 34
493 34
494 34
495 34
496 34
497 34
498 34
499 0
500 0
501 0
502 34
503 0
504 41
505 34
506 0
507 34
508 41
509 8
510 34
511 34
512 41
513 34
514 34
515 41
516 34
517 34
518 34
519 0
520 34
521 34
522 34
523 0
524 34
525 34
526 34
527 34
528 34
529 34
530 34
531 34
532 8
533 41
534 8
535 41
536 34
537 41
538 34
539 34
540 34
541 34
542 34
543 41
544 41
545 41
546 0
547 34
548 0
549 34
550 34
551 8
552 34
553 34
554 41
555 34
556 34
557 41
558 34
559 34
560 8
561 34
562 34
563 8
564 41
565 34
566 34
567 41
568 34
569 34
570 34
571 41
572 34
573 34
574 34
575 34
576 34
577 34
578 34
579 8
580 34
581 34
582 34
583 34
584 41
585 34
586 41
587 41
588 34
589 34
590 0
591 34
592 0
593 0
594 34
595 34
596 0
597 41
598 41
599 41
600 41
601 34
602 34
603 34
604 0
605 34
606 41
607 0
608 34
609 34
610 34
611 0
612 34
613 8
614 34
615 41
616 41
617 34
618 34
619 41
620 41
621 34
622 41
623 34
624 34
625 34
626 41
627 34
628 0
629 34
630 0
631 34
632 41
633 0
634 34
635 0
636 34
637 0
638 34
639 34
640 0
641 34
642 0
643 34
644 34
645 34
646 0
647 34
648 0
649 34
650 34
651 34
652 0
653 41
654 34
655 34
656 0
657 34
658 41
659 34
660 41
661 34
662 34
663 0
664 8
665 34
666 34
667 41
668 34
669 41
670 41
671 34
672 34
673 41
674 34
675 41
676 41
677 8
678 34
679 41
680 34
681 34
682 8
683 34
684 8
685 34
686 34
687 41
688 41
689 34
690 34
691 34
692 0
693 34
694 34
695 41
696 41
697 34
698 34
699 41
700 34
701 34
702 34
703 34
704 41
705 34
706 41
707 41
708 34
709 34
710 0
711 34
712 0
713 34
714 41
715 41
716 0
717 34
718 1
719 41
720 34
721 34
722 34
723 41
724 8
725 34
726 0
727 34
728 34
729 34
run time cost of algorithm SM_CTP is 1.10435seconds
