1047000 120 46
44 25
45 25
41 34
285 25
110 25
210 25
211 25
276 34
149 25
118 25
56 25
125 9
138 25
59 25
260 25
171 25
61 25
213 25
177 41
248 25
15 25
136 25
130 9
219 25
28 25
147 25
117 25
280 9
174 25
259 25
131 25
18 25
256 25
255 25
127 25
220 25
119 25
144 25
113 34
49 25
48 25
160 25
286 25
101 25
164 9
163 34
289 25
109 25
150 41
212 25
31 34
57 25
222 25
20 25
277 25
261 25
66 25
269 25
69 34
87 25
188 25
94 9
154 25
32 25
216 25
231 41
240 25
274 25
71 25
271 25
42 25
267 25
273 25
257 25
282 41
51 25
1 25
62 41
126 25
195 25
145 41
39 25
14 25
217 25
214 25
90 25
204 25
202 9
196 25
96 25
184 25
100 25
77 25
103 41
76 25
268 25
252 25
246 25
23 41
234 25
36 25
192 25
3 41
124 25
70 25
73 25
12 25
6 41
40 25
283 9
140 34
104 41
116 34
187 25
165 25
107 25
190 25
79 25
183 25
86 25
50 25
288 25
253 25
137 25
65 25
13 25
88 25
5 25
235 41
232 9
2 34
134 25
21 9
241 25
141 25
166 25
176 25
221 25
170 25
78 25
237 25
22 25
247 25
19 25
168 25
205 25
115 41
54 25
233 34
53 25
207 25
60 25
226 25
38 34
121 25
230 41
266 25
27 41
34 25
24 9
151 25
228 25
254 25
284 34
85 25
152 9
159 25
95 25
8 9
139 41
7 25
262 41
251 25
169 25
218 25
167 41
25 9
223 41
75 9
157 25
111 25
186 9
47 25
67 25
102 25
52 25
108 25
158 25
161 25
181 25
46 9
133 25
245 25
236 25
155 25
97 41
122 41
197 25
92 25
58 25
179 25
17 25
112 25
250 41
263 25
80 25
227 25
143 25
201 41
91 25
123 25
135 25
208 25
4 25
129 25
83 25
0 25
114 25
287 25
30 25
173 25
156 25
35 25
244 25
63 9
225 25
74 25
199 25
279 41
16 25
249 25
182 25
239 34
178 25
99 25
172 25
193 25
229 25
194 25
198 25
200 25
281 41
64 25
224 25
10 25
55 25
264 41
26 25
189 25
270 25
105 25
146 41
175 25
238 25
68 34
120 41
106 25
153 25
162 25
132 25
258 25
29 25
98 41
275 25
33 41
82 25
72 25
278 25
265 25
11 25
209 25
206 25
203 25
191 41
37 25
81 41
43 25
148 25
142 41
128 41
84 25
185 25
243 34
242 25
272 41
9 25
215 25
180 25
93 25
89 41
run time cost of algorithm DRT_AG is 0.001266seconds
