3182000 120 54
0 29
1 29
2 29
3 29
4 34
5 0
6 29
7 29
8 29
9 29
10 29
11 29
12 29
13 34
14 34
15 0
16 34
17 29
18 29
19 34
20 29
21 29
22 29
23 29
24 29
25 34
26 29
27 29
28 0
29 29
30 29
31 29
32 29
33 34
34 29
35 29
36 29
37 0
38 29
39 29
40 29
41 29
42 34
43 34
44 29
45 34
46 29
47 34
48 34
49 29
50 29
51 34
52 29
53 29
54 29
55 34
56 34
57 29
58 29
59 29
60 29
61 29
62 34
63 0
64 29
65 29
66 29
67 0
68 29
69 34
70 29
71 29
72 29
73 29
74 34
75 29
76 29
77 29
78 29
79 29
80 29
81 29
82 29
83 29
84 34
85 29
86 29
87 34
88 29
89 29
90 29
91 34
92 34
93 29
94 29
95 34
96 29
97 29
98 29
99 29
100 29
101 29
102 34
103 29
104 29
105 34
106 34
107 29
108 29
109 34
110 29
111 29
112 29
113 34
114 29
115 29
116 29
117 34
118 0
119 29
120 29
121 34
122 0
123 0
124 29
125 29
126 29
127 34
128 34
129 29
130 29
131 34
132 29
133 29
134 34
135 34
136 34
137 34
138 29
139 34
140 34
141 34
142 29
143 29
144 29
145 29
146 34
147 29
148 29
149 29
150 29
151 0
152 29
153 34
154 8
155 29
156 34
157 29
158 29
159 29
160 29
161 29
162 29
163 29
164 34
165 29
166 29
167 29
168 29
169 34
170 34
171 34
172 29
173 29
174 29
175 29
176 29
177 29
178 0
179 29
180 34
181 34
182 29
183 34
184 34
185 29
186 34
187 29
188 29
189 29
190 29
191 29
192 29
193 34
194 29
195 29
196 29
197 29
198 29
199 34
200 29
201 29
202 29
203 0
204 29
205 34
206 29
207 34
208 29
209 29
210 29
211 34
212 34
213 34
214 29
215 29
216 34
217 29
218 29
219 34
220 29
221 29
222 29
223 29
224 29
225 29
226 29
227 34
228 29
229 29
230 0
231 34
232 0
233 29
234 34
235 0
236 29
237 0
238 29
239 34
240 34
241 34
242 29
243 34
244 34
245 0
246 29
247 29
248 34
249 34
250 29
251 34
252 29
253 29
254 29
255 34
256 29
257 29
258 34
259 29
260 29
261 34
262 29
263 29
264 29
265 29
266 29
267 34
268 34
269 29
270 29
271 29
272 29
273 34
274 29
275 29
276 34
277 29
278 29
279 29
280 29
281 34
282 29
283 29
284 29
285 29
286 34
287 29
288 29
289 29
290 29
291 34
292 29
293 34
294 29
295 8
296 29
297 29
298 34
299 34
300 0
301 29
302 34
303 29
304 34
305 29
306 34
307 29
308 29
309 0
310 29
311 29
312 29
313 29
314 0
315 29
316 34
317 29
318 29
319 34
320 34
321 29
322 34
323 29
324 29
325 0
326 29
327 34
328 34
329 0
330 29
331 34
332 34
333 29
334 29
335 34
336 29
337 29
338 29
339 34
340 29
341 34
342 29
343 34
344 0
345 34
346 29
347 34
348 29
349 29
350 34
351 29
352 29
353 29
354 29
355 29
356 34
357 34
358 29
359 34
360 29
361 29
362 29
363 34
364 29
365 29
366 34
367 29
368 0
369 29
370 29
371 29
372 29
373 34
374 29
375 29
376 29
377 29
378 29
379 29
380 29
381 29
382 29
383 34
384 29
385 0
386 29
387 34
388 29
389 29
390 29
391 29
392 29
393 29
394 34
395 0
396 29
397 29
398 29
399 34
400 29
401 29
402 34
403 34
404 29
405 29
406 34
407 29
408 29
409 29
410 34
411 34
412 29
413 29
414 29
415 34
416 29
417 29
418 29
419 34
420 29
421 34
422 29
423 29
424 29
425 34
426 29
427 29
428 29
429 29
430 29
431 29
432 29
433 29
434 29
435 29
436 34
437 29
438 34
439 29
440 29
441 34
442 34
443 29
444 29
445 34
446 34
447 34
448 29
449 29
450 29
451 29
452 34
453 29
454 29
455 24
456 29
457 29
458 29
459 29
460 34
461 29
462 29
463 29
464 29
465 29
466 29
467 0
468 34
469 29
470 29
471 29
472 29
473 29
474 29
475 29
476 29
477 29
478 29
479 29
480 29
481 29
482 29
483 34
484 34
485 29
486 34
487 34
488 29
489 34
490 29
491 29
492 34
493 34
494 34
495 29
496 29
497 34
498 34
499 29
500 29
501 29
502 34
503 34
504 29
505 29
506 29
507 29
508 29
509 29
510 34
511 34
512 29
513 34
514 29
515 0
516 29
517 34
518 29
519 34
520 0
521 29
522 29
523 29
524 29
525 29
526 29
527 29
528 29
529 29
530 29
531 29
532 29
533 34
534 29
535 34
536 34
537 29
538 29
539 29
540 29
541 29
542 29
543 34
544 34
545 34
546 34
547 29
548 29
549 29
550 29
551 34
552 29
553 29
554 29
555 34
556 29
557 29
558 0
559 29
560 29
561 29
562 29
563 29
564 29
565 34
566 29
567 29
568 29
569 29
570 29
571 29
572 34
573 29
574 29
575 29
576 34
577 29
578 29
579 29
580 29
581 29
582 34
583 29
584 34
585 29
586 34
587 34
588 0
589 0
590 29
591 29
592 34
593 29
594 29
595 29
596 34
597 34
598 29
599 29
600 29
601 29
602 34
603 29
604 29
605 29
606 0
607 29
608 29
609 29
610 34
611 24
612 29
613 34
614 29
615 29
616 34
617 29
618 29
619 29
620 29
621 34
622 34
623 29
624 29
625 29
626 29
627 29
628 34
629 29
630 29
631 29
632 24
633 34
634 24
635 29
636 29
637 29
638 29
639 8
640 29
641 29
642 29
643 29
644 29
645 29
646 0
647 34
648 29
649 29
650 34
651 34
652 29
653 24
654 34
655 29
656 29
657 29
658 29
659 0
660 29
661 34
662 34
663 29
664 29
665 29
666 34
667 34
668 34
669 29
670 0
671 29
672 29
673 0
674 29
675 29
676 29
677 29
678 29
679 29
680 0
681 29
682 34
683 29
684 29
685 0
686 34
687 0
688 29
689 34
690 29
691 34
692 29
693 29
694 29
695 29
696 29
697 29
698 34
699 29
700 29
701 29
702 29
703 29
704 29
705 29
706 29
707 29
708 29
709 34
710 0
711 29
712 34
713 29
714 34
715 29
716 29
717 29
718 29
719 29
720 29
721 34
722 0
723 34
724 29
725 24
726 34
727 29
728 34
729 29
730 29
731 34
732 34
733 34
734 29
735 34
736 29
737 29
738 0
739 0
740 29
741 29
742 29
743 0
744 29
745 34
746 29
747 29
748 29
749 34
750 34
751 34
752 29
753 29
754 29
755 29
756 0
757 29
758 34
759 29
760 34
761 29
762 24
763 34
764 0
765 24
766 29
767 34
768 29
769 29
770 34
771 34
772 29
773 34
774 29
775 34
776 29
777 29
778 34
779 34
780 29
781 29
782 29
783 34
784 34
785 34
786 29
787 0
788 29
789 29
790 29
791 29
792 34
793 29
794 34
795 34
796 29
797 29
798 29
799 34
800 29
801 29
802 29
803 29
804 34
805 29
806 34
807 29
808 29
809 34
810 34
811 29
812 29
813 29
814 34
815 34
816 0
817 34
818 29
819 34
820 34
821 29
822 34
823 34
824 34
825 34
826 34
827 34
828 34
829 34
830 29
831 34
832 34
833 34
834 34
835 34
836 34
837 34
838 34
839 24
840 34
841 34
842 34
843 34
844 34
845 34
run time cost of algorithm SM_CTP is 1.99382seconds
