539700 104 64
0 34
1 0
2 34
3 34
4 34
5 34
6 0
7 34
8 34
9 34
10 34
11 34
12 34
13 34
14 34
15 34
16 34
17 34
18 34
19 34
20 34
21 34
22 34
23 34
24 34
25 34
26 34
27 34
28 34
29 34
30 34
31 34
32 34
33 34
34 34
35 34
36 34
37 41
38 0
39 34
40 34
41 0
42 0
43 0
44 34
45 34
46 34
47 34
48 34
49 34
50 0
51 34
52 0
53 8
54 34
55 34
56 34
57 34
58 34
59 0
60 34
61 0
62 34
63 34
64 34
65 34
66 34
67 34
68 34
69 34
70 34
71 34
72 0
73 41
74 41
75 34
76 0
77 34
78 34
79 41
80 34
81 34
82 41
83 34
84 34
85 34
86 34
87 34
88 41
89 34
90 34
91 34
92 34
93 34
94 41
95 34
96 34
97 41
98 34
99 34
100 0
101 34
102 34
103 34
104 34
105 0
106 34
107 34
108 41
109 34
110 0
111 34
112 41
113 34
114 34
115 34
116 34
117 0
118 34
119 0
120 34
121 34
122 41
123 34
124 0
125 34
126 34
127 41
128 0
129 41
130 41
131 0
132 34
133 34
134 34
135 34
136 41
137 41
138 34
139 0
140 34
141 34
142 34
143 41
144 34
145 41
146 34
147 34
148 34
149 0
150 34
151 0
152 34
153 0
154 34
155 34
156 34
157 0
158 34
159 34
160 34
161 34
162 34
163 34
164 34
165 34
166 34
167 34
168 0
169 34
170 34
171 34
172 0
173 0
174 34
175 41
176 41
177 41
178 1
179 41
180 34
181 0
182 34
183 0
184 34
185 41
186 34
187 34
188 34
189 34
190 34
191 34
192 34
193 34
194 41
195 34
196 34
197 34
198 0
199 34
200 34
201 34
202 41
203 34
204 34
205 34
206 34
207 34
208 34
209 34
210 34
211 0
212 34
213 34
214 41
215 41
216 34
217 0
218 41
219 34
220 34
221 8
222 34
223 41
224 34
225 34
226 41
227 41
228 41
229 34
230 34
231 41
232 34
233 34
234 34
235 34
236 41
237 34
238 34
239 34
240 34
241 41
242 0
243 34
244 34
245 41
246 34
247 41
248 34
249 41
250 41
251 34
252 8
253 34
254 34
255 34
256 34
257 41
258 34
259 34
260 8
261 34
262 34
263 41
264 34
265 34
266 34
267 41
268 41
269 34
270 41
271 41
272 34
273 34
274 34
275 34
276 41
277 34
278 34
279 34
280 0
281 34
282 34
283 0
284 34
285 34
286 34
287 8
288 41
289 34
290 34
291 34
292 41
293 0
294 41
295 34
296 34
297 34
298 34
299 41
300 8
301 41
302 41
303 41
304 34
305 41
306 34
307 34
308 41
309 34
310 34
311 34
312 34
313 41
314 34
315 34
316 34
317 41
318 8
319 34
320 34
321 34
322 34
323 41
324 8
325 8
326 8
327 34
328 34
329 0
330 41
331 34
332 34
333 34
334 41
335 34
336 34
337 34
338 41
339 0
340 8
341 34
342 0
343 34
344 0
345 34
346 0
347 41
348 34
349 34
350 8
351 34
352 34
353 8
354 0
355 41
356 41
357 41
358 0
359 0
360 34
361 0
362 41
363 34
364 34
365 34
366 8
367 8
368 34
369 41
370 41
371 34
372 34
373 0
374 41
375 34
376 8
377 41
378 34
379 41
380 41
381 0
run time cost of algorithm SM_CTP is 0.358784seconds
