2101600 161 47
81 9
422 9
127 9
338 9
327 9
162 9
310 9
163 9
466 9
98 9
449 9
109 9
156 9
307 9
12 34
189 9
204 9
34 9
293 9
180 9
166 9
164 9
319 9
464 9
96 9
231 9
51 9
301 9
393 9
416 9
125 9
436 9
473 9
0 9
25 9
323 9
336 9
410 9
58 9
278 9
77 34
302 9
299 9
114 9
13 9
33 9
386 9
228 9
193 9
173 9
274 9
2 34
411 9
67 9
211 9
453 9
358 9
385 9
188 34
223 34
56 9
116 9
120 9
249 9
349 9
53 9
18 9
452 9
324 9
95 9
463 9
326 9
330 9
318 9
300 9
80 9
191 9
150 9
359 9
371 9
380 9
280 9
39 9
322 9
134 34
437 9
94 9
132 9
172 9
218 9
303 9
225 9
248 9
182 9
130 9
87 9
356 9
268 9
232 9
177 9
255 9
239 9
251 9
197 9
168 9
66 9
59 9
85 34
1 9
292 9
291 9
194 9
284 9
315 9
15 9
70 9
10 9
407 9
368 9
337 9
229 9
454 9
195 9
55 9
353 9
90 9
402 9
41 9
321 9
76 9
6 9
169 9
261 9
352 34
99 9
220 9
140 9
461 9
391 9
149 9
357 9
24 9
4 9
460 9
392 9
167 9
46 9
71 9
91 34
347 9
462 9
129 9
224 9
145 9
48 9
210 9
313 34
113 9
389 9
451 9
456 9
329 34
115 9
124 9
102 9
152 9
384 9
202 9
28 9
408 9
472 9
234 9
373 9
103 9
403 9
308 9
273 9
345 9
68 9
14 9
286 9
92 9
97 9
21 9
110 9
295 9
121 9
165 9
45 9
78 9
421 6
425 9
209 9
119 9
399 9
126 9
89 9
19 9
11 9
341 9
203 9
394 9
22 9
426 9
445 9
86 9
333 9
381 9
396 6
365 9
117 9
354 9
137 9
93 6
309 9
276 6
267 9
275 9
213 9
153 6
242 9
174 9
171 9
32 9
122 34
429 6
272 9
305 9
233 9
123 9
230 9
237 6
459 9
340 6
351 9
181 9
470 34
332 9
200 9
201 9
60 9
264 9
64 9
469 9
175 9
246 9
214 9
367 9
378 9
467 9
294 9
185 9
290 9
215 9
54 9
468 9
44 34
161 34
128 9
420 9
254 9
259 9
106 9
434 9
444 9
312 34
331 9
404 9
270 9
277 9
217 9
144 9
155 9
297 9
296 9
431 9
424 9
412 9
178 9
304 9
271 9
238 9
457 34
455 9
8 9
9 9
190 9
148 9
266 9
320 9
47 9
3 9
52 9
75 9
260 9
409 9
257 9
146 9
443 9
16 6
31 9
131 9
7 9
216 9
198 9
465 9
397 9
441 9
265 9
5 9
458 9
343 9
438 34
447 9
179 9
263 9
23 9
342 9
37 9
30 9
369 34
258 9
112 9
61 9
240 9
398 9
430 9
83 9
432 9
306 9
415 9
184 9
196 34
448 9
376 9
208 9
72 9
219 9
440 9
135 9
348 9
413 9
262 34
17 9
383 9
101 9
247 9
334 9
253 9
222 9
289 9
417 9
111 6
221 9
346 9
375 34
374 9
401 9
236 9
62 9
20 9
27 9
108 9
104 6
283 6
82 9
439 9
142 34
418 9
43 9
252 6
372 9
379 9
328 9
298 9
226 9
157 9
118 9
133 9
419 9
446 9
442 34
350 9
186 9
377 9
159 9
317 9
427 9
311 9
187 6
471 9
26 9
364 9
250 9
136 9
141 6
69 9
433 9
74 9
361 9
360 9
176 9
84 9
192 6
279 9
170 9
65 9
335 9
40 9
35 9
160 34
241 9
400 9
36 9
281 9
199 9
107 9
395 9
235 9
151 9
154 6
362 9
244 9
269 34
63 34
344 9
139 9
88 9
414 9
256 9
143 9
435 9
405 9
325 9
183 9
212 9
42 9
355 9
227 34
390 9
105 9
147 9
366 9
243 9
388 9
450 34
363 9
285 9
158 6
387 9
29 9
100 9
50 9
205 9
282 9
288 9
206 9
138 6
287 9
316 9
57 9
370 9
428 9
49 9
406 6
38 9
339 6
245 9
382 34
207 9
79 6
73 9
423 9
314 9
run time cost of algorithm DRT_AG is 0.003102seconds
