2962400 170 29
682 9
694 25
794 25
695 41
158 25
656 25
268 25
718 34
308 25
723 25
312 25
103 25
326 25
357 25
358 25
368 25
16 9
374 25
506 25
537 25
529 25
429 25
446 25
448 25
24 25
454 25
690 25
516 25
126 25
781 25
514 25
636 25
248 25
244 25
617 25
439 34
5 25
105 25
726 25
95 25
599 25
169 25
215 25
766 25
168 25
330 25
46 25
88 25
332 25
591 9
353 25
367 25
185 25
371 25
487 25
597 25
449 25
760 25
553 25
684 25
634 25
643 25
549 25
63 25
162 34
647 25
547 34
366 25
113 25
191 25
485 25
33 25
722 25
238 25
677 25
791 41
49 41
697 9
196 25
496 25
675 25
735 41
526 25
335 25
199 25
333 25
465 41
410 25
453 25
477 25
90 25
771 25
233 9
12 41
313 25
229 25
658 9
317 25
527 25
603 25
509 25
423 25
667 25
707 41
494 41
542 25
734 25
79 34
50 25
354 25
503 25
519 25
745 25
362 25
170 25
628 25
189 25
505 34
377 25
119 25
384 25
186 25
276 25
123 34
729 25
6 34
779 25
267 8
182 34
716 25
257 34
714 25
510 25
474 25
626 25
621 25
136 25
749 25
192 25
309 25
74 25
343 25
341 25
232 9
730 25
676 25
662 25
493 25
91 25
210 25
92 41
202 25
592 25
336 25
96 25
142 25
792 25
11 9
14 25
608 25
654 25
750 25
649 34
559 25
56 25
557 25
406 25
764 41
508 25
768 25
284 25
171 9
117 41
277 25
687 25
669 25
492 25
177 25
246 25
457 25
776 25
430 25
775 25
762 41
59 25
751 25
578 25
579 25
355 25
338 34
190 25
325 25
320 34
310 25
305 25
696 25
620 41
286 41
720 41
717 25
260 25
713 25
661 34
221 25
704 25
218 25
663 25
0 25
178 41
254 25
10 25
250 41
212 41
265 25
274 25
283 25
298 25
616 25
778 25
436 25
99 25
740 34
151 41
77 25
587 25
359 25
577 25
227 25
563 25
561 25
402 34
52 25
143 41
683 25
161 25
85 25
732 25
708 25
601 25
767 25
315 25
108 25
782 25
698 25
23 25
291 25
787 25
635 41
472 25
700 41
15 9
263 25
483 34
586 34
373 41
208 25
480 41
447 25
431 25
150 25
660 25
404 41
53 41
224 25
551 41
705 25
387 25
691 25
381 41
574 9
376 25
375 25
754 25
692 25
364 25
709 25
318 25
241 25
306 25
112 25
294 25
83 25
741 41
174 25
128 34
630 25
558 25
203 41
646 41
207 9
45 25
342 25
625 25
17 25
788 25
295 9
226 25
160 25
644 25
172 9
459 25
458 25
26 41
66 25
275 25
258 25
520 41
271 34
445 25
441 25
744 34
54 25
777 25
606 25
756 25
518 34
130 41
568 25
517 25
272 25
460 25
321 25
347 25
40 25
135 41
462 25
344 41
532 25
657 9
67 41
471 25
413 34
733 41
114 25
84 41
473 25
668 25
164 25
673 34
486 25
797 34
543 9
765 25
533 25
531 34
565 25
127 25
322 25
219 25
570 9
672 25
576 25
100 25
311 25
193 25
205 25
242 25
632 41
206 25
706 25
22 25
154 25
365 25
252 25
414 41
132 25
641 25
746 25
64 25
93 25
370 41
4 25
94 25
13 25
653 25
188 34
639 41
469 25
118 41
528 9
642 25
511 25
426 41
686 25
433 25
555 25
452 25
434 41
36 25
758 25
560 41
249 41
173 25
443 25
394 25
388 25
111 25
397 25
455 41
590 34
432 41
550 41
710 41
21 41
786 41
481 41
228 41
491 41
538 34
80 34
428 25
386 25
711 41
68 9
637 41
629 41
501 41
214 41
327 41
379 41
512 34
234 41
230 41
348 41
323 41
385 41
302 9
120 34
153 41
159 41
181 41
231 41
522 41
97 41
55 41
502 34
211 41
581 41
701 41
536 41
269 41
482 34
681 41
76 9
106 41
495 41
87 41
420 9
247 37
28 34
618 41
790 41
540 41
651 41
548 41
339 41
631 41
783 41
194 41
530 37
51 41
721 41
622 41
109 41
655 41
331 41
122 41
337 41
583 41
699 41
293 41
264 41
329 41
289 41
340 9
72 9
216 41
582 41
419 41
498 41
115 41
372 34
141 41
152 41
363 41
30 41
39 41
793 41
235 41
104 41
440 41
239 41
624 41
798 38
2 41
3 41
390 41
497 34
382 41
572 41
408 41
361 41
356 41
38 41
352 41
585 41
324 41
763 37
307 34
466 41
73 41
304 41
619 41
297 41
724 38
110 34
296 41
281 41
146 41
664 41
147 41
200 41
670 41
442 34
220 34
253 41
255 41
638 41
712 41
451 41
728 41
98 41
739 41
62 37
316 41
468 41
345 41
349 41
470 41
44 41
772 41
35 37
575 34
25 38
784 41
785 9
18 41
400 9
401 41
399 41
674 37
425 41
640 41
490 41
245 37
256 41
7 41
666 41
479 41
393 41
300 41
184 41
417 41
607 41
137 41
389 41
478 41
596 41
513 34
346 41
86 41
571 41
761 41
412 9
753 41
742 41
69 41
369 34
748 38
70 41
1 9
251 9
743 9
409 41
78 41
287 41
652 41
796 41
223 41
89 41
209 41
416 41
42 9
727 41
615 41
614 41
770 41
328 34
157 41
611 41
515 41
319 41
610 41
438 41
32 41
140 41
702 41
546 37
562 41
133 38
125 41
107 41
598 41
613 41
595 41
594 41
163 41
176 41
179 37
780 41
392 9
504 41
422 41
20 34
48 41
236 41
237 41
81 41
463 37
60 41
360 41
552 41
580 41
279 34
280 41
774 41
278 41
131 41
61 41
270 41
71 41
685 37
421 41
187 41
259 9
19 41
102 41
396 41
334 41
27 41
679 41
678 41
288 41
405 41
31 41
569 41
43 41
149 41
225 41
299 41
665 41
523 41
524 41
541 41
37 41
148 41
623 41
213 37
659 41
292 41
383 6
461 41
564 41
155 41
627 41
589 37
197 41
195 34
391 41
29 41
584 41
124 41
488 41
759 38
58 37
266 41
301 41
303 41
129 34
411 41
407 41
450 9
380 41
755 37
573 37
680 41
737 41
544 41
489 41
41 9
34 41
290 9
648 37
593 41
403 41
725 41
535 41
8 41
554 37
273 41
534 41
545 37
602 34
604 41
138 9
282 41
262 41
556 41
261 38
395 41
525 41
650 41
600 9
144 41
285 38
240 41
566 37
217 37
476 9
101 41
769 41
201 41
180 34
588 38
82 37
688 41
736 41
689 41
167 41
752 41
418 41
467 41
65 41
539 37
464 41
165 41
693 41
747 41
166 41
378 38
351 41
633 41
350 41
427 37
715 41
612 41
415 38
757 41
156 41
183 41
795 41
789 37
521 41
507 41
47 37
435 41
500 41
437 41
204 41
609 41
567 9
475 41
314 37
773 41
703 41
222 41
121 41
424 41
456 41
243 41
145 41
116 41
444 41
671 41
499 41
719 41
731 9
645 41
484 41
198 38
9 9
605 34
134 41
139 41
398 41
57 41
175 41
738 41
75 37
run time cost of algorithm DRT_AG is 0.007405seconds
