1718400 120 45
225 9
189 25
111 25
361 25
452 25
150 9
98 25
199 25
30 25
123 34
282 25
340 25
128 25
152 25
302 25
158 25
119 25
141 25
345 25
291 41
399 25
408 34
22 25
134 25
24 25
25 25
39 25
36 41
398 25
428 34
137 25
118 25
94 25
33 25
129 25
81 25
135 25
363 25
315 25
153 25
12 25
140 25
62 25
470 25
17 25
60 25
77 25
359 25
256 34
356 25
254 34
104 25
385 25
255 25
184 34
357 25
414 25
242 25
386 25
380 25
45 25
268 25
115 25
147 25
97 25
168 25
32 25
397 41
230 25
212 25
437 9
310 34
138 25
402 25
226 25
274 34
229 25
266 25
1 25
401 25
321 25
464 25
306 9
405 25
298 25
214 34
71 25
26 25
207 25
205 25
31 25
112 34
261 34
58 25
193 34
423 25
194 25
436 41
471 25
305 25
59 25
132 25
224 25
418 25
354 9
148 25
300 34
288 25
370 25
314 25
222 25
462 34
169 25
151 25
181 25
424 9
442 25
387 25
393 34
327 41
445 41
280 25
455 34
281 25
165 25
163 34
196 25
72 25
69 41
252 25
289 25
297 25
371 25
221 25
317 25
429 25
28 25
29 25
239 25
116 25
347 25
198 25
350 25
416 41
54 25
233 25
162 25
55 25
453 25
16 25
220 25
89 25
348 25
14 25
218 25
448 25
373 25
85 25
190 25
411 25
122 25
309 25
308 41
369 41
164 41
187 25
232 25
244 25
117 25
404 25
48 9
468 25
201 25
276 25
413 34
454 25
449 25
179 25
344 25
286 25
251 25
290 25
83 25
278 25
110 25
204 34
219 25
10 25
351 25
6 25
311 41
450 25
186 25
324 25
394 25
2 25
329 25
47 34
334 25
407 25
155 25
395 25
241 25
76 25
299 25
301 25
378 25
88 25
208 41
170 25
456 25
34 25
381 25
307 25
463 41
440 34
267 25
84 25
90 25
273 25
346 25
195 25
228 25
325 25
74 25
264 25
145 25
176 41
353 25
101 41
465 25
188 34
202 41
396 25
275 34
146 25
13 25
182 25
53 25
335 25
427 25
375 25
57 25
461 25
79 25
339 25
287 25
238 41
107 25
106 25
303 25
368 25
216 9
312 25
156 25
44 25
99 25
403 25
425 9
260 25
197 41
92 25
73 25
313 9
372 25
390 25
446 25
65 25
23 25
451 25
52 25
419 25
272 25
203 25
38 25
253 41
262 41
277 41
183 25
349 25
409 25
96 25
180 25
412 41
342 25
43 25
430 25
304 25
211 25
175 41
337 25
19 25
192 41
292 25
15 25
56 25
49 25
4 9
50 25
200 25
210 34
68 25
114 25
279 25
231 25
248 25
157 25
384 41
367 25
422 25
250 25
120 34
246 41
237 25
113 25
20 41
133 25
136 25
139 25
18 34
320 9
142 25
80 25
323 25
338 9
0 9
283 25
240 25
365 41
121 25
124 34
358 41
245 25
227 25
352 25
258 25
173 25
432 25
67 25
159 25
160 25
439 9
284 41
343 25
215 25
271 41
167 25
433 25
336 25
66 41
457 9
131 25
78 25
63 41
191 25
42 41
466 9
410 25
331 25
426 25
360 25
319 25
37 25
100 34
64 25
295 41
126 41
257 25
61 25
247 25
91 25
217 25
379 41
35 25
296 25
213 25
46 25
185 25
234 25
40 41
263 25
441 41
21 41
467 9
330 25
366 25
166 25
127 25
285 34
293 25
434 41
400 25
406 9
243 25
209 25
376 25
362 25
223 25
93 25
108 41
469 25
438 25
341 25
236 41
143 25
316 25
8 25
70 25
171 25
82 25
332 25
364 25
11 25
458 9
174 34
415 25
249 25
41 25
391 25
102 34
154 25
7 41
294 41
460 25
459 41
27 25
355 41
322 25
374 41
125 25
130 25
431 25
144 25
178 25
326 25
435 25
443 41
389 25
392 25
5 25
161 25
388 25
333 25
75 41
421 9
149 41
383 25
269 25
382 25
105 25
86 41
377 41
206 25
235 25
109 25
51 25
417 25
95 25
270 25
177 25
318 9
172 25
3 25
420 41
87 25
259 25
265 25
447 25
9 25
103 25
444 34
328 25
run time cost of algorithm DRT_AG is 0.002705seconds
