1832800 109 64
282 34
468 34
66 34
330 34
78 34
134 34
460 34
121 34
104 34
81 34
393 34
258 34
196 34
98 34
17 34
232 34
136 34
336 34
427 34
257 34
101 34
50 34
49 34
119 34
467 23
67 34
117 34
43 34
416 23
29 34
414 34
222 34
376 34
374 34
367 34
178 34
30 34
37 34
7 34
438 34
417 34
355 34
137 34
457 34
382 34
256 34
312 23
185 34
236 34
130 34
470 34
238 34
334 23
387 34
363 34
241 34
228 34
35 23
176 23
296 34
187 34
10 34
9 34
327 34
64 34
212 34
125 34
127 34
433 34
485 34
290 34
113 34
225 34
302 34
18 23
197 8
351 34
128 34
145 24
47 34
343 34
65 34
230 34
253 34
402 34
338 34
397 34
391 34
385 34
217 34
447 34
453 34
399 34
297 34
267 34
362 34
442 34
249 23
345 23
143 34
431 34
432 34
61 34
63 24
207 23
202 34
201 34
303 34
95 23
219 34
85 34
394 23
22 34
300 24
32 23
42 34
288 34
46 34
353 34
54 24
71 23
484 34
371 24
89 23
198 34
392 24
100 34
62 24
299 24
183 34
350 34
276 34
74 34
245 34
291 34
135 34
475 34
289 34
420 34
261 34
161 34
445 34
341 34
272 34
167 24
159 34
221 34
368 34
406 34
122 34
444 8
129 24
370 34
118 24
259 34
278 8
156 34
168 34
20 34
268 34
264 34
293 34
75 34
195 24
492 34
287 34
265 34
429 34
331 24
366 34
235 23
5 34
430 23
488 34
428 34
210 23
401 34
140 34
440 34
254 34
105 23
340 24
274 34
152 34
170 34
377 34
263 34
434 34
486 34
301 34
423 24
476 34
124 23
227 34
422 34
26 34
332 34
15 34
455 34
120 34
6 34
220 24
240 34
83 34
487 34
175 8
494 34
435 34
213 23
275 34
361 34
478 34
319 34
284 23
348 24
80 34
339 34
25 34
316 34
446 24
357 24
133 34
425 34
174 34
224 34
325 34
1 34
419 34
231 24
229 34
211 34
280 34
247 24
270 34
39 34
82 24
91 34
23 34
436 24
281 34
141 34
182 34
13 34
0 34
408 34
308 34
396 24
77 34
2 23
215 34
304 34
36 34
461 34
369 34
24 23
255 24
360 23
450 23
192 24
3 34
464 34
251 34
441 8
40 34
45 24
359 24
59 34
277 24
482 34
262 34
378 34
31 34
315 34
21 34
153 34
8 34
204 34
155 23
146 34
44 24
479 24
421 34
342 34
474 34
471 34
465 24
218 34
469 34
177 34
76 34
403 34
208 34
292 34
459 34
294 24
158 8
489 24
154 34
458 34
451 34
102 34
352 34
19 34
151 34
443 34
14 34
243 23
138 34
12 34
149 34
16 34
491 23
92 24
313 34
466 34
72 34
286 34
51 34
248 24
206 34
320 34
386 24
481 34
326 34
388 24
88 34
333 34
349 24
418 34
273 24
157 23
375 24
205 34
234 34
244 34
462 34
398 34
405 34
172 34
165 34
112 34
295 34
424 34
163 34
449 24
415 34
452 34
266 23
456 24
307 8
60 24
188 34
191 34
56 34
233 34
490 34
148 23
160 34
108 34
260 34
412 34
404 23
356 23
181 34
309 34
473 8
48 24
194 34
200 24
203 24
11 34
407 23
317 34
139 24
283 34
344 34
298 34
41 24
111 34
110 24
337 34
305 24
354 34
454 8
173 34
365 34
310 34
57 34
329 34
79 24
68 34
239 24
190 24
328 34
96 23
123 34
186 34
84 34
86 34
147 34
58 34
27 34
321 34
384 23
477 34
279 24
439 34
372 34
271 34
409 34
52 34
483 24
109 34
70 8
380 34
448 34
411 34
226 8
34 34
114 34
103 8
97 34
28 34
324 34
364 24
115 23
437 34
116 24
246 34
311 34
131 34
106 34
495 24
358 24
314 34
193 34
126 34
237 34
381 34
162 34
395 23
184 34
347 34
400 34
269 8
180 8
214 34
413 8
252 34
410 23
93 34
99 34
335 34
250 34
33 24
199 34
179 24
94 34
171 34
90 34
169 34
87 34
166 34
463 34
223 8
346 34
322 34
73 34
242 34
323 34
189 24
390 24
150 34
389 34
209 24
144 24
4 34
383 8
55 24
216 24
480 24
53 24
472 34
379 34
69 24
142 24
38 34
306 24
318 8
107 24
164 24
426 24
285 24
493 34
132 23
373 34
run time cost of algorithm DRT_BD is 0.146309seconds
