559350 170 42
211 25
216 25
32 25
123 25
81 9
130 25
131 25
23 9
132 25
17 25
153 25
181 34
247 25
237 25
235 25
49 25
13 25
85 25
141 25
270 25
316 25
147 25
157 25
3 25
1 25
290 25
140 9
274 9
257 25
340 9
33 25
38 9
186 25
86 25
296 9
101 34
154 34
208 25
233 25
40 25
28 25
261 25
94 25
299 25
179 34
176 25
170 25
11 25
7 25
321 25
75 25
224 34
90 25
161 34
309 25
156 25
78 41
160 25
139 25
39 41
113 9
105 25
9 25
327 25
51 25
189 25
191 34
195 9
129 34
108 25
330 41
80 25
0 25
133 41
230 41
241 25
275 25
282 25
12 9
346 25
198 25
207 25
84 25
218 25
196 25
54 9
252 25
159 41
184 41
95 25
169 25
202 25
249 9
24 25
115 9
52 25
197 8
313 25
291 25
69 9
222 41
138 25
137 25
272 34
21 25
30 34
55 34
243 25
192 25
126 25
304 25
57 41
206 41
48 25
223 9
110 34
265 9
325 41
193 41
182 9
336 25
2 25
18 25
231 9
244 25
45 41
97 25
158 25
5 41
322 25
134 41
31 41
111 34
71 25
60 25
293 25
204 41
168 25
320 34
73 25
283 25
171 41
210 25
104 25
268 25
122 25
61 25
269 25
276 25
214 25
302 41
148 25
319 25
173 25
29 25
239 34
253 25
263 41
323 25
335 25
232 25
246 41
273 25
331 34
163 25
337 25
338 34
167 25
345 25
125 9
166 25
213 25
245 25
279 25
103 25
292 25
298 25
314 34
266 25
79 25
116 25
240 41
306 25
307 34
259 25
119 25
333 34
118 25
117 41
326 41
91 25
66 34
271 25
229 25
35 25
201 25
67 25
20 34
178 41
294 34
300 41
200 25
150 41
220 34
262 9
109 34
209 9
305 37
343 41
36 25
16 25
317 25
88 25
328 9
155 34
62 25
82 34
185 25
281 34
332 9
295 25
152 25
199 25
172 25
311 25
164 25
285 25
15 25
205 25
102 25
96 25
287 9
124 9
194 25
286 41
341 25
142 41
136 25
344 25
8 25
98 25
27 41
284 25
26 25
310 9
53 25
74 41
334 9
315 25
135 37
87 9
174 9
146 9
251 41
221 25
165 6
254 34
288 9
187 25
76 25
236 41
43 25
277 34
267 41
149 41
143 25
42 9
248 25
83 25
228 25
339 25
188 25
37 9
145 9
312 25
14 25
114 34
92 25
44 25
297 25
212 25
242 25
70 9
46 34
50 25
226 34
128 25
63 25
106 25
303 41
227 25
308 25
329 25
77 8
59 25
289 41
219 34
72 9
238 41
65 25
250 9
183 25
112 25
162 9
56 25
255 9
258 25
99 41
89 41
4 25
64 41
19 9
6 25
342 25
175 25
203 25
280 25
58 41
215 25
301 41
120 25
10 25
25 25
278 41
190 25
324 9
225 25
234 41
107 8
144 25
41 25
68 25
127 9
180 41
318 41
264 25
151 25
22 25
260 41
93 37
217 41
100 41
34 41
121 41
177 41
47 41
256 25
run time cost of algorithm DRT_AG is 0.001986seconds
