1517000 104 66
318 34
529 34
168 34
443 34
398 34
259 34
79 6
274 34
520 34
288 34
152 34
507 34
155 34
304 34
88 34
31 34
445 34
453 34
420 34
22 34
314 34
518 34
113 34
248 34
440 34
504 34
59 34
286 34
124 34
526 34
270 6
159 34
208 34
512 34
515 34
154 34
375 34
104 34
472 34
182 34
52 34
41 34
94 34
409 34
477 34
297 6
228 34
234 34
257 34
185 34
42 34
226 34
416 41
193 34
326 34
451 34
354 34
306 34
127 34
18 6
302 34
143 34
446 34
444 34
353 34
212 34
122 34
67 34
437 41
410 41
219 41
479 34
169 8
322 34
19 34
308 34
45 34
423 34
44 34
364 34
256 34
506 34
82 34
150 34
157 41
400 34
468 34
356 34
47 34
334 34
163 34
262 34
399 6
501 34
170 34
460 34
245 34
347 34
220 34
204 34
499 34
315 34
56 34
51 34
121 34
475 34
309 34
474 6
338 34
429 34
508 34
470 34
112 34
432 34
357 34
46 34
29 41
142 34
456 41
119 34
138 34
514 34
264 34
137 34
345 34
448 34
374 34
131 34
348 34
408 6
500 34
405 34
10 34
414 34
102 41
494 34
176 34
449 34
428 34
439 34
360 34
455 34
81 34
224 34
38 34
367 34
145 34
209 34
210 34
395 34
114 41
237 34
510 41
402 34
68 6
106 34
373 41
132 41
379 34
115 6
34 34
239 34
49 34
26 34
359 34
16 34
447 34
216 34
381 34
295 34
100 34
98 34
87 34
258 41
489 34
320 34
273 34
48 34
503 34
35 34
388 34
299 41
383 6
531 34
362 41
120 34
167 34
461 34
343 34
63 34
311 34
43 34
186 6
276 34
11 8
7 34
521 34
4 41
197 34
199 6
200 34
294 8
5 41
92 41
323 34
516 34
206 34
459 34
492 6
316 34
232 41
435 41
61 34
181 34
147 41
149 34
404 34
171 34
222 34
411 34
54 34
365 6
231 34
397 34
317 34
24 34
103 41
17 34
80 41
517 34
325 34
366 34
223 41
372 41
148 41
214 41
183 34
211 34
140 6
136 34
25 41
442 6
117 34
116 6
480 34
109 41
260 41
76 41
96 34
376 6
90 34
328 34
146 41
2 34
462 34
287 34
385 34
78 34
298 34
243 34
192 34
476 34
452 34
321 41
301 34
386 34
498 41
235 34
20 34
378 8
23 34
433 8
505 41
50 6
502 34
275 34
513 34
184 41
393 34
55 34
118 41
65 34
282 34
236 41
349 41
473 34
97 34
89 34
519 6
91 34
471 8
202 41
267 34
438 41
291 41
532 41
0 34
3 41
524 6
361 34
9 34
13 41
221 41
249 34
40 34
53 8
382 41
194 34
179 6
407 41
333 34
238 34
481 6
125 41
105 34
101 8
336 34
466 41
93 34
269 34
233 34
6 41
28 6
350 34
346 34
485 34
427 6
426 34
252 34
198 34
421 41
417 34
413 41
279 8
166 34
396 34
293 34
66 34
187 34
69 41
62 34
195 34
487 34
509 6
344 41
160 6
135 34
246 41
371 6
242 6
441 34
369 6
130 41
478 34
230 34
77 34
467 34
355 41
358 6
290 6
530 6
300 41
174 34
164 34
21 34
331 41
425 34
153 6
436 34
36 34
141 34
324 34
312 41
271 41
292 41
205 34
463 34
377 6
337 34
255 34
342 34
133 41
454 34
265 41
488 34
254 6
64 34
368 6
511 34
158 34
218 34
329 41
352 41
283 8
172 34
173 34
12 34
175 34
458 34
128 8
486 34
58 41
527 34
450 34
387 41
151 6
190 34
335 41
327 8
391 34
392 34
363 6
74 34
71 41
484 41
415 6
268 34
278 41
110 8
123 41
196 34
330 34
303 34
285 34
284 41
431 6
389 34
340 34
37 34
225 6
430 34
251 34
495 6
424 34
496 41
144 41
394 41
191 34
497 34
533 41
32 34
289 41
134 41
27 34
263 34
280 34
180 34
39 34
217 41
419 34
341 34
422 34
418 6
412 34
434 34
107 41
8 8
457 34
370 8
390 34
99 41
95 34
310 6
156 41
14 34
465 41
207 41
215 41
86 41
469 6
188 34
84 41
83 34
313 34
73 34
165 34
178 8
240 41
189 8
85 6
296 34
332 41
482 8
483 8
30 8
523 41
203 8
261 41
129 41
277 41
490 6
111 34
60 34
15 34
201 34
247 34
177 34
108 8
403 34
528 34
491 41
57 34
305 41
250 34
244 34
266 34
1 34
522 41
384 34
339 34
229 41
227 34
75 34
213 6
162 41
380 34
161 8
281 41
253 34
241 34
406 34
139 34
33 41
351 34
126 34
525 41
307 34
493 41
319 41
272 41
464 41
70 41
72 41
401 8
534 6
run time cost of algorithm DRT_BD is 0.223022seconds
