900000 97 15
328 34
398 39
52 39
102 39
275 39
242 39
468 39
19 34
361 39
197 34
345 39
387 39
144 39
169 34
312 39
415 39
172 39
108 39
31 39
38 39
474 39
66 39
397 39
484 39
452 39
290 39
139 39
109 39
381 39
469 39
11 39
494 39
205 39
55 39
165 39
32 39
115 39
448 39
510 39
282 39
296 39
465 39
433 39
65 39
405 39
34 39
417 34
98 39
442 39
424 39
491 39
149 39
285 39
191 34
374 39
72 34
49 39
514 39
218 39
409 39
251 39
444 34
404 39
186 39
138 39
318 39
481 39
70 39
352 39
482 39
304 39
295 39
235 39
391 39
201 34
347 39
79 39
171 39
522 39
183 39
156 39
382 39
320 39
239 39
456 34
454 39
260 39
450 39
50 39
427 39
125 39
170 39
350 39
513 39
188 39
151 39
508 39
501 39
220 39
225 39
321 39
59 39
453 39
278 39
431 39
264 39
182 39
369 39
192 39
420 39
492 39
439 39
490 39
511 39
237 39
395 39
307 39
315 39
159 39
401 39
203 39
162 39
176 34
167 39
131 34
460 39
233 39
224 39
73 39
26 39
281 39
367 39
437 39
525 39
310 39
250 39
160 39
178 39
80 39
276 39
236 39
354 39
337 39
302 39
213 39
357 39
341 39
193 39
509 39
498 39
142 39
106 39
85 34
221 39
421 39
124 39
267 39
269 39
270 39
515 39
272 39
403 39
107 39
488 39
343 39
184 39
74 39
323 39
245 39
175 39
173 39
429 39
0 39
504 39
113 39
440 39
132 39
232 39
419 39
306 39
309 39
60 39
209 39
75 39
249 39
502 39
161 39
327 34
372 39
375 39
378 39
478 39
17 39
101 39
255 39
263 39
187 39
226 39
298 39
299 39
20 34
114 39
163 39
286 39
496 39
219 39
412 39
157 34
319 34
93 39
155 39
392 34
317 39
4 34
95 39
143 39
168 39
457 39
380 39
523 39
279 39
288 39
227 39
289 39
466 39
396 39
486 39
340 39
394 39
146 34
293 39
231 39
294 39
153 39
103 39
373 39
358 39
100 39
118 39
449 39
204 39
126 39
383 34
505 39
133 39
459 39
297 39
480 39
379 39
16 39
29 39
88 39
23 39
273 39
119 39
485 39
425 39
214 39
77 39
94 39
371 34
351 39
120 39
346 39
195 39
339 39
283 39
135 39
366 39
434 39
333 39
411 39
408 39
190 39
58 39
441 39
46 39
216 39
376 39
117 39
338 39
99 39
240 39
13 39
57 39
223 39
292 39
291 39
8 39
105 39
526 39
222 39
179 39
199 39
503 39
483 39
61 39
497 39
128 39
363 39
33 39
435 34
28 39
414 39
86 39
71 39
426 39
36 39
400 39
154 39
189 39
208 39
517 39
443 39
303 39
388 34
152 39
198 39
246 39
316 39
520 39
377 39
385 39
413 39
389 39
252 0
326 39
64 39
280 39
447 39
111 39
228 39
87 39
256 39
332 34
76 39
92 39
418 0
96 39
390 39
470 39
471 39
518 39
137 39
253 39
56 39
24 39
268 39
430 39
324 39
519 39
177 39
82 0
342 39
180 39
259 34
329 39
136 39
438 0
262 39
476 39
229 39
277 39
445 39
174 39
45 39
21 39
360 0
362 39
261 0
129 39
451 39
217 0
464 39
416 39
266 39
479 39
311 0
211 39
127 39
35 34
370 39
68 39
1 39
37 34
325 39
365 39
364 39
234 39
230 39
247 39
458 0
207 39
399 39
44 39
140 0
330 0
500 39
5 0
432 0
48 39
116 39
78 0
53 39
164 39
83 39
344 39
9 39
134 39
212 0
516 0
112 39
244 39
407 39
348 39
356 39
194 39
512 39
158 39
181 39
524 39
359 39
210 39
423 39
368 39
69 0
257 0
335 39
287 39
305 0
91 39
43 34
6 39
493 39
51 0
97 39
507 39
349 39
54 39
248 0
89 39
130 39
63 34
123 39
200 39
422 39
461 39
90 39
467 39
15 0
355 39
446 39
14 39
402 39
386 0
527 39
308 0
150 39
241 39
122 39
254 34
436 0
462 39
121 39
42 39
265 39
284 39
499 0
410 0
300 39
301 0
393 39
314 39
473 39
22 39
39 0
67 0
40 0
463 39
47 0
30 34
489 0
18 0
336 0
84 39
148 39
7 34
487 39
322 39
506 0
384 39
271 39
353 39
166 0
12 39
104 39
81 0
313 0
27 39
185 39
147 39
206 39
428 39
3 39
243 0
258 39
455 0
472 39
41 39
10 39
62 39
141 39
145 39
202 39
2 0
196 39
475 39
495 0
25 39
331 39
274 39
238 39
215 39
406 39
110 39
521 0
334 39
477 39
run time cost of algorithm DRT_BD is 0.142142seconds
