276800 170 48
164 9
60 9
145 9
152 34
67 9
169 9
172 9
16 9
116 9
139 9
14 9
111 9
124 34
165 9
141 9
95 9
50 9
112 9
137 34
121 34
159 9
109 9
2 9
187 9
88 9
151 9
167 9
173 9
188 9
131 9
26 34
40 34
129 9
175 9
183 9
13 9
21 9
168 9
1 9
179 9
190 9
89 9
150 9
70 9
64 9
29 6
125 9
133 34
56 9
118 9
162 34
31 9
108 9
30 9
86 9
171 34
49 9
127 9
182 9
54 34
138 34
102 9
115 6
130 9
48 9
132 9
58 9
65 6
51 9
61 34
28 6
120 6
55 6
146 9
46 9
186 8
189 9
106 9
82 9
12 9
10 6
149 9
163 34
142 9
66 9
97 9
104 6
24 6
69 9
11 9
101 6
128 6
37 9
36 9
33 9
4 9
110 9
135 6
96 34
74 9
126 9
35 9
191 9
8 9
178 9
158 34
71 9
75 34
103 9
6 9
20 9
140 9
62 34
73 9
122 9
92 34
153 9
83 9
19 9
22 9
91 6
84 9
57 9
27 9
147 6
77 9
119 9
25 9
63 9
34 9
177 9
100 9
105 9
174 9
160 9
47 9
68 6
18 9
79 9
52 9
94 6
45 9
32 9
17 6
184 6
99 34
85 9
5 9
87 9
143 9
38 9
78 6
134 6
42 6
113 9
136 34
7 9
93 9
107 6
170 9
161 9
157 9
144 9
53 9
176 6
76 9
81 9
39 34
156 9
43 9
72 9
180 9
181 6
15 34
185 8
166 9
23 9
148 6
117 9
41 9
9 9
3 6
123 9
154 9
98 9
44 9
114 6
59 34
0 9
155 9
90 6
80 9
run time cost of algorithm DRT_AG is 0.000628seconds
