1969200 104 68
512 34
117 34
540 34
113 34
187 34
193 34
486 34
216 34
471 34
76 41
249 34
442 34
263 34
340 34
273 34
414 34
303 34
313 34
383 34
622 34
137 0
626 34
387 34
319 34
455 41
393 34
70 34
149 34
329 34
344 34
179 34
366 34
16 34
217 34
253 34
178 34
410 34
58 34
210 34
209 34
108 34
431 34
184 34
353 34
492 41
610 34
607 41
100 34
96 34
603 34
5 34
197 34
227 34
429 34
548 34
416 0
545 34
629 0
364 34
119 34
33 34
621 34
304 34
521 34
24 34
456 0
593 34
490 34
497 8
290 34
553 34
630 34
270 34
587 34
462 34
355 34
488 34
515 34
21 41
359 34
578 34
295 34
176 0
565 34
342 34
481 34
341 41
260 34
212 34
11 34
504 34
51 34
83 34
220 34
61 34
269 34
505 34
191 34
245 34
19 34
72 34
181 34
590 34
453 34
114 34
421 34
493 34
26 34
332 34
141 34
110 34
278 34
543 34
277 34
611 0
386 34
561 34
605 41
293 34
487 34
196 34
601 34
467 34
166 34
30 0
157 34
531 34
583 41
153 34
466 34
69 34
523 34
526 34
458 0
237 34
358 34
136 34
445 34
248 34
435 34
577 34
208 34
41 34
199 34
36 34
29 34
308 34
539 34
396 34
371 34
537 34
318 34
168 34
164 34
331 34
513 34
450 34
330 34
18 34
20 34
160 41
325 34
625 34
638 34
381 34
256 34
599 34
219 41
266 34
392 0
50 34
47 34
275 34
173 34
39 34
525 34
564 34
370 34
406 34
550 34
180 34
115 34
131 34
397 34
296 34
9 0
186 34
596 34
322 34
236 34
255 34
509 34
636 34
376 34
573 34
37 0
424 41
530 41
198 34
132 34
206 41
150 34
202 34
306 0
281 34
361 34
252 34
28 41
91 34
35 34
580 0
627 34
226 34
476 34
214 34
500 34
122 34
563 34
433 34
350 34
389 41
474 0
508 34
337 34
426 41
437 34
291 0
43 34
315 34
409 34
585 41
59 34
68 34
288 34
443 34
615 34
156 34
591 34
408 34
64 34
10 34
566 41
242 41
243 34
285 34
62 34
94 34
320 34
235 41
205 0
517 34
567 34
32 34
312 34
334 34
229 34
128 34
17 34
502 34
436 34
598 34
158 34
532 34
324 41
623 34
218 34
170 34
534 34
225 34
84 34
461 34
215 34
135 34
568 34
233 34
516 34
101 34
189 41
628 34
420 41
562 41
6 34
632 34
283 34
247 41
418 41
506 34
470 34
579 34
244 41
125 41
395 41
192 34
97 41
352 34
15 34
538 41
60 0
407 34
144 34
405 34
551 34
302 41
524 34
574 34
402 34
201 34
400 34
367 41
480 41
89 34
8 34
85 34
127 34
483 34
195 34
200 34
159 34
265 34
287 34
617 34
600 34
552 34
162 34
163 41
403 34
326 41
529 34
138 34
440 0
528 34
413 0
65 34
75 34
597 34
280 41
351 34
368 41
250 41
129 41
558 34
109 34
130 34
423 34
343 8
520 0
234 34
613 34
619 0
349 8
140 34
336 34
379 34
311 34
53 34
172 34
430 41
317 34
23 34
0 34
190 34
527 41
56 41
232 34
231 34
365 34
415 41
211 34
631 34
571 34
446 41
602 34
372 34
102 34
88 34
228 34
13 34
382 0
510 34
511 0
380 8
469 34
377 34
618 34
165 34
289 34
427 34
507 34
556 41
103 34
549 34
339 34
357 34
316 34
499 34
494 34
459 41
74 34
417 34
581 34
133 41
240 34
121 8
394 34
257 34
107 0
258 34
604 41
230 41
388 41
44 34
612 34
465 41
12 34
182 34
3 34
484 34
362 34
637 41
78 34
575 34
360 34
569 34
98 34
482 41
633 34
347 34
4 34
475 41
375 34
589 34
555 34
432 34
472 34
222 34
22 34
38 0
299 34
142 34
307 41
401 41
124 41
254 41
546 34
541 34
118 34
535 41
447 41
536 0
73 34
241 34
301 41
441 34
66 34
454 41
439 34
183 34
63 41
309 34
635 34
592 41
55 34
46 34
519 41
204 34
586 34
384 8
425 41
99 34
335 0
588 41
105 0
297 0
268 34
7 41
261 34
169 41
503 34
345 34
411 34
305 34
155 34
298 8
151 41
310 41
139 41
489 41
34 34
639 41
126 34
27 34
120 34
185 41
614 34
42 34
608 34
544 34
390 41
49 34
478 34
438 0
554 34
271 41
274 34
174 0
300 34
514 41
294 34
292 34
412 34
624 34
468 34
576 34
86 34
67 34
276 34
152 34
595 34
175 34
557 34
264 41
398 34
262 34
106 34
259 34
314 41
547 34
321 34
491 34
452 41
282 34
93 41
286 34
194 41
52 41
391 41
363 41
448 34
167 41
634 34
473 34
284 0
542 41
77 34
582 34
496 34
80 41
369 34
279 41
323 41
146 34
87 34
104 41
328 34
338 34
620 0
31 41
463 34
203 41
428 34
560 41
267 34
2 34
123 34
522 0
92 34
616 34
213 41
451 34
348 34
570 41
48 41
145 41
584 34
112 34
457 41
161 41
419 34
251 34
111 34
495 34
606 34
143 8
82 34
609 34
346 34
154 34
327 34
238 0
498 34
373 8
485 34
14 34
54 41
594 34
477 34
399 41
272 41
501 34
177 34
95 8
171 34
1 41
356 34
533 8
116 41
223 34
444 41
374 34
224 41
147 41
572 34
422 34
207 8
464 34
40 41
378 34
385 34
25 34
333 41
404 41
518 34
188 34
239 0
559 34
90 41
148 34
45 8
81 41
434 41
460 0
79 34
57 34
354 34
246 41
449 34
479 34
221 41
71 34
134 34
run time cost of algorithm DRT_BD is 0.282389seconds
