1474600 161 51
129 9
298 9
321 9
61 9
247 9
136 9
204 9
301 9
281 9
33 34
314 34
227 9
50 9
21 9
7 9
248 34
20 9
150 9
304 9
69 9
3 9
47 9
75 9
175 9
148 9
86 9
172 9
76 34
73 9
97 9
40 9
66 9
31 9
206 9
158 9
333 9
239 9
58 9
127 9
164 9
43 6
26 9
274 9
271 9
245 9
265 9
170 9
115 9
215 9
11 9
257 9
220 9
296 9
338 9
157 9
174 6
285 9
52 9
243 9
83 9
336 9
32 9
275 9
23 9
22 9
24 9
100 9
294 9
318 6
235 9
46 9
142 9
182 9
278 9
12 9
209 9
288 9
217 6
147 9
95 9
219 9
108 9
303 9
117 9
118 9
329 9
130 9
161 9
169 9
218 9
330 9
101 9
186 9
180 9
29 9
320 9
230 9
192 9
237 34
105 6
205 9
98 9
229 9
70 9
264 9
14 9
35 9
289 9
155 9
168 6
282 9
143 9
91 9
241 6
251 6
102 6
231 9
261 9
171 9
151 9
240 9
188 9
84 6
2 9
113 9
160 9
178 9
49 9
287 9
203 9
244 9
249 9
269 9
212 9
292 9
135 9
295 9
81 9
310 6
225 9
302 9
176 9
54 9
80 9
93 9
44 6
179 9
140 6
48 9
279 6
262 9
71 9
165 9
284 9
328 9
214 9
85 9
134 6
208 9
216 6
322 9
291 9
340 9
159 9
228 6
77 9
34 9
190 6
221 9
149 9
207 9
124 9
326 34
317 6
67 9
236 9
28 9
187 9
331 9
177 9
27 6
111 9
104 9
210 9
13 6
263 34
283 9
254 34
199 9
315 9
109 9
305 9
25 6
196 6
56 6
125 9
152 9
107 9
64 9
272 6
16 6
1 9
144 9
327 9
286 9
308 9
306 6
72 6
128 9
103 9
9 9
293 6
146 6
273 9
300 9
223 9
79 9
334 9
316 9
166 6
266 9
319 9
183 9
226 9
106 9
238 9
268 6
45 9
0 9
202 9
312 9
6 6
36 9
51 6
233 34
198 9
185 9
74 9
62 9
213 6
41 9
234 9
184 9
260 9
8 9
252 9
195 9
324 9
193 6
307 9
162 34
57 6
139 9
19 6
78 9
18 6
37 9
325 6
137 9
194 6
197 9
313 9
96 9
87 9
242 6
122 9
335 6
110 9
173 9
259 9
270 9
337 9
200 9
256 6
5 9
153 9
120 9
99 9
141 6
55 6
311 6
167 10
323 6
94 34
90 9
15 6
126 9
255 9
82 9
65 6
181 6
112 9
39 10
10 9
250 9
88 9
224 9
290 9
280 9
53 9
253 9
222 9
42 9
332 10
89 9
246 6
131 9
156 9
119 9
201 34
211 9
68 9
154 6
38 9
132 9
116 9
59 6
92 9
121 6
30 6
309 9
189 6
339 6
299 9
60 9
114 6
63 9
145 9
17 6
123 9
277 6
267 9
133 6
4 6
163 9
138 9
191 9
297 6
276 6
232 6
258 9
run time cost of algorithm DRT_AG is 0.001956seconds
