1320700 161 45
119 41
171 25
173 25
96 34
205 34
206 34
861 25
297 25
334 34
554 25
730 25
774 25
799 9
19 25
791 25
884 34
789 25
104 34
881 34
795 25
218 25
253 25
266 25
272 25
290 25
839 25
731 41
832 25
721 25
325 25
331 25
363 25
392 34
405 25
683 41
63 25
448 25
519 25
647 25
544 34
581 25
447 25
635 25
873 25
4 25
5 9
248 25
88 25
79 25
351 25
704 25
520 9
369 25
699 25
695 25
461 25
479 9
836 25
489 41
17 25
36 25
640 41
129 9
642 25
579 34
424 25
416 25
492 34
563 25
656 25
523 25
362 25
208 25
9 41
646 34
30 25
273 25
747 25
78 25
537 25
25 9
312 25
751 41
770 34
256 25
463 25
345 9
792 25
196 25
185 25
437 25
126 25
458 25
309 25
705 25
328 9
802 41
775 25
529 34
432 9
872 25
35 25
788 25
151 34
130 41
503 25
442 9
609 34
762 34
883 25
438 25
220 25
446 25
230 25
449 25
455 41
830 25
687 34
831 34
871 9
235 9
237 25
531 41
645 25
606 9
540 9
549 25
316 25
605 25
45 34
578 41
584 25
597 25
97 25
766 25
855 25
124 25
607 41
184 25
759 25
742 25
262 25
841 9
260 25
538 25
672 9
679 25
736 25
715 25
692 25
833 25
60 25
878 25
464 25
493 41
824 25
834 25
106 25
216 25
352 9
160 25
530 34
638 9
743 34
624 9
426 25
764 34
599 9
598 25
66 25
261 25
244 25
636 34
629 25
107 25
844 25
845 25
298 25
435 25
711 25
80 25
441 25
55 9
486 25
450 25
761 9
165 9
211 41
876 25
226 25
249 25
471 25
295 25
593 25
474 25
141 25
287 25
221 25
265 25
514 25
793 25
15 25
707 25
414 9
882 25
866 41
311 34
555 25
320 25
716 25
21 25
279 25
628 25
335 34
610 25
812 25
422 25
176 25
268 41
689 25
136 9
111 6
879 9
164 25
192 25
850 25
804 25
595 25
288 25
229 34
779 41
590 25
702 25
583 25
282 34
854 25
308 25
806 25
558 34
85 9
528 25
526 25
73 41
674 9
515 34
361 25
485 25
170 34
837 9
58 25
252 34
132 25
376 25
368 25
356 25
507 25
517 25
162 25
121 9
338 25
840 25
659 25
550 9
690 25
140 41
146 9
676 41
102 25
326 25
729 25
476 25
327 25
317 25
250 25
103 25
452 9
425 25
480 25
415 25
43 25
246 25
773 9
285 25
152 25
201 25
444 25
630 9
271 34
354 9
601 25
856 25
847 41
780 25
768 25
195 25
259 25
546 41
625 9
222 25
543 9
852 25
26 34
778 25
863 25
394 25
744 25
575 9
616 25
157 25
484 25
685 25
213 25
386 25
748 41
72 25
559 25
600 41
658 9
807 25
752 25
358 25
525 25
377 25
790 34
868 25
324 25
323 25
763 9
499 25
500 25
108 25
545 25
148 41
69 34
745 25
183 25
234 25
445 25
154 25
156 25
225 25
750 34
373 9
397 9
439 25
41 25
521 9
649 25
709 25
114 9
568 25
794 25
115 9
626 25
681 25
314 41
650 9
506 25
411 41
643 25
633 25
296 25
355 34
781 9
494 9
240 25
700 25
61 41
440 25
135 25
835 25
468 25
406 25
534 25
337 25
429 25
76 25
322 25
428 25
319 25
473 25
541 41
278 25
178 25
800 9
370 34
350 9
310 34
842 25
818 9
657 34
821 34
421 25
255 9
859 25
701 25
301 25
880 25
576 25
694 9
198 9
722 25
59 25
724 25
191 25
726 9
735 9
502 25
89 25
684 25
487 25
875 41
419 25
498 25
145 9
564 25
496 25
44 9
313 34
552 25
270 25
40 25
258 25
87 34
734 25
117 25
54 34
490 25
366 41
384 25
808 25
857 25
101 25
149 25
853 34
434 41
23 25
475 9
481 25
566 25
483 25
399 25
381 25
433 9
618 25
315 25
159 25
417 25
727 9
691 25
637 25
641 25
388 25
542 25
648 25
387 9
167 25
113 25
242 25
678 34
680 41
404 25
12 41
236 25
390 25
219 25
212 25
631 25
382 25
741 25
68 25
418 25
472 25
565 9
587 34
848 9
27 25
11 9
74 9
1 25
556 9
214 25
572 25
809 25
86 25
622 25
190 25
696 25
619 41
612 25
105 9
877 25
816 34
755 41
110 34
194 9
470 25
168 25
784 25
94 25
398 25
84 25
460 25
740 25
758 25
181 9
671 25
553 25
608 25
670 9
134 41
776 9
767 25
274 25
321 25
348 25
516 25
706 25
209 25
52 25
383 25
396 41
81 25
360 25
203 41
344 25
364 34
243 25
874 25
8 9
603 9
300 25
661 34
380 9
410 25
56 25
573 25
652 25
477 25
457 25
133 41
772 25
186 41
374 34
189 41
660 9
289 25
669 25
865 34
738 41
204 25
467 25
109 25
828 25
785 25
786 9
215 25
698 25
318 9
14 25
92 25
353 25
627 25
522 41
336 25
147 25
245 25
488 41
367 25
813 9
251 25
535 25
864 25
454 25
655 9
651 25
200 25
482 25
634 25
771 25
18 25
620 25
801 34
163 25
67 25
389 9
611 9
281 25
820 9
349 41
604 41
227 25
125 25
231 25
746 25
38 25
39 25
413 25
400 25
90 25
150 25
829 34
395 25
372 25
860 41
693 25
174 34
588 25
667 34
341 25
57 41
677 41
803 25
805 25
302 25
811 25
241 25
48 34
95 25
99 25
343 25
391 25
557 9
0 25
202 25
339 25
443 25
827 25
512 25
639 25
510 25
379 34
304 25
664 41
116 34
123 25
547 25
765 25
663 34
329 25
822 25
357 41
817 9
31 41
644 9
527 25
139 25
846 25
6 25
870 25
536 34
62 25
385 34
403 25
199 41
749 25
333 25
491 25
47 25
247 25
359 25
371 25
720 34
187 25
182 34
777 9
177 9
782 25
708 25
275 25
276 9
825 25
32 9
142 25
591 25
589 25
586 34
427 25
3 25
409 25
50 25
305 34
172 25
737 25
193 41
263 25
128 25
64 25
849 25
596 25
662 25
267 25
632 25
602 25
20 25
269 25
714 9
504 25
169 25
548 25
224 9
869 34
37 41
703 25
653 25
29 41
513 25
814 25
16 25
466 9
710 9
551 25
175 25
532 25
495 25
280 25
783 25
284 41
858 25
51 25
28 25
291 25
228 25
430 25
365 25
753 9
815 25
713 9
613 25
49 25
459 25
93 9
342 25
505 34
732 41
412 34
571 25
238 41
570 25
851 25
843 25
292 34
673 41
819 25
393 25
161 25
347 25
166 25
456 9
277 25
539 25
719 9
754 25
451 25
207 25
24 34
118 25
787 25
469 9
723 25
580 25
75 41
306 25
582 9
712 25
239 9
585 25
431 25
739 25
33 9
402 25
158 41
307 25
524 25
10 25
838 34
497 25
293 25
567 25
436 25
122 25
666 9
728 25
210 9
2 9
810 25
453 34
757 25
614 34
668 25
98 25
408 25
254 9
561 25
340 41
508 25
796 25
577 34
798 9
462 25
138 41
574 25
137 25
407 25
197 25
478 25
257 34
332 25
465 25
82 25
299 41
501 25
330 41
120 25
34 25
232 9
77 25
179 25
654 25
518 9
188 25
264 9
665 9
533 25
46 41
42 25
826 34
733 25
303 9
569 25
725 25
100 41
180 9
83 25
131 25
91 9
401 25
688 25
615 25
294 25
65 25
423 9
53 41
682 25
718 25
143 34
7 25
22 25
594 25
420 25
769 9
70 25
797 25
112 9
560 25
686 25
127 25
617 25
346 41
509 25
675 25
717 41
756 34
623 25
511 25
823 25
155 25
867 41
283 25
697 25
562 25
217 25
760 25
286 25
621 41
862 34
592 25
375 25
233 25
223 25
153 34
378 25
144 25
71 25
13 25
run time cost of algorithm DRT_AG is 0.008502seconds
