1986000 98 15
159 9
69 9
142 9
140 9
132 9
126 9
17 9
317 34
199 9
192 9
222 9
92 9
180 9
63 9
259 9
29 9
242 9
287 34
104 9
209 9
44 9
118 9
112 9
313 9
64 9
14 9
314 9
285 9
284 9
282 34
320 9
322 34
75 9
306 34
43 9
250 9
158 9
62 9
221 9
245 9
37 9
0 9
254 9
260 9
269 9
182 9
49 9
50 34
268 9
326 9
134 9
327 9
273 9
35 9
73 9
311 9
105 9
56 9
81 9
323 9
157 9
238 9
184 9
235 9
267 9
177 9
76 9
32 9
7 9
102 9
61 9
264 9
40 9
261 9
175 9
166 34
91 9
270 9
304 9
68 9
136 34
298 9
328 9
97 9
300 9
230 9
194 9
244 9
95 9
108 9
262 9
116 9
155 9
232 9
89 9
82 9
55 9
90 34
18 9
70 9
72 9
26 9
324 9
135 9
303 9
147 9
236 9
9 9
52 9
114 9
87 9
133 9
171 34
309 9
11 9
307 9
42 9
289 9
195 9
113 9
124 9
31 10
96 9
4 10
149 9
103 10
88 9
200 10
160 10
162 9
119 9
57 10
305 9
145 9
10 9
243 10
178 10
191 34
38 9
12 9
196 10
146 10
86 9
187 9
1 9
258 9
280 9
288 34
316 34
206 9
67 9
2 10
66 9
190 9
201 9
106 10
198 9
15 9
228 9
302 10
266 9
272 10
23 9
121 10
47 9
46 9
185 9
249 9
181 9
297 10
107 10
111 9
93 9
253 9
319 10
99 10
129 10
5 9
312 10
325 10
77 9
80 34
161 9
110 9
34 10
193 9
151 9
293 10
220 9
227 10
125 9
265 9
173 10
60 9
138 10
176 9
74 34
36 10
24 9
241 10
165 10
203 9
21 9
41 9
59 9
143 10
219 9
109 9
45 9
296 10
153 10
217 10
197 10
53 9
224 9
212 9
251 8
183 9
299 10
123 9
6 9
276 34
240 9
3 9
205 9
131 9
156 9
128 9
226 10
188 9
27 10
163 10
84 9
85 8
211 9
255 9
204 10
231 9
295 9
308 10
275 9
94 9
283 9
213 10
71 10
58 9
98 9
279 10
234 10
167 9
51 10
78 9
216 10
290 9
30 9
148 10
210 10
286 10
101 9
294 9
122 9
54 10
130 10
229 9
189 9
127 10
315 9
248 9
170 9
179 9
141 10
281 10
137 10
28 9
168 9
246 10
233 10
214 10
39 9
256 10
277 9
25 9
100 10
291 10
115 9
16 10
152 9
239 10
207 10
19 9
139 10
292 9
65 9
301 9
172 9
257 10
208 10
321 34
169 9
218 9
164 9
318 10
223 10
278 10
247 10
225 10
274 9
117 9
79 9
237 10
252 10
186 9
215 10
8 34
329 10
150 10
144 9
271 9
202 10
174 10
33 9
22 9
154 10
20 9
13 9
120 10
263 10
310 10
48 9
83 9
run time cost of algorithm DRT_BD is 0.074621seconds
