2504800 109 69
593 41
585 41
608 2
321 41
51 41
573 41
150 2
566 34
498 41
647 41
214 41
508 41
624 41
213 41
209 41
254 41
388 41
640 41
73 41
536 41
229 41
78 41
512 41
346 41
128 41
364 41
277 41
198 41
193 41
578 41
485 41
175 41
120 41
606 41
476 2
47 41
294 41
600 41
41 41
178 2
40 41
272 41
472 41
592 34
473 41
273 34
352 41
3 2
320 41
605 41
460 2
30 41
185 41
302 41
206 41
519 41
443 41
522 41
208 41
642 41
337 41
347 41
430 41
70 41
546 41
551 34
513 41
226 41
326 41
544 41
24 2
556 2
61 41
18 41
470 41
602 41
166 41
4 41
363 41
441 41
620 41
81 41
57 41
271 41
84 34
219 41
86 41
97 34
233 41
446 41
183 41
515 41
12 41
547 41
447 34
148 41
348 41
275 41
307 41
99 41
503 41
308 34
391 34
8 41
310 41
417 41
274 41
162 41
588 41
630 41
341 41
420 41
210 41
589 41
340 41
432 41
545 34
187 41
354 34
469 41
660 41
657 41
7 34
158 41
370 2
451 41
371 34
127 34
304 41
171 41
334 41
516 41
618 41
616 2
604 41
135 41
211 41
212 34
46 2
216 41
558 41
541 34
39 41
79 41
411 41
342 41
614 34
395 2
29 41
117 41
518 41
623 41
19 2
253 41
94 41
450 2
102 41
645 2
459 41
489 41
160 41
246 41
461 41
189 41
1 41
661 41
466 41
356 41
651 41
633 41
263 41
381 34
562 34
287 41
74 34
83 34
505 34
414 41
492 41
139 34
107 41
462 41
449 41
330 2
327 41
457 41
448 34
355 2
644 41
248 41
483 41
191 41
349 41
436 41
194 41
20 41
315 41
228 34
428 41
597 41
50 2
145 41
577 41
173 41
204 2
205 41
390 41
241 2
80 41
399 41
76 41
533 41
87 41
554 41
63 41
88 34
152 41
567 41
506 41
580 41
220 41
501 41
45 41
497 41
224 41
26 41
626 41
365 41
311 34
318 41
108 41
639 41
482 41
325 41
350 41
526 41
331 41
333 41
238 41
239 41
300 41
329 41
313 41
655 34
85 41
582 41
384 41
583 34
161 41
37 41
407 34
504 34
415 41
491 41
332 41
607 34
11 41
542 41
33 41
288 34
146 2
261 2
359 41
305 41
64 41
106 41
266 41
424 34
190 34
75 41
179 41
652 41
112 2
328 41
343 41
137 41
548 41
52 41
314 41
373 41
531 2
471 41
615 41
372 41
627 41
319 41
612 41
262 41
259 41
351 41
366 41
56 41
646 41
141 34
207 41
539 41
252 34
487 34
540 41
481 41
444 41
203 34
361 41
42 41
298 41
601 41
293 41
291 41
66 34
309 41
289 41
610 41
0 41
530 41
82 41
521 34
621 41
552 41
622 34
151 34
147 41
16 41
641 41
181 41
104 34
570 41
494 41
230 41
431 41
118 41
561 34
174 41
58 41
124 41
575 41
656 34
653 41
234 2
255 41
13 41
227 34
408 41
403 2
17 34
344 41
455 41
392 41
172 2
389 41
579 2
382 41
525 41
48 41
617 41
595 41
69 41
456 34
402 34
122 34
306 41
95 41
119 41
132 41
400 34
507 41
464 41
100 34
32 41
368 2
369 41
659 41
281 41
467 41
438 41
500 34
335 41
475 34
523 41
394 41
25 41
317 41
251 34
648 41
339 41
628 34
91 41
65 2
10 41
419 34
386 41
553 41
149 41
53 34
249 41
557 41
529 34
290 41
36 41
177 34
269 2
596 41
121 41
324 41
176 41
393 41
405 41
163 34
71 34
362 41
397 41
72 34
133 2
92 41
31 34
440 41
563 34
49 34
244 34
153 41
278 41
90 41
576 41
380 34
250 8
650 34
493 41
387 41
225 41
116 41
27 41
14 41
240 41
96 41
398 41
267 41
168 41
109 41
484 41
110 34
218 41
495 34
474 2
114 41
77 2
353 41
195 41
413 41
442 41
463 41
68 34
202 41
591 41
93 34
453 34
510 41
237 41
564 34
358 41
284 34
571 34
35 34
658 41
130 41
603 34
192 41
465 41
15 41
367 41
486 41
654 41
265 41
140 34
199 41
649 41
587 2
433 2
594 34
374 41
256 41
479 41
258 2
201 34
9 41
136 41
427 41
115 41
468 41
301 41
299 34
423 34
584 41
635 41
379 41
154 41
634 41
89 41
383 41
54 34
396 41
499 41
126 41
609 41
458 34
169 41
375 24
98 41
165 41
282 41
180 2
452 34
611 41
357 41
235 34
123 41
416 41
295 34
312 41
134 34
6 41
421 41
599 34
105 34
477 41
377 41
425 41
643 41
144 34
527 34
429 41
488 34
434 34
586 34
21 41
242 41
534 41
517 41
23 34
5 41
131 34
159 41
276 34
143 41
101 41
280 41
613 34
410 41
338 2
619 41
129 34
157 41
401 41
445 34
285 24
55 34
406 34
555 41
62 41
279 41
60 41
138 41
560 41
569 34
638 41
490 34
637 34
631 41
559 41
186 41
568 41
426 34
113 41
245 41
572 2
67 34
345 41
215 34
454 41
297 41
537 41
376 41
535 41
581 41
103 34
549 34
496 41
439 34
243 41
155 41
164 41
167 41
590 41
260 41
59 2
565 24
270 41
524 34
378 41
38 34
223 34
520 34
142 41
625 34
385 41
514 41
34 41
221 41
184 2
323 41
217 41
196 41
156 2
404 34
336 41
44 34
478 34
257 34
528 34
412 34
264 2
418 34
632 34
316 34
629 2
538 34
422 8
296 34
437 34
200 34
509 34
197 34
43 34
502 34
286 34
268 34
303 2
22 34
636 34
543 34
182 34
292 2
236 34
188 34
28 34
111 24
480 34
409 34
283 2
360 34
231 34
598 34
232 34
435 34
247 34
222 34
322 34
574 34
532 34
170 34
550 34
125 34
2 34
511 34
run time cost of algorithm DRT_BD is 0.289162seconds
