1093600 97 15
174 0
96 0
84 0
138 0
184 0
153 0
125 0
118 0
160 0
152 0
90 0
59 0
47 0
40 0
63 0
18 34
191 0
88 0
11 0
58 0
36 0
185 0
67 13
132 0
87 0
89 0
71 0
124 0
158 0
181 0
95 0
8 0
119 13
13 0
127 0
187 0
121 0
34 0
104 0
22 0
100 0
151 0
134 0
110 34
161 0
163 0
98 13
73 0
149 0
143 0
135 0
72 0
25 13
42 0
45 13
167 0
78 0
126 13
182 0
131 0
54 13
10 0
77 13
79 13
82 0
41 0
164 0
109 0
101 0
81 0
165 13
2 34
189 0
155 0
166 13
97 0
31 0
122 0
171 0
120 0
3 0
76 34
186 0
92 0
23 34
91 0
38 0
30 13
46 13
0 0
62 13
142 0
188 13
139 13
137 0
136 13
107 13
49 34
173 0
16 0
75 0
29 0
93 13
43 0
68 34
9 0
51 13
108 0
52 0
114 0
190 13
176 0
20 13
128 13
21 0
106 13
111 13
116 0
44 0
56 0
146 0
1 0
175 0
115 13
27 0
12 0
150 13
69 0
147 0
61 0
130 34
14 13
133 13
55 34
129 0
94 0
172 13
99 13
144 0
24 13
53 0
154 13
180 0
48 13
37 13
66 0
70 0
123 0
28 0
64 0
178 0
50 0
65 13
113 13
159 0
6 0
15 0
117 13
157 0
7 0
4 13
17 0
19 13
148 0
168 0
60 0
57 13
162 13
179 0
105 0
35 0
33 13
140 0
141 13
85 13
183 0
170 0
5 0
145 13
169 0
103 0
80 13
83 13
32 13
26 13
102 13
39 13
177 0
86 0
156 0
112 0
74 0
run time cost of algorithm DRT_BD is 0.020524seconds
