550900 97 18
24 0
1 34
186 0
287 0
191 34
260 0
247 0
126 0
226 0
153 0
210 34
47 0
8 0
270 0
92 0
254 0
73 0
148 0
204 0
91 0
194 0
82 0
230 0
174 0
305 0
43 0
250 1
302 0
134 0
190 0
112 1
246 0
162 0
99 0
304 0
67 0
223 0
238 34
20 0
72 1
34 0
97 0
269 0
249 0
239 0
48 1
310 0
188 0
164 0
49 0
229 34
18 0
234 0
237 0
307 0
241 0
279 1
42 0
206 0
14 1
124 34
235 0
318 0
41 0
205 0
196 0
106 0
27 0
71 0
292 0
198 0
110 0
55 0
244 34
31 0
84 0
75 1
227 34
320 34
60 1
289 0
151 0
321 34
80 0
296 0
154 0
262 0
312 1
139 1
217 0
77 34
70 0
69 0
311 0
256 0
255 0
143 0
93 0
325 0
214 0
79 1
175 0
116 34
28 0
10 0
155 0
68 0
65 0
213 0
316 0
216 0
283 0
166 0
89 0
169 34
85 0
297 1
25 0
9 0
253 0
273 0
228 0
185 0
277 0
105 0
178 0
23 0
163 0
95 2
141 1
94 0
51 0
221 0
218 0
138 0
183 0
233 0
19 0
145 1
81 0
156 1
44 1
150 0
261 1
30 0
248 0
288 1
219 34
122 0
142 0
170 34
195 0
211 0
111 1
266 0
172 0
326 0
103 1
4 0
286 1
319 0
313 0
61 0
281 0
207 0
303 0
209 0
245 0
240 1
113 34
146 1
50 1
274 1
160 0
197 1
22 0
63 1
114 0
182 0
128 1
35 1
74 0
203 0
301 1
161 1
176 0
133 0
222 0
0 2
322 0
192 0
17 0
21 0
37 0
293 0
39 1
257 1
208 0
11 0
193 0
29 0
200 2
125 1
258 0
180 1
171 0
291 0
90 1
104 1
109 1
135 0
327 1
62 1
16 0
147 0
298 0
38 1
290 1
86 0
165 1
187 1
118 34
276 34
272 1
102 1
119 0
232 1
189 0
7 0
231 0
224 1
282 0
98 0
26 0
173 1
168 0
280 0
100 1
127 34
295 0
40 0
45 0
52 34
137 34
264 0
243 1
212 2
177 0
121 34
57 1
32 0
263 1
78 1
6 34
83 0
117 34
317 0
140 34
152 1
179 2
275 0
136 0
271 0
129 1
36 0
56 0
315 0
251 0
265 0
5 0
76 0
252 0
58 0
158 1
215 2
159 1
54 1
144 0
46 0
87 0
123 0
309 34
308 1
33 1
107 34
53 0
131 34
101 0
66 0
2 0
323 0
120 2
149 0
306 0
132 0
199 0
278 0
108 1
3 1
242 1
259 0
167 0
15 0
59 0
201 0
115 0
157 1
299 0
130 1
268 0
324 1
314 0
12 34
184 0
285 0
300 0
202 0
220 1
294 1
267 0
13 0
181 1
88 1
96 0
284 0
64 0
225 1
236 0
run time cost of algorithm DRT_BD is 0.049041seconds
