7137600 171 77
655 47
306 34
378 26
256 47
578 26
163 34
475 26
406 1
202 47
433 1
429 47
434 34
196 1
445 34
141 47
117 47
552 34
99 34
98 47
582 26
440 1
444 26
173 26
474 47
400 34
393 1
564 26
255 47
667 26
37 47
319 26
656 47
490 47
402 26
541 47
539 47
384 47
348 34
181 47
324 26
179 26
56 26
136 47
364 47
365 47
473 47
246 26
443 47
672 26
219 34
561 26
583 26
595 47
205 47
690 26
115 47
549 34
16 34
8 47
654 34
9 1
623 34
617 47
498 47
606 26
374 1
401 47
227 34
409 47
124 47
462 47
258 26
272 1
158 47
555 47
585 26
240 34
670 47
121 47
213 47
424 47
17 47
481 47
299 34
592 34
557 26
480 47
241 47
410 47
671 26
266 26
522 47
574 47
24 47
316 34
556 34
533 47
382 47
243 26
352 26
159 34
221 34
482 26
565 26
618 34
535 26
391 47
599 47
398 26
76 26
570 47
268 34
200 47
84 47
86 47
648 1
138 26
51 34
453 26
104 26
666 47
36 47
45 26
6 47
681 26
139 34
188 26
395 26
692 47
593 47
134 34
418 26
58 47
111 47
463 1
614 47
680 34
114 47
594 34
345 26
310 34
225 47
375 47
632 1
399 26
479 47
18 47
262 26
4 47
456 47
150 26
571 26
195 47
184 26
470 47
55 26
354 47
423 1
500 1
71 47
631 26
625 47
52 26
683 47
300 26
326 47
573 34
568 47
293 26
313 47
254 26
144 34
537 26
510 26
164 26
154 47
356 34
575 26
156 26
499 1
215 47
41 47
207 1
361 47
369 47
168 34
545 47
320 26
379 34
523 47
38 1
223 26
63 34
261 1
247 47
327 47
341 47
396 26
551 47
373 34
146 1
245 47
337 1
14 47
44 47
455 26
420 34
325 26
93 47
642 34
516 47
298 34
66 26
650 26
230 47
224 26
162 47
542 26
346 34
427 47
363 26
65 47
407 34
515 34
509 47
148 26
100 34
64 47
662 47
88 34
422 34
558 47
339 47
270 26
685 26
21 26
449 1
132 47
468 26
57 34
229 26
596 26
13 26
452 47
321 47
380 34
312 34
165 26
355 26
285 34
234 34
42 26
360 47
637 47
328 26
526 47
171 34
289 47
493 47
682 26
330 34
301 1
295 47
85 47
416 34
615 47
40 34
678 34
43 34
208 47
620 26
143 1
126 34
250 34
447 47
601 47
336 41
81 34
562 47
210 34
91 34
7 1
83 47
525 47
344 34
343 26
371 47
641 1
199 26
269 47
484 34
502 26
94 47
426 47
628 47
189 26
110 26
448 26
242 34
580 47
2 1
695 26
458 47
209 47
260 41
314 47
417 47
634 47
684 47
329 26
598 47
3 26
388 47
457 47
428 34
283 47
161 26
381 34
696 26
317 26
20 34
506 34
170 34
366 34
627 34
572 26
528 47
97 47
430 1
412 47
577 47
39 34
507 34
103 26
197 47
450 34
465 1
503 26
590 1
494 34
483 26
469 26
521 41
633 47
244 47
489 47
486 34
33 47
677 47
174 34
198 1
160 34
602 47
347 26
586 1
10 47
89 34
218 1
397 34
116 26
27 34
622 47
441 47
626 34
309 1
404 47
536 47
659 41
687 47
193 47
688 1
217 34
48 47
265 34
252 34
673 47
25 47
186 34
92 1
303 1
531 34
532 47
201 47
333 47
472 47
491 8
436 47
130 26
28 26
694 34
419 26
279 34
264 47
122 47
178 34
11 1
691 47
53 1
251 47
106 26
152 47
619 47
414 47
643 26
668 47
376 47
569 34
390 26
372 26
169 26
172 34
315 47
70 34
96 41
237 47
5 47
133 47
29 34
59 41
589 26
322 47
128 47
657 47
553 41
274 1
284 26
385 47
368 26
630 34
69 34
478 41
485 34
689 47
514 47
543 34
351 26
353 34
167 26
22 41
204 41
54 26
147 26
581 34
239 34
669 26
263 26
350 26
649 26
15 34
1 34
476 47
307 47
635 47
267 26
151 47
501 34
693 34
467 34
228 34
281 34
439 26
226 34
394 1
294 8
464 26
358 47
387 47
664 47
271 47
35 34
49 47
534 26
275 34
157 34
640 34
68 34
135 26
495 34
206 34
79 47
155 34
119 34
413 34
305 34
512 47
403 26
652 26
411 47
62 26
359 34
311 26
588 47
212 41
377 1
211 34
496 47
566 34
597 26
567 1
544 26
194 26
72 47
607 34
616 34
190 34
579 47
550 47
517 34
112 34
125 34
12 47
183 26
46 47
19 47
216 47
611 26
140 26
451 34
95 26
639 26
392 34
389 26
191 26
220 1
302 26
609 1
182 34
233 47
540 34
75 34
530 34
308 34
67 26
612 26
605 34
538 26
203 34
492 26
651 26
74 34
660 34
621 47
405 34
82 47
47 47
273 34
292 26
30 47
286 34
547 34
508 47
276 47
477 26
600 41
113 47
518 26
187 47
529 34
232 47
425 34
513 34
576 34
108 47
519 47
461 1
613 34
131 34
180 34
127 47
438 1
291 47
304 47
466 47
638 47
253 47
257 47
488 41
646 47
437 26
32 47
80 47
334 47
559 47
109 26
604 47
323 47
497 47
587 34
608 34
0 1
505 1
259 47
26 47
137 26
238 34
546 47
370 47
120 41
73 1
192 1
61 47
77 26
280 47
123 34
287 34
107 26
408 41
446 47
647 41
177 34
342 26
563 34
454 26
129 47
504 47
297 47
290 34
288 47
653 34
367 47
102 41
236 47
527 26
60 34
175 47
676 26
665 47
432 47
624 26
332 26
101 26
421 26
318 34
231 26
674 47
235 34
658 1
340 34
90 47
511 26
636 34
145 1
185 26
282 26
31 1
383 47
118 8
554 26
663 47
435 34
471 26
214 26
644 47
584 47
176 34
249 34
50 41
679 47
460 26
629 26
560 34
335 47
386 47
520 34
142 26
166 26
415 34
278 26
431 34
675 47
459 8
23 26
349 47
548 1
362 47
645 34
610 47
524 47
603 34
661 34
248 26
357 47
442 47
277 34
149 47
686 26
338 26
296 26
591 34
34 47
331 47
87 34
487 47
222 47
105 47
153 34
78 34
run time cost of algorithm DRT_BD is 0.222581seconds
