583700 104 63
243 34
288 34
125 34
38 34
69 34
209 34
206 34
309 9
231 34
344 34
410 34
190 34
322 34
318 34
317 34
16 34
191 34
109 34
183 9
150 34
204 34
85 34
305 9
163 9
128 9
143 34
238 34
19 9
382 34
329 34
159 34
404 34
36 34
54 34
118 34
107 9
90 34
368 34
62 34
299 34
220 34
46 34
87 34
131 34
282 34
373 34
399 34
291 9
347 34
83 34
81 34
233 34
285 9
112 34
257 34
354 34
74 34
39 34
271 34
157 34
400 34
348 34
366 8
260 9
115 34
169 9
217 34
102 34
165 34
149 34
224 34
389 9
407 34
99 34
130 34
345 34
77 34
55 34
398 34
364 34
101 34
221 34
3 34
30 34
137 9
409 34
386 9
289 34
63 34
161 34
14 34
156 34
268 34
339 34
228 34
106 34
303 9
67 34
98 34
424 34
359 34
274 34
377 34
263 34
310 34
173 34
119 34
418 34
139 41
6 34
91 34
35 9
411 9
335 34
126 34
343 9
279 34
34 34
45 41
314 34
179 9
333 34
328 34
76 34
402 34
210 34
24 34
350 34
236 34
229 34
122 34
302 34
267 41
356 34
421 34
203 34
7 9
241 34
325 34
160 34
287 34
18 34
60 8
61 41
370 34
152 34
92 34
273 34
21 34
239 34
184 34
342 34
419 34
319 34
301 34
252 34
363 34
182 41
29 34
277 34
270 34
108 34
413 34
162 34
58 34
50 34
392 34
43 34
372 41
316 34
13 41
365 34
225 9
188 34
295 41
250 41
401 9
394 34
56 9
311 34
248 9
28 41
88 34
199 34
357 9
388 34
194 41
242 8
334 34
423 34
235 34
198 9
214 34
97 34
94 34
383 34
207 41
72 41
387 34
9 41
324 41
68 34
135 8
66 9
341 34
145 34
261 34
358 9
147 34
51 34
53 41
230 34
346 41
95 34
70 34
192 9
216 9
140 34
315 8
262 9
390 34
166 34
298 8
223 9
297 41
266 34
73 41
23 41
256 34
296 34
141 9
293 34
196 41
41 41
395 34
104 9
385 8
255 34
148 34
420 34
52 41
71 34
272 34
22 41
384 34
283 8
323 34
132 34
254 41
253 41
426 34
237 34
415 34
227 41
327 41
280 34
251 34
379 9
37 41
362 41
65 34
396 9
105 34
332 34
121 41
307 9
265 34
158 9
405 8
80 9
205 41
338 34
218 9
391 34
246 34
371 34
168 41
300 9
171 34
355 41
337 34
42 34
8 41
12 34
15 34
308 34
25 9
292 41
178 34
31 34
103 41
258 0
397 9
201 34
127 34
313 34
32 34
381 34
306 34
353 8
174 34
33 34
82 34
416 41
120 34
200 41
312 41
414 34
116 34
393 8
403 34
195 8
172 34
367 34
422 34
369 41
175 41
212 34
111 9
180 34
264 34
249 34
5 41
321 34
47 41
185 34
129 34
211 41
48 41
167 9
49 41
138 34
222 34
187 41
320 34
117 9
247 41
245 41
133 34
336 8
275 34
406 34
234 34
340 34
78 9
240 8
177 34
425 34
232 41
208 34
100 34
40 34
375 34
417 34
330 41
197 34
281 8
193 8
20 8
378 9
269 34
376 41
170 41
164 34
155 34
134 34
151 34
124 41
219 34
44 9
84 8
89 41
17 9
244 34
86 34
27 34
142 8
154 8
123 34
326 9
59 34
276 8
1 41
153 41
374 41
181 34
96 34
290 34
380 34
186 34
189 34
284 34
361 34
2 34
4 41
351 41
349 34
26 8
113 34
294 9
146 34
213 34
259 34
0 34
278 9
176 41
110 34
93 34
352 34
360 34
215 41
286 34
412 34
75 34
202 41
408 34
226 34
136 8
114 8
304 9
79 34
64 41
57 9
331 41
11 8
10 34
144 34
run time cost of algorithm DRT_BD is 0.111744seconds
