758600 104 69
77 34
148 34
40 34
179 34
68 34
170 34
22 34
74 34
98 34
186 34
197 41
215 34
232 34
121 34
224 34
3 34
151 34
89 0
130 0
162 41
157 34
55 34
5 34
200 34
214 34
120 34
178 34
104 34
203 34
129 34
230 34
44 34
198 41
131 34
51 34
236 34
6 34
167 34
212 34
127 34
18 0
36 34
101 34
79 34
99 34
122 34
35 34
158 34
126 34
66 34
82 0
211 34
213 34
83 34
58 34
1 41
28 34
78 0
54 34
205 41
41 0
64 34
134 34
14 34
92 34
8 34
187 34
7 34
2 34
171 41
110 34
204 34
220 34
136 41
13 34
149 34
239 0
242 34
39 34
72 41
147 34
119 34
32 34
106 34
184 34
105 34
196 34
102 34
63 34
156 8
193 34
46 0
238 34
47 34
185 34
227 41
96 0
175 41
226 34
145 34
53 34
19 41
155 34
135 34
85 34
168 34
169 34
201 34
31 34
206 34
154 34
210 34
234 34
111 34
11 8
115 34
113 34
188 34
107 34
103 34
26 34
59 41
138 0
192 41
45 34
4 34
146 34
109 34
225 34
57 34
94 34
21 34
182 34
195 34
17 34
88 34
87 34
71 34
73 34
219 34
161 34
29 41
183 34
143 0
112 41
243 34
152 34
86 34
15 34
233 34
116 8
241 41
80 34
91 41
27 34
181 34
95 41
223 8
137 41
191 34
229 34
228 34
222 41
65 34
240 34
202 34
48 41
37 34
84 34
159 34
218 8
33 34
164 34
20 41
180 34
177 34
100 41
142 34
237 34
160 34
124 41
49 34
153 34
209 34
194 34
150 34
61 34
62 34
172 34
132 34
207 34
174 34
221 34
30 34
163 41
125 34
128 41
12 34
208 34
140 0
70 41
0 34
166 41
93 34
90 41
81 41
50 41
114 34
10 34
189 34
42 34
16 34
216 41
23 34
67 41
173 34
75 41
133 34
43 34
123 41
165 34
231 34
24 0
108 34
176 34
118 34
69 41
52 34
235 34
144 41
190 34
76 41
141 34
97 34
25 34
60 34
117 34
34 41
56 41
217 41
38 34
139 34
9 34
199 41
run time cost of algorithm DRT_BD is 0.036791seconds
