2858200 178 51
407 9
94 9
71 9
26 9
467 9
294 9
460 9
442 9
176 9
617 9
201 9
141 9
152 34
159 9
83 9
419 9
414 9
51 9
499 9
535 9
20 9
81 9
572 9
508 9
296 9
616 9
382 9
455 9
73 9
486 9
34 9
494 9
411 9
503 9
123 9
288 9
58 9
525 9
523 34
179 34
491 9
516 6
464 34
24 34
410 34
506 9
564 9
611 9
319 9
168 9
210 9
577 9
305 9
610 9
334 9
195 9
216 9
272 9
482 9
281 9
400 9
515 9
427 9
239 9
18 9
40 9
540 9
291 34
570 6
329 9
341 9
608 9
550 9
356 9
541 9
16 9
183 9
282 9
403 9
171 9
22 9
371 9
487 9
35 9
438 9
420 9
249 34
247 34
237 9
231 9
59 9
507 9
293 9
62 9
519 9
344 9
412 9
389 9
204 9
378 9
366 9
100 9
304 9
358 9
103 9
317 9
568 9
0 9
314 9
101 6
336 9
192 9
501 9
396 9
461 9
115 9
580 6
586 9
139 9
401 9
82 9
160 9
406 9
284 6
493 9
600 9
238 9
248 34
228 9
189 9
567 6
77 9
125 9
31 6
312 9
138 9
107 9
202 9
357 9
194 9
624 6
206 9
337 34
108 9
232 9
32 9
446 34
376 9
322 9
180 9
184 6
609 6
614 9
99 9
266 9
158 9
444 6
333 9
331 9
375 9
273 9
449 9
360 9
598 9
64 9
439 9
485 34
50 6
588 9
256 9
250 9
538 9
240 34
518 9
513 9
133 9
470 9
198 9
367 9
402 9
299 9
225 9
529 6
612 9
161 6
534 9
536 6
116 9
241 9
169 9
203 6
17 9
30 9
620 9
10 9
338 9
48 9
200 6
303 9
354 10
527 9
79 9
590 9
451 9
511 9
42 9
175 6
478 9
532 9
531 9
575 9
504 9
186 6
220 34
546 9
66 9
583 9
140 9
599 9
596 9
302 9
277 6
163 9
530 9
522 9
551 9
543 9
492 9
457 6
521 9
301 9
33 6
348 9
474 9
372 9
441 9
433 9
409 34
573 9
390 9
373 9
246 9
404 9
142 9
196 6
605 9
181 9
217 9
566 34
105 9
153 9
533 9
298 9
218 9
308 9
393 9
320 9
243 9
2 6
423 6
589 6
557 6
318 9
146 6
254 9
335 9
578 9
479 6
283 9
156 6
555 9
343 6
85 9
542 9
165 6
45 34
311 9
208 9
307 9
290 9
23 34
150 34
44 9
408 9
353 9
601 6
215 34
197 34
274 9
430 6
128 9
362 9
595 9
574 9
593 9
452 9
117 34
262 9
581 6
144 9
11 6
339 9
292 9
619 6
615 6
359 9
316 6
233 9
607 9
137 34
345 9
289 6
469 34
613 9
350 6
227 9
72 6
306 9
392 9
560 9
509 9
95 9
251 9
129 9
29 9
122 9
510 6
514 6
213 9
381 9
280 6
323 34
597 9
65 9
267 34
563 34
12 9
426 6
473 6
109 9
498 6
565 9
342 9
78 9
60 9
110 6
223 9
383 6
172 9
443 9
157 9
113 6
475 9
576 9
19 6
361 6
300 9
559 9
224 9
69 9
188 9
56 6
205 34
221 9
148 9
38 6
89 6
191 9
121 6
87 9
558 6
8 9
151 9
582 6
253 9
263 6
5 9
98 9
466 9
37 9
332 9
25 9
539 6
553 9
471 9
379 6
111 9
212 9
552 9
394 9
398 9
149 6
490 9
480 9
193 9
242 9
453 9
554 9
67 9
190 6
397 6
369 9
3 9
207 9
562 9
413 9
68 9
177 6
520 9
167 9
136 6
61 9
465 9
269 6
321 6
41 6
252 6
222 9
476 9
28 6
47 6
468 9
424 9
626 6
377 34
70 9
124 9
481 6
54 9
422 9
374 9
548 9
57 9
295 9
627 6
603 9
154 9
170 6
90 9
569 9
445 10
4 9
489 6
505 6
524 6
429 6
230 6
63 9
235 9
43 6
102 9
547 10
120 9
209 6
285 9
93 9
495 6
352 6
96 9
488 9
537 9
621 34
264 9
49 9
432 6
199 9
349 9
472 9
185 9
584 9
279 9
164 6
315 34
364 9
602 6
268 10
275 6
278 9
15 9
126 9
91 9
287 8
330 9
340 9
229 9
261 6
437 9
434 9
549 9
355 6
286 6
52 9
327 9
496 6
174 6
625 9
454 9
211 6
500 9
384 9
592 9
587 6
325 9
265 9
310 34
76 6
258 9
502 9
591 9
39 9
526 9
55 9
385 6
324 6
112 6
512 9
114 6
14 9
234 34
622 9
425 9
351 10
9 10
458 9
363 9
517 6
415 34
416 9
556 9
88 6
271 6
387 9
259 6
328 9
528 9
585 6
119 6
623 9
134 9
131 9
143 10
270 9
145 9
447 6
405 34
346 9
544 9
255 9
118 6
435 9
380 9
477 9
421 9
561 9
313 9
132 9
260 9
166 9
245 9
6 10
370 6
484 9
395 9
36 6
97 6
594 6
162 9
309 9
497 6
399 9
214 9
483 34
178 34
135 9
463 9
127 10
104 6
173 6
618 6
84 6
579 9
187 9
448 10
388 9
365 6
92 9
347 9
604 6
155 9
297 9
276 34
182 6
226 6
456 9
391 9
545 9
13 9
450 9
244 9
75 9
219 34
257 6
86 6
21 6
236 34
147 6
1 6
326 10
459 11
386 9
462 9
53 6
27 9
417 6
428 9
440 6
431 6
436 9
368 9
7 6
571 9
130 10
106 9
606 9
418 6
74 34
46 9
80 34
run time cost of algorithm DRT_AG is 0.008462seconds
