4457200 170 26
620 25
882 25
875 25
729 25
874 25
454 25
449 25
448 25
439 25
713 25
823 25
531 25
711 25
256 25
551 25
970 25
265 25
677 25
965 34
272 25
963 25
210 25
561 25
753 25
958 25
74 25
832 25
909 34
574 25
648 25
192 25
56 34
577 25
170 25
54 9
176 25
36 41
784 25
582 25
841 25
368 25
839 25
661 25
362 34
589 25
598 25
470 25
938 25
879 25
122 25
473 41
98 25
476 25
480 25
539 9
706 25
700 25
696 25
637 25
869 25
161 25
798 25
681 25
292 9
406 25
672 25
281 41
399 9
283 34
199 25
662 25
388 9
68 25
906 41
160 25
755 9
288 25
660 41
209 25
21 41
290 25
922 25
82 25
969 41
760 25
385 25
312 25
411 41
57 9
788 25
635 25
376 25
9 41
213 25
715 41
580 25
96 25
332 25
363 41
347 25
371 34
39 25
216 41
223 41
214 41
99 25
718 25
714 25
258 25
670 25
901 25
905 25
860 25
75 34
114 9
236 25
654 25
645 41
188 25
184 25
775 41
53 9
602 25
352 9
599 25
367 25
126 25
578 34
384 25
164 25
130 25
30 41
567 41
957 25
553 9
156 34
152 25
506 25
820 25
139 25
704 25
708 25
260 34
377 25
475 25
472 41
11 25
899 25
100 25
220 41
447 25
297 25
202 25
196 25
16 41
764 25
307 25
404 25
633 25
570 41
629 34
336 34
785 25
31 9
351 41
165 25
49 25
787 41
644 25
0 25
8 41
513 25
956 25
979 25
466 25
461 25
717 41
579 25
227 25
978 41
180 25
883 25
319 25
632 25
951 25
445 25
768 34
562 25
961 41
671 25
190 25
943 25
277 25
155 25
541 41
918 25
808 25
971 41
921 41
61 34
200 25
296 25
650 9
758 41
489 25
366 25
450 25
6 41
948 41
299 25
37 25
750 25
63 9
850 25
381 41
746 25
763 25
217 25
538 25
833 25
35 25
157 9
930 25
359 25
733 25
320 41
722 25
585 25
783 25
34 41
521 25
626 41
684 25
93 25
887 25
499 25
593 25
263 41
940 34
822 25
340 25
600 34
604 25
701 25
441 25
378 25
246 25
815 41
361 25
479 41
162 25
939 9
790 25
382 25
575 34
434 41
87 34
257 25
167 9
516 25
29 25
391 25
621 41
333 25
331 41
571 25
317 9
58 25
766 41
304 25
95 41
759 25
228 25
751 25
274 25
104 34
740 41
745 25
85 25
817 25
668 25
902 25
282 25
698 34
369 9
418 25
465 25
102 25
509 25
825 9
502 25
250 25
747 25
48 6
655 25
129 25
601 25
674 25
166 25
254 25
610 41
171 25
389 41
174 41
52 25
884 25
405 34
330 9
425 25
630 25
523 25
187 25
118 25
241 41
310 41
816 34
848 25
230 41
485 25
38 25
974 25
26 25
641 25
323 41
809 25
179 25
326 25
824 25
80 25
846 41
360 41
829 41
44 25
237 25
694 25
973 25
761 25
7 9
452 41
172 41
647 41
859 25
854 25
603 34
896 25
605 25
462 25
675 34
709 25
435 25
687 25
686 25
542 25
334 25
695 25
658 25
870 25
679 25
117 41
919 25
191 25
401 25
4 25
947 9
71 25
583 25
136 25
394 41
953 25
458 41
120 25
811 25
372 25
814 25
493 41
486 41
146 25
279 41
536 25
140 25
642 34
861 41
980 25
934 25
609 25
890 25
955 25
138 41
931 25
504 25
975 25
337 41
88 25
690 25
807 25
430 41
897 34
313 9
792 41
197 9
845 25
537 41
560 25
666 41
780 25
417 41
964 25
557 25
774 25
302 25
293 25
62 25
545 25
457 25
917 25
415 25
776 41
481 25
664 25
559 25
5 25
639 41
79 25
83 41
524 41
268 41
131 25
564 25
757 25
429 25
631 34
754 41
688 25
433 9
145 41
692 25
328 25
248 25
572 25
699 41
338 41
892 41
891 41
469 41
584 41
735 41
218 34
867 41
865 41
495 41
518 37
682 41
950 41
773 41
72 41
416 41
483 41
546 41
923 37
374 41
308 41
22 37
836 9
929 34
398 37
324 41
325 41
144 41
387 41
614 41
349 41
426 41
981 41
779 41
678 34
177 41
937 41
924 41
665 41
3 41
772 41
459 41
186 41
767 34
649 41
640 41
150 37
608 41
607 41
913 38
954 41
346 41
233 41
840 41
397 41
18 41
408 38
853 41
972 41
410 41
855 41
752 41
112 41
225 41
730 41
873 41
514 41
736 34
935 25
375 41
343 41
611 37
612 41
591 41
438 41
69 37
270 41
676 41
370 41
373 41
762 34
428 41
842 41
231 41
566 37
154 41
494 41
737 41
116 34
303 41
793 41
409 41
115 41
725 41
534 41
500 41
59 41
421 41
420 41
707 41
656 41
92 41
103 38
743 37
691 37
535 41
43 41
267 37
110 41
702 37
357 41
97 41
710 41
741 41
618 41
350 34
851 41
306 38
106 41
13 41
893 41
19 9
86 41
849 9
329 41
46 41
64 9
742 41
628 9
229 41
20 41
67 41
205 37
169 41
723 41
716 41
2 41
446 37
945 41
507 41
756 37
50 37
431 38
40 41
141 34
515 37
586 41
529 41
552 41
497 41
532 37
219 41
301 41
413 41
510 37
739 41
419 41
490 41
355 41
242 37
253 41
727 41
28 41
778 41
437 41
831 41
269 37
595 41
432 34
594 41
207 9
271 37
777 41
782 9
208 34
77 37
522 34
914 41
84 41
45 41
442 41
70 41
94 37
976 41
193 41
403 41
386 41
314 41
962 37
226 41
321 41
132 41
512 41
149 38
936 34
90 34
703 34
837 41
804 41
946 41
926 38
625 41
55 41
576 41
555 41
244 41
646 9
547 41
802 34
712 41
616 41
17 41
765 38
245 37
797 41
358 41
526 41
76 41
868 9
659 9
794 41
795 37
864 6
799 41
734 41
838 41
335 9
235 9
520 41
134 41
967 9
590 9
275 41
781 37
444 41
627 41
636 41
847 41
878 37
451 37
249 41
719 41
194 38
471 41
195 41
952 36
911 41
791 41
159 41
796 41
800 41
801 41
903 41
907 41
643 41
503 37
738 34
880 41
508 38
877 41
525 41
732 38
33 41
871 41
423 41
705 41
128 41
728 41
239 41
928 9
959 37
912 41
396 41
844 37
720 41
568 41
124 41
748 41
569 41
933 41
379 41
201 41
23 41
365 41
966 38
548 37
863 41
592 9
835 41
422 41
27 37
685 41
243 41
341 41
424 34
619 6
247 9
821 41
327 34
143 41
501 41
693 41
73 41
894 41
803 41
1 41
215 41
273 34
904 41
464 41
211 37
744 37
221 36
482 34
10 41
91 41
885 41
443 41
505 41
932 41
238 41
436 41
105 41
527 41
872 34
108 37
189 34
414 41
259 37
769 41
857 41
549 41
550 41
121 41
183 37
380 41
587 9
828 38
617 41
624 41
66 41
673 41
276 34
942 41
175 41
47 41
689 37
749 37
898 41
206 41
487 41
224 9
488 41
511 41
876 41
657 41
251 41
866 41
533 34
540 41
111 41
856 41
771 37
305 41
42 41
805 41
910 41
556 37
181 9
353 34
262 41
142 41
920 41
178 34
819 9
949 41
322 41
185 41
818 41
280 41
634 41
266 41
622 41
339 37
78 41
900 37
478 41
60 41
460 34
133 34
789 41
285 38
889 34
941 41
834 41
496 41
731 41
204 41
101 41
203 38
697 41
294 41
252 37
255 37
158 41
123 41
862 41
565 37
770 41
412 41
558 37
652 34
806 41
683 37
300 8
563 41
651 36
119 37
544 41
615 41
968 41
81 41
168 9
212 41
826 41
395 37
222 41
453 34
530 41
344 41
908 37
528 9
286 37
383 41
15 41
888 38
278 41
517 37
827 41
289 41
960 38
881 38
596 41
14 34
127 41
356 41
153 37
25 41
182 41
151 41
573 41
390 37
109 41
32 41
977 41
295 37
810 41
653 41
147 37
315 37
113 34
261 41
316 37
467 41
240 41
895 34
474 41
484 41
107 37
858 38
852 37
455 41
125 38
830 41
135 34
12 41
492 41
137 37
148 41
440 41
519 41
543 41
554 41
786 41
402 41
925 38
198 34
927 37
491 41
400 41
724 41
51 9
721 41
393 41
234 41
364 41
588 41
597 41
667 37
284 41
348 38
287 8
291 34
345 41
613 41
309 34
311 37
638 41
623 41
318 41
41 41
944 41
342 34
606 41
298 37
663 41
354 41
669 34
24 41
680 37
264 9
581 37
392 37
232 37
726 41
173 41
407 41
163 34
65 41
427 41
812 41
813 37
498 41
916 38
915 37
843 41
886 41
456 37
463 41
477 41
89 38
468 34
run time cost of algorithm DRT_AG is 0.011069seconds
