1773200 104 68
73 12
30 34
29 34
334 34
322 34
544 34
419 34
445 34
268 34
506 34
180 34
173 34
475 34
250 41
535 34
163 34
289 34
298 12
41 34
62 34
549 34
327 34
380 34
121 12
363 34
343 34
344 34
31 34
355 34
110 34
560 34
283 34
263 34
67 12
361 12
120 34
550 12
333 34
395 34
537 34
312 34
170 34
17 34
221 12
16 34
55 34
242 34
472 34
279 34
336 12
50 34
448 34
280 34
286 34
224 34
45 34
43 34
186 34
507 34
529 34
435 34
396 34
543 34
63 34
379 34
27 34
551 34
360 34
94 34
80 34
348 34
565 34
315 34
467 34
462 34
454 34
330 12
138 34
447 12
236 34
353 34
42 34
313 34
260 34
223 34
546 34
365 34
420 34
179 34
400 34
190 12
539 34
393 34
375 41
311 34
171 34
248 34
542 34
423 34
201 8
32 41
147 34
206 34
14 34
209 34
321 34
74 34
214 34
125 34
484 41
496 34
278 34
117 34
220 34
177 34
115 41
501 34
508 34
439 34
403 12
174 34
309 34
75 34
299 34
562 41
536 34
247 34
434 12
480 34
153 34
310 34
49 34
526 34
140 34
455 34
541 34
316 34
105 41
197 34
407 34
217 41
318 34
364 34
519 34
238 34
71 34
168 34
399 34
166 34
323 34
251 34
36 34
152 34
297 41
436 34
482 34
258 34
188 34
226 34
474 34
99 34
540 12
392 34
230 41
149 34
414 34
438 34
101 34
135 34
93 34
141 34
303 12
402 41
59 34
282 41
274 41
3 34
256 34
410 41
459 34
119 34
60 34
169 34
167 34
92 34
97 34
515 34
490 41
158 34
485 34
437 34
191 41
150 34
210 34
124 34
281 34
531 34
104 34
24 34
547 34
205 34
553 34
354 34
552 34
469 34
68 34
6 34
314 34
108 34
239 34
10 34
563 34
518 34
285 34
70 34
388 41
317 8
389 34
95 34
514 34
11 34
35 34
557 34
554 34
7 34
275 34
384 34
181 34
401 34
164 41
61 34
424 34
291 34
233 34
425 34
429 41
156 34
441 12
443 34
444 34
461 34
483 34
53 34
498 34
378 34
528 34
273 34
534 34
367 41
88 41
83 34
25 34
358 41
564 34
319 34
136 34
72 34
460 41
470 34
183 34
128 34
394 34
362 34
112 34
346 34
517 34
79 34
38 41
249 34
212 34
216 34
307 34
229 41
232 34
96 34
47 34
203 34
76 34
143 34
129 34
477 34
175 12
240 41
178 34
481 34
123 41
497 34
371 12
503 34
505 34
352 41
347 41
512 34
504 34
377 34
277 34
341 41
132 34
261 41
329 41
162 41
301 34
527 41
107 34
148 8
305 41
520 34
471 34
428 34
155 34
468 41
466 41
165 34
89 41
390 34
422 34
488 34
270 34
243 12
235 34
85 34
213 34
39 34
510 34
12 34
176 12
406 41
267 41
244 41
145 41
476 34
331 41
404 41
411 41
530 34
479 41
397 34
525 34
306 34
521 41
161 34
102 34
342 34
66 34
271 41
426 34
90 34
538 34
198 12
349 34
28 41
172 34
290 34
81 34
509 41
458 34
465 34
151 34
200 34
154 34
227 34
430 34
130 34
326 41
293 34
373 34
182 41
86 34
265 34
391 41
23 34
245 34
8 34
412 12
374 34
555 34
69 12
440 41
192 34
370 34
524 34
44 34
523 41
131 34
262 41
77 34
13 41
324 34
109 34
325 41
405 34
369 34
339 41
446 34
246 34
368 34
116 34
207 41
231 41
118 41
502 8
264 34
513 34
65 8
56 34
421 34
211 34
19 34
269 34
491 34
219 34
408 12
511 34
533 34
184 41
332 34
522 34
556 41
463 41
54 12
561 34
335 41
26 34
22 34
456 34
492 34
387 34
415 34
134 41
320 41
516 34
204 41
40 34
157 41
193 41
146 34
288 41
113 34
382 41
383 34
432 34
225 41
199 12
37 34
385 41
338 34
241 34
418 34
386 34
48 34
328 34
499 34
452 12
202 34
215 41
304 34
450 34
9 34
449 41
194 34
64 34
254 34
15 41
126 34
464 34
398 34
18 34
478 8
431 34
4 41
0 34
266 34
413 34
276 41
2 34
308 34
106 41
356 34
78 34
114 12
442 34
84 41
196 12
366 34
300 41
1 41
486 41
5 34
295 34
494 34
142 34
46 41
187 34
91 12
489 34
495 41
234 34
98 34
294 34
185 41
237 41
139 34
559 34
457 41
127 41
359 41
58 12
357 34
427 8
302 41
51 34
252 12
417 34
222 34
137 12
34 41
122 12
453 34
255 34
218 34
33 41
451 34
351 34
296 34
376 41
160 34
292 34
189 34
82 34
57 34
340 12
253 34
350 12
228 34
259 8
433 41
195 41
500 34
532 34
159 34
100 34
409 34
20 34
284 34
487 34
545 34
21 34
208 34
548 34
287 41
493 34
416 34
473 41
272 34
381 12
372 41
52 34
103 41
558 41
144 34
133 34
337 34
345 41
257 34
111 34
87 41
run time cost of algorithm DRT_BD is 0.227344seconds
