4018000 97 14
166 14
446 14
113 14
422 14
74 14
362 14
341 14
688 14
249 14
480 14
463 14
514 14
621 14
42 14
710 34
596 14
274 14
52 34
470 14
698 14
139 14
507 14
71 14
721 14
81 14
296 14
153 14
250 34
387 14
580 14
203 14
183 14
35 14
275 14
195 14
353 14
244 14
536 14
95 14
86 14
303 14
128 14
159 14
373 14
443 34
103 14
421 14
40 14
413 14
683 14
354 14
88 14
24 14
225 14
258 14
172 14
56 14
449 14
673 14
519 14
610 14
389 14
355 14
162 14
495 14
711 14
167 34
199 34
482 34
101 14
200 14
511 14
661 14
467 14
713 14
453 14
217 14
346 14
440 14
212 14
211 14
21 14
602 14
18 14
642 14
649 14
695 14
267 14
1 14
712 14
6 14
121 14
654 14
26 14
534 14
215 14
112 14
144 34
471 34
154 14
219 14
374 14
2 14
571 14
245 14
487 14
168 14
512 14
630 34
521 14
392 14
546 14
339 14
180 14
658 14
594 14
140 14
670 34
17 14
53 14
372 14
91 14
619 14
233 14
137 14
322 14
456 14
4 14
432 14
55 14
659 14
573 14
213 14
307 14
430 14
196 14
14 14
424 14
418 14
660 34
589 45
593 45
468 14
218 14
625 14
631 14
562 14
444 14
652 14
648 14
75 14
380 45
617 14
620 14
136 14
474 14
284 14
431 14
308 14
331 34
542 14
5 14
9 14
550 14
99 14
23 14
690 34
416 14
409 14
527 14
384 34
597 14
79 14
588 14
83 14
490 45
189 14
253 14
526 34
647 14
51 45
437 14
94 14
532 14
87 14
638 14
369 14
32 14
170 14
257 14
506 14
262 14
302 14
100 14
194 14
565 45
107 14
0 14
672 45
10 14
16 14
333 14
238 14
234 14
125 45
19 14
523 45
325 14
681 45
391 14
635 14
628 14
70 14
535 14
479 14
143 45
513 45
376 45
459 14
448 14
343 14
111 45
360 14
408 14
537 14
595 14
477 14
108 14
499 14
485 45
570 14
110 34
678 14
243 45
105 14
191 14
69 14
486 14
582 14
297 14
662 14
442 14
465 14
214 14
497 14
680 14
96 34
441 45
426 45
173 14
639 14
188 14
533 14
704 45
259 14
251 45
254 14
314 34
657 34
566 14
127 14
706 14
169 45
682 14
300 14
337 45
598 45
240 34
287 14
531 14
560 14
222 14
726 14
558 14
540 45
716 14
466 14
122 45
59 14
427 14
496 14
382 14
687 14
623 14
150 14
164 14
67 14
581 14
378 14
25 45
149 14
393 14
77 45
604 14
357 14
524 14
476 14
160 14
438 45
472 34
504 14
525 14
44 14
208 14
45 14
375 45
176 14
640 45
261 14
293 45
714 14
366 14
348 14
447 45
299 14
109 14
227 14
693 14
80 14
78 14
41 14
27 34
656 45
685 45
175 14
395 14
30 14
379 14
653 14
158 45
185 45
561 14
674 14
288 14
494 14
289 14
478 14
718 45
198 45
462 45
202 34
58 14
177 14
624 45
528 45
539 45
520 34
634 14
72 14
345 14
29 14
239 14
412 45
294 45
129 14
146 14
155 14
323 14
85 45
386 14
675 45
33 14
229 14
458 45
489 14
404 45
135 34
434 45
48 14
402 45
406 14
488 14
7 45
93 14
82 14
236 14
102 45
90 14
574 45
246 45
273 45
503 14
510 14
278 14
481 14
708 14
263 14
552 14
367 45
394 14
576 14
66 45
201 14
351 14
270 14
725 14
280 45
152 45
114 45
190 14
338 14
587 14
663 14
235 14
230 45
359 14
22 14
601 45
538 45
377 14
318 14
320 45
226 14
627 14
117 14
271 14
606 14
228 45
12 45
268 45
425 45
381 14
439 14
645 14
358 14
145 14
701 45
361 45
265 45
385 45
92 14
577 45
282 14
575 14
34 14
405 45
522 14
428 45
285 45
46 14
445 45
321 14
664 34
691 14
269 45
130 14
469 45
667 34
719 14
547 14
224 14
643 45
316 14
400 14
174 14
703 14
31 14
231 14
20 34
290 14
84 14
614 14
403 14
505 14
247 14
306 14
324 45
564 45
626 14
548 14
694 14
301 14
119 45
530 45
699 14
483 45
312 45
646 14
398 45
3 45
383 45
347 45
414 45
356 45
309 14
529 45
622 14
256 14
370 14
553 14
179 14
252 34
36 34
669 45
197 14
518 14
612 14
43 14
724 45
407 14
330 45
500 14
142 14
336 14
464 14
684 14
124 14
310 45
313 45
584 45
204 45
401 45
64 14
637 14
131 14
317 14
89 14
591 14
603 14
207 14
62 14
221 14
454 14
676 14
242 14
97 14
292 45
50 14
206 14
8 34
141 34
600 14
332 14
329 45
501 14
411 14
277 14
419 14
508 45
186 45
613 14
305 45
365 14
291 14
633 14
692 14
671 14
38 14
569 14
556 45
498 34
460 14
709 45
237 45
722 45
618 45
65 45
54 45
182 14
629 45
106 14
502 14
210 14
134 45
549 14
651 14
232 45
543 14
255 14
668 14
171 14
28 14
264 14
133 14
632 14
551 45
132 14
461 45
702 45
161 45
473 45
423 45
689 45
399 14
61 14
328 14
665 45
578 14
184 45
515 14
492 45
433 45
364 45
451 14
557 45
559 14
304 34
390 45
707 45
281 14
615 14
609 14
286 45
435 14
118 14
335 14
541 14
326 45
608 14
686 14
493 0
599 45
568 14
47 14
49 45
368 45
677 45
592 45
371 14
192 45
605 45
715 14
241 45
123 14
223 0
452 14
76 14
420 45
436 14
334 14
104 14
116 14
586 14
220 14
555 14
126 34
475 14
272 14
151 45
15 14
298 45
572 14
147 45
319 14
283 14
148 14
73 45
484 45
349 14
636 14
248 45
700 0
517 34
63 45
720 14
429 14
650 45
352 14
350 45
315 34
554 0
579 14
120 45
266 14
156 14
457 45
723 34
585 14
193 14
567 14
697 45
544 45
60 45
616 45
516 14
327 14
509 45
363 14
138 14
279 45
157 45
342 45
187 14
410 14
260 14
178 14
388 14
37 0
666 45
205 14
163 14
644 14
641 14
11 14
98 14
13 45
340 34
545 14
717 14
311 14
68 14
611 34
181 45
216 14
491 45
583 14
209 14
396 45
165 0
397 45
295 45
57 45
607 45
455 45
344 0
39 14
415 45
115 14
417 45
679 0
276 14
655 0
563 34
705 34
696 45
450 45
590 14
run time cost of algorithm DRT_BD is 0.270553seconds
