574550 104 65
0 34
1 34
2 34
3 34
4 34
5 0
6 34
7 34
8 34
9 34
10 34
11 0
12 34
13 34
14 34
15 0
16 34
17 34
18 34
19 34
20 34
21 34
22 34
23 34
24 34
25 34
26 34
27 34
28 34
29 34
30 34
31 34
32 34
33 34
34 34
35 34
36 34
37 34
38 34
39 34
40 34
41 34
42 34
43 34
44 34
45 34
46 34
47 34
48 34
49 34
50 34
51 34
52 0
53 34
54 34
55 34
56 34
57 34
58 0
59 34
60 34
61 34
62 34
63 0
64 34
65 34
66 34
67 0
68 34
69 34
70 34
71 34
72 8
73 34
74 34
75 34
76 34
77 34
78 34
79 34
80 34
81 34
82 41
83 0
84 34
85 34
86 34
87 0
88 8
89 34
90 34
91 0
92 34
93 34
94 34
95 34
96 34
97 34
98 34
99 34
100 34
101 34
102 34
103 34
104 34
105 0
106 34
107 34
108 0
109 34
110 0
111 34
112 34
113 34
114 34
115 34
116 34
117 34
118 34
119 34
120 34
121 34
122 34
123 0
124 0
125 0
126 34
127 34
128 34
129 34
130 34
131 34
132 34
133 34
134 0
135 34
136 34
137 34
138 0
139 34
140 34
141 34
142 34
143 34
144 34
145 34
146 34
147 34
148 34
149 34
150 34
151 41
152 34
153 34
154 0
155 34
156 0
157 34
158 34
159 34
160 34
161 34
162 0
163 41
164 34
165 34
166 34
167 34
168 41
169 34
170 34
171 34
172 34
173 34
174 34
175 0
176 34
177 34
178 0
179 34
180 34
181 34
182 34
183 34
184 34
185 34
186 34
187 0
188 34
189 34
190 0
191 0
192 34
193 34
194 0
195 34
196 0
197 34
198 34
199 34
200 34
201 0
202 34
203 34
204 8
205 41
206 34
207 34
208 34
209 34
210 34
211 34
212 34
213 34
214 34
215 34
216 34
217 34
218 34
219 34
220 34
221 34
222 34
223 34
224 34
225 34
226 34
227 34
228 34
229 34
230 34
231 34
232 41
233 34
234 34
235 34
236 34
237 34
238 34
239 34
240 34
241 0
242 34
243 34
244 34
245 41
246 34
247 41
248 0
249 41
250 41
251 34
252 34
253 34
254 34
255 34
256 34
257 41
258 0
259 34
260 34
261 34
262 34
263 34
264 34
265 34
266 34
267 34
268 34
269 0
270 1
271 34
272 8
273 34
274 34
275 34
276 34
277 0
278 0
279 34
280 34
281 34
282 41
283 34
284 34
285 34
286 34
287 34
288 34
289 34
290 34
291 34
292 34
293 34
294 34
295 41
296 34
297 34
298 41
299 0
300 41
301 34
302 34
303 34
304 8
305 41
306 34
307 34
308 34
309 34
310 34
311 34
312 34
313 34
314 34
315 34
316 34
317 34
318 0
319 34
320 34
321 34
322 0
323 34
324 34
325 34
326 34
327 41
328 34
329 0
330 34
331 34
332 34
333 41
334 41
335 34
336 34
337 34
338 34
339 34
340 34
341 34
342 0
343 34
344 34
345 41
346 34
347 0
348 41
349 34
350 34
351 34
352 34
353 41
354 8
355 34
356 34
357 34
358 34
359 34
360 34
361 0
362 34
363 34
364 34
365 34
366 34
367 34
368 34
369 0
370 34
371 34
372 34
373 34
374 34
375 41
376 41
377 41
378 0
379 34
380 34
381 0
382 41
383 34
384 34
385 34
386 34
387 34
388 34
389 0
390 34
391 34
392 34
393 41
394 34
run time cost of algorithm SM_CTP is 0.341344seconds
