481400 104 68
149 34
146 34
6 34
7 34
8 34
43 34
133 34
48 34
119 34
19 34
1 34
138 34
36 34
13 34
64 41
116 0
81 34
86 34
42 34
142 34
34 34
80 34
98 34
77 34
55 34
45 34
127 34
38 34
20 34
109 34
115 34
69 34
117 34
50 41
92 41
88 34
95 34
120 34
122 34
9 34
153 34
123 34
151 34
150 34
21 34
70 34
63 34
135 34
111 34
3 34
143 34
4 34
18 34
72 34
136 34
60 34
112 34
114 41
16 41
68 34
67 34
131 0
145 34
130 34
41 34
93 41
5 41
54 34
22 34
90 34
132 0
134 34
29 41
33 34
84 41
96 34
66 34
10 41
15 41
53 34
52 34
35 34
44 41
100 0
83 0
17 41
76 34
40 34
32 34
26 34
0 34
91 41
152 34
59 34
61 34
30 34
74 34
58 41
25 34
106 34
118 34
129 34
103 34
104 0
148 41
78 34
31 34
121 34
71 41
113 34
82 34
105 0
125 34
27 34
137 34
79 41
128 34
124 34
28 34
147 0
14 41
141 41
49 41
126 34
56 34
2 41
65 41
57 41
99 8
87 41
73 34
51 0
102 8
46 41
39 34
97 34
108 34
101 41
139 8
140 0
107 41
144 34
85 8
37 34
12 41
62 34
75 8
110 34
47 34
94 34
11 34
89 34
23 34
24 41
run time cost of algorithm DRT_BD is 0.018946seconds
