800600 104 65
561 34
384 0
381 34
3 34
311 34
264 34
82 34
148 34
84 34
227 34
164 0
166 34
541 34
506 34
200 34
106 34
509 34
93 34
91 34
474 34
525 34
401 34
5 34
453 34
343 34
283 34
52 0
379 34
194 34
318 34
326 34
132 34
349 34
274 34
289 34
338 34
33 34
42 34
330 34
334 34
368 34
357 34
18 34
301 34
300 34
410 34
135 0
270 34
413 34
567 34
143 34
279 34
519 34
565 34
402 34
149 34
36 34
331 34
213 34
107 34
315 34
104 0
98 34
31 34
186 34
245 34
459 34
129 34
285 34
153 34
356 0
303 34
117 34
62 34
505 34
431 34
127 34
428 34
21 34
122 34
53 34
249 0
564 0
468 34
58 34
191 34
284 34
422 34
123 34
352 34
424 34
486 34
92 34
54 34
233 34
449 34
203 34
11 34
154 34
189 34
441 41
223 34
220 34
219 34
366 34
406 34
551 34
47 34
364 34
59 34
351 34
494 34
254 34
112 34
487 34
226 34
355 34
478 34
475 8
363 34
555 0
473 34
241 34
243 34
411 0
448 34
28 34
436 34
429 34
526 34
41 34
370 34
488 34
121 0
177 34
176 0
128 34
282 34
367 34
337 34
45 34
234 34
389 34
65 34
74 34
523 34
548 41
12 34
451 0
329 34
27 34
4 0
493 34
46 0
97 34
10 34
557 34
204 34
415 34
385 34
573 34
536 34
131 34
390 34
63 34
513 34
544 0
95 34
463 34
495 34
155 41
360 34
250 34
552 34
51 0
258 34
229 34
309 34
426 34
102 34
354 34
150 34
205 34
538 34
568 0
549 34
134 34
160 0
400 34
517 0
115 34
141 34
454 34
35 0
32 34
521 34
518 34
248 41
533 34
48 0
215 34
216 34
484 34
50 34
261 34
34 34
78 0
80 34
13 34
190 34
293 34
472 34
16 0
308 34
173 34
110 34
96 34
124 34
175 0
228 34
543 34
49 34
20 0
386 34
497 0
22 34
314 41
125 0
105 0
187 0
199 34
68 0
323 41
341 0
359 34
344 34
327 0
545 34
294 34
240 34
535 0
307 34
235 0
90 34
514 34
181 0
214 34
281 34
72 34
137 34
222 34
380 34
272 34
101 34
170 41
206 34
202 34
417 34
81 34
394 34
252 34
421 34
152 34
496 34
350 34
358 34
456 34
420 34
201 34
490 34
450 34
483 34
479 34
161 0
306 34
547 34
19 34
17 34
142 34
502 34
146 34
504 34
256 34
278 34
70 41
25 34
572 34
162 0
238 34
404 34
64 34
56 34
172 41
570 0
77 34
321 0
0 34
1 34
211 0
407 0
498 34
130 34
414 34
246 41
304 34
534 34
447 0
382 34
133 34
94 34
14 34
465 34
257 34
185 34
427 34
569 34
457 34
408 34
43 34
179 0
511 34
558 34
322 34
168 34
76 34
527 34
111 34
433 34
2 34
398 34
159 34
8 34
69 34
244 34
434 0
317 34
169 34
109 34
174 34
296 34
430 34
230 34
120 0
221 34
566 34
75 41
55 34
262 34
524 0
392 34
375 34
292 0
320 34
560 34
324 34
340 34
242 34
86 34
313 34
336 34
333 34
439 34
556 34
516 34
163 34
374 34
198 34
332 34
195 34
37 34
6 34
255 0
369 34
464 34
365 34
30 34
395 34
280 34
540 34
60 34
147 34
23 34
444 34
299 34
103 34
145 41
144 41
267 34
287 34
259 34
39 34
73 34
113 41
232 34
126 34
405 34
339 34
140 41
38 8
57 34
432 8
302 34
118 0
193 34
528 34
184 34
138 34
361 0
346 41
409 34
165 34
445 34
286 34
416 34
180 34
500 34
316 34
571 0
251 34
231 34
467 34
87 34
399 34
520 34
458 34
362 0
419 34
503 34
559 34
239 34
471 34
373 34
151 34
192 34
253 41
499 34
139 34
266 34
515 34
277 34
510 34
574 41
7 34
388 0
387 34
276 34
273 41
393 34
268 34
79 0
550 34
546 34
119 34
532 34
403 41
156 34
418 34
209 34
489 34
480 34
482 34
9 34
383 34
44 34
452 34
71 34
376 34
460 41
196 34
208 34
469 34
237 34
442 34
531 0
371 34
462 34
99 34
88 34
178 34
85 34
554 34
297 34
440 34
443 34
114 34
100 34
542 34
157 34
476 34
438 34
298 0
66 34
563 34
466 41
391 34
378 34
491 34
461 34
236 0
171 34
188 0
29 34
24 34
470 34
83 34
263 34
529 34
328 34
312 34
275 34
218 41
342 34
108 34
212 34
225 34
319 34
26 34
167 34
485 0
435 34
217 34
158 34
501 0
396 34
423 34
15 34
116 34
288 34
372 34
295 34
325 34
507 34
508 0
425 34
310 41
224 41
210 34
40 41
345 34
89 34
562 41
553 34
305 41
481 34
539 41
347 34
207 34
335 34
182 34
271 34
290 34
197 34
269 34
67 34
353 34
437 34
377 34
291 34
61 34
455 0
183 34
522 34
247 41
537 34
397 0
265 34
512 34
412 0
492 34
348 0
530 34
136 34
446 0
477 34
260 34
run time cost of algorithm DRT_BD is 0.180737seconds
