2799600 161 49
300 9
499 9
332 9
151 9
351 9
43 9
363 9
567 9
205 9
305 9
504 9
266 9
464 9
612 9
534 9
144 9
596 9
368 9
592 9
23 9
324 9
163 9
6 9
436 9
354 9
181 9
309 9
298 9
502 9
581 9
328 9
95 9
112 9
406 9
248 9
283 9
322 9
460 9
132 9
150 9
275 9
621 9
493 9
69 9
622 9
419 9
116 9
245 9
37 34
105 9
100 9
497 34
306 9
444 9
224 9
482 9
580 6
38 9
24 9
137 9
550 9
279 9
251 9
463 9
520 9
81 9
162 34
380 9
417 9
261 9
221 9
395 9
632 9
91 9
51 9
164 9
200 9
393 9
388 9
537 34
139 9
377 9
17 9
50 9
508 9
102 9
475 9
501 9
602 9
110 9
540 9
344 9
471 9
575 9
414 9
382 9
63 9
59 9
230 9
49 6
280 9
543 9
418 9
630 34
113 9
609 9
290 9
34 9
101 9
272 9
311 9
202 9
321 9
527 9
476 9
223 9
99 9
97 9
285 9
323 9
115 9
572 9
148 9
573 9
228 9
66 9
495 9
583 9
274 9
182 9
167 9
465 9
123 9
156 9
130 9
340 6
195 9
469 9
16 9
356 9
288 9
448 9
447 9
12 9
366 9
190 9
335 9
576 9
194 6
269 9
277 9
143 9
462 9
593 9
477 9
47 9
343 9
586 9
22 9
564 6
627 9
70 9
530 9
216 9
131 9
384 9
121 9
226 9
431 9
278 9
542 9
483 9
510 34
478 9
357 9
225 9
415 9
570 9
440 9
452 9
347 9
318 9
315 9
625 6
403 9
19 9
585 9
259 9
166 9
633 6
25 9
26 9
433 9
267 9
639 9
514 6
470 9
257 6
103 9
422 9
289 9
349 9
199 9
509 9
329 9
411 9
119 9
360 34
334 9
500 9
71 9
263 9
556 9
41 9
11 6
303 6
617 9
0 9
265 9
517 9
390 9
330 9
319 9
78 9
371 9
159 9
561 9
55 9
362 9
48 9
348 9
227 9
389 9
21 9
35 9
600 9
109 9
53 9
302 9
443 9
32 9
466 9
42 9
618 9
165 9
598 9
506 9
82 34
459 9
637 34
486 9
40 9
472 9
141 9
74 9
387 9
316 9
171 9
258 9
198 34
560 9
52 9
134 9
72 9
421 6
312 9
155 9
601 9
138 9
256 9
521 9
528 9
240 9
80 9
531 9
213 9
145 9
597 9
490 34
136 9
57 9
359 9
450 9
553 9
624 9
346 9
173 6
287 9
297 9
535 9
336 9
118 9
114 9
154 9
538 9
529 9
196 6
177 9
117 6
577 9
446 9
532 9
427 9
174 9
401 9
93 9
253 9
234 9
481 9
492 9
299 9
304 9
260 6
172 9
445 9
125 9
453 6
614 9
10 9
14 9
516 9
437 9
549 9
133 9
474 6
364 9
327 9
197 9
4 34
629 9
491 9
308 9
92 9
149 9
301 9
264 9
547 9
626 9
397 9
554 9
233 9
73 9
161 6
76 9
429 9
31 9
428 9
170 9
186 34
613 9
168 6
525 9
353 9
562 9
310 9
552 9
250 9
541 9
210 9
582 9
107 9
291 9
399 9
439 9
620 9
518 9
425 9
568 9
370 9
511 9
39 9
599 9
111 9
350 34
610 9
189 6
36 9
313 9
523 9
449 9
209 9
152 9
86 9
536 6
407 9
426 9
65 9
569 9
208 34
578 6
56 9
175 9
246 9
18 9
369 9
589 9
96 9
204 6
44 9
206 9
533 34
229 9
546 9
124 9
104 9
142 9
458 9
468 6
373 9
13 9
247 9
386 6
64 9
286 9
385 9
352 6
487 9
219 9
355 9
218 9
590 6
158 9
8 9
62 34
358 9
79 9
89 9
615 9
519 9
333 9
455 9
77 6
361 6
611 9
108 9
45 34
239 9
120 9
98 9
634 6
606 9
442 9
548 9
183 6
524 9
396 9
20 9
2 9
488 34
496 9
404 9
5 9
85 9
616 9
126 9
410 9
241 9
413 9
214 9
140 6
635 9
211 9
176 9
127 9
383 6
271 9
607 9
15 9
242 9
1 9
273 9
405 9
374 9
207 9
337 9
157 9
402 9
587 9
255 9
394 9
292 9
631 9
94 9
244 9
187 9
252 6
467 9
608 9
638 9
392 9
326 9
9 9
135 9
243 9
293 9
588 9
441 9
515 9
484 9
555 9
185 9
345 9
342 34
54 6
222 9
400 9
435 9
565 9
160 34
284 6
325 6
551 9
84 9
513 9
184 9
106 34
479 9
378 9
522 9
236 9
571 9
147 9
249 9
46 9
7 9
339 9
276 34
180 9
539 9
295 9
557 34
372 9
27 6
28 9
237 9
179 9
503 6
317 9
424 9
212 9
480 9
409 9
58 9
270 9
628 34
3 6
268 9
220 6
294 9
296 6
391 34
594 9
169 9
217 9
434 9
128 9
623 9
203 9
281 9
507 9
191 9
338 9
60 9
412 9
254 9
636 9
379 9
432 9
87 6
416 6
461 6
153 9
33 9
420 34
423 6
563 9
430 9
558 9
604 9
215 9
75 6
376 9
473 9
201 9
566 6
579 9
146 6
605 6
398 9
526 9
193 9
456 9
375 6
90 9
451 9
61 9
603 9
282 6
381 9
30 6
489 9
331 9
367 9
545 6
591 9
505 9
67 9
408 9
238 9
129 9
235 9
262 9
192 6
231 9
457 9
512 9
88 9
68 9
494 6
320 9
574 9
485 9
232 9
365 6
307 6
454 9
178 9
122 9
438 9
29 9
498 9
83 9
619 9
341 9
595 9
314 9
544 9
559 9
584 9
188 6
run time cost of algorithm DRT_AG is 0.004803seconds
