2470000 109 70
399 41
493 41
161 41
473 41
198 41
207 41
75 41
214 41
371 41
247 41
110 41
263 41
598 34
357 41
49 41
619 41
16 41
352 41
272 41
616 41
338 41
330 41
260 34
120 41
564 41
167 41
591 41
192 41
28 41
313 41
404 41
463 41
211 41
629 41
220 41
667 34
228 41
554 41
281 41
234 41
536 41
55 34
14 41
265 41
420 34
653 34
533 41
337 41
471 41
201 41
367 41
216 41
227 41
9 41
54 41
286 34
64 34
233 41
575 41
627 41
654 41
534 41
664 34
583 41
451 41
599 41
481 34
226 41
155 0
69 41
368 41
91 41
291 41
556 41
639 41
407 41
318 41
428 41
307 34
264 41
469 41
403 34
426 41
39 41
521 41
631 41
296 34
319 41
590 41
571 41
479 41
409 41
418 41
449 41
436 41
95 41
285 41
123 41
608 41
232 41
57 41
604 41
677 41
180 41
84 41
245 41
50 41
284 41
108 34
165 41
527 41
138 0
550 41
634 41
414 41
461 41
613 34
202 41
346 41
605 34
465 41
545 34
122 41
314 34
507 34
652 41
125 41
611 41
651 41
315 34
74 0
423 41
522 41
462 41
102 41
661 41
547 34
485 34
163 34
164 41
3 41
566 41
196 41
105 34
261 41
252 41
255 41
246 41
94 34
60 41
270 41
668 41
542 0
221 41
303 41
615 34
311 41
503 41
333 41
421 41
117 41
672 41
360 41
379 41
101 41
382 34
166 41
392 41
641 41
401 34
52 41
638 41
633 41
563 0
394 41
250 41
387 41
457 41
223 41
109 41
452 41
582 41
310 34
145 34
131 41
624 41
186 34
47 41
366 41
320 41
441 41
433 34
329 41
17 41
546 41
573 34
87 41
600 41
99 41
350 41
116 41
425 41
520 41
504 41
100 41
114 41
206 41
665 34
445 41
209 41
289 41
500 41
241 0
383 41
640 41
514 41
496 41
299 41
298 41
429 41
555 41
295 41
309 41
480 41
294 34
431 41
612 41
670 41
280 41
642 41
626 41
41 34
83 41
149 41
530 41
548 41
369 41
48 41
374 41
256 34
560 41
376 41
405 41
447 41
565 41
2 41
248 41
53 34
173 41
158 41
592 41
494 41
129 41
416 0
588 41
240 41
31 41
257 41
515 34
10 41
384 0
20 0
262 41
424 41
23 0
455 41
444 34
535 41
578 0
217 41
434 41
231 41
359 34
635 41
191 41
422 34
472 41
96 41
454 41
574 41
645 34
671 41
225 41
243 41
134 41
77 41
362 34
644 41
194 41
417 41
282 41
572 41
354 34
22 34
662 34
335 41
121 41
278 41
355 41
413 41
12 41
470 41
203 34
185 41
322 41
370 34
614 41
411 41
172 34
559 41
410 41
558 41
620 34
398 41
85 34
175 41
42 34
317 34
26 41
351 34
106 34
321 0
601 41
268 0
107 41
526 41
174 34
659 34
460 41
139 34
363 41
597 41
607 0
674 41
98 41
219 34
293 41
393 34
292 34
178 24
24 41
88 34
169 41
531 41
5 41
415 0
81 41
446 34
205 34
676 41
283 41
25 41
621 41
111 41
65 41
549 41
56 41
274 41
438 34
487 41
170 41
162 41
37 41
19 34
199 41
297 34
326 41
430 41
86 34
499 41
78 34
385 41
524 34
502 41
636 34
183 34
509 41
6 0
82 41
353 41
349 34
344 41
637 41
562 41
80 41
544 41
302 41
70 41
569 0
541 34
440 41
61 41
443 41
142 41
553 41
254 41
104 41
400 34
148 41
540 41
551 34
466 0
187 41
450 0
32 34
380 34
475 34
153 0
275 41
137 41
40 41
372 41
127 0
609 41
518 41
519 41
68 34
89 41
419 41
218 41
79 41
628 41
222 34
660 34
325 34
43 41
316 41
657 34
655 0
301 41
511 41
632 41
476 41
279 34
193 41
474 41
21 34
34 34
552 24
448 41
140 41
271 41
150 41
478 41
568 41
488 41
539 34
269 41
495 41
537 41
136 41
412 41
391 41
506 41
119 34
340 34
213 41
51 41
458 34
59 41
290 34
585 34
7 41
8 41
464 34
29 0
30 41
593 34
581 41
594 41
188 34
596 41
58 41
602 34
529 41
67 41
76 34
160 0
580 41
510 41
505 41
132 41
501 41
647 41
439 0
152 41
300 41
151 34
124 41
208 41
45 41
491 34
143 34
141 41
242 34
190 41
576 34
584 41
498 41
244 34
63 41
482 34
154 41
238 34
623 41
377 41
277 34
276 34
287 41
543 34
157 41
361 41
72 41
36 41
253 41
93 34
386 34
459 41
328 41
606 8
195 41
603 34
90 41
513 41
305 24
643 41
130 34
66 41
625 34
258 41
181 34
388 34
358 24
13 41
673 41
259 34
46 41
182 41
251 41
343 41
73 41
334 41
327 34
113 34
577 0
133 41
484 0
618 41
146 41
442 41
266 41
224 34
0 24
532 34
168 41
171 41
675 41
176 41
517 34
177 34
512 34
144 41
508 41
135 34
492 41
490 34
210 34
567 41
215 41
230 34
235 41
236 34
15 41
237 41
128 34
669 34
437 34
239 34
118 34
33 41
273 41
103 41
406 41
402 41
323 41
97 41
336 41
71 41
345 41
589 34
147 41
365 34
381 34
427 41
528 41
4 34
373 41
561 41
390 34
197 41
497 41
489 24
395 24
342 41
212 41
486 41
44 41
332 41
483 41
396 41
610 41
666 34
312 41
35 34
306 41
656 41
288 41
467 41
456 41
435 41
249 0
432 41
378 41
115 41
477 41
570 41
92 41
650 0
538 41
587 34
648 0
347 34
62 41
200 34
356 34
189 34
184 41
389 41
516 41
595 0
1 34
663 34
364 41
156 34
341 34
179 41
646 41
204 34
523 0
453 41
579 34
408 41
38 41
375 41
339 34
112 34
304 41
308 34
331 24
324 41
658 34
617 34
348 24
267 34
586 34
126 24
397 0
622 34
229 34
649 34
27 24
18 34
468 24
11 0
557 34
630 34
525 34
159 34
run time cost of algorithm DRT_BD is 0.308915seconds
