617700 97 16
16 11
98 11
159 34
293 11
100 11
308 11
117 11
287 11
196 11
300 11
279 11
241 11
239 11
80 11
252 11
13 11
62 11
309 11
74 11
185 11
24 11
235 11
37 11
35 11
69 11
254 11
104 11
63 11
52 11
157 11
33 11
292 11
261 11
118 11
195 11
281 11
323 11
158 11
233 34
256 11
51 11
320 11
102 11
257 34
162 11
55 11
84 11
240 11
210 11
132 11
26 11
45 11
43 11
112 11
311 11
294 11
66 11
70 11
275 11
208 11
116 11
75 11
313 11
226 11
259 11
19 11
324 11
288 11
83 11
269 11
156 34
178 11
172 11
145 11
58 11
57 11
79 11
54 11
48 11
221 11
268 11
189 11
175 34
174 11
86 11
97 11
176 11
122 11
1 11
274 11
161 11
236 11
94 0
258 11
302 11
215 0
147 11
113 11
220 11
245 11
298 11
264 11
99 0
312 11
23 11
154 11
107 0
218 11
289 11
187 11
190 11
183 0
82 11
203 11
17 11
27 11
30 11
144 11
222 11
225 11
242 11
3 11
191 11
319 11
315 11
15 11
170 11
0 11
72 11
211 11
251 11
124 11
8 11
277 11
59 34
209 0
21 11
106 34
213 11
125 11
179 0
14 11
151 34
214 11
155 11
184 0
181 34
133 11
232 34
247 11
141 11
95 11
29 11
39 11
61 11
173 34
42 11
297 11
71 11
38 11
248 11
78 11
60 11
290 11
50 11
87 11
128 11
206 0
134 11
9 11
25 11
67 0
250 11
291 11
96 0
34 11
165 11
199 34
31 11
244 11
303 11
286 11
152 11
121 0
216 11
201 11
77 34
212 11
231 11
326 11
186 11
325 0
238 11
278 11
131 0
137 11
36 11
149 11
284 0
44 34
296 0
310 11
18 11
267 34
273 11
142 11
40 11
167 11
32 11
164 11
304 0
255 11
243 0
76 11
56 11
68 0
207 0
5 11
101 34
168 11
105 11
200 11
180 11
198 11
49 0
253 0
197 11
282 0
280 0
146 11
91 11
299 11
204 0
88 0
263 0
7 11
316 0
103 0
114 0
305 11
64 11
283 34
135 11
295 11
12 0
110 11
271 34
90 11
81 11
276 11
306 11
11 34
47 11
182 11
317 11
53 0
93 0
163 11
202 11
85 11
2 11
322 0
318 0
171 11
111 11
153 0
138 34
234 11
120 11
119 11
46 11
89 11
192 0
321 0
65 11
169 11
205 0
143 11
126 11
73 11
6 34
194 34
166 11
301 0
41 11
115 11
237 0
130 11
314 11
262 0
272 11
4 11
92 0
10 34
22 11
193 0
219 11
148 11
217 11
246 0
307 11
265 11
285 11
136 11
108 34
140 11
150 34
139 11
270 11
230 11
266 11
129 11
188 11
223 0
249 0
123 0
109 11
160 34
20 11
227 0
228 11
229 11
28 0
224 11
177 34
260 11
127 0
run time cost of algorithm DRT_BD is 0.058163seconds
