2930000 120 35
33 25
290 25
270 25
359 9
364 25
74 25
391 25
407 34
425 25
253 25
67 25
169 25
191 25
491 25
607 25
188 25
512 25
587 25
24 25
536 25
556 25
302 25
306 25
523 25
667 25
513 25
593 25
175 25
2 25
268 25
653 25
393 25
255 25
637 25
95 25
450 25
44 25
39 25
38 25
446 25
439 34
232 25
80 25
162 25
36 25
453 25
148 25
224 25
466 25
486 25
256 25
259 25
385 25
383 25
376 25
657 25
99 25
616 41
663 25
611 25
274 41
176 25
316 25
180 25
558 25
126 41
299 25
98 25
294 25
650 25
639 25
203 25
349 25
247 9
373 25
248 25
673 25
431 41
402 25
428 25
389 25
75 9
362 25
83 41
41 34
456 25
334 9
490 41
496 9
532 34
562 25
605 25
625 25
328 25
152 25
641 25
292 25
136 25
301 25
660 25
128 25
127 41
388 25
337 25
670 25
661 25
659 25
6 34
643 25
640 25
416 25
360 34
45 25
211 25
319 25
238 25
116 25
62 25
461 25
119 25
465 25
308 25
579 25
568 25
499 25
275 25
23 25
538 25
288 25
19 25
296 25
305 9
548 25
285 25
278 25
520 25
566 25
63 25
29 25
72 25
314 34
17 25
464 25
260 25
245 25
114 25
432 25
207 25
351 25
633 25
370 25
206 25
374 41
157 34
390 25
52 25
606 25
240 25
404 25
592 25
420 25
582 25
182 41
366 9
282 25
354 25
561 25
59 25
168 25
320 41
550 25
494 25
477 34
484 25
454 25
40 25
130 25
424 25
18 41
149 25
565 25
125 25
367 25
161 41
371 25
594 25
398 25
379 25
236 41
226 9
220 25
614 25
618 34
635 41
199 41
196 25
0 25
197 34
297 25
104 25
315 25
166 25
93 25
368 25
277 25
394 25
151 25
443 25
449 25
35 25
458 41
87 25
250 41
141 34
31 41
467 25
216 34
243 25
531 25
123 25
122 25
221 25
584 25
37 25
69 41
225 9
309 41
177 9
178 25
105 25
86 41
159 25
113 25
54 25
156 34
94 25
107 41
426 25
433 25
651 9
451 41
488 25
210 34
143 25
480 25
472 9
246 25
142 25
212 25
599 25
654 25
68 25
64 25
307 25
254 25
78 25
481 25
495 25
600 25
646 25
344 41
498 41
355 25
230 25
264 34
146 25
266 25
267 25
515 34
399 25
507 34
47 34
88 25
10 25
500 25
526 41
539 25
204 41
187 25
655 41
441 9
555 25
642 41
330 25
326 41
102 25
170 34
664 25
645 25
569 41
173 41
217 25
572 25
252 25
634 9
298 25
672 25
435 25
406 41
527 25
84 25
342 34
485 25
469 25
258 25
422 25
524 9
117 41
96 25
434 41
310 25
261 25
665 25
165 25
27 25
287 25
549 9
48 25
42 25
286 25
551 25
644 25
492 25
28 41
324 25
7 25
658 25
575 25
205 41
121 41
583 25
222 25
448 25
333 9
192 25
34 25
145 25
103 9
463 25
158 41
419 41
436 34
415 25
557 25
219 25
601 34
265 25
131 25
632 41
429 25
25 25
514 25
518 25
22 25
153 41
213 25
671 25
108 25
519 41
576 25
4 25
516 25
540 41
656 41
647 25
9 9
73 34
546 25
229 25
179 25
427 41
478 9
172 25
430 25
12 25
249 25
181 25
570 9
378 25
610 41
144 25
15 25
452 25
284 25
437 25
61 25
586 25
580 25
223 25
133 41
263 41
459 25
567 9
617 41
564 25
471 25
341 34
497 25
365 41
97 41
193 41
542 41
164 41
50 25
30 25
281 25
403 25
76 25
174 25
409 41
202 34
227 25
311 25
377 25
234 25
468 41
283 25
329 25
65 41
323 25
602 34
493 41
3 34
321 25
160 34
115 41
272 25
218 25
622 41
604 25
624 25
501 41
271 34
521 25
77 41
1 41
380 25
53 25
339 25
100 25
198 25
70 9
442 41
474 25
262 41
231 25
552 25
209 41
534 25
353 25
66 41
257 25
289 41
300 25
588 41
589 25
596 41
163 25
195 25
71 25
460 25
137 34
612 41
317 25
112 25
167 41
554 25
384 25
559 9
5 41
101 25
410 25
185 25
381 38
155 41
358 41
269 41
140 25
26 25
510 25
502 25
312 25
200 41
608 9
110 9
397 25
613 34
147 41
423 25
375 25
603 41
547 41
208 25
421 41
184 38
482 41
537 41
553 41
401 9
171 41
237 41
418 41
318 41
503 41
504 37
49 34
560 41
325 41
16 41
455 41
154 41
11 41
111 41
417 41
470 41
545 9
571 37
473 9
573 41
85 37
43 41
574 41
578 41
189 41
668 34
273 41
476 41
106 41
528 41
595 41
530 41
505 41
648 41
20 38
630 34
90 41
396 41
322 41
638 41
346 37
89 41
369 41
400 41
414 34
405 41
32 37
92 41
483 41
489 41
138 41
194 41
186 41
352 41
623 34
506 41
462 41
118 41
511 41
214 41
8 37
139 41
387 41
361 41
577 41
340 41
438 41
58 41
382 41
447 41
591 9
652 41
13 41
541 37
615 41
244 41
336 41
241 41
563 41
46 41
669 41
332 41
276 41
412 41
57 41
55 41
215 9
327 41
636 41
533 41
509 37
543 41
590 41
666 41
345 41
235 37
535 41
413 41
597 41
82 41
313 9
201 41
457 41
392 41
233 41
132 41
335 41
517 41
124 41
242 41
525 41
350 41
357 9
134 41
295 9
135 38
347 41
544 41
479 9
279 41
129 41
620 41
395 34
51 41
649 41
440 41
445 41
626 41
581 41
331 41
629 34
598 41
109 34
363 41
79 37
56 41
585 41
120 41
508 41
348 9
81 41
14 41
411 41
627 34
150 41
183 41
522 41
190 41
444 41
621 34
239 41
529 41
475 34
338 41
356 41
304 34
228 41
303 37
91 41
293 41
386 41
291 41
280 41
662 41
372 37
60 41
619 41
343 41
21 34
628 34
487 41
631 37
408 37
251 9
609 41
run time cost of algorithm DRT_AG is 0.005024seconds
