8712000 136 18
0 25
86 25
731 25
189 25
323 25
397 25
403 25
439 25
463 25
485 9
509 25
529 25
564 25
410 25
589 25
111 25
192 9
47 25
274 9
331 25
20 25
334 25
694 41
647 25
73 41
143 41
525 25
728 9
378 25
679 25
605 41
70 34
528 25
394 25
624 25
249 25
244 25
200 25
561 25
165 25
734 41
245 25
424 25
727 25
195 9
157 25
75 25
671 25
372 9
535 25
558 25
404 25
241 25
48 25
620 25
670 25
489 41
581 25
110 25
107 25
643 25
369 25
549 25
419 41
425 25
696 25
102 25
303 25
285 25
144 25
216 25
202 25
375 25
612 25
553 25
554 9
726 25
57 25
514 25
674 25
175 25
376 25
174 25
227 25
662 41
183 25
167 25
710 25
140 25
455 25
538 25
447 25
129 41
324 41
733 41
550 41
492 41
623 41
342 41
468 41
634 41
186 9
430 41
654 41
190 41
475 41
417 41
718 41
683 41
158 41
292 41
269 41
685 41
667 41
122 41
220 41
615 9
443 41
619 41
179 41
708 41
547 41
555 41
196 41
212 34
340 41
497 41
82 41
7 41
583 41
318 41
622 41
704 41
313 34
356 41
543 41
493 41
141 37
276 41
453 41
542 41
513 41
407 41
13 41
597 41
568 34
258 41
147 41
596 41
631 41
234 41
655 41
210 41
203 41
104 41
444 41
458 41
180 41
305 41
480 9
250 34
219 41
14 41
511 41
689 41
540 41
310 41
571 41
327 41
575 41
251 41
730 41
576 41
560 34
518 41
606 41
1 41
641 41
295 38
645 41
248 34
88 41
602 41
194 41
117 41
45 37
163 37
516 37
353 9
93 37
488 37
705 37
21 38
361 37
343 37
290 41
321 34
115 37
498 37
630 37
428 37
722 37
574 38
166 34
352 37
76 37
454 37
653 37
531 37
31 37
533 37
477 37
633 34
595 37
510 37
359 38
22 34
46 37
52 37
188 38
701 34
642 37
208 37
148 38
414 38
283 38
600 38
67 37
706 34
385 34
135 37
669 9
442 37
460 37
725 37
92 37
314 38
64 38
229 38
62 38
635 38
138 34
666 37
698 37
154 38
427 37
213 37
476 37
646 37
72 34
146 37
697 37
181 37
559 38
503 37
692 38
161 37
204 37
469 38
432 37
4 38
312 34
611 9
399 38
441 38
83 37
723 34
719 38
665 37
173 9
491 37
32 9
35 37
18 37
199 38
628 37
520 37
707 34
316 37
594 37
604 37
490 37
27 38
541 37
320 38
440 37
209 38
656 37
309 37
71 34
580 38
271 37
365 38
639 37
389 34
392 37
716 37
254 37
721 37
737 38
505 37
178 37
627 37
139 9
280 37
502 38
621 37
337 37
332 37
715 37
98 37
235 38
237 9
546 37
263 37
668 37
322 37
150 37
132 34
598 37
638 34
664 37
524 37
398 34
33 37
557 37
448 37
53 37
371 37
709 38
729 9
68 37
420 37
592 37
51 37
445 38
613 37
368 37
690 37
384 38
370 37
640 37
207 9
548 34
413 37
214 37
534 37
30 37
422 37
293 34
714 9
713 37
636 34
457 38
128 38
473 9
34 37
40 37
530 34
357 37
501 37
474 34
429 37
153 37
5 38
222 37
456 37
402 37
481 38
328 38
225 37
648 38
421 37
311 37
699 37
136 34
268 9
563 34
637 37
164 37
724 37
96 34
364 37
77 34
299 9
579 37
610 37
257 37
515 38
567 38
124 34
109 38
151 38
527 34
298 38
658 38
450 37
677 37
211 37
288 34
287 37
155 38
436 38
266 34
278 9
296 38
58 37
286 34
338 37
281 37
11 34
38 37
2 37
279 38
201 37
500 37
617 38
99 37
388 38
570 37
519 37
121 37
652 37
366 37
565 37
168 37
386 38
700 37
85 34
629 38
10 37
584 34
367 38
586 9
297 37
390 34
239 34
437 9
24 37
545 37
660 37
446 37
496 34
626 37
224 37
127 37
43 9
284 34
507 37
142 34
28 37
66 37
218 38
526 37
350 34
9 9
41 37
55 34
89 9
230 37
39 37
105 37
544 37
247 34
226 37
657 37
470 37
282 37
326 37
308 38
482 34
333 9
732 9
401 34
362 37
90 38
355 37
78 38
101 37
377 38
382 37
131 34
6 38
171 37
223 37
551 37
572 38
252 37
494 38
383 34
676 37
302 37
329 37
81 34
569 37
265 38
177 37
618 38
588 37
499 37
478 34
523 38
15 34
231 38
137 37
566 9
232 34
702 37
36 34
601 37
391 37
300 38
591 38
387 37
573 37
264 9
504 37
294 38
347 37
675 37
160 34
449 34
159 34
396 34
246 34
418 34
162 34
60 34
172 34
672 34
395 38
393 34
409 34
100 34
236 34
187 38
275 34
349 9
582 34
87 38
145 38
191 38
381 34
354 38
587 9
691 38
8 34
91 34
221 34
260 34
400 34
738 34
412 38
74 34
79 34
433 34
607 34
346 34
345 34
341 34
659 34
206 34
49 38
69 9
103 25
56 41
603 34
717 34
344 34
319 38
686 34
472 38
197 34
678 34
495 38
133 34
339 9
120 34
562 34
593 34
26 34
50 34
466 34
301 34
16 9
116 34
373 34
521 34
108 34
423 38
680 34
578 34
273 38
465 9
614 9
609 34
517 34
406 33
63 33
599 34
272 34
261 38
84 38
291 38
325 33
688 34
632 38
351 33
130 34
552 34
471 34
684 33
452 24
358 34
616 34
336 38
123 34
255 34
703 38
506 33
306 34
215 38
405 34
695 34
149 38
176 34
711 34
625 34
23 34
720 38
114 34
95 34
682 9
508 34
242 34
644 34
94 34
54 34
112 34
459 33
461 38
374 34
182 34
483 34
360 38
134 33
464 34
42 34
277 34
661 38
259 38
536 34
106 34
537 34
416 34
484 34
317 34
152 34
113 34
673 34
233 38
267 9
3 9
29 34
330 34
736 34
438 34
119 34
240 34
270 34
44 34
80 9
435 38
681 34
651 34
37 34
712 33
408 34
205 34
663 9
735 34
522 34
217 34
556 33
590 34
17 38
415 34
193 34
256 34
156 9
411 34
687 34
59 9
169 38
486 34
198 34
126 38
315 34
379 33
65 34
539 34
185 38
184 34
479 34
97 34
61 33
243 34
608 9
262 34
12 34
125 34
307 34
228 34
380 34
649 34
577 34
335 38
25 9
348 38
289 38
434 38
431 34
118 38
238 34
426 34
585 9
19 34
487 38
462 34
304 34
253 34
512 34
363 34
451 34
693 34
532 34
467 38
650 34
170 34
run time cost of algorithm DRT_AG is 0.006769seconds
