8403200 159 65
0 34
1 49
2 34
3 34
4 0
5 34
6 29
7 29
8 29
9 29
10 49
11 29
12 29
13 34
14 29
15 29
16 29
17 49
18 34
19 49
20 29
21 49
22 34
23 0
24 49
25 49
26 49
27 49
28 29
29 29
30 49
31 29
32 49
33 34
34 33
35 49
36 49
37 0
38 29
39 0
40 49
41 49
42 49
43 29
44 49
45 49
46 29
47 34
48 29
49 34
50 49
51 33
52 49
53 49
54 49
55 49
56 29
57 49
58 29
59 29
60 29
61 29
62 49
63 34
64 34
65 49
66 33
67 29
68 49
69 0
70 33
71 49
72 49
73 29
74 29
75 49
76 34
77 49
78 49
79 49
80 0
81 34
82 49
83 29
84 29
85 34
86 49
87 49
88 0
89 29
90 29
91 34
92 29
93 29
94 49
95 34
96 29
97 33
98 49
99 29
100 49
101 29
102 49
103 49
104 34
105 34
106 49
107 49
108 0
109 29
110 34
111 29
112 49
113 29
114 49
115 29
116 34
117 34
118 49
119 34
120 34
121 49
122 49
123 49
124 29
125 29
126 49
127 49
128 49
129 49
130 29
131 49
132 29
133 34
134 49
135 49
136 49
137 29
138 33
139 29
140 49
141 29
142 29
143 29
144 29
145 29
146 49
147 49
148 0
149 29
150 29
151 34
152 49
153 49
154 29
155 29
156 34
157 49
158 34
159 49
160 49
161 49
162 49
163 49
164 34
165 33
166 49
167 49
168 49
169 29
170 29
171 49
172 49
173 29
174 49
175 49
176 34
177 49
178 29
179 49
180 49
181 49
182 29
183 0
184 29
185 49
186 29
187 33
188 34
189 49
190 34
191 29
192 29
193 34
194 33
195 29
196 29
197 49
198 29
199 29
200 34
201 29
202 29
203 29
204 34
205 49
206 29
207 0
208 49
209 34
210 49
211 49
212 29
213 49
214 29
215 34
216 49
217 29
218 29
219 29
220 0
221 49
222 29
223 34
224 49
225 0
226 34
227 33
228 29
229 34
230 0
231 29
232 49
233 34
234 49
235 29
236 29
237 33
238 29
239 0
240 29
241 34
242 34
243 34
244 49
245 49
246 49
247 0
248 49
249 29
250 49
251 34
252 29
253 0
254 29
255 29
256 29
257 29
258 34
259 29
260 29
261 49
262 29
263 49
264 0
265 49
266 0
267 29
268 34
269 34
270 29
271 29
272 34
273 29
274 29
275 29
276 49
277 29
278 29
279 29
280 29
281 29
282 29
283 49
284 29
285 49
286 34
287 49
288 49
289 0
290 49
291 29
292 29
293 29
294 49
295 49
296 29
297 49
298 34
299 49
300 34
301 29
302 29
303 49
304 49
305 49
306 29
307 29
308 29
309 29
310 49
311 34
312 49
313 29
314 29
315 49
316 29
317 34
318 29
319 34
320 0
321 49
322 49
323 0
324 34
325 34
326 34
327 29
328 29
329 0
330 33
331 34
332 49
333 29
334 33
335 29
336 49
337 49
338 29
339 49
340 49
341 49
342 29
343 49
344 34
345 29
346 49
347 29
348 29
349 49
350 49
351 49
352 34
353 34
354 33
355 0
356 49
357 29
358 29
359 29
360 49
361 29
362 49
363 29
364 49
365 29
366 49
367 0
368 34
369 29
370 0
371 29
372 29
373 0
374 49
375 29
376 34
377 49
378 49
379 49
380 29
381 49
382 49
383 34
384 49
385 29
386 29
387 49
388 0
389 0
390 33
391 49
392 34
393 34
394 49
395 34
396 0
397 34
398 29
399 29
400 0
401 49
402 34
403 0
404 49
405 49
406 34
407 49
408 49
409 0
410 49
411 49
412 0
413 49
414 49
415 49
416 49
417 29
418 29
419 49
420 33
421 29
422 29
423 49
424 34
425 49
426 29
427 0
428 34
429 49
430 34
431 29
432 29
433 49
434 49
435 0
436 49
437 49
438 29
439 29
440 49
441 49
442 49
443 34
444 49
445 49
446 49
447 29
448 49
449 34
450 34
451 49
452 29
453 33
454 49
455 49
456 49
457 34
458 29
459 49
460 29
461 29
462 29
463 49
464 49
465 29
466 49
467 29
468 29
469 49
470 29
471 49
472 49
473 29
474 29
475 29
476 29
477 33
478 49
479 49
480 29
481 49
482 49
483 49
484 29
485 29
486 33
487 29
488 29
489 29
490 49
491 49
492 49
493 29
494 49
495 29
496 49
497 49
498 0
499 49
500 34
501 49
502 49
503 34
504 29
505 34
506 29
507 49
508 29
509 29
510 29
511 34
512 49
513 29
514 29
515 0
516 29
517 29
518 49
519 0
520 29
521 29
522 34
523 34
524 49
525 49
526 49
527 49
528 34
529 29
530 29
531 49
532 49
533 49
534 29
535 29
536 49
537 49
538 29
539 29
540 0
541 34
542 29
543 49
544 29
545 29
546 34
547 49
548 34
549 29
550 49
551 29
552 29
553 49
554 34
555 49
556 34
557 29
558 34
559 29
560 49
561 49
562 34
563 29
564 29
565 49
566 49
567 29
568 34
569 49
570 29
571 29
572 29
573 49
574 33
575 49
576 29
577 34
578 49
579 33
580 33
581 49
582 33
583 49
584 33
585 49
586 49
587 49
588 34
589 33
590 34
591 49
592 33
593 33
594 33
595 49
596 0
597 33
598 33
599 0
600 49
601 33
602 34
603 34
604 34
605 33
606 34
607 34
608 33
609 49
610 34
611 33
612 33
613 29
614 0
615 33
616 49
617 49
618 34
619 33
620 33
621 49
622 49
623 49
624 34
625 49
626 49
627 34
628 49
629 49
630 33
631 33
632 33
633 49
634 33
635 49
636 49
637 49
638 49
639 33
640 34
641 33
642 49
643 49
644 49
645 34
646 33
647 49
648 33
649 49
650 33
651 49
652 49
653 49
654 34
655 33
656 33
657 49
658 34
659 34
660 33
661 33
662 33
663 0
664 33
665 49
666 33
667 0
668 33
669 49
670 49
671 49
672 49
673 49
674 33
675 34
676 34
677 33
678 49
679 34
680 33
681 33
682 49
683 33
684 49
685 49
686 34
687 34
688 49
689 33
690 34
691 33
692 34
693 34
694 49
695 33
696 0
697 34
698 34
699 34
700 33
701 0
702 33
703 33
704 0
705 33
706 33
707 33
708 33
709 33
710 33
711 33
712 33
713 33
714 0
715 33
716 33
717 34
718 33
719 33
720 33
721 33
722 33
723 0
724 33
725 33
726 33
727 33
728 34
729 33
730 34
731 33
732 33
733 33
734 33
735 33
736 33
737 33
738 0
739 0
740 33
741 33
742 33
743 33
744 33
745 33
746 34
747 33
748 33
749 33
750 33
751 33
752 34
753 34
754 33
755 33
756 33
757 33
758 33
759 0
760 33
761 33
762 49
763 34
764 33
765 33
766 33
767 34
768 33
769 0
770 33
771 33
772 0
773 34
774 33
775 33
776 34
777 33
778 33
779 34
780 33
781 33
782 33
783 0
784 33
785 33
786 33
787 33
788 33
789 33
790 33
791 0
792 0
793 33
794 34
795 33
796 33
797 49
798 33
799 33
800 33
801 33
802 34
803 34
804 33
805 33
806 33
807 33
808 33
809 33
810 33
811 33
812 33
813 0
814 0
815 34
816 33
817 33
818 33
819 34
820 33
821 33
822 33
823 33
824 33
825 33
826 33
827 49
828 33
829 33
830 34
831 33
832 33
833 33
834 34
835 33
836 33
837 33
838 33
839 33
840 34
841 0
842 34
843 33
844 33
845 33
846 33
847 29
848 33
849 33
850 33
851 33
852 33
853 33
854 33
855 33
856 34
857 33
858 0
859 33
860 33
861 33
862 34
863 33
864 33
865 34
866 34
867 33
868 34
869 34
870 34
871 34
872 34
873 34
874 34
875 34
876 34
877 0
878 34
879 34
880 33
881 34
882 34
883 34
884 34
885 34
886 34
887 34
888 34
889 34
890 34
891 34
892 34
893 24
894 34
895 34
896 34
897 34
898 34
899 34
900 34
901 34
902 0
903 34
904 34
905 34
906 34
907 34
908 34
909 33
910 34
911 34
912 34
913 34
914 34
run time cost of algorithm SM_CTP is 2.86546seconds
