4289000 178 56
708 9
766 9
602 9
486 9
46 9
253 9
632 9
439 9
211 9
316 9
672 9
641 9
162 9
711 9
84 9
240 34
772 9
285 9
840 9
213 9
330 9
640 9
434 9
176 9
658 9
521 9
111 9
21 9
54 9
832 9
126 34
691 9
481 9
138 34
25 9
244 9
431 34
194 34
113 9
449 9
508 9
454 9
130 9
374 9
468 9
129 9
280 34
737 6
370 34
789 9
607 9
694 9
4 9
2 9
586 9
588 9
479 9
8 9
41 9
787 9
513 9
304 9
420 9
403 9
594 9
740 9
474 9
891 9
125 9
307 9
243 9
529 9
537 9
556 9
577 9
188 9
31 9
329 9
504 9
685 9
852 9
260 9
391 9
595 9
507 9
898 34
345 9
773 34
545 9
57 9
522 34
525 9
601 9
62 9
770 9
461 9
360 9
756 9
744 9
61 9
147 9
145 9
918 9
44 9
49 9
14 9
580 9
175 9
874 9
830 9
919 9
331 9
441 9
448 9
206 9
267 9
660 9
298 9
67 9
217 9
838 9
104 9
503 9
68 9
514 9
310 9
392 9
916 9
549 9
161 9
96 9
469 9
71 9
99 9
721 9
824 9
453 9
232 6
159 9
340 9
625 9
396 9
905 9
421 9
667 9
639 9
701 9
288 9
729 9
103 34
663 34
889 9
362 9
349 9
207 9
799 6
406 9
839 9
264 9
383 9
846 9
642 9
154 9
920 9
472 9
568 34
45 9
617 9
526 34
683 9
860 34
564 9
647 9
649 9
785 9
66 9
802 9
714 9
810 9
174 9
677 34
177 9
301 9
300 9
682 9
542 9
15 9
358 9
912 9
90 9
92 9
222 34
774 9
879 9
515 6
511 9
510 6
435 9
741 6
831 9
881 9
35 9
451 9
635 9
306 9
80 9
914 9
777 9
157 9
20 9
270 9
353 9
359 9
143 9
75 9
561 9
560 9
620 9
309 9
781 9
122 9
872 9
616 9
381 9
182 9
598 9
11 9
364 9
848 9
533 34
523 9
767 9
319 9
621 9
262 9
81 9
312 9
131 9
855 9
335 9
628 9
105 9
462 9
477 9
412 9
606 9
599 9
585 9
815 9
573 9
5 9
378 9
696 9
123 34
823 9
484 9
482 6
847 9
352 9
110 9
64 9
437 9
857 34
816 9
181 9
501 9
336 34
28 9
908 6
648 9
416 9
389 9
436 9
334 9
548 34
326 9
566 9
249 9
913 9
428 9
592 9
495 6
395 9
325 9
284 9
624 9
239 9
622 9
51 9
553 9
547 9
692 34
518 34
193 9
32 9
311 9
722 9
115 6
470 9
896 9
921 34
637 9
185 9
488 9
356 34
678 34
215 9
596 6
313 9
612 9
844 9
385 9
559 6
853 9
455 6
279 9
367 9
341 9
883 9
837 9
106 9
524 9
563 9
321 6
173 9
399 9
653 6
47 9
281 9
414 6
565 9
869 9
715 9
223 9
456 6
276 9
764 9
618 9
200 9
544 9
24 9
630 9
238 9
746 9
427 9
820 9
60 6
475 9
37 9
687 9
720 9
63 9
757 9
169 9
797 9
27 34
69 9
303 9
644 9
703 9
695 9
693 9
583 9
452 9
825 9
464 9
38 9
149 9
373 9
180 9
897 9
702 9
569 9
795 9
415 9
1 34
686 9
203 9
494 6
550 9
517 9
758 9
841 9
829 9
614 9
112 9
669 9
6 9
275 9
433 34
163 9
308 9
485 9
850 9
29 9
233 9
355 6
459 9
377 9
291 9
862 9
384 9
539 9
589 9
357 9
82 9
923 9
368 34
760 9
390 9
225 9
187 9
277 9
365 9
98 9
53 9
755 9
197 9
442 9
863 6
59 34
440 9
438 9
408 34
817 6
893 6
800 6
348 6
590 6
463 6
659 6
446 6
445 6
179 6
221 6
882 6
245 6
457 34
224 6
610 6
605 6
650 6
128 6
483 6
164 6
234 6
202 6
258 6
48 6
854 6
247 6
731 6
136 6
443 6
915 34
480 6
227 6
265 6
198 6
520 34
904 6
576 6
228 6
750 6
89 6
646 6
805 6
108 6
629 6
261 6
256 6
673 6
58 6
498 6
191 6
76 6
779 6
784 34
160 6
478 6
657 34
268 6
876 6
793 6
835 6
166 34
676 6
574 6
192 34
248 6
490 34
780 6
72 9
892 6
148 6
3 6
783 6
738 6
152 6
727 6
734 6
836 6
681 6
135 6
88 6
558 6
410 34
273 6
751 6
171 6
36 6
880 6
775 34
346 6
851 10
877 6
867 34
216 6
338 6
289 6
886 6
107 6
212 34
324 6
397 6
282 6
34 6
754 6
890 6
458 6
231 10
235 6
274 34
209 6
50 6
661 6
536 6
749 6
753 6
827 6
540 6
582 6
407 6
137 6
833 6
9 6
347 6
492 6
7 6
796 34
571 6
858 6
626 6
10 6
87 6
719 6
788 6
666 6
94 6
865 6
859 6
78 6
697 6
497 6
39 6
871 10
199 6
551 6
167 34
254 6
651 6
716 34
707 6
709 6
575 6
735 6
380 6
318 6
875 6
730 6
165 6
102 6
895 6
189 6
684 34
538 6
717 6
339 6
808 6
186 6
142 6
302 6
804 6
85 6
418 6
22 6
609 6
43 34
864 6
803 6
530 6
776 6
555 6
894 6
465 6
283 6
299 6
97 6
109 6
674 6
386 6
906 6
502 6
230 6
849 6
570 6
748 6
562 6
361 6
460 6
527 6
251 6
366 6
118 6
822 6
506 6
813 6
432 6
444 6
101 6
127 6
250 6
786 34
662 34
917 6
643 6
429 6
30 6
269 6
690 6
73 6
40 6
633 6
597 6
375 6
372 6
887 6
13 6
404 6
290 6
236 6
782 6
680 6
743 6
296 34
52 6
664 10
168 6
812 6
792 6
26 6
500 6
156 6
922 6
252 34
133 10
272 6
295 6
584 6
670 6
706 6
351 6
698 6
655 6
293 34
178 6
768 6
868 6
400 6
323 6
413 6
42 6
70 6
91 6
581 6
95 6
759 6
219 34
528 6
322 6
546 6
496 6
532 6
769 6
567 6
170 6
466 6
878 6
426 6
447 34
150 6
423 6
712 6
139 6
572 6
100 6
314 6
791 34
214 6
450 6
671 6
924 34
705 9
512 9
286 6
266 34
557 6
333 6
763 10
425 6
688 6
119 6
552 6
132 34
140 6
907 6
489 6
379 6
297 6
487 6
718 6
376 6
619 34
842 10
604 6
419 34
794 6
201 6
409 6
739 6
531 6
354 6
93 6
903 6
790 6
579 6
873 6
210 6
591 6
56 6
834 6
747 6
845 10
246 6
856 6
866 6
172 6
411 6
144 6
124 6
765 6
65 6
519 6
16 6
509 6
505 6
401 6
229 6
578 10
732 6
146 6
726 6
424 6
114 6
899 6
675 6
911 6
516 6
818 10
725 6
656 34
909 6
801 6
611 6
271 6
587 6
74 6
713 6
700 6
158 6
615 6
305 6
315 10
317 6
885 6
292 6
183 6
761 6
77 6
473 6
534 6
742 6
826 6
196 6
631 6
218 6
814 10
382 6
387 6
724 6
226 6
665 34
393 6
278 6
208 6
422 6
888 6
371 6
363 6
237 6
398 6
343 6
828 6
337 6
12 6
405 6
689 34
704 6
204 6
471 34
778 34
141 6
910 6
654 6
807 6
634 6
17 6
710 6
771 6
821 6
120 6
342 6
332 6
491 6
627 6
23 6
745 6
190 6
541 6
902 34
493 6
476 34
153 6
652 6
255 6
86 6
554 6
736 6
608 6
121 6
806 6
884 6
0 6
259 6
430 6
242 10
535 6
543 10
638 6
263 6
394 6
623 34
184 6
733 6
811 6
117 10
350 6
328 6
603 34
417 6
699 6
593 6
723 10
843 10
294 6
134 6
752 6
499 6
327 10
467 6
613 6
728 6
636 6
19 11
205 10
809 6
151 6
116 6
668 6
388 6
83 10
901 6
600 6
79 6
645 6
870 6
798 6
861 6
762 6
819 6
320 6
241 6
220 10
287 6
155 6
679 10
900 34
195 6
402 6
344 6
55 6
33 6
257 6
18 6
369 6
run time cost of algorithm DRT_AG is 0.008481seconds
