3733000 178 56
644 9
395 9
55 9
94 9
742 9
829 9
162 9
161 9
478 9
577 9
683 9
674 9
59 9
286 9
719 9
332 9
351 9
91 9
572 9
120 9
821 9
18 9
421 9
144 9
472 9
690 9
468 9
76 9
687 34
253 9
412 9
517 9
815 9
399 9
631 9
785 9
156 9
488 9
670 9
6 9
643 9
747 9
485 9
625 9
562 9
624 9
489 9
841 9
803 9
63 9
78 9
464 9
756 9
153 9
453 9
416 9
396 6
143 9
75 9
553 34
113 9
588 9
764 9
632 9
835 9
270 9
258 9
776 9
233 9
36 9
0 9
484 9
753 9
491 9
760 9
435 9
556 9
836 9
601 9
390 9
353 9
221 9
109 9
431 9
744 6
554 9
795 9
731 6
853 34
208 9
150 9
385 9
346 9
757 9
708 9
819 9
750 9
7 9
51 9
393 9
331 9
838 9
108 9
283 9
518 9
791 9
85 9
715 9
130 9
19 9
148 9
54 9
379 9
668 9
409 9
833 9
103 9
692 9
232 9
639 9
178 9
195 9
42 9
37 9
169 9
1 9
126 34
127 9
551 9
200 6
469 6
834 9
508 9
282 9
352 9
90 9
38 9
86 9
564 9
128 6
462 9
234 9
696 9
620 9
504 9
374 9
225 9
320 9
693 9
426 6
767 9
217 9
525 9
529 6
701 9
93 9
279 9
725 9
549 9
679 9
174 9
14 9
318 34
73 9
475 9
698 9
216 9
375 9
724 9
50 9
278 34
439 34
721 9
676 9
492 9
844 9
855 9
242 9
703 9
531 6
633 9
89 9
284 9
707 9
610 9
391 9
723 6
754 9
99 9
778 9
814 9
863 6
336 9
451 9
297 9
360 9
406 9
294 9
567 9
540 9
580 9
207 9
704 9
273 9
537 9
348 34
810 9
516 9
231 9
541 9
709 9
733 9
847 9
46 9
743 9
717 9
689 9
56 6
129 9
619 9
154 9
503 6
434 9
359 9
373 9
181 9
259 9
654 9
21 9
761 9
813 9
219 9
415 9
229 9
741 9
327 9
69 6
411 9
71 6
545 6
189 9
256 9
293 9
429 9
160 6
326 9
830 9
650 6
640 9
626 9
850 9
858 9
746 9
238 9
711 9
705 9
392 9
585 9
191 9
552 9
115 9
202 9
255 9
603 9
131 9
123 9
137 34
607 9
651 34
344 9
302 9
45 6
605 9
31 9
149 6
277 9
505 6
527 9
535 6
697 9
60 6
57 9
274 6
141 9
377 6
187 6
418 9
15 6
583 9
193 6
702 34
324 9
566 9
223 9
165 6
482 9
736 6
466 9
263 6
10 34
401 9
121 9
728 6
400 9
397 9
799 6
832 9
560 6
798 9
589 9
218 6
157 9
494 9
842 9
209 9
440 9
92 10
80 9
859 6
542 9
536 6
314 9
175 9
365 6
509 9
67 9
9 9
533 9
204 9
105 34
837 9
680 9
236 6
276 6
658 34
16 9
684 9
481 9
84 6
849 9
634 9
350 9
119 9
370 9
438 9
32 9
151 9
648 9
804 9
677 9
455 9
617 9
152 9
408 9
170 6
102 9
441 6
720 34
48 34
735 6
773 9
816 9
339 6
227 9
805 6
694 34
136 9
319 9
793 6
423 9
740 9
268 9
827 9
555 9
569 6
547 9
23 9
614 9
222 9
163 6
66 9
749 9
140 9
546 9
604 34
354 9
201 9
337 6
454 9
420 9
77 9
213 6
196 6
26 6
41 6
164 9
125 9
647 9
528 9
543 9
185 9
405 9
582 6
271 6
428 6
790 9
65 9
145 9
134 9
532 9
205 9
775 9
759 9
498 9
570 6
473 6
430 9
100 9
442 9
688 9
328 9
82 6
661 9
192 6
304 9
425 9
751 9
39 9
506 9
618 9
597 9
117 9
480 9
260 6
581 9
349 6
463 34
765 6
458 9
414 34
770 9
295 9
241 6
27 9
774 9
448 9
623 9
369 6
252 9
243 6
777 9
678 6
524 9
796 9
628 6
587 9
281 9
593 6
548 6
865 34
487 10
461 10
81 9
716 9
534 9
171 6
264 34
437 9
457 6
851 9
410 9
68 9
772 6
866 9
826 6
848 9
380 9
188 9
809 9
755 34
12 9
800 9
663 6
301 9
49 6
748 9
443 9
158 6
595 9
496 6
860 10
43 9
11 9
177 6
62 9
568 9
422 6
168 9
317 9
616 9
220 6
854 9
61 6
539 9
138 9
612 9
98 6
845 9
364 6
147 9
8 6
427 9
766 9
656 10
212 9
802 9
781 9
447 9
13 6
706 9
214 9
159 6
419 9
334 9
669 34
685 9
249 6
166 6
557 9
500 9
538 10
465 6
599 6
104 6
35 34
615 9
637 9
652 6
657 9
730 9
726 9
584 10
787 9
53 6
445 34
29 6
275 9
413 6
476 9
305 6
635 6
356 9
811 9
30 9
666 9
843 9
111 6
864 9
846 9
251 6
58 34
432 9
699 6
280 9
235 9
340 9
630 9
681 6
486 9
362 34
386 9
786 6
621 9
682 9
713 6
817 9
797 6
88 9
714 9
3 9
758 9
184 9
700 9
254 9
87 9
520 34
449 6
381 9
806 6
513 6
812 9
779 6
592 6
308 6
367 9
526 9
306 9
383 6
228 9
292 6
507 9
361 9
110 6
559 34
357 9
718 34
404 10
563 6
558 6
653 6
586 10
146 6
571 34
387 6
341 6
664 6
501 6
22 6
450 6
325 6
101 6
417 6
378 6
471 6
363 6
198 6
622 6
782 6
523 6
307 6
40 6
355 6
135 6
176 6
358 9
226 9
807 6
389 6
490 6
402 6
642 6
444 6
510 6
575 6
96 6
72 34
245 6
203 6
752 6
299 6
514 6
594 10
33 6
783 6
237 34
727 6
808 6
298 34
106 10
2 10
600 6
269 10
467 6
107 6
695 6
114 6
602 10
34 6
606 6
371 6
186 6
840 6
627 10
784 10
852 6
173 6
456 6
565 6
310 6
366 6
659 34
493 6
495 6
862 6
261 6
266 10
124 6
300 6
155 10
290 6
382 6
502 6
215 6
521 6
522 6
590 6
262 10
544 10
372 6
190 6
662 6
183 6
288 6
291 10
515 10
24 6
675 6
519 6
338 10
28 6
17 6
729 6
801 6
474 6
673 6
211 6
376 6
285 6
343 6
667 6
452 6
25 6
825 6
289 6
578 6
436 6
649 10
671 6
780 6
180 6
267 6
309 6
596 34
771 6
734 11
646 6
265 10
768 6
497 10
44 6
710 6
686 6
511 10
342 10
97 6
762 6
822 6
83 6
433 6
246 6
388 6
470 6
609 6
831 6
407 34
732 10
194 6
345 6
460 6
398 6
316 34
861 10
70 10
224 6
672 6
446 6
823 10
323 10
330 6
636 10
172 10
839 6
629 10
638 6
311 6
313 10
712 10
665 34
112 6
856 6
769 6
79 6
199 6
142 6
206 6
573 10
47 6
239 6
287 6
722 6
52 6
792 6
333 6
335 6
64 6
244 6
74 6
312 6
247 6
424 6
483 10
739 6
139 6
132 6
122 6
824 6
315 6
4 6
737 6
179 10
210 6
499 8
611 6
512 6
591 6
116 6
296 10
763 34
608 6
20 10
5 10
303 6
579 10
403 6
660 6
322 6
118 10
550 6
167 6
645 10
857 6
598 6
384 10
655 10
368 6
691 6
347 6
95 10
250 10
240 10
133 10
789 10
329 6
576 6
272 10
321 34
394 6
745 10
867 6
248 6
459 34
477 6
479 6
641 6
794 6
230 6
561 6
738 11
820 6
182 10
613 10
530 10
828 6
257 6
197 10
788 6
574 6
818 6
run time cost of algorithm DRT_AG is 0.009329seconds
