623600 97 17
0 0
1 0
2 0
3 0
4 0
5 0
6 0
7 34
8 0
9 0
10 0
11 0
12 0
13 0
14 0
15 0
16 34
17 0
18 0
19 0
20 0
21 0
22 0
23 0
24 0
25 34
26 0
27 0
28 0
29 0
30 0
31 0
32 0
33 0
34 0
35 0
36 0
37 0
38 34
39 0
40 0
41 0
42 0
43 1
44 0
45 0
46 0
47 0
48 0
49 0
50 0
51 0
52 1
53 0
54 0
55 0
56 0
57 0
58 0
59 0
60 0
61 0
62 0
63 0
64 1
65 0
66 0
67 0
68 0
69 0
70 0
71 0
72 0
73 0
74 0
75 0
76 1
77 0
78 0
79 0
80 0
81 0
82 0
83 34
84 0
85 0
86 0
87 0
88 34
89 1
90 0
91 0
92 0
93 0
94 1
95 0
96 0
97 0
98 0
99 0
100 0
101 0
102 0
103 0
104 0
105 0
106 34
107 0
108 0
109 0
110 0
111 0
112 0
113 1
114 0
115 0
116 1
117 0
118 0
119 0
120 1
121 0
122 0
123 0
124 0
125 0
126 0
127 0
128 1
129 1
130 0
131 1
132 1
133 1
134 0
135 34
136 0
137 0
138 0
139 0
140 0
141 0
142 0
143 1
144 0
145 0
146 0
147 0
148 0
149 0
150 1
151 0
152 0
153 0
154 0
155 0
156 0
157 0
158 0
159 0
160 1
161 1
162 34
163 0
164 0
165 1
166 0
167 0
168 0
169 1
170 0
171 0
172 0
173 0
174 1
175 1
176 0
177 34
178 0
179 0
180 34
181 0
182 0
183 0
184 0
185 0
186 0
187 0
188 34
189 1
190 0
191 0
192 0
193 0
194 0
195 34
196 0
197 0
198 34
199 1
200 0
201 0
202 0
203 1
204 1
205 34
206 0
207 1
208 0
209 34
210 0
211 0
212 0
213 1
214 0
215 0
216 1
217 0
218 0
219 2
220 0
221 0
222 0
223 1
224 0
225 0
226 0
227 0
228 0
229 0
230 0
231 1
232 0
233 1
234 34
235 1
236 1
237 0
238 0
239 1
240 0
241 0
242 0
243 1
244 0
245 0
246 0
247 0
248 0
249 34
250 0
251 0
252 0
253 0
254 1
255 0
256 1
257 1
258 0
259 0
260 0
261 0
262 0
263 0
264 1
265 0
266 1
267 0
268 34
269 0
270 0
271 0
272 0
273 0
274 1
275 0
276 0
277 0
278 0
279 0
280 0
281 2
282 34
283 1
284 1
285 0
286 0
287 0
288 2
289 0
290 0
291 0
292 0
293 0
294 34
295 0
296 0
297 0
298 0
299 34
300 0
301 0
302 0
303 2
304 1
305 2
306 1
307 0
308 1
309 0
310 0
311 1
312 0
313 1
314 0
315 34
316 2
317 1
318 2
319 2
320 0
321 0
322 1
323 0
324 1
325 0
326 0
327 0
328 0
329 1
330 1
331 1
332 0
333 34
334 1
335 0
336 1
337 0
338 0
339 1
340 0
341 0
342 1
343 1
344 1
345 0
346 0
347 1
348 0
349 0
350 0
351 1
352 1
353 0
354 0
355 1
356 0
357 0
358 1
359 1
360 1
361 1
362 1
363 0
364 0
365 0
366 0
367 1
run time cost of algorithm SM_CTP is 0.191532seconds
