4155400 161 59
286 9
574 9
749 9
852 9
527 9
868 9
27 9
193 9
107 9
603 9
84 34
275 9
504 34
727 9
233 9
174 9
640 9
754 9
283 9
46 9
224 9
629 9
671 9
23 9
10 9
63 9
505 9
872 9
765 9
685 9
907 34
794 9
32 9
512 9
73 9
473 9
472 9
38 9
91 9
295 9
35 9
753 34
819 9
150 9
784 9
913 9
777 9
514 9
870 9
24 9
113 9
624 9
176 9
455 9
356 9
302 9
891 9
637 9
132 9
521 9
806 9
252 9
548 9
266 9
719 34
867 9
896 9
857 9
52 9
665 9
854 34
785 9
134 9
592 9
841 9
528 9
680 9
707 9
530 9
396 9
618 9
706 9
781 9
770 9
47 9
315 34
44 9
41 9
40 9
666 9
614 9
159 9
103 9
78 9
270 9
456 9
93 9
797 34
546 9
338 9
507 34
818 9
102 9
871 9
316 9
329 9
827 9
232 9
699 9
375 9
641 9
448 9
683 9
783 9
708 9
625 9
824 9
160 9
691 9
627 9
251 9
256 6
873 9
559 9
79 9
354 6
263 9
811 9
619 9
715 9
709 9
500 9
919 34
376 9
863 9
451 9
577 9
81 9
361 9
418 9
578 9
839 9
646 9
415 9
635 9
345 9
634 9
689 9
416 9
879 9
172 9
258 9
660 9
75 9
253 9
606 9
90 9
393 9
307 9
922 9
613 9
814 9
197 6
821 9
915 9
313 34
851 9
620 34
280 9
161 9
390 9
924 9
378 9
923 9
721 9
76 9
273 9
723 9
761 9
726 9
234 9
758 9
756 9
748 9
379 9
647 9
340 9
833 9
138 9
702 9
563 9
511 9
678 9
460 9
215 9
53 9
875 9
604 9
22 9
649 9
778 9
491 9
358 9
112 9
131 9
83 9
421 9
461 9
77 9
181 9
317 9
802 9
776 9
515 9
2 9
869 9
466 9
331 9
445 9
440 9
449 9
427 9
567 9
94 9
593 9
339 9
831 9
471 9
718 6
299 9
805 9
886 9
809 9
717 9
633 9
235 9
651 9
803 9
903 9
400 9
561 9
327 9
877 9
328 9
244 9
598 9
538 9
429 9
865 9
585 9
670 9
389 9
342 9
557 9
254 9
264 9
187 9
300 9
192 9
210 9
387 9
815 9
740 9
816 9
888 9
437 9
553 9
552 9
312 9
368 6
330 9
334 9
30 9
453 9
212 9
414 9
54 34
697 9
673 9
639 9
524 9
547 9
279 9
439 9
590 9
48 9
240 9
59 6
190 9
610 9
45 34
596 9
346 9
260 9
225 9
188 9
357 9
87 9
926 9
849 6
239 9
571 6
608 9
422 9
773 9
837 9
226 9
632 9
701 9
519 6
834 9
388 9
817 9
555 9
363 34
729 9
658 9
780 9
123 9
347 9
565 9
36 6
37 9
341 9
734 9
840 9
668 9
763 9
534 9
50 9
862 6
566 9
31 9
478 9
595 9
594 9
18 9
365 9
360 9
648 9
403 9
742 9
271 9
759 9
533 9
572 9
402 34
80 9
433 9
61 9
551 6
247 9
589 6
436 9
60 9
554 9
820 9
558 9
631 9
359 9
88 9
732 9
259 9
148 9
133 9
568 9
844 9
96 9
864 9
337 9
205 9
861 9
371 9
730 6
178 6
545 9
762 6
653 9
489 9
303 9
126 9
842 9
209 9
462 9
494 34
909 9
493 9
105 9
69 9
890 9
292 6
866 9
728 9
582 6
130 9
211 9
128 9
591 9
694 9
143 9
518 9
454 34
602 9
654 9
669 9
55 34
737 9
564 9
930 9
227 9
813 6
442 6
483 6
496 6
222 6
413 6
569 6
290 6
920 6
663 6
206 6
425 6
664 6
374 6
261 6
56 6
467 6
710 6
829 6
690 6
838 6
476 34
655 6
51 6
269 6
904 6
409 6
501 6
573 34
458 6
921 6
482 6
11 6
199 6
325 34
217 6
438 6
200 6
481 6
479 6
537 6
412 6
3 6
810 6
503 6
823 6
104 6
13 6
845 6
853 6
522 6
97 6
898 6
366 6
822 6
382 6
310 6
406 6
289 34
284 6
282 6
155 6
198 6
705 6
858 9
362 6
116 6
8 6
301 6
404 6
495 6
880 6
268 6
432 34
447 6
351 6
932 6
248 6
452 6
657 6
713 6
196 6
194 34
767 6
766 6
82 6
72 10
738 6
401 6
157 6
62 10
214 6
304 6
333 6
19 6
580 6
450 6
386 6
398 34
204 6
787 6
229 6
856 6
265 10
804 6
644 6
21 6
20 6
352 6
832 6
517 6
446 6
111 6
487 6
99 6
782 6
847 6
927 34
242 6
306 6
899 6
881 6
700 6
250 6
4 6
583 6
812 6
581 6
911 6
28 6
296 6
560 6
793 6
622 6
509 6
616 6
693 6
661 6
541 6
262 6
372 6
848 6
164 6
410 6
293 6
294 34
64 6
348 6
506 6
305 6
774 6
308 6
145 6
677 6
520 6
900 6
826 6
156 6
676 6
675 6
147 6
682 6
267 6
309 6
411 6
825 10
423 6
169 6
323 6
846 6
611 6
221 6
746 6
587 6
127 6
469 6
246 6
391 10
843 6
332 10
830 6
597 6
885 10
736 6
278 6
508 6
464 6
431 6
916 6
599 6
319 6
120 6
684 6
101 6
575 6
219 6
92 6
43 10
369 6
71 6
114 6
795 6
42 6
636 6
539 6
889 6
364 6
318 6
711 6
165 6
600 6
716 6
570 6
1 6
788 6
463 6
562 6
74 6
796 6
556 6
485 6
623 6
139 6
643 6
674 6
789 34
529 6
791 10
122 6
474 6
297 10
405 34
876 6
49 6
191 6
25 6
739 6
887 6
184 6
775 6
135 6
428 10
119 6
115 6
68 6
681 6
733 6
917 6
542 6
457 6
344 6
882 6
679 6
320 6
550 6
66 6
579 6
535 6
14 6
85 6
642 6
513 6
168 34
744 6
906 34
322 6
792 6
486 6
897 6
672 6
497 10
355 6
626 6
6 6
435 6
173 6
109 6
905 6
343 6
326 6
695 6
526 6
407 6
751 6
202 6
470 6
586 6
33 6
152 6
67 6
588 6
714 10
860 6
686 6
750 34
771 6
722 6
688 6
650 6
609 6
321 10
162 6
70 6
532 9
65 9
628 6
137 6
118 6
195 6
800 6
605 6
638 6
743 6
902 34
757 6
498 6
798 6
277 6
492 6
724 6
149 6
912 6
136 6
383 6
100 6
34 6
928 6
335 6
925 6
419 6
230 6
89 6
630 6
288 6
385 6
397 6
228 6
241 6
698 6
177 6
39 6
441 6
747 6
408 6
121 6
918 6
908 10
807 6
236 6
878 6
223 6
218 6
490 6
712 6
764 6
731 6
179 10
667 6
426 6
12 10
380 6
255 6
237 6
692 6
353 6
475 6
850 10
656 6
110 6
662 6
9 6
125 10
17 10
142 6
95 6
417 6
549 6
704 6
151 6
790 6
399 6
443 10
285 6
696 6
531 6
158 6
516 10
502 6
98 6
243 6
901 6
859 6
607 6
434 6
755 6
499 6
543 6
349 6
367 6
488 6
745 6
480 6
395 10
768 6
324 34
914 6
141 6
207 6
298 6
576 10
617 6
725 6
26 6
108 6
786 10
186 6
29 6
835 34
180 6
57 10
86 6
394 6
430 6
801 6
799 6
510 34
892 6
477 6
7 6
0 6
257 6
287 6
336 6
601 34
238 6
377 6
381 6
808 6
189 6
735 6
929 6
183 6
536 6
540 34
201 6
373 6
828 6
769 6
895 6
894 6
893 6
276 6
468 6
153 6
249 6
884 6
144 10
687 6
213 6
129 34
171 6
281 6
741 6
106 6
146 6
15 6
910 6
220 6
370 6
855 6
245 6
612 6
615 6
621 6
420 6
652 6
175 6
760 6
167 6
645 6
703 6
484 6
931 6
392 6
772 6
185 6
752 6
424 6
291 6
311 6
124 6
779 6
444 34
272 6
117 6
5 6
525 6
163 6
182 6
203 6
720 6
384 6
58 6
231 10
170 6
166 10
883 6
659 6
154 6
140 34
314 6
16 6
208 6
874 6
836 6
544 6
584 6
350 6
523 6
274 6
459 6
465 6
216 6
run time cost of algorithm DRT_AG is 0.009167seconds
