1345900 97 16
125 11
595 11
583 11
263 11
60 11
299 11
309 11
205 11
732 11
383 11
645 34
126 11
330 11
653 11
654 11
535 11
153 34
162 11
158 11
743 11
159 11
327 11
669 11
652 11
687 11
135 11
523 34
704 11
316 11
118 11
359 34
196 11
389 11
76 11
74 11
545 11
275 11
752 11
19 11
418 11
700 11
11 34
89 11
429 11
365 11
585 11
173 11
27 11
670 11
64 11
461 11
552 11
410 11
693 11
487 11
55 11
527 11
329 11
336 11
676 11
445 11
157 11
26 11
772 11
236 11
522 11
553 11
555 11
427 11
531 34
682 34
400 11
49 11
341 11
668 11
710 11
731 11
117 11
279 11
713 34
564 11
643 11
246 11
276 11
725 11
84 11
472 11
651 11
2 11
65 11
90 11
466 11
92 11
381 11
134 11
543 11
399 11
664 11
58 34
29 11
148 11
521 11
508 11
44 11
216 11
151 34
703 11
18 11
673 11
204 11
268 11
577 34
488 34
105 11
730 11
310 11
101 11
717 11
176 11
9 11
392 11
692 11
35 11
470 11
626 11
504 11
380 11
705 11
536 11
88 11
599 11
697 11
675 11
726 34
450 11
375 11
551 11
505 11
252 11
243 11
649 11
368 11
242 11
337 1
768 11
511 11
53 11
366 11
561 11
328 11
131 11
224 11
245 11
46 11
479 11
602 11
547 11
79 11
21 11
712 11
623 1
208 1
6 11
165 11
632 11
629 11
767 11
684 11
103 11
718 34
394 11
423 11
736 11
660 11
323 11
476 11
771 11
742 11
393 11
274 11
166 11
169 11
432 11
639 11
464 34
640 11
451 34
4 11
28 34
225 11
526 34
751 11
770 11
41 11
194 11
435 11
77 11
177 11
231 11
78 11
671 11
272 11
82 11
501 11
714 11
517 11
431 11
556 11
25 11
548 11
16 11
478 11
480 11
401 11
604 11
570 11
115 11
495 11
499 11
97 1
562 11
7 11
155 11
136 11
520 11
262 11
178 11
69 11
581 11
347 11
397 11
398 11
709 11
474 11
318 11
1 11
355 11
203 11
541 34
164 11
167 1
616 11
172 11
775 1
446 11
582 34
481 11
124 11
339 11
592 11
688 11
443 11
490 11
296 11
67 11
291 11
631 34
409 11
198 1
498 11
576 11
48 11
277 11
447 34
139 34
221 11
38 11
356 11
230 34
518 1
112 1
107 11
690 11
223 11
589 11
331 11
326 11
24 11
284 11
303 34
358 1
354 11
109 34
102 1
747 11
538 11
387 11
634 11
733 1
288 11
298 1
240 11
734 1
149 11
388 11
108 11
514 11
477 11
42 11
607 11
94 11
346 11
422 11
769 11
133 11
256 1
23 11
530 11
332 11
87 11
467 11
86 34
180 11
606 34
317 11
761 11
31 11
295 11
361 11
195 11
270 11
622 11
502 11
739 34
757 11
175 34
491 11
612 11
627 34
333 34
287 1
129 11
483 11
510 11
402 11
91 11
741 34
357 11
494 11
382 11
304 11
503 11
320 11
724 11
282 11
184 11
285 34
421 11
580 11
52 11
302 11
344 11
377 11
567 11
207 11
759 11
269 11
469 34
232 11
568 11
689 11
185 1
685 1
45 11
403 11
620 11
569 11
283 11
441 11
110 11
267 11
114 11
15 34
373 11
113 11
737 11
253 1
241 11
519 1
56 11
492 11
121 11
5 11
529 11
12 11
160 11
235 11
281 11
209 11
727 11
286 11
319 11
33 11
72 11
211 11
349 11
301 11
229 11
376 11
608 11
96 11
560 11
554 11
558 11
54 11
722 11
217 11
244 11
73 11
565 11
497 11
50 11
610 1
723 11
363 11
617 1
618 11
190 11
39 1
539 34
468 11
404 11
345 11
143 1
147 11
760 11
352 1
17 11
214 11
43 34
378 34
264 1
120 11
701 11
116 1
656 34
189 11
360 11
306 34
463 11
111 11
613 11
80 11
0 11
525 11
534 34
66 11
289 11
667 1
449 1
95 11
662 11
563 11
372 34
454 11
571 34
716 11
104 34
458 11
250 11
756 1
763 11
462 11
433 1
430 11
420 11
59 11
426 11
657 11
424 1
762 11
658 1
644 11
695 1
199 11
249 11
635 11
324 11
721 11
239 11
146 1
619 1
516 11
362 11
438 11
174 11
659 1
698 11
63 1
489 34
414 11
343 11
419 1
371 11
340 11
257 11
266 11
100 11
384 11
641 11
182 11
575 1
584 1
588 11
460 1
179 11
145 1
512 11
307 11
515 11
408 11
71 11
212 11
638 1
738 11
473 11
197 11
334 34
776 11
186 11
258 11
428 11
509 1
293 11
311 11
625 11
413 11
683 11
672 11
559 1
338 1
10 11
744 11
385 11
507 11
348 11
369 11
127 11
156 11
350 1
191 11
646 1
34 11
351 11
637 11
513 11
415 11
745 11
411 11
32 11
550 1
636 11
142 1
621 11
140 11
220 34
471 34
601 1
187 11
597 11
707 11
457 11
260 11
342 11
506 11
22 11
572 11
271 11
163 34
485 11
406 11
305 11
68 1
666 34
740 34
493 11
749 11
587 11
138 11
647 11
661 1
452 11
453 11
735 1
678 11
754 11
578 11
259 11
386 11
395 11
719 11
30 11
206 11
593 34
122 11
123 11
484 11
773 11
292 11
141 11
600 11
297 11
439 1
170 11
314 11
605 1
440 11
233 11
674 1
475 11
537 11
711 11
83 1
374 11
161 11
322 11
390 11
533 11
686 34
308 11
251 1
154 1
611 11
226 1
615 11
665 34
119 1
128 11
755 11
290 11
14 1
630 11
412 11
655 11
728 11
13 11
663 11
715 11
37 11
417 11
188 11
321 11
750 11
106 1
168 1
192 1
699 11
391 11
193 1
353 11
183 11
633 11
255 11
210 11
549 1
335 11
219 11
694 34
227 1
696 11
542 1
766 11
425 11
586 11
75 11
201 1
396 11
603 1
294 34
720 34
748 11
261 1
130 11
36 1
228 34
181 11
591 11
677 1
648 11
238 11
99 11
62 1
642 11
47 1
764 11
8 11
436 11
628 11
20 11
248 11
765 11
152 11
753 11
379 1
367 11
448 11
364 34
524 11
681 1
540 11
81 1
280 11
680 34
679 11
3 11
213 34
706 11
596 11
650 1
202 11
624 11
459 11
416 11
614 11
609 11
57 11
325 11
265 11
234 1
315 11
313 11
312 11
546 11
444 11
218 1
85 11
40 11
137 34
590 1
729 1
254 11
437 11
746 11
574 11
456 11
61 11
702 11
247 11
144 1
237 11
573 11
691 11
544 34
51 11
465 11
171 11
455 11
150 11
222 11
708 11
486 11
132 11
500 11
215 11
442 11
758 11
407 11
405 1
496 11
93 11
482 11
370 11
528 11
594 1
598 11
278 11
98 1
300 11
579 11
434 11
532 1
566 11
273 11
70 11
200 11
774 1
557 1
run time cost of algorithm DRT_BD is 0.317662seconds
