808000 157 67
81 34
42 34
9 34
18 34
85 34
70 34
50 34
58 0
0 34
74 34
63 34
57 34
67 34
61 34
54 34
86 34
71 34
40 34
4 34
1 34
3 34
51 34
25 34
33 34
32 34
39 34
5 34
55 0
79 34
36 34
10 34
62 34
11 34
29 34
20 34
84 34
41 34
17 34
35 34
22 20
78 34
45 34
83 34
76 0
13 34
53 34
72 34
14 34
46 34
68 34
23 34
7 0
49 34
52 0
43 34
21 34
38 34
2 34
75 34
64 34
56 34
44 34
60 34
27 34
31 34
82 34
12 34
77 34
65 34
37 0
15 34
66 34
80 34
19 34
48 34
6 34
73 34
28 0
30 34
47 34
26 34
59 34
16 34
34 34
69 34
24 34
8 34
run time cost of algorithm DRT_BD is 0.006109seconds
