4470800 170 21
130 41
186 25
49 9
103 25
151 25
169 25
380 34
298 25
220 25
13 25
27 25
176 34
8 25
315 25
251 25
272 9
0 25
232 25
162 25
35 25
234 25
283 25
12 25
337 25
173 25
335 25
340 25
384 25
88 25
61 25
31 41
124 41
229 25
290 25
231 25
227 41
10 9
319 25
347 25
113 25
101 25
80 9
391 34
136 25
325 25
180 25
355 25
161 41
58 25
324 9
281 41
343 25
168 25
196 25
383 9
293 41
309 25
313 25
308 34
157 25
21 41
105 25
68 25
190 41
42 25
33 25
174 25
137 25
370 25
285 25
277 34
95 25
222 25
303 25
241 25
345 25
5 25
256 25
322 25
165 41
93 25
48 25
133 25
346 25
140 25
330 25
189 34
235 41
56 25
114 25
260 25
328 25
349 25
178 25
213 25
191 25
390 25
297 25
64 9
198 25
240 41
63 41
177 9
276 41
317 41
253 41
1 41
365 41
269 41
326 41
98 41
225 41
207 41
15 41
242 41
209 41
9 6
357 41
374 41
377 41
106 41
18 41
86 41
83 41
212 41
120 37
121 41
154 9
318 41
115 41
179 37
263 41
182 41
385 34
66 41
144 41
292 37
141 37
197 41
291 41
202 41
246 41
4 41
239 41
54 41
221 41
39 41
375 41
167 37
55 41
259 41
274 37
333 41
301 41
199 41
116 41
67 41
245 41
17 41
22 41
71 41
175 41
237 41
348 41
271 41
16 41
7 41
195 38
266 41
156 41
29 41
131 41
289 41
40 41
294 41
150 41
223 41
188 41
389 41
76 41
359 41
26 41
181 41
261 41
233 41
166 41
265 41
148 9
147 38
143 37
334 41
14 41
217 41
164 41
153 41
89 41
373 41
255 41
139 41
219 41
70 41
203 41
367 34
369 34
92 41
19 41
230 38
257 34
350 37
108 41
323 37
338 37
268 41
306 34
286 41
388 9
362 41
77 34
329 38
372 41
252 9
238 34
360 41
155 41
226 37
119 38
305 34
57 41
264 41
170 38
258 37
96 41
218 41
159 41
171 41
110 41
6 41
185 41
107 37
284 34
125 41
38 41
90 38
97 41
267 41
126 41
94 41
160 37
316 41
299 41
224 37
244 37
210 41
327 38
41 37
331 9
248 41
361 41
216 9
302 37
206 38
172 41
32 41
142 41
379 34
74 41
152 41
36 41
51 34
129 41
287 41
122 41
193 37
134 34
28 41
3 41
339 41
104 41
145 37
249 37
24 37
278 37
132 41
52 38
356 25
20 34
183 38
138 41
184 41
102 37
65 41
84 41
34 41
117 41
254 41
387 41
228 37
111 37
354 41
73 41
72 34
46 38
146 41
53 37
81 41
382 41
135 41
358 41
336 9
376 41
364 41
307 41
273 34
247 34
149 41
279 41
275 41
62 41
250 41
99 41
352 41
163 37
371 34
320 41
353 37
123 37
78 34
341 41
351 37
270 41
342 41
25 41
314 41
112 41
79 37
236 41
282 41
47 41
127 41
311 41
2 41
381 41
205 37
363 37
215 41
200 41
321 41
204 37
192 34
44 41
194 37
118 41
100 41
280 41
11 37
87 41
368 37
243 41
262 41
45 8
214 41
69 41
300 41
187 41
304 41
208 41
366 41
201 41
332 41
378 34
310 34
60 9
82 41
85 41
30 9
296 9
43 41
211 34
59 41
75 41
23 9
50 34
312 41
344 41
158 34
91 41
295 37
386 41
37 41
128 9
288 41
109 41
run time cost of algorithm DRT_AG is 0.002029seconds
