2445300 98 14
211 34
184 3
260 3
168 3
270 3
328 3
338 3
384 34
222 3
91 3
353 3
246 34
419 3
5 3
265 3
315 3
320 3
188 3
12 34
281 3
148 34
143 3
138 34
245 3
173 3
417 3
111 3
335 3
400 3
292 3
1 3
160 34
305 3
336 3
215 3
134 3
382 3
385 3
127 3
11 3
395 3
412 3
63 34
24 3
410 3
239 3
362 3
311 3
361 3
249 3
103 3
17 3
307 3
369 3
284 3
201 3
223 3
306 34
257 3
427 3
299 3
34 3
330 3
390 3
291 3
129 3
61 3
317 3
15 3
333 3
124 3
212 3
230 3
264 34
416 34
56 3
329 3
203 3
204 3
107 3
29 3
76 3
187 3
250 3
401 3
236 3
340 3
144 34
25 34
381 3
386 3
278 3
322 3
189 3
421 3
95 3
425 3
84 3
172 3
190 3
370 3
217 3
413 3
325 3
93 3
22 3
109 3
399 3
74 3
397 3
279 34
378 3
252 3
108 3
2 3
36 3
268 3
164 3
344 6
388 3
155 34
422 34
177 3
45 3
208 3
365 3
255 3
428 3
282 3
136 3
180 6
259 3
44 3
151 3
57 6
434 3
137 6
62 6
206 3
254 3
253 3
319 3
348 3
85 3
116 3
106 3
424 3
219 3
214 3
300 3
243 3
72 34
341 6
332 3
14 3
37 3
351 3
104 3
75 3
220 3
263 3
408 3
51 3
312 3
42 34
135 3
266 6
156 3
359 3
242 3
233 6
26 3
430 3
105 6
237 3
287 3
99 3
216 3
377 3
256 34
83 3
31 6
79 6
380 3
20 3
210 6
197 34
147 6
414 3
52 3
295 3
415 6
183 6
429 3
120 3
251 3
157 3
195 3
301 3
375 34
334 3
73 3
198 6
21 6
406 3
60 3
0 3
66 3
130 3
8 3
112 3
59 6
290 3
318 6
394 6
117 3
226 3
41 3
350 3
411 3
98 3
391 3
77 3
435 3
121 6
355 3
372 3
357 6
308 6
367 3
374 6
271 3
240 6
113 3
241 6
228 3
55 3
218 3
354 3
123 3
426 3
337 6
68 3
393 3
185 3
178 3
18 3
19 3
231 3
122 3
81 3
13 3
304 6
161 3
298 6
4 3
65 6
166 34
39 6
267 3
97 3
88 6
232 6
396 3
7 3
194 3
431 3
261 3
368 6
238 3
89 3
313 3
86 6
3 3
132 3
47 3
274 3
54 3
92 3
186 6
349 6
392 3
70 3
343 3
234 3
379 3
27 3
16 3
420 3
142 3
152 6
169 3
80 3
356 3
248 6
286 3
53 6
71 3
371 3
170 3
159 6
43 3
207 3
10 3
35 3
269 3
64 6
149 3
146 6
167 6
258 6
324 3
182 3
6 6
423 3
87 3
153 6
314 6
316 3
176 3
323 6
409 6
303 3
296 34
46 3
433 6
193 3
100 6
69 3
139 3
366 6
407 6
175 3
90 6
389 3
118 3
67 3
38 3
272 6
403 3
285 3
229 3
418 3
110 6
150 3
145 6
82 6
347 8
102 3
276 3
128 6
202 6
213 3
363 34
49 3
235 3
78 3
196 6
141 3
327 3
387 34
404 6
309 6
244 34
273 3
275 6
115 3
199 6
23 6
360 6
48 3
94 6
302 3
133 6
32 3
339 3
294 6
126 3
171 3
50 3
119 3
402 6
163 3
96 34
288 0
342 3
227 3
280 3
9 3
140 6
221 3
297 3
33 3
405 6
162 3
205 3
165 3
326 3
209 3
58 3
101 0
289 3
30 0
364 6
262 3
181 6
192 34
125 3
225 6
345 3
346 3
131 6
40 3
28 6
247 3
224 6
174 3
114 6
383 6
191 6
154 6
293 3
277 6
321 6
352 3
432 6
373 3
200 3
310 6
358 3
376 3
179 6
331 3
158 0
283 6
398 3
run time cost of algorithm DRT_BD is 0.140938seconds
