6267600 170 19
421 25
63 25
47 25
406 34
453 25
323 25
464 25
318 25
109 25
21 25
503 25
53 25
179 25
210 25
163 25
476 34
289 25
134 25
293 25
22 41
287 25
93 25
526 25
305 25
395 25
76 25
498 25
283 25
425 25
58 25
222 25
61 25
370 25
353 41
523 9
39 34
131 25
32 25
292 25
273 25
328 25
348 34
191 25
215 25
178 25
188 9
255 41
181 41
38 25
198 34
169 25
317 25
376 25
307 25
186 25
426 9
94 25
68 25
162 41
74 9
417 34
10 25
463 25
396 25
333 9
475 25
147 25
183 25
195 25
470 9
325 25
409 25
112 25
161 25
295 25
124 25
456 25
544 25
444 41
274 9
364 25
128 25
113 25
299 25
324 25
412 25
512 25
79 9
224 25
216 25
212 25
442 25
410 25
277 41
17 25
288 25
218 9
297 25
12 9
310 41
120 41
514 41
138 41
246 41
497 41
474 41
209 41
6 41
303 41
524 41
309 34
72 41
214 41
157 41
301 41
144 41
457 41
182 41
66 34
252 41
116 41
466 41
269 41
454 41
236 41
534 41
536 41
35 9
203 41
372 41
146 41
29 41
33 41
140 41
28 34
123 41
159 41
1 41
462 41
377 34
358 34
362 41
261 34
420 41
419 41
190 41
115 41
278 41
168 9
245 41
118 41
158 41
152 41
488 41
459 41
294 41
520 41
86 34
349 41
45 41
11 34
502 41
418 41
424 41
279 41
521 41
114 9
187 41
20 41
359 9
172 41
329 41
92 41
271 41
219 41
334 41
201 41
176 34
369 41
104 41
385 41
389 9
441 41
539 41
105 41
316 41
0 41
280 41
435 41
346 41
15 37
519 41
270 34
342 41
135 41
80 41
127 41
70 41
473 41
62 41
54 41
440 34
225 41
375 41
111 41
525 41
511 41
495 41
379 37
24 41
487 41
211 41
264 41
327 41
173 34
345 41
208 41
400 34
43 41
52 41
184 41
522 9
427 34
403 41
351 37
139 9
448 41
221 41
515 41
338 41
239 41
51 41
368 41
266 41
320 41
399 37
230 41
8 41
83 41
75 41
472 41
397 41
207 41
501 41
468 41
538 41
241 41
304 41
438 37
197 41
57 41
44 41
505 37
240 41
89 41
56 38
291 34
492 41
244 41
355 41
223 34
276 41
220 41
407 38
326 41
322 37
507 38
143 37
107 34
254 38
415 9
77 37
496 37
541 38
90 37
260 37
106 37
141 37
302 37
175 37
354 34
272 37
192 38
467 37
232 37
228 37
136 34
171 38
371 34
491 37
388 37
393 37
341 37
95 37
510 37
319 37
202 37
384 34
247 37
380 37
352 37
237 33
527 37
121 37
401 34
49 37
193 34
231 38
443 34
99 37
19 38
513 9
36 9
253 38
499 37
423 34
149 37
9 38
330 37
374 37
108 9
315 37
26 38
133 37
165 34
263 34
479 34
130 37
313 34
238 37
257 37
398 34
150 34
383 37
392 38
508 34
100 38
148 9
447 34
414 34
517 38
25 37
306 37
97 37
460 37
40 34
506 37
416 37
500 37
87 34
67 38
27 34
335 37
78 37
102 37
177 34
290 38
84 37
234 38
3 34
437 37
484 9
471 34
258 37
250 37
119 37
298 37
82 37
413 37
482 38
408 34
23 37
537 37
531 37
145 37
321 37
483 37
122 37
533 37
404 37
16 37
311 38
153 37
340 34
14 37
129 37
360 37
164 37
55 38
185 8
469 37
13 37
542 37
154 38
433 38
235 37
151 9
256 34
343 38
281 37
156 37
429 37
394 37
402 37
18 37
367 34
540 37
59 38
494 37
213 38
436 37
189 37
365 37
296 37
42 37
85 37
434 38
50 37
206 37
285 37
363 37
386 34
432 38
268 9
529 9
142 25
126 41
174 34
382 37
350 38
166 38
125 34
96 37
465 37
356 37
339 37
81 37
286 37
170 34
445 34
64 34
481 37
229 37
262 37
275 38
391 38
48 37
387 37
543 38
101 38
180 37
249 37
233 37
205 34
458 9
204 38
103 37
314 38
485 38
478 37
477 38
243 37
7 38
251 37
405 37
390 37
357 37
430 34
381 38
451 38
516 9
227 9
504 9
347 38
199 37
242 34
431 34
196 9
98 37
493 37
300 37
41 37
132 38
535 37
71 38
2 38
312 37
282 38
489 38
490 34
336 38
528 34
160 37
449 38
73 9
167 34
530 37
137 37
455 34
337 37
344 34
411 37
60 37
267 34
37 34
5 34
446 9
361 37
308 38
428 37
226 37
366 37
155 37
378 37
450 38
34 37
31 37
509 34
373 38
110 9
422 37
65 37
518 38
248 38
46 37
452 38
532 37
332 38
200 37
194 38
439 37
217 37
88 37
284 9
265 37
331 37
91 37
4 37
259 33
486 37
480 37
69 37
461 34
30 37
117 37
run time cost of algorithm DRT_AG is 0.003592seconds
