539600 120 50
106 25
30 25
89 25
123 25
43 9
117 25
29 9
129 25
52 25
41 25
25 25
55 25
9 25
18 25
81 25
118 25
95 25
94 25
38 25
37 25
60 25
31 25
14 25
22 25
47 25
105 25
20 25
33 25
107 41
8 25
23 25
16 25
61 41
40 25
111 25
104 25
110 34
88 25
82 25
36 25
119 25
1 25
86 25
57 25
109 25
54 34
65 25
48 25
103 9
12 25
50 25
39 25
124 25
10 25
122 25
114 25
99 41
92 25
101 25
26 25
108 25
76 25
6 25
35 25
24 25
4 25
90 25
116 25
15 25
83 25
98 25
120 25
74 25
63 25
13 25
66 9
51 25
73 25
71 25
2 41
126 34
91 25
17 25
3 25
75 25
78 25
115 25
77 25
125 25
127 25
112 9
102 9
34 41
56 25
53 25
93 25
11 9
0 25
44 9
87 25
32 25
27 25
28 25
5 25
113 25
45 25
128 25
100 25
58 25
46 25
72 25
7 25
96 41
68 25
19 25
67 25
80 25
84 25
21 25
79 34
64 25
85 25
97 25
49 34
59 25
42 25
70 25
62 25
121 25
69 25
run time cost of algorithm DRT_AG is 0.000493seconds
