456800 97 15
162 13
46 13
154 13
196 13
236 13
205 13
108 13
229 13
169 13
82 13
231 13
48 13
91 13
98 13
234 13
199 13
164 34
128 13
125 34
39 13
34 13
118 13
66 13
53 34
47 13
131 13
41 34
267 13
64 34
20 13
92 13
195 13
26 13
182 13
114 13
243 13
115 13
112 13
123 13
161 13
167 13
144 13
211 13
159 13
150 13
13 34
217 13
251 13
219 13
96 13
138 13
119 13
149 13
8 13
258 13
4 13
279 13
57 13
197 13
51 13
10 13
227 13
42 13
146 13
262 13
232 13
93 13
65 13
137 34
135 13
134 13
63 13
193 13
86 13
208 13
180 13
190 13
212 13
277 13
71 13
249 13
43 13
281 13
215 13
157 13
145 13
175 13
269 13
259 13
88 13
226 13
124 13
240 13
189 13
272 13
255 13
254 34
127 13
62 13
202 13
237 34
101 13
102 13
198 13
74 13
99 34
84 13
223 13
120 13
132 13
61 13
235 13
1 13
30 13
28 13
69 13
90 13
130 13
40 13
76 13
113 13
201 13
252 13
11 13
147 34
241 13
187 13
176 13
136 13
122 13
153 13
264 13
242 13
179 34
2 13
238 34
216 13
213 13
22 13
221 13
44 13
117 13
273 13
152 13
87 13
60 13
178 13
181 13
89 13
5 13
38 13
270 34
274 0
9 0
170 13
168 13
172 13
50 13
184 13
233 13
192 13
24 13
0 13
278 13
111 13
186 13
263 13
21 13
148 13
194 13
107 34
160 0
129 13
163 13
268 13
31 13
247 13
45 13
68 0
95 13
222 13
228 13
256 13
103 13
265 13
6 0
230 13
142 13
171 0
25 0
14 13
121 13
105 13
260 13
33 13
85 13
116 13
52 34
37 13
200 13
97 13
173 13
155 13
214 13
245 0
16 13
27 13
244 13
12 13
18 13
253 13
250 13
139 13
17 13
56 13
58 13
276 13
67 13
80 0
239 13
19 13
206 13
151 13
246 13
126 13
280 13
59 13
15 0
224 13
54 13
183 13
218 13
156 13
207 0
141 0
77 34
23 0
110 13
191 13
133 13
109 13
261 13
220 13
75 13
36 13
7 13
3 13
83 13
29 13
209 0
257 13
55 34
166 0
188 13
32 13
275 13
100 13
78 13
106 13
174 13
266 13
165 13
72 34
210 13
185 0
79 13
35 13
73 13
248 13
94 13
70 13
225 13
271 13
177 13
104 0
203 13
140 0
143 0
158 13
81 13
49 13
204 13
run time cost of algorithm DRT_BD is 0.051678seconds
