422800 170 52
160 9
264 9
219 9
242 9
141 9
47 9
307 9
263 9
229 9
36 9
82 9
104 9
90 9
283 9
93 9
143 9
220 6
178 9
183 9
103 9
275 9
285 9
55 34
152 9
24 9
278 9
189 9
288 6
291 9
32 9
107 34
123 9
126 9
262 9
233 9
208 9
85 9
33 9
109 9
77 9
266 9
303 9
235 9
314 6
319 9
95 9
215 9
15 9
37 9
223 9
301 9
129 9
57 9
243 9
140 9
18 34
167 9
190 9
280 9
102 6
142 9
239 9
276 6
179 9
260 9
159 9
192 9
149 9
252 6
199 9
71 9
213 9
134 6
300 9
69 9
268 9
42 9
125 34
121 6
35 34
309 9
89 9
313 6
53 6
147 6
295 6
185 9
61 10
204 6
257 9
311 9
99 6
127 6
238 9
182 9
14 9
224 9
187 34
97 9
70 9
115 34
241 9
209 9
306 9
217 9
279 6
205 9
293 9
68 6
67 6
184 9
39 9
299 9
83 9
110 9
81 9
227 6
80 9
59 9
170 9
136 9
25 6
181 9
274 6
175 6
298 9
74 9
40 9
312 9
28 6
150 9
41 9
75 9
124 9
267 6
120 9
246 6
261 9
188 9
138 9
320 9
29 9
50 9
237 9
7 6
164 9
151 9
155 9
270 9
27 9
249 9
222 6
100 9
88 9
76 9
304 9
265 6
122 6
225 6
272 9
165 9
228 9
244 9
114 34
248 6
145 6
273 9
130 9
73 9
46 6
180 9
9 9
245 9
317 9
118 9
6 9
10 10
176 9
258 9
253 9
112 9
251 9
157 9
139 6
163 6
133 6
48 6
128 6
22 9
21 6
286 9
294 9
17 9
193 6
0 6
202 9
31 9
191 34
94 9
297 6
287 9
308 6
211 9
119 9
282 10
200 9
13 9
230 9
290 34
79 9
56 9
60 6
284 9
108 9
8 9
232 9
212 9
5 9
156 9
250 34
154 9
131 9
45 9
66 9
20 6
34 6
195 6
101 34
203 9
169 6
38 9
259 10
302 10
87 8
161 9
277 9
146 6
201 34
117 9
49 9
214 9
153 9
310 9
12 9
98 9
96 9
11 9
3 6
111 9
51 10
255 9
144 6
218 9
52 6
162 34
206 9
44 9
281 9
289 9
72 9
315 6
19 9
2 10
240 9
168 9
226 9
23 10
305 9
173 34
26 9
54 9
196 6
236 9
63 9
92 9
221 9
231 9
269 10
318 6
135 9
62 9
197 9
91 6
137 9
247 9
132 9
148 34
174 9
113 6
43 9
254 9
64 9
158 9
166 9
171 34
172 6
116 6
194 9
198 6
216 6
256 9
1 6
207 6
16 6
106 9
4 9
65 9
30 6
316 9
271 6
296 9
105 9
186 10
210 9
86 34
177 10
292 6
84 6
78 9
234 9
58 9
run time cost of algorithm DRT_AG is 0.001941seconds
