1336200 161 47
282 9
69 9
435 9
478 9
312 9
328 9
873 9
422 9
963 9
398 9
632 9
507 9
133 9
693 9
766 9
763 9
572 9
674 9
571 9
21 9
294 9
839 9
832 9
783 9
756 9
112 9
843 9
17 9
676 9
806 9
670 9
731 9
127 9
432 9
530 9
42 9
36 9
822 9
890 9
591 9
172 9
41 9
933 9
590 9
603 9
313 9
908 9
271 9
7 9
475 9
719 9
428 9
926 9
53 9
870 9
232 9
159 9
86 9
424 9
779 9
885 9
257 9
13 9
900 9
905 9
942 9
66 9
363 9
681 9
640 9
642 9
445 9
254 34
638 9
466 9
162 9
961 9
154 9
846 9
299 9
347 9
936 34
356 9
376 9
561 9
859 9
867 9
488 9
164 9
208 9
492 9
396 9
785 9
503 9
788 9
978 9
243 9
168 9
274 9
229 9
186 9
279 9
887 9
382 9
899 9
341 34
684 9
848 9
557 9
109 9
576 9
479 9
706 9
935 9
923 9
759 9
752 9
483 9
84 9
131 9
549 9
825 9
55 9
515 9
305 9
68 9
726 9
972 9
710 9
261 9
668 34
195 9
569 9
218 9
219 9
653 9
97 9
780 9
88 9
817 9
490 9
461 9
431 34
872 9
394 9
915 9
373 34
927 34
964 9
468 9
150 9
921 9
857 9
868 9
971 34
452 9
453 9
835 9
672 9
399 9
500 9
383 9
309 34
308 34
34 9
528 34
307 9
372 34
765 9
107 9
856 9
754 9
579 9
749 9
333 9
947 9
616 9
637 9
805 9
801 9
344 9
346 9
948 9
709 9
215 9
214 34
664 9
355 9
117 9
427 9
575 9
134 9
348 9
146 9
45 9
932 9
582 9
744 9
751 34
635 34
815 9
960 9
111 9
502 9
141 9
81 9
919 9
462 9
715 9
412 9
826 9
442 9
881 9
529 9
604 9
441 9
77 9
524 9
409 9
314 9
220 9
585 9
657 9
786 9
52 9
388 9
226 9
142 9
694 9
734 9
451 9
883 9
205 9
884 9
278 34
495 9
100 34
177 9
165 9
27 9
288 9
546 9
331 9
876 9
244 9
330 9
426 6
645 9
967 9
740 9
721 9
187 34
252 9
298 9
677 9
606 9
955 9
774 34
326 34
64 9
844 9
841 9
679 9
458 9
834 9
149 9
420 9
267 9
415 9
74 34
163 9
474 34
666 9
717 9
130 9
275 9
804 9
231 9
791 9
886 9
124 9
297 9
586 9
293 9
110 9
917 9
560 9
362 9
210 9
108 9
538 9
103 9
775 9
776 9
35 9
587 9
594 9
501 9
732 9
627 9
628 9
898 9
342 9
128 9
849 9
235 9
663 9
406 9
833 9
703 9
673 9
680 9
880 9
976 9
446 9
151 9
0 9
484 9
699 9
975 9
156 34
321 9
395 9
969 9
593 9
193 9
234 9
534 9
63 34
711 9
852 9
578 9
491 9
228 9
353 9
202 9
914 9
28 9
551 34
931 9
343 9
241 9
258 9
120 9
440 34
510 9
157 9
787 9
624 9
623 9
896 9
385 9
878 9
810 9
284 9
191 9
75 9
12 9
358 9
368 9
862 9
847 9
520 9
547 9
213 9
132 9
550 34
199 9
543 9
934 9
300 9
842 9
523 9
778 9
176 9
336 9
573 9
212 9
87 9
392 9
605 9
519 34
866 9
725 6
595 9
292 9
707 9
700 9
1 9
742 9
320 9
789 9
494 9
449 9
459 9
4 9
95 9
630 9
836 9
450 6
535 9
957 9
78 9
773 9
772 9
460 9
329 9
145 6
359 9
31 9
741 9
230 9
269 9
941 9
465 9
90 6
221 34
129 9
945 9
423 6
855 9
716 9
979 9
10 9
310 9
306 9
536 6
24 9
736 9
26 9
687 9
559 9
863 9
755 9
860 34
854 9
287 9
194 9
438 9
286 9
190 9
184 9
402 9
161 34
665 9
167 9
80 9
181 9
170 9
98 9
419 9
655 9
532 9
649 9
644 9
729 9
517 9
15 9
122 9
558 34
357 34
316 9
577 9
436 9
760 9
800 9
189 9
597 9
601 9
470 9
233 9
265 9
953 9
455 9
829 9
211 9
541 9
929 9
76 9
222 9
682 9
581 9
924 34
397 9
689 9
784 9
903 9
660 9
79 9
489 9
792 9
289 9
683 9
861 34
782 9
217 9
496 9
38 9
486 9
499 9
259 9
256 9
206 34
954 9
369 9
795 9
764 9
147 9
615 34
139 9
940 9
831 9
661 9
636 6
514 9
513 9
620 9
276 9
943 9
425 9
508 9
521 9
197 9
554 9
411 9
650 9
91 9
602 9
648 9
527 9
318 9
695 9
718 9
669 9
123 9
113 9
633 9
631 34
381 9
610 9
361 9
511 34
37 9
487 9
497 9
909 9
296 9
301 9
225 9
930 9
574 9
54 9
697 9
114 34
871 6
748 9
49 9
882 9
99 6
43 9
40 9
25 9
622 9
485 9
509 9
790 9
901 6
537 9
304 9
11 9
662 9
793 9
498 9
389 9
823 9
245 9
918 6
393 9
93 9
33 9
542 9
174 34
253 34
612 9
255 9
837 9
236 9
65 9
433 34
410 9
974 9
207 9
352 6
747 9
599 9
116 9
405 6
354 9
864 9
290 9
249 9
9 9
44 9
216 9
722 9
140 9
421 9
840 9
339 9
609 9
400 9
264 9
506 9
375 9
351 9
565 9
437 9
379 9
796 34
158 9
3 9
803 9
894 9
152 9
733 9
323 9
166 9
600 9
738 6
512 9
295 9
618 9
916 9
889 9
641 9
374 9
584 9
480 9
338 9
771 6
504 9
493 9
813 9
808 9
125 9
708 9
183 9
828 9
563 34
263 9
337 9
858 9
713 9
702 9
404 9
291 9
939 9
403 9
102 9
20 9
101 9
430 9
802 9
920 9
545 9
137 6
946 9
377 34
416 9
464 9
727 34
758 9
619 9
283 9
951 9
58 9
626 9
238 9
192 9
944 9
444 9
201 9
809 6
246 9
302 9
928 9
704 9
273 9
647 9
937 34
938 9
531 34
115 9
413 9
209 9
583 34
46 9
730 9
893 9
553 9
671 9
592 9
22 9
378 9
203 9
14 9
902 9
418 9
155 9
366 9
850 9
240 9
646 6
853 9
119 9
768 9
570 9
968 9
439 9
96 9
94 9
272 9
118 9
705 6
555 34
281 9
797 9
408 9
891 9
743 9
811 9
443 34
807 9
180 9
737 9
319 9
237 9
469 9
196 9
477 9
324 9
879 9
925 9
268 9
2 9
745 9
608 9
71 6
659 9
819 9
29 9
820 9
70 9
67 9
911 9
153 9
327 9
548 9
471 6
30 9
417 9
824 9
182 9
696 9
365 9
910 9
311 9
85 9
816 9
57 6
247 9
239 9
277 9
73 9
270 9
390 9
757 9
654 9
60 9
148 9
223 9
371 9
675 9
454 9
50 9
897 9
895 9
334 9
47 9
617 9
678 9
639 9
178 9
401 9
818 6
540 9
589 9
106 9
83 9
335 9
188 6
360 9
473 9
160 9
384 6
544 9
875 9
16 34
701 9
332 9
227 9
429 9
23 9
712 9
973 9
798 9
522 9
753 9
367 6
838 9
962 9
280 9
285 9
614 6
456 9
39 9
391 9
888 9
121 9
476 9
634 9
621 9
552 9
200 9
51 9
596 9
906 9
82 6
89 9
692 9
956 9
799 9
448 9
204 9
656 9
912 9
686 9
611 9
562 9
690 9
345 6
169 9
770 9
434 9
5 9
364 34
179 9
877 9
518 9
505 9
260 9
138 9
303 9
472 9
407 9
865 9
781 9
457 9
651 34
340 9
387 9
658 9
959 9
762 9
349 34
952 9
525 9
922 9
516 9
250 9
720 9
467 34
580 9
851 9
735 9
315 9
588 9
56 6
380 9
970 34
533 9
814 9
691 9
698 6
463 9
613 9
386 9
18 9
821 9
6 9
567 9
568 9
48 9
447 9
104 9
242 9
266 9
907 9
171 9
143 9
136 9
126 9
105 9
724 9
198 9
977 9
32 9
322 9
72 9
564 9
812 9
845 9
794 9
248 9
173 9
688 9
62 9
482 9
625 9
325 9
566 9
556 9
739 9
19 9
966 9
723 9
350 9
904 9
481 9
830 9
750 9
958 9
892 9
869 9
652 9
224 9
8 9
526 34
598 9
949 9
262 9
135 9
667 9
414 9
61 9
746 9
607 9
317 9
827 34
629 9
92 9
761 9
643 9
913 9
777 34
965 34
769 9
767 9
175 9
370 9
59 9
251 6
185 9
728 9
539 9
714 9
685 9
950 9
874 9
144 9
run time cost of algorithm DRT_AG is 0.009466seconds
