1018900 170 50
485 9
605 9
703 9
595 9
593 9
590 9
698 9
380 9
46 9
19 9
232 9
465 9
668 9
222 9
346 9
427 9
574 9
706 9
396 6
148 9
10 9
67 9
150 9
366 9
180 6
353 9
197 9
338 9
672 9
671 9
217 9
472 9
95 9
540 9
482 9
124 34
704 9
6 9
477 9
389 9
348 9
733 9
467 9
536 9
96 9
689 9
313 9
683 9
456 34
49 9
78 9
360 9
77 9
4 9
478 34
644 9
484 9
33 9
108 9
376 9
382 9
384 9
444 9
63 9
534 9
162 9
423 9
287 9
297 6
491 9
583 9
25 9
718 9
26 9
94 34
344 9
218 9
321 9
357 6
194 9
497 9
732 6
295 9
505 9
629 9
85 9
109 34
62 9
310 9
426 9
419 6
421 9
545 9
368 9
624 9
252 9
140 9
97 9
637 34
701 9
451 9
212 9
445 9
744 34
299 9
142 9
599 9
416 9
387 9
559 9
571 9
575 6
79 9
239 9
114 9
233 9
265 9
315 6
381 9
436 9
117 9
410 6
154 9
537 9
276 9
227 9
173 9
246 9
390 9
365 9
525 9
651 9
607 9
205 9
395 9
349 9
225 9
676 9
195 9
363 9
326 9
685 9
52 9
728 9
371 9
76 9
399 9
474 9
442 9
546 9
659 9
330 9
102 6
91 9
434 6
538 9
364 9
623 9
191 9
37 9
461 9
243 9
73 9
264 9
231 9
277 9
55 9
652 34
75 6
547 9
464 9
558 9
166 9
631 9
42 9
9 9
29 9
748 34
15 9
409 9
203 9
470 9
141 9
210 9
61 9
327 9
186 9
453 9
422 9
650 6
356 34
319 9
347 34
670 6
282 9
17 9
175 9
727 9
219 9
428 9
645 9
699 9
713 9
64 9
328 9
722 9
383 9
541 9
509 9
726 9
550 9
342 6
566 9
568 9
113 34
178 9
316 9
176 6
105 9
634 6
618 34
317 9
751 9
648 34
374 9
260 9
322 9
298 9
291 34
587 9
496 9
679 34
502 34
411 9
719 9
621 9
747 9
40 6
335 6
680 9
530 9
424 10
492 34
723 9
654 9
506 9
188 6
581 9
90 9
589 9
164 9
542 9
358 9
301 9
663 9
305 9
715 34
308 9
110 9
385 6
625 9
290 9
446 9
528 34
135 9
649 9
302 9
278 6
12 9
745 9
314 9
716 6
16 34
184 9
214 6
691 9
413 9
490 9
647 6
708 9
125 9
611 9
535 6
370 9
514 9
130 9
393 9
250 9
152 9
100 9
333 9
577 9
329 6
678 9
488 9
362 9
669 9
228 9
662 9
473 9
132 9
103 9
734 9
441 9
51 9
391 34
532 9
343 9
481 9
480 9
479 9
241 6
279 6
120 9
556 8
740 9
86 9
438 9
729 9
318 9
256 9
320 9
263 9
323 9
515 9
454 9
60 9
617 9
582 9
636 9
2 9
274 6
504 9
183 9
517 9
580 6
694 6
660 9
367 6
161 9
620 9
754 34
7 9
755 9
388 34
557 9
215 34
111 6
273 6
185 34
350 9
655 9
512 9
519 9
417 9
412 9
249 6
286 9
267 9
269 6
285 9
157 9
235 6
746 9
531 9
569 9
522 9
289 9
72 9
167 6
476 6
437 9
626 9
122 6
696 9
508 9
144 9
682 9
552 9
359 9
688 9
516 9
169 6
288 9
165 9
118 6
65 9
261 9
684 9
134 6
146 9
687 9
145 9
272 9
475 9
153 9
459 9
325 9
190 9
405 9
499 9
572 9
709 6
554 9
724 6
466 9
245 6
420 6
697 6
612 6
127 6
561 9
159 9
560 9
406 9
641 9
710 10
71 9
80 9
21 6
104 34
87 9
712 9
518 9
93 6
354 6
616 6
201 9
664 9
750 9
170 34
242 6
468 9
372 6
463 6
695 34
59 9
458 9
602 34
139 9
44 9
529 9
58 9
89 9
677 9
224 9
457 34
440 9
45 9
112 9
489 9
425 9
495 6
101 6
270 9
143 6
520 6
543 9
331 6
304 9
711 9
31 34
397 9
564 9
373 6
627 10
20 9
168 9
43 9
469 9
563 6
415 9
690 6
229 9
610 9
179 9
106 6
501 9
303 9
658 9
255 9
36 9
189 9
452 9
439 9
1 34
138 9
555 9
0 9
578 9
749 10
27 9
449 9
736 9
57 9
702 9
147 9
429 9
657 9
408 34
244 9
404 9
251 9
281 6
284 9
400 6
341 9
570 9
386 6
23 9
377 9
588 9
355 9
137 9
681 9
220 9
600 9
527 6
646 9
216 6
401 9
573 6
487 9
18 6
378 6
460 9
526 9
447 9
551 34
83 34
92 6
237 9
507 9
597 9
565 9
324 9
223 9
119 6
628 9
601 9
717 34
66 9
50 9
403 9
639 34
666 9
392 9
693 9
155 34
375 9
126 6
494 9
632 9
743 9
653 9
294 9
523 9
462 6
753 6
280 34
379 9
398 9
752 6
11 9
544 6
22 6
30 9
443 9
369 9
622 6
725 9
74 6
584 34
158 34
163 6
686 9
292 9
230 9
213 9
193 9
258 9
643 9
455 9
758 6
99 6
48 6
352 9
731 9
742 9
609 9
608 6
192 9
234 9
730 9
128 9
129 9
160 6
84 9
576 6
493 6
200 9
8 9
511 6
209 6
486 9
56 6
735 9
271 9
433 9
435 9
638 6
34 9
361 9
615 34
432 34
174 9
172 9
182 6
414 6
721 9
136 9
70 9
665 9
68 9
700 9
238 6
521 9
606 34
533 6
262 9
38 9
275 9
737 9
705 6
738 9
594 9
14 10
757 9
254 9
720 9
131 6
586 9
642 9
619 9
345 34
394 6
339 9
266 9
756 6
604 9
107 34
585 9
337 9
336 6
248 6
592 6
656 6
513 9
3 6
240 9
692 9
596 6
332 9
296 10
198 9
614 6
707 9
667 9
448 9
24 6
567 6
181 6
121 9
98 9
674 9
675 9
151 9
202 9
208 9
503 9
741 6
81 9
133 34
28 6
591 6
259 6
32 9
471 9
306 34
69 9
177 9
498 34
187 6
88 34
5 9
199 9
156 6
402 6
673 9
548 9
539 6
661 9
640 10
739 9
635 9
633 9
312 9
351 9
579 9
549 9
115 9
407 9
562 9
311 6
309 9
483 6
41 9
82 9
226 9
116 9
431 6
221 9
430 6
39 6
500 6
450 34
553 6
35 9
613 9
714 9
293 6
207 9
196 9
236 9
54 9
418 9
253 9
257 9
123 6
510 9
603 10
268 9
13 9
300 9
149 9
630 9
334 9
340 34
307 6
206 9
283 9
171 10
47 9
524 6
53 34
598 9
247 9
211 6
204 6
run time cost of algorithm DRT_AG is 0.007272seconds
