1724000 120 46
93 25
104 25
10 25
41 25
28 25
19 25
62 25
1 25
110 25
72 25
18 34
119 9
137 25
84 41
83 25
31 25
129 25
145 25
64 25
0 25
59 25
138 25
49 25
27 25
86 25
103 25
37 9
95 25
34 25
48 25
100 25
108 25
112 41
67 25
52 25
109 9
92 25
134 25
88 25
99 25
77 25
115 25
133 25
42 25
116 25
143 25
121 25
87 34
43 25
66 25
97 25
132 41
16 25
113 9
75 25
58 9
65 25
56 25
139 25
46 25
35 9
131 34
45 25
12 25
106 25
147 25
53 34
71 25
114 25
40 25
32 25
70 34
79 25
69 25
55 9
125 9
57 25
13 25
101 25
29 25
136 25
5 25
105 25
122 25
22 41
89 34
127 41
7 38
15 25
144 41
135 25
124 25
128 25
85 25
141 9
54 25
148 25
76 25
151 25
130 25
4 41
9 25
3 25
39 25
96 25
90 25
118 25
117 25
150 25
140 25
81 34
60 25
51 25
82 25
30 25
14 41
26 25
149 25
107 25
44 25
73 25
78 25
33 25
8 41
25 25
24 41
36 25
111 25
47 25
126 9
94 9
50 41
102 25
23 25
146 9
38 41
11 25
120 34
20 25
123 25
142 41
80 25
17 25
21 25
2 25
68 41
98 25
61 41
91 25
6 41
63 25
74 25
run time cost of algorithm DRT_AG is 0.000406seconds
