2584400 109 70
195 34
63 41
803 41
578 41
802 41
96 41
103 41
638 41
565 41
826 41
113 41
785 41
46 41
340 41
531 41
525 41
714 41
17 0
444 41
621 41
642 41
182 34
312 0
190 41
300 41
299 34
280 41
474 41
256 41
246 41
30 41
489 41
192 0
221 41
512 41
747 41
303 41
720 41
650 34
15 41
824 34
601 41
151 41
43 0
545 41
137 41
12 41
430 41
552 0
123 34
428 41
712 41
105 41
350 41
421 41
356 41
693 41
409 41
67 41
697 34
637 41
116 34
169 34
176 41
160 41
703 41
779 41
598 41
223 41
304 41
514 41
810 41
376 41
375 34
664 0
406 34
513 41
218 41
408 41
412 41
558 41
329 41
434 41
828 34
238 41
102 41
31 41
679 41
358 41
572 41
426 41
93 41
632 41
171 41
44 34
492 41
135 41
634 41
239 41
817 41
593 41
346 41
727 41
509 41
262 41
150 41
130 41
534 41
528 34
291 41
659 34
485 41
730 41
532 41
469 41
325 34
755 41
389 41
56 41
560 41
437 34
120 41
217 41
710 41
114 41
34 41
112 41
448 41
733 41
166 41
627 34
765 41
463 41
813 41
522 41
610 41
688 41
680 41
515 41
649 41
4 34
478 34
544 41
781 34
35 41
457 41
146 41
540 0
743 41
213 0
479 41
772 41
37 41
587 0
229 41
472 41
603 41
807 34
662 41
751 34
394 41
117 41
337 41
16 41
527 41
39 41
658 41
83 34
416 41
347 41
502 0
132 34
780 41
681 41
174 41
395 41
224 41
365 34
273 41
773 41
84 41
86 34
293 41
736 41
354 41
537 41
475 41
244 34
541 41
205 41
36 41
427 41
611 0
821 41
308 41
345 41
314 41
322 41
766 41
433 41
600 41
334 41
173 34
612 41
524 34
741 41
257 41
762 41
568 41
796 41
349 41
211 34
95 41
729 34
460 0
159 41
604 34
467 41
581 41
234 41
709 34
71 41
398 41
704 41
461 41
287 34
481 34
61 34
328 41
786 41
230 41
313 41
500 41
99 41
726 41
592 41
667 34
295 41
357 34
167 41
363 41
55 41
695 34
272 41
470 41
519 34
636 41
510 34
264 41
473 34
516 41
594 34
655 41
391 41
790 34
441 34
641 41
651 41
476 41
25 0
458 41
648 41
518 41
355 41
686 41
536 34
801 41
760 41
599 41
181 41
464 41
465 41
706 41
49 41
445 41
81 41
180 41
735 41
396 34
763 41
170 34
553 34
685 41
501 34
715 41
694 0
462 41
51 41
360 41
506 34
157 41
88 34
215 41
370 41
511 41
231 34
624 41
307 34
631 34
420 41
677 41
187 41
570 34
260 41
54 41
65 41
64 41
148 41
657 41
343 34
792 34
797 41
713 41
384 34
595 34
40 41
284 41
281 41
382 34
698 34
716 34
656 41
189 41
50 41
438 41
775 34
559 41
115 41
191 41
118 41
228 41
225 41
439 41
689 41
111 41
216 41
431 41
449 41
108 34
491 34
311 0
625 41
505 41
707 41
72 34
696 34
666 0
100 41
266 41
268 41
577 41
778 34
731 41
156 24
814 34
155 24
799 34
294 41
141 34
453 0
569 34
285 41
784 34
732 0
175 34
177 34
274 34
45 41
136 34
579 41
737 41
76 41
53 41
740 41
1 41
767 24
104 41
691 41
480 41
722 0
380 41
590 41
131 41
241 41
237 34
615 41
749 41
219 41
750 41
718 41
725 34
0 41
392 41
3 41
186 41
630 41
204 41
7 41
208 41
678 41
761 41
11 41
776 41
374 41
404 41
165 34
496 41
538 41
539 34
673 41
548 34
783 34
126 41
121 34
92 41
574 41
21 41
361 0
359 41
455 34
721 41
580 41
585 41
423 8
440 34
60 41
597 34
38 41
80 41
348 41
770 41
508 41
520 41
705 41
596 34
425 34
168 41
68 34
499 34
530 41
158 41
369 34
486 41
368 0
411 34
687 24
127 34
447 41
261 41
125 34
196 24
451 41
119 41
468 41
454 41
466 41
415 34
573 41
276 41
286 34
292 34
73 41
149 34
197 34
623 41
66 34
644 41
633 41
57 41
378 41
270 34
413 41
432 41
495 41
818 41
619 41
446 41
805 41
383 41
399 41
250 41
668 34
482 34
640 41
306 24
647 41
298 41
542 41
589 34
101 34
459 0
533 41
424 34
493 34
557 41
684 41
708 41
653 41
372 41
616 41
70 0
140 41
521 41
483 41
822 41
646 41
645 41
804 0
342 41
771 41
275 34
200 34
52 41
795 41
719 41
769 41
199 34
820 41
351 41
183 34
32 41
24 41
214 41
809 41
435 0
717 41
635 24
164 24
362 41
529 34
753 34
830 41
654 41
617 41
153 41
676 41
152 41
584 34
6 41
823 41
147 41
456 34
301 34
94 41
405 34
401 24
791 34
249 41
564 41
26 41
660 24
400 41
789 34
561 41
271 41
471 0
661 34
269 34
490 34
353 24
692 41
739 41
507 34
210 41
429 34
386 41
41 41
523 41
332 34
746 34
288 41
571 41
331 41
59 34
220 34
488 41
410 34
620 41
367 41
450 24
317 41
77 41
318 41
326 41
110 0
324 34
240 41
163 34
323 41
242 41
69 24
20 34
757 34
643 41
145 34
245 34
800 34
143 34
279 41
336 41
341 34
248 41
744 41
742 41
134 0
764 34
201 41
738 41
711 34
263 34
122 0
816 0
22 41
419 41
62 41
690 34
366 34
320 41
390 41
302 41
85 41
576 41
575 41
283 41
825 41
107 41
626 34
10 34
665 34
700 41
546 24
243 34
162 41
702 34
393 41
526 34
2 0
319 41
834 34
832 41
89 24
371 34
794 8
352 34
335 41
321 34
504 34
535 34
777 41
282 34
179 24
674 34
652 34
669 24
227 41
554 8
562 41
198 41
203 34
207 34
58 41
222 8
754 41
663 34
768 34
193 34
316 41
815 0
259 34
588 34
831 34
671 41
278 41
5 34
806 41
178 41
607 41
819 41
608 41
297 24
305 41
144 41
327 34
683 41
18 34
142 41
338 41
344 41
782 41
97 34
381 0
385 24
418 41
82 34
798 34
618 41
787 34
79 41
614 34
613 41
154 41
774 41
188 34
586 24
202 34
232 41
251 34
549 34
33 24
443 41
255 41
258 34
498 41
339 41
723 24
8 34
333 34
494 34
265 41
628 41
90 41
629 41
23 41
484 41
98 34
414 34
477 41
793 0
788 34
403 24
402 34
289 41
699 41
606 41
172 41
277 34
605 41
701 24
547 41
452 34
591 34
74 0
14 41
833 34
567 34
745 24
563 34
48 41
756 41
811 34
233 24
442 41
752 24
551 41
555 24
829 24
827 41
315 34
236 41
759 34
47 41
209 41
247 41
91 34
566 41
622 34
9 24
377 34
309 34
387 41
388 34
503 41
364 41
602 34
29 41
267 34
28 0
109 41
75 41
124 34
609 34
675 24
290 41
139 8
78 34
133 34
517 34
728 34
407 34
128 34
397 34
672 24
106 34
254 0
583 24
27 8
436 34
206 34
556 24
487 34
812 24
212 34
87 34
129 24
138 34
161 34
184 34
185 34
808 24
194 0
758 34
226 24
235 34
748 34
42 34
252 34
253 34
639 34
734 34
296 34
724 34
310 0
19 34
330 34
373 34
13 34
379 24
422 8
682 24
497 34
543 34
670 34
550 24
582 34
417 34
run time cost of algorithm DRT_BD is 0.473337seconds
