2708800 120 53
0 29
1 34
2 29
3 29
4 29
5 34
6 29
7 29
8 29
9 29
10 29
11 34
12 29
13 29
14 0
15 34
16 29
17 29
18 0
19 29
20 29
21 29
22 34
23 29
24 29
25 29
26 29
27 34
28 29
29 29
30 29
31 29
32 34
33 29
34 34
35 29
36 29
37 29
38 29
39 34
40 0
41 0
42 29
43 29
44 29
45 29
46 0
47 29
48 29
49 29
50 34
51 0
52 29
53 34
54 34
55 29
56 0
57 29
58 29
59 34
60 34
61 29
62 29
63 0
64 29
65 29
66 29
67 29
68 29
69 34
70 29
71 29
72 29
73 29
74 29
75 34
76 29
77 29
78 29
79 29
80 29
81 34
82 34
83 29
84 29
85 29
86 34
87 29
88 29
89 34
90 29
91 29
92 29
93 29
94 29
95 29
96 29
97 29
98 29
99 29
100 34
101 34
102 29
103 29
104 29
105 34
106 29
107 29
108 29
109 29
110 29
111 0
112 29
113 0
114 29
115 29
116 29
117 29
118 29
119 34
120 34
121 29
122 34
123 29
124 0
125 29
126 0
127 34
128 29
129 34
130 29
131 34
132 29
133 34
134 29
135 29
136 0
137 29
138 29
139 34
140 29
141 29
142 29
143 29
144 0
145 29
146 29
147 29
148 29
149 34
150 34
151 34
152 34
153 34
154 29
155 29
156 29
157 34
158 34
159 29
160 29
161 0
162 34
163 29
164 29
165 0
166 29
167 34
168 29
169 29
170 29
171 29
172 29
173 29
174 29
175 29
176 34
177 29
178 29
179 34
180 34
181 29
182 29
183 29
184 29
185 29
186 29
187 29
188 34
189 29
190 29
191 29
192 29
193 34
194 34
195 29
196 29
197 29
198 29
199 29
200 34
201 34
202 0
203 29
204 29
205 29
206 29
207 29
208 34
209 29
210 34
211 29
212 29
213 29
214 29
215 29
216 0
217 34
218 29
219 29
220 29
221 34
222 34
223 29
224 29
225 29
226 29
227 29
228 29
229 0
230 29
231 34
232 29
233 29
234 29
235 29
236 34
237 29
238 34
239 34
240 29
241 29
242 34
243 34
244 29
245 29
246 29
247 29
248 34
249 34
250 0
251 29
252 29
253 29
254 0
255 29
256 29
257 29
258 29
259 34
260 29
261 0
262 29
263 29
264 34
265 29
266 29
267 34
268 29
269 29
270 34
271 29
272 29
273 29
274 29
275 0
276 29
277 29
278 29
279 29
280 29
281 29
282 0
283 29
284 29
285 29
286 34
287 29
288 29
289 34
290 29
291 29
292 34
293 29
294 29
295 29
296 34
297 29
298 29
299 34
300 0
301 29
302 29
303 29
304 29
305 29
306 29
307 29
308 29
309 29
310 29
311 29
312 29
313 29
314 29
315 34
316 34
317 34
318 29
319 29
320 29
321 29
322 34
323 29
324 29
325 0
326 34
327 29
328 29
329 29
330 29
331 34
332 34
333 29
334 29
335 29
336 29
337 34
338 29
339 29
340 29
341 0
342 29
343 29
344 34
345 29
346 29
347 29
348 29
349 29
350 29
351 29
352 34
353 29
354 34
355 29
356 29
357 0
358 29
359 29
360 29
361 29
362 34
363 29
364 29
365 34
366 34
367 29
368 29
369 29
370 34
371 29
372 0
373 29
374 29
375 29
376 34
377 29
378 34
379 29
380 29
381 29
382 29
383 34
384 29
385 29
386 29
387 29
388 29
389 29
390 0
391 29
392 34
393 34
394 29
395 29
396 29
397 34
398 29
399 29
400 34
401 29
402 34
403 34
404 29
405 34
406 29
407 29
408 29
409 29
410 29
411 34
412 34
413 0
414 34
415 29
416 34
417 29
418 29
419 34
420 0
421 29
422 34
423 34
424 34
425 29
426 29
427 29
428 0
429 29
430 34
431 29
432 29
433 0
434 34
435 34
436 34
437 34
438 29
439 29
440 29
441 29
442 29
443 34
444 34
445 29
446 34
447 34
448 29
449 34
450 34
451 29
452 29
453 29
454 29
455 29
456 34
457 29
458 34
459 29
460 29
461 34
462 29
463 29
464 29
465 29
466 29
467 29
468 29
469 29
470 29
471 34
472 29
473 29
474 29
475 34
476 29
477 0
478 29
479 0
480 34
481 29
482 29
483 29
484 29
485 0
486 29
487 34
488 29
489 29
490 29
491 29
492 34
493 29
494 29
495 34
496 29
497 34
498 29
499 29
500 29
501 29
502 34
503 34
504 29
505 29
506 34
507 29
508 34
509 29
510 29
511 29
512 29
513 29
514 34
515 29
516 0
517 29
518 34
519 29
520 29
521 0
522 34
523 34
524 34
525 29
526 29
527 29
528 0
529 29
530 34
531 29
532 29
533 29
534 29
535 29
536 34
537 0
538 29
539 29
540 29
541 29
542 29
543 29
544 34
545 29
546 34
547 29
548 29
549 29
550 29
551 29
552 34
553 29
554 29
555 34
556 29
557 29
558 29
559 34
560 29
561 29
562 34
563 29
564 29
565 34
566 29
567 29
568 29
569 29
570 29
571 29
572 29
573 29
574 29
575 34
576 34
577 29
578 34
579 29
580 29
581 29
582 29
583 29
584 29
585 29
586 34
587 29
588 0
589 29
590 34
591 29
592 29
593 29
594 29
595 29
596 34
597 29
598 29
599 29
600 34
601 29
602 29
603 29
604 29
605 29
606 29
607 29
608 29
609 34
610 29
611 29
612 29
613 29
614 34
615 34
616 29
617 34
618 34
619 29
620 34
621 29
622 29
623 29
624 34
625 34
626 29
627 34
628 29
629 29
630 29
631 29
632 34
633 29
634 29
635 29
636 29
637 29
638 29
639 29
640 34
641 34
642 34
643 29
644 29
645 34
646 34
647 29
648 29
649 29
650 29
651 34
652 29
653 29
654 29
655 29
656 29
657 34
658 29
659 34
660 29
661 34
662 34
663 29
664 29
665 29
666 34
667 34
668 34
669 29
670 29
671 29
672 34
673 29
674 34
675 29
676 34
677 34
678 29
679 34
680 29
681 29
682 34
683 34
684 34
685 29
686 34
687 29
688 29
689 29
690 34
691 29
692 29
693 29
694 29
695 29
696 34
697 29
698 29
699 29
700 29
701 29
702 29
703 29
704 29
705 34
706 29
707 34
708 29
709 29
710 29
711 41
712 29
713 29
714 29
715 29
716 29
717 34
718 34
719 29
720 29
721 34
722 34
723 34
724 29
725 41
726 29
727 29
728 29
729 34
730 34
731 29
732 29
733 29
734 29
735 29
736 29
737 34
738 34
739 0
740 34
741 29
742 29
743 29
744 29
745 34
746 29
747 29
748 29
749 29
750 34
751 0
run time cost of algorithm SM_CTP is 1.35876seconds
