1481750 170 40
156 25
941 9
425 34
404 25
489 25
508 25
317 25
60 9
161 25
363 25
905 25
402 25
289 25
600 25
278 34
234 9
266 25
880 25
28 25
851 25
187 41
579 25
867 25
132 34
263 25
89 25
856 25
868 25
251 25
374 34
379 25
889 9
152 41
551 25
366 34
195 9
818 25
910 25
73 25
663 41
691 41
703 25
514 25
51 34
920 9
755 25
444 25
313 25
147 25
689 9
522 25
21 9
327 9
328 9
589 41
25 25
929 9
403 25
816 41
445 9
615 34
541 25
646 25
474 9
900 41
424 9
674 25
457 25
381 25
69 25
798 25
380 41
189 34
782 25
226 9
790 25
737 9
598 25
603 25
311 34
604 41
630 25
329 25
729 25
111 25
835 25
4 34
507 25
633 25
55 25
54 9
362 25
482 25
408 25
421 25
563 25
326 34
476 25
224 25
531 25
763 41
12 41
641 25
545 9
385 41
554 34
558 25
893 25
185 9
264 25
369 25
34 25
291 34
632 25
935 25
815 25
642 34
479 25
644 34
354 34
299 25
681 25
756 25
432 9
439 25
690 25
337 25
779 25
552 41
943 9
443 41
238 25
127 25
863 34
254 34
463 25
842 25
841 9
477 25
822 25
804 34
753 41
749 25
713 41
601 34
204 25
230 25
148 34
561 25
236 25
585 25
441 9
84 25
83 25
74 25
68 34
20 25
438 25
320 25
47 25
468 25
269 25
787 25
231 25
9 25
882 9
573 25
237 9
88 25
495 25
190 34
253 34
52 25
849 25
481 25
471 25
176 25
819 25
139 25
296 25
409 34
146 25
323 41
858 41
486 25
458 34
745 41
525 9
874 34
881 41
143 41
591 25
375 25
576 25
97 25
128 25
393 34
533 25
914 25
940 25
715 25
0 41
472 25
478 25
501 34
516 34
517 41
397 9
358 25
650 9
210 25
706 34
235 25
740 25
838 34
339 25
765 41
173 25
44 41
793 9
811 25
820 25
913 41
223 25
295 34
832 25
836 9
200 25
750 34
911 41
31 25
206 9
518 9
355 25
446 41
138 25
549 25
452 25
845 34
575 25
610 34
370 25
693 25
67 25
24 25
14 41
643 25
639 25
76 34
248 25
694 25
695 25
153 25
395 34
583 25
239 41
566 25
562 9
101 41
357 9
542 25
904 25
536 41
307 25
712 25
520 9
722 25
734 25
340 25
754 25
774 25
707 9
106 25
530 25
407 41
537 25
592 9
277 34
388 25
80 9
79 25
368 34
282 25
162 25
71 25
708 9
717 25
352 25
288 9
342 41
229 25
45 25
315 25
314 25
766 34
827 41
212 34
305 25
202 25
99 25
300 41
571 25
144 25
157 37
280 41
117 41
420 25
723 25
341 25
894 41
330 25
543 25
316 41
292 41
651 25
724 25
312 25
567 8
930 25
775 25
286 25
257 25
49 25
140 41
184 25
670 25
487 25
853 25
616 25
823 34
626 25
221 41
852 9
91 25
100 25
548 25
214 25
255 25
406 25
587 25
17 25
937 25
304 9
118 25
62 25
687 9
795 9
81 25
398 34
922 34
120 34
728 41
287 25
261 25
209 25
934 9
569 41
871 25
938 25
496 25
921 34
701 25
669 25
93 25
535 25
258 41
259 25
15 25
279 25
888 25
38 25
145 34
268 25
302 25
909 41
686 25
504 25
130 25
805 25
198 9
240 25
364 9
85 25
521 25
661 25
227 25
415 41
349 9
179 25
511 25
171 41
43 41
609 34
877 25
631 9
785 25
222 9
662 25
6 41
767 25
182 41
515 34
584 34
61 25
705 25
710 25
22 25
213 34
725 25
862 25
196 9
736 9
621 34
448 25
792 9
107 25
578 41
738 34
322 25
500 41
855 41
617 25
727 41
726 25
360 25
625 41
919 9
539 25
672 25
711 41
430 25
834 9
675 25
433 34
550 25
8 41
553 41
155 25
656 25
547 25
931 25
151 41
491 9
638 41
895 34
164 25
878 25
33 41
390 25
123 25
450 9
435 9
65 41
82 41
168 9
932 25
718 25
325 25
872 25
485 25
577 25
243 25
96 25
165 25
50 9
688 34
246 41
467 25
247 25
891 25
636 25
635 25
201 9
412 25
192 25
475 25
873 41
3 34
839 25
297 25
23 25
2 34
857 25
564 41
605 9
540 25
665 25
926 25
896 25
208 25
596 25
63 25
16 25
879 41
700 25
356 9
719 25
104 25
739 25
181 41
410 9
48 25
799 9
384 25
760 25
400 25
784 34
394 25
95 34
776 25
256 41
768 25
220 9
572 9
383 34
757 41
828 41
829 41
499 25
840 41
365 25
846 41
191 25
18 34
698 25
131 25
683 25
453 25
679 25
115 25
310 41
306 34
1 25
416 41
94 41
821 41
887 25
431 6
135 25
505 34
883 25
696 25
762 25
285 25
608 34
42 25
791 25
462 25
332 41
249 34
318 34
637 34
464 25
35 25
78 41
796 25
216 41
837 9
159 25
850 34
560 25
456 25
199 34
859 9
915 25
353 34
590 41
418 25
11 41
586 25
112 25
434 25
716 25
335 25
830 25
59 25
574 41
137 25
529 25
92 25
336 41
197 25
936 25
544 41
41 25
524 41
652 41
814 25
640 34
270 25
250 25
324 25
19 25
284 25
484 9
26 25
7 9
174 41
493 25
939 41
510 41
241 41
242 9
129 25
126 9
64 25
447 41
607 25
46 34
788 25
461 25
657 41
244 41
377 6
37 25
928 25
470 25
629 25
618 41
321 41
372 25
428 25
419 34
702 41
699 25
744 41
503 41
865 25
866 34
343 25
924 25
570 41
786 34
172 25
559 41
886 25
546 41
527 25
794 9
382 41
293 25
611 41
645 25
649 25
803 25
860 25
301 25
193 25
599 25
826 41
119 25
114 25
506 25
252 25
752 37
154 41
72 25
902 41
177 41
215 25
158 41
142 41
98 25
77 41
116 9
124 25
666 34
817 25
36 41
459 25
319 25
386 25
105 25
721 9
149 25
396 25
773 34
677 25
933 41
401 25
260 25
166 25
538 41
825 25
898 25
581 25
751 34
331 41
228 41
748 37
916 41
465 25
627 25
692 41
653 34
628 41
169 25
290 25
440 25
350 25
654 6
684 25
556 41
808 9
730 41
892 25
802 25
682 41
245 34
778 25
925 41
534 34
39 25
86 41
414 25
664 41
658 25
807 25
673 34
121 41
473 41
770 25
833 25
613 25
281 34
602 25
271 25
861 41
685 25
697 41
897 41
134 25
732 9
890 25
309 25
806 25
498 34
884 25
769 41
714 41
423 25
163 25
308 37
747 9
906 25
53 41
746 25
348 25
927 25
454 25
797 41
347 41
655 25
648 25
141 41
783 25
451 25
565 25
741 25
233 25
178 34
509 25
483 34
219 25
469 25
5 25
136 34
170 9
217 41
771 41
344 25
492 34
772 41
676 34
108 25
720 25
367 9
764 25
526 25
812 37
780 25
87 25
488 41
274 25
885 25
742 25
205 41
345 25
413 34
150 41
460 34
494 25
667 25
789 25
660 9
593 25
371 25
103 25
57 25
671 41
294 25
480 41
160 34
90 9
109 25
532 25
113 34
102 9
298 41
523 41
436 25
824 9
267 25
704 37
426 41
848 25
923 25
731 25
334 34
497 41
180 25
557 41
606 25
373 25
519 41
623 25
917 25
761 25
758 25
338 25
70 9
387 34
595 9
188 25
614 41
40 41
903 25
110 25
568 41
831 25
908 8
513 25
555 41
634 25
66 25
75 25
437 41
56 25
709 34
378 25
647 25
133 41
743 41
899 25
912 34
844 25
283 9
333 41
13 6
122 41
232 25
417 25
429 25
528 25
588 25
801 25
875 9
183 6
869 37
186 25
870 25
376 25
918 25
346 41
272 25
620 24
10 25
612 41
864 25
901 34
30 25
405 25
502 41
800 25
175 41
27 9
359 9
733 25
580 34
668 25
619 41
735 25
680 8
265 41
194 25
427 41
777 9
843 34
276 9
810 25
678 9
351 41
262 25
218 25
207 9
876 41
32 41
466 25
275 41
624 34
167 41
809 25
594 41
203 25
422 34
455 41
942 25
622 25
512 41
411 25
582 41
391 25
659 34
597 9
813 25
759 25
29 6
225 34
781 25
392 25
273 41
907 34
399 37
389 25
211 25
847 6
125 25
361 25
854 25
490 41
303 41
442 41
449 25
58 9
run time cost of algorithm DRT_AG is 0.011023seconds
