2387600 161 39
58 25
119 25
394 25
433 25
142 9
62 25
338 25
27 25
381 25
481 25
496 41
18 34
504 25
233 41
514 25
368 9
395 25
12 25
362 9
404 25
10 25
258 41
267 34
93 25
361 25
349 25
275 25
340 25
464 25
305 25
69 25
434 25
152 9
153 25
3 25
182 25
478 25
353 25
424 25
199 25
245 25
217 25
243 25
134 25
365 25
50 25
518 25
24 25
0 25
118 25
120 25
128 25
110 25
402 25
148 25
531 25
11 25
269 25
294 34
440 25
313 25
432 25
320 25
439 25
46 25
321 25
66 9
550 25
544 25
347 25
463 25
297 41
154 25
288 9
103 34
176 25
535 25
270 25
429 25
185 41
355 41
201 41
209 25
83 9
220 25
223 25
232 41
520 41
529 25
497 25
85 25
249 25
427 41
530 41
322 25
260 41
191 25
488 41
26 34
539 9
408 25
366 38
126 25
32 25
257 25
495 25
196 25
188 41
75 25
282 25
370 25
536 25
541 25
345 25
391 25
385 34
278 41
359 25
371 25
548 9
384 25
189 41
532 25
409 9
279 41
262 25
146 25
515 25
230 41
252 25
491 25
459 41
468 25
486 34
238 25
109 25
136 25
242 34
236 9
460 25
131 25
55 9
426 41
364 25
171 25
145 25
323 25
38 25
423 25
255 25
15 25
274 41
104 25
225 25
521 25
222 25
156 25
289 25
71 41
397 25
43 41
218 34
309 25
553 34
112 41
443 25
327 34
231 25
344 25
200 25
215 25
346 25
356 25
339 41
214 25
369 25
317 25
314 41
554 41
540 41
228 41
498 25
205 25
183 25
73 25
489 25
84 25
187 41
280 41
406 25
449 34
412 25
417 41
81 34
149 34
195 41
250 25
253 25
447 25
254 25
411 25
283 25
471 41
479 25
285 25
157 38
206 41
292 25
506 25
401 25
8 25
300 41
113 25
383 41
363 25
555 25
341 41
97 34
212 25
382 25
507 41
290 41
117 25
53 41
193 25
551 41
310 25
454 25
351 25
5 41
318 25
455 34
127 25
482 41
516 25
42 25
334 41
174 25
332 25
328 25
287 25
80 41
114 25
259 25
208 25
503 25
263 25
360 34
82 41
95 25
485 41
161 25
442 25
21 9
7 25
418 25
303 25
304 25
70 25
158 25
475 41
343 34
57 41
549 41
510 25
22 25
37 25
296 41
121 25
47 41
469 25
34 25
512 37
167 25
462 25
390 25
130 9
277 34
545 25
190 9
124 25
483 25
451 41
186 41
96 34
414 38
41 25
430 25
184 25
472 25
235 25
61 41
422 25
517 41
420 25
164 25
79 41
337 25
392 37
389 25
484 25
480 34
396 25
239 25
241 41
281 41
99 9
227 25
552 34
87 25
16 9
513 25
527 25
403 25
319 25
102 41
375 41
357 25
523 41
168 25
151 34
9 25
466 25
330 41
352 34
98 25
419 41
60 25
298 9
137 25
372 25
194 25
116 25
88 9
29 41
407 25
65 25
453 25
165 9
31 41
272 25
20 25
367 41
63 25
316 25
160 25
204 41
377 9
133 25
374 41
538 25
203 25
331 25
56 25
197 41
534 34
51 25
244 25
123 41
273 25
13 25
410 25
315 41
505 25
492 25
425 25
143 41
175 25
33 25
108 41
501 25
78 25
147 41
350 25
229 41
237 25
59 25
170 41
219 25
155 25
150 25
179 25
48 25
23 41
72 41
111 41
358 9
6 25
502 41
276 25
2 41
437 25
265 25
393 41
528 9
543 9
487 25
198 41
247 25
537 25
107 25
181 37
354 34
240 41
224 41
138 25
91 34
526 25
301 25
192 25
386 25
106 41
92 25
378 25
533 41
476 25
416 41
465 25
40 25
28 25
67 41
461 25
49 9
166 41
325 41
248 41
144 25
172 25
141 25
398 34
448 25
438 25
159 41
435 41
77 25
271 41
132 25
35 25
431 41
473 25
30 9
329 41
333 25
335 25
14 9
261 41
39 25
44 25
76 25
511 25
311 41
467 41
299 41
246 25
477 41
19 41
202 9
324 41
546 25
140 25
86 41
64 25
94 25
163 25
376 34
405 9
221 25
100 37
373 25
74 41
256 25
413 25
105 41
542 41
474 25
284 37
216 25
139 25
115 9
135 25
226 25
457 25
547 25
234 41
4 25
268 25
445 41
293 25
307 25
436 25
178 25
36 25
428 25
493 37
522 41
173 41
342 25
169 34
509 25
162 25
399 25
500 34
90 25
210 41
458 37
452 41
295 41
180 34
306 25
336 25
68 34
525 38
52 9
524 41
400 41
177 41
326 41
213 25
291 25
519 25
17 38
415 25
456 25
348 25
54 41
470 41
380 37
312 38
129 25
308 25
266 25
450 25
122 37
444 6
499 25
45 25
302 41
125 41
101 25
286 37
446 41
508 25
441 41
264 25
251 41
379 25
89 25
494 41
207 41
421 25
1 41
387 41
388 37
25 25
211 25
490 25
run time cost of algorithm DRT_AG is 0.004078seconds
