727200 161 47
353 9
429 9
431 9
302 9
199 9
166 9
132 9
109 9
93 9
408 9
409 9
469 9
402 9
141 9
272 9
276 9
283 9
223 9
313 9
347 9
45 9
430 9
567 9
355 9
248 9
455 9
91 9
477 9
303 9
307 9
493 6
156 9
330 9
341 9
374 9
548 9
158 9
518 9
120 9
178 9
486 9
384 9
344 9
500 34
205 34
401 9
142 9
137 9
154 9
88 9
42 9
172 9
7 9
515 9
320 9
541 9
145 34
540 34
466 9
61 9
51 9
523 9
439 9
15 9
268 9
352 9
385 9
278 9
252 9
342 9
138 9
468 9
226 9
343 9
49 9
116 9
420 9
516 9
510 9
336 9
58 9
433 9
503 9
70 9
426 34
114 9
237 9
1 9
186 9
78 6
92 9
75 6
410 9
210 9
126 9
279 9
131 9
198 9
441 9
240 9
8 34
94 9
450 9
399 9
74 34
207 34
249 9
5 9
538 9
462 9
200 9
543 9
135 9
425 9
20 9
502 9
222 9
22 9
85 9
24 9
532 9
331 9
419 9
214 9
14 9
118 9
228 9
157 34
506 9
12 9
327 9
253 9
417 9
130 9
422 9
136 9
181 34
175 9
54 9
467 9
335 34
115 9
520 9
317 9
440 9
102 9
86 9
304 9
288 34
95 9
411 34
476 9
215 9
244 9
84 34
25 9
415 9
233 34
43 9
57 9
329 9
483 9
263 9
508 9
499 9
23 9
447 9
558 6
534 9
325 9
66 9
161 9
167 9
134 9
256 9
324 9
376 9
105 9
495 9
458 6
490 9
10 9
363 9
179 9
535 9
308 9
435 9
397 9
539 9
564 9
339 9
345 9
37 34
423 9
160 9
382 9
552 9
9 9
553 6
377 9
170 9
72 9
184 9
103 9
235 9
269 34
110 9
318 9
362 9
231 9
348 9
391 34
90 9
291 9
107 9
239 9
381 34
121 9
180 9
361 9
427 9
144 9
127 9
340 9
454 9
89 9
48 9
191 9
27 9
189 9
265 9
471 9
262 9
305 6
403 6
487 6
236 9
371 6
67 9
257 9
202 9
529 9
519 9
323 9
309 9
234 9
332 9
489 9
511 34
350 9
152 9
203 9
104 9
372 9
173 6
555 9
465 9
501 9
177 9
82 9
475 9
148 9
53 9
512 9
34 9
258 6
418 9
56 9
182 9
68 9
77 9
370 9
11 9
438 9
404 34
530 9
504 9
300 9
195 34
96 9
326 9
35 9
525 9
478 6
168 9
565 9
212 34
563 9
400 9
549 9
360 9
251 9
542 9
537 9
241 9
296 9
227 9
365 9
457 9
379 34
21 9
373 9
273 9
264 9
481 9
230 9
321 9
250 9
378 9
346 9
260 9
545 34
488 9
474 9
485 6
185 9
245 9
311 9
271 34
459 9
395 9
299 9
413 9
232 9
496 9
238 9
159 9
293 34
139 9
531 34
112 9
536 6
30 9
164 9
225 9
550 9
163 9
18 9
106 9
424 9
2 34
451 9
383 9
143 9
389 9
354 9
396 9
146 9
150 34
266 9
129 9
124 9
398 9
282 34
498 9
174 9
368 34
219 6
36 9
64 9
406 9
153 9
517 9
513 9
242 9
41 9
149 9
19 9
449 34
133 9
554 9
306 9
328 9
437 9
562 9
315 6
81 9
128 9
87 9
97 9
298 34
492 34
387 9
428 6
432 9
557 9
482 9
452 9
547 9
310 9
187 9
280 9
375 9
246 9
461 9
274 9
83 34
140 9
289 9
297 9
497 9
4 9
100 9
521 9
526 9
221 9
247 9
26 9
407 9
394 9
560 9
464 9
32 9
33 9
0 9
46 9
47 9
169 9
193 6
190 9
217 9
192 9
73 9
71 9
267 9
125 9
414 6
162 6
209 9
39 9
544 9
286 34
294 9
351 9
80 9
224 34
65 34
314 9
204 6
76 34
528 6
50 34
358 9
369 9
113 9
507 9
31 9
261 9
316 9
436 9
442 9
188 9
275 9
514 9
533 9
444 9
334 6
63 9
62 9
243 9
183 9
171 9
108 9
484 9
111 9
551 9
561 6
208 6
284 9
122 9
290 9
522 9
301 9
69 9
480 9
434 9
357 34
494 34
201 9
38 9
16 9
524 9
460 9
456 9
101 6
270 9
446 9
218 9
359 9
405 9
211 9
421 9
386 6
364 9
55 9
194 9
416 9
338 9
220 9
312 9
98 9
176 9
472 9
393 9
287 9
117 9
255 9
470 9
213 6
216 9
29 9
196 9
443 6
99 9
292 9
285 9
119 9
277 6
6 6
123 9
52 6
473 9
527 9
546 6
319 9
559 9
479 9
151 9
59 9
155 9
505 9
281 9
165 9
40 9
197 9
388 9
259 34
566 9
147 9
356 9
509 9
254 9
337 9
17 9
392 9
367 34
445 9
448 9
453 6
491 9
380 9
44 9
366 9
60 9
390 9
349 9
556 9
28 6
333 9
322 9
79 9
412 9
295 9
13 6
463 9
3 9
229 9
206 9
run time cost of algorithm DRT_AG is 0.003695seconds
