10654800 170 18
606 25
220 25
223 25
640 9
814 25
592 25
854 25
487 25
27 25
454 25
308 25
620 25
337 25
184 25
815 34
164 25
108 25
836 25
482 34
911 25
906 25
331 25
669 34
873 25
867 25
724 34
862 25
468 25
489 34
739 25
794 25
431 25
704 25
5 25
597 25
407 25
45 25
252 25
16 25
757 25
778 25
929 25
843 25
130 25
561 9
688 25
397 25
605 25
89 25
810 25
320 25
97 25
635 41
247 25
607 25
104 34
819 41
528 25
497 25
254 25
920 25
462 9
273 34
769 25
472 25
505 25
533 25
474 25
466 25
153 25
869 9
71 25
713 25
322 25
731 34
13 25
221 25
62 25
545 25
600 25
408 25
758 25
806 41
879 25
127 25
535 34
546 25
25 9
427 25
626 25
172 34
799 25
798 25
830 25
163 41
385 41
502 41
540 41
897 41
181 41
890 41
490 41
745 41
585 41
238 41
430 41
44 34
930 41
471 41
795 41
483 41
701 41
357 41
492 41
119 41
807 41
531 41
204 41
39 41
931 41
829 41
621 41
365 41
269 34
506 41
294 41
649 41
823 41
213 41
398 41
922 34
282 41
309 41
59 34
891 41
351 41
123 9
178 41
670 41
888 41
809 41
28 41
857 41
166 41
69 41
942 41
49 41
272 41
74 41
586 41
330 41
587 34
35 34
135 41
813 41
527 41
847 41
400 41
270 37
23 41
271 41
516 41
258 41
537 9
280 41
96 41
2 41
662 41
450 41
171 41
918 41
384 9
24 41
349 41
770 41
513 37
418 41
629 34
441 34
760 38
87 41
56 41
465 41
348 37
568 41
714 9
771 41
861 41
31 41
720 41
517 37
11 41
183 41
68 41
375 41
686 41
405 41
165 34
541 41
612 37
449 37
767 37
72 38
746 37
700 37
523 37
800 37
822 37
522 37
768 38
943 34
673 41
170 37
803 37
77 38
378 37
245 38
371 37
90 37
133 37
20 38
657 37
188 37
326 37
432 38
772 34
841 37
741 38
34 37
291 37
246 34
190 38
557 37
114 38
329 38
596 37
262 38
563 37
916 37
501 38
300 37
85 37
708 38
80 37
932 37
935 38
155 38
826 37
195 9
429 9
652 37
559 36
666 37
536 37
491 37
376 37
478 38
469 38
218 38
759 38
619 37
577 9
667 38
94 37
805 38
111 37
392 37
214 38
232 37
551 37
766 37
919 37
373 9
366 38
654 38
899 37
185 37
121 37
509 37
831 38
736 37
495 37
742 37
494 37
206 37
168 34
226 37
125 34
712 37
228 37
233 34
265 9
157 38
877 38
751 37
70 34
503 38
927 37
526 37
475 34
549 37
461 37
339 37
154 34
783 34
54 37
109 34
820 34
101 34
671 37
872 34
426 37
874 37
260 37
710 38
510 37
627 37
14 38
102 34
440 38
372 37
22 37
905 37
38 34
144 37
547 37
250 34
722 38
319 9
498 37
892 9
611 37
570 38
112 37
579 37
576 37
756 34
86 37
281 34
4 38
197 34
362 37
52 9
159 37
938 9
203 38
421 37
179 37
420 37
116 38
120 37
19 38
539 38
434 37
389 9
684 37
356 37
848 37
128 37
445 37
602 34
691 37
231 38
726 34
480 34
140 9
735 37
566 37
548 37
369 38
645 8
283 38
817 37
46 37
9 38
301 37
595 37
868 38
207 34
630 37
928 37
353 34
856 38
694 34
825 37
60 37
937 37
556 34
227 34
470 37
912 38
678 37
790 37
728 34
209 38
633 38
692 38
298 37
842 38
845 9
765 9
0 37
81 38
514 37
177 37
941 37
617 34
754 38
729 9
718 37
390 37
83 37
313 9
88 38
399 37
680 37
409 38
51 38
785 9
1 37
352 9
239 37
79 37
456 37
581 9
224 37
312 37
21 37
433 38
834 37
564 37
50 37
909 34
428 34
698 37
583 37
923 37
67 37
665 37
417 37
363 34
883 37
584 37
610 9
744 34
901 37
812 37
122 38
534 9
524 37
459 37
589 34
886 37
382 34
793 37
508 38
416 9
455 37
451 38
131 38
460 38
623 37
341 38
328 37
315 38
643 37
316 38
98 37
871 34
211 37
904 37
734 38
230 34
192 34
335 34
638 34
695 34
58 34
677 34
884 9
219 38
105 34
410 34
343 38
839 34
846 38
241 38
786 34
191 34
82 38
180 34
15 34
500 34
186 34
156 34
413 34
100 34
898 34
603 34
340 34
438 34
113 38
148 34
73 34
821 34
443 34
439 9
715 34
852 34
345 34
126 9
295 34
248 38
885 34
777 34
288 34
775 34
789 34
838 34
274 34
761 34
808 36
158 33
628 34
287 34
933 34
115 9
325 8
573 34
615 34
448 9
849 34
530 38
446 34
801 34
903 34
342 38
377 34
17 34
152 34
78 34
590 34
137 38
347 34
659 34
824 34
141 9
827 34
881 38
436 34
538 34
880 8
939 34
853 38
656 34
403 38
129 34
685 34
792 34
878 38
29 34
529 34
336 38
618 34
208 38
199 34
515 34
424 34
36 34
818 34
354 38
837 34
565 38
43 38
594 34
882 38
162 34
616 34
914 34
693 34
303 34
614 34
737 34
921 38
7 34
858 34
64 34
709 34
485 34
644 34
355 34
866 34
327 34
452 34
860 34
419 34
457 34
53 34
225 34
110 34
275 9
476 34
379 38
634 34
255 38
934 34
658 34
411 34
598 38
139 34
661 34
811 34
286 34
136 9
797 34
396 34
887 34
940 34
571 34
276 34
907 34
118 38
740 34
310 34
402 9
496 33
75 38
562 34
65 34
687 38
367 38
333 34
859 34
229 34
870 34
653 34
894 34
236 34
910 38
306 34
779 34
791 34
299 9
138 33
370 38
915 34
463 38
149 34
37 34
601 38
323 34
844 34
145 34
292 34
361 34
896 38
394 34
631 34
624 34
41 34
174 34
660 34
851 34
555 38
12 34
690 34
679 38
263 34
650 34
374 34
512 34
716 34
651 38
560 34
387 38
368 38
705 34
850 34
632 34
235 34
717 34
143 34
804 34
730 38
580 34
217 9
435 9
520 34
57 34
782 33
642 34
10 34
750 34
338 9
733 34
773 34
648 34
437 34
787 34
285 38
697 38
134 34
388 38
302 34
796 34
412 34
124 33
182 34
542 34
543 9
55 9
507 9
240 41
572 25
569 34
752 33
99 38
297 34
558 34
216 38
91 34
477 34
415 34
864 9
305 24
175 34
699 34
784 38
521 34
707 34
296 34
788 9
278 38
511 38
499 38
194 33
146 9
458 33
900 34
442 34
76 34
855 34
484 38
550 24
675 34
317 33
293 33
689 34
279 38
344 34
395 34
318 38
725 34
488 34
532 9
895 34
117 38
723 34
467 34
210 38
92 34
202 34
832 34
321 9
198 34
764 38
289 34
47 34
48 34
200 34
683 34
267 34
646 34
504 34
193 34
613 34
201 33
902 9
696 9
575 38
360 38
641 34
32 34
519 38
609 34
762 9
447 34
187 33
401 36
251 34
346 9
6 34
591 34
383 34
304 34
802 34
404 34
672 34
42 34
682 38
18 38
639 34
30 34
781 9
234 34
780 34
544 38
578 34
444 34
314 34
63 38
261 34
828 34
668 34
518 34
924 38
173 33
893 34
264 38
151 33
212 34
307 34
107 33
738 38
311 33
176 33
727 33
84 33
552 33
290 33
604 24
256 33
763 38
749 8
160 29
608 33
863 36
414 33
473 33
554 33
196 33
702 33
422 38
237 38
816 33
706 8
132 33
33 31
664 33
553 33
324 33
753 33
93 33
380 31
711 24
8 38
493 38
103 8
66 33
358 33
582 33
391 38
703 38
599 38
835 33
381 33
622 33
875 33
574 33
655 8
253 33
257 38
106 24
721 33
167 38
479 38
833 33
840 33
865 24
755 33
243 33
142 33
913 33
242 8
925 33
222 33
908 36
364 24
169 33
332 33
889 9
386 38
359 33
334 9
926 33
95 38
205 33
393 33
748 33
747 33
244 8
161 38
525 33
215 38
774 36
249 32
776 38
277 24
637 33
268 33
266 33
425 38
917 33
625 38
350 33
719 9
150 33
259 33
464 33
681 24
636 33
284 33
486 33
3 33
189 9
936 38
147 33
453 9
732 33
423 33
567 38
663 9
26 33
406 33
61 33
674 38
40 33
676 33
647 33
588 33
876 38
593 33
481 38
743 33
run time cost of algorithm DRT_AG is 0.00929seconds
