116650 104 61
0 34
1 34
2 0
3 34
4 34
5 34
6 0
7 34
8 34
9 34
10 34
11 34
12 34
13 34
14 0
15 41
16 34
17 0
18 34
19 34
20 34
21 0
22 34
23 34
24 34
25 34
26 34
27 34
28 34
29 41
30 34
31 34
32 34
33 34
34 34
35 34
36 34
37 34
38 8
39 34
40 41
41 34
42 0
43 0
44 41
45 34
46 34
47 1
48 34
49 1
50 34
51 41
52 34
53 8
54 0
55 34
56 41
57 34
58 41
59 34
60 41
61 41
62 0
63 34
64 41
65 1
66 34
67 34
68 41
69 41
70 0
71 34
72 34
73 34
74 41
75 34
76 0
77 0
78 34
79 34
80 8
81 41
82 34
83 34
84 34
85 0
86 34
87 34
88 34
run time cost of algorithm SM_CTP is 0.021688seconds
