2924400 170 37
403 25
162 25
157 25
216 25
662 25
233 41
6 34
656 41
236 25
259 25
266 41
296 9
314 25
642 25
359 25
15 25
98 25
387 34
167 34
404 25
469 9
475 25
52 25
482 9
484 25
488 34
515 25
529 25
0 25
202 25
277 25
124 34
293 25
347 25
375 41
424 25
426 25
455 25
487 25
40 25
362 34
283 25
122 25
275 25
644 25
672 25
493 25
315 25
131 25
564 25
638 25
439 25
200 41
543 25
64 25
471 41
289 25
220 9
536 25
55 25
645 25
470 25
624 34
158 41
116 41
601 25
667 25
320 25
68 25
441 9
180 25
178 25
338 25
353 25
139 25
237 25
367 25
201 25
385 41
212 41
392 25
86 25
626 25
654 25
58 25
295 25
60 34
80 41
577 25
664 25
206 25
310 25
44 9
658 41
160 25
95 25
442 25
561 41
244 25
550 25
483 25
330 25
38 25
604 25
263 9
621 25
428 25
613 25
356 25
334 34
101 25
417 25
273 9
655 25
92 34
171 25
159 41
117 25
625 25
628 34
214 25
397 34
530 25
572 41
401 25
472 41
104 9
127 25
595 41
53 25
316 41
335 41
653 25
349 25
480 34
460 41
66 25
137 25
257 41
70 34
253 25
191 25
537 25
562 41
440 25
379 25
415 9
594 25
148 25
406 25
407 25
79 25
579 41
384 25
234 9
637 25
360 25
573 25
260 25
261 25
115 41
620 25
600 25
305 9
164 25
169 25
89 25
674 25
247 25
11 25
568 9
659 25
505 25
280 25
485 25
481 25
14 25
177 34
661 41
150 25
456 25
26 41
309 25
209 25
444 25
437 25
75 25
81 25
351 25
83 25
357 41
152 25
364 25
90 25
372 41
366 25
377 25
94 34
91 25
365 41
617 25
361 41
391 25
615 25
102 25
103 25
405 25
20 9
107 25
448 41
333 25
25 25
179 25
119 25
294 41
591 34
473 25
486 41
526 25
566 25
262 9
650 25
382 41
168 25
311 41
211 25
183 25
192 25
297 25
445 41
189 25
210 25
580 25
166 25
342 25
574 41
32 25
142 25
153 25
42 41
248 34
535 41
611 25
100 25
141 25
358 25
634 25
643 41
570 9
457 25
36 25
569 25
436 25
497 41
524 34
255 25
499 9
521 25
554 34
74 25
176 41
519 25
612 25
276 41
478 25
556 25
72 25
340 25
509 25
636 25
300 25
343 25
631 25
576 25
433 25
432 25
45 41
128 41
232 25
575 25
71 25
59 34
49 25
13 25
669 25
292 41
411 25
28 25
313 25
125 41
490 9
332 37
17 41
48 37
284 25
413 25
503 41
581 25
673 25
274 25
242 25
546 25
267 25
323 25
474 25
235 34
258 25
307 25
62 9
368 25
163 25
622 41
468 25
531 25
114 25
418 25
369 25
299 41
161 25
394 25
388 25
2 25
27 41
589 25
245 41
136 25
429 25
327 25
197 9
270 25
508 9
67 41
186 41
585 41
582 25
603 25
592 41
466 34
8 25
18 25
230 25
51 41
545 25
243 25
204 25
302 41
350 34
105 34
317 25
264 25
602 9
623 25
252 41
291 25
249 25
246 25
435 25
414 25
451 6
578 41
41 25
269 25
143 41
118 25
272 41
130 25
174 25
227 25
657 25
217 25
195 25
378 41
619 25
265 41
563 41
528 41
121 25
50 25
476 25
303 41
618 41
34 25
57 25
467 25
194 25
285 25
321 41
88 25
279 41
221 25
588 41
73 25
203 25
78 25
668 25
154 25
145 9
590 41
33 41
583 25
489 34
47 9
459 25
319 34
304 25
363 41
93 25
393 41
22 25
409 25
134 34
627 41
479 34
185 25
496 25
348 41
144 25
196 41
205 41
39 41
16 25
663 25
383 34
113 41
224 41
147 25
250 38
251 25
633 34
149 25
43 41
165 9
106 9
96 25
434 25
9 25
207 41
82 41
374 25
54 25
182 25
412 25
548 25
640 25
331 34
97 25
408 25
518 25
219 41
7 25
438 25
632 41
278 25
123 41
557 34
539 41
607 9
76 41
395 25
199 34
425 41
461 25
190 41
463 25
584 41
542 41
532 25
608 25
61 41
498 25
641 34
306 25
462 25
4 34
597 25
268 25
446 9
567 25
298 25
606 25
525 41
527 41
390 25
555 25
610 25
77 25
173 25
547 41
553 25
400 25
551 25
648 9
373 25
346 34
238 25
495 37
175 25
381 25
370 25
355 25
410 25
84 41
156 34
5 41
652 25
240 25
241 41
222 25
129 9
534 37
430 34
1 25
614 25
344 25
571 41
616 41
649 34
138 25
328 25
329 25
110 37
146 25
516 25
630 41
336 41
85 25
140 41
513 25
30 9
389 41
427 25
151 41
423 41
533 37
271 41
599 41
506 25
420 25
172 9
322 25
63 25
635 9
21 25
565 25
494 41
544 25
37 25
99 34
239 9
540 25
419 9
46 41
208 34
647 25
87 41
155 41
510 25
12 41
558 6
3 41
312 25
639 41
477 25
308 41
421 9
184 25
665 25
213 41
120 25
19 25
399 25
69 25
447 34
452 41
453 41
596 25
593 25
587 34
492 25
337 41
629 25
504 25
371 41
559 41
500 41
398 25
402 25
512 25
35 25
231 25
133 25
646 34
132 41
282 34
354 9
345 8
288 25
605 41
24 41
376 41
109 41
339 41
522 41
541 41
598 41
325 41
523 41
431 41
454 34
65 41
223 34
416 9
215 9
23 41
29 41
198 41
396 34
386 34
108 34
507 41
465 41
609 37
352 41
422 41
341 34
443 9
671 38
670 9
450 34
187 41
666 37
520 37
501 37
111 41
552 41
660 9
301 41
491 41
290 41
225 37
226 41
286 41
126 9
514 41
229 41
458 9
464 41
560 41
135 41
651 37
254 41
256 41
56 41
10 41
281 41
228 41
287 41
517 37
549 41
218 41
112 41
586 34
318 41
511 41
193 38
324 41
326 41
188 41
31 41
502 41
380 41
449 41
181 37
170 41
538 41
run time cost of algorithm DRT_AG is 0.00513seconds
