2511200 170 40
148 25
533 25
518 25
285 25
13 25
14 25
88 25
513 34
42 25
489 25
198 25
522 25
397 25
68 25
399 25
8 25
263 25
134 25
474 9
416 25
131 25
330 25
585 25
194 25
33 25
31 25
223 25
114 25
580 25
582 25
229 25
219 25
429 25
196 41
480 25
477 25
249 41
37 25
38 34
251 25
256 25
258 25
21 25
514 25
577 25
127 25
411 25
177 25
268 25
384 25
292 25
6 25
446 25
152 41
318 25
157 25
111 25
393 25
113 25
305 25
244 41
94 25
91 41
354 9
435 25
80 25
467 25
586 25
290 25
169 25
396 25
302 9
230 9
307 9
423 25
241 25
335 9
432 41
147 25
469 25
65 25
93 25
146 9
347 25
488 25
572 25
329 25
434 25
183 25
352 9
260 25
84 25
179 9
130 25
163 25
200 41
277 25
254 25
506 9
3 25
475 25
60 25
178 25
463 41
345 25
325 25
142 25
30 25
29 25
313 25
133 25
35 25
279 25
436 25
160 25
34 25
311 25
496 25
504 34
431 9
303 25
297 9
457 25
392 25
294 25
45 25
534 25
417 25
535 25
267 25
271 25
443 25
50 25
568 25
406 41
376 25
176 34
484 25
85 9
459 41
184 25
520 25
51 25
20 25
261 41
41 25
555 25
204 25
487 25
344 25
232 25
151 25
278 41
0 25
562 25
453 25
117 25
1 34
508 25
159 25
420 9
213 9
516 9
548 41
433 25
566 25
355 41
353 25
462 25
99 25
400 25
368 25
367 25
237 25
206 25
542 9
440 25
536 41
455 25
243 34
565 34
39 9
357 41
103 25
340 25
216 25
17 25
195 25
524 25
124 25
473 25
11 25
545 25
512 25
331 41
517 25
556 25
12 25
300 34
581 25
525 9
250 25
129 25
266 41
55 25
483 25
137 25
505 25
172 34
385 25
92 41
270 9
120 41
82 25
101 34
89 25
528 25
526 25
460 25
46 41
170 34
321 25
252 41
185 25
537 41
424 25
109 9
408 41
186 25
25 25
407 41
588 25
105 41
255 25
362 25
104 25
441 9
125 41
23 9
288 25
149 41
102 25
476 41
272 25
415 25
58 25
398 25
100 41
449 9
478 9
571 25
549 25
66 9
225 25
67 34
56 25
552 25
447 25
7 25
73 25
364 34
445 25
139 25
519 25
210 25
383 25
587 41
180 25
199 25
471 41
377 25
81 25
374 25
454 25
123 25
527 25
452 25
242 9
203 25
298 25
458 41
361 25
143 25
386 37
495 25
425 41
15 34
317 41
164 34
257 25
72 25
291 41
366 25
569 25
110 25
579 25
108 25
245 25
472 25
351 25
201 25
394 25
414 41
515 41
470 25
356 25
395 25
59 41
61 25
410 25
511 41
214 34
494 25
491 25
238 41
342 9
259 25
560 25
574 41
339 41
83 9
47 34
490 25
567 25
52 25
360 25
70 25
208 25
486 25
306 41
521 41
106 9
332 41
578 25
171 25
121 25
191 41
337 41
128 25
175 8
348 41
405 25
248 25
551 25
583 25
181 9
253 25
359 25
74 41
427 25
32 25
409 25
584 41
482 41
561 41
233 25
141 34
78 25
589 41
2 9
576 41
287 25
322 25
456 41
156 25
365 34
57 25
150 25
543 41
280 9
465 34
18 41
575 41
309 25
540 41
136 25
382 41
132 41
182 34
550 25
240 34
284 25
419 25
289 25
62 41
115 25
168 41
274 25
43 41
145 34
369 25
590 25
48 41
211 25
217 25
154 25
296 37
218 41
135 34
531 25
153 25
202 25
209 41
234 25
558 25
265 25
283 25
295 25
439 25
16 9
373 41
328 41
413 25
19 9
144 25
293 41
299 41
466 9
53 41
4 41
155 25
421 41
174 25
346 41
310 41
315 25
426 25
338 34
187 25
75 34
510 25
334 41
71 25
507 25
27 25
326 41
500 25
220 9
499 25
215 41
64 25
554 25
437 41
573 41
226 25
54 41
341 34
314 41
36 9
40 41
479 25
9 41
26 25
264 25
90 38
24 37
532 25
461 25
370 34
262 41
87 41
96 9
380 25
530 9
563 25
538 41
539 34
401 41
86 41
119 25
98 25
498 25
564 25
378 41
116 25
231 25
316 34
451 41
464 34
122 25
430 34
246 25
276 25
112 25
372 37
485 25
76 41
503 9
319 25
77 25
502 34
28 41
188 34
161 25
323 41
389 41
212 25
379 25
269 34
281 25
138 25
501 41
221 25
282 25
304 41
49 41
546 25
228 25
403 25
428 9
363 25
197 41
557 34
192 9
336 41
189 41
239 25
95 25
422 25
173 34
205 25
301 41
438 25
10 37
44 41
63 25
442 25
349 41
387 25
222 25
444 9
350 25
235 41
553 41
286 25
158 25
162 34
523 25
165 25
166 9
193 25
570 41
5 41
497 41
544 25
492 41
227 25
547 25
247 25
107 25
273 34
559 41
391 41
450 9
320 25
333 41
418 41
371 41
236 9
97 41
118 41
541 25
79 9
126 25
140 25
529 34
167 41
190 25
509 25
69 25
207 25
390 37
493 41
224 25
481 38
275 25
468 41
308 9
312 25
448 37
324 25
327 25
343 25
358 41
22 37
412 41
375 41
381 25
404 25
402 25
388 25
591 41
run time cost of algorithm DRT_AG is 0.004466seconds
