1917200 161 43
291 41
287 25
156 25
310 25
179 25
272 9
129 25
185 25
105 25
101 41
10 25
100 25
436 9
98 25
214 25
57 25
242 41
361 25
294 25
381 25
349 34
159 25
131 25
34 25
138 25
85 25
244 9
341 25
173 25
28 34
388 25
432 25
225 25
428 25
303 25
323 25
68 25
170 25
42 25
374 25
40 25
103 25
205 25
194 25
73 25
72 25
402 9
8 25
152 25
237 25
331 25
168 41
281 41
245 25
305 25
446 25
433 25
27 9
288 25
30 25
213 25
111 25
266 25
337 25
233 25
188 25
120 25
398 41
184 25
102 25
372 25
440 25
202 25
169 41
174 25
423 25
360 25
270 25
124 25
207 25
251 25
405 25
406 25
325 25
412 25
306 25
29 25
429 25
350 25
200 25
393 25
148 25
135 34
416 25
17 25
330 25
297 25
366 41
417 25
52 25
220 25
335 34
250 25
109 34
212 25
141 25
133 41
74 25
269 25
375 41
385 25
321 25
340 34
4 25
49 34
401 41
358 34
33 25
407 41
41 25
243 25
292 25
302 25
338 25
309 9
278 9
77 25
9 25
271 9
119 25
203 25
304 41
218 25
386 25
35 25
36 25
126 25
50 25
162 25
434 25
223 25
164 25
318 25
317 25
210 41
13 25
93 41
83 25
443 34
314 41
322 25
181 25
132 25
234 25
332 25
155 34
189 25
110 9
193 9
106 25
347 25
196 25
87 34
259 41
379 25
64 25
63 25
55 25
396 41
31 25
22 25
231 25
224 25
295 34
11 25
241 25
426 9
419 25
215 25
383 41
209 25
71 25
258 25
368 34
265 25
353 41
268 41
334 25
104 25
190 25
113 9
232 25
293 41
186 25
444 9
89 25
145 25
438 25
376 25
380 25
211 9
236 41
19 25
395 25
197 25
327 25
365 25
313 25
390 25
275 41
320 25
296 41
208 41
116 41
6 25
130 25
175 34
348 25
339 25
427 25
176 25
299 25
415 34
435 25
392 25
336 25
136 25
79 25
369 9
123 34
107 25
69 25
0 25
364 25
1 41
161 41
86 25
201 41
23 34
298 41
37 25
38 25
204 25
284 25
67 25
140 9
328 41
45 25
47 41
48 25
387 25
391 25
252 25
121 25
254 41
397 25
384 9
219 9
146 41
16 25
117 34
108 41
91 25
160 25
262 41
199 9
81 25
82 25
377 25
263 25
88 25
354 25
99 25
273 25
343 41
378 25
260 25
333 25
58 41
329 25
44 25
411 34
315 34
283 25
221 41
222 41
149 25
420 25
14 25
445 25
163 25
447 25
286 25
276 41
112 25
441 25
182 34
178 25
319 25
46 25
345 25
195 41
198 25
128 25
62 25
382 41
257 25
307 25
371 34
206 41
249 25
399 41
191 25
92 25
144 41
95 25
400 25
344 25
142 25
240 25
431 25
226 25
165 25
3 25
277 25
370 41
167 25
229 25
78 25
261 25
125 25
359 25
183 41
157 41
96 25
39 37
418 9
24 34
171 25
137 25
115 41
413 25
172 25
409 25
289 25
437 25
216 34
5 25
154 25
153 25
65 41
80 25
139 41
425 34
424 25
94 34
285 25
53 25
394 25
355 9
56 25
166 25
312 41
2 25
76 25
235 25
367 41
255 25
408 41
282 25
351 25
308 25
290 25
352 9
363 25
54 25
357 41
177 25
274 25
300 25
61 41
15 41
414 25
389 25
253 41
143 25
439 41
217 25
421 25
66 25
18 25
97 25
342 34
150 25
362 25
227 41
187 25
180 25
280 25
84 41
403 34
147 41
151 25
442 9
12 25
247 25
134 25
90 34
256 25
239 41
410 41
51 25
60 41
32 38
158 9
127 6
228 25
279 41
316 25
26 25
122 41
373 41
422 25
75 25
7 41
70 25
114 25
264 25
192 25
20 25
430 25
230 41
21 9
118 41
238 25
59 25
404 41
324 25
43 41
25 41
248 25
311 9
301 25
346 41
356 25
326 25
267 41
246 34
run time cost of algorithm DRT_AG is 0.002508seconds
