2087200 104 68
178 22
331 34
92 34
185 34
319 34
511 34
196 34
107 34
293 34
288 34
115 34
118 34
278 34
273 34
127 34
426 34
254 34
139 34
144 34
21 34
415 34
502 34
553 34
517 34
316 34
509 34
289 34
439 34
50 34
226 34
410 34
279 34
458 34
212 34
156 8
132 34
19 34
34 34
428 34
339 34
238 34
346 34
486 34
476 41
449 34
260 34
483 34
351 34
206 34
101 34
372 34
68 34
300 34
441 34
294 34
167 34
461 34
148 34
58 34
60 34
506 34
204 34
223 34
63 34
480 34
398 34
66 22
528 34
406 34
374 34
103 34
142 34
366 34
468 34
49 34
75 34
282 34
443 34
418 34
2 34
565 34
347 34
530 34
83 34
176 34
419 34
529 34
335 34
237 34
478 34
93 34
157 34
14 34
15 34
100 34
513 34
484 34
264 34
503 34
114 34
516 34
342 34
202 22
210 34
216 34
323 34
522 34
538 41
245 41
375 34
64 34
131 34
41 34
283 34
390 34
403 34
515 34
147 34
409 34
377 34
79 34
460 34
164 34
163 22
299 34
11 34
31 34
539 34
523 34
497 22
414 34
1 34
543 22
542 34
199 34
205 34
396 34
158 34
436 34
78 34
77 34
437 34
150 34
386 34
327 34
39 41
447 34
420 34
184 34
536 34
105 34
270 34
267 34
266 34
526 41
130 34
318 34
13 34
134 34
326 34
252 34
440 34
35 34
248 34
453 34
227 34
544 34
494 34
462 34
230 34
151 34
349 34
475 34
70 34
242 34
28 34
122 34
431 34
177 34
95 41
451 34
438 22
46 34
384 34
383 34
554 34
512 34
352 34
552 34
325 34
97 34
298 34
297 34
109 34
549 34
111 41
287 34
128 34
251 34
474 34
155 34
201 34
286 34
87 34
527 34
311 34
551 34
6 34
189 34
90 34
340 34
81 34
9 41
276 34
125 34
354 34
16 34
540 41
356 41
359 34
72 41
508 34
250 34
501 22
182 41
421 34
546 34
427 34
490 34
263 34
309 34
545 34
7 41
91 34
211 41
457 34
275 22
80 8
353 34
269 34
218 34
367 34
370 8
258 34
378 34
174 34
221 34
306 34
195 34
313 34
27 34
8 8
280 41
82 22
170 22
564 34
140 22
481 34
224 34
215 34
355 34
220 41
25 34
477 41
52 34
180 41
200 34
548 41
557 34
44 22
535 34
271 41
255 34
291 34
136 41
24 34
493 34
102 34
228 34
84 41
558 41
281 34
55 34
88 34
209 34
442 34
534 34
324 34
113 34
566 34
36 41
45 34
145 41
133 34
499 34
471 34
152 34
124 22
179 34
108 34
341 34
465 34
479 34
348 34
387 34
559 34
116 34
496 34
17 41
219 34
20 34
485 34
312 41
30 34
488 41
37 34
149 34
99 34
424 41
315 34
320 34
12 34
141 34
247 34
171 34
160 34
404 34
249 22
161 34
505 41
507 34
304 41
89 41
381 22
371 34
368 34
172 34
187 34
303 22
165 22
61 34
33 34
393 34
54 34
344 34
104 41
563 41
459 34
495 34
380 34
379 22
417 34
236 41
329 22
317 34
363 34
23 34
445 34
514 34
357 34
119 34
569 8
413 34
222 34
268 41
76 34
129 41
272 34
69 41
373 41
234 34
71 34
235 34
233 41
117 34
310 34
259 34
510 34
290 34
450 22
74 41
159 34
321 41
10 34
405 34
188 34
231 22
284 8
400 34
399 34
550 34
5 41
96 22
391 8
203 34
175 34
26 34
137 34
430 34
429 41
229 34
207 34
533 41
345 41
444 34
208 34
121 34
86 34
265 34
126 41
214 34
337 34
239 22
308 34
537 34
333 34
123 34
62 34
350 34
454 8
194 34
67 34
307 41
334 34
541 34
173 34
169 41
343 34
262 41
59 41
570 34
472 41
519 34
433 34
504 34
186 41
292 22
29 22
336 41
360 41
198 34
168 34
3 41
225 34
561 22
425 41
120 34
190 41
38 34
40 34
301 34
138 22
532 34
257 34
489 8
305 34
521 34
213 34
192 41
51 41
277 34
47 34
191 41
416 34
193 41
547 22
401 34
285 41
112 34
135 41
153 34
369 34
32 34
382 41
0 8
470 34
322 34
385 8
274 41
42 41
463 34
456 41
253 34
455 34
562 34
241 34
240 34
57 22
435 41
166 34
98 41
491 22
492 34
423 34
110 34
500 41
411 34
146 8
498 41
407 41
143 34
402 41
555 34
181 34
560 34
448 34
48 34
568 34
467 34
525 41
365 41
364 34
314 41
4 41
358 34
85 41
332 34
469 22
518 34
65 8
520 41
487 34
397 34
571 34
53 34
376 34
183 34
394 41
473 34
392 34
43 34
531 34
256 41
389 34
452 34
244 34
338 41
567 41
295 34
232 34
217 34
197 41
466 34
524 34
362 41
18 22
154 34
328 34
556 41
422 34
434 41
432 34
94 34
246 22
73 34
106 41
412 34
408 41
162 41
56 41
446 41
395 8
243 41
482 34
261 34
464 34
22 34
388 34
296 34
361 41
330 34
302 34
run time cost of algorithm DRT_BD is 0.195982seconds
