1429750 170 39
592 25
721 25
590 25
199 9
108 25
609 25
747 25
335 25
215 25
410 34
160 25
420 25
355 25
617 25
581 25
867 25
436 9
178 25
125 34
57 25
796 25
846 41
659 25
23 25
461 25
844 25
26 25
458 25
842 25
443 41
341 41
31 25
274 34
91 9
725 25
891 25
470 9
778 25
126 34
793 9
98 25
371 25
370 41
667 34
227 34
629 25
32 25
89 25
499 25
3 25
697 9
405 41
182 25
689 25
542 25
311 34
664 25
437 25
398 34
464 25
835 34
225 25
191 25
570 34
186 25
33 25
646 41
205 9
256 25
173 25
467 41
130 25
758 25
756 34
406 25
439 25
744 25
35 25
351 34
696 25
237 25
381 25
107 25
289 41
533 34
396 41
449 25
769 25
627 34
816 25
603 25
424 9
794 25
839 9
358 25
819 25
192 25
574 25
263 41
540 34
303 34
644 25
893 25
531 25
892 25
726 41
489 25
30 34
827 34
133 25
349 25
811 9
131 34
618 9
798 9
223 25
843 9
680 34
218 9
579 25
365 9
235 41
535 25
217 25
782 9
222 25
789 9
762 25
577 41
869 25
49 25
742 41
414 25
705 25
655 8
171 41
385 25
479 25
294 25
834 9
100 25
631 25
833 9
545 25
326 25
777 25
675 41
69 25
751 25
244 9
534 34
502 25
152 25
525 25
95 25
262 25
591 25
741 25
601 25
364 25
283 41
261 25
493 25
403 41
275 9
8 25
254 25
623 9
269 25
699 25
310 25
111 9
897 25
41 25
558 25
856 25
229 25
128 25
841 9
34 25
24 41
426 25
46 34
463 25
11 25
63 41
770 9
532 25
412 41
704 25
327 25
143 25
759 25
622 25
482 9
4 9
196 25
202 25
80 9
724 41
496 34
161 25
404 25
578 25
653 25
737 25
423 25
872 25
94 41
848 25
20 25
550 25
442 25
670 25
70 25
190 41
831 9
698 25
52 34
388 25
787 9
719 41
788 9
106 9
805 25
163 41
880 9
216 25
676 25
650 34
457 6
656 34
344 34
250 25
729 25
483 25
434 25
297 25
238 25
340 25
18 34
557 41
22 25
401 25
722 25
658 34
425 25
874 25
380 41
711 9
666 9
415 25
356 25
637 25
166 25
879 9
512 41
824 25
690 25
621 25
183 25
495 25
895 25
453 25
258 41
430 25
876 41
462 25
300 34
213 41
68 9
211 25
81 25
739 9
93 25
523 25
99 41
101 25
115 25
352 25
606 25
286 25
153 25
615 25
642 25
674 41
281 9
686 25
167 25
278 41
693 25
695 9
569 25
378 9
515 41
295 34
486 25
474 25
755 25
387 9
466 34
781 9
319 25
36 25
850 41
240 25
306 25
308 41
450 41
605 41
0 25
890 25
877 34
868 41
47 25
754 41
707 25
103 25
112 25
692 25
669 25
668 25
651 25
139 41
616 34
900 25
553 25
520 25
231 25
234 25
419 25
390 25
386 34
285 25
346 41
292 25
9 25
428 25
224 25
198 25
299 34
845 34
838 25
568 25
157 25
277 6
43 34
647 25
803 25
102 41
73 25
765 25
785 25
333 25
771 25
775 9
242 25
791 25
53 41
745 41
239 25
228 25
473 34
339 25
681 25
662 34
526 34
648 34
826 25
639 41
560 25
345 41
377 25
828 34
154 34
158 25
587 34
628 25
830 25
630 41
136 25
272 41
859 25
797 34
362 25
15 34
712 41
723 25
776 9
871 41
391 25
148 41
253 34
270 25
641 25
858 41
784 34
318 41
516 25
64 34
774 25
607 25
818 41
448 25
142 25
625 25
478 41
121 41
887 41
524 25
284 41
29 25
336 34
614 9
543 41
829 41
416 25
230 25
682 25
683 34
350 41
825 9
209 41
875 25
773 25
703 25
490 6
317 41
313 25
55 25
393 9
435 34
800 25
717 41
860 41
287 9
74 25
194 9
749 41
172 25
599 25
589 25
360 25
25 25
573 25
852 25
645 25
554 41
688 25
714 25
96 25
506 34
134 25
429 25
740 34
305 9
400 25
353 25
528 25
654 41
296 25
471 41
367 25
241 25
282 25
815 41
598 25
347 25
677 41
75 25
331 41
837 9
491 25
821 25
865 25
7 25
783 41
477 25
257 25
267 25
588 25
373 9
817 25
265 25
886 34
766 37
399 25
188 25
334 41
678 41
38 34
77 41
492 25
840 25
48 41
10 41
447 25
594 25
861 9
518 25
383 9
323 34
266 41
76 25
44 25
72 41
132 25
71 41
280 25
85 9
446 25
715 9
45 41
513 41
61 25
444 25
487 41
97 9
138 25
547 41
866 25
597 25
363 41
481 25
691 25
582 34
488 25
713 25
117 25
882 25
411 34
720 25
407 41
894 9
505 25
566 25
504 25
559 25
301 25
539 41
402 25
702 25
392 25
593 25
221 34
501 25
899 9
649 25
548 25
549 25
322 41
634 9
127 9
469 9
144 25
619 41
60 25
195 25
736 41
13 25
734 25
156 34
562 34
105 25
733 41
727 6
485 34
595 41
16 41
328 25
772 25
768 34
21 25
298 34
330 41
750 41
716 41
397 25
748 25
475 25
635 25
802 25
66 41
583 9
795 34
87 9
497 41
459 25
329 34
145 9
508 25
884 25
203 9
150 9
484 41
556 25
82 25
572 25
422 41
337 25
113 41
870 25
561 9
761 25
563 25
394 9
37 25
537 25
753 41
181 41
418 9
881 25
612 25
596 25
760 25
652 25
180 25
104 9
276 25
28 25
661 34
321 41
441 9
700 34
314 34
1 41
854 41
162 25
27 25
179 25
445 25
243 34
357 25
114 41
206 25
472 25
201 9
348 25
626 41
332 25
129 25
476 25
413 25
427 9
309 9
395 34
189 9
763 25
78 34
889 25
51 41
83 25
498 25
728 9
810 41
632 9
812 25
575 41
164 41
822 34
823 25
109 41
146 34
602 25
421 25
12 25
851 25
432 25
147 25
799 37
408 41
389 41
820 25
304 25
514 41
214 25
864 25
706 9
529 9
219 37
507 25
551 41
187 41
832 25
204 25
312 41
538 25
604 25
288 41
809 25
752 9
544 41
177 34
536 9
657 41
245 25
792 34
600 34
354 25
79 41
767 41
465 25
197 25
586 25
585 25
271 25
149 41
530 25
212 41
643 41
438 25
580 25
193 25
58 25
757 25
174 34
576 25
836 41
325 34
92 9
567 34
608 25
208 37
382 41
883 41
255 25
338 25
718 34
885 25
84 9
517 41
122 9
120 34
511 25
200 25
260 25
168 41
440 41
849 41
165 25
417 41
372 41
159 41
743 25
376 34
359 41
249 9
42 25
480 34
546 25
302 41
226 25
293 41
790 25
116 25
123 41
409 25
862 25
636 34
510 25
119 25
808 25
210 34
14 41
541 25
738 25
684 25
786 34
433 37
863 34
807 25
731 25
730 34
878 9
137 41
460 41
521 25
896 41
155 25
110 25
780 9
375 25
19 25
685 25
708 25
710 9
185 41
853 34
369 25
170 25
86 34
660 25
801 25
252 41
54 41
141 8
552 25
522 41
555 25
633 37
746 41
140 25
454 9
452 25
663 9
50 41
248 25
451 25
2 25
687 25
847 25
584 25
56 41
509 9
247 25
320 25
236 34
384 37
610 25
855 25
59 41
88 25
67 25
17 41
873 34
468 9
5 41
665 41
527 37
888 9
565 25
732 25
291 25
290 25
251 6
259 25
455 37
62 25
456 25
564 25
640 25
519 9
39 41
40 41
779 41
343 37
307 9
220 41
273 25
176 34
709 41
175 41
735 25
361 41
806 34
814 25
620 9
857 9
673 25
611 41
268 25
613 34
679 34
342 9
118 25
246 41
431 34
65 25
374 25
90 25
571 9
764 41
169 41
6 25
184 25
233 34
638 36
804 34
135 25
503 25
151 25
232 25
500 9
279 41
379 25
624 25
316 41
366 25
315 41
124 34
494 41
813 25
324 37
701 9
671 25
368 34
672 41
264 25
898 9
207 25
694 25
run time cost of algorithm DRT_AG is 0.00904seconds
