2870000 97 16
0 0
1 0
2 0
3 0
4 0
5 0
6 0
7 0
8 0
9 0
10 0
11 0
12 0
13 0
14 0
15 1
16 0
17 0
18 0
19 0
20 0
21 0
22 0
23 34
24 0
25 0
26 0
27 0
28 0
29 0
30 0
31 0
32 0
33 0
34 0
35 0
36 0
37 0
38 0
39 0
40 0
41 0
42 0
43 34
44 0
45 0
46 0
47 0
48 0
49 0
50 0
51 34
52 0
53 0
54 0
55 0
56 0
57 0
58 0
59 1
60 0
61 0
62 0
63 0
64 0
65 0
66 0
67 0
68 0
69 0
70 0
71 0
72 0
73 0
74 0
75 0
76 0
77 0
78 0
79 0
80 0
81 0
82 0
83 0
84 0
85 0
86 0
87 0
88 0
89 0
90 0
91 0
92 0
93 0
94 0
95 0
96 0
97 0
98 0
99 0
100 0
101 0
102 0
103 34
104 0
105 0
106 0
107 1
108 1
109 0
110 1
111 34
112 1
113 0
114 0
115 0
116 0
117 0
118 0
119 0
120 1
121 0
122 1
123 0
124 0
125 1
126 0
127 34
128 0
129 0
130 0
131 1
132 0
133 0
134 0
135 0
136 0
137 0
138 1
139 0
140 0
141 0
142 1
143 0
144 0
145 0
146 0
147 0
148 1
149 0
150 0
151 0
152 0
153 1
154 0
155 0
156 1
157 0
158 0
159 0
160 0
161 0
162 0
163 0
164 1
165 0
166 1
167 34
168 0
169 1
170 0
171 0
172 0
173 0
174 0
175 0
176 0
177 0
178 0
179 1
180 1
181 0
182 1
183 0
184 0
185 0
186 0
187 0
188 1
189 1
190 0
191 0
192 0
193 1
194 0
195 0
196 0
197 34
198 34
199 0
200 1
201 0
202 0
203 1
204 1
205 34
206 0
207 1
208 0
209 0
210 0
211 1
212 0
213 0
214 1
215 0
216 1
217 0
218 1
219 0
220 1
221 34
222 0
223 1
224 0
225 0
226 0
227 0
228 1
229 1
230 0
231 0
232 1
233 1
234 0
235 0
236 0
237 0
238 1
239 1
240 0
241 0
242 0
243 0
244 0
245 0
246 0
247 0
248 1
249 1
250 0
251 0
252 0
253 0
254 0
255 0
256 0
257 0
258 1
259 0
260 0
261 1
262 1
263 0
264 0
265 0
266 0
267 0
268 0
269 0
270 0
271 0
272 0
273 0
274 0
275 0
276 0
277 1
278 0
279 1
280 0
281 1
282 0
283 0
284 1
285 0
286 0
287 0
288 1
289 0
290 0
291 0
292 0
293 0
294 1
295 0
296 1
297 1
298 0
299 1
300 0
301 1
302 1
303 1
304 0
305 0
306 1
307 0
308 0
309 0
310 0
311 0
312 0
313 0
314 0
315 1
316 0
317 0
318 0
319 1
320 0
321 0
322 34
323 1
324 34
325 0
326 0
327 1
328 1
329 1
330 0
331 0
332 1
333 0
334 1
335 0
336 0
337 0
338 0
339 34
340 0
341 0
342 1
343 1
344 1
345 0
346 0
347 0
348 0
349 1
350 0
351 0
352 0
353 1
354 1
355 0
356 34
357 1
358 0
359 1
360 0
361 0
362 0
363 1
364 2
365 1
366 0
367 0
368 0
369 0
370 0
371 0
372 2
373 0
374 1
375 0
376 34
377 0
378 2
379 0
380 0
381 0
382 1
383 1
384 1
385 0
386 34
387 0
388 1
389 0
390 1
391 0
392 0
393 0
394 0
395 1
396 0
397 2
398 0
399 0
400 0
401 1
402 0
403 0
404 0
405 1
406 34
407 34
408 1
409 1
410 1
411 34
412 0
413 0
414 1
415 2
416 0
417 0
418 0
419 1
420 0
421 0
422 1
423 0
424 1
425 0
426 0
427 0
428 1
429 0
430 2
431 1
432 0
433 2
434 1
435 0
436 34
437 1
438 34
439 0
440 1
441 0
442 0
443 34
444 0
445 1
446 0
447 0
448 1
449 0
450 0
451 0
452 0
453 1
454 0
455 1
456 0
457 34
458 1
459 1
460 1
461 0
462 34
463 0
464 0
465 0
466 0
467 0
468 0
469 0
470 0
471 1
472 0
473 0
474 0
475 0
476 0
477 0
478 1
479 0
480 0
481 0
482 0
483 0
484 1
485 0
486 1
487 0
488 3
489 34
490 0
491 0
492 1
493 0
494 0
495 0
496 0
497 1
498 1
499 0
500 0
501 0
502 1
503 2
504 1
505 2
506 34
507 0
508 0
509 1
510 0
511 1
512 0
513 0
514 1
515 0
516 0
517 0
518 34
519 2
520 0
521 0
522 0
523 1
run time cost of algorithm SM_CTP is 0.424468seconds
