3332000 120 52
0 29
1 29
2 29
3 29
4 29
5 0
6 29
7 29
8 29
9 29
10 34
11 29
12 29
13 29
14 29
15 29
16 29
17 34
18 29
19 29
20 29
21 29
22 29
23 29
24 29
25 29
26 34
27 0
28 29
29 29
30 29
31 29
32 29
33 29
34 34
35 29
36 34
37 34
38 34
39 29
40 29
41 34
42 0
43 29
44 34
45 29
46 0
47 29
48 29
49 29
50 34
51 29
52 0
53 29
54 34
55 29
56 29
57 29
58 34
59 34
60 29
61 29
62 29
63 29
64 29
65 29
66 34
67 29
68 34
69 29
70 29
71 29
72 34
73 29
74 29
75 29
76 0
77 29
78 29
79 34
80 34
81 29
82 29
83 34
84 29
85 29
86 24
87 29
88 29
89 29
90 29
91 29
92 0
93 34
94 29
95 29
96 34
97 34
98 29
99 29
100 0
101 29
102 0
103 29
104 34
105 29
106 34
107 34
108 29
109 34
110 34
111 29
112 29
113 34
114 29
115 0
116 29
117 29
118 29
119 29
120 29
121 34
122 34
123 34
124 29
125 29
126 29
127 29
128 29
129 34
130 29
131 29
132 29
133 34
134 29
135 29
136 0
137 29
138 29
139 0
140 29
141 29
142 29
143 34
144 29
145 0
146 34
147 34
148 29
149 29
150 34
151 34
152 29
153 29
154 29
155 29
156 0
157 34
158 29
159 34
160 29
161 29
162 29
163 29
164 29
165 29
166 29
167 29
168 34
169 29
170 29
171 34
172 29
173 29
174 29
175 29
176 29
177 29
178 29
179 29
180 29
181 34
182 29
183 34
184 29
185 34
186 29
187 29
188 34
189 29
190 34
191 0
192 29
193 29
194 0
195 29
196 29
197 34
198 29
199 29
200 29
201 29
202 34
203 34
204 0
205 34
206 34
207 29
208 29
209 0
210 34
211 29
212 0
213 34
214 29
215 34
216 34
217 29
218 29
219 29
220 29
221 29
222 34
223 29
224 34
225 29
226 34
227 34
228 34
229 29
230 29
231 34
232 29
233 29
234 29
235 34
236 29
237 29
238 29
239 29
240 34
241 34
242 29
243 0
244 34
245 29
246 0
247 34
248 34
249 29
250 34
251 29
252 29
253 0
254 29
255 29
256 34
257 29
258 29
259 0
260 29
261 34
262 29
263 29
264 34
265 29
266 34
267 29
268 29
269 34
270 0
271 29
272 29
273 1
274 29
275 29
276 34
277 34
278 29
279 29
280 29
281 29
282 34
283 34
284 29
285 29
286 29
287 29
288 29
289 29
290 34
291 34
292 29
293 34
294 29
295 29
296 34
297 34
298 29
299 29
300 34
301 29
302 29
303 29
304 29
305 29
306 29
307 29
308 34
309 34
310 29
311 34
312 0
313 24
314 34
315 29
316 29
317 29
318 29
319 29
320 29
321 34
322 29
323 29
324 34
325 34
326 29
327 0
328 29
329 29
330 29
331 34
332 29
333 0
334 29
335 29
336 34
337 29
338 34
339 29
340 29
341 34
342 24
343 34
344 24
345 29
346 29
347 34
348 29
349 34
run time cost of algorithm SM_CTP is 0.299432seconds
