834000 104 64
493 34
418 6
417 34
155 34
377 34
134 6
300 34
77 34
424 34
496 34
222 34
91 34
245 34
228 34
15 34
523 34
82 34
79 34
209 6
175 34
263 34
297 34
27 34
311 34
437 34
387 34
85 34
104 6
256 34
558 34
26 6
464 34
462 34
461 6
5 6
163 34
129 34
125 34
111 34
366 6
325 34
306 34
144 34
431 34
246 34
249 34
224 34
93 34
199 34
383 34
584 34
286 34
66 34
53 34
102 34
439 34
333 34
238 34
145 34
332 34
330 34
150 34
371 34
87 34
128 6
84 34
374 34
515 34
475 34
296 34
509 34
188 34
410 34
498 34
408 34
391 34
22 34
140 34
97 34
208 34
36 34
117 34
376 34
470 34
543 34
455 34
525 34
313 34
39 34
148 34
520 34
251 34
426 34
95 34
529 34
190 34
187 34
568 34
571 34
436 6
242 34
527 34
258 34
481 34
275 34
283 34
322 34
362 34
181 34
557 6
427 34
369 34
21 6
167 34
240 34
75 34
0 6
435 34
35 34
516 34
579 34
121 34
123 34
299 34
257 34
401 6
101 34
196 34
99 34
285 34
237 34
212 34
537 34
98 34
411 34
591 34
446 34
592 34
200 34
577 34
141 34
576 34
340 8
531 34
432 34
378 34
152 8
109 34
4 34
303 34
268 34
490 34
43 41
594 34
409 34
573 34
73 34
46 34
154 34
44 34
474 34
207 34
396 34
279 34
10 34
414 34
336 34
244 34
546 34
422 34
466 34
183 41
221 34
270 34
231 34
25 34
86 34
162 34
34 34
400 34
346 6
180 34
450 34
476 34
262 34
500 34
62 34
467 34
147 8
517 34
157 34
248 34
434 34
177 34
295 34
92 34
575 34
288 34
394 34
259 34
139 41
344 34
137 34
203 34
357 34
487 34
308 34
108 34
282 34
186 34
553 6
321 34
449 34
67 41
593 34
335 34
471 34
160 34
161 34
345 6
430 34
451 34
574 34
469 34
560 6
413 34
420 34
17 34
7 34
120 6
554 34
179 34
131 34
453 34
192 34
88 41
201 34
454 34
459 34
310 6
587 34
274 41
52 34
480 34
359 34
267 34
234 34
287 34
265 8
100 34
292 34
304 6
381 34
348 34
416 34
215 34
57 34
170 34
390 34
41 34
389 34
588 34
146 34
61 34
118 34
135 34
28 34
444 41
540 34
429 41
458 34
548 34
533 34
45 34
372 41
19 6
440 34
197 41
235 34
271 34
280 34
559 6
105 6
191 6
479 34
541 6
538 34
20 34
519 34
94 34
54 34
83 6
55 41
597 34
375 34
281 6
72 34
379 34
151 34
572 6
347 34
564 41
397 34
184 34
535 41
305 34
511 34
42 34
236 41
452 41
291 34
116 41
81 6
356 34
465 6
206 34
549 34
327 34
566 34
166 41
174 41
70 41
143 34
110 34
463 34
380 41
532 34
384 34
78 34
205 34
544 34
253 34
438 34
404 34
47 34
6 6
556 34
407 34
392 34
555 34
165 41
255 41
491 6
211 41
512 34
478 34
226 34
114 6
499 41
71 41
119 34
254 34
339 6
563 34
398 34
182 34
468 34
570 41
48 34
530 6
217 41
51 34
582 34
230 6
64 34
561 34
124 34
545 34
368 34
159 34
312 34
126 34
277 34
233 34
202 34
127 34
484 41
337 34
293 34
185 34
63 6
216 34
528 41
316 34
229 34
419 34
210 41
349 34
341 34
354 34
514 34
56 41
539 34
402 6
492 34
195 34
264 6
11 6
18 34
343 41
445 6
213 34
483 6
122 34
149 34
331 34
12 6
289 34
505 34
14 34
518 34
176 6
460 6
37 6
8 34
113 34
578 6
550 34
247 34
526 34
363 34
423 6
457 34
294 34
318 34
319 34
276 6
225 34
309 34
542 34
290 34
74 41
472 34
252 34
90 6
386 34
585 34
353 34
136 34
269 34
189 34
406 34
508 34
569 34
473 34
393 6
49 34
370 34
266 34
89 34
69 34
302 34
241 34
352 34
38 34
193 6
23 34
351 34
171 41
80 41
395 34
567 34
13 41
425 34
103 41
30 34
513 6
173 41
510 34
169 34
138 34
76 34
156 34
507 34
581 34
595 34
198 6
112 34
502 34
405 34
168 34
385 34
178 41
320 34
284 34
133 34
590 34
373 6
367 34
361 34
324 34
596 6
33 6
9 34
220 34
350 34
239 34
552 34
314 8
494 34
164 34
307 34
338 34
2 34
388 34
589 34
506 34
50 34
334 34
58 34
68 34
273 34
447 6
522 41
278 34
315 34
503 34
342 34
580 41
24 34
130 34
298 8
227 6
428 6
158 41
433 34
403 34
323 34
172 34
132 34
223 34
317 34
355 34
443 41
107 34
442 41
364 6
232 34
96 34
399 41
489 34
60 34
365 34
153 34
261 34
142 34
485 34
547 34
219 34
358 41
16 6
486 34
488 34
456 41
412 34
415 34
115 34
583 6
421 34
29 34
497 34
31 34
521 34
40 34
482 41
250 34
65 41
501 41
360 34
59 34
477 6
534 6
3 34
536 34
214 34
301 34
218 34
565 41
504 34
562 6
448 34
329 34
326 34
551 41
260 34
382 41
272 34
586 34
1 34
524 6
106 34
441 34
32 34
204 34
243 34
328 34
495 34
194 6
run time cost of algorithm DRT_BD is 0.195425seconds
