2418800 109 68
0 34
1 34
2 34
3 34
4 34
5 34
6 34
7 34
8 34
9 34
10 34
11 34
12 34
13 34
14 34
15 34
16 34
17 34
18 34
19 0
20 34
21 34
22 34
23 34
24 34
25 41
26 34
27 34
28 34
29 34
30 34
31 34
32 34
33 34
34 34
35 34
36 34
37 34
38 34
39 34
40 34
41 34
42 34
43 34
44 34
45 34
46 34
47 41
48 34
49 34
50 34
51 34
52 34
53 34
54 34
55 41
56 41
57 34
58 34
59 34
60 34
61 34
62 34
63 34
64 34
65 34
66 34
67 34
68 34
69 34
70 34
71 34
72 34
73 34
74 34
75 41
76 0
77 34
78 34
79 34
80 34
81 34
82 34
83 41
84 34
85 34
86 34
87 34
88 34
89 0
90 34
91 34
92 34
93 34
94 34
95 34
96 34
97 41
98 34
99 34
100 34
101 34
102 0
103 34
104 34
105 34
106 34
107 34
108 34
109 34
110 34
111 34
112 34
113 0
114 34
115 34
116 34
117 34
118 41
119 34
120 34
121 34
122 41
123 34
124 34
125 0
126 34
127 34
128 0
129 34
130 34
131 0
132 34
133 34
134 34
135 34
136 34
137 34
138 41
139 34
140 0
141 34
142 34
143 34
144 24
145 41
146 34
147 34
148 34
149 34
150 34
151 34
152 34
153 34
154 34
155 41
156 34
157 34
158 0
159 34
160 41
161 0
162 0
163 34
164 34
165 34
166 34
167 34
168 34
169 34
170 34
171 34
172 34
173 41
174 34
175 34
176 41
177 34
178 34
179 34
180 34
181 34
182 34
183 34
184 34
185 34
186 34
187 0
188 34
189 34
190 41
191 34
192 34
193 34
194 34
195 34
196 34
197 34
198 34
199 34
200 34
201 0
202 34
203 1
204 34
205 34
206 34
207 34
208 34
209 34
210 34
211 41
212 34
213 34
214 34
215 34
216 34
217 34
218 34
219 34
220 34
221 34
222 34
223 34
224 34
225 34
226 34
227 34
228 41
229 34
230 34
231 41
232 34
233 34
234 0
235 0
236 34
237 41
238 34
239 0
240 34
241 0
242 34
243 41
244 34
245 41
246 34
247 34
248 34
249 34
250 34
251 34
252 0
253 34
254 41
255 34
256 34
257 34
258 34
259 0
260 34
261 34
262 34
263 34
264 34
265 34
266 0
267 34
268 34
269 34
270 41
271 34
272 34
273 34
274 34
275 34
276 34
277 34
278 34
279 34
280 0
281 34
282 34
283 41
284 34
285 34
286 41
287 34
288 0
289 34
290 34
291 41
292 41
293 41
294 34
295 34
296 34
297 24
298 41
299 34
300 41
301 34
302 34
303 34
304 34
305 0
306 34
307 41
308 34
309 41
310 41
311 34
312 34
313 34
314 41
315 34
316 34
317 34
318 34
319 34
320 34
321 34
322 34
323 34
324 0
325 34
326 34
327 34
328 34
329 34
330 34
331 34
332 34
333 41
334 34
335 34
336 34
337 34
338 34
339 34
340 34
341 34
342 34
343 34
344 34
345 34
346 34
347 0
348 34
349 34
350 34
351 34
352 34
353 34
354 41
355 34
356 0
357 34
358 34
359 41
360 34
361 34
362 34
363 41
364 34
365 41
366 41
367 41
368 34
369 34
370 34
371 34
372 34
373 0
374 34
375 34
376 34
377 34
378 34
379 34
380 41
381 34
382 34
383 34
384 34
385 0
386 34
387 34
388 34
389 34
390 34
391 34
392 34
393 34
394 34
395 34
396 34
397 41
398 41
399 41
400 34
401 34
402 41
403 34
404 34
405 34
406 34
407 34
408 34
409 34
410 34
411 34
412 34
413 34
414 8
415 34
416 41
417 34
418 34
419 34
420 34
421 34
422 34
423 34
424 41
425 41
426 0
427 34
428 41
429 34
430 34
431 41
432 34
433 41
434 41
435 34
436 41
437 34
438 34
439 34
440 41
441 34
442 41
443 41
444 34
445 34
446 41
447 0
448 34
449 34
450 34
451 34
452 41
453 34
454 34
455 41
456 34
457 34
458 34
459 41
460 24
461 34
462 34
463 34
464 34
465 34
466 34
467 41
468 34
469 34
470 8
471 41
472 0
473 41
474 41
475 34
476 34
477 41
478 34
479 34
480 41
481 34
482 34
483 34
484 34
485 41
486 41
487 34
488 34
489 24
490 34
491 34
492 34
493 34
494 34
495 34
496 34
497 34
498 34
499 34
500 34
501 34
502 34
503 34
504 34
505 41
506 34
507 34
508 41
509 41
510 34
511 41
512 34
513 41
514 34
515 34
516 34
517 41
518 41
519 34
520 34
521 41
522 34
523 34
524 41
525 0
526 34
527 41
528 34
529 24
530 34
531 34
532 34
533 34
534 34
535 41
536 34
537 1
538 34
539 34
540 34
541 34
542 34
543 8
544 34
545 41
546 34
547 34
548 41
549 34
550 24
551 34
552 34
553 34
554 41
555 34
556 0
557 0
558 34
559 41
560 34
561 41
562 34
563 41
564 34
565 41
566 41
567 34
568 34
569 41
570 41
571 34
572 34
573 41
574 34
575 34
576 34
577 34
578 34
579 34
580 41
581 34
582 41
583 8
584 34
585 34
586 34
587 34
588 34
589 34
590 34
591 41
592 34
593 34
594 41
595 34
596 34
597 34
598 34
599 34
600 34
601 34
602 41
603 41
604 34
605 34
606 0
607 34
608 41
609 41
610 41
611 34
612 34
613 41
614 41
615 24
616 0
617 41
618 41
619 34
620 34
621 34
622 41
623 34
624 0
625 34
626 34
627 34
628 8
629 34
630 0
631 34
632 34
633 41
634 41
635 34
636 34
637 41
638 34
639 34
640 34
641 34
642 41
643 34
644 0
645 34
646 34
647 24
648 34
649 41
650 34
651 34
652 0
run time cost of algorithm SM_CTP is 1.23925seconds
