2170800 161 50
164 9
207 9
61 9
400 34
5 9
325 9
435 9
247 9
253 9
275 9
282 9
64 9
433 9
123 9
10 9
381 9
100 9
404 9
393 9
106 9
353 9
144 9
322 9
79 9
467 34
281 9
40 9
14 34
264 9
135 9
373 9
205 9
188 9
256 9
480 9
289 9
375 9
204 9
440 9
208 9
412 9
472 9
197 9
50 9
257 9
195 9
55 9
356 9
210 9
411 9
30 9
29 9
127 9
240 9
169 9
175 9
28 9
194 9
438 9
276 9
489 9
153 9
63 9
113 34
430 34
296 9
445 6
260 9
122 9
18 9
265 9
112 9
468 9
217 9
27 9
312 9
414 9
378 9
382 9
66 9
286 9
43 9
32 9
141 9
324 34
484 34
268 9
239 9
238 9
323 9
406 9
330 9
111 9
462 34
151 6
1 34
380 9
220 9
263 9
6 9
288 9
434 9
187 9
469 9
91 34
78 6
51 9
104 9
191 9
362 9
97 6
350 9
348 9
174 9
236 9
211 9
230 9
192 9
423 9
426 9
19 9
38 9
493 9
319 9
387 9
173 6
336 9
416 9
140 9
25 9
372 9
93 9
298 9
176 9
80 6
12 9
487 9
160 34
294 9
481 9
444 9
69 9
108 9
379 9
156 9
94 9
222 34
95 9
36 9
255 6
168 9
490 9
90 9
306 9
301 9
0 9
248 9
201 9
333 9
327 9
459 9
477 6
447 34
449 9
149 6
9 9
499 9
131 9
334 9
179 9
105 9
98 9
318 34
345 9
495 9
133 34
203 9
233 9
293 6
246 9
138 9
16 9
466 9
424 34
280 9
39 6
221 9
368 9
251 9
129 9
128 34
99 9
389 9
259 9
53 6
49 6
125 9
425 6
410 6
82 9
486 6
453 9
273 9
242 9
299 9
374 9
452 9
346 9
35 9
163 9
245 9
17 9
386 9
8 9
456 9
232 9
339 9
321 34
206 9
403 9
182 9
305 9
115 9
116 9
132 9
229 9
226 6
85 9
343 9
198 6
165 9
284 9
401 9
250 9
212 9
441 6
170 9
158 9
155 9
178 6
328 9
126 9
96 9
48 34
302 9
448 9
342 9
161 9
474 9
439 9
57 9
244 9
81 6
482 6
443 9
460 9
119 9
361 9
227 9
261 9
398 9
271 9
461 9
87 6
395 9
73 34
316 9
68 9
65 9
223 6
377 9
347 6
419 9
148 6
278 9
464 6
358 9
338 9
394 9
351 34
408 9
209 9
309 9
422 9
300 9
218 9
167 9
364 9
355 6
4 9
479 34
103 34
88 9
314 9
307 6
241 9
494 9
360 9
488 6
396 9
407 9
249 9
442 9
421 9
150 9
67 6
3 9
7 6
134 6
252 9
431 9
500 34
147 9
367 9
340 9
124 9
83 9
329 9
71 9
272 9
413 9
41 6
409 9
331 9
70 9
304 9
297 9
370 6
475 9
391 6
215 34
292 9
185 9
56 9
45 6
437 9
172 6
399 9
274 9
89 9
267 9
159 9
243 9
366 9
146 9
76 9
137 9
199 9
143 6
219 9
130 6
193 6
463 9
320 9
152 9
308 9
162 6
277 9
24 34
385 6
279 9
225 6
171 9
352 9
60 9
107 9
290 9
397 9
473 9
31 9
34 6
371 6
376 6
189 9
415 9
254 9
11 9
258 9
295 9
262 9
283 9
470 10
359 34
349 9
237 9
420 9
86 9
190 9
184 9
476 9
450 6
492 9
354 9
136 6
62 6
23 9
74 6
200 6
457 9
455 6
427 9
13 34
15 9
478 6
77 9
75 6
454 9
154 9
181 9
428 9
234 9
498 34
22 6
332 9
344 9
37 9
139 9
231 6
157 6
446 6
429 9
196 9
114 9
491 9
224 6
235 9
102 6
109 6
432 6
33 6
177 6
2 9
266 9
496 9
47 34
310 9
357 6
58 34
291 9
145 9
365 6
118 10
384 6
335 9
337 9
92 9
483 6
465 6
269 9
26 9
84 9
121 6
303 6
451 9
270 9
180 9
214 9
59 9
117 9
402 9
313 6
52 6
471 6
120 34
417 9
436 9
42 9
388 9
216 9
317 6
418 9
183 6
213 9
228 9
186 9
311 9
485 9
44 9
72 9
285 34
497 9
54 9
383 6
363 9
142 9
21 9
392 6
46 9
341 9
166 6
390 9
287 6
369 9
405 6
458 9
202 9
110 9
326 6
20 9
101 6
315 9
run time cost of algorithm DRT_AG is 0.003355seconds
