1463800 161 50
183 9
91 9
230 9
92 9
196 9
47 9
81 9
176 9
213 9
217 9
240 9
279 9
19 9
334 9
249 9
157 9
246 9
144 9
159 6
135 9
238 9
289 9
101 9
18 34
303 9
31 9
239 9
160 9
42 9
155 9
300 9
143 9
288 9
72 9
231 9
310 9
201 9
315 9
194 9
69 6
1 9
247 9
302 9
63 9
192 9
258 9
216 9
322 6
38 9
36 9
140 9
324 9
10 9
299 9
226 9
203 9
88 9
242 9
30 9
221 9
193 9
269 9
284 9
141 9
272 9
67 34
332 9
184 9
185 9
271 34
292 9
169 9
153 9
52 9
180 9
75 9
218 6
49 9
84 9
77 9
126 9
232 6
335 6
316 9
110 9
118 9
205 9
165 9
252 9
319 9
122 9
20 9
234 9
44 6
263 9
313 6
215 9
22 9
39 9
129 34
71 9
41 9
270 9
281 9
224 9
206 9
116 9
152 9
87 9
219 6
255 9
43 9
177 9
56 6
333 34
48 9
86 6
181 9
175 9
268 9
244 6
212 9
257 9
195 6
208 9
325 9
308 34
320 9
168 6
14 9
16 9
25 9
267 9
45 9
50 9
54 9
236 9
330 9
328 9
0 6
304 9
297 9
225 6
89 9
113 9
283 9
276 9
127 9
250 9
259 9
275 6
220 9
93 6
105 9
318 9
55 9
62 6
70 9
273 9
293 34
190 9
309 9
253 9
58 9
256 6
291 6
32 9
5 9
265 9
139 34
209 9
327 9
166 6
12 9
142 9
245 34
4 9
66 6
9 9
298 6
296 9
94 9
46 34
37 9
161 6
182 6
138 9
78 6
295 6
137 9
280 9
134 9
188 9
227 9
26 9
74 9
34 9
121 9
68 9
158 9
290 9
199 9
109 9
7 6
85 9
29 9
277 9
171 9
17 6
312 6
3 9
262 9
120 9
151 6
251 9
210 6
40 34
104 9
163 9
202 9
321 9
128 9
294 9
170 9
76 9
99 9
260 9
61 9
282 6
214 6
174 9
229 9
100 34
23 9
164 9
35 34
107 9
179 9
222 9
162 6
108 9
172 9
97 6
79 9
278 6
200 34
21 9
241 9
6 9
131 9
124 6
173 9
317 9
123 9
64 9
198 6
130 9
305 9
60 9
117 9
8 9
167 9
145 9
96 9
133 6
154 9
53 9
254 6
119 9
114 9
156 9
307 9
24 9
189 6
146 9
111 9
233 9
15 6
186 9
228 9
102 34
82 9
286 9
311 9
197 6
207 9
33 9
112 10
266 9
329 9
243 9
73 6
115 6
83 9
11 9
90 9
178 6
264 9
98 34
191 9
125 9
132 9
65 9
187 9
136 9
314 6
274 9
235 9
95 9
204 9
287 34
80 9
150 9
149 9
285 9
51 9
323 9
211 9
326 6
57 6
248 34
13 9
147 6
59 9
261 34
2 9
106 9
148 6
306 9
103 9
27 9
28 9
301 6
223 9
237 9
331 9
run time cost of algorithm DRT_AG is 0.001554seconds
