2536000 104 68
0 34
1 34
2 34
3 34
4 34
5 34
6 34
7 34
8 34
9 0
10 0
11 34
12 34
13 34
14 34
15 34
16 34
17 34
18 34
19 34
20 34
21 34
22 34
23 34
24 34
25 34
26 34
27 34
28 34
29 34
30 34
31 34
32 34
33 34
34 34
35 34
36 34
37 34
38 34
39 34
40 34
41 34
42 34
43 34
44 0
45 34
46 34
47 34
48 34
49 34
50 34
51 34
52 34
53 34
54 34
55 34
56 34
57 41
58 34
59 34
60 34
61 34
62 34
63 0
64 34
65 34
66 34
67 34
68 34
69 34
70 34
71 34
72 34
73 34
74 34
75 34
76 34
77 34
78 34
79 34
80 34
81 34
82 34
83 34
84 34
85 34
86 34
87 34
88 0
89 34
90 34
91 34
92 34
93 34
94 34
95 34
96 34
97 34
98 34
99 34
100 34
101 34
102 34
103 34
104 34
105 34
106 34
107 34
108 34
109 34
110 34
111 34
112 34
113 34
114 34
115 34
116 34
117 34
118 34
119 34
120 34
121 0
122 34
123 41
124 34
125 34
126 0
127 34
128 34
129 34
130 34
131 34
132 0
133 34
134 34
135 34
136 34
137 34
138 34
139 34
140 0
141 34
142 34
143 34
144 34
145 34
146 34
147 0
148 34
149 34
150 34
151 34
152 34
153 34
154 34
155 34
156 34
157 34
158 34
159 0
160 0
161 34
162 34
163 34
164 34
165 34
166 34
167 34
168 34
169 34
170 34
171 34
172 34
173 34
174 34
175 34
176 34
177 34
178 34
179 34
180 34
181 34
182 34
183 34
184 34
185 34
186 34
187 34
188 41
189 34
190 41
191 34
192 34
193 34
194 34
195 34
196 34
197 34
198 41
199 34
200 34
201 34
202 34
203 34
204 34
205 0
206 0
207 34
208 34
209 34
210 34
211 34
212 34
213 34
214 34
215 34
216 34
217 34
218 34
219 34
220 34
221 34
222 34
223 34
224 34
225 34
226 34
227 34
228 34
229 34
230 0
231 34
232 34
233 34
234 34
235 34
236 34
237 41
238 34
239 41
240 34
241 34
242 34
243 34
244 34
245 34
246 34
247 41
248 34
249 34
250 34
251 34
252 34
253 34
254 34
255 41
256 34
257 34
258 34
259 34
260 34
261 34
262 34
263 34
264 34
265 41
266 41
267 34
268 34
269 34
270 34
271 34
272 34
273 34
274 34
275 34
276 34
277 34
278 0
279 41
280 34
281 34
282 34
283 34
284 34
285 34
286 34
287 34
288 34
289 34
290 34
291 34
292 34
293 34
294 34
295 34
296 34
297 34
298 34
299 34
300 34
301 34
302 41
303 34
304 34
305 34
306 34
307 34
308 34
309 34
310 0
311 41
312 34
313 34
314 34
315 34
316 34
317 34
318 34
319 34
320 34
321 34
322 34
323 34
324 34
325 34
326 34
327 34
328 34
329 34
330 34
331 34
332 34
333 34
334 34
335 34
336 34
337 34
338 34
339 34
340 0
341 34
342 34
343 34
344 34
345 34
346 34
347 34
348 34
349 34
350 34
351 34
352 41
353 34
354 34
355 34
356 34
357 41
358 34
359 34
360 34
361 34
362 34
363 34
364 34
365 34
366 34
367 34
368 34
369 34
370 0
371 34
372 0
373 34
374 34
375 34
376 34
377 34
378 34
379 0
380 0
381 34
382 34
383 34
384 34
385 34
386 34
387 34
388 0
389 34
390 34
391 34
392 34
393 34
394 34
395 0
396 34
397 34
398 41
399 34
400 34
401 34
402 0
403 34
404 34
405 0
406 34
407 34
408 0
409 0
410 34
411 34
412 34
413 0
414 34
415 34
416 34
417 34
418 34
419 34
420 34
421 34
422 34
423 34
424 34
425 34
426 34
427 41
428 34
429 34
430 34
431 34
432 34
433 34
434 34
435 0
436 34
437 34
438 34
439 34
440 34
441 34
442 34
443 34
444 34
445 34
446 34
447 41
448 34
449 34
450 41
451 34
452 34
453 34
454 34
455 34
456 34
457 34
458 34
459 34
460 34
461 34
462 41
463 34
464 34
465 34
466 34
467 34
468 0
469 34
470 41
471 34
472 34
473 34
474 34
475 34
476 34
477 34
478 41
479 34
480 34
481 34
482 34
483 34
484 34
485 34
486 34
487 34
488 34
489 34
490 34
491 34
492 34
493 34
494 34
495 34
496 34
497 34
498 34
499 34
500 34
501 34
502 34
503 34
504 34
505 34
506 34
507 34
508 34
509 34
510 34
511 34
512 34
513 34
514 34
515 34
516 34
517 34
518 34
519 34
520 41
521 34
522 34
523 34
524 34
525 34
526 34
527 34
528 34
529 34
530 41
531 34
532 41
533 34
534 34
535 34
536 34
537 34
538 34
539 34
540 34
541 34
542 34
543 41
544 34
545 34
546 34
547 34
548 34
549 34
550 41
551 34
552 41
553 34
554 34
555 41
556 8
557 8
558 0
559 41
560 41
561 41
562 34
563 41
564 41
565 41
566 41
567 41
568 41
569 41
570 41
571 41
572 41
573 41
574 41
575 41
576 41
577 41
578 41
579 41
580 41
581 41
582 41
583 41
584 41
585 41
586 41
587 41
588 8
589 41
590 0
591 41
592 41
593 41
594 41
595 41
596 8
597 41
598 41
599 41
600 41
601 41
602 41
603 8
604 41
605 41
606 41
607 8
608 0
609 41
610 0
611 0
612 41
613 41
614 41
615 41
616 41
617 41
618 41
619 41
620 0
621 41
622 41
623 41
624 0
625 41
626 0
627 41
628 41
629 8
630 41
631 41
632 41
633 41
634 41
635 41
636 0
637 41
638 41
639 41
640 41
641 41
642 41
643 41
644 8
645 41
646 41
647 41
648 41
649 41
650 41
651 41
652 41
653 41
654 41
655 41
656 41
657 41
658 41
659 41
660 8
661 8
662 41
663 0
664 41
665 41
666 41
667 41
668 41
669 8
670 8
671 41
672 41
673 8
674 41
675 41
676 41
677 8
678 0
679 41
680 41
681 41
682 41
683 41
684 41
685 8
686 41
687 41
688 41
689 41
690 41
691 41
692 41
693 41
run time cost of algorithm SM_CTP is 1.15344seconds
