1156400 104 65
105 34
593 34
465 34
603 34
392 34
572 39
6 34
90 34
545 34
195 39
221 34
872 34
689 39
667 34
662 34
865 39
197 39
355 39
217 34
200 34
432 34
10 34
519 34
699 34
420 34
161 34
537 39
299 34
112 34
722 34
159 34
478 34
242 34
812 34
474 34
761 34
236 34
401 34
581 39
479 39
583 39
38 34
449 34
265 34
212 34
861 34
760 34
535 34
676 34
521 34
4 34
340 34
65 34
707 34
28 34
191 34
192 34
618 34
508 34
489 34
711 34
364 34
826 34
817 34
619 34
605 34
436 34
280 34
524 34
680 34
9 34
671 39
2 34
399 34
862 34
304 34
452 34
367 34
836 34
453 34
297 34
379 34
850 34
757 39
866 39
286 34
166 34
220 34
427 34
389 34
463 39
5 34
385 34
70 34
517 34
504 34
326 34
314 34
578 39
739 39
754 39
274 34
758 34
268 34
183 34
801 34
196 34
171 34
721 34
100 34
380 34
213 34
281 34
207 34
425 39
625 34
163 34
833 34
823 34
795 34
318 34
398 34
321 34
361 34
476 34
227 34
335 34
199 34
391 34
714 34
687 34
131 39
343 34
71 34
693 41
44 39
7 34
705 34
708 34
358 34
597 34
530 34
434 34
623 34
856 34
190 34
851 34
231 39
372 34
201 34
575 39
627 34
633 34
86 34
316 34
791 34
556 34
178 34
806 34
822 34
152 39
245 34
388 34
638 34
544 34
734 34
487 34
283 39
732 34
643 34
697 34
522 34
129 34
784 34
588 34
696 41
570 34
317 34
128 34
675 34
405 34
793 34
156 34
839 34
515 34
472 41
800 39
482 34
188 34
660 34
827 34
298 34
509 34
824 34
397 34
470 34
652 34
418 34
461 34
353 34
45 34
319 34
256 39
580 41
442 39
386 34
113 41
68 34
110 34
8 34
738 34
106 34
444 34
349 34
616 34
14 34
87 34
287 34
695 39
189 34
56 34
655 34
441 34
279 34
374 39
251 34
726 34
402 39
396 41
733 34
230 34
735 34
565 39
514 34
815 34
194 34
439 34
133 34
788 34
237 34
305 34
525 34
533 39
538 34
488 34
330 34
153 34
387 34
860 34
451 34
869 34
573 41
164 39
615 34
878 39
879 34
450 34
96 34
881 34
747 34
414 34
21 39
546 34
177 34
20 34
731 34
365 39
429 34
430 34
82 34
555 34
120 34
329 39
368 34
139 41
94 34
12 34
743 34
768 34
179 34
262 34
846 34
422 34
648 41
403 34
730 34
729 34
668 34
492 34
804 34
327 39
59 34
520 39
322 34
63 34
654 39
786 34
512 39
868 34
613 34
180 34
35 34
302 34
744 34
445 34
144 34
406 34
363 39
557 34
611 34
568 34
360 34
751 34
518 34
52 34
849 34
485 34
313 8
215 34
600 34
300 34
266 34
657 41
499 8
829 34
273 41
595 34
591 34
141 39
443 34
679 39
845 34
510 34
209 34
76 34
47 39
277 34
558 34
589 34
590 34
80 34
523 34
713 34
630 34
554 34
764 34
704 34
214 34
651 41
308 34
410 34
794 34
150 41
772 34
39 34
311 41
260 34
101 34
876 34
62 34
494 34
160 34
81 34
612 34
54 34
796 34
639 34
636 34
560 34
832 41
567 41
569 34
584 34
842 34
341 34
210 34
122 34
306 34
426 34
841 34
587 34
73 34
382 34
74 34
126 34
206 34
352 34
412 34
243 34
547 34
46 41
498 34
457 34
433 34
870 34
506 34
140 34
324 34
741 34
448 34
550 34
252 34
511 34
781 41
135 34
634 34
333 34
594 39
727 34
92 34
527 34
312 39
496 34
384 34
95 34
807 34
825 34
40 34
85 34
264 39
223 41
278 34
22 34
701 34
531 34
176 34
769 34
828 34
238 34
218 34
347 39
36 39
466 34
338 34
127 34
49 34
622 39
224 8
685 34
847 34
814 41
219 41
182 41
249 34
282 34
740 34
552 34
328 34
158 34
404 34
344 34
816 39
289 34
362 34
601 34
31 41
703 34
776 34
181 34
715 34
670 34
629 34
838 34
501 41
455 8
98 34
23 34
378 41
51 34
373 34
354 34
534 34
647 34
417 41
259 34
369 34
811 41
446 34
184 34
125 34
167 34
375 34
663 34
411 34
172 34
599 41
486 39
241 34
837 34
357 34
350 34
346 39
809 34
821 34
419 34
320 34
233 41
736 34
724 34
863 34
483 34
32 8
665 34
765 8
586 34
752 34
753 8
507 34
718 39
684 34
875 34
698 39
204 39
203 34
813 34
202 34
755 39
376 41
702 34
500 34
596 34
539 34
460 34
29 34
621 34
250 34
529 34
475 39
342 34
431 34
477 34
78 39
149 34
173 34
16 34
53 34
34 41
337 34
835 39
785 34
592 39
107 34
542 34
505 39
834 34
576 34
115 39
118 41
390 34
549 34
456 34
778 34
208 34
459 34
532 39
232 34
288 34
239 34
650 34
359 39
438 41
561 34
742 34
26 34
409 34
712 34
408 34
137 39
267 34
130 39
253 34
571 34
745 34
566 41
574 34
17 34
725 34
255 34
681 41
193 39
393 34
257 34
435 34
541 41
381 34
831 34
709 34
682 39
631 34
691 34
673 34
871 34
447 41
69 34
370 39
93 34
759 34
797 34
767 34
458 34
661 34
559 34
617 39
185 41
780 34
775 34
37 34
356 41
15 34
261 34
610 34
247 41
151 41
254 34
604 39
132 34
225 34
18 39
858 41
336 34
864 34
855 41
226 34
469 34
307 34
310 34
677 41
641 34
77 34
290 34
234 34
789 41
585 34
104 41
187 34
99 34
60 34
145 34
582 34
66 34
543 41
91 34
774 39
728 39
272 34
645 39
55 39
454 34
296 34
175 34
777 34
123 41
480 34
598 34
61 34
678 34
48 34
33 34
235 34
495 34
292 34
762 39
351 34
332 41
142 34
690 41
606 34
664 41
602 34
119 34
564 41
79 34
407 34
513 34
229 34
24 34
628 39
400 34
810 34
799 34
624 34
162 34
345 34
428 41
783 34
371 34
686 34
750 34
792 34
749 39
782 34
157 39
41 34
334 34
269 34
756 34
818 34
323 34
637 34
301 34
394 34
859 34
626 34
117 34
30 41
536 34
548 34
528 34
270 41
692 34
763 34
138 34
497 34
111 34
109 34
285 34
147 34
746 34
808 34
719 34
437 34
89 34
640 34
852 41
642 41
348 34
57 34
771 34
228 34
840 34
84 34
186 34
415 34
1 34
315 41
3 41
27 34
0 39
766 34
819 34
666 34
294 34
263 34
440 41
169 34
293 34
291 39
553 34
873 34
275 34
867 34
490 34
787 34
674 34
493 41
248 34
577 8
148 34
503 34
700 8
467 34
136 34
526 34
874 34
155 34
170 34
635 34
857 34
644 34
843 34
770 34
67 41
72 34
11 39
276 41
683 34
672 34
295 34
303 34
779 39
240 34
563 39
116 34
309 34
658 34
366 34
383 34
830 34
88 34
103 34
820 34
620 34
484 34
609 34
608 41
25 41
222 34
339 34
877 34
121 34
694 34
710 34
325 34
216 39
114 34
284 39
659 34
13 8
540 39
579 34
395 34
108 34
614 41
413 41
134 34
423 39
632 41
50 34
424 34
246 41
790 34
143 34
737 41
421 41
244 34
416 34
58 34
19 34
258 41
43 34
717 39
165 41
198 34
205 34
562 8
854 34
551 34
271 39
773 34
802 34
331 34
83 34
64 34
481 34
880 8
653 34
798 34
471 34
468 34
211 34
75 34
124 34
723 34
853 34
377 34
464 34
146 34
462 34
716 39
174 34
669 34
720 39
97 34
168 41
491 34
646 41
102 39
649 39
805 34
516 41
502 34
154 8
803 34
688 34
748 41
848 39
656 34
42 34
706 34
473 34
844 34
607 34
run time cost of algorithm DRT_BD is 0.42289seconds
