615600 109 67
0 34
1 34
2 34
3 34
4 34
5 34
6 34
7 34
8 34
9 34
10 34
11 34
12 34
13 34
14 34
15 34
16 34
17 0
18 34
19 34
20 34
21 34
22 34
23 34
24 34
25 34
26 34
27 0
28 34
29 34
30 24
31 34
32 34
33 34
34 34
35 34
36 34
37 34
38 0
39 34
40 34
41 34
42 34
43 0
44 34
45 0
46 34
47 34
48 34
49 34
50 34
51 34
52 34
53 34
54 34
55 34
56 34
57 34
58 34
59 34
60 34
61 34
62 34
63 34
64 34
65 34
66 34
67 34
68 34
69 34
70 34
71 0
72 34
73 0
74 34
75 34
76 34
77 34
78 34
79 34
80 34
81 34
82 34
83 24
84 34
85 34
86 34
87 0
88 0
89 34
90 34
91 24
92 34
93 34
94 34
95 34
96 34
97 34
98 34
99 34
100 34
101 34
102 34
103 34
104 34
105 34
106 24
107 34
108 34
109 0
110 34
111 34
112 34
113 34
114 34
115 34
116 34
117 34
118 34
119 34
120 34
121 34
122 24
123 34
124 34
125 34
126 34
127 34
128 34
129 34
130 34
131 34
132 34
133 34
134 34
135 34
136 34
137 34
138 34
139 34
140 34
141 34
142 24
143 24
144 24
145 34
146 34
147 34
148 34
149 34
150 34
151 34
152 24
153 34
154 34
155 34
156 34
157 24
158 34
159 34
160 34
161 34
162 34
163 34
164 34
165 34
166 34
167 34
168 34
169 34
170 34
171 34
172 24
173 34
174 24
175 34
176 34
177 34
178 34
179 24
180 0
181 34
182 34
183 24
184 0
185 24
186 24
187 34
188 34
189 34
190 24
191 34
192 34
193 34
run time cost of algorithm SM_CTP is 0.083491seconds
