446400 97 14
67 14
13 14
70 14
8 14
24 14
21 14
10 14
60 14
2 14
37 14
28 14
72 14
30 14
35 14
41 14
26 14
51 14
7 14
76 14
0 14
14 14
11 14
52 14
4 14
45 14
31 14
43 14
48 14
25 14
64 14
66 14
74 14
22 14
5 14
44 14
6 14
20 14
18 14
58 14
32 14
39 34
38 14
54 14
9 34
34 14
59 34
3 34
33 14
15 14
75 14
69 14
47 14
63 14
42 14
56 14
57 14
62 14
71 14
49 14
68 14
29 14
19 14
55 14
40 1
1 1
36 14
61 14
23 1
16 14
50 1
46 1
27 14
65 14
73 1
12 1
53 1
17 1
run time cost of algorithm DRT_BD is 0.004248seconds
