935750 104 65
0 34
1 34
2 34
3 34
4 34
5 34
6 0
7 34
8 34
9 41
10 0
11 34
12 34
13 34
14 34
15 34
16 34
17 34
18 34
19 34
20 34
21 34
22 34
23 41
24 34
25 34
26 0
27 34
28 34
29 34
30 34
31 34
32 34
33 34
34 34
35 34
36 34
37 34
38 34
39 34
40 34
41 34
42 34
43 0
44 34
45 34
46 34
47 34
48 34
49 34
50 34
51 34
52 34
53 34
54 34
55 34
56 34
57 0
58 34
59 34
60 41
61 34
62 34
63 34
64 34
65 34
66 34
67 34
68 34
69 34
70 34
71 34
72 34
73 34
74 34
75 34
76 34
77 34
78 34
79 34
80 34
81 34
82 34
83 0
84 0
85 34
86 34
87 8
88 34
89 34
90 34
91 34
92 34
93 34
94 34
95 34
96 34
97 34
98 34
99 41
100 34
101 34
102 34
103 34
104 0
105 34
106 34
107 41
108 34
109 34
110 34
111 34
112 41
113 34
114 34
115 34
116 34
117 34
118 34
119 34
120 34
121 34
122 34
123 34
124 34
125 8
126 34
127 34
128 34
129 34
130 34
131 34
132 41
133 41
134 41
135 34
136 34
137 41
138 34
139 41
140 34
141 34
142 34
143 34
144 8
145 34
146 34
147 34
148 34
149 34
150 34
151 34
152 0
153 34
154 34
155 34
156 41
157 34
158 34
159 34
160 0
161 0
162 34
163 34
164 34
165 34
166 34
167 34
168 34
169 34
170 34
171 41
172 34
173 34
174 34
175 34
176 34
177 41
178 0
179 41
180 34
181 34
182 34
183 34
184 34
185 34
186 34
187 34
188 34
189 0
190 34
191 34
192 34
193 34
194 34
195 0
196 34
197 34
198 34
199 0
200 34
201 34
202 41
203 0
204 0
205 34
206 34
207 34
208 34
209 34
210 34
211 34
212 34
213 41
214 34
215 34
216 41
217 0
218 34
219 41
220 34
221 34
222 34
223 34
224 34
225 34
226 34
227 34
228 34
229 34
230 34
231 0
232 0
233 34
234 34
235 34
236 34
237 34
238 41
239 0
240 34
241 34
242 34
243 34
244 34
245 34
246 34
247 34
248 34
249 34
250 34
251 34
252 34
253 34
254 34
255 34
256 41
257 34
258 0
259 34
260 34
261 0
262 34
263 34
264 41
265 34
266 34
267 34
268 41
269 34
270 34
271 0
272 41
273 41
274 34
275 34
276 41
277 34
278 0
279 34
280 41
281 34
282 34
283 34
284 34
285 8
286 34
287 34
288 34
289 34
290 34
291 41
292 0
293 0
294 0
295 34
296 41
297 41
298 34
299 34
300 34
301 0
302 41
303 0
304 34
305 41
306 34
307 41
308 34
309 34
310 34
311 34
312 34
313 34
314 34
315 34
316 34
317 34
318 34
319 41
320 34
321 0
322 34
323 34
324 34
325 34
326 34
327 41
328 34
329 34
330 34
331 34
332 41
333 34
334 34
335 41
336 34
337 34
338 34
339 41
340 41
341 34
342 0
343 34
344 0
345 34
346 0
347 34
348 34
349 34
350 34
351 34
352 34
353 34
354 34
355 0
356 34
357 34
358 34
359 34
360 34
361 34
362 34
363 0
364 34
365 34
366 34
367 34
368 34
369 34
370 34
371 34
372 34
373 41
374 34
375 34
376 34
377 34
378 34
379 34
380 34
381 0
382 34
383 34
384 41
385 34
386 34
387 0
388 34
389 34
390 34
391 41
392 34
393 34
394 34
395 34
396 34
397 34
398 34
399 34
400 41
401 34
402 34
403 34
404 34
405 41
406 34
407 41
408 34
409 0
410 41
411 34
412 41
413 41
414 34
415 34
416 34
417 41
418 34
419 34
420 34
421 41
422 34
423 0
424 34
425 8
426 34
427 34
428 8
429 34
430 34
431 0
432 34
433 34
434 34
435 41
436 34
437 0
438 41
439 34
440 34
441 34
442 41
443 41
444 34
445 0
446 34
447 34
448 41
449 41
450 8
451 41
452 34
453 34
454 41
455 34
456 34
457 8
458 34
459 41
460 34
461 34
462 0
463 0
464 34
465 41
466 34
467 34
468 0
469 8
470 34
471 0
472 34
473 41
474 41
475 34
476 8
477 34
478 41
479 0
480 41
481 41
482 34
483 34
484 34
485 34
486 41
487 34
488 0
489 34
490 34
491 41
492 41
493 0
494 41
495 34
496 34
497 41
498 34
499 34
500 34
501 34
502 41
503 34
504 1
505 41
506 0
507 34
508 41
509 34
510 41
511 1
512 34
513 34
514 41
515 34
516 34
517 41
518 34
519 0
520 41
521 34
522 34
523 34
524 34
525 34
526 34
527 8
528 41
529 34
530 34
531 34
532 34
533 41
534 8
535 34
536 34
537 41
538 41
539 34
540 34
541 0
542 34
543 41
544 34
545 41
546 34
547 34
548 34
549 41
550 34
551 34
552 41
553 41
554 34
555 34
556 41
557 41
558 34
559 1
560 34
561 34
562 34
563 34
564 0
565 41
566 34
567 34
568 34
569 34
570 34
571 1
572 34
573 34
574 34
575 0
576 34
577 34
578 0
579 0
580 34
581 0
582 8
583 34
584 41
585 34
586 34
587 41
588 41
589 0
590 0
591 34
592 34
593 34
594 41
595 34
596 0
597 34
598 34
599 34
600 34
601 0
602 34
603 8
604 34
605 41
606 41
607 34
608 34
609 34
610 34
611 34
612 34
613 34
614 41
615 41
616 8
617 34
618 8
619 34
620 34
621 0
622 34
623 34
624 34
625 41
626 0
627 8
628 34
629 34
630 8
631 34
632 34
633 34
634 34
635 34
636 34
637 0
638 34
639 41
640 34
641 34
642 8
643 0
644 41
645 34
646 8
647 41
648 34
649 34
650 8
651 34
652 34
653 34
654 34
655 34
656 34
657 34
658 34
659 34
660 34
661 34
662 41
663 34
664 34
665 41
666 34
667 34
668 41
669 41
670 34
671 34
672 41
673 0
674 34
675 0
676 34
677 41
678 41
679 41
680 34
681 41
682 0
683 34
684 41
685 34
686 8
687 34
688 34
689 8
690 34
691 34
692 41
693 41
694 8
695 41
696 34
697 41
run time cost of algorithm SM_CTP is 1.14765seconds
