300600 120 43
57 25
83 25
27 25
72 41
65 25
79 25
64 25
81 25
11 25
88 41
76 25
40 25
25 25
54 41
3 25
31 25
62 25
12 25
86 41
21 9
2 25
14 25
51 25
38 25
71 25
8 41
35 25
59 25
36 25
20 25
37 25
9 25
4 25
80 25
0 25
68 25
50 25
7 25
32 25
10 25
29 34
46 9
49 25
15 25
75 25
17 25
24 25
22 34
60 41
53 41
84 25
67 25
56 34
58 9
78 25
73 41
6 41
85 9
87 25
23 25
41 34
77 9
55 25
63 25
70 34
48 25
42 25
89 25
5 25
61 25
34 34
45 25
16 9
66 25
44 25
18 25
1 25
90 25
33 41
30 25
52 25
74 41
43 25
82 34
19 25
13 41
47 25
69 41
39 9
28 41
26 25
run time cost of algorithm DRT_AG is 0.00026seconds
