587
0 16 16 2400 115
1 128 256 5000 107
2 32 128 500 172
3 128 256 500 168
4 16 64 2400 103
5 128 16 1000 123
6 32 16 5000 101
7 16 64 1000 107
8 32 64 800 169
9 128 128 1000 158
10 16 16 1000 99
11 32 128 2400 116
12 64 16 2400 113
13 16 128 1000 138
14 128 16 500 171
15 16 128 500 114
16 16 256 500 149
17 128 16 2400 104
18 32 128 1000 158
19 16 64 2400 107
20 128 256 800 101
21 16 16 5000 148
22 32 64 2400 111
23 128 16 800 121
24 64 256 500 97
25 32 256 2400 130
26 128 16 5000 131
27 64 64 5000 145
28 32 256 2400 158
29 16 16 800 183
30 16 256 2400 161
31 128 256 5000 95
32 128 64 5000 188
33 64 64 1000 154
34 64 16 5000 154
35 64 256 500 132
36 128 64 2400 182
37 32 256 2400 180
38 16 16 1000 179
39 64 128 500 158
40 16 128 1000 192
41 128 128 800 119
42 128 64 1000 167
43 64 16 500 172
44 64 16 1000 185
45 16 128 2400 180
46 32 16 1000 197
47 16 256 1000 188
48 64 128 500 94
49 16 256 2400 116
50 16 128 5000 185
51 16 128 500 198
52 32 16 5000 95
53 32 16 800 166
54 128 64 2400 192
55 128 128 1000 127
56 64 64 5000 176
57 64 256 500 101
58 32 16 2400 113
59 64 64 2400 140
60 64 64 2400 197
61 16 16 500 114
62 64 128 5000 171
63 128 256 800 153
64 32 16 1000 136
65 32 256 2400 149
66 32 64 5000 160
67 64 64 2400 199
68 16 256 500 196
69 16 64 500 182
70 32 256 5000 136
71 16 128 800 113
72 16 64 1000 135
73 128 64 500 118
74 64 64 5000 92
75 64 128 800 186
76 64 256 2400 123
77 64 256 500 188
78 64 256 500 155
79 64 256 800 170
80 64 256 2400 143
81 32 16 1000 166
82 64 128 5000 96
83 128 64 500 112
84 64 64 500 156
85 16 16 5000 195
86 128 128 2400 164
87 64 256 1000 170
88 16 256 800 121
89 16 64 5000 167
90 64 128 500 98
91 32 64 1000 127
92 128 16 5000 132
93 32 16 500 130
94 16 128 1000 168
95 64 16 5000 152
96 128 64 800 200
97 32 256 800 127
98 128 128 500 96
99 32 64 2400 175
100 16 16 2400 158
101 128 64 5000 116
102 16 256 1000 132
103 64 128 500 119
104 128 16 500 108
105 64 16 2400 118
106 16 16 800 169
107 32 64 5000 146
108 64 64 2400 96
109 32 256 2400 178
110 64 64 500 110
111 16 128 1000 147
112 32 128 2400 186
113 64 128 800 142
114 16 128 5000 111
115 64 128 500 123
116 16 256 500 180
117 128 16 5000 152
118 128 128 500 140
119 128 16 5000 137
120 32 64 2400 141
121 128 128 5000 97
122 128 64 500 115
123 32 64 5000 196
124 16 128 2400 182
125 64 256 1000 151
126 32 16 1000 149
127 128 128 2400 96
128 64 128 800 90
129 64 256 500 123
130 32 64 5000 189
131 32 256 5000 190
132 16 256 1000 141
133 16 128 1000 192
134 64 256 2400 133
135 16 256 1000 190
136 32 128 5000 139
137 128 256 800 131
138 64 256 2400 171
139 64 256 1000 151
140 64 16 2400 195
141 64 128 1000 138
142 64 16 1000 137
143 128 256 5000 141
144 64 64 500 118
145 128 256 5000 180
146 32 128 1000 136
147 16 64 800 168
148 128 256 800 152
149 64 256 800 123
150 128 16 1000 177
151 16 256 800 119
152 64 64 800 185
153 32 16 1000 119
154 16 64 2400 191
155 16 64 5000 107
156 128 256 800 147
157 32 256 1000 110
158 16 16 5000 121
159 16 64 5000 128
160 16 16 2400 143
161 128 64 800 151
162 128 256 5000 190
163 128 64 800 107
164 32 16 500 188
165 128 128 5000 118
166 128 16 1000 169
167 64 128 800 90
168 64 256 2400 95
169 32 64 5000 196
170 64 128 2400 149
171 128 16 1000 178
172 64 256 1000 128
173 32 16 5000 150
174 128 64 5000 172
175 16 16 800 127
176 64 16 800 179
177 64 16 800 170
178 32 16 500 127
179 128 16 500 199
180 64 256 1000 167
181 128 128 800 141
182 32 16 800 181
183 128 64 800 135
184 16 128 1000 176
185 16 128 2400 167
186 128 128 500 136
187 32 64 1000 186
188 16 256 800 118
189 64 256 2400 154
190 128 256 1000 102
191 64 64 500 185
192 128 128 500 122
193 32 128 5000 138
194 32 256 1000 111
195 128 128 1000 158
196 64 64 500 103
197 16 256 800 117
198 32 16 2400 164
199 32 128 500 127
200 128 128 5000 171
201 64 256 800 110
202 16 128 2400 158
203 32 16 500 102
204 32 16 800 105
205 32 16 800 155
206 128 16 2400 136
207 16 64 5000 136
208 128 128 2400 184
209 64 16 2400 122
210 32 256 2400 101
211 128 128 5000 126
212 16 16 500 165
213 16 16 500 177
214 64 16 1000 157
215 32 64 800 150
216 128 16 2400 95
217 64 64 800 130
218 64 256 2400 183
219 64 256 1000 200
220 16 128 5000 120
221 16 16 5000 158
222 32 16 500 95
223 16 128 1000 163
224 128 64 500 158
225 64 16 5000 119
226 32 64 2400 136
227 32 16 800 169
228 32 256 2400 180
229 128 16 1000 125
230 16 16 800 159
231 64 16 500 152
232 64 16 2400 148
233 128 256 800 155
234 128 64 1000 118
235 16 16 1000 181
236 128 256 1000 99
237 128 16 1000 191
238 64 16 800 195
239 16 64 2400 97
240 128 16 1000 167
241 32 16 800 101
242 32 64 800 94
243 64 16 1000 156
244 32 16 1000 123
245 16 256 2400 94
246 16 64 2400 155
247 128 128 5000 195
248 16 64 800 120
249 32 128 800 103
250 32 256 5000 105
251 64 256 500 131
252 64 64 5000 174
253 128 64 2400 96
254 64 16 5000 184
255 32 64 800 133
256 128 256 5000 168
257 64 256 2400 144
258 64 64 5000 152
259 128 16 1000 172
260 64 256 1000 143
261 32 16 2400 152
262 32 256 500 183
263 64 64 800 129
264 32 256 2400 148
265 128 256 500 140
266 128 64 500 134
267 64 64 1000 113
268 16 256 500 175
269 32 256 2400 125
270 128 256 5000 124
271 32 64 2400 166
272 128 256 2400 159
273 128 256 500 100
274 32 16 1000 200
275 16 256 2400 147
276 128 64 800 91
277 32 64 1000 176
278 32 16 500 96
279 32 256 500 154
280 64 128 5000 131
281 16 64 800 154
282 128 64 1000 140
283 64 128 5000 172
284 16 16 2400 136
285 128 128 2400 142
286 16 128 800 188
287 128 256 500 146
288 128 256 2400 184
289 128 64 500 108
290 128 128 1000 160
291 16 256 2400 185
292 32 256 800 106
293 64 16 500 135
294 32 128 500 106
295 64 64 500 104
296 16 16 5000 172
297 32 128 500 138
298 128 16 1000 117
299 16 128 800 96
300 64 64 2400 154
301 16 16 500 97
302 64 256 5000 162
303 128 16 2400 175
304 32 128 2400 191
305 64 64 5000 179
306 16 16 1000 174
307 64 128 5000 177
308 32 128 800 143
309 16 128 500 146
310 128 64 2400 112
311 128 16 5000 172
312 64 256 1000 151
313 128 256 800 99
314 64 128 5000 131
315 16 64 500 127
316 64 128 5000 144
317 64 128 2400 156
318 64 16 2400 115
319 128 256 500 129
320 128 256 5000 106
321 16 64 5000 131
322 64 256 2400 165
323 128 256 800 136
324 32 16 5000 117
325 128 64 800 120
326 32 64 500 136
327 32 64 1000 136
328 32 128 500 95
329 64 256 800 143
330 64 256 2400 166
331 64 256 800 121
332 32 64 800 181
333 16 16 800 132
334 16 128 2400 169
335 16 16 5000 176
336 128 64 500 176
337 32 16 800 150
338 64 256 1000 153
339 128 256 800 131
340 64 256 5000 104
341 16 16 1000 186
342 128 64 5000 167
343 128 128 2400 143
344 64 256 5000 160
345 16 256 800 110
346 128 128 500 156
347 128 64 1000 93
348 32 256 500 99
349 32 64 2400 167
350 16 128 5000 182
351 32 64 2400 199
352 32 16 2400 102
353 16 64 500 200
354 16 256 800 195
355 128 16 5000 186
356 32 16 5000 162
357 64 64 1000 153
358 128 128 1000 154
359 64 256 2400 95
360 16 256 2400 114
361 128 256 500 109
362 16 128 1000 116
363 16 128 2400 178
364 128 16 500 108
365 128 256 5000 200
366 64 16 2400 117
367 64 128 2400 200
368 16 16 1000 158
369 16 128 800 127
370 16 256 800 161
371 128 16 2400 132
372 16 128 1000 104
373 32 256 500 102
374 16 64 1000 159
375 128 128 800 158
376 64 128 2400 191
377 128 128 1000 128
378 64 256 500 155
379 32 256 500 168
380 32 256 2400 141
381 64 16 500 162
382 64 256 2400 195
383 64 64 5000 177
384 16 256 2400 108
385 64 128 500 161
386 32 64 500 175
387 16 256 5000 138
388 64 16 1000 163
389 32 16 5000 147
390 128 16 500 182
391 128 16 5000 158
392 32 256 800 158
393 64 64 5000 166
394 128 128 500 164
395 64 128 2400 101
396 32 128 500 118
397 16 128 2400 177
398 64 256 800 130
399 128 16 800 98
400 64 256 2400 146
401 128 16 2400 199
402 16 256 800 165
403 32 128 2400 180
404 32 128 5000 116
405 64 256 800 110
406 64 256 1000 137
407 128 64 2400 116
408 32 16 500 145
409 128 256 5000 90
410 32 256 800 93
411 64 128 1000 95
412 16 64 800 115
413 128 64 5000 108
414 16 128 500 147
415 32 16 500 122
416 64 128 2400 117
417 128 16 1000 127
418 64 256 5000 143
419 32 64 2400 126
420 128 128 2400 126
421 64 64 500 140
422 64 64 500 103
423 64 256 500 158
424 32 64 5000 134
425 128 256 2400 129
426 64 64 2400 91
427 64 256 5000 180
428 16 64 5000 104
429 16 256 2400 106
430 32 16 2400 158
431 32 64 5000 106
432 64 64 500 113
433 16 256 2400 157
434 128 128 1000 178
435 16 16 800 168
436 16 16 2400 109
437 16 64 2400 177
438 128 128 5000 134
439 16 64 800 168
440 16 128 800 190
441 64 256 1000 149
442 16 128 2400 129
443 64 16 800 146
444 128 128 800 177
445 64 256 1000 172
446 32 128 1000 135
447 64 64 500 171
448 16 16 500 115
449 128 16 1000 173
450 32 256 1000 196
451 32 64 800 138
452 128 256 2400 174
453 64 128 5000 139
454 64 64 5000 160
455 64 256 5000 198
456 64 64 1000 92
457 128 128 5000 143
458 16 16 2400 160
459 32 64 5000 192
460 128 128 800 112
461 64 16 5000 172
462 64 64 500 200
463 16 16 5000 170
464 64 16 800 153
465 16 64 800 140
466 32 64 5000 117
467 64 256 2400 124
468 32 16 2400 158
469 128 64 500 164
470 64 16 1000 143
471 32 64 2400 105
472 128 256 2400 128
473 128 256 800 194
474 64 16 2400 199
475 16 64 500 182
476 64 16 5000 150
477 32 256 500 142
478 16 64 1000 93
479 128 256 1000 170
480 64 256 2400 93
481 128 16 800 176
482 128 128 500 95
483 128 256 1000 111
484 128 16 1000 121
485 16 128 800 95
486 128 256 800 182
487 16 16 1000 196
488 64 16 1000 173
489 32 16 2400 151
490 16 256 5000 177
491 32 256 5000 181
492 64 64 1000 97
493 32 16 2400 110
494 16 256 2400 196
495 128 256 1000 103
496 128 128 5000 91
497 16 128 2400 185
498 16 128 800 94
499 16 64 5000 114
500 16 16 500 195
501 32 64 1000 196
502 16 16 2400 133
503 64 16 800 141
504 64 128 1000 168
505 32 128 500 157
506 64 256 2400 172
507 16 128 500 113
508 16 128 800 156
509 128 256 5000 128
510 32 64 1000 185
511 32 64 1000 153
512 32 256 800 191
513 64 128 800 101
514 32 256 800 124
515 16 128 800 186
516 128 16 2400 96
517 64 16 2400 198
518 128 128 2400 192
519 32 256 1000 149
520 16 256 5000 113
521 64 128 800 185
522 128 16 500 90
523 64 16 5000 131
524 64 64 500 195
525 64 16 500 175
526 32 64 800 94
527 128 64 5000 123
528 32 64 800 186
529 16 16 1000 110
530 32 64 5000 92
531 128 16 2400 96
532 32 64 500 134
533 64 64 1000 192
534 16 128 800 106
535 32 256 1000 150
536 32 128 5000 116
537 128 16 1000 177
538 16 64 2400 118
539 64 16 800 114
540 128 64 2400 127
541 32 256 2400 172
542 32 256 5000 106
543 16 16 1000 170
544 64 128 2400 155
545 128 256 800 162
546 64 64 1000 181
547 32 16 800 179
548 64 64 800 116
549 16 64 500 198
550 128 16 5000 99
551 64 256 2400 157
552 128 256 5000 138
553 32 128 5000 194
554 16 64 1000 165
555 128 64 500 163
556 16 256 800 133
557 16 16 500 152
558 32 128 5000 133
559 64 64 5000 149
560 16 256 5000 111
561 32 256 800 178
562 128 16 2400 187
563 32 16 800 192
564 16 128 2400 135
565 16 256 800 92
566 32 128 800 115
567 128 16 5000 138
568 128 64 800 197
569 16 16 500 184
570 64 128 1000 192
571 16 64 5000 166
572 32 256 1000 130
573 128 64 500 147
574 128 256 800 196
575 32 128 1000 138
576 64 128 500 96
577 32 64 500 135
578 128 16 5000 139
579 16 256 5000 178
580 128 128 500 198
581 64 128 2400 121
582 64 64 5000 134
583 128 256 500 118
584 64 128 500 173
585 128 64 2400 169
586 128 256 800 140
35
3 352 64 107
4 257 43 200
22 270 47 176
28 566 69 163
30 445 64 108
32 166 54 179
33 319 50 189
47 48 58 156
83 400 43 190
91 372 68 117
96 273 50 149
125 385 60 175
129 285 62 185
133 490 69 98
134 375 61 186
181 220 53 188
181 558 48 173
185 536 55 125
187 329 70 183
199 243 44 142
217 253 55 112
221 477 58 176
229 243 42 125
240 283 53 94
255 536 56 138
280 454 42 138
302 387 62 108
308 473 61 198
319 478 61 90
351 435 63 189
380 449 61 113
403 516 56 157
448 486 49 165
448 587 49 90
481 496 40 137