563
0 16 96 400 102
1 16 96 1000 101
2 16 96 400 96
3 32 64 5000 156
4 32 40 400 117
5 16 40 2000 131
6 32 64 1000 117
7 32 64 1000 194
8 32 40 1000 107
9 32 96 400 122
10 32 40 2000 102
11 16 64 1000 158
12 32 40 400 120
13 16 40 1000 127
14 16 64 1000 176
15 16 40 800 162
16 32 40 2000 151
17 16 64 400 191
18 16 96 2000 141
19 32 64 2000 174
20 16 96 1000 188
21 16 40 2000 123
22 32 96 400 122
23 32 64 400 186
24 32 40 5000 140
25 16 96 400 163
26 16 40 2000 115
27 32 40 800 166
28 16 96 5000 150
29 32 40 800 116
30 32 40 400 142
31 16 96 400 110
32 32 40 400 161
33 16 40 2000 128
34 16 40 5000 175
35 16 64 5000 94
36 32 40 400 91
37 16 96 800 198
38 16 64 2000 92
39 16 64 400 161
40 16 40 400 175
41 32 96 1000 179
42 32 64 5000 196
43 32 40 2000 120
44 16 40 5000 163
45 16 96 1000 166
46 32 96 2000 112
47 32 64 1000 102
48 16 40 5000 140
49 16 40 800 164
50 16 40 2000 165
51 32 40 400 169
52 32 40 5000 118
53 16 96 2000 148
54 32 64 5000 108
55 32 96 2000 198
56 16 96 5000 113
57 32 64 800 167
58 16 96 2000 96
59 16 96 5000 90
60 32 40 2000 184
61 16 96 1000 195
62 32 40 800 127
63 32 40 400 152
64 16 96 2000 137
65 16 64 1000 138
66 32 40 2000 134
67 32 96 2000 158
68 32 64 800 115
69 32 64 800 113
70 16 96 1000 155
71 16 96 1000 150
72 32 40 2000 142
73 32 64 2000 96
74 32 64 400 183
75 32 64 400 190
76 32 40 400 128
77 32 40 1000 153
78 32 64 400 99
79 32 64 5000 118
80 16 40 5000 195
81 32 96 800 93
82 32 40 2000 173
83 16 64 400 147
84 16 96 800 165
85 32 64 1000 163
86 16 40 5000 124
87 32 64 2000 187
88 32 96 800 130
89 16 40 400 186
90 16 64 5000 160
91 16 64 1000 102
92 32 64 400 138
93 16 96 800 136
94 16 40 400 151
95 16 40 2000 188
96 16 64 2000 136
97 32 64 2000 157
98 16 64 2000 185
99 16 64 2000 154
100 16 64 2000 95
101 32 40 1000 174
102 16 96 400 185
103 32 40 800 166
104 32 96 5000 177
105 16 64 1000 128
106 16 64 5000 108
107 32 64 800 158
108 32 96 800 97
109 32 96 400 104
110 32 40 400 195
111 32 40 1000 106
112 32 64 2000 99
113 32 40 5000 104
114 32 96 1000 99
115 16 40 400 102
116 32 64 400 193
117 16 96 2000 117
118 32 96 400 90
119 32 40 800 154
120 16 40 400 112
121 16 96 1000 158
122 32 40 800 149
123 16 64 800 148
124 16 40 1000 106
125 16 40 400 95
126 32 64 1000 133
127 16 64 1000 146
128 32 96 5000 154
129 32 96 800 114
130 16 40 5000 190
131 16 64 2000 90
132 16 96 5000 184
133 32 96 800 166
134 32 40 2000 158
135 16 96 2000 195
136 32 96 800 178
137 16 40 5000 168
138 16 64 5000 117
139 32 64 800 93
140 16 40 2000 132
141 32 40 2000 178
142 32 40 800 139
143 16 96 800 121
144 32 64 400 118
145 32 96 5000 139
146 16 64 400 116
147 16 64 400 115
148 16 96 400 173
149 32 40 400 143
150 16 40 1000 167
151 16 64 1000 172
152 16 40 400 126
153 32 64 800 153
154 32 96 400 180
155 16 64 1000 137
156 32 64 1000 129
157 32 40 2000 200
158 32 64 400 111
159 32 64 1000 194
160 32 40 5000 180
161 16 64 2000 140
162 32 40 5000 108
163 16 64 400 103
164 32 64 1000 91
165 32 40 2000 100
166 32 40 400 111
167 32 40 1000 116
168 16 96 400 151
169 32 96 2000 149
170 32 64 5000 139
171 16 40 400 140
172 32 64 800 198
173 32 96 1000 188
174 16 64 400 115
175 16 64 2000 136
176 16 96 400 102
177 32 64 800 114
178 32 96 1000 186
179 32 64 2000 186
180 32 96 1000 109
181 32 40 400 123
182 32 40 800 191
183 32 64 800 103
184 32 96 2000 178
185 32 40 800 169
186 32 64 2000 133
187 32 64 5000 155
188 32 64 5000 151
189 32 96 400 179
190 16 40 1000 123
191 32 64 2000 123
192 32 64 1000 105
193 16 64 5000 137
194 32 96 1000 149
195 16 64 400 130
196 16 64 2000 133
197 32 96 800 162
198 32 40 2000 136
199 32 64 1000 138
200 16 64 400 98
201 32 64 2000 200
202 16 40 2000 145
203 16 96 400 176
204 32 40 400 193
205 16 40 400 181
206 32 96 400 117
207 32 64 800 131
208 32 96 1000 126
209 32 64 1000 144
210 32 40 800 100
211 16 64 400 182
212 16 96 5000 108
213 16 64 5000 96
214 32 96 1000 91
215 16 40 800 187
216 32 64 400 200
217 16 40 1000 136
218 32 96 5000 129
219 16 64 800 162
220 32 96 5000 176
221 32 96 5000 121
222 32 40 400 151
223 32 40 2000 98
224 16 96 2000 137
225 16 96 400 139
226 16 96 2000 95
227 16 40 1000 91
228 32 64 2000 166
229 32 96 1000 174
230 16 64 5000 104
231 16 40 2000 103
232 16 64 800 117
233 32 96 400 112
234 32 40 800 130
235 32 96 400 125
236 16 96 2000 177
237 16 40 2000 109
238 16 96 5000 175
239 16 40 5000 111
240 32 64 400 177
241 32 64 1000 115
242 16 96 2000 109
243 16 96 2000 107
244 32 40 1000 146
245 16 96 5000 145
246 32 40 800 123
247 32 40 800 163
248 16 96 800 150
249 32 96 400 200
250 16 40 800 179
251 32 96 800 184
252 16 64 1000 154
253 16 40 400 123
254 16 96 800 128
255 32 64 2000 145
256 32 96 5000 91
257 16 64 5000 104
258 32 64 400 144
259 16 64 400 167
260 16 64 800 162
261 32 40 800 91
262 32 64 800 157
263 16 96 800 182
264 32 96 2000 194
265 16 40 400 132
266 32 96 1000 143
267 16 40 400 181
268 16 40 5000 105
269 16 40 2000 160
270 32 96 1000 110
271 32 96 1000 176
272 16 96 800 93
273 16 96 400 200
274 32 96 1000 124
275 16 64 400 110
276 16 40 800 140
277 32 64 400 143
278 16 40 5000 112
279 16 64 400 157
280 16 64 800 192
281 32 40 5000 135
282 16 40 400 136
283 32 40 800 93
284 32 96 800 96
285 32 40 5000 127
286 32 64 400 162
287 16 40 2000 124
288 16 40 5000 150
289 16 64 2000 197
290 16 96 5000 95
291 16 40 2000 127
292 16 40 800 114
293 32 64 400 109
294 32 40 1000 120
295 32 40 1000 110
296 32 96 5000 150
297 32 40 2000 110
298 32 64 2000 147
299 32 40 800 151
300 32 64 1000 180
301 32 64 800 175
302 32 96 800 97
303 32 40 800 100
304 32 64 800 172
305 16 40 800 130
306 32 96 800 116
307 16 96 1000 133
308 32 96 2000 125
309 16 96 1000 110
310 32 64 5000 160
311 32 40 5000 187
312 32 40 5000 187
313 16 96 1000 108
314 32 96 2000 145
315 32 96 5000 124
316 32 40 400 152
317 32 96 2000 141
318 32 96 400 196
319 32 64 800 191
320 16 40 2000 200
321 32 64 400 102
322 32 96 400 168
323 16 64 400 156
324 16 40 400 196
325 16 64 5000 186
326 32 40 5000 182
327 32 96 1000 154
328 16 40 800 167
329 32 96 1000 151
330 32 64 2000 123
331 32 96 800 161
332 32 64 1000 141
333 32 40 400 179
334 16 40 400 119
335 32 64 5000 175
336 32 64 5000 173
337 16 40 1000 167
338 16 64 5000 145
339 16 40 800 155
340 32 64 400 200
341 32 64 1000 184
342 16 96 5000 109
343 16 64 2000 97
344 16 64 5000 176
345 16 96 5000 109
346 16 64 1000 195
347 16 96 5000 138
348 16 96 2000 110
349 32 64 800 190
350 32 64 800 98
351 16 64 800 134
352 16 40 1000 179
353 16 96 400 150
354 16 40 800 134
355 16 40 1000 162
356 16 40 2000 154
357 32 64 2000 148
358 32 40 2000 132
359 16 64 2000 189
360 32 40 400 108
361 32 64 1000 155
362 32 96 400 136
363 16 96 800 186
364 16 64 800 119
365 16 96 800 163
366 32 64 1000 147
367 16 96 1000 103
368 16 40 5000 151
369 16 64 1000 198
370 16 64 1000 111
371 32 64 400 178
372 16 40 1000 180
373 32 40 800 114
374 16 64 400 135
375 32 40 800 126
376 32 40 5000 165
377 32 40 2000 167
378 32 40 5000 200
379 32 64 5000 178
380 16 40 1000 113
381 16 40 5000 124
382 16 96 2000 161
383 16 96 800 101
384 16 40 1000 136
385 16 64 1000 114
386 16 96 2000 186
387 16 96 800 174
388 16 40 400 172
389 16 64 1000 145
390 16 64 1000 149
391 16 40 5000 156
392 16 96 5000 107
393 16 40 800 118
394 16 40 2000 106
395 16 96 5000 142
396 16 64 800 114
397 32 40 1000 103
398 16 40 800 171
399 32 96 800 95
400 32 40 400 171
401 32 40 5000 176
402 16 96 800 199
403 16 96 2000 160
404 16 64 2000 115
405 16 64 1000 194
406 32 40 400 121
407 16 96 5000 99
408 32 40 5000 177
409 32 64 400 143
410 16 64 5000 107
411 32 40 800 138
412 32 40 2000 173
413 32 96 5000 196
414 16 64 800 168
415 32 96 800 113
416 32 96 5000 151
417 16 64 400 146
418 32 64 800 107
419 32 40 5000 187
420 16 40 5000 99
421 32 40 2000 197
422 32 96 5000 149
423 32 64 2000 183
424 32 64 400 131
425 16 96 800 117
426 16 40 5000 133
427 32 40 400 146
428 16 64 400 90
429 16 96 2000 193
430 32 96 800 108
431 16 96 1000 121
432 32 40 400 188
433 16 64 800 115
434 16 96 2000 182
435 16 64 400 196
436 32 40 1000 180
437 32 64 2000 154
438 16 96 800 159
439 16 40 400 137
440 16 40 800 114
441 16 40 2000 165
442 32 40 800 110
443 16 64 800 112
444 16 40 1000 149
445 32 40 2000 159
446 32 40 400 167
447 16 64 2000 130
448 32 64 1000 146
449 16 96 400 183
450 32 64 400 94
451 32 96 400 148
452 16 40 2000 97
453 32 96 800 115
454 32 40 1000 101
455 32 64 400 188
456 16 96 400 129
457 16 96 5000 160
458 16 96 1000 117
459 16 96 400 183
460 32 96 800 146
461 32 96 400 143
462 16 64 800 153
463 32 40 800 178
464 32 64 5000 191
465 32 96 5000 97
466 16 96 400 128
467 32 96 5000 165
468 16 96 1000 159
469 32 64 1000 144
470 32 64 5000 157
471 16 40 1000 131
472 32 64 800 170
473 32 40 1000 179
474 32 96 2000 155
475 32 64 5000 161
476 32 96 800 161
477 32 64 5000 137
478 16 64 400 139
479 16 64 2000 177
480 32 96 5000 95
481 16 96 800 131
482 32 96 5000 115
483 32 64 400 144
484 32 40 800 101
485 16 96 400 156
486 32 96 2000 122
487 32 64 2000 181
488 32 64 5000 158
489 16 96 5000 156
490 16 64 1000 128
491 16 40 2000 100
492 32 96 2000 103
493 32 40 400 165
494 32 96 5000 95
495 32 40 1000 109
496 32 96 400 145
497 32 96 2000 109
498 16 96 800 107
499 16 64 400 182
500 32 40 1000 167
501 32 64 1000 128
502 32 96 800 189
503 32 96 400 159
504 32 96 800 173
505 16 40 5000 174
506 32 40 800 111
507 32 64 800 169
508 16 96 1000 132
509 16 64 800 97
510 16 40 1000 195
511 16 96 1000 129
512 32 40 400 101
513 16 64 5000 185
514 16 40 400 93
515 32 40 400 140
516 16 40 2000 167
517 16 96 2000 170
518 16 40 2000 191
519 32 64 400 98
520 16 96 1000 116
521 16 40 1000 116
522 16 64 1000 171
523 16 96 400 200
524 16 64 2000 138
525 16 64 2000 160
526 16 96 2000 100
527 16 64 400 169
528 32 96 1000 127
529 32 64 400 199
530 16 64 800 153
531 16 96 400 117
532 32 64 2000 149
533 32 64 5000 160
534 32 96 800 104
535 16 64 5000 162
536 16 96 800 91
537 16 64 800 185
538 32 64 400 178
539 16 40 2000 192
540 16 96 800 156
541 32 96 800 106
542 16 40 800 132
543 16 64 2000 156
544 32 40 2000 175
545 32 40 2000 160
546 16 64 800 163
547 16 64 5000 109
548 32 96 800 111
549 16 40 5000 99
550 16 40 400 182
551 16 96 5000 192
552 32 64 1000 120
553 16 40 2000 197
554 16 64 1000 134
555 16 40 400 152
556 32 64 5000 193
557 16 40 1000 105
558 16 40 2000 152
559 16 96 800 187
560 16 40 400 120
561 32 64 2000 162
562 32 96 2000 103
232
0 442 65 99
0 162 49 131
1 97 48 90
2 281 59 112
3 488 58 156
3 91 55 107
6 281 44 182
7 350 57 185
7 276 52 150
8 456 47 138
8 308 57 185
11 427 70 108
11 167 44 91
11 234 47 181
15 141 52 143
17 137 56 191
17 344 52 186
18 474 58 133
20 467 49 109
20 558 45 164
21 176 54 103
21 367 65 188
22 481 55 101
25 473 63 162
28 279 53 104
30 359 55 174
31 451 68 184
31 33 43 190
34 508 60 116
37 124 52 185
37 144 55 91
38 523 50 181
39 371 59 104
40 416 64 114
41 255 58 143
43 328 61 176
44 482 63 195
44 374 48 103
46 527 64 183
48 502 69 200
48 180 47 111
50 69 64 124
51 123 69 158
52 523 51 111
53 237 55 186
54 519 59 175
54 330 47 107
54 503 46 153
54 250 48 193
54 175 42 181
55 107 69 96
56 384 52 140
57 79 52 96
59 118 40 96
60 362 61 192
63 367 67 123
64 125 41 119
65 523 41 140
65 454 46 91
67 79 53 167
69 500 44 186
72 391 55 189
73 210 42 114
73 313 48 153
75 209 50 122
75 383 40 112
75 104 58 141
75 169 61 125
76 125 41 198
77 559 58 100
77 204 64 174
79 406 55 123
81 232 58 182
83 151 56 106
84 544 46 94
85 452 51 182
87 402 66 132
88 223 62 199
89 264 54 151
90 435 43 170
91 202 64 186
94 119 41 142
95 436 59 92
95 202 48 172
96 176 55 160
99 240 64 164
99 208 57 91
101 450 41 163
102 280 61 178
106 469 40 159
106 221 61 121
111 407 43 133
111 350 44 102
112 477 59 94
113 461 70 145
116 324 49 183
116 505 56 190
117 332 67 169
117 265 69 194
119 502 44 159
120 398 69 178
120 324 69 105
121 318 56 199
123 425 62 184
125 156 40 175
125 285 55 95
126 288 66 121
127 192 53 189
134 471 63 152
134 489 67 108
136 138 49 156
137 548 70 138
138 303 44 160
139 331 47 114
141 520 56 198
142 191 70 122
147 172 57 137
149 299 60 154
151 313 42 100
152 424 45 177
158 259 45 116
159 276 44 101
161 182 45 180
163 320 56 118
165 446 65 98
168 410 66 99
171 516 65 185
178 527 68 91
179 228 53 127
179 345 61 191
181 214 57 191
181 437 49 147
185 229 48 122
185 404 41 157
187 519 58 180
192 314 57 163
197 271 67 140
199 490 65 92
199 410 44 141
200 520 56 153
200 414 62 164
202 378 44 124
203 560 43 189
210 296 70 162
213 454 67 133
215 447 57 127
221 401 66 191
228 438 49 103
228 368 49 112
232 360 68 144
232 406 60 156
233 280 56 116
235 355 52 110
235 376 70 178
236 485 49 159
240 394 52 119
245 451 55 163
246 439 47 108
254 549 60 152
258 427 43 159
260 560 56 151
261 532 47 188
263 389 63 187
263 451 48 187
272 287 51 145
273 347 66 185
277 359 40 190
278 491 65 106
282 359 51 110
282 550 65 94
283 500 65 151
283 328 62 98
284 426 57 160
286 288 61 119
287 430 64 98
289 462 54 129
290 469 41 172
295 429 64 177
296 357 68 170
296 376 60 150
309 345 61 186
310 395 55 135
315 546 43 188
315 372 64 148
321 543 54 107
322 444 42 143
323 503 53 165
326 549 53 109
335 465 56 130
340 353 64 129
346 418 47 132
348 456 55 102
351 491 66 180
355 371 59 108
356 469 42 187
364 515 45 199
374 532 41 199
374 469 69 164
379 466 69 122
380 439 54 112
382 457 48 185
386 399 48 142
386 475 65 157
389 526 44 175
391 534 40 198
394 454 49 145
398 529 55 91
406 441 60 119
406 492 66 158
407 419 49 98
408 461 54 195
411 418 68 164
414 417 41 93
426 550 44 158
435 468 67 91
437 480 63 197
441 475 57 180
447 460 54 98
447 558 42 193
453 504 59 106
455 495 50 98
457 511 41 144
462 502 66 124
483 488 48 188
487 508 44 119
493 501 54 137
496 504 49 136
500 554 66 113
512 538 56 143
512 528 54 149
528 537 63 172
537 540 65 155