979
0 2 2 150 84
1 16 2 50 85
2 2 16 50 52
3 8 64 200 99
4 8 64 150 58
5 16 2 100 53
6 2 4 150 91
7 8 16 100 89
8 8 64 150 73
9 16 2 200 69
10 8 2 50 100
11 16 64 100 50
12 2 4 100 86
13 2 2 150 58
14 16 64 50 73
15 2 4 100 56
16 8 2 200 78
17 8 4 150 84
18 16 16 50 77
19 2 16 150 76
20 16 4 200 86
21 16 2 100 81
22 8 64 200 50
23 16 64 100 85
24 16 64 100 98
25 8 64 150 90
26 8 64 50 97
27 16 64 50 94
28 2 16 200 100
29 8 2 50 92
30 2 64 150 97
31 16 16 50 68
32 16 16 100 77
33 2 2 150 51
34 16 2 150 68
35 8 2 150 98
36 8 2 50 62
37 16 4 200 97
38 16 2 150 68
39 8 2 200 93
40 8 64 100 63
41 8 2 50 66
42 8 4 100 95
43 8 2 100 87
44 2 2 100 87
45 2 4 150 99
46 2 2 100 52
47 2 4 100 99
48 2 64 100 53
49 8 64 200 92
50 16 4 50 89
51 16 16 50 57
52 8 4 150 64
53 2 2 50 84
54 16 4 100 64
55 2 64 50 73
56 2 2 50 72
57 2 64 100 64
58 8 4 200 55
59 8 4 200 52
60 8 4 100 53
61 16 16 100 100
62 8 64 200 99
63 16 16 150 64
64 16 64 100 90
65 8 2 50 52
66 16 4 100 100
67 16 2 150 69
68 2 2 50 95
69 2 4 100 60
70 16 4 200 54
71 16 2 100 53
72 2 16 100 92
73 16 4 200 100
74 8 2 50 62
75 2 4 50 99
76 16 64 150 97
77 16 2 50 53
78 2 16 100 78
79 16 16 50 71
80 16 64 150 89
81 8 4 50 52
82 8 16 200 73
83 8 2 50 90
84 2 2 200 92
85 16 64 50 88
86 16 4 100 57
87 2 16 200 64
88 8 16 100 91
89 2 64 200 77
90 2 64 150 83
91 16 4 200 79
92 16 2 50 61
93 8 4 150 67
94 2 16 100 87
95 8 16 200 93
96 16 2 150 94
97 2 16 100 76
98 2 2 150 68
99 16 4 150 58
100 2 16 50 57
101 8 16 150 75
102 8 64 50 74
103 16 16 100 88
104 8 4 200 56
105 2 4 200 81
106 8 16 150 56
107 16 4 100 99
108 8 64 100 59
109 16 4 50 81
110 16 2 150 59
111 16 16 200 50
112 8 2 200 72
113 16 64 100 86
114 8 16 150 92
115 16 64 200 54
116 8 64 50 94
117 2 64 100 81
118 16 16 200 53
119 16 16 50 79
120 2 64 50 86
121 16 4 150 61
122 8 64 200 77
123 16 16 150 59
124 2 4 150 54
125 16 16 50 80
126 2 64 150 53
127 16 2 150 81
128 16 2 100 54
129 2 16 150 74
130 16 2 200 89
131 2 4 150 58
132 2 64 100 76
133 2 64 100 84
134 8 4 50 89
135 8 2 200 80
136 2 4 50 64
137 2 4 150 66
138 8 16 200 77
139 2 4 150 60
140 8 2 200 75
141 8 64 200 79
142 8 16 100 82
143 8 16 200 90
144 16 64 50 73
145 8 16 150 92
146 2 64 200 100
147 16 64 200 69
148 16 16 150 69
149 16 4 100 71
150 16 64 50 63
151 16 64 150 59
152 8 64 100 61
153 2 16 200 72
154 16 64 50 72
155 8 4 100 53
156 2 2 150 100
157 8 2 50 66
158 8 16 150 89
159 16 16 100 95
160 8 2 150 85
161 8 2 200 74
162 16 2 150 92
163 16 64 200 85
164 8 16 100 50
165 8 4 50 61
166 8 4 200 72
167 16 64 50 88
168 8 2 150 97
169 16 16 150 51
170 2 4 150 60
171 8 16 150 71
172 2 4 200 76
173 2 2 100 68
174 16 16 150 88
175 2 4 50 92
176 8 64 150 70
177 16 16 150 59
178 8 4 200 94
179 16 64 50 76
180 2 16 150 94
181 16 4 50 57
182 2 4 200 85
183 16 4 200 91
184 2 2 200 84
185 16 64 50 78
186 16 2 50 82
187 16 64 100 92
188 8 16 200 85
189 16 64 50 56
190 8 16 200 77
191 16 2 150 77
192 8 2 200 97
193 16 16 100 67
194 8 16 100 85
195 2 2 100 98
196 8 64 200 74
197 2 16 50 62
198 2 2 200 95
199 16 4 100 62
200 8 2 100 51
201 8 16 150 87
202 16 4 100 62
203 2 16 150 71
204 8 64 100 54
205 16 16 200 98
206 16 16 150 52
207 8 16 50 84
208 16 16 150 58
209 8 4 100 93
210 2 64 50 77
211 8 4 150 70
212 2 16 100 77
213 8 16 100 56
214 16 64 50 77
215 8 16 200 57
216 8 64 50 63
217 2 2 100 70
218 2 64 100 78
219 2 16 150 88
220 2 64 50 95
221 8 16 200 58
222 2 4 200 71
223 16 4 150 98
224 8 16 150 82
225 8 64 50 72
226 16 64 150 59
227 2 2 50 95
228 8 4 50 50
229 2 64 150 96
230 8 16 50 79
231 2 4 100 91
232 16 2 150 67
233 16 64 50 54
234 8 2 100 88
235 8 2 200 85
236 16 64 100 85
237 2 4 100 80
238 16 4 100 97
239 8 16 50 69
240 2 2 200 79
241 8 16 50 62
242 2 2 200 71
243 8 64 200 97
244 2 4 100 78
245 2 16 50 88
246 2 2 50 91
247 8 64 150 74
248 2 64 200 57
249 8 2 100 85
250 8 16 100 70
251 16 4 200 100
252 8 4 200 97
253 2 4 100 62
254 8 4 100 98
255 16 16 200 75
256 8 16 100 73
257 2 4 200 69
258 2 64 50 79
259 8 16 150 78
260 2 4 200 93
261 8 2 100 53
262 16 4 50 76
263 2 64 150 67
264 8 64 50 97
265 16 16 150 52
266 16 2 150 88
267 8 64 100 84
268 8 2 50 69
269 8 4 200 93
270 16 4 200 83
271 2 16 150 92
272 16 64 200 73
273 8 2 200 89
274 2 16 150 79
275 2 4 150 70
276 2 16 50 58
277 2 64 200 75
278 16 16 200 89
279 8 64 150 82
280 8 64 50 65
281 16 16 150 58
282 16 2 100 88
283 16 64 50 66
284 2 16 200 95
285 16 4 50 63
286 8 16 200 86
287 16 2 200 64
288 8 64 50 96
289 2 64 150 68
290 16 64 100 66
291 16 16 50 67
292 16 64 150 58
293 16 4 200 66
294 8 64 50 60
295 8 16 150 90
296 8 2 150 52
297 16 16 200 68
298 16 64 200 97
299 8 64 100 88
300 16 4 100 100
301 16 64 100 86
302 16 64 100 96
303 8 16 200 80
304 2 2 150 94
305 16 16 100 78
306 2 64 100 68
307 2 16 50 85
308 16 16 100 54
309 2 16 200 70
310 16 2 100 75
311 8 16 200 91
312 2 2 100 87
313 16 64 200 72
314 16 2 150 74
315 8 4 100 87
316 2 16 150 95
317 16 4 150 54
318 2 2 200 52
319 8 2 200 55
320 16 4 150 58
321 2 16 50 97
322 2 4 200 81
323 8 2 150 72
324 16 64 200 79
325 2 2 200 93
326 2 4 100 80
327 16 2 200 97
328 2 16 50 76
329 2 16 100 58
330 2 64 50 99
331 16 16 200 58
332 2 16 50 62
333 8 2 150 68
334 2 4 150 82
335 16 4 150 75
336 16 4 200 70
337 16 64 150 57
338 16 64 50 68
339 16 64 100 99
340 8 16 200 91
341 8 64 100 83
342 2 64 50 57
343 16 16 200 56
344 16 2 50 56
345 2 16 100 69
346 16 4 100 61
347 8 16 200 71
348 2 4 150 83
349 16 16 50 67
350 8 4 100 69
351 2 4 100 80
352 8 64 150 57
353 16 4 50 90
354 16 2 200 87
355 2 64 200 92
356 16 4 200 84
357 2 4 100 75
358 2 4 200 98
359 2 4 50 64
360 16 16 150 57
361 16 2 200 84
362 16 2 200 51
363 16 16 100 95
364 16 2 150 62
365 8 4 100 99
366 8 16 100 79
367 16 64 150 95
368 8 64 150 75
369 8 64 150 74
370 16 16 200 53
371 8 64 50 99
372 2 2 200 86
373 2 16 150 70
374 2 64 100 54
375 8 16 100 86
376 8 64 100 74
377 16 64 200 93
378 2 2 150 83
379 16 16 150 92
380 8 2 200 67
381 16 64 100 56
382 16 4 150 72
383 8 4 150 61
384 2 16 200 80
385 16 4 100 94
386 2 16 100 67
387 8 4 150 57
388 8 2 200 99
389 2 64 100 53
390 8 4 150 96
391 8 4 150 78
392 16 64 150 64
393 16 64 150 77
394 16 64 50 93
395 2 64 200 71
396 2 4 200 74
397 8 4 100 85
398 8 16 150 72
399 16 4 50 85
400 16 4 50 95
401 8 4 100 86
402 8 2 200 88
403 8 16 50 91
404 16 64 50 99
405 16 64 50 54
406 2 2 200 51
407 2 4 200 96
408 2 2 200 67
409 2 64 150 69
410 8 2 150 96
411 2 4 100 84
412 16 64 100 50
413 2 2 50 55
414 16 4 200 82
415 8 16 150 90
416 16 4 100 90
417 8 64 150 100
418 2 2 50 79
419 2 64 100 78
420 8 2 100 79
421 8 4 50 77
422 2 64 50 56
423 2 16 200 56
424 8 16 200 88
425 8 64 100 71
426 8 2 150 80
427 8 2 200 55
428 16 16 150 100
429 2 4 100 93
430 8 4 100 67
431 8 4 150 77
432 8 4 150 68
433 2 2 100 68
434 8 64 200 67
435 16 64 100 76
436 16 2 150 92
437 2 2 150 85
438 8 64 150 94
439 16 16 150 91
440 16 4 100 85
441 16 2 150 84
442 2 2 150 83
443 16 64 150 64
444 2 4 150 84
445 16 4 50 98
446 16 64 50 77
447 8 64 100 76
448 2 64 50 78
449 16 4 150 84
450 16 4 150 83
451 2 64 200 90
452 2 16 50 73
453 8 4 100 62
454 16 16 50 57
455 2 4 150 94
456 16 4 50 54
457 2 4 100 61
458 8 64 100 73
459 2 16 100 70
460 8 64 50 69
461 8 2 100 63
462 16 2 200 56
463 16 16 150 85
464 8 16 150 63
465 2 16 150 74
466 16 16 150 96
467 2 4 200 70
468 2 64 200 53
469 16 2 150 99
470 16 2 150 98
471 2 16 150 60
472 2 16 150 83
473 16 64 50 88
474 8 2 50 77
475 2 2 200 76
476 16 4 100 50
477 8 16 200 58
478 2 16 150 81
479 16 2 50 59
480 2 4 100 68
481 16 64 50 53
482 2 16 200 56
483 8 64 150 50
484 2 16 200 82
485 16 16 150 69
486 2 2 200 73
487 2 2 100 81
488 16 2 100 88
489 2 2 50 56
490 2 2 200 88
491 16 64 50 56
492 16 64 100 89
493 8 4 50 85
494 2 2 50 99
495 2 64 100 55
496 16 4 150 64
497 2 64 200 67
498 16 2 150 88
499 2 16 100 53
500 8 4 50 90
501 16 4 50 85
502 16 2 100 98
503 8 4 100 64
504 8 64 200 65
505 16 4 200 89
506 8 2 200 90
507 16 2 50 62
508 16 2 150 60
509 8 2 200 74
510 8 64 50 66
511 8 2 100 84
512 8 16 100 87
513 8 4 50 59
514 2 2 150 95
515 2 4 200 88
516 16 2 200 83
517 2 16 50 64
518 16 4 100 92
519 16 16 50 51
520 8 2 150 72
521 8 2 100 95
522 16 64 200 75
523 16 64 100 66
524 8 16 50 82
525 16 4 150 78
526 2 64 200 80
527 8 2 200 67
528 2 4 100 53
529 16 16 200 96
530 2 16 100 99
531 8 64 100 57
532 8 2 50 55
533 8 2 150 80
534 16 16 150 58
535 2 4 50 73
536 16 2 100 61
537 2 16 200 59
538 8 64 200 50
539 8 64 150 97
540 16 16 200 51
541 8 4 100 68
542 16 4 150 65
543 16 4 150 59
544 8 16 150 66
545 2 16 150 97
546 2 64 50 69
547 16 2 150 86
548 2 64 50 64
549 2 64 200 67
550 8 4 50 100
551 16 16 100 50
552 8 4 150 67
553 8 16 100 60
554 8 16 100 60
555 16 16 50 97
556 2 64 200 73
557 2 16 150 87
558 8 64 50 82
559 8 2 100 100
560 16 2 50 91
561 2 2 200 80
562 2 4 50 85
563 8 16 100 86
564 2 16 200 96
565 2 16 50 77
566 8 2 150 57
567 8 64 200 74
568 2 64 50 65
569 8 16 200 83
570 2 4 200 92
571 8 2 100 58
572 8 64 150 94
573 16 16 150 69
574 16 16 150 79
575 8 4 50 91
576 2 64 100 72
577 8 16 150 95
578 2 16 50 61
579 16 4 50 56
580 2 4 100 91
581 16 16 200 77
582 2 16 200 78
583 8 64 150 60
584 16 16 200 77
585 2 4 200 69
586 8 16 150 90
587 16 64 150 90
588 8 16 150 77
589 16 16 200 81
590 8 2 100 65
591 16 64 150 97
592 8 16 100 88
593 2 16 150 91
594 2 4 200 96
595 16 2 150 60
596 8 16 150 86
597 16 4 150 52
598 16 64 50 60
599 8 16 150 59
600 2 64 150 67
601 16 2 100 58
602 2 16 150 63
603 8 16 50 58
604 16 2 200 98
605 8 4 50 60
606 2 2 50 66
607 2 2 100 54
608 8 4 50 72
609 2 4 100 83
610 2 4 200 59
611 2 16 50 96
612 2 4 100 78
613 2 2 50 53
614 16 4 200 54
615 16 2 150 95
616 2 64 100 95
617 8 16 200 54
618 16 2 100 87
619 8 16 100 52
620 8 16 150 70
621 16 64 50 90
622 2 2 100 62
623 16 4 100 50
624 16 16 100 90
625 16 16 200 59
626 8 4 100 96
627 2 4 150 85
628 8 16 50 61
629 8 4 200 71
630 8 16 50 100
631 2 2 50 82
632 2 16 100 80
633 2 64 200 86
634 8 4 100 88
635 2 64 100 66
636 8 64 50 71
637 8 64 50 50
638 8 2 100 96
639 16 16 150 71
640 8 64 50 58
641 16 2 100 100
642 2 16 100 76
643 8 2 50 50
644 16 2 50 96
645 8 4 50 50
646 16 4 150 52
647 16 2 50 100
648 2 2 100 76
649 2 2 150 79
650 8 4 200 64
651 16 4 150 60
652 8 16 200 88
653 16 64 200 51
654 16 4 150 85
655 2 4 150 72
656 8 4 50 99
657 16 16 200 92
658 2 16 50 63
659 2 64 200 60
660 8 2 200 84
661 16 64 100 78
662 8 64 50 85
663 2 64 150 52
664 8 16 50 86
665 8 16 100 55
666 8 64 100 89
667 8 4 150 77
668 8 16 200 73
669 8 64 100 67
670 16 64 200 59
671 2 16 200 84
672 16 4 100 59
673 2 4 50 79
674 8 16 50 64
675 8 2 50 88
676 8 2 100 60
677 2 64 150 81
678 8 16 100 56
679 8 2 200 56
680 8 2 50 85
681 8 64 200 90
682 16 64 150 75
683 8 64 150 97
684 8 16 200 96
685 8 2 200 89
686 8 2 150 58
687 2 2 50 54
688 2 16 150 94
689 8 64 150 59
690 8 64 100 72
691 2 64 50 60
692 16 2 150 80
693 16 4 200 100
694 16 2 150 59
695 8 64 150 50
696 8 4 200 66
697 2 64 100 92
698 2 64 50 93
699 16 4 200 75
700 2 2 100 52
701 2 4 100 58
702 2 16 200 80
703 8 4 150 50
704 2 4 100 61
705 8 64 100 57
706 8 4 200 62
707 8 16 150 87
708 2 2 50 56
709 2 64 200 99
710 8 4 150 65
711 8 2 50 97
712 16 4 50 63
713 16 16 100 78
714 8 4 100 75
715 8 64 150 53
716 8 64 100 69
717 2 16 50 86
718 2 16 50 84
719 16 16 50 83
720 16 4 50 100
721 8 64 150 64
722 16 4 150 69
723 2 64 50 100
724 2 4 200 78
725 16 64 150 80
726 16 4 150 89
727 16 4 50 62
728 16 16 50 92
729 8 2 50 63
730 2 16 100 88
731 16 4 50 51
732 8 2 50 63
733 2 64 200 82
734 8 64 100 95
735 8 2 100 73
736 2 16 150 53
737 2 4 200 56
738 8 2 150 77
739 16 16 150 76
740 16 4 150 80
741 8 64 150 53
742 16 4 50 67
743 8 64 50 80
744 2 16 100 66
745 2 4 50 99
746 8 2 150 95
747 16 2 50 86
748 2 64 100 81
749 2 64 150 64
750 2 16 200 78
751 2 2 150 78
752 16 64 200 75
753 16 16 50 59
754 8 64 150 96
755 8 4 100 84
756 16 4 100 73
757 8 2 50 93
758 16 16 200 90
759 8 2 150 56
760 16 64 200 82
761 16 64 200 96
762 8 2 200 54
763 2 16 150 99
764 8 4 150 51
765 8 16 50 86
766 8 2 50 75
767 8 64 50 51
768 2 2 50 93
769 8 4 150 100
770 2 4 50 88
771 8 64 50 87
772 8 64 150 93
773 2 16 50 51
774 2 64 50 50
775 8 16 200 50
776 16 16 150 70
777 16 64 100 66
778 2 16 200 97
779 16 4 50 84
780 8 4 150 95
781 8 16 50 98
782 2 16 150 81
783 2 16 100 78
784 16 4 200 87
785 8 16 50 89
786 16 2 150 93
787 2 16 50 61
788 8 4 100 68
789 8 4 150 91
790 8 2 150 84
791 8 16 200 57
792 2 4 200 69
793 8 4 50 53
794 8 4 50 56
795 8 2 200 72
796 16 2 50 87
797 16 16 150 75
798 2 16 150 57
799 16 4 100 62
800 8 64 50 67
801 2 4 150 71
802 8 16 100 68
803 8 4 200 98
804 8 2 100 63
805 2 64 50 65
806 2 2 150 86
807 8 64 200 50
808 16 4 200 72
809 16 16 100 75
810 16 64 50 74
811 2 4 200 94
812 16 64 200 91
813 8 64 150 57
814 16 16 200 60
815 16 64 150 82
816 16 64 100 56
817 16 16 150 54
818 16 16 150 71
819 16 64 100 80
820 16 4 150 95
821 2 4 50 57
822 8 64 100 97
823 2 64 50 58
824 8 16 200 67
825 8 64 150 80
826 8 64 50 78
827 2 16 100 80
828 2 16 200 93
829 16 16 100 53
830 16 2 100 71
831 2 16 100 70
832 2 64 50 79
833 8 64 100 74
834 16 4 200 51
835 8 2 200 65
836 8 64 150 94
837 16 64 100 99
838 2 4 150 75
839 8 64 150 50
840 2 4 200 56
841 8 16 50 59
842 8 2 200 74
843 2 64 100 60
844 2 16 100 62
845 8 4 200 74
846 8 64 100 71
847 16 4 200 71
848 2 64 100 58
849 8 4 50 50
850 2 4 50 70
851 16 16 100 52
852 16 4 150 62
853 8 4 50 86
854 16 16 200 73
855 16 4 150 58
856 16 4 200 93
857 8 2 100 52
858 2 16 100 59
859 2 16 200 68
860 16 16 200 58
861 2 4 200 58
862 8 64 100 84
863 8 64 100 89
864 2 4 100 57
865 16 4 50 95
866 16 16 50 87
867 2 16 150 66
868 2 64 100 90
869 8 16 150 86
870 16 2 200 100
871 8 16 200 87
872 16 64 100 71
873 16 2 200 89
874 2 16 50 68
875 8 4 200 87
876 16 16 200 95
877 16 4 200 82
878 8 64 200 79
879 8 64 200 58
880 16 16 50 73
881 2 16 100 82
882 2 16 150 89
883 2 4 150 59
884 8 4 150 69
885 8 2 200 50
886 8 4 100 53
887 16 16 100 84
888 2 16 100 77
889 16 4 50 64
890 8 16 50 79
891 2 16 150 74
892 8 16 200 68
893 16 64 150 63
894 8 64 200 52
895 8 16 100 94
896 8 16 100 53
897 16 4 150 93
898 2 2 150 65
899 2 64 200 97
900 8 2 150 75
901 2 4 100 80
902 8 16 50 60
903 2 4 200 100
904 2 4 100 92
905 8 4 50 71
906 2 64 150 90
907 2 4 50 59
908 2 2 150 98
909 16 4 150 89
910 2 4 50 68
911 2 4 200 66
912 2 4 150 73
913 2 64 150 94
914 8 4 200 74
915 16 16 200 92
916 2 16 100 90
917 8 64 200 72
918 8 64 100 67
919 8 64 150 95
920 8 16 50 66
921 2 2 50 66
922 16 64 50 83
923 8 16 150 64
924 2 64 200 68
925 8 64 100 71
926 8 2 150 76
927 8 64 200 73
928 2 64 200 77
929 16 4 150 74
930 16 64 100 72
931 2 4 100 80
932 2 16 50 88
933 16 64 150 90
934 8 2 150 62
935 8 2 200 83
936 8 2 50 80
937 16 64 50 86
938 8 16 200 51
939 8 64 50 99
940 16 4 50 57
941 2 64 150 74
942 2 16 50 94
943 16 4 150 94
944 2 4 100 66
945 2 2 200 55
946 16 64 150 97
947 2 64 200 56
948 16 64 200 75
949 16 64 150 96
950 16 4 100 84
951 2 16 50 55
952 8 4 100 71
953 8 2 200 65
954 16 2 50 75
955 16 64 50 57
956 16 16 50 75
957 8 16 50 88
958 16 4 100 95
959 2 4 50 52
960 8 64 150 62
961 2 4 50 65
962 8 64 100 92
963 8 64 200 99
964 16 2 150 71
965 2 16 50 76
966 8 64 150 66
967 8 64 50 66
968 2 4 200 64
969 2 4 200 68
970 8 4 50 57
971 8 2 150 97
972 8 64 50 59
973 16 4 200 53
974 2 4 50 72
975 2 4 100 67
976 16 64 200 94
977 2 2 100 63
978 2 16 150 84
460
0 236 68 172
0 900 66 127
2 834 67 190
2 687 63 115
2 404 58 176
2 626 56 191
3 371 44 126
3 511 53 106
4 167 53 193
5 36 53 126
5 226 54 161
6 375 51 120
7 261 55 108
8 22 49 150
8 818 63 157
8 506 42 97
12 109 58 155
13 475 66 126
14 185 62 136
15 572 40 139
16 293 56 178
17 127 45 113
17 502 62 115
18 335 62 171
19 60 48 118
21 394 56 150
21 88 52 106
22 25 60 127
24 727 59 194
24 880 57 179
26 310 67 114
26 310 54 171
26 339 57 112
26 842 59 155
27 344 64 174
27 648 41 182
28 870 52 194
30 138 56 193
31 508 57 119
31 766 53 160
35 884 46 93
35 714 62 104
36 237 57 194
39 496 49 107
40 941 40 143
40 558 62 126
41 584 68 126
42 778 64 156
42 109 45 161
43 378 51 90
45 190 57 140
47 443 66 141
48 126 44 153
52 961 55 118
53 302 49 90
61 335 44 186
63 437 66 158
64 539 64 189
66 271 48 162
67 975 65 181
67 90 57 103
69 500 57 199
71 100 42 145
74 287 59 176
75 482 53 113
76 166 70 183
76 165 67 150
76 310 60 177
79 625 40 102
79 692 49 115
81 349 52 105
82 747 67 120
84 793 52 125
86 604 52 99
88 331 43 98
91 319 63 168
92 454 67 194
93 418 54 174
94 438 57 180
96 157 63 136
98 769 45 193
98 453 64 170
98 720 42 163
100 502 48 172
101 694 55 186
103 495 52 92
103 552 55 197
104 646 70 133
105 118 44 131
106 577 65 147
106 264 55 185
107 590 50 168
108 553 50 106
111 743 53 108
115 653 61 154
116 686 47 136
116 631 50 109
116 664 43 113
117 735 64 113
117 467 45 160
121 487 46 103
122 597 56 112
124 631 66 186
124 750 44 160
124 930 58 149
125 446 48 145
125 510 43 143
126 878 66 112
127 616 43 151
127 709 68 173
127 422 60 104
128 817 67 98
128 205 70 146
129 907 45 159
129 635 55 144
131 263 59 174
135 510 52 157
136 327 45 113
137 409 68 186
137 375 58 184
139 589 70 194
141 206 49 190
143 608 52 91
145 558 43 121
148 965 44 194
149 894 40 142
149 671 45 163
149 382 69 196
151 826 49 105
152 939 69 177
154 685 48 91
155 597 45 146
156 403 55 107
158 284 58 117
158 431 48 197
162 420 69 191
166 817 46 177
169 522 69 135
169 383 46 116
172 470 64 139
172 334 49 93
172 545 61 129
174 812 46 157
177 627 43 97
177 965 68 175
177 909 63 185
178 618 58 118
179 660 41 137
180 341 63 148
183 956 54 139
186 705 44 92
187 260 68 127
189 366 44 154
190 488 51 149
190 284 69 183
192 925 51 138
192 427 58 100
193 665 41 129
193 238 62 190
195 902 42 144
199 434 67 144
201 437 50 136
202 614 46 105
202 711 60 160
202 396 43 175
203 236 54 120
209 428 40 109
209 761 61 99
212 940 67 134
215 862 61 116
216 666 44 162
219 534 53 176
222 732 59 150
222 868 41 168
223 880 41 160
226 559 57 183
227 472 68 183
227 353 62 144
228 312 52 108
228 536 44 113
237 932 69 105
237 637 67 118
237 659 65 118
237 339 51 179
242 342 64 102
243 354 46 182
244 838 57 171
246 356 41 166
248 356 63 111
249 377 51 159
250 793 51 103
251 299 65 124
252 476 42 127
254 322 44 141
255 906 67 181
255 477 44 195
256 943 56 199
257 822 52 197
258 368 62 94
258 711 40 102
259 410 59 173
259 501 60 133
260 743 55 191
263 283 46 142
265 546 56 172
269 340 60 135
269 433 69 149
271 499 63 185
271 795 40 157
272 296 69 133
273 940 65 140
274 765 59 92
274 632 54 99
278 729 52 188
278 558 59 124
281 897 44 193
282 777 47 102
282 560 69 190
282 440 61 149
282 600 54 100
286 756 67 93
288 928 69 180
289 489 64 94
293 821 58 107
294 527 51 129
297 810 51 199
298 698 43 127
301 583 64 125
303 952 59 124
305 772 45 140
305 789 60 126
307 791 65 135
309 920 50 193
317 795 43 152
317 768 43 145
319 899 51 134
320 437 59 104
321 576 69 199
322 718 64 159
324 734 46 97
326 389 52 123
326 680 51 117
334 465 69 99
334 725 45 165
340 623 51 144
343 585 41 166
343 498 58 151
346 782 68 105
346 705 59 180
349 605 61 111
352 583 47 188
353 480 62 142
354 727 59 112
355 773 42 193
358 522 53 161
359 907 56 196
359 717 46 99
360 540 51 99
362 734 44 105
362 500 46 92
363 874 67 141
363 678 64 90
370 851 54 126
370 491 66 160
372 489 70 142
373 923 53 95
373 944 68 190
376 446 65 129
378 652 61 165
379 461 63 94
380 761 60 152
382 876 52 115
382 583 65 125
382 451 58 113
386 945 66 139
391 624 43 171
393 962 46 101
393 448 62 100
394 955 61 110
395 813 68 160
395 542 59 125
398 757 43 153
399 835 57 99
399 694 70 153
400 672 56 115
400 795 67 167
401 856 54 131
404 788 47 132
407 631 49 180
407 760 53 161
407 945 48 99
408 548 57 170
409 640 51 127
410 569 69 148
410 811 46 150
410 698 66 188
413 539 65 194
415 512 58 170
415 746 62 184
418 944 47 195
419 711 49 163
420 742 69 142
421 611 68 91
424 677 69 96
425 849 66 102
425 782 44 163
426 642 43 194
426 444 46 150
427 488 65 151
429 430 46 91
435 864 60 184
438 810 65 119
440 907 51 135
441 846 64 118
441 653 59 200
447 452 48 200
447 725 64 140
449 567 64 193
451 605 53 129
451 668 55 199
452 466 68 115
453 622 54 185
454 768 64 101
455 866 69 180
459 626 51 137
460 701 54 124
461 821 60 122
461 755 52 127
465 574 50 132
468 738 67 164
468 945 54 145
470 657 55 118
472 692 52 163
473 556 42 131
477 629 61 115
482 889 64 180
486 551 63 140
486 829 62 192
492 923 50 98
492 590 51 123
495 912 70 138
497 568 59 114
500 885 49 132
503 578 67 130
503 531 62 92
507 520 62 92
509 966 63 181
516 830 45 174
523 923 62 141
525 782 42 198
525 915 65 155
526 620 50 182
527 757 63 114
527 951 49 120
534 971 48 180
535 591 55 114
544 814 49 144
544 702 70 170
545 956 64 189
550 932 66 137
552 750 52 194
554 889 68 163
558 921 70 161
562 808 60 120
563 574 64 182
565 819 57 137
570 764 61 175
571 689 47 154
573 593 41 167
580 819 54 130
581 780 45 169
582 634 59 119
584 620 59 146
585 974 53 123
588 949 62 121
590 629 56 157
591 954 66 184
593 891 65 149
594 809 47 115
600 917 49 120
602 722 48 156
603 771 69 112
605 952 58 136
606 649 54 179
609 846 55 195
621 901 64 186
622 735 46 95
625 867 63 158
627 644 70 127
633 805 45 188
637 848 56 113
638 899 65 177
639 948 68 153
639 673 55 200
639 714 40 94
641 832 60 105
643 819 46 160
643 895 44 160
648 845 55 171
653 881 49 191
656 914 64 138
664 725 46 168
666 836 67 95
667 948 40 102
669 720 66 139
670 773 69 130
680 749 45 164
682 899 51 179
683 781 43 190
688 955 53 197
695 766 47 136
703 812 47 161
711 742 68 122
715 938 63 129
715 940 42 125
726 971 40 113
734 776 48 137
735 749 42 141
736 851 45 94
738 745 64 123
748 927 49 104
751 933 67 145
751 826 58 178
756 770 61 139
756 855 61 135
760 971 45 185
763 783 60 122
768 802 46 152
768 842 68 110
770 772 50 108
771 943 67 145
785 863 69 159
788 881 68 101
794 855 57 91
796 852 62 156
804 903 53 90
809 860 56 162
814 925 54 123
818 848 62 106
820 934 51 188
824 839 44 100
827 892 43 180
828 831 46 100
836 970 62 143
842 943 49 103
844 943 52 180
854 935 40 93
854 885 67 133
856 946 44 196
865 931 68 158
870 915 42 178
871 924 57 165
878 967 64 173
884 960 54 97
890 904 54 176
892 941 47 185
916 933 59 197
925 937 61 92
935 972 68 142
942 965 40 122