351
0 8 16 1000 124
1 8 128 1000 126
2 8 16 500 111
3 16 128 200 143
4 16 16 500 123
5 8 128 500 132
6 8 128 300 137
7 2 128 500 141
8 16 16 1000 108
9 8 16 1000 100
10 8 128 300 107
11 2 128 200 114
12 16 16 100 127
13 2 128 500 91
14 2 128 300 134
15 8 16 100 116
16 16 16 1000 102
17 8 64 1000 106
18 16 16 300 134
19 16 128 1000 113
20 8 128 100 115
21 16 128 200 136
22 2 64 200 145
23 16 64 300 140
24 8 64 500 143
25 2 16 500 104
26 2 64 500 148
27 2 64 200 105
28 8 16 500 144
29 2 16 100 141
30 2 64 200 112
31 2 128 300 142
32 8 16 100 90
33 2 128 100 110
34 8 128 500 92
35 2 64 300 113
36 8 16 100 112
37 8 64 300 150
38 2 16 300 110
39 16 128 100 95
40 2 64 100 131
41 16 64 100 117
42 2 128 300 133
43 2 16 100 127
44 2 16 500 107
45 16 64 500 92
46 16 128 100 123
47 16 16 500 100
48 2 64 300 122
49 8 128 200 107
50 2 64 200 117
51 2 64 200 117
52 16 16 1000 149
53 16 128 300 112
54 8 64 100 133
55 8 16 100 122
56 2 128 300 112
57 2 128 500 144
58 16 64 200 133
59 2 16 100 105
60 16 16 500 98
61 16 16 200 134
62 16 64 500 136
63 2 64 500 150
64 8 64 200 133
65 8 128 500 104
66 2 128 200 125
67 8 64 200 129
68 8 64 500 100
69 8 64 100 117
70 8 64 1000 102
71 2 16 100 117
72 8 16 500 150
73 8 64 200 111
74 2 16 200 122
75 16 16 300 146
76 2 128 1000 95
77 2 128 200 98
78 2 64 500 104
79 8 128 300 119
80 8 128 200 139
81 8 128 200 126
82 2 64 200 90
83 16 64 100 115
84 16 128 200 133
85 8 128 500 96
86 2 16 300 143
87 8 128 300 106
88 8 16 300 106
89 2 16 1000 94
90 2 64 1000 127
91 16 16 200 136
92 2 16 1000 130
93 2 64 300 125
94 16 128 200 90
95 2 128 200 140
96 8 128 300 116
97 16 128 1000 95
98 16 16 300 147
99 8 16 500 129
100 2 16 500 132
101 2 16 300 95
102 2 16 300 120
103 8 64 200 135
104 2 16 300 100
105 16 128 1000 114
106 16 16 500 115
107 16 128 500 109
108 16 16 200 130
109 16 16 500 128
110 16 16 300 143
111 8 64 1000 97
112 2 16 100 98
113 2 128 100 131
114 2 128 100 150
115 2 16 300 100
116 2 16 1000 93
117 16 128 300 134
118 2 64 300 112
119 2 16 300 113
120 2 128 300 130
121 16 128 100 114
122 8 16 100 112
123 16 16 200 133
124 2 128 200 143
125 16 64 100 105
126 2 64 500 144
127 16 128 100 106
128 2 64 1000 115
129 8 128 200 122
130 8 128 100 122
131 16 16 500 130
132 2 64 1000 118
133 8 64 500 98
134 8 64 300 116
135 16 64 1000 136
136 8 16 300 101
137 8 64 500 110
138 8 16 100 126
139 2 16 1000 143
140 16 128 1000 98
141 2 128 200 125
142 16 128 100 140
143 8 64 200 131
144 2 128 200 91
145 8 64 100 121
146 8 16 300 110
147 8 128 300 105
148 2 64 200 111
149 16 16 1000 139
150 2 16 100 100
151 16 16 300 125
152 16 16 100 90
153 16 64 100 102
154 8 16 200 145
155 8 128 500 119
156 2 128 500 131
157 16 16 300 127
158 8 128 100 92
159 2 64 100 133
160 16 64 1000 116
161 16 128 500 142
162 2 16 100 117
163 8 128 100 91
164 2 128 300 135
165 2 64 300 116
166 2 16 100 104
167 2 64 500 90
168 8 64 1000 121
169 2 128 200 91
170 8 64 100 92
171 2 64 100 123
172 8 16 1000 131
173 2 128 1000 91
174 8 128 1000 148
175 8 16 1000 112
176 16 64 1000 110
177 8 64 100 113
178 2 128 200 92
179 16 64 500 116
180 8 128 300 104
181 16 16 100 148
182 2 128 200 134
183 8 128 500 109
184 8 64 500 93
185 16 16 100 136
186 16 128 1000 92
187 8 16 1000 110
188 8 128 200 118
189 2 16 300 122
190 16 64 300 114
191 8 64 300 141
192 2 16 200 110
193 16 64 300 121
194 2 16 100 129
195 8 64 200 150
196 16 16 100 124
197 8 64 500 110
198 16 128 300 134
199 16 16 100 103
200 16 128 100 96
201 16 128 100 100
202 8 64 500 138
203 8 16 500 137
204 16 64 200 96
205 2 64 500 140
206 8 64 500 109
207 2 64 300 90
208 2 16 300 115
209 8 16 500 129
210 8 128 500 108
211 16 16 200 131
212 2 16 1000 129
213 8 128 200 107
214 16 128 200 111
215 16 16 200 149
216 8 16 300 102
217 16 16 100 106
218 2 64 1000 124
219 2 128 100 140
220 2 64 300 150
221 2 64 1000 142
222 2 128 200 110
223 8 64 300 96
224 2 16 300 105
225 8 128 100 108
226 16 16 100 119
227 16 128 200 121
228 8 64 300 112
229 8 16 100 118
230 16 16 200 139
231 2 64 200 128
232 8 16 300 98
233 2 64 1000 134
234 2 64 300 125
235 16 16 300 121
236 2 16 200 140
237 2 128 200 143
238 2 64 500 139
239 2 64 200 138
240 16 128 500 142
241 16 128 200 150
242 2 64 100 139
243 8 16 200 127
244 8 64 300 142
245 2 64 1000 146
246 2 16 500 92
247 8 64 1000 117
248 16 64 1000 120
249 8 16 1000 106
250 2 64 200 130
251 8 128 1000 127
252 8 64 500 94
253 2 16 100 123
254 8 128 300 113
255 8 64 500 91
256 16 16 500 142
257 8 64 500 108
258 16 16 100 98
259 16 128 200 121
260 16 16 500 136
261 8 16 1000 134
262 16 128 100 137
263 2 16 100 110
264 2 64 1000 141
265 16 64 100 104
266 16 64 100 124
267 2 128 1000 105
268 8 128 300 116
269 16 16 100 143
270 2 16 300 90
271 8 16 500 149
272 8 64 300 148
273 8 16 200 132
274 8 16 100 97
275 2 16 1000 135
276 8 128 300 147
277 16 128 100 120
278 2 128 200 127
279 2 16 100 109
280 16 16 500 116
281 16 128 500 95
282 16 128 200 113
283 16 128 100 126
284 8 16 200 92
285 16 128 300 132
286 2 64 300 114
287 2 128 1000 108
288 16 64 100 130
289 2 64 200 108
290 2 128 1000 106
291 2 64 200 99
292 8 16 1000 105
293 16 16 1000 146
294 2 64 500 130
295 2 128 300 108
296 16 64 200 134
297 8 128 100 111
298 16 16 200 90
299 2 16 1000 123
300 8 64 500 95
301 8 64 500 101
302 8 64 1000 121
303 2 64 200 113
304 16 16 100 125
305 8 64 500 116
306 2 64 200 140
307 8 128 100 111
308 8 128 1000 116
309 16 128 300 101
310 8 128 1000 141
311 2 16 100 124
312 16 64 200 102
313 2 128 500 95
314 2 64 500 143
315 2 16 500 146
316 8 16 100 107
317 2 128 200 123
318 8 128 1000 93
319 8 64 1000 130
320 16 128 200 143
321 16 64 100 107
322 2 16 1000 123
323 8 64 200 119
324 16 128 1000 145
325 2 16 1000 124
326 8 64 200 124
327 2 16 500 99
328 2 64 300 96
329 8 128 200 104
330 8 16 200 141
331 16 128 200 109
332 16 16 1000 127
333 16 128 500 142
334 16 16 1000 100
335 2 64 200 94
336 16 128 500 135
337 8 64 500 104
338 2 128 1000 126
339 2 128 500 122
340 16 16 200 116
341 8 16 100 128
342 2 128 1000 104
343 2 16 1000 145
344 2 64 1000 106
345 8 128 1000 98
346 2 64 300 124
347 2 128 300 132
348 8 128 300 101
349 2 16 1000 123
350 16 128 200 110
153
1 153 66 133
3 86 62 127
5 235 53 98
6 15 59 189
6 317 42 154
6 17 55 179
8 23 49 113
10 74 68 111
11 33 56 112
20 122 48 185
23 348 54 153
24 143 43 120
24 28 53 116
26 262 44 182
28 130 61 167
29 247 46 191
29 97 47 111
32 248 61 199
34 274 57 115
35 88 46 165
36 45 64 156
36 318 46 127
37 285 46 168
39 302 60 131
42 96 45 114
43 285 49 113
46 299 55 134
47 200 42 92
48 290 50 186
49 218 54 179
50 194 68 139
50 135 60 186
50 186 70 100
54 193 68 160
54 114 54 117
55 340 50 105
56 198 41 198
60 95 61 116
61 228 41 103
63 227 57 138
63 301 55 118
64 348 60 147
65 236 64 109
66 297 54 111
66 121 57 180
68 351 52 106
69 214 48 187
69 323 55 116
70 239 49 184
71 253 49 182
73 261 48 176
73 226 50 177
75 195 51 175
76 185 50 166
76 286 55 105
78 340 49 98
78 156 44 135
81 268 51 154
82 333 59 174
83 182 65 148
83 204 57 191
88 213 70 108
90 190 62 125
90 218 66 171
93 118 41 169
93 250 64 101
94 114 52 133
95 215 50 121
97 192 54 173
98 279 68 113
100 127 51 182
101 105 65 186
102 318 55 144
106 242 46 146
107 292 43 178
110 214 70 142
111 229 42 132
114 243 70 195
115 269 44 137
119 254 58 135
123 331 41 198
123 142 59 105
124 329 57 105
127 174 58 200
127 136 49 175
129 136 66 179
131 286 56 136
132 164 46 179
132 165 49 151
133 135 51 93
134 205 52 184
134 194 50 158
135 185 52 182
139 275 52 170
140 262 58 105
141 290 66 148
144 261 52 197
149 209 59 137
151 275 41 160
152 247 46 106
156 204 44 125
157 178 48 93
157 267 58 165
162 338 44 112
163 292 42 94
164 185 51 118
167 197 68 139
171 188 70 145
175 278 44 165
175 178 55 173
177 256 68 193
180 207 51 158
193 271 63 140
195 226 62 93
195 232 69 171
196 281 67 179
196 320 46 196
197 324 65 115
203 293 68 109
204 225 48 96
208 252 42 145
215 306 57 157
216 243 65 130
218 230 46 97
224 344 66 192
228 280 54 128
230 308 56 154
231 254 68 105
232 348 53 100
235 264 63 90
237 253 59 191
237 321 41 181
245 316 70 97
247 306 58 181
248 271 67 108
249 292 49 147
256 279 57 122
257 290 57 139
260 274 49 188
260 298 65 118
261 270 69 117
263 298 70 126
265 271 46 117
266 320 43 112
272 318 41 178
277 308 70 100
278 330 62 181
282 284 56 108
282 300 65 132
295 338 65 168
298 342 51 118
316 328 59 95
323 326 69 110