86
0 32 64 1000 124
1 16 16 500 176
2 128 128 5000 140
3 32 16 2400 113
4 16 64 1000 151
5 16 16 800 150
6 16 16 1000 162
7 64 256 2400 199
8 32 16 2400 95
9 64 256 5000 199
10 128 256 800 134
11 32 16 500 186
12 16 256 500 110
13 16 256 5000 154
14 128 64 500 100
15 16 128 800 92
16 32 256 1000 141
17 64 64 800 178
18 128 16 500 114
19 16 64 5000 164
20 16 256 5000 185
21 128 64 1000 123
22 16 64 500 100
23 64 128 800 175
24 16 256 1000 168
25 16 128 800 121
26 64 64 1000 153
27 128 16 1000 101
28 16 128 500 116
29 16 64 1000 186
30 64 16 800 172
31 32 64 800 149
32 64 16 2400 155
33 16 256 2400 107
34 16 128 2400 168
35 32 256 1000 192
36 32 128 500 195
37 128 128 800 97
38 64 128 500 111
39 32 16 2400 171
40 64 128 2400 197
41 128 16 5000 178
42 64 64 1000 169
43 128 16 2400 94
44 32 16 5000 159
45 64 64 800 161
46 16 16 5000 93
47 64 128 500 105
48 128 64 2400 100
49 128 16 500 114
50 128 256 800 160
51 64 64 800 157
52 64 128 500 173
53 32 64 800 159
54 64 256 800 155
55 32 16 5000 199
56 128 128 500 120
57 64 128 500 157
58 32 16 500 160
59 128 256 1000 129
60 64 128 5000 93
61 32 64 2400 176
62 64 64 1000 195
63 128 256 800 96
64 32 16 500 98
65 32 16 800 186
66 32 256 5000 139
67 16 128 800 199
68 128 256 1000 132
69 128 128 500 117
70 64 128 500 95
71 64 128 800 141
72 64 64 1000 93
73 32 128 2400 118
74 32 16 5000 184
75 128 128 2400 116
76 16 16 500 196
77 64 16 1000 94
78 32 16 500 180
79 16 64 500 192
80 32 256 800 137
81 16 128 1000 111
82 64 256 1000 123
83 64 256 800 200
84 16 64 2400 97
85 32 128 800 140
39
0 45 45 140
3 10 68 114
4 42 67 98
4 63 48 107
5 34 62 194
5 36 70 151
6 80 61 189
7 50 45 167
7 48 51 96
7 69 50 122
8 37 51 171
10 86 45 190
11 33 44 162
12 65 45 119
13 22 48 159
15 74 57 182
18 36 66 132
21 75 55 194
21 48 48 93
26 66 52 168
27 30 45 118
29 53 56 114
31 43 40 197
33 81 45 96
33 80 66 105
35 67 46 124
37 68 48 162
37 74 68 121
40 42 70 166
41 51 63 188
44 78 50 97
46 84 63 120
46 50 42 105
50 71 64 102
56 60 43 112
58 60 70 119
58 78 44 117
68 81 68 145
85 86 56 159