479
0 32 128 2000 102
1 32 320 400 158
2 32 32 400 151
3 8 320 400 117
4 8 32 2000 118
5 32 128 1000 145
6 32 128 1000 194
7 8 320 2000 144
8 8 320 400 173
9 8 320 5000 177
10 32 320 800 146
11 8 128 800 131
12 8 320 2000 113
13 32 128 2000 102
14 8 32 5000 197
15 8 128 400 190
16 32 320 800 98
17 32 32 1000 148
18 8 32 400 166
19 8 320 2000 90
20 8 32 1000 90
21 8 32 400 191
22 8 320 400 179
23 32 32 400 163
24 8 128 400 122
25 32 128 5000 153
26 32 128 1000 153
27 32 320 800 108
28 8 32 2000 166
29 8 320 800 167
30 8 32 5000 195
31 32 128 400 106
32 8 32 400 160
33 32 32 800 171
34 32 128 5000 124
35 32 128 800 177
36 32 128 1000 165
37 32 128 5000 124
38 8 128 800 123
39 32 128 5000 184
40 8 128 800 112
41 32 128 1000 200
42 8 128 2000 109
43 8 128 400 104
44 8 320 800 156
45 32 32 2000 133
46 8 128 800 110
47 32 320 1000 91
48 8 128 1000 145
49 32 320 1000 144
50 8 320 800 199
51 32 32 5000 164
52 8 32 800 136
53 32 32 5000 155
54 8 32 2000 195
55 32 32 800 91
56 8 32 800 134
57 32 320 800 106
58 32 32 800 93
59 8 128 2000 109
60 32 128 400 103
61 32 320 400 106
62 8 128 1000 149
63 8 32 2000 197
64 32 320 800 183
65 8 320 800 194
66 8 128 2000 178
67 8 128 800 108
68 32 320 2000 94
69 32 128 400 170
70 32 320 400 170
71 32 128 800 108
72 8 320 1000 163
73 8 320 2000 141
74 8 128 5000 112
75 32 128 2000 185
76 8 320 5000 190
77 8 128 800 198
78 32 128 800 114
79 32 128 800 160
80 8 128 2000 162
81 32 128 1000 124
82 8 320 1000 128
83 8 32 1000 141
84 32 32 800 144
85 8 320 800 148
86 32 128 2000 130
87 8 320 2000 99
88 32 128 5000 132
89 32 32 400 182
90 32 128 400 111
91 32 32 2000 187
92 32 320 1000 125
93 32 32 1000 179
94 32 32 800 149
95 32 320 2000 105
96 32 320 800 193
97 32 320 2000 113
98 32 32 2000 176
99 8 320 800 111
100 32 320 800 104
101 8 32 800 167
102 8 128 2000 127
103 32 320 5000 153
104 8 32 800 181
105 8 32 2000 193
106 8 128 1000 171
107 32 32 2000 117
108 32 320 400 142
109 32 320 400 185
110 8 320 2000 118
111 32 32 800 182
112 8 32 800 115
113 8 320 1000 149
114 8 320 5000 190
115 32 32 1000 182
116 8 320 1000 141
117 8 128 5000 146
118 8 320 1000 157
119 32 128 400 124
120 8 32 400 156
121 32 32 1000 122
122 32 320 400 131
123 32 32 5000 132
124 32 128 400 170
125 32 128 5000 134
126 8 128 5000 100
127 32 128 1000 122
128 32 128 2000 176
129 8 32 400 191
130 32 128 800 93
131 8 320 5000 173
132 8 128 1000 169
133 32 320 5000 185
134 32 32 400 94
135 32 320 2000 141
136 8 320 400 169
137 8 320 5000 125
138 8 320 800 124
139 32 128 800 90
140 8 32 5000 105
141 32 32 800 113
142 32 320 800 140
143 8 32 400 99
144 8 320 2000 156
145 32 320 5000 114
146 8 128 2000 136
147 32 128 5000 100
148 32 320 800 105
149 32 32 400 189
150 32 32 2000 138
151 8 320 5000 120
152 8 320 400 171
153 8 320 5000 103
154 8 320 1000 94
155 32 320 2000 149
156 32 128 800 122
157 32 128 2000 128
158 32 320 1000 136
159 8 32 1000 119
160 8 320 800 119
161 32 320 2000 126
162 32 128 5000 180
163 32 320 1000 182
164 8 128 1000 94
165 8 128 800 93
166 8 320 2000 168
167 8 32 1000 123
168 8 320 1000 179
169 32 320 800 114
170 8 128 800 128
171 32 32 1000 175
172 32 32 1000 108
173 32 128 400 133
174 32 320 800 188
175 32 128 400 103
176 32 128 1000 165
177 8 32 1000 162
178 8 32 800 174
179 32 128 400 191
180 8 128 5000 177
181 8 320 2000 195
182 8 32 400 198
183 32 128 1000 187
184 32 320 2000 188
185 8 32 1000 152
186 32 320 1000 172
187 8 128 400 147
188 8 320 1000 144
189 32 320 2000 196
190 32 128 2000 133
191 8 320 1000 142
192 32 32 800 182
193 8 128 1000 160
194 32 32 5000 144
195 32 128 5000 115
196 32 32 1000 112
197 8 320 5000 139
198 32 320 1000 141
199 32 320 400 154
200 32 128 400 151
201 8 320 1000 136
202 8 128 400 90
203 8 128 2000 172
204 32 320 2000 125
205 32 32 400 175
206 8 320 5000 119
207 8 32 800 115
208 8 320 5000 161
209 32 320 800 167
210 32 320 800 124
211 32 32 800 124
212 32 32 1000 125
213 32 32 400 95
214 8 32 1000 101
215 8 32 5000 144
216 32 32 400 103
217 32 128 400 149
218 8 32 800 166
219 8 320 800 153
220 32 128 2000 108
221 32 128 800 109
222 8 128 800 123
223 32 320 5000 150
224 8 128 2000 170
225 32 320 2000 99
226 32 128 1000 186
227 8 32 2000 191
228 8 128 1000 139
229 8 320 800 138
230 8 320 1000 194
231 32 32 2000 129
232 32 320 800 111
233 8 32 800 136
234 8 128 2000 189
235 32 128 800 129
236 8 32 5000 142
237 32 32 1000 95
238 8 32 2000 124
239 32 320 1000 173
240 32 320 400 132
241 32 32 5000 179
242 8 320 800 189
243 8 320 1000 120
244 8 320 1000 129
245 8 128 5000 95
246 8 320 800 181
247 8 32 800 143
248 8 32 1000 117
249 8 32 5000 142
250 32 128 2000 195
251 8 320 400 165
252 32 32 2000 102
253 8 320 1000 171
254 32 128 400 157
255 8 128 1000 192
256 32 320 5000 126
257 32 128 400 92
258 8 128 1000 160
259 8 128 2000 102
260 32 32 400 115
261 32 128 800 93
262 32 320 2000 142
263 8 128 400 192
264 8 128 1000 159
265 8 128 2000 128
266 32 320 800 170
267 32 32 1000 178
268 8 320 400 119
269 8 32 2000 133
270 8 128 800 98
271 8 32 400 122
272 32 320 1000 161
273 8 32 400 144
274 32 320 2000 104
275 32 128 800 154
276 8 320 2000 150
277 32 32 1000 164
278 32 128 5000 137
279 32 128 800 196
280 8 32 800 164
281 32 128 1000 116
282 32 32 2000 122
283 32 32 5000 162
284 8 32 400 162
285 8 320 5000 187
286 32 320 400 184
287 8 32 2000 90
288 8 32 800 126
289 8 320 2000 131
290 8 320 2000 178
291 8 128 800 95
292 8 32 2000 153
293 8 128 5000 193
294 32 128 800 106
295 8 128 1000 179
296 32 32 5000 128
297 32 32 800 94
298 8 32 5000 185
299 8 32 2000 145
300 8 32 1000 114
301 32 320 1000 190
302 32 128 800 191
303 32 320 400 99
304 8 320 5000 119
305 8 320 400 114
306 32 320 400 97
307 32 320 800 91
308 8 320 800 182
309 32 128 1000 134
310 32 320 5000 189
311 32 32 1000 183
312 32 32 5000 120
313 8 32 400 154
314 8 320 5000 156
315 32 32 5000 186
316 8 32 1000 133
317 32 320 5000 142
318 8 32 800 134
319 32 128 5000 179
320 32 128 2000 151
321 32 128 400 156
322 32 128 400 173
323 8 320 2000 138
324 32 128 800 131
325 32 32 2000 128
326 8 32 400 136
327 32 320 800 103
328 32 320 5000 182
329 8 128 400 98
330 32 320 400 116
331 32 128 5000 184
332 8 32 5000 96
333 32 128 800 182
334 8 128 2000 152
335 8 32 5000 139
336 8 32 5000 101
337 8 32 2000 103
338 32 32 1000 123
339 32 320 800 156
340 8 32 400 191
341 8 32 400 119
342 8 32 400 104
343 32 320 800 113
344 32 320 800 116
345 8 320 1000 126
346 32 32 2000 169
347 8 128 5000 166
348 32 128 800 103
349 32 320 2000 144
350 8 320 5000 143
351 32 320 5000 130
352 8 128 2000 146
353 32 32 2000 93
354 8 128 2000 135
355 32 320 800 94
356 8 128 800 174
357 32 128 2000 136
358 32 128 2000 145
359 32 32 1000 194
360 8 32 800 171
361 8 32 2000 197
362 32 32 400 155
363 8 32 1000 174
364 32 32 800 92
365 32 128 800 94
366 32 128 800 163
367 32 128 800 123
368 32 320 400 152
369 32 320 5000 130
370 32 128 1000 119
371 8 320 800 138
372 8 32 800 160
373 8 128 1000 193
374 8 128 400 186
375 32 320 800 196
376 8 128 1000 144
377 8 32 2000 127
378 32 32 2000 149
379 8 128 1000 142
380 32 128 400 125
381 32 32 400 111
382 8 32 1000 183
383 32 320 800 195
384 8 320 5000 137
385 32 320 5000 182
386 32 32 800 198
387 32 32 2000 143
388 32 32 1000 157
389 32 32 800 181
390 8 128 5000 197
391 8 320 5000 198
392 8 128 1000 157
393 32 32 1000 130
394 8 320 400 162
395 32 32 800 185
396 8 320 1000 126
397 32 320 400 195
398 32 320 400 130
399 32 320 5000 124
400 8 128 1000 151
401 32 32 1000 199
402 8 320 400 157
403 32 320 2000 111
404 32 32 1000 102
405 32 32 1000 128
406 32 320 2000 102
407 32 128 2000 191
408 8 128 800 119
409 8 320 1000 118
410 32 320 2000 131
411 8 32 1000 198
412 8 320 400 176
413 32 128 2000 119
414 8 32 400 144
415 8 128 800 130
416 8 32 800 158
417 32 128 5000 193
418 8 32 2000 168
419 8 32 800 163
420 8 320 2000 137
421 8 32 400 119
422 8 32 400 181
423 8 32 400 134
424 8 320 2000 174
425 32 128 400 200
426 8 32 2000 115
427 8 128 1000 144
428 32 32 5000 179
429 8 128 800 170
430 32 320 2000 110
431 8 320 2000 106
432 8 320 5000 109
433 8 128 1000 195
434 32 320 1000 95
435 8 32 5000 143
436 8 320 400 111
437 8 320 1000 154
438 32 128 1000 100
439 32 32 5000 124
440 32 320 1000 199
441 32 320 800 110
442 8 128 1000 116
443 32 32 5000 116
444 32 32 2000 132
445 8 32 5000 118
446 32 128 1000 137
447 32 128 2000 113
448 8 32 5000 181
449 32 320 800 135
450 32 32 400 99
451 32 32 800 108
452 32 32 5000 137
453 8 320 5000 90
454 8 320 400 189
455 8 128 2000 161
456 8 320 2000 187
457 8 320 400 119
458 8 128 800 135
459 32 320 2000 93
460 32 320 400 168
461 8 32 5000 183
462 8 320 1000 147
463 32 320 800 190
464 32 32 2000 133
465 8 32 2000 149
466 8 32 5000 136
467 32 320 400 92
468 32 128 2000 110
469 32 128 800 101
470 32 320 800 193
471 8 128 5000 178
472 8 32 1000 129
473 8 128 400 133
474 8 32 800 103
475 32 32 400 142
476 32 32 5000 118
477 8 320 800 116
478 32 320 400 131
70
9 434 57 98
9 323 50 175
14 454 48 181
34 177 70 95
39 130 49 135
41 285 62 133
42 415 65 103
42 174 66 128
46 196 52 126
61 332 50 110
63 357 47 153
65 286 58 170
78 87 67 116
83 375 49 127
87 241 68 134
91 396 44 199
96 282 46 102
102 398 44 200
104 193 50 181
104 152 49 99
105 124 66 153
105 479 64 103
106 376 50 110
119 274 63 118
119 241 67 190
119 361 54 134
123 203 53 116
128 250 55 198
143 332 64 129
147 322 42 92
147 444 40 197
151 185 56 177
154 162 55 126
156 216 47 108
162 248 69 146
170 199 70 121
171 323 48 154
176 385 44 126
187 190 63 156
196 268 63 123
199 281 41 191
200 273 47 173
210 360 69 143
212 258 66 182
217 452 40 124
226 421 50 107
231 449 41 138
234 431 57 187
237 380 53 183
247 290 70 120
253 428 41 130
256 306 70 133
258 341 51 200
263 452 46 123
272 320 53 99
275 415 61 119
276 386 65 166
280 343 41 112
288 452 44 111
293 388 40 144
298 308 56 126
310 318 60 196
315 423 64 108
315 375 44 187
347 371 55 100
359 462 64 176
396 407 70 141
397 404 47 115
398 435 44 191
407 422 43 130