870
0 2 16 50 65
1 8 64 50 91
2 8 4 200 90
3 8 16 200 55
4 16 64 100 74
5 2 64 50 93
6 16 4 150 100
7 16 2 200 70
8 16 64 50 80
9 2 2 200 54
10 2 16 50 96
11 8 16 50 98
12 16 64 150 54
13 2 16 100 58
14 2 2 50 85
15 16 4 150 54
16 2 64 50 85
17 16 2 100 97
18 8 2 100 80
19 2 4 150 90
20 8 4 50 52
21 16 2 200 74
22 16 64 50 60
23 16 2 100 94
24 16 64 100 76
25 2 64 200 62
26 2 2 150 76
27 8 16 50 85
28 2 16 200 89
29 2 4 150 89
30 16 4 50 62
31 16 16 150 64
32 8 2 100 66
33 8 2 200 81
34 8 2 150 74
35 16 4 50 99
36 16 4 150 86
37 8 16 150 67
38 2 64 100 83
39 16 4 150 78
40 2 2 50 93
41 2 64 150 80
42 16 2 100 60
43 16 4 150 74
44 2 64 150 88
45 16 64 150 91
46 16 4 200 83
47 2 2 200 85
48 2 64 50 68
49 8 2 50 61
50 16 16 100 91
51 2 16 200 61
52 2 4 50 62
53 8 2 150 72
54 2 64 200 83
55 16 4 50 94
56 8 16 150 77
57 8 2 100 84
58 16 16 50 82
59 16 64 100 84
60 16 2 100 92
61 2 16 100 95
62 8 2 200 54
63 2 2 150 63
64 8 16 200 75
65 2 16 50 81
66 16 4 100 70
67 2 16 50 77
68 8 16 150 73
69 8 64 100 78
70 2 16 100 57
71 8 64 200 100
72 8 4 200 74
73 16 16 200 80
74 2 2 50 70
75 8 64 150 96
76 8 64 200 53
77 8 4 200 89
78 2 2 100 86
79 16 2 50 73
80 2 4 50 66
81 8 16 100 63
82 8 64 200 62
83 2 16 100 89
84 8 16 200 68
85 2 64 100 92
86 16 4 100 100
87 2 2 150 91
88 2 4 50 83
89 8 2 50 80
90 16 16 100 85
91 2 64 150 50
92 16 64 50 74
93 16 2 200 94
94 8 4 150 93
95 16 64 50 94
96 16 2 200 75
97 8 16 150 56
98 16 16 50 97
99 2 64 200 96
100 16 16 50 72
101 16 64 100 67
102 16 16 200 77
103 16 16 150 80
104 8 2 100 100
105 2 2 150 93
106 16 64 150 63
107 2 64 150 91
108 2 2 100 89
109 16 64 150 84
110 8 64 50 74
111 16 16 50 78
112 16 2 200 75
113 2 2 200 50
114 8 2 50 80
115 8 4 100 82
116 16 2 200 82
117 2 16 150 66
118 2 64 50 92
119 8 4 200 76
120 8 64 100 83
121 8 2 50 83
122 16 64 100 75
123 2 2 100 60
124 16 2 50 55
125 2 4 150 63
126 8 2 50 90
127 2 4 50 75
128 2 16 50 74
129 2 64 100 99
130 8 4 50 73
131 2 64 200 92
132 16 4 150 53
133 2 64 100 86
134 2 64 150 69
135 2 4 200 55
136 2 64 50 97
137 8 2 200 93
138 8 64 150 54
139 8 4 200 74
140 2 16 50 67
141 2 2 100 76
142 16 16 200 85
143 2 16 200 76
144 2 16 100 78
145 16 64 100 73
146 2 16 100 66
147 16 4 200 57
148 8 2 100 61
149 8 2 150 97
150 2 4 100 85
151 8 4 150 79
152 2 2 200 96
153 2 2 200 71
154 2 64 100 56
155 2 64 100 85
156 2 64 50 71
157 8 16 100 79
158 16 64 200 73
159 2 2 100 55
160 16 4 200 91
161 2 2 100 79
162 16 4 200 71
163 16 2 100 77
164 16 16 200 71
165 2 4 50 78
166 16 4 150 87
167 16 16 150 82
168 2 2 150 54
169 8 4 50 78
170 16 2 150 72
171 2 2 50 50
172 16 2 100 55
173 16 4 100 74
174 8 4 100 90
175 2 64 150 60
176 2 2 200 79
177 2 4 100 53
178 2 16 150 87
179 2 64 100 78
180 16 16 100 51
181 2 2 200 50
182 8 2 200 84
183 16 64 150 68
184 8 16 100 67
185 2 64 50 51
186 2 2 150 65
187 8 16 200 82
188 2 64 150 70
189 2 64 100 68
190 8 64 100 62
191 8 64 200 90
192 8 16 200 80
193 8 64 150 74
194 2 2 100 75
195 16 4 200 70
196 8 16 50 50
197 16 2 150 96
198 8 64 150 68
199 16 4 200 100
200 2 4 100 96
201 2 4 150 66
202 16 64 200 60
203 8 64 100 81
204 16 2 150 79
205 8 64 150 73
206 16 2 100 82
207 2 64 50 87
208 8 2 150 81
209 2 16 50 72
210 2 4 200 69
211 16 4 200 83
212 2 64 150 95
213 8 4 200 54
214 16 16 100 74
215 8 64 150 71
216 2 4 150 53
217 16 64 50 85
218 8 2 150 54
219 2 16 200 74
220 2 16 200 58
221 16 16 100 94
222 8 2 150 64
223 16 64 200 84
224 2 64 200 57
225 2 16 200 97
226 16 4 200 69
227 2 64 200 50
228 16 4 150 71
229 2 64 150 81
230 2 16 150 57
231 8 2 50 61
232 16 4 100 75
233 8 2 100 83
234 8 4 50 91
235 16 16 150 79
236 16 64 200 72
237 8 64 100 64
238 8 64 200 81
239 16 16 50 92
240 16 2 50 81
241 2 64 200 84
242 8 4 50 90
243 2 4 150 57
244 8 2 100 98
245 16 16 200 81
246 2 16 50 69
247 2 16 150 56
248 8 4 50 62
249 8 4 200 58
250 8 64 100 75
251 8 2 200 96
252 2 16 100 78
253 2 16 100 58
254 8 2 200 77
255 16 64 150 62
256 16 16 100 65
257 2 4 200 89
258 16 16 200 70
259 16 4 150 76
260 2 2 50 93
261 2 4 100 66
262 16 4 200 75
263 2 2 100 80
264 8 4 100 97
265 16 64 200 72
266 16 16 150 89
267 8 16 50 87
268 8 64 150 87
269 8 2 100 92
270 2 2 100 52
271 2 2 100 53
272 2 4 200 51
273 2 64 150 53
274 16 2 50 87
275 2 64 200 100
276 16 4 150 83
277 8 16 50 58
278 8 2 100 64
279 8 4 150 84
280 8 4 100 63
281 8 2 150 77
282 16 2 50 70
283 2 4 200 50
284 2 4 150 99
285 16 16 50 74
286 8 64 50 81
287 2 2 150 58
288 2 4 150 83
289 2 2 200 79
290 2 2 200 79
291 8 4 150 90
292 16 4 50 87
293 16 64 200 67
294 2 64 200 62
295 8 4 200 78
296 8 16 50 88
297 16 64 150 88
298 16 4 100 50
299 16 16 50 69
300 16 64 200 82
301 2 4 150 70
302 2 16 150 53
303 8 16 150 88
304 8 4 200 99
305 16 4 200 70
306 8 64 50 83
307 8 2 200 53
308 8 4 200 69
309 2 4 150 95
310 8 4 200 82
311 16 4 200 89
312 2 2 50 52
313 2 2 200 56
314 8 4 100 69
315 16 2 100 83
316 2 64 100 83
317 8 64 100 68
318 16 64 100 60
319 16 64 200 65
320 16 64 200 99
321 8 16 50 74
322 2 64 150 68
323 16 64 50 69
324 8 4 100 87
325 2 2 50 55
326 8 2 100 100
327 8 2 50 98
328 16 2 100 56
329 16 16 50 89
330 8 4 50 73
331 8 2 150 78
332 2 16 200 61
333 8 16 200 68
334 2 64 150 95
335 8 4 200 74
336 8 4 100 61
337 16 2 50 85
338 2 2 150 88
339 8 2 200 87
340 16 64 150 65
341 16 64 150 56
342 2 64 100 82
343 16 2 100 77
344 16 2 50 78
345 8 2 200 90
346 2 2 200 96
347 8 4 50 97
348 2 4 50 97
349 8 2 150 86
350 2 2 50 78
351 2 2 50 94
352 2 4 100 80
353 16 2 150 68
354 16 16 50 91
355 2 64 100 78
356 16 64 50 57
357 2 64 200 66
358 2 2 50 50
359 16 4 100 73
360 8 16 100 68
361 16 4 200 68
362 8 2 100 67
363 16 4 200 76
364 2 2 100 56
365 2 2 200 67
366 16 64 200 93
367 2 4 150 53
368 16 2 50 84
369 8 4 50 54
370 8 64 50 59
371 2 4 150 100
372 8 4 200 76
373 16 64 50 82
374 16 64 200 61
375 8 16 50 83
376 8 2 200 89
377 2 4 150 71
378 8 4 150 57
379 2 2 100 87
380 2 4 50 52
381 2 4 150 54
382 8 2 50 53
383 16 4 150 94
384 16 4 100 89
385 2 64 150 83
386 8 2 200 56
387 16 64 200 94
388 16 2 50 56
389 8 16 100 77
390 16 4 50 79
391 16 2 50 55
392 8 2 150 68
393 2 64 100 50
394 2 64 200 51
395 8 16 100 54
396 16 16 50 71
397 8 4 200 56
398 2 2 100 58
399 2 16 100 86
400 2 4 200 87
401 8 64 150 69
402 2 2 50 97
403 2 2 200 93
404 8 16 50 87
405 16 4 100 63
406 16 2 100 74
407 8 4 50 75
408 2 4 200 54
409 2 4 200 69
410 16 4 100 98
411 16 16 50 100
412 16 64 50 93
413 16 2 50 96
414 16 2 50 78
415 2 2 100 65
416 2 64 150 99
417 2 64 100 82
418 8 16 50 65
419 16 4 100 55
420 8 4 100 51
421 16 64 150 69
422 8 16 150 92
423 16 16 150 77
424 2 64 50 74
425 2 64 100 99
426 2 2 50 51
427 8 4 150 72
428 16 4 100 66
429 16 64 100 82
430 2 2 200 57
431 8 4 150 57
432 16 2 150 99
433 8 64 200 91
434 2 16 100 76
435 8 4 200 78
436 16 4 150 76
437 2 2 150 90
438 16 16 50 66
439 16 64 200 89
440 16 2 100 60
441 2 2 200 80
442 16 4 50 74
443 16 16 50 96
444 2 16 100 71
445 2 2 150 87
446 16 64 200 92
447 8 64 200 63
448 16 2 200 80
449 8 64 150 87
450 8 4 100 57
451 8 4 150 74
452 16 64 50 55
453 2 64 150 71
454 8 16 100 69
455 8 4 50 61
456 2 64 150 79
457 8 2 50 86
458 2 4 200 75
459 8 64 50 90
460 16 4 150 89
461 8 4 200 75
462 8 16 150 56
463 16 4 150 99
464 8 4 100 98
465 8 16 50 98
466 16 64 150 69
467 8 16 50 99
468 16 64 150 93
469 2 2 50 77
470 16 16 100 50
471 2 4 100 57
472 16 2 150 76
473 2 64 150 67
474 2 2 100 98
475 8 2 50 61
476 16 2 50 86
477 2 16 100 87
478 16 4 100 59
479 8 64 100 52
480 16 2 150 90
481 2 16 150 96
482 2 4 50 57
483 16 64 100 60
484 2 2 100 73
485 8 64 200 86
486 16 2 200 89
487 16 16 150 82
488 2 16 100 98
489 16 2 150 53
490 16 16 200 80
491 2 4 150 98
492 8 4 50 55
493 8 16 50 64
494 2 2 150 83
495 8 4 200 57
496 16 64 150 75
497 2 16 200 98
498 8 2 100 71
499 2 2 200 68
500 16 64 200 50
501 8 16 150 67
502 16 16 200 82
503 2 16 150 56
504 16 16 100 51
505 8 64 50 87
506 2 4 150 71
507 16 64 200 74
508 16 2 100 76
509 2 16 100 54
510 8 4 100 99
511 2 4 150 93
512 2 4 50 97
513 2 2 150 94
514 8 2 200 79
515 2 2 100 79
516 2 64 100 55
517 16 64 200 93
518 2 16 200 56
519 16 2 200 58
520 16 64 150 85
521 8 16 100 71
522 16 2 200 92
523 2 64 50 100
524 16 64 50 69
525 8 16 200 70
526 2 16 200 65
527 2 2 200 89
528 8 2 150 63
529 8 2 50 56
530 8 64 200 76
531 16 16 150 61
532 2 4 50 60
533 16 16 200 70
534 8 16 200 82
535 16 16 100 85
536 16 2 50 90
537 2 16 150 91
538 16 16 200 96
539 16 4 100 63
540 2 2 150 76
541 16 16 50 63
542 2 2 50 84
543 2 16 50 82
544 8 16 200 84
545 16 16 150 67
546 8 64 200 98
547 8 16 200 51
548 16 16 150 72
549 8 2 200 85
550 16 2 100 80
551 16 2 100 90
552 16 4 200 77
553 16 16 150 58
554 16 16 150 93
555 2 64 200 99
556 8 64 200 60
557 8 64 200 74
558 16 2 100 93
559 2 4 150 100
560 16 64 50 67
561 2 2 100 88
562 16 4 50 61
563 16 64 200 83
564 2 16 200 76
565 16 64 50 69
566 16 16 150 80
567 2 64 50 65
568 2 2 50 54
569 2 16 100 64
570 16 4 200 71
571 8 2 200 61
572 8 64 200 57
573 8 64 150 96
574 8 2 50 90
575 16 16 100 52
576 8 16 50 100
577 16 4 150 90
578 16 2 50 76
579 8 2 150 84
580 16 64 150 76
581 2 2 100 95
582 16 4 150 83
583 16 2 50 50
584 8 16 100 84
585 8 2 100 68
586 16 4 150 94
587 2 4 50 74
588 16 2 50 71
589 2 2 150 94
590 16 64 200 56
591 2 4 200 88
592 8 4 100 81
593 16 4 50 56
594 2 64 100 61
595 8 4 100 93
596 2 64 100 100
597 2 16 200 52
598 16 4 150 75
599 16 16 150 66
600 2 4 100 65
601 16 16 50 74
602 8 16 150 71
603 16 4 50 86
604 8 4 100 50
605 16 16 200 64
606 2 16 200 74
607 16 16 100 92
608 8 64 200 73
609 16 4 100 56
610 2 16 150 67
611 8 64 150 74
612 2 64 150 75
613 2 64 100 99
614 2 16 100 56
615 8 64 200 74
616 16 4 200 68
617 16 2 100 72
618 2 16 200 91
619 8 2 50 95
620 16 16 150 58
621 16 64 200 65
622 2 16 200 81
623 2 4 50 94
624 8 4 50 82
625 8 4 150 94
626 16 64 200 54
627 2 64 150 59
628 16 2 150 85
629 8 64 200 69
630 8 16 150 64
631 16 64 50 51
632 16 64 150 69
633 8 64 150 72
634 2 16 100 91
635 8 64 200 58
636 2 2 50 67
637 2 16 50 96
638 8 16 150 82
639 16 64 200 59
640 2 64 200 78
641 8 16 100 91
642 8 2 100 51
643 2 4 200 89
644 16 64 200 84
645 8 2 150 68
646 16 4 100 99
647 8 2 200 62
648 2 64 200 84
649 2 64 200 67
650 2 2 100 65
651 2 16 50 75
652 8 16 200 72
653 8 64 200 91
654 8 2 200 61
655 2 2 150 92
656 16 2 50 97
657 8 2 50 55
658 16 64 150 78
659 8 4 200 94
660 8 2 150 56
661 8 16 100 96
662 16 2 200 57
663 8 64 100 60
664 8 64 50 80
665 16 64 200 94
666 8 4 150 51
667 16 2 150 82
668 2 64 150 94
669 2 2 100 81
670 2 64 100 81
671 16 16 200 81
672 8 64 100 75
673 8 2 150 54
674 16 2 150 75
675 8 64 150 93
676 16 4 100 65
677 16 64 150 96
678 16 64 50 66
679 8 16 150 95
680 2 2 50 61
681 8 16 50 72
682 16 64 200 73
683 8 64 150 53
684 2 2 50 90
685 16 64 200 64
686 8 64 150 84
687 2 4 50 78
688 16 2 150 93
689 2 2 100 61
690 2 16 100 63
691 16 2 50 71
692 8 2 150 54
693 16 4 150 53
694 2 2 50 51
695 16 64 150 50
696 2 2 100 68
697 8 64 100 66
698 16 64 50 60
699 8 2 100 100
700 16 64 100 62
701 2 64 50 56
702 8 16 50 75
703 16 16 150 63
704 8 4 100 71
705 2 2 100 96
706 8 64 50 63
707 16 64 100 55
708 16 4 150 85
709 16 64 50 77
710 2 4 200 56
711 2 2 150 83
712 2 64 50 91
713 8 2 50 93
714 16 2 200 86
715 2 16 150 97
716 8 4 50 72
717 8 64 50 94
718 16 64 200 90
719 16 2 100 51
720 2 64 200 69
721 8 2 100 89
722 2 2 200 59
723 2 16 150 92
724 16 2 200 71
725 2 2 100 86
726 16 2 50 91
727 2 16 200 81
728 2 16 50 70
729 2 2 150 87
730 16 4 100 51
731 2 4 200 92
732 16 4 200 84
733 8 64 200 73
734 8 64 150 98
735 16 16 100 80
736 16 4 200 93
737 8 4 50 88
738 2 64 200 54
739 16 64 200 52
740 8 2 100 99
741 8 64 150 92
742 8 64 200 64
743 8 16 150 83
744 2 2 100 67
745 2 4 100 96
746 16 2 200 84
747 2 64 50 92
748 16 2 200 78
749 8 16 100 90
750 2 64 50 74
751 8 2 100 90
752 16 4 150 78
753 2 4 200 78
754 16 64 50 88
755 2 4 200 50
756 2 2 150 95
757 2 4 100 74
758 16 4 100 55
759 2 64 200 68
760 2 4 100 63
761 8 64 200 62
762 16 64 50 53
763 16 64 150 59
764 16 4 50 63
765 2 4 50 97
766 16 16 100 82
767 2 4 50 62
768 16 4 150 96
769 2 64 150 57
770 8 2 200 58
771 16 64 50 73
772 8 64 150 86
773 8 64 150 53
774 8 4 100 55
775 16 4 150 89
776 8 64 100 52
777 2 16 50 80
778 16 4 100 74
779 8 16 100 83
780 16 64 200 59
781 16 16 50 76
782 8 4 200 74
783 2 2 200 65
784 2 16 100 50
785 8 2 100 62
786 16 16 200 73
787 2 2 200 87
788 16 16 150 91
789 16 64 200 99
790 16 2 200 67
791 8 2 150 65
792 2 2 200 54
793 8 2 100 66
794 2 2 100 76
795 16 4 150 71
796 16 16 200 98
797 8 16 150 66
798 16 64 50 67
799 8 4 150 88
800 8 16 150 74
801 2 16 150 57
802 2 2 200 77
803 16 4 50 62
804 8 64 200 77
805 2 4 50 95
806 2 4 100 55
807 8 4 100 62
808 16 2 50 74
809 8 4 200 61
810 2 64 200 58
811 2 16 200 81
812 16 16 100 91
813 16 4 150 82
814 8 4 100 96
815 8 64 200 70
816 8 2 100 76
817 8 2 50 54
818 8 4 100 69
819 8 2 50 90
820 16 16 150 54
821 2 64 50 59
822 8 4 50 52
823 2 4 200 93
824 2 64 200 82
825 8 4 50 66
826 8 2 200 70
827 16 16 150 78
828 2 2 100 68
829 8 64 100 99
830 2 64 150 56
831 8 4 150 70
832 16 2 100 98
833 2 64 200 75
834 8 16 100 75
835 16 2 50 67
836 2 16 150 94
837 16 4 200 73
838 2 16 150 72
839 8 4 200 74
840 8 16 50 93
841 16 64 150 78
842 16 16 50 65
843 2 64 100 63
844 2 4 50 51
845 2 64 150 60
846 16 4 100 84
847 16 16 200 96
848 2 16 50 67
849 16 4 150 97
850 16 64 100 94
851 8 64 150 65
852 16 64 50 50
853 8 64 200 98
854 16 4 100 89
855 8 2 150 69
856 2 4 100 51
857 16 2 100 60
858 2 64 150 100
859 2 16 100 68
860 8 16 100 71
861 16 2 100 65
862 8 2 200 95
863 8 16 200 96
864 2 64 150 56
865 2 16 100 63
866 16 16 200 89
867 16 2 100 79
868 8 16 200 99
869 2 64 100 84
321
0 325 63 111
2 812 55 95
4 133 66 99
4 572 49 145
6 865 66 104
7 249 63 114
7 680 49 128
7 704 59 148
9 388 67 183
13 834 55 127
17 783 43 166
19 224 57 199
19 556 63 169
24 816 67 149
25 365 55 92
27 447 54 142
28 87 48 179
28 553 43 135
28 572 62 155
28 56 41 144
29 184 57 190
30 599 65 200
31 777 66 94
31 33 48 94
32 173 67 149
33 334 50 185
37 421 57 186
40 584 59 188
41 478 69 152
41 269 49 191
41 629 41 101
43 233 43 194
44 174 52 114
44 225 64 100
45 598 68 104
47 736 64 153
48 236 50 108
48 195 55 186
53 518 46 185
58 197 52 102
58 110 49 145
62 870 51 120
67 426 54 136
68 306 43 157
71 458 40 151
72 191 66 175
73 188 69 195
77 122 48 161
78 829 70 160
80 324 67 138
80 698 66 124
81 122 43 123
82 809 65 169
83 653 54 159
83 480 52 187
85 726 58 189
87 419 48 123
89 466 64 165
90 725 69 110
91 750 60 92
92 548 59 181
93 133 59 158
93 830 49 191
94 744 63 138
95 617 49 91
102 621 50 104
103 790 63 92
103 543 51 155
104 679 49 94
104 621 44 129
106 634 62 152
106 728 64 139
107 674 70 133
107 188 57 110
108 491 69 149
108 557 57 127
109 308 49 106
110 741 58 121
110 248 50 198
110 515 65 126
111 593 50 169
113 786 43 132
114 665 65 174
114 695 64 97
118 326 58 165
118 280 40 127
119 858 62 101
120 869 59 152
122 615 70 155
123 430 56 194
124 127 63 191
127 484 65 174
127 810 57 190
134 425 61 143
134 534 42 190
136 361 40 134
138 214 44 166
141 248 40 190
142 684 70 170
146 198 54 147
146 703 57 191
149 386 48 177
153 838 47 167
153 234 68 192
155 315 45 154
155 159 40 158
158 304 53 157
162 709 68 158
165 358 46 139
165 407 57 109
170 724 63 168
171 591 63 170
173 549 69 116
173 537 61 172
174 817 64 130
177 448 58 101
178 218 50 137
178 370 66 111
178 667 60 123
179 637 65 90
181 256 40 187
182 364 61 108
183 823 44 94
188 444 61 197
193 733 58 158
194 340 46 149
197 377 47 141
197 365 49 111
199 621 54 94
203 811 51 91
207 278 40 91
213 672 58 131
214 313 48 191
214 426 44 120
215 434 69 110
218 837 44 166
224 791 62 110
224 416 45 197
226 814 59 161
227 533 45 164
227 354 41 183
228 489 61 185
229 572 61 196
229 825 41 125
231 781 62 157
232 835 44 91
232 324 68 107
232 626 60 125
236 486 48 168
237 454 57 183
239 688 45 133
241 320 40 96
245 862 65 143
246 508 55 124
246 438 61 134
249 500 40 178
250 639 61 182
251 658 70 160
255 800 53 92
255 268 42 146
256 503 54 151
257 850 59 97
258 341 57 134
258 741 70 96
260 751 49 150
261 551 67 166
261 569 40 174
262 856 63 171
263 361 48 147
263 618 60 101
264 628 68 132
268 543 45 182
268 416 47 142
273 639 47 142
273 593 50 175
276 416 61 165
278 763 47 104
280 676 58 95
280 760 42 173
280 575 48 177
283 843 63 90
285 509 43 178
285 623 44 106
286 822 43 107
287 445 59 142
288 590 53 179
288 745 56 104
292 439 52 105
296 684 41 102
297 693 61 154
298 508 52 132
298 437 68 172
301 399 66 108
305 729 57 130
305 786 68 186
306 374 62 105
308 820 66 118
311 352 66 187
312 325 63 194
314 513 40 187
317 589 46 97
318 445 59 93
321 814 61 116
323 727 40 131
325 660 50 141
326 754 53 139
328 485 60 174
330 673 55 99
331 733 46 94
337 559 40 120
338 804 55 96
339 374 55 125
340 804 52 99
343 501 60 122
344 636 45 169
345 711 58 104
345 632 61 116
346 857 63 128
350 628 45 122
350 636 40 159
351 713 43 160
351 867 41 138
359 864 49 141
360 518 60 102
360 813 63 103
362 437 60 164
364 551 53 120
370 376 51 156
374 855 58 90
379 439 59 190
380 870 43 184
394 427 64 167
395 414 47 198
397 587 48 106
398 695 54 109
400 666 57 173
401 790 66 129
402 471 44 162
404 819 57 117
411 702 51 197
412 482 44 111
417 624 47 192
419 653 59 112
420 834 68 169
423 834 46 93
424 522 53 143
429 539 59 159
432 469 60 127
435 790 54 115
438 798 56 139
438 640 50 124
439 589 66 184
442 485 47 127
443 860 54 189
446 488 44 130
448 515 61 167
449 737 63 142
449 776 63 161
450 502 50 123
452 746 53 133
457 530 45 134
458 488 62 129
460 471 49 183
465 870 59 131
474 801 61 183
477 670 49 188
491 667 53 113
492 856 69 197
494 776 62 153
495 527 62 195
502 635 54 115
507 555 46 106
507 527 61 109
511 655 58 195
511 643 60 157
520 646 48 108
523 615 59 157
528 568 67 157
537 767 68 135
539 625 47 174
553 841 59 125
556 592 57 155
573 736 63 143
576 696 63 101
576 863 70 198
579 661 63 182
588 817 52 159
589 841 69 197
611 789 53 126
614 795 51 111
614 770 59 94
616 818 49 134
618 750 55 121
618 631 62 187
621 774 44 113
626 788 48 151
628 733 41 127
630 760 41 110
639 865 57 200
640 674 41 118
647 771 69 111
647 695 62 129
647 703 50 175
652 840 43 147
653 657 50 149
666 790 43 131
669 829 58 160
676 686 55 96
676 757 67 158
695 803 47 190
700 794 63 104
708 732 56 124
713 774 49 144
752 865 48 193
765 766 50 189
766 863 54 101
767 815 49 133
769 804 53 129
770 817 60 142
791 827 51 144
805 816 58 94