854
0 16 64 5000 160
1 128 256 2400 104
2 16 64 500 148
3 32 256 1000 181
4 16 16 5000 100
5 64 128 5000 134
6 128 64 2400 149
7 128 64 5000 197
8 128 128 500 173
9 128 256 2400 114
10 16 256 5000 124
11 16 64 800 158
12 32 128 5000 159
13 64 256 500 125
14 64 128 5000 144
15 64 16 5000 101
16 64 128 2400 134
17 128 16 800 144
18 32 64 800 169
19 64 64 500 115
20 128 256 800 155
21 32 128 5000 191
22 16 64 1000 160
23 16 256 800 182
24 128 16 500 155
25 16 128 5000 103
26 32 16 500 168
27 16 128 1000 118
28 16 256 1000 176
29 64 256 2400 149
30 128 16 2400 186
31 16 16 2400 105
32 16 128 2400 98
33 32 64 800 196
34 64 256 5000 95
35 128 128 1000 160
36 32 16 500 161
37 64 128 2400 124
38 16 256 1000 111
39 128 64 1000 128
40 32 16 500 104
41 32 128 500 180
42 64 256 2400 197
43 16 256 500 166
44 16 256 5000 120
45 64 256 2400 193
46 128 64 1000 197
47 16 64 5000 192
48 128 16 2400 115
49 64 16 500 185
50 16 128 800 154
51 128 16 2400 113
52 64 128 1000 168
53 64 128 1000 195
54 128 64 1000 148
55 32 64 500 141
56 16 256 1000 176
57 32 128 500 91
58 128 64 2400 106
59 32 256 500 184
60 32 256 2400 175
61 64 16 800 133
62 16 128 500 198
63 16 64 5000 181
64 64 128 800 198
65 128 256 800 146
66 32 16 5000 113
67 16 128 500 181
68 64 256 5000 104
69 16 128 2400 113
70 32 256 5000 167
71 32 256 800 101
72 128 128 1000 165
73 16 16 1000 116
74 16 256 5000 157
75 32 128 800 199
76 128 128 5000 197
77 32 64 5000 98
78 32 256 1000 115
79 128 16 800 121
80 32 16 500 102
81 64 256 5000 139
82 32 128 800 182
83 16 128 5000 155
84 128 256 800 96
85 16 16 500 104
86 128 256 1000 118
87 16 16 2400 200
88 16 256 500 177
89 32 64 500 114
90 16 16 800 181
91 16 64 500 101
92 128 256 5000 104
93 128 16 2400 142
94 128 16 1000 133
95 32 128 500 140
96 64 256 1000 97
97 64 64 5000 114
98 32 256 800 133
99 16 64 1000 118
100 128 256 500 110
101 64 128 500 186
102 32 64 800 188
103 16 64 2400 171
104 64 64 1000 121
105 128 64 5000 136
106 64 128 2400 156
107 16 128 1000 195
108 16 64 500 131
109 32 16 500 133
110 32 256 5000 161
111 32 16 500 152
112 64 256 1000 167
113 16 64 800 193
114 64 128 5000 194
115 16 64 1000 177
116 16 128 5000 174
117 32 256 500 192
118 64 16 800 189
119 64 64 2400 143
120 32 128 2400 152
121 128 16 500 191
122 128 128 5000 139
123 32 64 500 111
124 64 64 2400 197
125 64 16 800 139
126 16 256 800 100
127 64 64 500 189
128 64 64 800 180
129 128 128 500 119
130 128 128 1000 183
131 64 256 5000 139
132 32 64 2400 161
133 16 64 500 124
134 64 16 800 173
135 16 16 800 144
136 128 16 1000 145
137 32 128 500 96
138 32 64 1000 124
139 128 16 800 146
140 64 256 500 97
141 64 16 1000 105
142 64 16 800 163
143 32 64 2400 105
144 32 64 2400 93
145 128 256 800 132
146 64 16 2400 111
147 16 256 1000 113
148 32 16 5000 120
149 16 16 5000 190
150 32 128 5000 119
151 16 16 2400 146
152 128 128 500 121
153 32 256 5000 194
154 128 16 500 166
155 32 256 1000 156
156 64 128 800 169
157 32 16 500 164
158 64 128 2400 171
159 128 16 500 116
160 64 16 1000 111
161 64 128 800 184
162 64 128 1000 112
163 16 16 500 103
164 128 64 2400 182
165 32 256 500 137
166 64 256 1000 97
167 64 64 2400 169
168 32 256 2400 154
169 128 256 500 187
170 64 128 1000 140
171 16 256 500 107
172 128 64 2400 141
173 64 256 1000 155
174 128 64 5000 169
175 64 256 1000 168
176 16 64 1000 100
177 32 256 800 193
178 128 128 500 107
179 32 128 2400 187
180 64 64 1000 105
181 64 256 5000 192
182 128 128 1000 163
183 128 128 800 130
184 128 16 500 106
185 64 16 5000 191
186 16 16 5000 91
187 16 16 1000 114
188 32 128 800 154
189 16 16 1000 129
190 128 128 1000 156
191 128 128 500 97
192 64 64 500 143
193 64 256 500 122
194 16 64 5000 123
195 32 256 1000 90
196 32 128 5000 115
197 32 256 5000 106
198 128 64 1000 173
199 64 128 500 184
200 32 256 1000 176
201 128 16 500 194
202 128 16 500 97
203 64 64 1000 184
204 32 16 1000 141
205 32 16 5000 116
206 64 128 500 91
207 64 256 2400 157
208 128 256 1000 101
209 128 128 1000 137
210 64 256 500 199
211 16 16 800 160
212 16 64 800 185
213 32 16 500 192
214 32 256 500 142
215 64 128 500 109
216 16 64 500 184
217 16 64 1000 141
218 16 64 1000 109
219 16 64 5000 105
220 16 128 800 173
221 32 16 1000 122
222 64 256 800 156
223 64 128 500 189
224 128 128 500 93
225 32 128 500 132
226 16 64 800 199
227 64 128 2400 177
228 64 256 2400 140
229 64 64 2400 169
230 16 128 5000 105
231 128 256 800 113
232 64 64 800 188
233 64 128 2400 195
234 64 256 800 158
235 128 64 800 117
236 128 256 500 112
237 16 256 800 180
238 128 16 2400 129
239 128 64 1000 106
240 16 128 5000 157
241 128 16 500 119
242 64 128 1000 133
243 32 128 800 99
244 64 128 500 115
245 128 16 800 125
246 128 128 800 100
247 128 16 500 110
248 128 16 2400 157
249 64 64 1000 101
250 16 256 1000 118
251 16 16 800 98
252 32 16 1000 190
253 64 64 1000 191
254 32 128 500 178
255 16 64 500 160
256 16 128 800 171
257 16 64 500 200
258 32 256 800 122
259 16 16 500 198
260 128 128 1000 153
261 32 16 5000 111
262 64 128 5000 115
263 32 128 800 109
264 32 128 2400 173
265 16 256 2400 193
266 128 256 1000 124
267 32 16 1000 128
268 64 256 800 147
269 128 256 1000 168
270 16 256 800 157
271 32 256 2400 166
272 64 64 800 175
273 128 16 5000 155
274 32 256 2400 193
275 128 16 800 139
276 128 256 800 105
277 64 128 800 166
278 128 128 1000 195
279 16 128 800 114
280 64 64 1000 195
281 64 128 5000 152
282 32 128 800 184
283 16 16 500 199
284 16 64 5000 185
285 64 128 5000 149
286 16 256 5000 173
287 64 256 800 193
288 128 16 2400 163
289 64 128 5000 130
290 16 16 800 94
291 64 16 500 117
292 64 64 2400 126
293 128 16 2400 160
294 32 64 2400 124
295 128 128 5000 108
296 128 256 1000 121
297 16 256 2400 141
298 128 64 800 200
299 16 16 2400 144
300 16 128 5000 155
301 16 16 500 101
302 64 16 1000 126
303 64 128 500 119
304 128 256 500 163
305 32 16 5000 112
306 64 128 1000 103
307 64 16 2400 186
308 32 64 500 124
309 32 16 2400 112
310 64 16 5000 178
311 32 128 2400 154
312 32 128 2400 139
313 32 16 5000 151
314 32 64 5000 126
315 32 64 500 133
316 16 256 5000 146
317 32 256 800 154
318 32 128 500 125
319 16 128 5000 125
320 32 128 500 118
321 64 64 500 189
322 128 256 1000 167
323 128 128 500 102
324 64 128 800 161
325 128 256 1000 159
326 64 16 1000 116
327 128 256 2400 159
328 128 64 500 102
329 64 128 5000 151
330 32 64 500 199
331 64 256 500 167
332 64 64 500 148
333 64 16 1000 116
334 128 16 500 134
335 32 64 5000 106
336 32 16 5000 161
337 64 256 1000 147
338 128 256 2400 174
339 64 256 500 119
340 128 256 500 107
341 128 128 2400 158
342 64 64 800 107
343 16 256 2400 166
344 128 16 5000 151
345 16 128 1000 156
346 32 128 5000 130
347 32 128 500 152
348 128 256 2400 161
349 128 256 5000 160
350 16 256 2400 156
351 64 16 5000 191
352 32 64 800 115
353 128 16 5000 182
354 64 128 5000 133
355 128 16 1000 93
356 32 16 5000 104
357 64 256 5000 108
358 64 16 2400 162
359 64 64 1000 99
360 128 128 1000 108
361 16 16 1000 168
362 32 16 5000 126
363 128 16 5000 91
364 16 128 500 134
365 32 64 500 110
366 16 64 1000 100
367 16 256 1000 122
368 16 128 500 99
369 64 64 800 96
370 16 16 2400 111
371 128 16 500 194
372 32 128 2400 118
373 128 16 1000 134
374 64 128 2400 162
375 32 16 5000 148
376 32 256 800 103
377 16 64 5000 118
378 32 128 1000 96
379 16 128 800 192
380 128 16 800 180
381 128 256 800 97
382 64 128 2400 194
383 32 128 2400 126
384 64 256 2400 134
385 16 64 1000 122
386 64 64 800 132
387 128 16 2400 169
388 128 256 1000 132
389 64 128 5000 134
390 32 64 800 173
391 16 16 5000 158
392 64 16 800 103
393 32 128 2400 166
394 32 128 5000 124
395 32 128 5000 179
396 64 16 500 147
397 64 64 500 195
398 128 64 2400 191
399 64 64 2400 129
400 32 16 500 143
401 16 128 500 134
402 16 256 5000 181
403 64 128 1000 99
404 32 64 800 181
405 16 128 2400 136
406 64 64 5000 108
407 32 256 800 97
408 32 128 1000 116
409 32 128 500 154
410 64 64 2400 94
411 64 256 500 134
412 16 16 500 121
413 128 128 5000 127
414 128 256 5000 152
415 64 128 800 91
416 64 16 5000 97
417 64 256 2400 146
418 128 128 800 107
419 32 16 1000 175
420 128 128 2400 131
421 64 64 5000 113
422 16 128 1000 159
423 128 16 1000 128
424 32 64 2400 186
425 128 128 500 92
426 32 128 5000 147
427 64 256 800 126
428 16 128 2400 183
429 16 128 800 106
430 128 64 800 159
431 32 16 500 98
432 128 128 800 184
433 128 16 500 111
434 128 16 800 199
435 128 16 800 92
436 32 128 500 157
437 32 128 1000 182
438 32 256 1000 155
439 64 16 2400 180
440 16 128 500 96
441 64 16 800 96
442 32 128 500 119
443 128 16 2400 127
444 128 16 500 152
445 64 256 2400 166
446 32 256 800 181
447 32 128 1000 185
448 32 128 500 114
449 16 256 500 174
450 16 128 500 115
451 64 256 5000 114
452 32 64 2400 145
453 16 64 5000 133
454 128 64 2400 155
455 128 64 5000 105
456 16 128 500 91
457 128 128 2400 176
458 32 128 2400 97
459 16 16 2400 164
460 32 64 500 108
461 16 64 800 118
462 128 64 500 182
463 64 64 500 164
464 16 64 500 101
465 64 16 1000 162
466 32 64 1000 125
467 32 128 1000 106
468 64 64 800 195
469 128 256 5000 127
470 32 128 1000 137
471 64 16 800 178
472 64 128 500 172
473 32 256 800 171
474 128 16 5000 111
475 32 16 500 166
476 128 256 500 141
477 32 64 5000 155
478 32 128 5000 122
479 64 256 800 154
480 16 64 800 104
481 32 256 1000 123
482 128 16 5000 172
483 16 64 5000 195
484 64 128 1000 130
485 128 128 500 194
486 64 64 2400 195
487 128 16 800 148
488 16 64 500 121
489 32 128 800 200
490 32 64 800 118
491 32 64 800 112
492 64 256 500 120
493 32 256 1000 99
494 128 128 2400 125
495 128 64 800 189
496 64 256 2400 129
497 128 256 800 133
498 16 256 5000 116
499 64 256 1000 151
500 16 16 1000 90
501 64 64 2400 130
502 64 256 1000 133
503 16 256 500 187
504 64 16 500 151
505 32 64 5000 114
506 16 16 800 132
507 32 64 5000 104
508 64 64 800 173
509 128 256 800 147
510 16 128 5000 98
511 32 128 1000 119
512 16 16 5000 200
513 32 64 2400 100
514 16 16 500 173
515 128 256 1000 135
516 128 128 800 148
517 128 256 2400 149
518 16 256 2400 194
519 128 16 2400 167
520 16 128 5000 138
521 16 16 2400 139
522 128 256 2400 99
523 128 16 2400 127
524 16 256 1000 127
525 128 256 500 198
526 32 16 500 120
527 32 16 5000 167
528 128 128 2400 139
529 64 256 5000 128
530 64 64 1000 193
531 32 16 1000 195
532 64 128 500 112
533 16 128 5000 167
534 32 16 800 100
535 16 128 800 120
536 16 16 2400 184
537 128 256 800 94
538 32 256 500 176
539 64 16 800 105
540 64 256 500 135
541 32 128 1000 179
542 16 128 500 152
543 64 128 2400 164
544 64 128 5000 150
545 16 16 5000 189
546 128 256 1000 195
547 128 64 2400 196
548 128 16 5000 101
549 32 64 1000 95
550 32 16 5000 185
551 64 64 2400 92
552 64 256 2400 176
553 16 16 2400 110
554 128 128 800 117
555 64 256 800 154
556 64 64 2400 181
557 128 256 2400 198
558 128 128 500 198
559 64 16 500 104
560 128 256 500 90
561 64 64 5000 164
562 128 64 1000 155
563 128 64 2400 195
564 16 16 1000 165
565 128 16 5000 148
566 64 64 1000 185
567 64 256 500 189
568 64 128 5000 137
569 32 128 800 95
570 16 128 800 134
571 16 128 1000 123
572 32 16 5000 108
573 64 16 1000 191
574 32 64 2400 197
575 128 64 1000 195
576 64 128 500 200
577 32 256 800 132
578 16 256 2400 151
579 32 256 5000 185
580 64 16 500 111
581 32 128 500 127
582 64 128 1000 184
583 128 64 500 139
584 64 256 800 166
585 64 64 2400 117
586 128 128 2400 106
587 16 256 500 115
588 128 128 1000 136
589 128 128 800 127
590 64 64 2400 135
591 32 256 2400 143
592 32 128 500 120
593 64 64 1000 155
594 16 256 800 136
595 16 16 1000 185
596 128 16 5000 124
597 16 256 800 109
598 64 128 500 113
599 32 128 1000 98
600 32 128 5000 171
601 64 256 5000 104
602 64 256 500 109
603 16 256 500 100
604 16 256 500 110
605 32 128 1000 101
606 128 16 5000 156
607 32 256 800 134
608 16 256 5000 124
609 32 64 5000 193
610 16 256 500 108
611 128 64 1000 197
612 32 16 2400 113
613 64 256 2400 92
614 32 256 500 161
615 16 64 500 113
616 128 64 800 121
617 32 16 800 192
618 16 64 500 197
619 64 256 5000 125
620 64 256 500 156
621 128 256 800 167
622 128 256 800 107
623 128 16 5000 151
624 64 128 500 148
625 128 128 2400 181
626 64 128 2400 192
627 16 256 800 130
628 128 16 2400 126
629 128 16 2400 152
630 64 16 500 131
631 128 64 2400 139
632 128 256 500 146
633 32 128 1000 92
634 32 256 1000 150
635 16 256 500 133
636 32 128 800 93
637 32 64 800 128
638 64 128 800 191
639 128 16 800 105
640 32 64 1000 152
641 16 16 2400 191
642 32 128 5000 92
643 64 64 1000 118
644 64 256 2400 169
645 16 128 1000 198
646 64 256 500 147
647 32 64 5000 102
648 64 128 500 157
649 32 128 500 125
650 32 64 1000 179
651 32 128 2400 91
652 128 128 500 170
653 128 16 2400 93
654 16 16 2400 167
655 32 64 5000 113
656 32 256 5000 116
657 128 256 800 149
658 128 16 500 123
659 32 16 800 117
660 16 128 2400 189
661 16 256 1000 102
662 16 16 1000 146
663 128 128 2400 166
664 16 16 1000 172
665 64 128 5000 158
666 128 64 2400 190
667 32 256 500 111
668 32 128 800 106
669 32 64 500 190
670 128 128 2400 121
671 32 64 2400 142
672 16 128 500 133
673 128 128 5000 196
674 16 256 1000 168
675 16 16 800 160
676 16 16 1000 183
677 16 128 500 90
678 16 64 1000 129
679 16 16 5000 124
680 32 16 2400 91
681 16 256 1000 174
682 128 16 1000 120
683 16 256 1000 158
684 128 128 2400 181
685 64 256 500 183
686 16 64 1000 173
687 64 16 800 131
688 16 256 1000 155
689 64 256 800 198
690 64 256 5000 160
691 64 256 5000 177
692 32 256 1000 199
693 64 256 2400 141
694 16 128 5000 176
695 128 256 5000 95
696 32 16 1000 131
697 32 16 2400 156
698 128 64 5000 113
699 128 256 500 140
700 128 16 800 136
701 32 64 2400 161
702 64 256 5000 183
703 32 256 800 127
704 32 64 800 142
705 16 128 2400 193
706 32 256 1000 131
707 64 64 500 171
708 64 16 5000 195
709 32 16 2400 153
710 64 256 500 160
711 16 64 800 126
712 16 64 1000 165
713 128 64 1000 98
714 16 16 500 191
715 128 256 800 99
716 128 64 1000 111
717 64 64 500 157
718 64 128 500 172
719 128 64 800 97
720 128 16 1000 97
721 64 64 2400 134
722 128 128 1000 117
723 128 64 1000 119
724 128 128 5000 174
725 128 64 5000 92
726 64 256 5000 190
727 32 128 2400 97
728 16 128 1000 138
729 16 256 800 173
730 16 128 2400 156
731 128 256 800 178
732 128 64 800 125
733 64 256 1000 91
734 128 128 2400 172
735 16 128 800 100
736 16 64 5000 138
737 32 16 500 163
738 128 128 800 90
739 32 128 800 108
740 32 64 5000 91
741 64 64 800 178
742 16 16 800 133
743 16 128 800 158
744 64 256 1000 131
745 16 64 500 163
746 16 256 500 174
747 16 64 5000 137
748 16 256 5000 131
749 64 16 5000 158
750 32 16 800 193
751 32 64 800 192
752 32 16 500 190
753 32 64 5000 166
754 16 256 1000 92
755 16 64 800 131
756 64 16 5000 121
757 128 64 500 97
758 32 256 1000 190
759 32 128 2400 136
760 16 256 1000 194
761 16 64 5000 190
762 128 16 800 129
763 32 128 500 112
764 128 256 5000 106
765 64 128 1000 168
766 64 128 5000 186
767 64 64 1000 181
768 32 16 800 166
769 64 16 500 170
770 32 128 2400 188
771 128 16 1000 129
772 128 64 1000 180
773 16 256 5000 157
774 64 16 800 160
775 32 16 1000 160
776 16 64 800 193
777 32 16 2400 129
778 64 128 1000 122
779 16 256 5000 183
780 128 128 800 136
781 128 256 800 191
782 32 64 800 135
783 32 64 2400 99
784 32 64 1000 156
785 32 128 1000 101
786 64 16 1000 115
787 32 16 1000 133
788 128 256 2400 146
789 128 128 500 141
790 128 256 500 144
791 64 16 500 119
792 128 16 2400 105
793 32 16 800 154
794 32 128 500 90
795 64 64 500 99
796 32 256 500 101
797 64 128 5000 137
798 32 16 5000 139
799 16 64 5000 122
800 128 128 800 186
801 32 16 2400 154
802 32 16 2400 172
803 32 16 1000 177
804 32 256 5000 147
805 128 128 1000 95
806 64 64 5000 168
807 64 128 5000 108
808 16 64 5000 129
809 32 64 1000 143
810 64 16 500 194
811 128 256 500 198
812 128 256 800 114
813 32 256 800 142
814 128 16 500 198
815 64 64 1000 97
816 64 128 800 113
817 64 128 800 188
818 128 256 5000 93
819 128 128 1000 140
820 64 64 5000 93
821 128 256 5000 181
822 64 64 5000 115
823 128 64 500 189
824 32 16 500 185
825 32 256 1000 126
826 128 64 2400 185
827 32 16 2400 126
828 128 256 1000 94
829 16 16 500 142
830 64 64 5000 153
831 128 128 800 149
832 64 128 800 103
833 32 128 5000 188
834 128 256 1000 147
835 128 256 800 168
836 16 64 5000 188
837 32 64 5000 140
838 16 128 500 130
839 128 16 1000 187
840 32 16 5000 176
841 16 128 1000 166
842 16 16 2400 195
843 64 16 2400 182
844 64 256 5000 149
845 64 64 800 183
846 64 256 800 171
847 32 64 500 200
848 16 256 2400 176
849 128 256 2400 117
850 128 16 2400 178
851 16 256 5000 118
852 128 16 800 170
853 128 128 2400 127
291
3 495 58 122
5 781 43 157
7 791 63 138
9 523 64 148
12 845 68 197
13 263 63 169
14 174 48 118
15 254 50 183
16 96 52 105
17 40 43 169
26 134 61 160
26 843 56 94
27 277 58 144
27 143 57 109
28 203 44 196
28 168 55 162
29 498 44 141
32 494 48 154
33 226 49 134
34 288 58 147
35 468 59 197
36 352 46 177
36 56 56 156
36 845 44 118
36 692 62 118
41 288 65 109
41 634 60 134
42 454 44 196
43 576 44 97
46 325 52 169
47 587 60 112
47 442 66 186
50 761 43 147
52 777 59 151
53 601 65 179
54 248 47 136
54 417 41 148
56 192 54 109
57 390 65 134
61 192 55 120
61 290 61 153
62 111 60 131
64 183 56 198
64 531 51 93
67 771 40 185
69 333 58 97
71 811 50 169
72 379 49 113
73 729 57 136
73 655 67 157
75 670 50 98
77 751 59 195
87 153 60 169
88 425 60 133
90 804 49 188
90 589 41 101
91 107 69 167
92 148 67 198
93 566 67 143
95 401 45 176
96 549 50 121
98 184 50 104
100 656 54 175
101 775 66 189
101 627 50 111
104 239 60 200
105 241 64 164
106 789 51 105
107 248 56 158
109 528 64 106
110 345 55 134
112 640 49 107
112 722 49 136
112 727 55 122
117 634 66 134
118 686 70 142
118 329 43 125
121 741 67 193
121 465 55 123
122 496 50 91
129 386 67 141
129 724 51 101
129 459 52 156
129 541 42 130
131 557 62 92
132 456 63 94
133 627 69 140
134 576 47 144
134 658 46 114
135 321 58 135
144 514 47 118
145 544 59 169
146 592 55 155
152 257 68 159
154 474 61 163
160 233 61 104
161 284 63 137
165 379 69 200
170 247 48 173
172 555 51 99
177 825 49 167
180 274 41 168
180 188 55 106
181 247 52 154
181 353 48 128
181 408 53 111
182 786 54 183
184 411 63 197
185 372 50 147
187 377 57 99
187 325 43 115
190 334 64 140
190 574 40 149
192 691 43 175
194 829 62 112
196 268 55 185
200 691 53 164
200 657 53 192
203 361 43 142
204 653 53 169
204 426 62 171
207 394 54 160
207 337 66 157
208 489 50 107
209 793 54 131
210 293 65 152
210 328 45 125
214 592 63 184
216 730 65 186
218 594 40 196
219 740 52 141
220 793 70 106
220 642 40 123
226 491 49 93
227 231 58 130
227 287 58 178
228 305 67 198
232 469 60 176
233 821 57 155
233 810 44 189
234 707 64 187
236 570 40 132
236 429 53 134
237 327 52 108
237 378 51 184
238 813 40 184
246 271 51 174
249 260 64 108
253 734 46 138
257 766 61 92
259 374 67 192
260 492 49 189
260 699 51 190
261 341 41 151
263 439 57 176
278 386 61 196
279 324 65 150
279 540 66 193
280 311 64 109
280 466 49 182
281 647 70 131
282 428 43 159
285 793 51 117
285 580 67 129
288 540 56 192
292 835 54 151
293 789 65 186
296 646 57 149
296 608 67 183
298 509 70 148
299 318 40 121
300 610 43 93
302 630 64 168
308 394 42 192
310 828 62 113
311 659 55 153
313 390 48 171
317 652 47 194
326 390 53 172
327 353 59 144
333 522 55 162
334 672 66 105
335 388 47 177
343 472 45 197
344 407 55 151
345 362 63 95
347 660 42 106
349 386 69 141
352 625 50 197
352 754 44 181
353 522 51 191
353 474 45 146
356 597 57 111
365 601 47 178
366 519 54 108
368 391 65 184
370 640 68 91
376 420 51 97
378 766 59 187
381 695 61 181
383 777 62 128
383 505 49 193
388 820 42 133
392 609 53 138
392 507 40 91
394 482 64 158
403 581 60 93
405 663 50 175
406 718 66 106
409 490 70 140
410 484 40 164
412 700 56 167
419 766 57 169
421 631 43 120
422 529 46 131
426 779 52 94
427 480 58 108
432 539 66 154
433 559 40 111
439 791 45 151
440 564 55 147
440 727 62 107
441 838 40 151
445 810 56 159
446 615 51 110
450 788 68 146
450 454 58 116
462 793 49 93
472 821 47 193
473 790 69 116
476 765 69 185
476 764 63 122
491 524 69 198
495 807 53 111
497 540 43 116
501 787 51 153
504 643 65 168
508 817 56 170
509 648 52 127
527 535 49 114
528 846 59 188
529 689 48 186
531 778 41 110
545 754 46 123
547 773 62 179
555 590 56 142
559 569 48 93
560 798 58 126
563 643 60 200
565 852 50 109
567 588 64 117
570 839 51 186
575 829 61 114
575 699 43 134
575 781 68 194
576 676 60 195
583 732 42 90
584 849 57 141
591 816 50 175
595 676 58 139
600 657 51 121
601 794 47 162
604 853 58 168
612 756 47 135
618 654 63 145
638 742 41 141
638 776 43 129
642 847 45 90
643 746 45 98
646 793 43 164
652 655 70 148
657 762 48 179
659 801 49 174
662 722 64 168
662 774 58 187
668 779 61 162
673 753 51 147
686 847 52 158
689 767 54 110
690 803 68 98
707 783 45 183
709 804 53 141
712 775 44 121
718 731 56 138
728 779 69 193
741 818 59 194
761 829 65 146
767 838 69 148
783 797 40 108
797 853 59 186
814 847 66 186