384
0 16 16 50 62
1 8 4 150 98
2 16 4 50 60
3 2 4 50 81
4 16 2 150 58
5 8 16 100 71
6 16 64 150 73
7 16 64 200 83
8 8 2 150 53
9 16 2 100 83
10 8 16 50 61
11 2 64 100 99
12 8 4 150 77
13 8 4 100 59
14 2 2 50 57
15 2 4 200 62
16 8 4 100 50
17 8 4 100 81
18 2 2 150 56
19 8 16 200 64
20 2 2 50 50
21 16 64 150 90
22 16 64 150 88
23 16 2 100 72
24 16 16 150 63
25 16 16 50 53
26 8 4 150 92
27 8 2 150 59
28 8 2 50 76
29 2 16 100 95
30 8 2 100 94
31 16 2 50 54
32 16 16 200 57
33 16 2 50 60
34 16 2 50 57
35 2 2 50 64
36 8 2 150 91
37 8 4 200 76
38 8 4 50 86
39 2 64 150 77
40 2 16 150 53
41 8 2 50 54
42 2 2 150 89
43 8 16 200 75
44 2 16 50 70
45 8 4 100 95
46 8 64 100 100
47 16 64 50 93
48 16 64 100 54
49 8 4 150 82
50 8 16 150 98
51 16 64 200 50
52 8 4 150 73
53 8 16 50 75
54 16 2 200 53
55 2 64 100 62
56 8 16 100 52
57 16 64 200 60
58 16 16 200 73
59 2 4 100 89
60 16 64 100 56
61 8 64 150 64
62 8 4 100 98
63 2 4 50 65
64 16 2 150 59
65 2 64 200 82
66 16 16 50 56
67 8 64 200 72
68 16 16 150 54
69 2 64 150 50
70 2 2 50 88
71 2 2 50 86
72 16 4 150 68
73 8 16 200 53
74 2 16 200 64
75 8 4 100 95
76 8 4 200 67
77 2 2 100 85
78 8 64 50 65
79 16 16 150 73
80 8 16 50 59
81 8 64 150 58
82 16 4 50 87
83 16 2 150 62
84 16 16 150 50
85 8 64 50 69
86 8 64 200 99
87 8 2 150 99
88 16 16 50 94
89 2 64 150 52
90 2 4 50 58
91 16 64 150 67
92 16 64 50 76
93 8 4 150 88
94 2 4 150 63
95 16 64 200 91
96 8 2 100 58
97 16 64 200 94
98 8 4 100 63
99 8 2 100 78
100 8 2 100 52
101 8 64 100 92
102 8 4 100 54
103 8 16 200 100
104 2 2 150 71
105 8 2 150 83
106 8 16 150 60
107 8 4 150 80
108 2 2 50 68
109 8 64 100 91
110 2 16 100 79
111 8 4 100 70
112 8 16 100 52
113 8 2 50 77
114 8 16 150 64
115 8 64 150 93
116 8 16 100 81
117 8 2 150 53
118 16 4 200 76
119 2 64 200 86
120 8 2 150 66
121 8 64 50 60
122 16 16 50 75
123 8 2 100 76
124 16 64 50 79
125 2 64 150 55
126 2 2 150 88
127 16 16 50 64
128 2 64 50 87
129 16 64 100 81
130 16 64 100 66
131 16 64 200 75
132 8 2 100 55
133 16 4 100 92
134 8 64 150 93
135 2 64 50 54
136 8 64 150 95
137 8 2 100 88
138 16 4 200 60
139 16 2 150 79
140 8 4 50 67
141 8 2 100 71
142 16 4 200 95
143 8 4 200 80
144 16 16 50 99
145 8 16 50 90
146 8 2 100 70
147 2 4 100 71
148 2 4 50 61
149 8 2 50 81
150 8 4 100 97
151 2 4 50 100
152 2 2 50 93
153 16 64 50 85
154 2 2 100 61
155 2 64 150 87
156 16 64 100 91
157 8 4 100 72
158 16 16 50 96
159 2 2 200 96
160 2 16 100 85
161 16 64 50 89
162 16 4 150 58
163 2 2 200 70
164 16 2 100 80
165 8 2 150 100
166 2 64 100 93
167 16 16 50 79
168 2 4 100 85
169 2 64 150 89
170 8 64 50 93
171 8 64 50 87
172 16 16 50 84
173 16 64 150 69
174 2 16 150 52
175 2 64 100 82
176 8 2 50 79
177 8 2 50 76
178 16 16 100 64
179 16 16 200 89
180 8 16 200 68
181 8 16 200 89
182 8 16 100 63
183 16 64 200 67
184 8 16 200 82
185 2 4 50 72
186 16 2 150 74
187 8 64 50 83
188 8 16 50 97
189 2 64 200 75
190 8 64 50 98
191 2 64 150 82
192 2 16 150 52
193 16 4 100 53
194 8 2 50 92
195 8 16 150 82
196 16 64 50 51
197 8 2 100 89
198 16 2 200 99
199 8 16 200 95
200 2 64 50 70
201 8 64 200 69
202 8 2 50 51
203 2 4 100 74
204 8 64 50 94
205 2 4 150 68
206 2 2 50 51
207 8 64 150 64
208 8 16 150 71
209 2 2 150 79
210 16 2 50 68
211 8 16 150 74
212 8 2 50 84
213 8 2 150 86
214 2 64 100 83
215 16 64 50 57
216 2 4 150 93
217 16 4 100 71
218 2 16 150 61
219 2 16 150 52
220 8 4 100 98
221 8 2 50 58
222 16 16 200 50
223 2 4 200 87
224 16 4 50 51
225 8 64 150 80
226 16 4 150 93
227 16 16 100 97
228 2 2 100 81
229 16 4 200 63
230 2 4 150 98
231 16 4 100 55
232 2 64 100 97
233 8 16 150 93
234 8 64 50 58
235 16 64 50 94
236 8 2 150 61
237 8 4 50 83
238 16 16 150 99
239 2 16 200 57
240 2 4 200 82
241 8 64 100 68
242 8 16 100 61
243 2 4 200 62
244 2 16 200 96
245 2 64 100 68
246 2 4 100 86
247 16 2 200 53
248 16 4 100 66
249 8 4 200 71
250 2 16 150 51
251 2 16 100 99
252 2 64 150 75
253 16 16 100 66
254 8 4 200 56
255 8 2 150 50
256 2 16 150 99
257 2 2 100 97
258 16 16 50 85
259 2 4 150 69
260 16 64 150 58
261 8 2 50 94
262 16 2 100 54
263 16 64 50 86
264 16 4 100 72
265 16 4 150 71
266 8 16 100 60
267 16 64 200 91
268 16 2 150 55
269 16 4 100 52
270 16 4 100 83
271 2 4 50 64
272 16 64 150 79
273 2 4 50 50
274 16 2 150 51
275 2 4 50 56
276 16 4 200 67
277 2 4 50 67
278 8 4 50 68
279 2 4 200 73
280 2 2 200 92
281 2 2 100 54
282 16 4 200 69
283 8 2 200 60
284 2 2 50 91
285 8 16 100 97
286 2 2 150 62
287 16 64 200 75
288 16 64 200 89
289 2 16 150 63
290 16 4 200 82
291 2 2 50 70
292 8 4 50 63
293 8 4 150 95
294 16 2 100 52
295 16 64 200 67
296 2 4 100 78
297 16 4 200 87
298 8 4 50 69
299 2 64 150 80
300 16 64 150 52
301 2 64 150 99
302 16 4 200 96
303 8 16 100 81
304 8 2 50 72
305 16 64 100 92
306 8 4 100 55
307 2 64 50 84
308 16 4 200 91
309 16 16 100 55
310 2 4 50 52
311 16 4 200 89
312 16 4 100 71
313 16 16 150 70
314 8 16 50 90
315 16 64 150 64
316 8 4 100 95
317 8 4 100 89
318 8 16 150 77
319 8 16 100 100
320 8 16 50 67
321 2 4 50 66
322 16 4 100 92
323 2 4 150 95
324 16 2 50 80
325 8 2 200 99
326 8 4 50 75
327 2 4 150 57
328 16 2 200 50
329 16 16 200 58
330 16 4 200 59
331 8 4 200 88
332 2 4 150 70
333 8 16 100 95
334 16 2 50 94
335 2 4 200 63
336 16 16 50 72
337 8 64 150 78
338 8 16 100 91
339 2 2 100 64
340 2 16 150 87
341 8 16 50 63
342 8 16 50 94
343 8 64 50 94
344 8 64 200 51
345 16 4 100 100
346 16 64 150 80
347 8 64 150 64
348 2 64 50 51
349 16 4 150 56
350 16 2 150 76
351 2 16 200 98
352 16 64 50 65
353 16 4 150 71
354 16 16 150 70
355 2 2 200 93
356 8 64 150 82
357 16 2 100 78
358 8 64 150 54
359 8 64 100 55
360 16 4 50 67
361 16 16 200 99
362 16 64 50 81
363 8 2 100 71
364 16 64 100 96
365 16 4 150 87
366 8 4 50 97
367 8 2 150 85
368 2 16 100 97
369 2 64 150 73
370 8 4 150 77
371 2 64 150 92
372 8 4 100 82
373 2 64 200 79
374 2 2 50 74
375 2 2 100 56
376 8 16 200 78
377 16 2 200 100
378 16 64 200 74
379 8 64 50 66
380 8 16 50 95
381 16 2 100 72
382 2 2 100 58
383 2 4 50 76
168
0 264 57 162
2 192 68 144
2 295 46 92
3 53 52 173
3 313 61 123
4 84 63 175
4 154 46 174
4 182 53 192
6 206 67 190
7 140 58 90
8 291 60 165
8 254 60 179
10 102 48 152
10 354 54 113
10 18 66 199
11 52 62 132
11 81 46 99
14 76 44 151
16 187 61 139
17 207 42 193
18 30 65 169
21 35 58 186
21 277 70 194
21 112 55 91
22 187 57 200
23 318 41 167
24 261 45 174
25 127 49 121
25 316 70 179
25 204 44 155
27 313 47 162
27 183 57 103
27 151 62 124
27 98 54 151
27 70 50 164
31 368 63 168
33 293 52 164
34 166 56 165
35 237 47 135
35 129 67 189
36 293 42 109
37 204 70 128
38 294 60 96
39 123 41 193
41 192 52 185
43 228 51 199
46 257 68 162
46 145 67 149
48 279 69 109
48 274 50 135
50 224 54 118
51 371 60 158
52 148 45 197
52 92 43 143
57 294 69 181
60 344 43 186
62 236 60 141
64 265 43 133
65 283 47 103
65 111 53 119
65 184 46 99
69 148 69 102
71 74 55 129
76 206 47 111
80 186 58 109
82 138 63 184
83 152 54 186
84 342 57 194
85 212 46 168
86 135 52 194
90 169 47 102
90 173 40 158
90 252 49 152
91 277 44 156
91 287 40 124
92 374 69 169
96 155 60 105
97 121 62 120
98 305 61 93
98 336 46 190
98 159 58 92
99 371 49 92
100 112 57 105
101 214 70 184
102 372 48 112
102 354 62 112
104 306 54 199
106 191 67 138
107 123 62 112
112 240 57 148
113 361 62 110
119 347 44 122
122 384 51 92
122 221 60 108
122 197 51 126
124 354 48 127
125 345 51 197
130 289 51 119
130 353 40 187
133 199 51 128
134 244 41 193
135 364 51 157
137 186 67 139
139 334 47 195
140 310 54 142
141 257 65 155
142 335 42 124
143 217 66 139
145 352 61 183
148 229 67 95
150 199 41 149
157 240 62 152
157 326 43 161
157 217 59 127
159 338 61 106
163 260 55 134
164 219 65 134
165 205 54 138
169 281 57 104
171 258 54 134
173 374 53 178
174 377 57 108
178 234 46 106
178 365 45 145
179 203 61 119
181 378 51 189
184 275 63 148
190 360 60 158
191 209 44 123
191 236 49 119
191 214 41 195
195 373 52 133
202 310 48 113
203 254 46 104
204 369 64 109
206 357 61 196
208 209 63 120
209 318 55 122
211 219 50 169
211 343 61 128
213 384 51 145
215 342 69 142
216 373 49 198
216 380 55 119
219 240 56 151
220 229 67 108
223 315 53 183
225 249 42 144
230 261 60 125
233 286 63 115
240 333 46 176
243 362 64 140
245 371 64 197
247 320 64 111
254 270 66 171
260 335 58 196
262 294 65 123
274 324 42 97
275 278 44 123
282 305 55 136
295 351 69 174
297 369 43 200
300 375 56 187
301 329 66 191
307 356 45 173
308 362 58 155
316 330 62 103
365 373 65 99