477
0 8 16 1000 116
1 2 16 300 128
2 2 128 100 144
3 16 128 500 125
4 16 16 100 116
5 2 16 100 132
6 2 16 100 108
7 8 128 100 91
8 16 128 100 110
9 8 128 200 128
10 2 64 100 125
11 16 128 200 140
12 2 128 200 110
13 2 64 500 91
14 16 16 100 105
15 2 128 500 97
16 2 128 500 96
17 8 64 300 136
18 2 16 500 148
19 2 16 1000 132
20 8 128 200 148
21 8 128 100 130
22 2 64 300 116
23 8 16 500 115
24 2 64 1000 109
25 2 128 500 96
26 16 64 100 123
27 2 16 500 106
28 2 128 200 129
29 8 16 1000 133
30 8 64 500 94
31 16 64 500 101
32 16 16 500 111
33 2 128 200 146
34 16 64 1000 145
35 8 128 1000 133
36 16 128 100 134
37 8 64 100 114
38 8 128 1000 141
39 16 16 200 130
40 2 64 100 114
41 8 16 200 146
42 16 16 500 111
43 2 64 1000 141
44 16 64 100 115
45 2 128 300 129
46 16 128 500 140
47 8 64 500 149
48 16 16 1000 141
49 8 128 500 142
50 8 64 200 120
51 8 128 100 91
52 8 16 200 103
53 8 128 1000 115
54 16 128 200 106
55 8 128 100 122
56 2 128 300 126
57 8 128 100 146
58 2 64 1000 117
59 2 128 1000 144
60 16 64 1000 146
61 2 128 300 144
62 16 128 500 120
63 8 64 200 97
64 8 128 100 92
65 16 128 200 103
66 16 16 200 142
67 16 16 200 131
68 2 16 1000 136
69 16 16 300 142
70 8 128 300 112
71 16 16 1000 130
72 16 64 200 92
73 8 64 300 140
74 8 64 200 110
75 8 64 100 107
76 16 128 100 136
77 16 16 300 92
78 16 64 200 150
79 2 64 500 127
80 16 16 300 101
81 8 16 300 99
82 16 16 300 100
83 2 16 1000 137
84 16 16 300 115
85 8 128 500 129
86 8 128 500 113
87 2 16 300 126
88 8 64 200 148
89 8 64 200 108
90 8 128 200 139
91 2 64 200 129
92 2 64 200 98
93 8 128 1000 141
94 2 64 500 114
95 2 16 500 131
96 16 128 300 95
97 2 16 1000 133
98 16 16 500 120
99 2 16 500 147
100 16 16 300 116
101 16 128 300 111
102 2 64 500 143
103 16 16 1000 142
104 2 16 500 138
105 2 64 300 129
106 2 128 1000 131
107 2 64 100 121
108 16 128 100 105
109 16 128 100 95
110 8 16 500 93
111 8 128 1000 138
112 2 128 100 122
113 2 64 1000 93
114 16 16 500 99
115 2 64 100 146
116 2 16 500 137
117 2 128 1000 147
118 2 128 100 144
119 16 64 500 106
120 8 128 300 126
121 2 128 100 143
122 16 64 300 126
123 2 128 1000 132
124 8 16 300 136
125 8 64 1000 135
126 2 128 200 95
127 16 16 300 105
128 8 128 1000 98
129 16 128 200 107
130 8 128 300 104
131 2 64 200 140
132 16 64 500 90
133 16 16 100 128
134 2 128 200 130
135 8 128 200 144
136 8 16 1000 106
137 16 16 300 134
138 8 64 500 145
139 8 16 200 101
140 2 16 500 135
141 16 128 300 130
142 2 64 200 139
143 8 128 100 105
144 16 16 1000 109
145 2 64 500 129
146 16 128 100 147
147 16 128 500 122
148 2 64 100 112
149 16 64 200 95
150 2 128 1000 120
151 2 128 100 132
152 2 64 500 143
153 8 64 500 100
154 2 128 200 119
155 2 64 300 99
156 16 64 500 101
157 2 128 500 91
158 16 64 200 100
159 2 16 100 130
160 2 128 300 103
161 2 16 200 142
162 2 64 100 125
163 8 64 100 102
164 16 16 500 142
165 16 64 1000 127
166 2 16 100 116
167 8 16 300 140
168 16 128 200 96
169 16 128 300 133
170 8 64 1000 132
171 2 64 500 91
172 8 64 300 123
173 16 16 1000 132
174 2 16 300 138
175 2 64 200 117
176 8 128 200 114
177 8 128 100 140
178 8 16 500 149
179 2 16 300 131
180 8 128 500 121
181 2 64 200 118
182 8 64 500 109
183 16 16 1000 136
184 16 128 200 106
185 16 16 300 93
186 16 64 200 108
187 2 64 100 97
188 8 64 200 116
189 16 128 100 97
190 16 64 500 140
191 2 128 100 91
192 2 128 500 142
193 2 16 200 96
194 2 128 500 133
195 16 16 200 112
196 2 16 1000 134
197 2 128 300 142
198 16 64 100 142
199 8 64 200 109
200 8 64 1000 124
201 8 16 200 95
202 8 64 1000 106
203 16 16 300 137
204 2 16 200 125
205 2 64 500 144
206 8 16 1000 139
207 2 128 200 123
208 2 16 300 91
209 16 16 100 103
210 16 64 100 110
211 8 64 300 109
212 8 128 100 128
213 16 128 1000 105
214 2 64 1000 118
215 8 16 100 131
216 16 16 100 95
217 16 128 100 131
218 8 128 1000 109
219 8 128 200 110
220 16 128 300 96
221 2 16 1000 110
222 16 16 200 109
223 16 128 500 97
224 8 64 300 142
225 8 64 200 131
226 2 64 200 112
227 8 128 1000 149
228 8 16 500 94
229 8 64 300 139
230 16 128 500 148
231 2 16 500 104
232 16 64 1000 135
233 2 128 300 99
234 16 16 300 92
235 8 128 300 90
236 16 64 100 112
237 2 128 100 106
238 16 128 100 125
239 8 64 500 102
240 2 16 300 120
241 16 64 100 92
242 2 128 200 138
243 16 16 1000 139
244 2 64 1000 133
245 2 64 500 106
246 16 128 300 121
247 16 128 100 128
248 16 16 500 97
249 8 64 1000 122
250 16 16 1000 140
251 8 128 200 106
252 2 16 500 124
253 2 64 500 138
254 8 64 300 90
255 16 128 200 97
256 2 128 500 127
257 16 16 500 106
258 2 16 100 147
259 2 16 500 107
260 16 64 200 90
261 8 16 500 137
262 8 64 100 127
263 2 128 1000 97
264 8 64 1000 103
265 2 16 500 96
266 8 16 300 91
267 16 16 500 117
268 16 16 300 93
269 16 64 1000 105
270 8 128 1000 135
271 2 128 100 112
272 16 16 1000 144
273 2 128 200 124
274 2 64 200 145
275 16 128 200 90
276 8 128 100 126
277 8 64 500 92
278 8 64 300 123
279 16 16 100 92
280 16 64 1000 131
281 2 64 300 127
282 2 128 200 122
283 8 16 300 116
284 2 64 300 93
285 2 64 200 131
286 2 16 500 90
287 2 128 500 106
288 2 16 100 106
289 2 64 500 116
290 16 16 300 93
291 8 128 1000 113
292 2 16 100 150
293 16 64 300 100
294 2 128 500 112
295 8 64 300 126
296 8 64 100 130
297 2 128 1000 117
298 16 128 300 135
299 8 128 100 130
300 2 64 300 148
301 16 16 1000 115
302 8 16 300 97
303 16 64 300 134
304 8 16 300 116
305 16 128 100 146
306 2 128 500 108
307 8 64 200 98
308 2 16 500 104
309 8 128 1000 120
310 8 64 200 98
311 2 16 1000 143
312 16 64 300 144
313 2 128 300 94
314 16 16 100 145
315 8 128 100 95
316 8 64 200 146
317 2 128 1000 134
318 16 16 200 128
319 16 128 500 147
320 2 128 500 112
321 2 16 1000 135
322 8 16 1000 146
323 8 128 1000 119
324 8 16 200 92
325 2 16 1000 96
326 8 16 500 93
327 16 16 100 102
328 8 128 1000 114
329 16 128 100 111
330 8 16 1000 109
331 16 128 500 130
332 2 64 100 111
333 8 64 500 139
334 2 64 300 116
335 2 64 1000 102
336 2 128 100 135
337 2 128 1000 110
338 8 128 500 139
339 2 64 200 90
340 16 64 500 101
341 2 64 100 105
342 8 64 300 113
343 16 128 500 146
344 2 128 1000 92
345 8 16 300 142
346 8 64 100 95
347 2 16 500 147
348 8 128 1000 130
349 8 128 300 117
350 8 128 1000 134
351 16 64 100 140
352 2 128 1000 125
353 8 16 500 147
354 16 16 500 93
355 8 16 1000 103
356 16 64 100 135
357 2 64 200 119
358 16 16 100 94
359 8 16 500 141
360 2 128 100 115
361 8 64 500 149
362 2 128 1000 125
363 2 128 100 93
364 16 128 200 119
365 16 128 300 121
366 2 64 500 104
367 2 16 200 127
368 8 128 1000 95
369 2 64 300 128
370 16 16 500 104
371 8 128 1000 106
372 8 128 500 137
373 2 128 1000 107
374 16 16 200 100
375 2 16 300 132
376 8 64 100 109
377 16 128 100 128
378 16 128 1000 142
379 8 64 200 99
380 2 64 500 112
381 2 16 300 129
382 8 64 200 150
383 16 64 200 97
384 2 16 100 111
385 2 16 100 142
386 2 128 500 104
387 16 16 1000 96
388 2 64 200 113
389 16 16 1000 114
390 2 128 200 128
391 16 64 100 127
392 16 128 500 148
393 8 16 100 135
394 2 64 300 122
395 8 64 300 144
396 8 128 1000 127
397 16 16 300 132
398 8 64 500 96
399 2 64 500 98
400 8 64 500 128
401 16 128 100 113
402 2 64 200 102
403 2 64 1000 107
404 8 64 100 95
405 16 16 200 119
406 16 16 1000 145
407 8 128 200 143
408 2 16 1000 118
409 16 16 100 106
410 2 128 100 119
411 8 128 200 108
412 16 64 200 138
413 2 128 100 127
414 8 16 300 103
415 8 64 200 111
416 16 64 300 100
417 16 16 100 113
418 2 16 200 125
419 16 16 100 134
420 2 16 200 100
421 8 16 500 138
422 8 16 200 110
423 16 64 300 126
424 16 64 200 124
425 16 64 500 141
426 16 128 1000 148
427 16 128 100 132
428 16 16 500 99
429 8 16 1000 133
430 8 128 1000 150
431 16 64 100 138
432 8 16 1000 96
433 2 64 500 98
434 8 64 300 98
435 2 16 300 141
436 8 128 100 128
437 16 128 100 111
438 16 16 1000 134
439 2 16 100 94
440 8 64 200 125
441 16 64 100 108
442 2 128 1000 100
443 2 16 200 122
444 2 128 200 94
445 16 16 500 127
446 8 16 200 120
447 2 16 200 117
448 8 64 100 144
449 8 128 1000 97
450 16 16 1000 130
451 2 16 300 140
452 8 64 200 146
453 16 64 500 126
454 2 64 1000 108
455 16 64 500 97
456 16 128 1000 120
457 16 16 100 136
458 16 64 300 114
459 2 64 1000 134
460 8 64 200 123
461 16 16 100 110
462 8 64 300 128
463 2 64 300 107
464 16 128 1000 100
465 16 64 300 105
466 16 64 500 123
467 16 128 300 103
468 16 64 1000 113
469 16 128 300 104
470 2 16 100 115
471 2 128 200 92
472 16 16 200 144
473 8 16 500 103
474 8 64 100 131
475 16 64 200 143
476 8 64 100 105
48
7 33 56 191
11 28 42 132
14 136 50 107
18 207 57 97
18 126 49 96
19 59 49 140
20 399 68 140
29 322 41 144
39 456 55 156
40 357 57 159
45 188 41 103
47 137 42 139
51 104 61 92
69 381 66 144
76 255 40 145
79 240 62 124
92 130 59 167
95 450 54 123
96 456 61 195
98 373 59 132
108 288 50 182
111 293 68 187
112 460 44 106
117 393 45 123
120 143 51 177
127 433 69 183
137 148 43 120
157 279 57 96
164 311 45 136
168 430 45 135
172 381 61 127
185 328 49 116
195 378 46 163
231 372 69 97
237 240 43 135
243 272 69 178
253 272 65 94
276 403 58 170
277 370 47 173
289 374 58 99
297 304 57 166
320 375 48 106
322 388 44 164
340 438 62 193
362 374 41 167
368 445 63 192
396 418 49 126
449 453 59 161