991
0 16 128 1000 189
1 64 256 2400 142
2 16 16 2400 116
3 16 256 800 136
4 32 64 2400 142
5 16 64 500 163
6 32 128 2400 177
7 32 128 800 145
8 64 256 5000 175
9 16 64 1000 199
10 16 128 5000 103
11 64 16 500 169
12 16 64 1000 167
13 128 16 2400 174
14 32 256 5000 189
15 32 128 800 191
16 16 256 800 155
17 128 256 800 123
18 16 64 2400 157
19 16 128 2400 105
20 64 64 500 173
21 32 16 5000 164
22 16 256 1000 187
23 64 64 5000 135
24 16 16 1000 159
25 16 64 800 103
26 32 64 800 111
27 16 256 500 168
28 128 256 2400 153
29 32 64 500 193
30 16 128 2400 148
31 128 64 800 188
32 64 256 500 144
33 64 256 1000 137
34 64 128 2400 95
35 128 128 1000 125
36 16 128 500 171
37 32 128 800 151
38 128 256 5000 195
39 128 16 2400 94
40 64 16 2400 179
41 128 16 1000 107
42 128 128 500 117
43 64 128 5000 126
44 32 16 1000 130
45 16 16 5000 126
46 32 128 2400 120
47 32 256 1000 144
48 64 16 1000 170
49 128 256 800 158
50 32 64 2400 126
51 128 64 800 103
52 128 16 2400 93
53 16 16 800 198
54 64 256 800 102
55 32 64 800 174
56 16 256 2400 137
57 32 128 500 194
58 32 16 2400 127
59 16 64 2400 107
60 64 256 2400 155
61 128 128 500 116
62 64 64 1000 98
63 32 128 1000 163
64 64 64 800 146
65 32 256 500 115
66 128 128 5000 90
67 32 128 2400 96
68 16 64 800 186
69 32 128 800 190
70 32 64 800 159
71 128 64 1000 161
72 64 64 500 104
73 16 256 500 172
74 16 128 500 195
75 128 64 500 112
76 64 128 5000 193
77 32 256 2400 134
78 16 256 1000 187
79 128 64 1000 111
80 32 128 5000 132
81 32 16 800 179
82 16 128 1000 107
83 32 128 2400 154
84 128 16 2400 115
85 32 256 1000 125
86 128 16 5000 108
87 64 256 1000 176
88 32 16 500 101
89 16 64 2400 122
90 64 256 1000 144
91 32 16 500 98
92 64 16 1000 174
93 32 64 5000 143
94 128 256 800 137
95 32 256 500 162
96 32 64 5000 197
97 16 64 2400 180
98 64 128 2400 159
99 128 16 2400 185
100 32 64 800 170
101 32 64 2400 111
102 16 64 2400 99
103 64 64 500 187
104 128 64 5000 96
105 128 64 500 197
106 16 64 2400 98
107 64 256 1000 147
108 128 16 2400 179
109 64 64 5000 160
110 64 256 2400 160
111 32 16 2400 182
112 64 16 500 105
113 16 64 500 177
114 64 16 800 153
115 16 64 1000 144
116 32 128 5000 153
117 16 16 500 192
118 128 16 2400 136
119 16 128 5000 176
120 32 128 500 184
121 32 16 5000 134
122 128 128 2400 179
123 64 64 800 103
124 128 128 2400 153
125 64 256 500 171
126 128 128 800 95
127 64 256 2400 158
128 64 16 500 196
129 32 16 800 191
130 64 256 5000 159
131 32 64 2400 109
132 64 256 5000 121
133 128 256 800 154
134 32 128 800 93
135 64 128 5000 92
136 32 256 800 102
137 32 128 1000 149
138 32 16 1000 153
139 16 256 800 109
140 64 64 5000 109
141 64 256 5000 95
142 16 16 2400 120
143 32 16 800 137
144 32 256 5000 124
145 64 16 5000 98
146 32 16 800 181
147 16 64 500 163
148 16 128 500 159
149 32 256 800 122
150 16 128 1000 156
151 16 256 5000 127
152 32 16 1000 90
153 32 128 500 90
154 16 64 800 177
155 128 256 800 132
156 64 128 500 195
157 32 64 2400 199
158 128 16 1000 185
159 128 256 500 168
160 64 16 5000 90
161 64 256 500 152
162 128 256 5000 178
163 64 64 5000 112
164 16 128 1000 149
165 32 256 800 126
166 16 16 1000 102
167 32 128 800 197
168 32 128 500 115
169 16 256 1000 168
170 128 64 1000 148
171 64 256 5000 123
172 16 64 5000 126
173 128 256 5000 102
174 64 16 2400 119
175 16 16 5000 152
176 32 256 500 96
177 32 16 1000 100
178 16 128 5000 168
179 32 128 500 193
180 128 128 5000 108
181 32 256 1000 110
182 64 16 500 156
183 32 16 2400 171
184 128 16 5000 189
185 16 256 500 141
186 64 256 5000 103
187 32 64 1000 186
188 128 16 2400 159
189 128 256 800 167
190 64 256 2400 192
191 32 64 800 171
192 128 128 2400 145
193 16 64 5000 113
194 64 16 2400 191
195 128 16 1000 176
196 16 16 500 108
197 16 16 500 156
198 64 16 1000 106
199 64 256 800 146
200 32 128 500 126
201 16 256 500 106
202 128 128 500 176
203 16 256 500 104
204 16 64 2400 107
205 64 256 1000 140
206 128 64 800 125
207 128 16 800 164
208 64 16 800 124
209 32 128 2400 128
210 16 64 5000 181
211 64 64 1000 170
212 128 16 1000 93
213 64 256 5000 121
214 64 64 1000 102
215 16 256 1000 92
216 64 64 1000 135
217 32 64 2400 142
218 16 64 800 112
219 64 64 5000 175
220 128 128 800 115
221 32 256 5000 195
222 64 16 500 147
223 128 64 800 114
224 128 128 500 90
225 128 16 500 190
226 32 256 5000 118
227 16 64 800 173
228 64 16 800 199
229 32 64 500 159
230 128 256 500 169
231 64 64 5000 97
232 32 64 2400 93
233 16 16 5000 131
234 64 256 2400 105
235 32 256 2400 90
236 64 256 800 129
237 64 128 1000 185
238 64 256 2400 116
239 32 16 5000 177
240 64 256 800 136
241 128 256 5000 102
242 32 64 800 94
243 32 256 1000 175
244 64 128 2400 152
245 16 64 800 143
246 32 64 800 158
247 64 64 2400 96
248 64 256 800 200
249 128 16 500 170
250 16 128 2400 100
251 16 256 500 148
252 64 16 2400 149
253 128 128 800 172
254 64 64 500 90
255 64 256 2400 183
256 32 16 1000 154
257 128 256 2400 102
258 128 64 1000 197
259 32 64 1000 183
260 128 64 500 137
261 32 128 5000 139
262 16 256 500 102
263 128 256 5000 142
264 16 16 1000 196
265 64 256 800 140
266 64 64 800 121
267 32 128 500 146
268 16 16 2400 126
269 16 16 2400 183
270 64 128 800 139
271 32 128 5000 119
272 64 16 2400 184
273 32 16 1000 119
274 128 128 500 170
275 128 128 5000 181
276 16 64 1000 131
277 32 64 500 184
278 64 16 800 186
279 32 128 800 126
280 32 256 800 113
281 16 128 2400 125
282 128 128 500 106
283 64 16 500 135
284 32 16 2400 198
285 64 128 500 152
286 64 128 5000 132
287 32 256 800 182
288 32 64 1000 142
289 128 64 2400 130
290 16 64 1000 121
291 32 16 1000 169
292 16 256 800 98
293 64 256 800 188
294 64 128 800 196
295 64 16 2400 138
296 32 64 500 92
297 16 16 2400 156
298 16 64 2400 197
299 16 128 800 119
300 128 64 5000 122
301 32 16 5000 187
302 128 256 800 122
303 128 256 500 115
304 128 16 500 173
305 16 256 2400 143
306 16 16 500 93
307 64 16 5000 152
308 32 64 2400 190
309 16 16 800 136
310 32 256 500 190
311 128 256 800 156
312 128 16 500 182
313 16 16 5000 153
314 32 64 500 167
315 32 16 500 131
316 64 128 800 155
317 32 128 500 172
318 16 64 5000 156
319 32 128 500 169
320 32 64 1000 162
321 64 16 5000 125
322 32 16 1000 119
323 16 128 2400 171
324 16 256 1000 155
325 64 256 1000 175
326 32 16 500 121
327 32 256 5000 175
328 128 256 800 178
329 32 128 800 116
330 32 64 1000 181
331 32 256 800 178
332 32 256 500 103
333 32 16 2400 158
334 64 16 5000 183
335 128 64 800 123
336 64 256 800 127
337 32 256 800 115
338 128 128 500 148
339 64 256 2400 156
340 64 16 500 153
341 32 16 1000 107
342 64 256 5000 182
343 128 128 1000 163
344 128 64 800 172
345 32 128 2400 131
346 128 256 500 95
347 128 64 1000 124
348 64 128 2400 130
349 64 128 800 197
350 128 128 2400 106
351 16 64 5000 146
352 128 16 800 133
353 32 256 500 124
354 64 128 5000 143
355 128 16 1000 192
356 64 16 1000 138
357 32 64 1000 144
358 64 16 500 144
359 128 16 500 156
360 16 16 2400 186
361 64 256 2400 109
362 64 64 5000 121
363 64 128 500 108
364 128 64 1000 115
365 32 16 800 141
366 128 64 800 145
367 32 16 2400 100
368 128 64 5000 95
369 128 128 800 140
370 64 64 2400 178
371 32 256 500 132
372 64 256 5000 158
373 128 64 1000 151
374 64 256 2400 91
375 16 256 5000 199
376 64 64 5000 196
377 128 64 500 182
378 16 16 2400 131
379 16 256 800 118
380 32 16 800 162
381 128 128 500 90
382 64 64 500 93
383 32 256 2400 112
384 64 16 800 194
385 128 256 800 127
386 64 256 2400 182
387 16 256 1000 170
388 32 16 2400 97
389 128 128 5000 163
390 128 128 500 135
391 32 128 2400 179
392 64 128 500 174
393 32 64 1000 166
394 16 128 2400 126
395 32 64 800 140
396 16 256 500 178
397 64 256 1000 126
398 16 16 1000 153
399 16 16 800 118
400 16 256 500 176
401 16 128 1000 118
402 128 64 2400 191
403 128 64 1000 145
404 128 64 5000 151
405 128 128 800 143
406 16 64 800 162
407 32 256 500 147
408 32 128 800 195
409 128 64 5000 127
410 128 256 500 156
411 32 128 5000 131
412 128 128 5000 112
413 32 16 2400 149
414 16 128 2400 162
415 128 128 800 145
416 128 128 5000 158
417 32 128 2400 139
418 64 64 5000 93
419 32 256 5000 155
420 32 256 1000 135
421 32 16 1000 114
422 32 16 5000 91
423 16 64 1000 109
424 128 16 500 140
425 16 16 5000 98
426 32 64 5000 177
427 32 16 1000 97
428 128 64 800 117
429 128 64 5000 110
430 32 64 5000 107
431 16 16 5000 175
432 64 64 5000 177
433 32 16 2400 192
434 32 64 800 196
435 64 64 1000 92
436 16 256 800 148
437 128 256 5000 93
438 32 64 1000 183
439 32 256 800 121
440 128 256 2400 107
441 32 16 5000 193
442 64 16 2400 110
443 32 256 1000 193
444 16 64 800 90
445 64 64 5000 150
446 32 128 1000 173
447 32 16 500 98
448 64 64 800 174
449 32 64 5000 140
450 64 64 800 199
451 64 256 1000 158
452 64 128 2400 107
453 128 128 800 97
454 128 64 500 166
455 128 256 1000 123
456 16 16 800 149
457 16 16 1000 103
458 128 16 1000 151
459 64 256 500 145
460 64 128 2400 108
461 128 64 2400 93
462 32 64 500 105
463 128 128 1000 131
464 16 64 5000 135
465 16 256 800 180
466 32 128 800 168
467 64 64 5000 103
468 64 16 1000 90
469 32 64 500 94
470 128 256 800 91
471 32 128 1000 137
472 64 64 1000 189
473 16 128 500 118
474 32 128 800 123
475 64 64 2400 142
476 32 128 500 148
477 64 64 5000 128
478 16 64 5000 169
479 16 256 2400 150
480 128 64 1000 153
481 32 128 800 190
482 64 256 800 192
483 32 64 800 133
484 64 64 800 192
485 64 256 800 108
486 16 16 5000 112
487 128 64 800 129
488 16 128 800 123
489 16 128 800 188
490 32 64 500 135
491 32 128 5000 199
492 128 16 800 173
493 128 256 2400 122
494 32 256 5000 169
495 64 16 1000 164
496 128 64 800 117
497 32 64 5000 186
498 16 128 500 184
499 16 16 2400 189
500 16 128 800 99
501 32 256 5000 95
502 128 16 5000 107
503 16 256 1000 98
504 128 16 500 133
505 64 128 2400 146
506 128 128 5000 187
507 16 64 800 175
508 64 128 1000 118
509 64 256 1000 128
510 32 128 5000 130
511 32 256 800 177
512 128 128 500 169
513 32 128 1000 101
514 128 128 1000 142
515 64 256 5000 164
516 64 16 800 185
517 128 64 500 154
518 16 128 5000 112
519 16 64 800 111
520 16 16 800 156
521 128 64 1000 154
522 64 16 500 147
523 128 64 5000 183
524 16 64 800 91
525 16 16 500 155
526 32 256 500 108
527 128 16 1000 92
528 128 16 2400 197
529 128 64 2400 122
530 32 64 5000 173
531 32 16 1000 185
532 64 128 2400 153
533 32 16 2400 166
534 32 128 800 144
535 64 16 500 169
536 32 16 2400 104
537 16 256 2400 177
538 64 128 500 123
539 32 256 5000 150
540 64 256 2400 117
541 32 16 500 186
542 64 128 2400 196
543 16 16 5000 180
544 64 16 2400 183
545 128 16 500 169
546 16 256 2400 123
547 32 128 500 104
548 64 256 2400 121
549 64 64 5000 182
550 128 256 500 91
551 128 64 2400 130
552 32 256 800 191
553 128 64 500 147
554 32 64 500 145
555 128 64 800 129
556 16 64 800 120
557 32 256 5000 151
558 128 256 1000 133
559 64 16 1000 150
560 16 128 500 168
561 128 256 5000 179
562 32 128 5000 196
563 64 256 2400 134
564 32 256 500 141
565 64 16 1000 107
566 16 256 1000 132
567 128 256 1000 136
568 64 16 500 98
569 128 256 5000 179
570 16 256 1000 193
571 64 128 1000 158
572 64 16 1000 126
573 16 16 1000 166
574 32 256 500 170
575 64 64 5000 150
576 128 256 5000 147
577 128 64 1000 182
578 128 16 800 113
579 32 128 2400 188
580 64 256 1000 172
581 128 256 5000 128
582 32 64 800 134
583 64 16 2400 129
584 32 256 800 156
585 128 128 500 190
586 128 128 800 118
587 64 16 2400 120
588 32 64 800 156
589 128 256 800 116
590 16 64 2400 121
591 64 64 2400 174
592 16 128 5000 187
593 64 256 2400 96
594 128 256 5000 168
595 32 128 5000 144
596 128 16 1000 168
597 128 256 5000 129
598 32 128 5000 156
599 128 128 5000 142
600 32 64 1000 114
601 128 128 500 186
602 32 256 5000 142
603 16 128 2400 106
604 32 128 800 146
605 128 16 800 180
606 128 16 5000 95
607 128 64 2400 168
608 16 16 2400 179
609 128 128 500 173
610 128 64 1000 154
611 64 64 500 134
612 32 128 1000 106
613 32 64 500 115
614 128 16 5000 128
615 32 16 5000 169
616 16 64 1000 90
617 128 16 5000 194
618 32 64 1000 174
619 128 16 1000 150
620 16 16 5000 199
621 64 256 2400 157
622 64 16 2400 167
623 16 64 500 94
624 32 128 800 120
625 16 64 2400 119
626 32 128 2400 179
627 32 64 2400 136
628 128 64 1000 136
629 128 128 5000 105
630 128 64 800 101
631 16 128 5000 198
632 16 16 2400 133
633 128 128 500 117
634 64 256 2400 91
635 16 128 5000 157
636 16 128 1000 188
637 128 64 500 115
638 64 16 2400 92
639 32 64 1000 127
640 32 128 2400 188
641 32 16 500 128
642 32 128 500 154
643 128 16 5000 152
644 64 64 2400 155
645 16 16 2400 100
646 32 128 500 158
647 128 256 1000 109
648 32 64 800 146
649 128 128 5000 104
650 128 256 5000 186
651 64 16 5000 175
652 32 128 500 103
653 64 128 1000 163
654 32 256 2400 102
655 128 256 1000 119
656 16 16 1000 93
657 32 256 500 172
658 16 256 500 180
659 16 128 1000 107
660 128 256 500 152
661 32 64 5000 172
662 16 128 1000 141
663 64 128 1000 147
664 128 256 5000 187
665 16 64 1000 173
666 128 16 5000 113
667 64 128 2400 190
668 32 16 5000 176
669 128 64 1000 123
670 128 256 1000 150
671 16 64 800 148
672 128 256 500 100
673 32 64 1000 122
674 64 64 800 137
675 16 64 1000 172
676 128 256 800 141
677 16 256 2400 91
678 32 16 1000 188
679 16 128 500 91
680 32 64 2400 114
681 32 128 2400 99
682 32 256 1000 174
683 64 128 800 169
684 128 64 2400 189
685 128 16 2400 141
686 128 64 5000 194
687 16 256 2400 127
688 128 256 800 154
689 16 256 2400 119
690 32 16 5000 173
691 32 64 800 92
692 16 128 1000 194
693 16 256 1000 129
694 16 16 800 175
695 128 256 1000 154
696 128 64 5000 152
697 128 128 2400 130
698 32 128 2400 176
699 128 128 2400 180
700 128 16 5000 110
701 128 256 2400 103
702 128 64 800 92
703 128 256 500 109
704 16 64 1000 148
705 16 256 5000 110
706 32 256 1000 124
707 16 128 1000 180
708 16 256 800 131
709 32 256 2400 125
710 32 256 1000 114
711 16 16 2400 164
712 64 16 5000 118
713 128 128 2400 143
714 128 16 1000 117
715 64 256 800 184
716 128 64 1000 131
717 128 16 2400 103
718 64 256 1000 106
719 128 256 5000 179
720 32 64 800 190
721 16 128 2400 137
722 64 16 5000 199
723 32 256 5000 192
724 16 128 2400 117
725 16 128 2400 96
726 64 64 2400 140
727 16 128 2400 170
728 128 64 800 198
729 16 128 800 130
730 32 16 5000 192
731 64 128 800 184
732 32 256 1000 109
733 32 256 5000 159
734 32 16 2400 104
735 128 64 800 198
736 64 64 1000 191
737 128 64 5000 110
738 128 256 2400 163
739 32 128 800 151
740 64 256 5000 109
741 128 64 500 131
742 64 16 2400 111
743 128 64 2400 142
744 64 64 2400 145
745 16 128 500 113
746 128 64 500 145
747 64 16 5000 163
748 32 64 5000 167
749 128 128 2400 108
750 128 16 500 157
751 32 128 2400 102
752 128 128 2400 162
753 16 128 500 193
754 128 64 800 109
755 32 16 800 178
756 128 16 5000 137
757 16 256 800 107
758 64 256 500 126
759 64 16 800 99
760 16 64 1000 150
761 16 64 800 104
762 128 256 500 92
763 32 256 500 191
764 128 16 800 141
765 32 256 800 111
766 64 16 2400 133
767 64 64 1000 182
768 128 256 1000 154
769 32 128 5000 118
770 64 64 800 179
771 64 64 1000 112
772 16 128 1000 102
773 16 256 5000 199
774 64 16 2400 139
775 64 128 5000 137
776 64 16 800 172
777 128 128 800 112
778 64 256 800 181
779 64 256 5000 119
780 16 64 500 105
781 16 256 1000 120
782 16 256 2400 94
783 16 16 500 200
784 128 128 800 161
785 32 256 2400 189
786 16 128 1000 170
787 64 16 1000 196
788 64 16 5000 107
789 32 128 800 93
790 64 256 800 111
791 32 128 5000 171
792 64 256 2400 125
793 32 256 5000 193
794 128 16 5000 142
795 16 128 500 156
796 128 64 800 136
797 32 256 5000 118
798 64 256 800 160
799 128 128 5000 95
800 64 128 1000 118
801 16 256 5000 128
802 16 16 800 145
803 128 128 800 187
804 128 256 1000 142
805 64 64 5000 196
806 128 128 2400 92
807 64 16 500 178
808 16 64 1000 139
809 128 64 5000 124
810 128 16 800 106
811 128 16 5000 147
812 128 16 500 125
813 16 64 800 164
814 64 256 1000 189
815 16 256 800 137
816 128 16 500 119
817 16 64 1000 122
818 16 256 2400 156
819 128 64 5000 151
820 32 128 500 134
821 64 16 5000 171
822 32 256 1000 110
823 16 16 2400 179
824 16 64 500 149
825 16 128 2400 199
826 64 128 1000 200
827 16 16 800 130
828 64 128 500 191
829 16 256 500 170
830 64 16 2400 158
831 64 16 500 170
832 64 128 500 134
833 32 256 5000 157
834 16 128 5000 96
835 128 64 1000 162
836 32 16 800 200
837 128 128 2400 137
838 32 64 800 176
839 64 16 5000 99
840 16 16 1000 199
841 32 64 5000 109
842 64 16 2400 105
843 16 128 5000 118
844 16 256 500 185
845 128 16 5000 133
846 32 256 500 167
847 64 256 500 101
848 32 256 500 98
849 16 64 800 154
850 64 16 5000 187
851 32 64 500 170
852 64 64 800 130
853 128 256 5000 124
854 32 256 5000 149
855 16 16 1000 166
856 16 16 5000 157
857 16 256 800 143
858 64 128 500 121
859 16 256 5000 95
860 32 128 5000 120
861 32 128 2400 189
862 128 256 5000 134
863 64 256 2400 148
864 16 64 5000 167
865 128 256 500 134
866 32 128 2400 169
867 128 128 1000 149
868 16 128 2400 155
869 64 16 5000 114
870 128 256 2400 198
871 16 64 500 156
872 64 128 5000 90
873 16 128 500 163
874 64 256 500 195
875 32 16 1000 190
876 32 64 1000 168
877 32 256 500 122
878 16 64 800 180
879 128 128 800 107
880 16 16 1000 170
881 128 16 5000 100
882 32 64 5000 145
883 64 16 5000 168
884 128 16 800 184
885 64 256 500 187
886 64 16 1000 193
887 32 256 1000 93
888 64 64 2400 138
889 128 128 5000 144
890 128 64 800 99
891 16 128 1000 200
892 64 128 1000 196
893 32 64 800 114
894 32 128 5000 176
895 128 64 5000 131
896 64 128 2400 140
897 64 256 800 136
898 32 16 5000 151
899 16 64 2400 151
900 128 256 500 142
901 16 64 1000 151
902 16 16 800 141
903 128 128 1000 192
904 64 256 2400 99
905 128 128 500 144
906 32 16 800 119
907 32 64 500 193
908 64 64 500 147
909 16 16 2400 194
910 16 64 800 188
911 128 256 800 194
912 16 128 500 193
913 32 128 800 142
914 32 64 800 114
915 16 16 5000 97
916 32 16 5000 122
917 128 16 500 95
918 16 256 2400 139
919 64 128 500 182
920 64 64 500 171
921 32 16 1000 159
922 32 64 2400 136
923 32 128 5000 138
924 128 16 2400 97
925 128 256 500 195
926 128 256 800 165
927 64 128 500 161
928 64 64 2400 120
929 64 128 800 107
930 32 128 2400 125
931 64 128 500 130
932 32 16 1000 121
933 64 256 1000 127
934 16 64 2400 112
935 64 128 1000 154
936 32 16 2400 189
937 32 256 2400 162
938 32 128 500 95
939 16 16 800 135
940 128 256 1000 165
941 64 128 5000 119
942 16 16 1000 154
943 128 64 800 183
944 16 64 800 119
945 32 128 1000 171
946 16 128 5000 100
947 64 256 500 186
948 16 256 800 126
949 16 128 800 116
950 64 128 5000 109
951 16 16 500 167
952 16 256 2400 98
953 64 128 800 168
954 32 128 5000 121
955 64 16 800 181
956 16 256 800 130
957 64 256 500 122
958 64 64 2400 188
959 16 128 500 115
960 32 256 500 107
961 64 64 500 173
962 64 16 2400 178
963 16 16 2400 94
964 16 128 1000 105
965 16 256 500 113
966 64 16 800 159
967 16 128 500 145
968 32 64 5000 140
969 64 256 1000 129
970 128 256 1000 110
971 16 16 2400 179
972 16 64 2400 135
973 64 128 1000 195
974 32 16 800 120
975 64 256 2400 135
976 32 16 5000 154
977 64 256 1000 182
978 32 16 800 174
979 128 16 500 119
980 16 16 5000 152
981 32 128 1000 185
982 128 256 2400 157
983 64 128 1000 150
984 32 256 1000 119
985 32 256 500 176
986 32 16 800 145
987 16 64 1000 162
988 16 128 500 199
989 16 256 1000 117
990 64 16 1000 157
44
9 379 54 149
25 472 68 147
38 834 46 188
39 507 47 177
43 876 43 175
81 842 54 155
85 290 41 177
92 878 54 101
138 182 59 148
140 578 66 186
152 213 43 93
153 990 56 106
163 820 42 186
164 330 49 158
176 417 63 148
180 855 59 109
187 743 59 174
211 400 47 151
243 775 69 187
250 815 61 162
261 441 64 142
263 878 65 132
275 874 42 109
290 794 53 168
316 986 64 101
318 647 61 175
322 481 54 182
351 921 69 194
378 879 67 93
388 760 42 111
447 601 48 198
490 516 50 125
545 828 64 186
564 778 48 154
586 958 62 117
590 660 61 146
640 764 68 141
691 935 45 178
712 718 67 123
725 829 50 106
748 910 61 110
770 860 42 154
816 912 47 194
944 952 57 94