503
0 64 128 500 76
1 4 128 500 67
2 32 64 500 59
3 16 128 2000 59
4 16 16 100 98
5 16 64 100 100
6 4 64 100 93
7 64 128 500 88
8 32 128 100 67
9 16 64 500 87
10 16 64 100 59
11 32 16 200 33
12 16 64 500 61
13 16 64 500 50
14 64 16 200 50
15 4 64 100 58
16 32 16 100 35
17 32 8 500 36
18 64 128 500 63
19 32 64 2000 99
20 64 64 200 42
21 32 16 100 66
22 16 128 1000 66
23 64 8 500 35
24 16 128 500 53
25 64 8 500 33
26 32 128 200 81
27 4 16 500 79
28 16 64 2000 97
29 32 16 200 44
30 16 128 100 78
31 16 16 100 64
32 64 8 100 95
33 32 8 1000 31
34 32 64 500 98
35 4 128 100 93
36 64 16 200 69
37 32 8 200 51
38 32 128 1000 91
39 64 64 1000 70
40 4 64 500 55
41 16 16 1000 50
42 64 8 100 98
43 32 64 100 80
44 16 8 1000 76
45 32 64 100 40
46 32 64 100 88
47 4 8 1000 91
48 16 8 200 55
49 32 8 2000 90
50 16 128 2000 48
51 32 8 100 97
52 16 16 1000 67
53 16 128 2000 95
54 64 128 100 66
55 16 16 100 50
56 16 8 100 61
57 16 64 1000 37
58 4 8 500 68
59 16 8 1000 61
60 16 8 200 81
61 16 16 100 57
62 16 128 500 54
63 64 8 500 73
64 4 16 100 58
65 32 16 1000 96
66 32 128 1000 69
67 32 128 200 90
68 64 64 1000 74
69 32 8 500 83
70 32 8 500 35
71 64 64 500 44
72 16 8 200 61
73 4 16 500 76
74 4 16 500 34
75 64 16 100 71
76 16 16 500 54
77 4 128 1000 63
78 16 8 2000 56
79 16 64 1000 59
80 16 16 200 45
81 32 8 1000 58
82 32 64 100 96
83 64 16 500 56
84 32 16 100 38
85 16 128 100 85
86 32 128 2000 65
87 32 64 1000 89
88 4 16 500 94
89 64 64 1000 55
90 4 128 2000 30
91 64 128 1000 34
92 32 128 100 87
93 4 8 200 57
94 32 16 200 33
95 16 64 2000 36
96 32 16 1000 88
97 64 128 500 72
98 64 128 500 35
99 64 64 100 39
100 64 64 2000 62
101 4 64 500 70
102 64 16 2000 61
103 64 8 100 31
104 64 64 100 40
105 64 8 100 43
106 32 8 200 96
107 32 64 1000 32
108 32 64 100 84
109 4 8 200 32
110 64 16 500 54
111 4 16 1000 75
112 32 16 200 34
113 4 8 100 32
114 64 128 100 80
115 32 16 100 44
116 4 128 500 51
117 16 128 2000 78
118 16 128 500 78
119 32 16 500 38
120 4 128 1000 86
121 16 64 1000 68
122 4 128 100 56
123 4 8 100 60
124 32 16 500 87
125 16 128 100 41
126 16 128 500 71
127 32 64 100 40
128 16 64 2000 50
129 4 128 500 63
130 32 64 2000 74
131 64 64 500 59
132 64 8 200 93
133 64 16 1000 69
134 16 8 1000 66
135 16 64 2000 37
136 32 64 100 47
137 64 8 100 47
138 4 64 500 44
139 16 64 2000 56
140 32 8 100 40
141 4 16 100 78
142 32 16 1000 58
143 16 64 2000 35
144 16 8 100 45
145 32 8 200 53
146 16 128 100 90
147 32 8 500 31
148 16 8 100 42
149 64 16 1000 49
150 16 64 100 43
151 64 8 500 89
152 16 64 2000 60
153 16 64 100 36
154 32 8 1000 61
155 4 16 200 49
156 4 16 1000 46
157 32 64 500 52
158 64 128 100 34
159 32 128 2000 45
160 4 128 2000 39
161 32 128 500 87
162 64 128 100 71
163 4 128 500 80
164 32 64 500 82
165 4 64 2000 45
166 64 128 200 52
167 4 16 1000 61
168 4 8 2000 87
169 32 64 1000 64
170 4 16 200 85
171 4 64 1000 60
172 4 64 1000 97
173 32 16 2000 98
174 4 8 500 60
175 16 64 500 59
176 64 64 500 63
177 16 128 1000 86
178 32 8 100 51
179 64 64 2000 45
180 32 16 1000 53
181 16 64 2000 33
182 64 64 1000 71
183 4 8 200 42
184 32 8 500 72
185 4 64 500 77
186 16 16 1000 88
187 4 128 200 78
188 16 8 500 41
189 64 16 200 90
190 4 16 200 56
191 16 16 500 38
192 4 64 200 47
193 16 16 2000 98
194 16 128 100 100
195 16 64 500 73
196 64 16 2000 99
197 64 16 500 70
198 4 64 200 84
199 32 64 1000 47
200 4 16 100 73
201 32 64 100 46
202 4 128 1000 37
203 16 128 200 94
204 64 128 100 54
205 64 16 100 36
206 16 16 100 72
207 16 64 200 53
208 64 8 100 67
209 16 8 100 69
210 4 64 2000 79
211 16 16 100 56
212 32 128 2000 90
213 64 128 500 45
214 4 64 200 54
215 32 128 100 91
216 64 64 500 49
217 16 8 100 77
218 4 128 500 59
219 16 128 200 43
220 4 8 500 85
221 64 16 200 67
222 64 8 1000 54
223 16 128 200 86
224 16 64 2000 64
225 64 128 1000 85
226 16 8 500 71
227 32 128 2000 87
228 32 16 2000 61
229 16 16 100 63
230 16 128 100 49
231 64 128 2000 100
232 64 64 500 30
233 4 64 200 99
234 16 64 2000 45
235 64 64 100 84
236 32 16 1000 98
237 64 8 1000 56
238 64 8 100 35
239 64 64 500 71
240 32 8 1000 54
241 16 64 200 80
242 4 8 1000 90
243 4 64 1000 89
244 32 128 500 64
245 32 64 500 94
246 16 8 200 82
247 4 8 500 38
248 16 64 100 37
249 16 128 100 31
250 64 64 2000 62
251 32 8 200 90
252 4 128 500 80
253 16 8 100 33
254 4 8 500 37
255 16 128 200 93
256 32 64 500 74
257 16 64 2000 53
258 4 64 100 50
259 32 16 500 91
260 16 128 200 58
261 4 8 1000 59
262 64 64 500 52
263 16 128 100 73
264 4 64 200 91
265 64 8 2000 61
266 16 16 2000 92
267 64 64 200 59
268 32 16 500 30
269 32 16 2000 55
270 64 64 500 89
271 64 8 200 72
272 32 64 500 73
273 64 128 2000 57
274 32 16 100 37
275 32 64 1000 45
276 64 64 500 80
277 32 16 500 80
278 32 64 100 64
279 4 8 100 61
280 16 128 500 61
281 16 64 200 37
282 4 64 2000 99
283 32 16 500 72
284 64 64 100 70
285 32 64 100 42
286 32 64 200 70
287 32 8 2000 80
288 32 8 200 59
289 4 64 500 45
290 64 64 200 87
291 64 64 100 57
292 64 128 100 95
293 64 8 2000 99
294 4 64 2000 42
295 64 8 2000 89
296 4 128 1000 69
297 4 8 200 79
298 32 8 100 34
299 64 64 200 36
300 4 64 1000 32
301 4 128 200 40
302 4 16 100 30
303 64 64 1000 88
304 4 8 200 68
305 64 16 2000 68
306 4 16 500 98
307 4 16 2000 90
308 4 8 1000 67
309 32 16 100 71
310 32 16 200 73
311 64 128 1000 81
312 64 8 200 52
313 32 128 1000 84
314 64 128 1000 75
315 16 8 2000 30
316 64 16 100 48
317 4 128 100 43
318 4 16 500 97
319 64 128 200 58
320 4 128 100 32
321 4 8 2000 58
322 32 8 1000 35
323 4 64 2000 31
324 16 16 500 76
325 16 128 500 100
326 4 16 2000 48
327 16 8 500 50
328 4 64 200 45
329 32 8 1000 80
330 4 64 200 56
331 16 8 500 80
332 64 128 500 55
333 16 8 500 50
334 16 128 1000 69
335 64 128 2000 59
336 4 16 200 43
337 64 64 100 81
338 4 64 200 46
339 4 128 200 94
340 4 64 2000 72
341 32 16 500 58
342 4 128 100 78
343 64 64 1000 61
344 32 128 200 91
345 32 64 500 90
346 64 8 1000 42
347 32 16 1000 35
348 16 64 100 53
349 4 64 500 63
350 32 64 1000 86
351 4 8 500 94
352 64 16 2000 36
353 64 8 2000 31
354 4 128 1000 42
355 64 8 100 65
356 16 128 1000 52
357 32 16 2000 42
358 4 16 200 41
359 4 8 1000 76
360 16 128 2000 34
361 4 128 2000 91
362 4 64 200 84
363 64 8 200 88
364 64 128 200 50
365 64 128 500 88
366 64 128 2000 100
367 4 64 500 91
368 32 64 200 94
369 16 16 1000 32
370 4 8 500 97
371 64 16 200 68
372 64 128 1000 80
373 4 128 2000 52
374 64 16 500 50
375 64 16 1000 99
376 64 128 500 39
377 64 16 2000 41
378 64 128 1000 36
379 4 128 500 78
380 32 64 2000 60
381 16 64 100 64
382 4 64 200 88
383 64 16 200 37
384 16 64 2000 81
385 16 128 500 66
386 4 64 500 90
387 64 128 1000 59
388 4 64 200 34
389 64 128 2000 100
390 32 16 2000 76
391 16 16 200 49
392 32 128 2000 40
393 4 16 2000 31
394 32 64 1000 70
395 16 64 500 30
396 64 16 500 50
397 32 16 500 77
398 16 128 1000 50
399 16 64 100 64
400 4 8 500 53
401 4 8 200 31
402 32 8 100 40
403 4 128 1000 98
404 16 8 500 70
405 32 8 200 44
406 32 64 100 75
407 4 16 500 99
408 32 8 500 86
409 16 8 1000 50
410 64 64 100 75
411 32 8 1000 34
412 64 64 2000 85
413 4 16 500 78
414 64 64 100 94
415 4 16 1000 92
416 32 16 500 43
417 64 8 200 53
418 4 128 2000 34
419 32 16 500 34
420 64 64 100 57
421 32 16 100 56
422 64 128 1000 100
423 32 128 500 60
424 64 128 200 72
425 16 16 1000 94
426 4 64 500 79
427 32 8 200 50
428 4 8 2000 72
429 32 8 2000 31
430 16 128 1000 85
431 64 64 1000 69
432 16 16 1000 33
433 32 64 1000 70
434 64 128 100 50
435 4 128 500 43
436 16 16 2000 69
437 64 8 1000 83
438 16 8 100 95
439 4 128 2000 42
440 4 128 100 59
441 64 8 200 57
442 16 8 200 80
443 64 64 100 46
444 4 16 200 36
445 4 128 200 38
446 16 64 2000 42
447 64 64 1000 99
448 64 8 200 43
449 16 8 2000 83
450 16 64 100 56
451 16 128 100 98
452 4 64 100 73
453 32 128 2000 31
454 32 64 100 44
455 16 128 1000 43
456 64 128 1000 67
457 4 16 200 46
458 64 8 1000 64
459 4 128 1000 68
460 32 64 100 92
461 16 16 100 94
462 32 64 100 57
463 4 128 200 62
464 4 16 500 77
465 16 128 500 53
466 32 128 1000 73
467 16 128 1000 42
468 32 128 200 37
469 16 64 1000 68
470 32 128 1000 88
471 4 8 200 60
472 32 64 1000 37
473 64 128 1000 77
474 16 8 500 59
475 4 8 1000 82
476 4 128 200 87
477 16 64 2000 54
478 32 128 200 94
479 16 64 500 98
480 32 16 500 96
481 32 16 2000 61
482 4 64 2000 95
483 16 128 500 93
484 4 16 200 90
485 64 64 100 32
486 16 64 500 61
487 64 8 1000 55
488 4 16 2000 46
489 32 64 100 74
490 16 16 100 84
491 32 8 200 43
492 32 8 1000 98
493 64 64 200 46
494 4 8 1000 81
495 16 64 500 71
496 64 8 100 50
497 64 64 500 45
498 16 128 2000 72
499 16 8 1000 86
500 32 64 2000 62
501 64 8 100 74
502 4 64 100 79
269
0 380 42 96
0 397 38 51
1 442 49 32
5 452 24 34
6 440 48 89
7 112 47 50
9 247 43 82
11 63 29 74
12 124 18 88
15 299 12 41
16 404 34 88
17 52 12 36
19 448 35 75
19 139 20 92
20 309 35 74
20 452 45 51
21 238 50 80
21 315 33 53
22 164 10 78
24 197 22 50
24 470 27 94
25 162 41 36
25 68 11 89
26 111 18 35
30 474 11 94
30 377 14 99
31 482 29 66
31 98 38 37
32 147 26 82
32 262 27 67
33 398 43 36
35 37 38 82
40 288 18 90
41 208 43 71
43 311 12 40
43 480 19 58
45 425 19 65
45 106 18 30
47 128 32 49
47 466 42 69
48 487 25 52
48 411 22 59
48 177 47 98
49 448 39 72
49 445 28 32
50 176 22 53
50 172 41 38
50 70 30 83
52 169 45 42
52 222 42 90
54 69 18 78
56 141 46 38
57 100 21 61
58 499 24 100
59 265 44 58
59 85 22 51
59 160 36 65
60 240 17 39
60 149 18 98
62 385 46 75
64 315 43 87
66 386 43 51
66 189 24 79
69 373 32 35
69 311 19 49
70 119 10 71
70 413 17 95
71 75 14 84
71 211 39 92
71 276 19 87
72 195 11 70
74 104 20 64
74 347 37 80
76 170 10 31
76 107 45 69
76 235 50 44
77 330 17 30
79 223 16 44
81 112 31 88
84 182 22 45
87 180 17 45
87 390 43 79
88 184 41 82
88 256 29 52
88 427 38 36
89 366 43 42
90 117 25 31
92 451 25 65
94 248 29 95
94 113 46 74
98 346 35 69
99 401 32 63
102 161 24 49
103 444 10 76
104 194 15 73
104 212 38 54
106 230 43 53
107 451 34 59
111 204 26 75
111 253 39 74
114 347 37 92
115 447 27 46
117 392 12 47
117 426 34 54
117 388 48 62
119 138 33 82
119 216 22 42
120 364 47 60
120 295 10 31
120 245 46 42
122 305 22 52
122 217 50 71
123 235 16 80
123 156 16 47
125 251 29 69
125 327 25 47
130 407 29 96
130 363 49 39
131 390 50 97
133 306 42 45
134 313 31 73
134 173 18 90
135 148 19 72
137 471 18 76
141 470 28 97
142 293 18 76
143 436 37 75
145 217 14 85
146 217 39 50
146 462 37 91
147 389 43 40
147 467 46 52
148 410 30 92
148 314 16 87
149 288 45 82
149 323 13 64
150 214 19 94
155 431 11 73
159 205 19 69
160 389 10 68
163 303 14 98
166 185 29 49
166 246 17 54
173 348 42 52
176 340 20 45
177 274 23 94
179 227 23 83
179 181 22 73
179 384 18 73
180 350 11 75
180 363 33 98
180 391 10 66
180 419 32 50
182 454 34 43
182 446 28 96
183 244 29 97
184 440 12 53
187 251 15 57
188 211 23 48
189 417 34 57
191 322 42 77
191 327 49 85
192 389 26 77
193 216 39 55
195 350 33 78
196 231 40 55
198 393 33 70
199 349 29 85
201 426 17 84
204 285 49 86
205 372 25 73
206 286 43 95
207 252 11 54
208 252 24 61
215 237 20 35
217 312 43 72
217 319 44 32
217 258 17 92
217 377 43 45
218 411 11 47
219 446 17 62
223 413 14 48
225 271 19 53
227 380 20 30
230 403 13 98
230 290 21 80
231 449 18 32
232 276 34 63
233 293 34 42
235 271 43 92
239 412 17 34
242 484 38 58
243 493 33 96
244 475 47 99
245 273 23 31
246 432 50 35
252 406 23 46
253 381 31 92
258 377 21 77
262 371 41 49
263 348 30 34
267 402 22 53
270 389 36 53
271 501 13 58
272 357 45 94
272 373 36 74
274 387 11 92
281 422 19 94
282 479 31 34
285 439 22 80
288 402 10 33
290 383 19 89
290 388 12 96
293 469 46 84
305 381 13 52
308 452 32 46
311 472 19 81
313 471 46 43
313 383 49 65
317 354 12 82
319 481 43 69
320 424 44 55
320 446 30 71
321 452 41 44
324 446 15 83
325 330 35 95
330 350 44 96
333 468 21 43
337 404 29 55
337 440 11 85
338 411 27 66
342 354 13 30
342 483 32 42
347 399 43 73
350 434 19 81
351 359 28 91
351 420 32 68
352 380 11 98
353 436 18 77
356 488 45 94
360 395 48 45
363 475 50 65
368 372 32 63
370 390 29 87
372 452 13 39
373 452 48 34
376 459 46 31
377 461 39 36
378 491 47 82
380 382 25 38
382 401 11 40
383 427 13 96
385 451 43 39
389 461 50 63
399 500 29 71
401 436 38 72
402 457 32 95
407 435 50 62
422 464 43 90
424 435 45 89
435 502 44 70
439 460 45 41
442 481 24 85
443 450 24 45
450 467 33 99
458 487 19 55
460 502 11 98
462 473 10 31
466 492 22 55