43
0 2 128 200 105
1 16 16 1000 100
2 2 16 1000 121
3 16 16 200 98
4 2 16 100 110
5 2 16 200 126
6 2 128 100 136
7 16 16 1000 103
8 8 16 500 130
9 8 16 500 124
10 16 16 300 99
11 16 128 200 139
12 8 128 1000 105
13 8 16 200 129
14 16 16 500 145
15 16 16 500 102
16 8 16 200 134
17 16 64 1000 115
18 2 64 200 105
19 8 128 100 125
20 16 16 200 96
21 8 16 200 126
22 8 16 500 94
23 16 128 100 91
24 2 16 100 119
25 2 128 1000 135
26 8 128 1000 98
27 2 16 300 104
28 2 16 500 94
29 16 128 500 145
30 8 128 300 142
31 16 64 1000 131
32 16 64 1000 129
33 16 128 100 121
34 16 128 300 122
35 8 16 500 109
36 8 16 300 116
37 8 64 100 104
38 2 64 200 115
39 2 16 500 134
40 2 64 500 133
41 16 128 100 104
42 8 16 200 132
7
3 29 57 129
7 37 64 127
9 40 56 170
12 27 55 197
17 35 43 165
17 32 43 193
25 37 68 130