561
0 16 96 5000 124
1 32 64 2000 183
2 16 40 1000 101
3 16 40 2000 149
4 16 64 800 136
5 16 96 400 187
6 16 64 800 153
7 16 64 400 191
8 16 64 1000 174
9 32 40 2000 178
10 32 40 1000 164
11 32 96 2000 165
12 16 64 400 91
13 16 40 5000 181
14 16 96 1000 140
15 32 64 400 184
16 32 40 1000 120
17 32 40 1000 102
18 16 96 2000 140
19 32 40 800 107
20 32 64 1000 195
21 16 64 2000 92
22 16 64 5000 160
23 16 64 400 162
24 16 64 5000 184
25 32 40 5000 168
26 16 64 2000 105
27 16 64 5000 198
28 32 96 800 149
29 32 96 800 90
30 32 64 800 106
31 16 64 1000 174
32 32 64 400 142
33 32 64 1000 92
34 16 40 800 152
35 16 96 1000 92
36 32 96 400 103
37 16 40 1000 110
38 16 96 400 123
39 16 96 2000 104
40 16 40 2000 91
41 16 40 1000 192
42 16 96 1000 106
43 16 64 1000 138
44 16 96 5000 192
45 32 64 800 109
46 32 64 5000 131
47 32 96 5000 122
48 32 96 2000 113
49 32 40 400 174
50 16 96 1000 151
51 16 40 800 189
52 16 64 5000 199
53 16 40 2000 170
54 16 64 800 173
55 16 64 1000 183
56 16 40 400 117
57 32 96 400 144
58 32 96 1000 198
59 16 64 800 187
60 32 64 2000 90
61 32 64 5000 106
62 32 64 1000 197
63 32 40 1000 121
64 16 96 1000 165
65 16 96 2000 183
66 32 40 400 147
67 32 64 2000 93
68 32 40 400 144
69 16 40 800 123
70 16 96 400 177
71 32 64 1000 147
72 16 96 800 104
73 32 40 400 156
74 32 96 400 141
75 32 40 5000 170
76 16 96 400 98
77 16 40 400 161
78 32 96 2000 144
79 32 96 2000 168
80 32 96 2000 153
81 32 96 800 118
82 32 64 1000 155
83 32 64 5000 178
84 16 96 5000 142
85 32 40 800 107
86 16 64 400 108
87 16 40 400 169
88 16 96 1000 132
89 32 96 400 173
90 32 96 1000 114
91 32 40 2000 138
92 16 96 800 180
93 32 64 5000 121
94 16 96 800 199
95 16 96 5000 151
96 16 40 1000 94
97 16 96 5000 109
98 32 64 400 185
99 32 40 5000 117
100 16 96 800 149
101 32 96 400 194
102 16 64 400 198
103 32 40 800 104
104 32 96 1000 171
105 32 40 800 141
106 16 64 1000 93
107 16 96 800 133
108 32 96 2000 170
109 32 40 800 198
110 32 96 1000 99
111 32 40 5000 186
112 16 64 1000 197
113 16 64 400 124
114 32 64 2000 138
115 32 64 400 171
116 16 96 5000 94
117 16 64 800 116
118 16 64 400 149
119 16 40 1000 111
120 32 96 800 141
121 16 40 2000 189
122 32 40 800 193
123 32 64 5000 190
124 16 40 800 120
125 32 96 5000 115
126 16 64 800 200
127 16 40 400 94
128 32 64 2000 149
129 16 64 800 177
130 16 96 1000 93
131 16 96 400 100
132 32 40 5000 123
133 16 40 800 181
134 32 40 1000 148
135 16 64 2000 142
136 16 64 400 137
137 32 64 800 132
138 32 64 1000 188
139 32 96 1000 126
140 32 96 400 168
141 16 40 400 163
142 32 40 2000 195
143 32 40 800 151
144 32 40 2000 196
145 16 96 2000 114
146 16 40 400 189
147 32 96 2000 130
148 16 64 2000 130
149 32 96 800 147
150 32 96 5000 176
151 32 64 5000 194
152 32 96 800 170
153 32 96 1000 124
154 32 96 5000 192
155 16 64 800 130
156 32 96 400 152
157 16 40 5000 140
158 16 40 800 158
159 16 96 800 192
160 16 40 400 100
161 32 40 1000 99
162 32 40 400 118
163 32 40 1000 190
164 32 96 5000 111
165 16 40 1000 118
166 32 96 2000 115
167 32 64 800 113
168 32 96 1000 140
169 32 96 800 160
170 32 40 800 200
171 32 40 5000 97
172 16 40 1000 158
173 16 96 800 171
174 16 40 1000 167
175 32 40 400 198
176 16 40 5000 134
177 16 64 800 195
178 16 40 400 93
179 16 64 1000 96
180 32 64 400 158
181 32 64 2000 192
182 16 96 800 188
183 16 64 400 130
184 16 40 800 96
185 32 40 1000 166
186 16 64 5000 132
187 16 40 5000 177
188 16 64 2000 163
189 32 64 800 94
190 16 96 5000 193
191 32 64 1000 128
192 32 96 2000 172
193 16 64 400 103
194 32 96 800 92
195 16 96 800 179
196 16 96 1000 138
197 32 96 800 173
198 32 40 1000 147
199 32 96 1000 99
200 32 96 5000 162
201 16 64 1000 139
202 16 96 5000 188
203 32 96 5000 102
204 16 96 800 138
205 16 96 5000 141
206 32 96 1000 182
207 32 40 1000 171
208 16 40 1000 187
209 16 64 5000 179
210 16 40 1000 123
211 16 64 1000 142
212 16 40 1000 196
213 32 40 800 120
214 32 64 1000 95
215 32 64 800 170
216 16 40 400 198
217 16 40 2000 152
218 16 40 1000 137
219 16 40 2000 173
220 16 64 5000 130
221 32 96 400 98
222 32 96 400 124
223 16 64 5000 193
224 32 96 5000 151
225 32 40 400 110
226 16 96 5000 200
227 16 96 800 198
228 16 96 2000 187
229 32 96 2000 102
230 32 40 2000 102
231 32 96 2000 195
232 16 96 2000 178
233 16 64 800 132
234 32 64 2000 167
235 32 96 5000 96
236 16 64 1000 124
237 32 64 2000 135
238 16 96 800 168
239 16 40 2000 191
240 32 64 800 110
241 16 64 400 107
242 32 64 800 129
243 16 96 2000 114
244 16 64 5000 130
245 32 64 5000 176
246 16 40 5000 122
247 16 40 2000 103
248 16 40 2000 193
249 32 96 800 122
250 32 40 2000 156
251 32 40 400 163
252 16 64 800 106
253 16 64 800 141
254 16 64 800 143
255 16 96 5000 186
256 32 64 800 101
257 32 64 400 183
258 32 96 1000 139
259 32 40 1000 176
260 16 96 1000 143
261 16 40 1000 147
262 16 96 800 164
263 32 96 5000 159
264 16 96 400 169
265 16 64 1000 104
266 32 96 800 181
267 32 40 2000 128
268 32 96 1000 94
269 16 96 2000 134
270 32 40 800 140
271 32 40 2000 97
272 32 96 800 186
273 16 40 800 159
274 16 40 2000 102
275 32 40 800 121
276 16 40 2000 133
277 32 64 2000 182
278 16 40 800 142
279 16 40 1000 154
280 16 96 5000 136
281 32 64 1000 184
282 32 40 400 152
283 16 96 400 98
284 16 96 1000 197
285 16 64 1000 111
286 16 96 5000 167
287 16 40 2000 183
288 16 40 400 105
289 16 40 2000 166
290 32 96 800 158
291 32 40 800 152
292 32 40 1000 108
293 16 64 400 159
294 16 64 1000 173
295 32 64 1000 175
296 16 40 1000 93
297 16 64 5000 138
298 16 40 800 141
299 32 40 800 130
300 16 64 2000 124
301 32 64 1000 120
302 32 96 800 195
303 16 96 1000 141
304 16 40 800 111
305 32 96 400 112
306 16 40 400 136
307 16 40 800 119
308 16 96 800 142
309 16 96 2000 181
310 32 40 5000 101
311 32 96 1000 171
312 16 40 2000 122
313 16 40 1000 184
314 32 96 5000 157
315 16 96 400 169
316 32 40 800 133
317 32 40 1000 182
318 16 96 2000 179
319 16 40 2000 98
320 16 64 5000 172
321 16 40 5000 157
322 16 96 1000 95
323 32 96 400 114
324 32 40 800 134
325 16 40 400 174
326 32 96 2000 187
327 16 96 400 112
328 16 40 5000 152
329 16 64 800 191
330 16 40 1000 191
331 32 96 800 113
332 16 40 5000 151
333 32 64 1000 167
334 32 40 800 159
335 16 40 400 186
336 32 64 2000 182
337 16 64 1000 186
338 32 96 5000 163
339 16 40 1000 155
340 32 64 400 166
341 16 64 400 159
342 16 40 1000 143
343 16 64 2000 120
344 16 40 5000 118
345 32 64 2000 115
346 32 96 400 99
347 32 40 800 168
348 16 64 5000 94
349 16 64 800 180
350 32 96 1000 190
351 32 96 800 147
352 16 64 5000 119
353 32 40 2000 194
354 16 96 800 172
355 16 64 2000 186
356 32 40 800 128
357 16 64 2000 162
358 16 96 1000 129
359 32 96 1000 131
360 32 64 1000 126
361 16 40 5000 137
362 16 40 5000 181
363 32 96 5000 173
364 16 96 1000 97
365 32 96 5000 97
366 16 96 5000 198
367 16 40 800 139
368 32 40 800 141
369 16 40 5000 132
370 32 64 400 149
371 32 64 2000 183
372 16 96 2000 120
373 16 40 5000 120
374 16 64 400 113
375 32 96 5000 169
376 16 96 1000 91
377 16 64 2000 103
378 16 40 1000 125
379 32 64 400 157
380 16 96 800 124
381 16 40 5000 124
382 32 64 5000 172
383 32 64 5000 182
384 16 40 1000 190
385 32 40 800 180
386 32 64 5000 194
387 32 96 400 127
388 32 64 400 103
389 16 96 2000 162
390 32 40 2000 99
391 16 40 5000 194
392 16 40 2000 132
393 32 96 5000 132
394 32 96 1000 156
395 32 96 5000 123
396 32 64 5000 115
397 32 40 400 152
398 16 64 800 100
399 32 96 2000 125
400 16 96 2000 140
401 16 96 2000 108
402 16 96 400 176
403 32 96 1000 127
404 16 64 1000 140
405 32 40 800 155
406 32 96 1000 115
407 16 96 400 195
408 16 96 5000 151
409 32 40 400 184
410 16 64 800 188
411 16 96 5000 175
412 16 64 400 132
413 32 64 400 110
414 16 96 1000 182
415 16 64 2000 93
416 16 40 1000 173
417 32 64 1000 151
418 16 64 800 154
419 16 64 400 120
420 32 96 800 145
421 32 40 2000 124
422 16 64 1000 111
423 32 96 2000 185
424 32 64 5000 120
425 16 40 2000 96
426 16 64 800 132
427 32 64 800 137
428 16 40 800 131
429 16 40 5000 109
430 16 96 800 164
431 16 40 1000 112
432 16 40 800 123
433 16 96 2000 103
434 32 64 800 140
435 32 64 400 99
436 32 64 1000 96
437 16 64 2000 133
438 32 64 800 141
439 16 64 5000 189
440 32 64 5000 170
441 16 64 400 117
442 16 40 1000 124
443 32 64 5000 164
444 32 64 1000 129
445 32 96 2000 147
446 32 96 400 179
447 32 96 400 177
448 32 64 2000 164
449 16 96 800 158
450 16 64 5000 194
451 16 40 1000 183
452 32 40 800 169
453 32 64 2000 123
454 32 96 400 199
455 32 40 800 184
456 32 40 2000 195
457 32 96 2000 160
458 16 40 5000 196
459 32 64 5000 185
460 32 64 1000 122
461 16 64 5000 185
462 16 40 1000 109
463 32 40 400 127
464 16 96 800 92
465 16 40 1000 94
466 16 64 5000 186
467 32 40 800 164
468 16 96 5000 137
469 16 96 2000 163
470 16 40 2000 126
471 16 96 5000 119
472 32 96 2000 179
473 16 96 800 114
474 32 40 2000 98
475 32 64 800 108
476 16 64 1000 147
477 32 64 1000 95
478 32 64 5000 124
479 16 96 800 92
480 32 40 400 118
481 16 96 5000 166
482 32 40 800 161
483 32 64 400 116
484 32 96 5000 176
485 16 96 5000 161
486 16 96 1000 188
487 32 96 5000 135
488 16 96 2000 103
489 32 40 1000 91
490 32 64 400 197
491 16 64 1000 174
492 32 40 400 133
493 32 64 1000 177
494 16 40 2000 142
495 32 96 5000 189
496 16 40 2000 129
497 32 96 5000 188
498 32 96 5000 120
499 32 40 1000 183
500 32 40 400 163
501 32 40 2000 117
502 32 64 400 193
503 32 64 2000 151
504 16 96 1000 171
505 32 40 5000 113
506 16 64 400 128
507 16 40 2000 108
508 32 40 400 145
509 16 96 5000 99
510 16 40 5000 155
511 16 40 1000 157
512 16 64 2000 163
513 32 40 2000 102
514 16 40 1000 110
515 32 64 400 100
516 32 96 1000 112
517 32 96 400 185
518 16 64 5000 158
519 16 96 2000 143
520 32 40 5000 151
521 32 40 800 161
522 16 64 5000 90
523 32 96 1000 100
524 32 64 400 106
525 32 40 1000 130
526 32 64 1000 113
527 16 40 1000 125
528 16 96 5000 113
529 32 40 1000 179
530 32 96 1000 95
531 16 64 400 176
532 16 40 5000 186
533 16 64 1000 184
534 16 40 1000 93
535 32 96 5000 170
536 16 40 800 90
537 16 96 2000 136
538 16 64 800 90
539 16 40 800 177
540 32 64 2000 141
541 16 64 2000 148
542 16 40 2000 135
543 32 64 1000 196
544 32 96 400 149
545 32 40 2000 146
546 16 64 5000 141
547 32 96 800 161
548 16 40 2000 180
549 32 40 1000 93
550 32 96 5000 174
551 16 40 400 184
552 32 40 5000 112
553 16 40 1000 117
554 16 64 2000 90
555 16 64 400 98
556 16 40 5000 134
557 32 40 2000 102
558 16 96 800 102
559 32 40 1000 200
560 16 40 800 183
71
1 294 70 178
4 80 40 148
10 422 40 93
10 262 43 118
12 441 57 189
21 302 53 108
21 461 54 91
23 513 69 96
25 208 62 168
26 422 55 99
28 554 53 178
34 76 50 178
35 164 54 184
40 534 62 181
43 539 64 171
48 536 67 149
50 296 56 169
52 292 59 149
55 523 60 93
60 204 67 148
61 388 50 93
64 73 67 106
66 310 70 138
69 440 62 131
69 132 55 128
70 218 41 133
71 100 66 98
71 508 58 164
76 207 65 133
83 444 56 100
87 109 65 156
87 159 59 114
97 278 49 134
105 506 49 174
106 322 63 135
107 170 53 118
109 494 48 122
109 244 65 182
139 493 48 153
153 474 56 192
165 291 58 180
167 538 66 156
172 485 64 127
179 271 59 111
180 399 42 98
202 471 69 169
208 504 43 126
209 450 56 120
210 486 67 149
214 496 62 171
221 295 51 194
233 304 69 148
244 522 41 133
252 426 49 181
269 327 66 167
285 347 43 175
288 323 43 128
294 504 52 99
296 312 58 187
304 343 43 177
316 409 42 171
320 384 56 94
330 559 57 180
343 490 49 125
355 358 44 133
375 451 57 96
376 421 48 124
425 447 54 148
443 525 64 119
452 478 57 96
461 486 57 183