716
0 32 40 800 164
1 16 40 400 104
2 16 40 5000 95
3 16 64 400 159
4 16 64 1000 193
5 16 64 5000 92
6 32 64 5000 189
7 16 96 1000 109
8 32 64 400 121
9 16 64 5000 126
10 32 96 1000 190
11 16 96 2000 171
12 32 64 800 133
13 16 96 5000 191
14 16 40 2000 161
15 32 64 800 112
16 16 96 2000 102
17 16 40 400 152
18 16 96 800 113
19 32 40 2000 165
20 16 96 2000 117
21 32 64 400 134
22 32 40 2000 190
23 16 64 5000 114
24 32 40 400 93
25 32 40 5000 146
26 16 40 5000 157
27 32 64 800 97
28 16 96 2000 141
29 16 96 400 155
30 16 96 1000 150
31 16 64 800 162
32 32 40 5000 182
33 32 64 5000 134
34 32 64 800 106
35 16 40 800 131
36 32 64 1000 179
37 32 40 5000 183
38 32 40 400 106
39 32 40 800 124
40 16 40 400 181
41 32 64 800 166
42 32 96 5000 200
43 16 40 2000 141
44 32 96 800 171
45 32 96 1000 166
46 16 96 1000 184
47 32 96 800 148
48 16 64 2000 120
49 32 64 5000 122
50 16 96 800 178
51 16 40 1000 177
52 32 64 800 156
53 32 40 400 147
54 16 96 800 104
55 32 40 5000 175
56 32 96 5000 101
57 32 96 400 114
58 32 96 2000 127
59 16 40 800 121
60 32 96 2000 139
61 32 96 2000 127
62 16 40 1000 135
63 16 64 800 176
64 32 40 400 95
65 32 40 400 139
66 16 96 5000 123
67 16 64 1000 112
68 16 96 400 129
69 16 64 2000 146
70 16 96 400 137
71 16 64 1000 154
72 16 96 800 145
73 16 64 5000 109
74 16 40 1000 103
75 16 40 5000 129
76 16 40 1000 96
77 32 40 2000 159
78 32 96 400 116
79 32 96 5000 162
80 32 40 1000 192
81 16 96 1000 97
82 16 40 5000 101
83 32 64 1000 169
84 16 64 2000 94
85 32 64 800 177
86 32 40 400 95
87 16 40 5000 164
88 16 40 2000 117
89 16 40 5000 99
90 16 40 5000 119
91 32 40 1000 193
92 32 96 400 102
93 16 64 2000 153
94 16 64 5000 98
95 16 40 800 173
96 32 96 800 170
97 32 96 2000 184
98 16 64 5000 149
99 16 96 5000 166
100 16 64 2000 124
101 32 96 5000 153
102 32 40 5000 175
103 16 64 800 109
104 32 40 1000 159
105 16 64 1000 173
106 16 40 5000 121
107 16 96 5000 117
108 32 40 2000 175
109 16 40 5000 136
110 32 40 5000 98
111 32 96 5000 161
112 16 64 400 153
113 16 96 1000 161
114 32 64 400 191
115 32 64 1000 114
116 32 96 2000 138
117 16 96 800 91
118 32 64 5000 112
119 16 64 2000 187
120 16 96 1000 191
121 16 96 1000 190
122 16 96 1000 92
123 16 96 400 99
124 16 40 5000 96
125 16 40 1000 103
126 32 64 5000 177
127 16 96 800 140
128 16 64 1000 110
129 32 64 1000 132
130 16 96 800 96
131 32 64 2000 133
132 16 64 2000 132
133 32 64 5000 180
134 32 64 2000 142
135 16 40 5000 102
136 16 64 400 114
137 32 40 800 116
138 32 40 1000 110
139 32 64 2000 129
140 16 64 5000 156
141 16 40 800 106
142 32 40 1000 162
143 16 64 1000 121
144 16 64 800 120
145 16 64 1000 186
146 32 40 400 167
147 32 64 1000 152
148 16 64 2000 162
149 16 96 400 132
150 16 64 800 157
151 32 40 800 97
152 16 96 5000 194
153 32 96 5000 196
154 16 40 400 122
155 32 96 5000 97
156 32 40 400 100
157 16 96 2000 96
158 16 64 2000 133
159 16 96 800 109
160 32 64 1000 112
161 32 64 2000 170
162 16 40 2000 129
163 32 96 5000 95
164 32 40 800 101
165 16 40 5000 169
166 32 64 5000 180
167 16 40 2000 123
168 32 96 400 106
169 16 64 2000 94
170 16 64 5000 102
171 16 64 1000 94
172 32 64 400 182
173 32 40 800 173
174 16 64 800 144
175 16 40 5000 150
176 32 96 400 166
177 32 40 800 181
178 16 40 1000 118
179 16 40 2000 116
180 32 40 400 182
181 16 40 5000 139
182 32 96 5000 110
183 16 96 5000 98
184 32 64 2000 137
185 32 40 1000 113
186 16 64 2000 135
187 16 64 5000 195
188 32 64 1000 139
189 32 40 400 177
190 32 64 1000 153
191 16 64 400 91
192 32 64 400 107
193 32 40 400 179
194 32 64 1000 114
195 32 64 1000 123
196 16 64 1000 115
197 32 64 400 132
198 32 96 5000 144
199 32 40 1000 141
200 16 64 5000 158
201 16 64 1000 199
202 16 40 400 95
203 16 64 2000 96
204 32 40 2000 153
205 32 96 5000 151
206 32 40 1000 177
207 16 96 2000 93
208 16 40 1000 130
209 32 96 1000 193
210 32 96 5000 168
211 32 64 5000 102
212 32 96 5000 116
213 32 40 400 132
214 32 96 1000 193
215 32 40 5000 120
216 16 96 5000 199
217 16 64 5000 157
218 16 96 800 150
219 32 64 400 149
220 16 64 400 176
221 16 64 800 186
222 16 64 5000 181
223 16 40 2000 153
224 16 64 5000 168
225 16 40 1000 141
226 16 96 5000 154
227 16 96 800 192
228 32 40 2000 114
229 32 96 400 148
230 16 64 1000 108
231 32 40 1000 114
232 32 96 2000 96
233 32 64 800 99
234 16 64 5000 196
235 16 40 800 185
236 16 96 1000 183
237 16 64 800 133
238 16 96 800 108
239 32 96 800 170
240 16 40 800 127
241 32 96 2000 168
242 16 40 5000 200
243 32 40 800 90
244 16 40 5000 173
245 32 96 5000 156
246 32 40 400 168
247 32 40 5000 114
248 16 64 400 101
249 16 40 5000 115
250 16 64 800 182
251 32 40 1000 161
252 16 40 2000 124
253 16 40 1000 183
254 32 64 800 137
255 16 96 800 192
256 32 40 1000 91
257 16 64 800 100
258 16 64 2000 100
259 32 64 1000 142
260 16 96 5000 162
261 16 40 2000 104
262 16 40 2000 139
263 32 40 400 116
264 32 64 2000 162
265 32 40 5000 176
266 16 96 2000 131
267 16 64 800 101
268 32 96 2000 166
269 32 40 2000 151
270 32 40 1000 92
271 16 40 800 176
272 16 40 5000 142
273 16 96 2000 190
274 32 40 1000 164
275 16 96 5000 98
276 32 96 800 172
277 32 40 800 185
278 32 40 400 192
279 16 64 2000 161
280 16 64 2000 191
281 32 96 2000 148
282 32 64 400 105
283 32 64 1000 142
284 32 96 2000 108
285 32 40 2000 182
286 32 96 2000 178
287 16 96 800 194
288 16 40 5000 189
289 16 40 800 188
290 32 64 1000 191
291 16 96 400 179
292 32 96 2000 111
293 16 40 400 99
294 16 40 1000 134
295 32 40 5000 151
296 32 40 5000 160
297 32 96 800 175
298 16 64 2000 105
299 32 64 400 141
300 32 40 1000 177
301 16 64 5000 170
302 32 64 5000 92
303 16 64 2000 154
304 32 40 1000 187
305 16 64 400 114
306 16 40 800 133
307 16 96 2000 120
308 32 64 2000 179
309 32 96 5000 138
310 32 64 5000 107
311 32 96 2000 151
312 16 64 800 92
313 32 40 1000 113
314 16 40 1000 159
315 32 96 2000 185
316 16 96 5000 133
317 32 40 800 136
318 32 40 2000 90
319 32 64 2000 166
320 32 64 400 133
321 16 64 400 129
322 16 64 400 173
323 32 64 5000 132
324 32 40 1000 198
325 16 96 1000 133
326 16 40 5000 168
327 16 64 800 143
328 32 40 5000 177
329 16 40 1000 127
330 16 96 2000 199
331 32 96 1000 109
332 16 64 2000 187
333 16 96 400 198
334 32 96 400 134
335 32 64 5000 133
336 16 40 5000 108
337 32 96 400 110
338 32 64 5000 144
339 16 64 1000 160
340 32 40 800 195
341 16 40 5000 102
342 32 96 1000 161
343 16 64 2000 175
344 32 64 1000 164
345 32 40 400 128
346 32 96 1000 128
347 32 40 5000 144
348 32 40 400 166
349 16 96 400 135
350 32 64 2000 191
351 16 96 400 165
352 32 96 2000 125
353 32 40 2000 194
354 32 40 400 165
355 16 64 1000 113
356 16 64 1000 104
357 32 40 1000 93
358 16 64 1000 120
359 16 96 1000 131
360 16 96 1000 137
361 16 64 2000 148
362 16 96 400 115
363 32 96 400 106
364 32 64 400 197
365 16 64 1000 120
366 32 64 400 156
367 32 40 800 184
368 16 96 1000 164
369 16 40 5000 99
370 16 64 400 144
371 16 40 400 185
372 32 64 5000 142
373 16 40 5000 145
374 32 96 2000 166
375 32 40 800 137
376 32 96 400 178
377 16 64 400 190
378 16 96 5000 120
379 32 64 2000 165
380 16 96 1000 161
381 32 96 5000 178
382 16 96 400 149
383 32 40 400 142
384 16 64 5000 121
385 32 40 2000 90
386 32 96 800 94
387 32 40 400 185
388 32 40 2000 131
389 32 96 800 179
390 16 64 800 109
391 16 96 2000 125
392 16 40 400 184
393 32 96 1000 134
394 16 64 5000 151
395 32 96 5000 161
396 16 40 5000 153
397 16 40 5000 194
398 32 40 800 147
399 16 64 5000 111
400 16 64 2000 156
401 32 96 1000 93
402 32 64 1000 177
403 32 96 800 132
404 16 40 5000 199
405 16 40 1000 125
406 32 40 400 151
407 16 96 400 182
408 32 40 5000 179
409 32 64 400 146
410 32 40 2000 144
411 16 96 400 171
412 16 96 2000 189
413 16 40 400 168
414 32 64 1000 148
415 32 40 400 106
416 32 40 5000 173
417 16 40 800 194
418 16 96 2000 109
419 16 64 5000 118
420 32 40 1000 116
421 32 96 5000 177
422 32 40 1000 157
423 16 96 5000 96
424 32 96 1000 171
425 32 40 800 145
426 16 40 5000 103
427 16 96 400 158
428 32 96 2000 107
429 32 96 400 131
430 16 40 1000 105
431 32 96 5000 98
432 16 96 400 94
433 16 40 400 187
434 32 40 2000 191
435 16 96 5000 119
436 32 96 800 108
437 32 40 400 199
438 32 64 400 121
439 16 96 1000 162
440 16 64 800 146
441 32 96 5000 194
442 32 64 400 118
443 16 64 5000 198
444 16 96 800 192
445 16 40 1000 104
446 32 96 2000 152
447 32 64 800 186
448 32 96 400 176
449 16 96 5000 196
450 32 96 2000 132
451 16 96 400 166
452 16 96 1000 173
453 32 64 400 137
454 16 40 5000 154
455 16 40 2000 196
456 16 96 800 139
457 16 40 2000 125
458 16 96 1000 96
459 16 64 1000 184
460 32 64 800 140
461 32 40 2000 167
462 16 64 400 181
463 32 64 5000 126
464 16 96 5000 156
465 32 40 800 99
466 32 64 2000 120
467 16 96 5000 148
468 16 96 5000 95
469 16 40 2000 170
470 16 96 2000 134
471 16 40 5000 194
472 32 96 1000 158
473 16 64 800 198
474 16 64 5000 90
475 32 64 400 142
476 32 96 5000 148
477 32 96 1000 122
478 16 40 400 128
479 16 64 400 94
480 32 40 2000 180
481 32 64 5000 166
482 16 40 2000 105
483 32 96 400 157
484 16 64 5000 111
485 32 64 2000 184
486 32 64 800 167
487 32 96 800 151
488 32 40 5000 138
489 32 40 400 135
490 32 40 2000 157
491 32 96 2000 181
492 32 96 5000 199
493 16 64 5000 113
494 32 40 5000 198
495 16 40 400 180
496 32 64 5000 183
497 32 40 5000 157
498 32 64 5000 171
499 16 96 2000 135
500 16 96 1000 103
501 16 64 1000 142
502 32 40 2000 180
503 16 64 800 98
504 16 40 800 162
505 16 40 800 147
506 32 40 800 122
507 32 64 5000 131
508 16 64 400 198
509 32 96 1000 106
510 16 40 2000 139
511 32 40 1000 158
512 16 40 5000 101
513 32 64 800 198
514 32 40 800 159
515 32 64 2000 96
516 32 40 5000 197
517 32 40 400 98
518 32 64 400 172
519 16 96 800 111
520 32 40 2000 100
521 16 96 2000 135
522 32 40 800 177
523 32 40 5000 141
524 16 96 400 171
525 16 96 5000 115
526 16 40 1000 117
527 32 40 5000 177
528 32 40 400 119
529 16 40 1000 110
530 16 64 1000 146
531 32 40 400 149
532 32 64 400 91
533 16 64 5000 187
534 32 40 5000 129
535 32 40 5000 192
536 16 96 400 161
537 16 96 1000 103
538 32 64 2000 125
539 16 64 2000 167
540 16 64 1000 155
541 16 96 1000 164
542 32 40 2000 177
543 32 64 5000 120
544 32 96 1000 175
545 16 96 5000 120
546 32 96 5000 117
547 32 96 5000 135
548 32 96 5000 114
549 32 40 2000 180
550 32 64 1000 123
551 32 96 1000 174
552 16 40 400 166
553 32 40 800 113
554 32 64 400 163
555 16 64 1000 139
556 32 96 800 178
557 16 96 5000 121
558 32 96 5000 94
559 16 96 5000 95
560 32 40 5000 130
561 16 96 400 116
562 16 64 1000 187
563 32 64 1000 198
564 32 96 5000 152
565 16 64 5000 128
566 32 96 800 165
567 16 64 1000 183
568 32 96 2000 177
569 32 40 2000 122
570 16 64 2000 151
571 16 96 400 178
572 16 64 5000 170
573 16 64 5000 180
574 32 96 400 123
575 16 40 800 164
576 16 96 800 178
577 32 40 2000 125
578 32 64 800 128
579 16 64 1000 105
580 32 64 1000 162
581 32 96 2000 127
582 16 96 1000 143
583 16 40 400 133
584 16 64 5000 177
585 32 96 800 160
586 16 40 5000 194
587 16 40 400 123
588 32 40 2000 125
589 16 40 1000 110
590 16 64 1000 148
591 16 96 400 127
592 16 96 800 112
593 32 96 400 101
594 32 64 1000 185
595 32 96 5000 152
596 16 96 2000 125
597 32 64 1000 199
598 32 96 2000 173
599 32 64 1000 180
600 32 64 5000 124
601 32 64 5000 137
602 16 40 1000 94
603 16 64 5000 175
604 16 40 2000 120
605 16 40 400 147
606 32 64 800 153
607 16 64 2000 196
608 32 96 5000 146
609 16 64 400 186
610 32 96 800 140
611 16 96 5000 140
612 16 64 1000 167
613 16 40 800 160
614 16 64 800 190
615 32 40 5000 154
616 32 40 2000 158
617 16 40 400 155
618 32 64 1000 181
619 16 64 5000 112
620 16 64 2000 109
621 32 96 400 121
622 16 64 1000 107
623 32 64 800 143
624 16 40 800 196
625 16 96 400 90
626 32 96 2000 115
627 16 40 400 109
628 32 40 1000 130
629 16 40 400 113
630 16 40 1000 113
631 16 40 400 153
632 32 64 2000 134
633 16 64 800 200
634 16 40 1000 102
635 32 64 800 157
636 32 40 400 121
637 16 40 400 135
638 32 96 1000 184
639 32 96 400 159
640 32 96 1000 120
641 16 64 2000 134
642 16 40 2000 191
643 32 96 800 116
644 16 64 800 99
645 16 96 800 97
646 16 64 400 123
647 32 96 1000 139
648 32 64 800 117
649 16 96 5000 200
650 32 64 1000 115
651 32 64 800 166
652 16 64 2000 188
653 16 96 2000 157
654 32 40 1000 144
655 32 40 800 159
656 32 96 2000 119
657 32 96 5000 153
658 16 64 400 126
659 16 64 1000 182
660 32 96 1000 180
661 32 96 400 144
662 32 64 1000 132
663 32 40 400 124
664 16 64 1000 126
665 16 40 400 135
666 16 40 1000 126
667 32 40 1000 183
668 16 64 800 195
669 16 64 800 130
670 32 96 1000 181
671 32 64 1000 97
672 16 40 1000 151
673 16 40 1000 135
674 32 64 1000 190
675 16 64 2000 120
676 32 40 2000 148
677 16 64 5000 121
678 16 40 5000 141
679 32 40 2000 137
680 32 64 2000 155
681 32 96 5000 197
682 32 64 2000 98
683 16 40 800 140
684 16 96 5000 110
685 16 96 5000 195
686 32 64 5000 155
687 32 64 5000 114
688 32 96 2000 129
689 16 96 400 200
690 32 40 400 147
691 32 40 400 175
692 32 96 1000 190
693 32 96 5000 139
694 16 64 2000 145
695 32 64 800 99
696 16 40 800 117
697 16 96 5000 141
698 32 40 1000 152
699 16 40 5000 130
700 16 96 5000 170
701 32 64 400 156
702 16 40 400 183
703 32 64 5000 161
704 32 64 400 179
705 32 64 400 151
706 16 40 1000 127
707 32 64 5000 101
708 32 64 400 145
709 32 40 5000 112
710 16 64 2000 156
711 32 64 400 167
712 32 40 5000 130
713 32 64 5000 115
714 32 64 400 172
715 32 96 400 118
14
15 243 48 170
23 477 67 199
49 443 63 184
50 536 42 169
97 353 48 104
130 187 54 124
136 444 46 149
144 623 63 174
162 519 51 152
181 482 68 133
281 422 51 137
339 372 40 199
433 492 42 185
493 523 63 155