758
0 32 16 500 110
1 32 256 500 118
2 128 128 1000 154
3 16 256 1000 118
4 128 256 5000 171
5 64 256 500 191
6 64 16 2400 182
7 64 128 500 101
8 64 16 2400 152
9 64 256 5000 130
10 128 64 800 190
11 16 256 2400 161
12 16 16 5000 130
13 32 128 1000 105
14 32 16 2400 90
15 16 256 2400 131
16 64 16 2400 156
17 64 256 500 152
18 16 16 800 198
19 32 256 5000 101
20 16 64 800 149
21 128 64 800 110
22 16 256 800 189
23 32 16 2400 195
24 32 16 5000 196
25 32 64 5000 110
26 128 256 1000 91
27 16 128 2400 155
28 32 128 1000 123
29 32 256 500 90
30 32 256 5000 164
31 32 16 1000 177
32 128 16 2400 118
33 128 256 2400 137
34 128 128 2400 163
35 64 128 800 100
36 16 64 500 144
37 16 128 800 162
38 16 16 500 103
39 128 64 500 185
40 16 16 800 150
41 128 64 1000 158
42 64 16 1000 144
43 16 16 800 135
44 128 16 500 113
45 64 128 2400 115
46 16 128 2400 135
47 16 16 5000 98
48 64 64 5000 110
49 64 128 800 106
50 128 64 5000 131
51 128 64 5000 117
52 64 64 500 112
53 32 64 500 195
54 128 64 500 187
55 32 64 2400 130
56 64 128 1000 187
57 64 64 5000 135
58 64 256 2400 189
59 128 128 2400 119
60 16 64 2400 176
61 16 16 2400 98
62 128 128 500 120
63 16 128 500 158
64 64 128 800 114
65 128 128 5000 183
66 16 128 1000 113
67 64 256 1000 95
68 128 128 800 180
69 64 64 2400 173
70 128 128 800 147
71 64 128 800 94
72 64 256 800 158
73 64 16 500 199
74 16 64 2400 129
75 128 64 800 174
76 128 256 5000 115
77 64 64 500 149
78 16 128 1000 198
79 16 128 500 188
80 16 64 5000 92
81 16 64 800 90
82 128 256 1000 135
83 128 64 5000 174
84 128 256 1000 137
85 64 16 1000 192
86 32 16 500 168
87 128 128 800 188
88 128 16 500 146
89 64 256 2400 186
90 32 16 5000 193
91 128 256 500 187
92 32 256 800 172
93 16 16 2400 100
94 32 128 800 194
95 128 64 2400 119
96 16 256 500 150
97 128 256 2400 112
98 64 16 500 119
99 16 16 1000 146
100 128 16 500 144
101 32 64 800 126
102 64 256 1000 97
103 64 128 500 169
104 128 128 2400 124
105 64 128 5000 181
106 128 128 500 101
107 128 16 1000 137
108 64 16 500 158
109 16 128 1000 117
110 16 256 1000 150
111 16 128 5000 113
112 128 64 500 190
113 128 16 800 131
114 32 128 800 156
115 128 16 500 140
116 16 16 1000 169
117 32 256 2400 96
118 16 128 1000 145
119 64 256 500 152
120 16 256 1000 97
121 16 64 2400 197
122 32 64 500 157
123 64 64 800 186
124 16 16 1000 191
125 32 16 1000 153
126 32 256 1000 199
127 32 256 800 91
128 128 128 500 178
129 32 128 5000 190
130 64 16 1000 122
131 128 256 2400 131
132 32 16 5000 109
133 64 128 500 144
134 128 64 800 130
135 16 16 500 120
136 64 128 1000 189
137 16 128 500 109
138 32 64 1000 134
139 64 256 5000 115
140 16 256 5000 145
141 64 64 500 163
142 128 16 500 148
143 128 64 500 123
144 32 64 800 159
145 128 16 1000 181
146 64 64 500 164
147 64 256 1000 109
148 64 256 2400 110
149 64 64 800 168
150 128 128 500 168
151 32 128 500 127
152 32 256 2400 183
153 16 64 2400 197
154 32 16 800 130
155 128 16 500 103
156 128 256 800 182
157 64 16 1000 155
158 64 64 800 184
159 64 256 500 122
160 32 256 1000 121
161 64 128 2400 150
162 64 128 800 153
163 32 64 5000 101
164 64 256 2400 110
165 32 64 2400 131
166 16 64 800 102
167 32 128 500 155
168 32 16 2400 164
169 16 64 800 96
170 16 128 5000 138
171 32 16 1000 169
172 32 64 1000 127
173 64 16 2400 151
174 16 16 800 97
175 64 16 5000 162
176 16 256 500 134
177 128 64 2400 158
178 128 128 500 122
179 16 16 1000 117
180 128 16 500 181
181 64 16 800 144
182 16 64 2400 182
183 128 16 500 145
184 32 64 2400 105
185 32 256 1000 116
186 16 128 2400 170
187 64 64 2400 183
188 128 16 1000 172
189 32 64 1000 172
190 32 128 800 103
191 32 128 800 177
192 128 256 2400 158
193 32 256 500 197
194 32 64 5000 128
195 128 16 500 93
196 32 64 500 172
197 16 128 2400 155
198 16 16 5000 112
199 16 16 1000 126
200 64 128 5000 168
201 64 64 800 197
202 128 256 500 171
203 128 64 1000 199
204 16 256 2400 188
205 16 64 500 174
206 64 16 2400 137
207 16 256 800 123
208 64 64 500 198
209 16 16 2400 130
210 32 256 800 106
211 32 16 1000 132
212 32 256 800 101
213 32 64 5000 151
214 16 16 800 110
215 128 256 1000 102
216 128 256 1000 180
217 128 128 2400 106
218 128 128 2400 125
219 128 64 2400 126
220 32 16 2400 110
221 32 128 5000 143
222 32 128 1000 191
223 64 64 2400 156
224 128 16 5000 169
225 128 16 800 104
226 64 16 500 95
227 128 16 5000 97
228 32 16 2400 145
229 16 64 1000 163
230 128 64 800 135
231 128 64 1000 136
232 128 128 1000 131
233 64 64 800 151
234 32 16 500 91
235 64 256 800 92
236 32 16 2400 173
237 128 128 500 129
238 64 64 500 195
239 64 64 2400 92
240 16 64 1000 96
241 128 256 5000 172
242 32 256 5000 108
243 64 256 2400 96
244 32 256 2400 165
245 64 16 2400 109
246 16 16 1000 189
247 128 16 1000 140
248 128 256 800 198
249 32 16 500 150
250 128 128 5000 164
251 64 64 500 114
252 32 64 1000 98
253 16 16 1000 151
254 32 16 800 126
255 16 16 2400 117
256 16 16 2400 195
257 16 16 1000 179
258 16 128 2400 104
259 16 128 1000 146
260 64 16 800 139
261 64 256 800 123
262 64 64 5000 167
263 64 128 2400 107
264 16 64 500 159
265 16 64 500 109
266 64 128 500 136
267 32 16 800 119
268 32 256 2400 146
269 64 256 5000 112
270 64 16 5000 142
271 32 64 800 105
272 32 256 1000 158
273 16 128 800 174
274 16 256 1000 144
275 32 64 800 195
276 128 128 5000 128
277 64 64 500 174
278 16 128 5000 188
279 16 256 5000 168
280 16 16 2400 153
281 32 128 800 138
282 128 128 5000 118
283 64 64 500 177
284 32 256 5000 105
285 64 16 800 150
286 128 128 2400 117
287 128 64 500 160
288 16 128 2400 104
289 128 16 5000 159
290 32 16 2400 139
291 128 16 500 103
292 128 16 2400 95
293 64 64 800 164
294 64 64 500 186
295 32 256 800 107
296 16 64 5000 198
297 128 128 1000 111
298 64 16 2400 135
299 128 64 2400 109
300 16 128 5000 135
301 32 16 500 166
302 16 16 5000 182
303 16 16 800 192
304 32 16 1000 189
305 128 128 1000 157
306 32 64 800 93
307 16 16 800 117
308 64 128 5000 154
309 32 128 500 118
310 32 64 5000 175
311 32 128 2400 160
312 64 256 800 90
313 32 16 500 192
314 16 128 800 111
315 32 16 2400 120
316 64 16 800 112
317 64 64 5000 135
318 64 64 500 185
319 128 64 2400 151
320 128 128 800 172
321 32 16 800 123
322 64 64 5000 174
323 64 128 2400 139
324 16 128 800 101
325 16 64 2400 181
326 16 64 1000 178
327 16 64 500 151
328 32 16 5000 112
329 16 128 1000 146
330 32 16 500 119
331 64 64 5000 168
332 64 256 2400 131
333 64 64 2400 179
334 128 64 1000 101
335 64 16 2400 128
336 128 128 1000 150
337 128 64 2400 94
338 64 256 2400 127
339 32 128 1000 167
340 64 16 5000 170
341 64 256 1000 129
342 32 128 5000 175
343 32 256 1000 143
344 16 256 2400 195
345 32 16 1000 147
346 64 64 2400 117
347 64 16 800 145
348 32 256 2400 186
349 32 16 1000 143
350 32 256 800 101
351 16 256 800 167
352 32 64 500 149
353 128 16 1000 137
354 64 64 800 194
355 16 16 800 177
356 32 256 800 112
357 16 64 1000 187
358 16 128 2400 108
359 128 64 5000 90
360 128 128 500 119
361 32 128 800 166
362 32 256 5000 124
363 32 64 5000 151
364 32 128 800 159
365 16 64 1000 188
366 64 16 1000 115
367 64 256 5000 117
368 64 64 500 95
369 128 128 800 174
370 128 128 2400 189
371 64 256 5000 164
372 32 128 5000 126
373 128 128 500 177
374 32 64 800 176
375 64 128 800 105
376 128 16 5000 92
377 16 128 800 99
378 16 128 2400 92
379 16 64 1000 122
380 32 16 5000 109
381 16 128 500 143
382 64 16 1000 130
383 16 64 500 108
384 128 64 800 125
385 128 128 5000 171
386 16 64 1000 157
387 32 256 2400 179
388 32 16 2400 129
389 128 128 500 183
390 32 128 800 151
391 64 128 800 187
392 32 64 800 131
393 64 16 2400 194
394 16 16 1000 117
395 128 64 800 144
396 64 256 800 100
397 32 16 2400 177
398 128 128 2400 172
399 16 128 5000 113
400 32 16 5000 132
401 16 64 5000 94
402 128 64 5000 92
403 128 64 500 99
404 32 64 1000 136
405 128 128 800 128
406 64 16 500 126
407 128 128 2400 95
408 64 16 2400 151
409 128 256 500 122
410 16 256 2400 190
411 128 64 1000 140
412 16 256 2400 199
413 64 256 1000 193
414 128 128 5000 182
415 32 256 1000 153
416 32 16 2400 127
417 64 16 500 159
418 128 128 1000 146
419 64 256 2400 140
420 64 128 1000 162
421 32 128 800 189
422 64 16 800 189
423 32 64 2400 122
424 128 128 800 174
425 32 128 1000 185
426 32 128 800 116
427 128 16 800 136
428 128 64 2400 158
429 32 64 2400 170
430 16 16 1000 112
431 16 64 1000 131
432 32 256 2400 157
433 64 16 1000 148
434 32 64 1000 150
435 16 256 1000 167
436 64 256 1000 193
437 32 64 2400 124
438 64 64 800 158
439 128 16 5000 119
440 128 128 2400 153
441 128 64 1000 161
442 128 128 2400 94
443 64 128 5000 128
444 64 256 500 133
445 128 16 5000 163
446 128 64 5000 176
447 128 128 800 92
448 32 128 1000 174
449 64 64 2400 118
450 16 64 500 183
451 64 128 5000 118
452 64 64 5000 161
453 64 64 2400 184
454 128 64 500 98
455 64 256 5000 122
456 64 64 800 148
457 16 64 2400 91
458 64 128 800 185
459 128 128 800 156
460 32 256 800 154
461 128 256 500 104
462 16 64 800 193
463 128 128 800 112
464 64 256 1000 160
465 16 256 2400 147
466 16 64 1000 187
467 64 128 2400 143
468 16 128 1000 158
469 64 16 1000 184
470 64 128 800 191
471 64 128 2400 165
472 16 16 5000 173
473 128 64 2400 93
474 128 256 1000 158
475 64 16 5000 144
476 32 128 1000 141
477 128 128 800 116
478 16 256 5000 102
479 32 16 1000 143
480 64 128 800 189
481 32 64 5000 172
482 16 256 500 160
483 32 16 500 181
484 16 256 5000 139
485 128 128 2400 153
486 16 16 5000 107
487 64 64 2400 180
488 16 256 500 162
489 64 64 5000 128
490 64 128 500 108
491 32 128 800 128
492 16 256 2400 193
493 32 128 5000 182
494 32 256 1000 166
495 64 64 5000 167
496 16 64 5000 139
497 16 64 1000 168
498 64 16 800 103
499 128 64 1000 100
500 128 64 800 129
501 32 64 800 186
502 128 128 5000 122
503 32 128 1000 119
504 32 64 800 148
505 16 64 2400 143
506 16 128 5000 171
507 32 128 5000 172
508 64 256 1000 120
509 32 128 2400 168
510 16 128 1000 166
511 16 16 2400 186
512 128 256 2400 146
513 128 64 1000 92
514 128 128 800 108
515 32 256 2400 177
516 16 64 2400 119
517 64 128 2400 91
518 16 128 5000 142
519 16 128 1000 198
520 64 128 500 167
521 128 16 500 125
522 32 256 2400 120
523 128 256 2400 188
524 32 64 5000 137
525 16 64 2400 159
526 16 128 2400 94
527 128 16 800 186
528 16 64 1000 100
529 128 16 2400 99
530 16 16 1000 172
531 32 256 2400 118
532 16 64 1000 135
533 128 128 800 164
534 16 16 2400 185
535 128 64 1000 136
536 16 16 1000 127
537 32 64 5000 188
538 64 16 2400 167
539 32 16 800 113
540 32 128 800 190
541 16 16 1000 132
542 128 64 500 129
543 32 256 5000 161
544 32 256 5000 109
545 32 64 2400 107
546 32 16 800 155
547 64 128 500 148
548 128 16 500 190
549 32 16 500 102
550 32 64 500 126
551 64 64 500 199
552 128 16 1000 128
553 128 256 800 92
554 16 256 2400 193
555 64 64 5000 175
556 64 128 5000 187
557 16 128 5000 91
558 32 64 800 152
559 64 64 1000 145
560 64 16 500 175
561 32 256 2400 104
562 64 128 1000 170
563 64 128 5000 93
564 32 256 2400 162
565 32 256 2400 90
566 32 256 500 134
567 32 16 1000 148
568 16 256 2400 159
569 64 16 500 182
570 32 64 5000 127
571 16 256 1000 127
572 128 256 2400 138
573 64 256 2400 102
574 128 128 2400 96
575 32 256 2400 189
576 64 256 5000 188
577 128 64 2400 133
578 128 64 1000 179
579 128 128 500 131
580 128 128 500 172
581 128 64 500 142
582 128 128 2400 129
583 64 128 500 109
584 16 128 2400 167
585 32 64 1000 178
586 32 256 1000 105
587 16 128 800 104
588 128 16 500 122
589 64 16 800 160
590 16 16 5000 173
591 16 16 2400 175
592 128 64 5000 139
593 16 64 2400 120
594 128 64 5000 126
595 32 64 1000 192
596 32 16 1000 129
597 64 256 500 129
598 128 256 500 144
599 128 128 2400 118
600 64 16 500 149
601 32 256 800 115
602 128 128 2400 174
603 32 256 5000 165
604 128 64 500 128
605 32 16 800 134
606 64 256 2400 130
607 32 128 5000 151
608 16 16 2400 108
609 32 128 500 162
610 64 16 800 179
611 64 256 2400 159
612 64 128 800 126
613 16 128 2400 154
614 64 16 800 142
615 32 64 2400 105
616 16 64 500 113
617 16 16 1000 187
618 128 128 1000 173
619 128 64 500 176
620 16 64 5000 195
621 128 128 800 91
622 16 256 500 170
623 128 16 500 194
624 64 64 5000 140
625 64 64 5000 184
626 128 128 500 194
627 64 256 800 139
628 64 16 5000 158
629 16 256 500 101
630 64 64 1000 102
631 16 256 2400 135
632 16 256 1000 146
633 32 64 800 162
634 32 64 500 111
635 32 16 2400 150
636 32 128 800 176
637 32 64 2400 167
638 16 64 500 165
639 16 64 500 195
640 128 128 2400 195
641 32 16 5000 174
642 128 256 5000 149
643 32 16 1000 134
644 64 128 2400 178
645 16 128 5000 128
646 32 256 2400 164
647 16 128 800 156
648 64 16 5000 160
649 64 256 1000 162
650 128 16 2400 91
651 64 64 2400 176
652 16 16 1000 131
653 64 64 2400 197
654 64 128 800 159
655 64 16 800 199
656 128 64 2400 106
657 64 64 500 94
658 16 256 1000 184
659 128 16 800 119
660 32 256 1000 172
661 16 256 2400 183
662 128 64 800 103
663 128 256 2400 177
664 64 128 5000 198
665 128 256 5000 167
666 16 256 5000 194
667 32 256 1000 165
668 16 256 5000 128
669 32 64 1000 117
670 64 16 5000 119
671 32 64 2400 175
672 64 64 5000 186
673 64 128 800 184
674 32 64 2400 182
675 64 64 800 196
676 128 128 800 118
677 16 256 800 183
678 16 128 500 95
679 128 64 800 188
680 64 256 1000 151
681 128 128 500 140
682 32 256 5000 179
683 128 128 2400 131
684 16 64 2400 156
685 32 16 5000 118
686 32 256 5000 133
687 128 16 2400 138
688 16 64 500 160
689 128 64 2400 124
690 16 16 800 197
691 16 128 2400 158
692 32 256 1000 102
693 128 64 500 197
694 64 128 800 192
695 64 256 800 109
696 16 16 1000 119
697 16 64 500 178
698 32 16 500 189
699 128 256 500 94
700 64 16 1000 192
701 32 256 800 116
702 128 64 5000 154
703 32 16 500 156
704 128 128 1000 173
705 32 64 1000 166
706 64 256 800 124
707 32 16 1000 101
708 16 256 1000 99
709 32 256 5000 96
710 128 128 2400 99
711 16 64 800 139
712 16 64 800 184
713 16 64 800 170
714 128 256 2400 104
715 32 16 800 170
716 128 128 5000 130
717 64 256 2400 144
718 32 256 2400 177
719 16 128 800 116
720 16 128 5000 124
721 32 16 500 94
722 16 128 1000 156
723 16 64 800 115
724 16 16 2400 132
725 64 128 2400 143
726 64 256 2400 177
727 16 256 5000 134
728 32 256 1000 104
729 64 16 5000 91
730 64 16 800 192
731 128 16 1000 116
732 32 256 5000 112
733 64 256 800 184
734 64 128 5000 163
735 16 64 1000 103
736 128 128 1000 180
737 64 256 1000 179
738 16 128 800 113
739 64 16 800 136
740 32 16 2400 107
741 16 128 800 133
742 128 256 1000 185
743 16 128 2400 192
744 16 128 5000 146
745 64 128 5000 189
746 64 64 1000 182
747 32 128 2400 106
748 16 256 1000 155
749 16 16 2400 163
750 128 128 500 105
751 64 128 5000 176
752 64 128 500 181
753 16 128 2400 91
754 16 128 1000 153
755 16 16 2400 121
756 16 16 2400 171
757 32 64 5000 149
127
0 537 49 197
0 392 48 161
1 296 62 177
3 366 42 98
12 654 44 91
15 97 45 197
20 214 41 96
21 645 46 175
36 348 43 117
37 755 66 200
42 310 57 199
49 106 54 165
51 297 67 97
68 709 61 134
69 686 63 112
70 122 51 108
71 402 62 142
75 409 65 156
75 161 62 192
78 106 40 159
78 499 55 152
79 268 55 169
82 362 57 104
86 245 42 183
86 478 54 185
90 355 67 105
90 678 46 125
96 733 53 99
96 440 64 152
101 549 46 125
106 721 55 150
107 459 53 92
108 392 59 148
110 178 40 192
123 710 48 146
126 672 45 188
128 594 40 104
135 371 40 163
139 226 67 198
142 646 40 171
146 670 52 119
147 621 48 116
152 534 50 114
152 240 59 181
153 691 67 176
154 210 60 167
170 470 53 181
174 377 51 138
178 323 56 199
183 702 43 120
185 485 57 176
186 325 62 175
187 410 65 95
187 686 68 200
193 423 67 166
197 737 42 91
200 743 42 142
203 724 46 186
214 260 50 107
219 455 67 176
219 619 67 179
227 567 62 133
231 537 68 176
231 547 70 98
240 374 59 197
245 247 50 105
251 323 43 162
252 642 66 118
259 729 45 106
278 735 61 152
280 413 41 197
281 630 66 102
281 395 43 165
282 492 56 107
292 397 63 181
301 471 45 179
302 317 60 197
304 655 47 109
311 753 56 127
317 733 50 195
318 670 61 190
327 391 69 155
329 597 41 139
340 437 62 132
344 735 61 146
346 391 66 159
349 449 48 176
354 747 49 186
354 710 56 130
357 756 44 126
358 697 45 143
362 555 53 106
374 433 62 155
377 384 50 171
380 557 47 102
389 472 50 141
391 577 62 149
404 450 58 196
416 597 62 111
424 469 59 93
428 635 58 90
438 509 45 169
438 563 69 198
449 743 50 127
453 652 51 187
467 733 55 108
469 703 56 120
471 702 69 98
476 584 46 195
502 543 41 186
507 594 63 176
513 659 47 188
518 608 61 94
519 615 66 172
530 710 41 144
533 657 68 158
535 555 45 147
543 744 40 110
545 566 65 152
549 711 51 97
569 643 59 179
581 584 61 160
595 739 46 112
597 698 62 139
615 722 45 121
637 712 69 115
695 733 49 184