368
0 16 64 2000 81
1 64 8 1000 67
2 64 64 500 42
3 16 128 200 78
4 4 64 100 100
5 16 16 100 89
6 16 16 1000 51
7 32 8 500 98
8 4 128 200 31
9 4 64 100 74
10 64 16 500 32
11 64 128 200 33
12 4 64 200 46
13 16 128 2000 59
14 16 16 100 71
15 16 8 1000 83
16 32 128 1000 36
17 32 8 200 36
18 4 16 100 54
19 32 64 2000 45
20 64 16 100 86
21 32 128 200 51
22 32 16 200 74
23 16 64 100 83
24 4 64 1000 96
25 16 64 1000 41
26 4 8 200 45
27 4 16 500 73
28 32 16 1000 32
29 32 64 1000 81
30 4 8 100 61
31 16 64 100 53
32 32 16 100 41
33 32 64 200 56
34 32 128 100 38
35 64 128 2000 87
36 16 128 200 60
37 32 16 200 47
38 64 16 2000 68
39 4 8 2000 95
40 64 16 1000 57
41 64 64 100 30
42 32 64 500 99
43 32 128 1000 96
44 16 16 1000 50
45 16 64 500 31
46 64 8 500 83
47 16 128 100 79
48 32 128 1000 51
49 4 64 1000 75
50 4 8 200 50
51 64 128 100 53
52 4 64 2000 61
53 16 64 500 59
54 16 128 2000 81
55 16 16 2000 67
56 4 8 500 59
57 16 16 100 97
58 16 64 200 82
59 32 128 100 71
60 4 64 1000 58
61 32 16 200 66
62 64 8 2000 92
63 4 8 100 86
64 16 16 200 43
65 64 8 1000 58
66 32 64 500 82
67 16 64 1000 47
68 16 16 2000 92
69 16 8 500 85
70 64 8 200 50
71 32 64 500 42
72 32 64 200 39
73 32 8 100 34
74 64 16 200 61
75 4 64 2000 46
76 64 8 200 98
77 16 64 200 62
78 32 64 500 80
79 64 128 100 88
80 16 128 500 49
81 16 8 2000 65
82 32 64 500 99
83 64 128 500 70
84 4 64 500 80
85 32 8 200 87
86 16 128 2000 33
87 4 64 1000 52
88 16 8 100 84
89 16 16 200 36
90 4 64 2000 61
91 64 8 500 98
92 64 64 200 86
93 16 64 200 43
94 64 128 100 64
95 16 64 2000 66
96 32 16 2000 67
97 16 128 1000 94
98 32 64 500 88
99 64 64 2000 80
100 16 8 100 53
101 4 128 1000 77
102 4 128 2000 50
103 64 128 1000 62
104 4 128 500 98
105 16 128 1000 95
106 64 64 100 41
107 4 128 2000 32
108 64 16 1000 34
109 16 16 500 58
110 32 128 500 32
111 16 8 200 85
112 32 128 200 44
113 4 128 100 55
114 4 128 100 77
115 64 8 1000 41
116 16 64 100 47
117 32 64 100 100
118 32 128 1000 73
119 64 64 1000 56
120 4 64 500 31
121 4 16 100 86
122 16 16 1000 85
123 64 8 500 71
124 4 8 1000 76
125 32 64 1000 39
126 64 8 2000 92
127 32 128 100 59
128 64 128 200 100
129 16 8 2000 48
130 64 64 500 47
131 4 64 2000 58
132 16 128 100 68
133 32 128 500 73
134 64 16 1000 30
135 32 8 2000 80
136 16 64 1000 42
137 32 8 200 45
138 16 16 500 82
139 4 8 200 30
140 64 8 2000 86
141 64 128 500 62
142 32 64 100 36
143 4 16 100 89
144 4 16 1000 75
145 32 64 500 97
146 4 128 1000 56
147 4 128 2000 80
148 16 16 1000 97
149 32 64 500 59
150 16 128 100 79
151 64 64 1000 61
152 32 16 100 35
153 32 8 2000 86
154 32 8 2000 43
155 16 8 1000 82
156 64 16 200 93
157 32 8 200 39
158 4 128 200 75
159 4 8 200 70
160 32 64 1000 66
161 64 64 200 37
162 64 128 1000 64
163 64 8 200 50
164 4 8 100 76
165 64 16 100 31
166 4 8 1000 94
167 16 16 500 31
168 32 16 100 90
169 4 128 500 90
170 4 16 1000 88
171 64 128 500 80
172 4 64 2000 71
173 16 8 200 57
174 4 64 2000 74
175 32 8 1000 37
176 16 128 2000 78
177 32 128 200 57
178 4 8 1000 51
179 32 128 200 100
180 4 64 200 37
181 16 128 1000 99
182 64 128 2000 74
183 32 128 1000 63
184 64 8 500 58
185 64 64 1000 46
186 4 16 2000 62
187 4 8 200 80
188 64 128 2000 86
189 64 128 100 94
190 4 8 2000 85
191 16 16 500 33
192 16 8 2000 98
193 16 16 1000 74
194 16 8 100 82
195 64 128 2000 65
196 16 8 2000 58
197 32 64 2000 64
198 16 8 2000 75
199 16 128 1000 64
200 64 16 100 47
201 64 64 200 47
202 4 64 2000 71
203 32 16 500 92
204 64 128 1000 90
205 64 128 1000 56
206 4 8 2000 87
207 4 16 200 100
208 4 64 1000 84
209 64 128 100 100
210 4 16 100 39
211 32 128 1000 78
212 4 128 500 55
213 16 64 1000 30
214 32 128 100 79
215 64 64 500 30
216 16 128 200 96
217 32 8 2000 98
218 32 64 2000 43
219 32 16 100 36
220 4 8 200 75
221 64 8 1000 39
222 4 8 500 50
223 32 16 100 63
224 16 16 500 90
225 16 128 500 66
226 4 8 100 84
227 64 16 2000 49
228 32 64 1000 65
229 16 64 200 46
230 64 64 200 77
231 64 128 500 46
232 16 16 200 99
233 4 8 2000 39
234 32 8 500 84
235 32 64 200 62
236 4 128 500 74
237 16 64 1000 94
238 64 64 500 57
239 4 128 2000 87
240 16 16 200 52
241 32 128 1000 30
242 64 64 500 59
243 64 8 500 85
244 64 16 500 69
245 64 16 200 35
246 32 8 2000 44
247 64 64 100 43
248 32 128 2000 47
249 64 16 200 49
250 64 8 100 40
251 64 8 100 69
252 32 64 200 54
253 64 8 2000 65
254 16 8 2000 70
255 16 8 500 91
256 32 64 1000 87
257 16 8 1000 93
258 32 16 2000 90
259 16 16 200 74
260 16 8 100 48
261 32 8 2000 58
262 4 64 500 66
263 16 8 1000 81
264 4 128 200 92
265 64 128 500 42
266 32 128 200 52
267 32 128 500 62
268 4 64 200 71
269 32 128 2000 74
270 32 16 500 80
271 32 128 1000 47
272 4 128 500 81
273 4 64 500 90
274 32 64 2000 53
275 32 64 100 59
276 4 128 500 56
277 64 8 2000 58
278 16 128 200 65
279 4 8 100 33
280 32 16 100 43
281 4 128 200 46
282 64 8 500 89
283 16 64 500 82
284 4 128 500 67
285 64 8 1000 51
286 4 8 100 43
287 64 16 500 92
288 16 16 200 49
289 4 16 2000 53
290 16 64 1000 89
291 16 8 100 35
292 32 64 1000 35
293 16 128 100 39
294 16 8 100 36
295 64 16 100 39
296 64 64 100 79
297 16 128 500 64
298 4 16 1000 52
299 4 64 2000 50
300 16 16 100 58
301 64 8 200 86
302 4 16 500 34
303 16 128 500 63
304 32 64 200 50
305 16 64 1000 67
306 4 8 100 56
307 32 64 2000 83
308 16 128 2000 84
309 32 64 1000 46
310 4 64 1000 74
311 64 128 200 65
312 16 128 1000 43
313 32 64 500 100
314 32 8 100 89
315 4 64 2000 60
316 32 8 2000 54
317 64 128 200 32
318 4 128 200 55
319 4 128 1000 55
320 32 64 1000 78
321 16 64 100 32
322 16 16 200 50
323 64 8 500 47
324 4 128 500 47
325 16 16 200 97
326 32 64 100 40
327 32 64 500 74
328 16 64 100 45
329 32 64 2000 79
330 4 64 200 32
331 64 64 2000 89
332 16 16 2000 52
333 4 8 2000 69
334 32 16 200 48
335 4 128 500 66
336 4 8 100 65
337 32 128 1000 72
338 4 128 1000 66
339 64 16 200 50
340 16 64 1000 30
341 32 8 100 48
342 32 128 1000 72
343 4 64 500 70
344 32 8 500 39
345 64 128 200 87
346 4 128 500 59
347 32 128 500 32
348 32 64 100 65
349 16 64 2000 97
350 16 64 200 91
351 16 8 500 61
352 4 64 1000 42
353 64 8 1000 75
354 64 16 500 71
355 32 8 2000 35
356 16 128 1000 55
357 64 16 1000 66
358 32 8 1000 88
359 32 8 2000 56
360 4 64 200 85
361 32 8 200 40
362 16 128 1000 47
363 4 128 1000 87
364 32 16 100 51
365 4 8 200 93
366 4 8 100 50
367 32 64 200 59
117
4 176 41 76
4 90 37 97
4 318 46 86
4 28 34 33
7 20 32 58
10 16 16 76
11 164 28 91
11 336 17 49
12 304 23 92
15 359 27 53
20 339 31 42
23 271 25 86
23 185 49 92
26 238 19 73
26 309 24 95
29 231 25 58
32 353 34 63
35 355 25 45
38 170 36 52
38 282 15 53
39 147 17 99
39 56 18 77
43 366 27 48
43 216 40 77
45 360 29 89
48 94 47 72
50 255 28 44
51 190 30 93
54 242 23 36
56 227 38 83
57 305 14 37
57 200 27 74
58 168 32 42
59 117 11 66
64 259 12 63
64 228 34 94
71 209 29 90
72 328 13 36
72 305 32 79
73 106 18 48
74 180 25 95
79 270 21 71
80 294 32 99
81 148 45 84
81 224 15 34
82 162 20 90
82 150 29 79
83 112 49 50
92 260 31 33
93 267 25 90
93 103 10 53
94 265 49 86
98 295 44 64
98 247 47 83
102 330 18 75
102 150 13 79
103 111 19 68
105 239 22 97
107 251 40 71
108 163 29 53
110 318 39 78
111 294 47 85
115 251 15 88
115 211 38 94
115 308 14 74
119 164 36 41
120 163 12 75
121 298 48 100
123 245 27 77
124 364 47 33
131 199 40 32
133 213 49 37
136 309 41 31
137 286 10 80
139 265 24 75
139 229 27 46
139 202 15 60
141 172 26 97
145 256 19 53
145 368 42 47
146 176 33 92
159 340 31 65
161 168 43 88
171 324 49 31
171 239 30 55
175 285 39 66
175 261 28 57
175 287 40 36
184 227 35 71
186 316 31 50
191 277 24 55
192 262 11 38
193 249 42 75
194 347 40 54
206 252 18 38
208 209 46 52
209 257 36 40
213 223 28 51
213 295 21 73
214 275 46 40
220 301 48 95
227 240 15 63
227 261 38 41
228 254 41 80
229 285 13 71
233 302 44 49
236 349 33 69
240 353 44 96
243 250 28 89
245 252 46 92
245 356 33 38
255 274 16 90
289 301 47 80
298 301 12 44
308 331 14 72
329 361 43 34
345 354 28 50