446
0 2 64 500 135
1 8 128 200 144
2 16 64 500 127
3 8 16 300 121
4 2 64 100 138
5 16 64 100 148
6 2 128 1000 149
7 8 16 500 140
8 2 128 500 141
9 16 16 1000 95
10 8 64 1000 127
11 2 16 1000 122
12 16 64 1000 105
13 2 128 300 124
14 2 16 100 126
15 2 16 1000 111
16 2 64 500 114
17 8 16 200 141
18 16 16 200 118
19 8 16 100 99
20 16 64 300 117
21 2 128 500 148
22 2 128 200 149
23 8 64 300 103
24 2 128 200 134
25 2 64 100 125
26 2 64 1000 138
27 16 16 500 91
28 16 64 300 107
29 2 128 200 111
30 8 16 300 138
31 2 128 500 92
32 2 16 100 106
33 16 128 200 139
34 2 64 300 144
35 16 128 300 141
36 2 64 200 149
37 16 128 100 102
38 8 128 100 106
39 2 16 1000 150
40 8 64 200 109
41 8 128 1000 126
42 2 128 200 113
43 16 64 500 121
44 16 64 200 143
45 2 16 500 112
46 2 64 500 149
47 16 128 1000 98
48 16 64 1000 143
49 2 128 200 114
50 16 16 1000 91
51 16 64 100 147
52 8 16 200 145
53 8 64 300 113
54 2 16 100 127
55 16 64 100 136
56 2 16 500 95
57 2 64 1000 124
58 16 128 1000 133
59 8 64 300 144
60 2 64 200 143
61 8 16 100 107
62 2 64 100 137
63 16 128 1000 108
64 8 64 100 139
65 8 16 1000 90
66 8 16 500 131
67 16 128 500 117
68 2 64 100 130
69 2 16 1000 142
70 8 128 300 99
71 16 128 300 138
72 8 64 300 96
73 16 64 500 144
74 8 16 1000 107
75 8 64 1000 104
76 16 64 100 137
77 2 128 500 98
78 16 128 300 115
79 2 16 100 133
80 2 16 100 91
81 16 128 500 144
82 2 16 300 143
83 8 16 300 99
84 2 16 200 113
85 8 64 300 91
86 2 128 200 125
87 8 128 200 90
88 2 16 200 98
89 2 16 1000 131
90 16 128 200 148
91 16 64 100 150
92 2 16 500 136
93 16 128 100 105
94 8 128 1000 121
95 8 64 300 121
96 2 16 200 97
97 2 64 200 92
98 8 128 300 139
99 2 128 200 142
100 2 16 500 136
101 16 64 200 147
102 16 16 300 141
103 2 16 1000 128
104 8 16 500 106
105 8 128 300 134
106 2 128 100 107
107 2 16 1000 146
108 2 16 200 90
109 2 16 500 136
110 8 16 300 91
111 2 128 100 102
112 8 64 100 91
113 8 16 100 137
114 16 128 1000 145
115 8 16 200 91
116 16 16 300 124
117 2 64 200 136
118 8 16 100 132
119 8 16 500 105
120 2 128 200 142
121 8 64 500 109
122 2 64 200 109
123 8 16 100 118
124 8 128 500 129
125 16 64 1000 139
126 2 16 300 93
127 16 16 300 117
128 8 64 100 113
129 16 128 500 132
130 8 16 100 115
131 16 64 1000 134
132 16 16 100 132
133 8 16 100 145
134 16 128 500 150
135 2 16 300 144
136 8 128 300 101
137 2 16 300 131
138 16 128 100 105
139 8 16 1000 98
140 16 64 300 125
141 8 64 500 92
142 16 128 300 111
143 16 64 200 126
144 16 128 100 132
145 2 64 1000 118
146 2 16 500 113
147 8 16 500 113
148 2 64 500 131
149 16 128 1000 104
150 2 64 100 111
151 8 16 300 142
152 8 16 200 124
153 2 16 200 107
154 8 128 200 102
155 16 16 300 118
156 16 16 200 141
157 8 16 500 142
158 2 128 500 119
159 2 16 100 148
160 2 16 300 96
161 8 64 300 144
162 8 128 1000 116
163 2 128 200 121
164 16 16 1000 109
165 2 128 200 146
166 16 128 300 146
167 16 128 100 131
168 16 128 500 135
169 2 128 500 144
170 16 64 1000 128
171 8 128 1000 116
172 8 128 300 98
173 2 128 200 100
174 8 128 100 125
175 8 64 1000 130
176 8 16 300 108
177 8 16 1000 134
178 16 128 1000 137
179 2 128 100 139
180 8 64 300 127
181 8 16 200 113
182 8 128 1000 120
183 2 128 200 143
184 16 16 1000 114
185 8 64 500 132
186 16 16 100 150
187 16 16 300 119
188 16 64 300 119
189 16 128 500 105
190 8 16 500 95
191 2 128 100 113
192 16 16 1000 95
193 2 16 100 115
194 16 64 100 102
195 16 16 500 109
196 16 128 100 139
197 8 16 300 109
198 2 128 200 91
199 8 16 1000 104
200 8 64 1000 101
201 8 16 300 108
202 8 128 200 150
203 8 64 500 108
204 2 64 100 142
205 2 64 300 109
206 8 16 300 110
207 8 16 500 108
208 2 128 200 98
209 8 64 300 99
210 8 64 500 132
211 2 16 100 116
212 16 16 1000 132
213 8 128 200 131
214 2 128 100 116
215 16 128 1000 111
216 16 64 100 104
217 8 64 300 132
218 8 64 200 105
219 8 16 500 121
220 2 16 500 134
221 2 16 500 90
222 16 128 500 144
223 8 128 1000 127
224 8 64 300 127
225 2 128 100 132
226 16 16 300 108
227 16 128 100 135
228 16 64 1000 131
229 2 128 1000 134
230 8 64 500 145
231 16 128 1000 101
232 8 128 1000 116
233 2 16 300 101
234 8 128 100 131
235 8 64 300 98
236 2 128 1000 109
237 16 128 200 116
238 16 128 300 124
239 8 128 1000 90
240 2 128 200 130
241 16 16 200 95
242 16 16 1000 121
243 8 128 300 138
244 8 16 200 105
245 16 128 500 128
246 2 128 200 148
247 8 64 300 142
248 2 64 200 134
249 16 64 500 96
250 16 16 500 117
251 2 64 300 125
252 2 64 1000 105
253 2 128 100 116
254 2 64 100 135
255 8 16 100 116
256 16 128 500 138
257 8 16 100 96
258 2 16 200 106
259 2 128 500 132
260 2 64 100 118
261 8 128 200 103
262 8 16 300 135
263 8 16 200 96
264 2 128 500 125
265 8 128 300 128
266 8 64 1000 142
267 16 128 100 134
268 16 16 500 149
269 2 16 300 136
270 8 128 100 107
271 8 64 500 105
272 8 128 1000 107
273 8 64 300 130
274 2 128 1000 121
275 8 16 500 134
276 8 64 1000 123
277 8 128 200 127
278 8 128 500 111
279 8 128 100 92
280 16 64 1000 143
281 2 16 300 107
282 2 16 200 150
283 16 64 300 148
284 8 128 1000 96
285 16 128 300 141
286 2 64 500 128
287 16 64 500 96
288 16 16 1000 116
289 2 128 500 112
290 16 128 1000 113
291 16 64 200 111
292 8 64 100 119
293 16 64 500 118
294 16 128 300 92
295 2 16 200 119
296 16 64 300 93
297 8 128 1000 114
298 2 128 100 111
299 2 64 300 139
300 16 16 500 143
301 16 16 100 132
302 16 64 500 103
303 8 128 200 102
304 16 16 1000 133
305 2 128 100 130
306 2 128 100 97
307 2 128 200 146
308 16 16 100 110
309 2 128 1000 117
310 2 64 300 106
311 16 64 200 150
312 8 128 500 115
313 16 16 200 132
314 2 128 500 148
315 8 16 200 113
316 16 64 200 149
317 16 128 100 113
318 16 64 500 104
319 2 64 100 104
320 8 64 300 112
321 2 16 300 133
322 8 16 300 113
323 16 128 1000 131
324 2 16 300 93
325 16 64 1000 138
326 8 64 200 144
327 16 16 100 135
328 8 128 100 102
329 8 128 100 124
330 16 128 500 121
331 2 64 200 123
332 8 16 100 111
333 8 16 300 133
334 8 16 200 101
335 2 128 500 128
336 8 16 200 140
337 8 128 100 146
338 8 16 100 111
339 2 16 100 117
340 2 64 100 135
341 16 16 200 135
342 16 16 300 147
343 2 64 200 122
344 16 16 1000 123
345 8 64 500 131
346 16 16 200 110
347 16 128 500 96
348 8 128 200 146
349 8 16 1000 140
350 16 64 200 98
351 2 64 300 95
352 2 128 1000 140
353 16 16 100 137
354 8 16 200 101
355 8 128 100 138
356 2 16 100 137
357 2 64 200 135
358 16 64 100 90
359 2 128 300 122
360 16 128 300 120
361 2 128 500 147
362 8 64 100 130
363 16 64 100 149
364 8 16 1000 109
365 8 16 1000 142
366 16 64 500 112
367 8 64 200 123
368 8 128 1000 128
369 8 128 200 120
370 16 64 200 121
371 8 128 200 121
372 16 16 1000 146
373 2 64 100 131
374 2 64 300 124
375 2 64 100 110
376 16 64 100 120
377 8 16 500 100
378 2 16 100 97
379 16 128 100 119
380 8 64 200 104
381 16 64 500 90
382 16 128 200 109
383 2 128 300 93
384 8 16 100 117
385 8 128 100 103
386 8 16 300 146
387 16 128 1000 124
388 16 16 300 139
389 16 64 500 143
390 2 64 300 119
391 8 64 100 135
392 16 128 100 145
393 16 16 100 112
394 16 16 500 90
395 16 128 100 90
396 16 16 200 93
397 8 16 200 100
398 8 16 100 144
399 8 16 1000 107
400 16 16 300 143
401 16 128 300 150
402 8 64 200 121
403 16 64 100 148
404 8 16 200 113
405 8 64 200 115
406 8 128 300 108
407 2 64 300 119
408 2 16 100 92
409 8 128 100 135
410 8 128 1000 110
411 8 64 500 121
412 8 64 300 144
413 8 128 500 96
414 8 128 200 125
415 2 128 200 107
416 16 128 100 126
417 16 16 100 130
418 2 128 500 109
419 8 128 500 111
420 8 128 300 105
421 2 64 100 135
422 8 128 300 149
423 8 64 300 120
424 16 128 500 91
425 8 16 500 142
426 8 128 1000 93
427 16 64 300 92
428 8 64 100 95
429 2 128 100 123
430 16 64 500 142
431 8 128 500 124
432 16 64 100 127
433 2 64 300 129
434 8 128 1000 104
435 8 16 200 110
436 8 128 200 121
437 2 64 500 121
438 16 64 100 102
439 2 16 1000 135
440 2 64 300 100
441 16 16 1000 121
442 8 16 1000 147
443 8 16 500 124
444 8 64 500 111
445 8 64 1000 99
89
0 59 52 101
2 179 66 107
2 357 52 133
3 426 47 194
3 124 57 112
9 198 48 117
10 328 40 100
14 91 70 165
17 299 51 190
26 170 64 96
26 433 63 194
28 41 55 131
30 50 54 128
34 264 59 119
46 159 42 199
48 436 69 103
55 378 49 97
57 237 48 111
59 199 54 155
59 288 66 135
66 89 65 159
68 304 47 100
76 377 61 190
76 219 43 160
78 426 40 122
79 427 46 131
81 188 53 177
88 356 43 179
90 292 62 103
92 210 59 155
95 323 52 103
96 366 68 140
97 148 61 94
99 328 66 180
100 276 61 137
109 196 61 142
109 415 61 102
110 275 59 180
111 299 45 116
111 425 63 195
113 190 40 128
125 207 46 149
129 320 44 199
129 230 62 100
130 348 64 172
139 320 46 167
140 338 40 149
145 240 62 100
146 287 42 158
150 410 42 162
151 324 49 190
153 212 44 176
158 326 40 182
164 211 46 100
168 279 66 157
176 332 42 192
178 229 69 163
180 288 68 121
182 251 56 121
182 187 49 108
185 310 61 166
185 328 51 155
186 228 50 199
188 441 40 131
188 261 69 141
192 230 59 179
196 305 66 116
199 267 63 121
201 290 61 108
202 354 53 123
210 353 45 102
211 229 48 115
221 314 60 194
235 392 54 121
240 402 67 200
249 420 59 148
257 364 69 93
258 404 69 148
274 276 57 102
295 394 41 154
302 423 62 175
324 446 57 145
326 369 43 129
346 421 44 182
354 425 68 141
376 419 46 134
378 432 65 123
382 392 61 178
389 434 43 96