395
0 2 64 100 107
1 2 64 300 135
2 2 128 500 132
3 2 128 500 105
4 16 128 100 120
5 16 128 200 91
6 16 64 500 115
7 16 128 1000 97
8 8 16 300 132
9 16 128 1000 149
10 2 128 100 131
11 16 16 300 93
12 8 64 200 104
13 16 16 500 110
14 2 128 500 145
15 2 64 500 92
16 16 16 500 147
17 16 16 1000 120
18 2 128 200 148
19 2 64 200 121
20 16 64 200 110
21 2 16 100 135
22 8 64 1000 131
23 8 16 500 134
24 16 16 300 135
25 8 128 500 111
26 16 128 300 97
27 2 64 500 148
28 16 16 200 125
29 2 64 200 129
30 8 16 500 139
31 2 16 500 102
32 16 16 500 141
33 8 16 300 128
34 8 128 500 121
35 2 64 1000 107
36 2 64 300 119
37 8 64 200 109
38 2 16 100 131
39 2 128 500 104
40 8 16 500 118
41 16 64 100 124
42 8 64 500 114
43 16 128 200 110
44 2 64 300 116
45 2 128 100 110
46 8 16 500 138
47 16 16 200 113
48 8 64 1000 110
49 8 16 1000 118
50 16 16 500 138
51 8 64 500 116
52 2 64 200 91
53 2 128 200 136
54 8 64 300 130
55 16 16 100 127
56 16 128 500 119
57 2 128 300 116
58 2 128 200 94
59 8 64 1000 97
60 16 16 100 125
61 16 64 200 148
62 2 128 500 143
63 8 128 100 93
64 16 64 500 103
65 2 64 100 98
66 16 128 500 142
67 16 128 100 92
68 2 16 1000 102
69 8 64 200 101
70 2 64 300 118
71 8 16 100 141
72 8 64 500 98
73 16 128 200 139
74 8 16 200 100
75 8 16 200 124
76 16 64 200 102
77 2 128 1000 148
78 16 64 500 142
79 16 128 1000 134
80 2 64 500 100
81 8 16 200 141
82 2 64 500 145
83 8 16 1000 92
84 8 64 300 119
85 8 64 1000 109
86 8 64 100 147
87 16 16 100 91
88 16 128 200 98
89 8 128 200 138
90 8 128 500 143
91 16 16 1000 95
92 2 64 1000 111
93 8 16 100 104
94 8 64 100 150
95 2 64 200 102
96 16 16 100 113
97 16 128 200 124
98 2 64 200 97
99 2 16 1000 111
100 16 64 1000 136
101 2 16 500 132
102 16 128 500 111
103 8 16 500 133
104 16 64 1000 134
105 16 64 200 92
106 16 64 100 114
107 8 16 1000 121
108 8 16 1000 90
109 8 64 500 105
110 16 64 200 90
111 16 128 1000 125
112 8 128 300 120
113 8 64 200 118
114 16 64 300 105
115 2 64 100 111
116 8 128 100 133
117 16 64 100 144
118 8 128 100 110
119 16 128 1000 138
120 16 128 100 139
121 2 64 500 137
122 8 128 500 110
123 16 128 200 96
124 16 16 100 92
125 16 128 200 90
126 16 16 200 133
127 8 16 200 150
128 16 64 100 121
129 2 16 1000 100
130 8 16 500 114
131 16 128 1000 101
132 8 64 1000 114
133 2 128 500 103
134 16 128 200 94
135 2 128 1000 116
136 16 64 300 145
137 2 16 300 105
138 16 64 200 96
139 2 128 1000 132
140 16 128 100 112
141 16 128 300 123
142 2 16 100 117
143 2 128 1000 106
144 8 64 300 99
145 16 16 300 115
146 16 16 100 135
147 16 16 1000 145
148 16 128 1000 115
149 8 64 1000 142
150 16 16 500 119
151 16 64 100 130
152 2 16 200 147
153 8 64 200 108
154 16 16 500 93
155 16 16 300 129
156 8 16 100 93
157 2 16 1000 105
158 8 64 200 121
159 2 64 200 136
160 8 16 1000 140
161 2 64 500 111
162 8 64 500 92
163 2 128 200 117
164 2 16 500 121
165 16 64 200 147
166 16 64 200 145
167 8 128 200 122
168 16 128 100 134
169 8 64 500 107
170 2 128 100 130
171 8 128 100 150
172 2 64 200 120
173 8 128 1000 124
174 8 64 500 122
175 8 64 100 90
176 16 128 100 113
177 16 16 1000 111
178 16 128 500 95
179 16 128 300 149
180 8 128 200 135
181 16 64 500 107
182 16 16 300 105
183 16 64 1000 139
184 8 16 200 113
185 16 16 300 135
186 8 64 500 141
187 8 16 1000 90
188 8 16 200 123
189 2 64 500 128
190 16 64 1000 95
191 16 64 500 95
192 8 128 300 101
193 2 128 100 143
194 2 64 500 92
195 16 16 300 109
196 2 64 100 93
197 16 64 100 150
198 2 64 500 114
199 2 64 100 141
200 16 16 300 131
201 16 128 500 95
202 8 64 300 121
203 2 128 200 122
204 8 64 100 99
205 2 64 100 129
206 8 128 300 150
207 8 128 500 131
208 16 64 200 123
209 8 64 500 148
210 2 16 1000 129
211 2 128 100 116
212 8 128 100 143
213 16 128 100 133
214 2 128 100 147
215 8 128 200 134
216 8 16 500 115
217 16 128 200 139
218 2 64 1000 121
219 16 16 500 134
220 2 128 500 131
221 8 64 100 131
222 2 64 500 124
223 16 64 1000 97
224 8 64 300 100
225 16 16 100 121
226 16 16 200 135
227 8 128 1000 118
228 16 16 100 132
229 2 16 1000 120
230 2 16 500 103
231 8 64 300 130
232 16 128 500 130
233 2 64 100 138
234 16 16 200 147
235 16 16 100 110
236 8 16 1000 125
237 2 128 500 144
238 8 128 100 110
239 16 128 300 133
240 2 64 200 117
241 2 128 1000 96
242 8 128 200 112
243 2 16 200 130
244 8 64 1000 139
245 16 64 1000 141
246 2 128 1000 110
247 8 16 500 149
248 2 16 100 91
249 8 64 200 121
250 16 128 200 141
251 16 128 500 133
252 16 128 500 122
253 8 64 1000 129
254 2 16 300 139
255 8 16 100 122
256 16 64 100 122
257 2 16 100 144
258 8 16 500 92
259 2 64 200 129
260 16 64 1000 142
261 8 64 300 116
262 8 64 1000 119
263 16 16 100 98
264 2 16 300 97
265 16 16 300 150
266 16 16 100 143
267 8 128 100 139
268 16 128 500 99
269 16 64 1000 93
270 16 64 300 92
271 2 128 100 134
272 2 64 300 100
273 16 16 100 108
274 2 16 200 112
275 16 128 300 127
276 16 16 100 148
277 16 128 100 90
278 8 64 300 92
279 16 64 500 124
280 8 64 200 146
281 2 128 100 117
282 8 128 100 130
283 8 64 300 125
284 2 64 1000 114
285 8 16 1000 104
286 8 128 500 98
287 8 128 500 135
288 8 16 100 119
289 8 64 200 97
290 8 64 100 148
291 2 128 100 119
292 8 16 1000 104
293 16 16 200 101
294 2 64 500 134
295 8 16 500 146
296 8 16 200 112
297 8 128 100 111
298 8 128 500 143
299 16 128 300 96
300 2 16 500 150
301 16 128 100 136
302 2 128 1000 121
303 2 64 500 148
304 16 64 500 100
305 8 16 300 138
306 2 16 500 105
307 16 16 300 111
308 16 64 200 140
309 16 64 500 104
310 2 128 500 130
311 8 128 300 146
312 16 16 1000 116
313 16 16 200 135
314 16 64 500 104
315 2 64 100 109
316 2 128 100 143
317 2 64 200 98
318 8 16 300 90
319 2 16 1000 126
320 2 64 1000 144
321 16 128 300 132
322 8 64 1000 93
323 16 16 500 119
324 8 128 500 143
325 16 16 1000 111
326 16 16 100 126
327 16 64 300 112
328 2 128 100 141
329 2 64 500 94
330 16 128 100 147
331 16 16 100 147
332 16 64 100 144
333 16 64 300 129
334 16 64 100 140
335 2 64 200 121
336 2 128 1000 133
337 16 64 1000 124
338 16 64 500 147
339 16 16 1000 98
340 2 64 100 114
341 16 64 200 142
342 8 16 300 93
343 2 16 200 135
344 8 128 300 146
345 2 128 300 128
346 8 16 200 107
347 16 128 200 96
348 8 128 200 104
349 8 128 500 128
350 8 64 100 134
351 16 128 200 126
352 8 128 100 131
353 16 16 100 122
354 16 64 300 103
355 2 128 100 106
356 8 128 300 148
357 16 64 1000 148
358 8 128 100 129
359 2 16 500 136
360 2 64 100 118
361 16 16 300 95
362 8 128 100 150
363 16 128 300 111
364 16 128 200 150
365 2 64 500 145
366 8 128 100 148
367 8 128 100 98
368 8 128 200 107
369 16 64 500 90
370 2 128 100 105
371 16 16 200 99
372 8 64 500 97
373 2 16 200 121
374 8 128 200 113
375 16 128 200 130
376 2 16 100 124
377 8 128 100 104
378 2 16 1000 91
379 8 16 500 132
380 8 64 1000 104
381 2 128 300 96
382 2 64 1000 140
383 16 64 500 146
384 2 64 500 107
385 2 16 100 101
386 16 64 500 115
387 16 16 200 116
388 8 128 1000 137
389 2 16 200 95
390 2 64 200 130
391 16 64 300 148
392 16 128 1000 134
393 2 128 500 147
394 8 16 500 115
51
5 6 43 131
13 376 53 175
15 315 62 160
16 163 45 95
31 282 44 126
34 151 42 150
38 88 52 185
44 393 55 195
48 382 45 193
51 168 42 151
55 82 42 164
62 250 61 198
66 67 63 103
68 72 65 182
68 381 68 100
69 353 44 198
69 257 41 123
71 300 65 137
74 345 47 120
90 329 56 195
97 205 49 167
102 272 54 148
107 245 67 147
111 377 65 131
123 260 53 108
124 198 44 119
129 196 41 200
133 295 53 125
161 204 60 179
161 168 59 200
164 334 62 113
170 247 70 165
170 333 67 146
180 249 48 103
182 232 41 173
187 275 53 152
187 242 42 160
194 270 66 131
198 345 66 153
206 354 51 92
206 305 41 99
208 304 50 105
216 282 61 130
217 327 62 189
232 308 70 140
243 348 63 122
262 298 64 98
270 393 58 146
280 347 45 158
302 375 40 196
323 393 56 143