53
0 32 40 400 107
1 32 64 400 138
2 32 96 2000 107
3 32 40 1000 165
4 16 40 400 117
5 16 96 400 106
6 32 40 1000 103
7 32 96 5000 164
8 32 40 800 121
9 32 40 1000 111
10 16 40 800 94
11 16 96 2000 103
12 16 64 1000 120
13 16 64 800 154
14 32 96 400 106
15 16 96 2000 190
16 32 64 2000 103
17 16 40 1000 119
18 32 96 1000 133
19 32 96 2000 174
20 16 96 1000 175
21 32 96 1000 172
22 16 40 400 150
23 16 64 2000 197
24 16 96 400 91
25 32 40 5000 176
26 16 96 1000 115
27 16 96 1000 172
28 16 96 2000 129
29 16 96 2000 179
30 16 96 2000 138
31 16 40 5000 164
32 32 64 5000 184
33 16 40 5000 136
34 16 96 1000 123
35 16 96 400 175
36 16 40 800 91
37 16 40 400 164
38 16 96 5000 175
39 32 96 800 193
40 16 40 400 109
41 16 64 400 97
42 16 64 2000 102
43 32 96 400 137
44 16 96 2000 99
45 16 96 1000 113
46 32 40 1000 169
47 16 40 800 119
48 32 64 2000 105
49 16 40 800 94
50 32 64 400 185
51 16 40 1000 179
52 32 96 5000 166
1
43 50 50 198