883
0 32 96 400 142
1 16 64 1000 131
2 32 40 2000 173
3 16 64 5000 183
4 32 96 5000 191
5 16 40 400 181
6 32 96 800 181
7 16 64 800 119
8 32 64 2000 134
9 32 96 2000 166
10 32 40 5000 110
11 16 40 800 118
12 32 96 1000 197
13 32 96 800 108
14 32 40 400 162
15 16 40 1000 113
16 16 64 400 169
17 16 96 800 121
18 16 96 5000 115
19 32 96 2000 165
20 32 96 2000 151
21 32 64 2000 107
22 32 96 400 195
23 16 40 2000 140
24 32 64 800 138
25 16 64 1000 92
26 16 64 800 99
27 16 40 1000 94
28 16 64 800 200
29 16 40 1000 140
30 32 64 400 141
31 32 96 5000 154
32 16 40 400 198
33 16 96 2000 175
34 16 64 400 173
35 32 64 800 174
36 16 96 5000 162
37 32 96 1000 175
38 16 64 400 93
39 32 40 1000 130
40 32 96 800 125
41 32 64 1000 109
42 32 64 5000 151
43 32 64 400 183
44 32 96 1000 125
45 16 96 800 97
46 32 64 400 138
47 32 96 5000 179
48 16 96 1000 128
49 32 40 5000 194
50 32 40 2000 92
51 16 40 400 171
52 32 96 400 104
53 32 64 2000 182
54 32 64 800 112
55 32 96 400 106
56 32 96 800 199
57 32 40 2000 113
58 32 96 800 116
59 16 96 1000 144
60 32 64 5000 90
61 16 96 1000 92
62 16 40 2000 103
63 16 40 1000 106
64 16 96 2000 119
65 32 64 1000 138
66 16 40 2000 165
67 32 40 400 190
68 32 40 1000 179
69 32 64 5000 186
70 16 96 1000 135
71 32 96 5000 134
72 32 64 1000 144
73 32 64 400 90
74 32 40 800 177
75 16 64 800 179
76 16 40 2000 146
77 32 40 2000 183
78 32 96 400 98
79 16 40 5000 174
80 16 64 800 141
81 32 96 2000 168
82 16 64 1000 108
83 32 96 800 126
84 32 40 2000 128
85 32 64 800 104
86 16 64 400 93
87 32 64 800 104
88 16 64 400 171
89 32 96 1000 191
90 32 40 800 130
91 16 96 400 116
92 32 96 400 198
93 32 40 800 124
94 16 40 2000 134
95 32 64 800 127
96 16 64 400 158
97 16 96 2000 127
98 16 96 1000 147
99 32 64 800 176
100 32 64 800 124
101 16 64 2000 95
102 16 64 400 143
103 16 64 800 92
104 32 64 1000 130
105 16 40 400 132
106 16 64 2000 171
107 16 40 5000 108
108 32 96 1000 130
109 16 40 5000 139
110 16 96 400 133
111 32 64 400 129
112 32 64 800 145
113 32 96 2000 186
114 32 40 1000 102
115 32 96 2000 137
116 32 40 1000 119
117 16 96 5000 150
118 32 96 1000 146
119 16 64 5000 166
120 16 64 1000 178
121 16 64 2000 142
122 16 40 800 159
123 32 64 400 139
124 32 96 800 97
125 32 40 800 106
126 32 96 5000 124
127 16 96 800 126
128 16 96 800 97
129 16 64 400 180
130 16 40 400 141
131 16 64 1000 151
132 32 64 400 176
133 32 96 2000 191
134 32 64 400 133
135 32 96 400 138
136 32 40 5000 110
137 32 64 5000 178
138 16 64 800 156
139 32 96 2000 90
140 16 40 5000 98
141 16 40 800 198
142 16 96 1000 115
143 32 64 5000 90
144 16 64 400 127
145 16 40 1000 101
146 32 64 2000 171
147 16 64 1000 127
148 32 40 400 151
149 16 40 1000 118
150 32 40 2000 126
151 32 40 5000 110
152 32 64 400 130
153 16 96 5000 178
154 32 40 1000 130
155 32 64 800 103
156 32 64 400 122
157 32 64 5000 131
158 16 96 1000 90
159 16 96 5000 151
160 16 40 800 156
161 16 96 1000 132
162 16 96 1000 140
163 32 96 400 156
164 16 40 400 161
165 32 40 2000 186
166 16 64 400 166
167 16 40 5000 154
168 16 40 400 151
169 16 96 2000 149
170 32 64 2000 183
171 32 96 1000 106
172 32 40 800 153
173 16 40 800 117
174 16 40 800 161
175 16 96 1000 149
176 32 96 800 101
177 32 96 800 131
178 32 64 400 200
179 32 64 800 101
180 16 40 2000 109
181 32 64 800 189
182 16 64 5000 181
183 32 40 2000 104
184 16 64 2000 153
185 32 40 5000 96
186 32 64 2000 151
187 32 40 400 174
188 16 64 800 110
189 32 40 2000 186
190 32 96 800 95
191 16 96 5000 113
192 32 96 800 196
193 16 96 1000 178
194 32 64 800 125
195 16 96 5000 200
196 32 96 400 128
197 32 40 2000 180
198 32 64 1000 106
199 16 40 800 144
200 32 96 800 171
201 16 64 1000 139
202 16 40 5000 162
203 32 64 400 146
204 16 40 1000 198
205 16 96 800 172
206 16 40 800 114
207 32 96 800 144
208 16 96 1000 96
209 16 64 5000 161
210 32 64 2000 118
211 32 40 2000 170
212 16 40 5000 154
213 32 40 1000 179
214 32 40 1000 132
215 32 64 5000 172
216 32 96 5000 184
217 32 96 5000 182
218 32 96 400 96
219 32 40 800 176
220 32 40 800 150
221 32 96 2000 190
222 16 40 800 143
223 32 96 800 188
224 16 96 2000 110
225 16 96 5000 109
226 16 96 400 196
227 16 40 1000 197
228 32 64 400 136
229 16 96 5000 166
230 32 96 1000 127
231 16 40 800 116
232 32 40 800 177
233 32 96 1000 145
234 16 40 400 160
235 32 64 800 148
236 32 96 2000 115
237 16 96 5000 184
238 32 40 5000 194
239 32 40 2000 155
240 32 40 5000 177
241 16 64 2000 116
242 32 64 800 102
243 32 64 400 175
244 32 64 400 123
245 32 64 800 136
246 32 40 1000 112
247 32 64 800 193
248 32 64 1000 92
249 16 96 400 101
250 16 96 2000 183
251 16 96 2000 163
252 32 40 800 171
253 32 64 1000 146
254 16 96 5000 108
255 16 64 800 96
256 32 96 400 191
257 32 96 2000 125
258 32 96 2000 164
259 16 64 5000 137
260 16 96 1000 194
261 16 96 400 116
262 16 64 5000 157
263 32 40 5000 138
264 32 96 5000 194
265 16 64 5000 102
266 32 40 800 120
267 32 96 5000 177
268 16 96 800 168
269 16 40 400 158
270 32 96 1000 91
271 32 40 400 113
272 32 64 800 159
273 32 64 400 126
274 16 40 5000 184
275 32 40 800 120
276 16 64 1000 147
277 16 40 2000 110
278 16 64 1000 99
279 32 40 2000 157
280 32 96 5000 146
281 16 96 2000 96
282 16 64 800 174
283 16 96 5000 173
284 32 40 2000 108
285 32 96 2000 154
286 16 40 1000 176
287 32 96 800 106
288 16 64 5000 91
289 32 64 2000 156
290 16 40 2000 196
291 32 64 400 199
292 32 64 400 116
293 16 64 2000 187
294 16 96 400 193
295 32 64 5000 106
296 16 96 400 154
297 32 40 1000 166
298 32 64 400 194
299 32 96 400 133
300 32 64 2000 102
301 32 40 1000 172
302 16 40 2000 181
303 32 64 800 149
304 16 96 5000 187
305 16 96 1000 145
306 16 64 1000 107
307 32 64 1000 133
308 32 96 2000 138
309 32 96 2000 93
310 16 40 2000 191
311 32 96 400 123
312 32 96 800 181
313 16 40 2000 138
314 32 40 5000 109
315 16 96 800 170
316 32 96 1000 153
317 16 64 400 188
318 32 96 2000 200
319 16 40 400 192
320 32 64 800 155
321 16 96 2000 94
322 16 96 2000 142
323 16 64 2000 123
324 32 64 5000 171
325 32 40 2000 123
326 32 96 5000 132
327 16 96 1000 168
328 16 64 5000 121
329 32 64 2000 129
330 32 40 1000 165
331 32 40 5000 134
332 16 96 1000 168
333 32 64 400 124
334 32 64 2000 146
335 16 96 1000 181
336 16 96 400 146
337 32 96 2000 183
338 32 40 400 193
339 32 64 5000 162
340 32 40 800 149
341 32 40 2000 93
342 32 64 800 163
343 32 40 5000 146
344 32 40 2000 113
345 32 40 5000 167
346 16 40 2000 93
347 32 40 2000 161
348 32 64 5000 193
349 16 64 5000 155
350 32 40 2000 138
351 32 40 2000 105
352 16 64 1000 193
353 16 64 400 160
354 16 96 1000 141
355 32 96 5000 179
356 16 40 5000 109
357 16 96 2000 198
358 16 64 800 143
359 32 40 800 128
360 16 64 800 153
361 16 96 1000 199
362 16 40 800 117
363 32 40 800 146
364 16 40 1000 158
365 32 96 1000 139
366 16 64 2000 124
367 32 64 800 181
368 32 64 2000 139
369 16 40 400 102
370 32 96 800 164
371 16 96 400 126
372 16 64 5000 197
373 32 40 400 184
374 32 96 800 151
375 16 40 2000 131
376 32 96 800 91
377 16 64 1000 132
378 16 40 800 186
379 32 40 5000 151
380 16 64 800 156
381 32 96 5000 168
382 32 96 2000 180
383 32 96 400 186
384 32 64 2000 134
385 32 64 800 100
386 32 40 400 133
387 32 40 400 153
388 32 40 2000 173
389 16 40 2000 137
390 32 40 5000 170
391 16 40 400 136
392 32 40 5000 199
393 16 64 400 199
394 16 96 800 132
395 16 64 800 137
396 32 64 1000 163
397 16 96 1000 179
398 16 96 2000 170
399 16 96 800 107
400 32 64 1000 170
401 16 96 2000 144
402 16 96 1000 193
403 16 96 5000 167
404 16 96 5000 139
405 16 64 2000 94
406 32 64 5000 150
407 16 40 800 95
408 32 64 800 133
409 32 96 2000 199
410 16 96 800 93
411 16 96 1000 129
412 16 64 2000 116
413 16 96 400 128
414 32 96 800 182
415 16 40 400 161
416 32 40 800 193
417 32 40 400 170
418 16 40 5000 130
419 16 64 2000 102
420 16 96 800 110
421 16 64 800 164
422 16 40 800 117
423 16 40 2000 187
424 16 96 5000 176
425 32 64 5000 138
426 16 64 400 161
427 16 40 800 166
428 32 40 400 118
429 16 96 800 162
430 32 96 5000 164
431 16 64 1000 154
432 16 40 1000 170
433 16 64 1000 143
434 16 96 400 126
435 32 40 5000 146
436 32 64 5000 154
437 16 64 800 143
438 32 40 400 108
439 32 64 2000 107
440 32 96 800 132
441 32 40 1000 173
442 32 96 800 98
443 32 96 1000 116
444 32 64 1000 104
445 16 40 2000 143
446 32 96 800 98
447 32 64 400 163
448 16 40 400 179
449 32 96 800 124
450 16 64 2000 176
451 16 64 1000 137
452 16 64 400 151
453 32 64 800 125
454 32 64 1000 175
455 16 64 400 109
456 32 64 400 173
457 32 96 1000 119
458 16 64 2000 147
459 16 96 400 143
460 16 96 800 170
461 16 64 5000 199
462 32 96 1000 105
463 32 40 2000 125
464 32 64 2000 118
465 16 96 1000 144
466 16 40 800 121
467 16 40 400 93
468 32 64 800 161
469 32 40 2000 170
470 32 64 5000 161
471 32 40 800 106
472 16 96 5000 175
473 32 96 2000 193
474 16 40 800 192
475 16 96 400 192
476 16 40 400 162
477 32 64 2000 185
478 32 40 1000 180
479 16 96 2000 125
480 16 40 400 195
481 16 40 1000 125
482 16 64 1000 136
483 16 96 800 90
484 32 40 5000 167
485 32 40 800 160
486 16 40 800 123
487 16 40 1000 128
488 32 64 2000 157
489 32 96 800 103
490 32 40 800 158
491 16 64 800 156
492 32 40 5000 137
493 32 96 2000 151
494 16 64 400 139
495 32 64 1000 90
496 32 40 2000 184
497 16 96 1000 153
498 16 64 1000 138
499 32 96 800 192
500 32 96 2000 105
501 32 40 1000 171
502 16 64 800 96
503 32 64 800 192
504 32 96 400 94
505 16 96 5000 120
506 32 96 2000 104
507 32 40 2000 160
508 32 40 800 98
509 32 40 800 192
510 16 96 1000 185
511 32 96 400 184
512 16 96 2000 91
513 16 40 400 164
514 32 40 5000 92
515 32 96 5000 119
516 32 96 1000 168
517 16 40 400 134
518 32 40 2000 121
519 16 64 400 177
520 16 96 1000 137
521 32 40 2000 176
522 16 64 5000 121
523 32 40 2000 100
524 32 64 800 93
525 16 40 2000 134
526 16 96 400 140
527 32 64 5000 148
528 16 96 1000 92
529 16 96 1000 176
530 16 96 400 99
531 16 64 1000 128
532 16 40 5000 106
533 16 96 400 187
534 32 96 400 157
535 32 64 800 198
536 32 96 400 168
537 32 64 2000 194
538 16 64 5000 99
539 16 40 800 129
540 32 96 5000 93
541 32 96 400 107
542 32 96 400 191
543 32 40 2000 154
544 32 96 2000 148
545 32 40 2000 123
546 32 64 400 190
547 16 40 5000 179
548 32 64 800 195
549 32 64 1000 145
550 16 64 800 149
551 32 40 2000 151
552 16 64 1000 121
553 16 40 5000 123
554 32 96 5000 126
555 32 64 5000 177
556 32 64 2000 187
557 32 40 1000 107
558 32 64 400 140
559 16 40 400 136
560 16 64 800 154
561 16 64 800 136
562 16 40 2000 146
563 32 96 800 91
564 32 64 2000 190
565 16 64 5000 137
566 16 96 400 178
567 32 40 5000 187
568 16 64 400 98
569 32 96 800 194
570 16 96 1000 135
571 32 64 400 152
572 32 96 800 167
573 32 96 5000 126
574 16 64 800 185
575 32 64 400 153
576 32 64 5000 184
577 16 40 1000 141
578 32 64 800 153
579 32 64 2000 197
580 32 64 800 109
581 16 40 2000 108
582 16 64 800 150
583 16 40 400 153
584 16 64 2000 149
585 16 96 800 191
586 16 64 5000 171
587 16 40 5000 194
588 32 64 1000 132
589 32 40 400 140
590 32 40 2000 130
591 16 96 800 131
592 16 40 800 116
593 32 96 800 103
594 16 40 1000 151
595 32 64 1000 147
596 16 96 1000 134
597 16 64 800 125
598 32 40 800 95
599 16 96 1000 155
600 16 96 1000 94
601 16 64 5000 114
602 32 96 400 92
603 16 40 1000 111
604 32 96 2000 178
605 32 96 1000 154
606 32 64 800 182
607 32 40 5000 114
608 16 40 800 138
609 16 40 800 128
610 32 64 2000 92
611 16 64 1000 152
612 32 64 400 164
613 16 40 1000 140
614 16 64 400 105
615 32 96 400 119
616 16 40 2000 96
617 32 64 1000 175
618 16 40 5000 145
619 32 40 1000 166
620 16 96 800 169
621 16 40 1000 113
622 32 96 5000 144
623 32 40 800 163
624 16 40 400 100
625 16 96 2000 151
626 32 96 5000 149
627 16 64 2000 180
628 16 96 1000 149
629 32 64 1000 122
630 32 40 1000 169
631 16 40 400 181
632 16 96 2000 137
633 16 40 1000 125
634 16 40 2000 168
635 32 64 2000 109
636 16 64 800 138
637 16 96 400 190
638 16 40 400 161
639 16 40 400 135
640 32 64 400 163
641 16 40 1000 118
642 16 40 800 166
643 32 96 800 135
644 32 40 5000 143
645 32 96 5000 122
646 16 96 400 114
647 16 64 1000 187
648 16 64 400 143
649 32 64 1000 108
650 16 40 5000 94
651 16 40 800 158
652 16 96 800 198
653 16 96 400 118
654 16 40 800 140
655 32 40 2000 109
656 16 64 800 154
657 16 96 400 161
658 16 40 2000 124
659 16 96 1000 189
660 16 64 400 116
661 16 40 1000 119
662 16 64 5000 95
663 32 96 5000 192
664 32 96 5000 194
665 32 40 1000 198
666 32 40 1000 187
667 16 64 400 166
668 32 64 400 169
669 16 64 800 149
670 16 96 400 114
671 16 96 1000 148
672 32 40 800 90
673 32 40 5000 199
674 16 64 5000 200
675 16 96 400 104
676 16 96 400 167
677 16 96 800 94
678 32 64 5000 137
679 16 40 800 107
680 32 64 400 190
681 16 40 5000 112
682 16 40 2000 156
683 32 96 1000 135
684 32 96 1000 149
685 32 64 1000 173
686 32 40 400 109
687 32 64 400 191
688 16 96 400 189
689 16 96 400 161
690 16 40 800 108
691 32 96 800 165
692 16 96 800 194
693 32 64 400 93
694 32 40 5000 102
695 32 96 400 134
696 32 64 5000 119
697 16 40 800 196
698 32 64 5000 107
699 16 40 2000 186
700 32 64 800 119
701 16 96 1000 113
702 32 40 2000 103
703 16 40 400 184
704 16 40 5000 111
705 32 64 400 144
706 16 64 800 133
707 16 40 5000 181
708 16 40 400 185
709 16 64 1000 120
710 32 96 1000 180
711 32 64 1000 199
712 16 96 400 116
713 32 64 800 138
714 32 40 5000 148
715 32 96 2000 110
716 32 96 1000 125
717 16 64 5000 126
718 32 40 5000 131
719 16 96 1000 97
720 32 40 400 116
721 16 64 2000 139
722 32 64 800 184
723 16 40 1000 155
724 16 96 1000 150
725 16 40 5000 134
726 32 40 5000 198
727 16 96 1000 93
728 16 64 2000 109
729 16 96 1000 122
730 16 64 2000 140
731 16 96 5000 98
732 16 40 1000 184
733 32 40 800 92
734 32 64 1000 90
735 32 40 400 130
736 32 96 400 167
737 16 40 2000 163
738 16 96 5000 134
739 16 40 1000 183
740 32 64 1000 199
741 32 64 400 178
742 32 40 800 97
743 16 96 2000 90
744 16 96 400 104
745 32 96 2000 118
746 16 40 5000 93
747 32 96 5000 150
748 32 64 800 103
749 32 40 5000 194
750 16 96 5000 144
751 16 96 2000 176
752 32 40 5000 95
753 32 40 400 142
754 16 96 1000 181
755 32 40 800 172
756 32 64 800 177
757 16 40 400 98
758 32 64 5000 175
759 16 96 2000 153
760 32 96 5000 111
761 32 40 1000 135
762 32 64 2000 195
763 16 96 400 123
764 32 40 5000 158
765 32 96 400 109
766 32 64 1000 189
767 16 64 1000 147
768 16 64 400 164
769 32 96 400 118
770 16 96 5000 157
771 32 64 800 94
772 32 96 5000 135
773 16 40 400 132
774 32 96 5000 120
775 16 64 1000 200
776 16 40 2000 108
777 16 64 800 182
778 16 64 1000 135
779 32 64 1000 175
780 16 64 2000 144
781 16 40 800 180
782 16 96 1000 194
783 32 96 1000 137
784 32 96 800 148
785 32 64 800 147
786 16 40 2000 96
787 16 40 2000 175
788 32 96 400 166
789 16 40 2000 190
790 32 40 800 120
791 32 40 2000 141
792 32 40 1000 118
793 16 40 800 192
794 16 40 800 121
795 32 96 2000 154
796 16 40 2000 129
797 16 64 800 105
798 32 40 400 114
799 16 40 800 149
800 16 40 400 102
801 16 96 5000 152
802 32 96 2000 167
803 32 40 800 121
804 16 96 5000 153
805 16 64 2000 103
806 16 40 400 110
807 32 40 5000 118
808 16 96 5000 133
809 32 40 400 91
810 32 40 800 115
811 16 96 2000 124
812 32 40 400 113
813 32 64 800 152
814 32 96 2000 162
815 16 40 400 141
816 32 64 5000 174
817 16 64 800 112
818 16 40 2000 198
819 16 40 2000 198
820 16 96 800 118
821 32 64 2000 199
822 16 96 5000 129
823 32 64 1000 148
824 16 40 800 178
825 16 64 400 144
826 32 40 1000 139
827 32 40 5000 93
828 32 64 1000 149
829 32 64 2000 175
830 32 40 5000 102
831 16 64 400 140
832 32 64 5000 192
833 16 96 5000 115
834 16 96 400 198
835 16 96 1000 105
836 32 64 400 152
837 32 40 800 146
838 32 96 5000 137
839 16 40 800 181
840 16 64 5000 107
841 32 96 5000 93
842 32 40 400 180
843 16 40 400 182
844 32 64 1000 191
845 16 40 400 121
846 32 96 400 92
847 32 64 1000 93
848 16 40 5000 123
849 16 96 1000 134
850 32 40 2000 148
851 16 40 2000 124
852 16 40 5000 133
853 32 64 1000 170
854 32 40 2000 149
855 16 40 400 110
856 32 40 400 182
857 32 64 1000 132
858 32 64 400 96
859 32 64 400 186
860 16 64 800 112
861 16 40 2000 136
862 16 40 400 101
863 32 64 1000 170
864 16 64 800 122
865 32 96 800 100
866 16 64 800 125
867 16 40 1000 183
868 16 40 400 155
869 32 96 800 153
870 16 64 5000 123
871 16 96 2000 128
872 16 64 800 192
873 32 40 800 123
874 32 40 1000 177
875 32 96 800 137
876 32 64 2000 105
877 32 64 1000 151
878 32 96 5000 163
879 16 40 400 115
880 32 96 1000 197
881 32 96 400 184
882 32 64 1000 149
286
3 514 48 188
6 563 51 155
7 717 41 169
11 133 40 177
12 720 42 138
14 297 64 182
15 758 54 98
26 536 62 131
26 219 56 117
26 176 66 197
28 215 46 115
28 629 65 200
30 833 60 135
30 573 70 160
30 353 46 199
31 112 56 111
33 415 46 186
33 216 45 95
34 736 69 104
35 91 57 166
38 522 64 162
38 807 67 135
38 297 59 115
38 657 47 134
39 691 69 94
41 195 57 155
42 604 47 119
44 339 52 195
45 871 48 109
49 342 54 99
53 370 60 171
53 308 45 126
55 303 59 101
57 155 69 197
57 158 49 188
60 691 57 170
62 743 62 160
62 329 70 183
62 486 47 165
64 821 60 192
72 280 65 131
76 519 41 95
78 126 52 196
83 475 67 162
86 743 58 168
86 96 65 188
89 457 56 113
95 820 53 182
96 185 56 137
96 105 55 157
97 548 40 149
102 615 64 137
104 754 44 100
106 799 70 155
108 753 40 132
109 151 63 162
111 135 61 152
112 598 47 179
112 308 46 164
114 501 58 138
118 323 57 186
121 251 63 191
124 853 68 128
124 308 49 200
127 482 58 127
127 563 56 127
127 474 42 174
128 698 43 94
130 395 58 113
133 140 53 197
135 603 65 99
135 530 51 194
138 629 51 139
139 693 67 159
141 327 61 96
145 524 66 196
147 441 59 109
147 754 70 99
150 624 64 188
152 768 57 164
152 274 44 191
154 680 58 93
155 689 63 142
157 464 67 116
157 480 53 190
158 513 67 173
158 742 40 124
159 689 45 198
160 508 51 176
161 716 61 160
162 825 43 127
163 363 60 105
164 465 53 114
165 327 40 174
170 310 57 155
175 749 59 164
176 484 49 158
176 624 70 134
177 510 59 113
177 192 66 173
179 593 67 170
184 259 47 97
184 206 65 150
184 193 65 195
186 730 66 172
188 824 66 120
188 633 66 142
188 589 55 93
189 489 59 126
189 737 49 90
191 569 51 195
192 364 62 111
193 631 63 141
195 452 60 195
196 388 44 98
198 421 50 131
198 274 44 197
199 590 69 132
200 373 45 127
200 648 54 166
201 843 40 172
202 541 43 188
205 785 66 124
205 445 42 155
207 814 54 176
209 717 57 123
212 589 44 139
212 616 70 160
214 309 67 187
217 828 48 105
217 512 55 190
219 309 51 165
226 249 59 118
230 288 54 143
231 459 66 106
234 492 67 179
235 297 47 178
239 439 47 184
239 595 69 177
243 766 41 102
244 502 58 198
244 379 42 183
247 404 54 177
250 822 48 101
254 571 59 137
255 491 63 92
257 494 68 140
257 493 63 127
258 698 40 190
259 536 67 115
260 776 54 96
261 292 59 168
264 814 41 120
265 702 60 140
266 791 63 134
270 824 46 96
271 756 41 106
272 322 51 90
273 760 46 104
280 463 43 155
281 522 57 112
285 544 70 177
286 720 60 154
288 296 59 132
288 720 66 200
292 507 45 195
294 483 63 132
294 332 60 198
300 491 61 128
300 598 48 192
306 685 58 132
310 440 43 93
314 387 64 115
316 327 41 182
320 638 43 126
329 830 64 150
330 588 46 117
331 694 60 177
331 776 43 131
336 470 53 105
344 565 64 133
347 809 66 154
348 830 67 120
350 416 44 180
352 550 62 122
353 679 59 157
353 489 59 195
354 642 43 191
355 634 47 186
358 439 63 125
359 530 68 103
360 801 67 127
360 730 63 153
361 488 62 128
364 726 41 98
366 393 61 158
372 383 67 135
372 478 48 151
374 407 42 178
378 663 68 118
379 762 42 141
380 728 46 166
384 502 51 129
385 668 59 144
392 458 45 181
392 853 50 141
392 635 58 147
393 767 60 153
400 855 64 96
407 741 57 161
410 666 69 117
410 656 70 105
419 531 50 147
427 637 64 120
427 527 55 135
428 803 44 134
435 702 66 160
435 842 49 179
444 519 47 137
444 708 63 110
445 610 52 174
451 673 46 162
456 742 56 115
459 496 59 146
466 664 65 164
469 553 43 193
471 687 50 133
475 617 40 182
480 695 57 143
481 883 69 137
483 727 41 125
487 851 48 174
492 651 44 161
493 536 42 127
502 815 64 180
502 806 58 166
507 601 65 92
508 690 43 129
511 783 40 106
515 734 65 118
517 598 45 200
519 804 65 131
522 584 62 159
529 803 55 101
534 726 66 169
543 756 41 188
545 677 51 162
545 675 43 99
546 722 55 181
547 731 42 184
549 718 54 109
550 837 60 168
551 713 59 167
560 745 54 174
573 853 65 106
581 680 51 132
583 664 68 98
588 628 68 163
595 748 64 149
603 749 63 177
604 753 40 178
613 844 67 159
616 762 65 167
617 852 57 125
617 673 48 129
617 643 67 131
619 803 42 121
620 876 57 197
636 637 45 195
648 746 64 104
653 827 51 109
671 799 44 135
673 695 62 179
673 797 43 158
708 793 65 106
714 865 47 95
716 743 63 140
718 851 44 107
730 793 42 96
739 844 61 124
746 767 57 132
775 815 63 95
788 832 50 134
795 856 49 127
803 881 60 96
831 857 50 121