844
0 32 16 100 54
1 64 64 100 31
2 32 8 100 85
3 16 16 500 79
4 4 8 500 78
5 16 64 2000 76
6 32 128 1000 51
7 16 128 1000 37
8 32 16 200 93
9 32 8 200 84
10 64 8 2000 74
11 32 128 500 84
12 4 16 100 80
13 16 128 1000 46
14 16 64 2000 78
15 16 8 100 49
16 32 16 1000 44
17 64 16 1000 51
18 16 8 200 81
19 4 16 1000 66
20 16 128 1000 86
21 64 64 100 67
22 32 64 2000 50
23 32 8 500 94
24 16 8 2000 30
25 64 64 500 39
26 4 16 2000 74
27 16 128 200 56
28 64 16 200 92
29 16 64 500 100
30 4 64 200 44
31 64 8 2000 59
32 32 128 500 91
33 64 16 500 60
34 64 128 100 39
35 4 16 500 46
36 4 64 100 52
37 4 64 200 37
38 64 64 100 100
39 16 64 200 40
40 4 8 1000 31
41 64 16 1000 37
42 64 16 100 98
43 16 8 500 72
44 16 64 1000 36
45 32 16 500 83
46 16 64 200 79
47 32 16 100 83
48 4 64 1000 87
49 4 128 100 52
50 64 64 1000 39
51 64 16 2000 87
52 32 8 500 97
53 32 128 200 68
54 32 128 200 33
55 4 16 2000 59
56 16 8 200 67
57 64 8 500 96
58 64 64 2000 67
59 32 8 500 80
60 16 16 500 31
61 4 64 2000 76
62 16 64 500 52
63 64 128 100 47
64 4 8 2000 63
65 64 8 200 41
66 64 8 500 40
67 32 16 200 93
68 4 8 200 83
69 16 16 1000 71
70 32 64 200 83
71 16 16 200 73
72 32 8 1000 76
73 32 128 100 44
74 16 64 200 95
75 4 128 1000 87
76 4 8 100 48
77 4 64 200 40
78 64 128 1000 43
79 16 8 1000 75
80 4 128 200 49
81 64 8 100 80
82 64 16 200 78
83 16 16 100 32
84 4 8 1000 78
85 32 8 200 32
86 64 128 1000 98
87 16 8 100 38
88 16 64 100 55
89 16 16 500 94
90 4 64 100 91
91 32 16 500 83
92 32 128 200 93
93 4 8 200 50
94 64 64 2000 44
95 4 16 1000 82
96 32 16 1000 90
97 4 16 1000 45
98 32 8 2000 83
99 16 128 200 72
100 16 64 2000 66
101 64 8 100 60
102 32 8 100 55
103 32 16 2000 53
104 64 16 200 89
105 16 64 1000 42
106 64 64 200 85
107 4 64 200 42
108 64 8 1000 59
109 16 128 100 47
110 4 8 100 72
111 16 16 100 43
112 64 64 100 38
113 32 8 1000 34
114 16 8 500 91
115 4 8 2000 96
116 4 16 500 35
117 4 64 1000 89
118 32 16 200 56
119 16 64 200 71
120 32 64 500 54
121 32 8 500 81
122 4 16 1000 57
123 32 128 1000 36
124 64 16 200 32
125 16 16 2000 78
126 64 8 500 57
127 4 128 200 86
128 16 64 200 70
129 32 8 500 70
130 64 64 500 41
131 32 64 200 36
132 32 128 200 60
133 16 64 100 74
134 4 16 2000 92
135 16 128 2000 37
136 64 16 2000 54
137 16 8 2000 81
138 4 8 100 52
139 64 8 200 35
140 32 16 200 70
141 64 8 100 79
142 16 64 100 39
143 64 16 1000 54
144 16 64 2000 56
145 64 8 1000 84
146 64 16 100 90
147 4 8 200 87
148 4 64 200 66
149 16 64 100 61
150 64 16 100 44
151 16 16 1000 51
152 4 16 2000 80
153 64 16 2000 38
154 32 64 2000 89
155 64 8 200 96
156 32 8 200 76
157 32 8 1000 61
158 4 8 100 49
159 32 64 500 91
160 64 8 100 59
161 4 16 500 56
162 4 64 2000 69
163 4 128 200 62
164 32 64 500 58
165 32 8 500 51
166 32 8 2000 53
167 4 8 1000 84
168 4 128 500 30
169 64 64 200 57
170 4 64 500 61
171 4 128 1000 37
172 64 64 200 63
173 16 64 2000 64
174 32 64 100 62
175 4 8 500 37
176 16 64 500 87
177 64 8 100 56
178 4 64 1000 72
179 32 128 500 59
180 32 16 200 63
181 64 16 500 91
182 4 8 500 73
183 64 64 1000 48
184 16 64 1000 58
185 64 8 500 48
186 32 8 1000 59
187 16 128 100 85
188 4 16 100 72
189 16 64 1000 51
190 32 8 200 41
191 4 8 500 71
192 64 64 200 45
193 32 128 200 83
194 16 128 100 45
195 32 64 2000 74
196 16 128 1000 55
197 4 64 100 71
198 32 64 200 53
199 16 8 200 46
200 64 8 500 87
201 16 128 2000 38
202 64 64 500 65
203 32 8 1000 78
204 64 64 100 61
205 4 64 2000 55
206 64 8 100 95
207 64 128 1000 40
208 16 16 2000 89
209 32 8 200 96
210 4 128 500 67
211 32 64 200 40
212 64 16 2000 47
213 32 8 2000 85
214 64 64 1000 46
215 32 8 200 69
216 32 8 2000 55
217 16 128 500 88
218 32 128 1000 31
219 4 16 500 90
220 16 8 100 73
221 16 128 100 57
222 4 64 100 40
223 4 128 2000 39
224 4 16 500 75
225 64 8 2000 70
226 32 16 2000 41
227 4 64 500 33
228 16 8 100 81
229 4 16 1000 82
230 16 16 500 30
231 64 8 200 95
232 32 8 200 77
233 16 64 200 53
234 16 128 2000 53
235 16 16 100 53
236 64 128 200 75
237 64 16 100 54
238 64 8 2000 63
239 4 64 500 74
240 4 16 100 49
241 64 16 2000 92
242 16 8 2000 72
243 64 16 1000 88
244 64 128 200 44
245 64 64 500 100
246 4 64 2000 85
247 64 16 500 97
248 64 16 500 63
249 32 8 1000 64
250 32 8 1000 46
251 32 64 200 42
252 32 16 500 51
253 16 8 200 35
254 16 16 500 45
255 16 16 100 53
256 32 16 500 94
257 4 128 200 99
258 32 8 500 96
259 64 64 1000 83
260 64 16 2000 51
261 4 64 2000 36
262 4 8 500 77
263 16 16 200 96
264 32 128 200 87
265 16 128 100 39
266 16 128 1000 36
267 4 128 100 43
268 32 8 500 33
269 4 8 500 37
270 4 16 100 93
271 32 128 500 57
272 4 128 2000 39
273 64 16 2000 80
274 16 64 100 54
275 64 128 500 64
276 64 8 2000 56
277 16 8 2000 65
278 16 128 500 38
279 16 64 500 63
280 4 64 100 64
281 4 8 2000 97
282 16 128 1000 86
283 16 16 500 49
284 16 16 200 60
285 4 16 200 58
286 32 8 100 88
287 64 128 1000 35
288 16 8 100 68
289 4 8 1000 52
290 64 16 200 69
291 32 8 100 60
292 16 16 200 49
293 16 8 100 91
294 4 128 100 68
295 64 64 500 98
296 64 128 200 93
297 4 8 2000 46
298 32 128 2000 97
299 4 16 2000 64
300 4 128 200 40
301 64 16 2000 87
302 64 16 1000 84
303 64 8 200 32
304 64 16 100 52
305 16 64 2000 44
306 64 16 2000 83
307 64 16 1000 36
308 64 128 200 69
309 64 8 2000 34
310 32 128 2000 58
311 16 16 100 84
312 32 128 1000 96
313 64 64 500 51
314 32 8 100 47
315 32 16 500 32
316 4 64 500 64
317 32 8 100 86
318 64 128 500 31
319 32 16 200 43
320 4 128 500 72
321 4 128 1000 82
322 16 8 200 73
323 32 64 500 33
324 64 16 2000 40
325 64 128 100 92
326 16 64 500 90
327 64 64 100 95
328 64 64 100 86
329 4 64 200 72
330 16 8 100 79
331 16 8 200 62
332 4 64 2000 62
333 4 128 100 52
334 16 16 200 30
335 64 128 100 86
336 16 8 200 51
337 64 8 500 70
338 64 8 1000 72
339 64 16 100 79
340 64 128 1000 83
341 64 64 200 49
342 64 16 200 49
343 64 64 2000 56
344 4 128 2000 91
345 16 128 2000 48
346 64 8 200 39
347 4 128 500 88
348 32 128 1000 100
349 16 64 200 75
350 32 128 2000 92
351 4 8 500 98
352 4 8 1000 99
353 64 64 100 53
354 16 128 100 35
355 32 64 2000 62
356 64 8 500 91
357 4 64 500 82
358 4 8 1000 42
359 64 16 200 36
360 64 16 200 52
361 4 8 2000 38
362 16 16 500 84
363 4 16 2000 94
364 4 8 100 70
365 64 16 2000 54
366 16 64 2000 56
367 4 64 200 38
368 64 64 500 37
369 16 8 2000 32
370 32 64 2000 65
371 64 8 500 62
372 32 16 100 69
373 4 128 2000 51
374 4 8 200 72
375 32 64 1000 96
376 4 128 500 76
377 64 128 1000 65
378 4 128 2000 62
379 32 64 500 56
380 4 128 200 49
381 64 8 1000 81
382 4 64 500 85
383 32 16 100 73
384 16 128 2000 60
385 4 64 100 77
386 4 16 1000 54
387 64 128 2000 70
388 4 8 1000 58
389 64 16 200 37
390 32 64 1000 36
391 16 16 200 97
392 32 64 1000 30
393 4 8 100 76
394 32 128 2000 41
395 16 64 1000 98
396 16 128 500 87
397 16 16 200 90
398 16 16 1000 86
399 32 16 1000 39
400 4 64 100 99
401 4 8 1000 94
402 16 16 100 69
403 4 8 2000 57
404 32 16 2000 88
405 64 16 500 62
406 16 64 200 80
407 64 64 500 44
408 16 8 1000 39
409 32 128 100 69
410 4 128 100 75
411 16 128 200 56
412 64 8 500 58
413 32 8 1000 75
414 32 64 100 68
415 4 8 100 39
416 4 8 100 73
417 4 16 200 98
418 64 16 200 31
419 4 128 100 85
420 32 64 200 65
421 4 128 200 48
422 32 16 500 43
423 16 64 500 44
424 64 16 100 71
425 16 128 500 65
426 64 64 2000 76
427 16 128 100 55
428 4 128 1000 43
429 64 64 100 56
430 64 128 200 44
431 16 128 1000 43
432 32 16 200 61
433 64 8 1000 38
434 64 128 2000 40
435 4 16 500 70
436 64 16 100 50
437 32 128 1000 52
438 32 16 2000 87
439 64 8 2000 47
440 16 64 200 31
441 16 16 2000 30
442 64 64 500 30
443 64 64 1000 89
444 64 8 2000 57
445 16 128 500 41
446 16 8 100 73
447 4 64 500 35
448 4 16 500 51
449 32 16 500 51
450 4 8 200 38
451 64 16 500 60
452 16 16 2000 89
453 4 64 500 70
454 4 128 1000 49
455 4 64 500 82
456 64 16 2000 95
457 16 16 500 74
458 64 8 100 58
459 32 16 2000 96
460 64 16 100 81
461 16 16 1000 69
462 32 128 200 30
463 4 128 1000 58
464 32 8 200 57
465 16 8 200 72
466 16 8 200 99
467 16 16 2000 86
468 16 64 1000 42
469 4 16 1000 32
470 16 16 500 67
471 16 128 500 64
472 64 128 100 51
473 32 8 1000 48
474 64 8 1000 53
475 4 8 2000 57
476 64 16 500 67
477 64 64 200 82
478 4 8 200 87
479 16 128 200 90
480 64 64 100 44
481 4 128 2000 57
482 16 128 1000 97
483 16 128 200 74
484 32 128 100 31
485 32 8 1000 44
486 16 128 2000 51
487 16 8 500 79
488 16 128 1000 75
489 64 64 200 99
490 16 8 1000 42
491 4 64 200 49
492 32 16 100 90
493 32 128 2000 72
494 4 8 1000 35
495 32 128 2000 54
496 32 16 100 87
497 16 128 200 33
498 4 64 200 81
499 64 128 500 75
500 4 8 100 89
501 4 16 200 89
502 4 64 100 52
503 4 128 100 49
504 16 8 1000 43
505 64 64 2000 88
506 32 64 200 95
507 64 64 1000 44
508 64 128 200 67
509 16 8 200 93
510 4 128 2000 67
511 4 8 1000 77
512 16 128 500 77
513 16 16 100 79
514 16 16 2000 45
515 32 128 200 67
516 16 64 100 32
517 32 8 200 76
518 4 64 100 44
519 64 8 1000 56
520 32 64 100 51
521 16 128 500 71
522 64 128 2000 71
523 64 64 1000 93
524 64 64 2000 70
525 32 8 1000 82
526 64 128 100 51
527 16 16 200 89
528 64 64 1000 98
529 4 128 500 68
530 4 16 1000 61
531 4 64 2000 36
532 16 16 1000 99
533 4 16 100 35
534 32 8 100 60
535 16 16 2000 78
536 32 128 2000 63
537 64 128 100 60
538 16 8 2000 30
539 4 16 1000 37
540 32 8 2000 85
541 64 16 1000 72
542 64 8 2000 59
543 64 64 2000 84
544 4 64 500 74
545 4 128 500 32
546 64 16 500 55
547 32 16 200 57
548 64 128 100 70
549 16 16 2000 80
550 32 128 500 43
551 16 128 500 37
552 64 128 2000 65
553 16 8 1000 60
554 32 8 100 51
555 32 128 1000 34
556 64 128 100 45
557 4 16 1000 66
558 16 128 1000 96
559 4 16 1000 36
560 16 8 100 65
561 16 16 1000 39
562 64 8 1000 80
563 16 64 200 69
564 16 8 500 51
565 32 8 1000 62
566 4 128 500 71
567 32 64 500 52
568 4 64 500 81
569 16 128 100 65
570 32 16 2000 46
571 32 64 200 43
572 16 16 100 50
573 32 64 100 84
574 32 128 200 53
575 16 128 100 81
576 16 16 200 73
577 64 16 100 90
578 64 16 1000 96
579 64 16 500 61
580 64 128 2000 52
581 4 128 200 61
582 64 64 1000 48
583 32 128 100 66
584 32 16 1000 80
585 32 16 2000 84
586 4 8 500 51
587 32 8 100 99
588 32 16 1000 43
589 16 128 1000 44
590 16 128 2000 62
591 64 16 500 36
592 32 16 500 68
593 64 128 500 38
594 4 16 100 67
595 4 16 500 82
596 32 64 100 45
597 32 16 1000 48
598 32 128 500 55
599 4 64 2000 68
600 4 8 200 94
601 16 16 1000 37
602 32 128 1000 32
603 32 16 2000 36
604 64 16 1000 96
605 32 16 1000 61
606 32 8 200 43
607 16 64 2000 85
608 4 8 1000 88
609 32 64 200 62
610 16 64 2000 77
611 32 8 500 84
612 64 64 1000 60
613 16 64 100 69
614 64 128 200 61
615 64 8 2000 42
616 16 16 500 84
617 16 16 200 49
618 4 8 100 87
619 16 64 200 59
620 32 64 200 92
621 64 16 100 62
622 32 16 100 87
623 32 16 1000 62
624 4 16 1000 53
625 64 64 1000 64
626 32 128 500 96
627 16 8 1000 38
628 4 16 1000 60
629 16 64 2000 92
630 16 8 1000 74
631 64 64 500 91
632 16 16 1000 93
633 16 64 2000 44
634 32 16 100 66
635 16 128 100 76
636 32 64 1000 89
637 32 8 2000 92
638 64 16 100 87
639 32 64 1000 78
640 4 8 1000 98
641 32 8 200 94
642 64 64 200 66
643 16 64 100 31
644 32 16 500 76
645 16 16 100 54
646 4 8 100 100
647 4 64 2000 95
648 16 16 100 40
649 32 16 2000 57
650 16 8 100 45
651 64 16 200 82
652 4 16 100 35
653 32 8 2000 78
654 4 8 1000 62
655 4 128 2000 86
656 64 128 1000 43
657 64 64 500 65
658 16 8 200 47
659 32 16 1000 47
660 16 128 2000 74
661 32 64 100 97
662 16 64 2000 69
663 64 128 200 64
664 64 16 2000 40
665 64 128 1000 63
666 16 16 500 85
667 4 128 500 99
668 64 128 2000 66
669 16 16 1000 60
670 4 16 1000 54
671 16 8 1000 71
672 16 64 500 71
673 4 16 200 90
674 4 128 1000 73
675 4 8 1000 93
676 64 16 200 46
677 64 128 1000 47
678 16 16 100 95
679 16 64 100 70
680 16 8 500 77
681 32 16 200 98
682 32 64 500 58
683 64 128 200 88
684 32 128 100 99
685 4 128 100 48
686 4 8 1000 34
687 4 64 2000 48
688 32 128 500 73
689 32 64 2000 32
690 64 64 2000 32
691 32 16 200 67
692 64 128 500 37
693 4 128 1000 67
694 64 8 200 31
695 32 16 200 69
696 4 16 2000 93
697 16 8 200 55
698 16 128 1000 96
699 16 16 500 66
700 32 8 500 37
701 4 64 500 62
702 32 16 100 54
703 16 16 100 92
704 64 64 200 81
705 16 16 200 40
706 32 128 2000 94
707 64 8 2000 35
708 32 8 500 44
709 16 8 2000 64
710 64 128 1000 37
711 4 128 1000 82
712 32 128 500 88
713 64 16 100 51
714 32 8 100 56
715 32 8 1000 76
716 16 64 500 74
717 64 128 500 32
718 32 16 500 77
719 32 64 2000 66
720 32 64 500 35
721 32 8 200 93
722 32 16 200 53
723 32 128 1000 85
724 16 128 100 57
725 32 128 2000 73
726 16 128 2000 60
727 32 8 500 92
728 64 64 200 84
729 16 8 2000 48
730 64 8 100 81
731 64 128 500 70
732 4 64 500 33
733 4 16 500 91
734 16 128 1000 87
735 4 8 200 77
736 4 128 200 33
737 16 64 2000 71
738 32 16 2000 57
739 64 64 500 46
740 64 16 100 45
741 4 128 200 80
742 64 64 1000 75
743 64 8 1000 98
744 16 64 100 88
745 32 8 1000 78
746 4 128 1000 45
747 32 64 1000 95
748 16 128 1000 91
749 64 8 200 89
750 16 16 100 78
751 4 128 1000 49
752 16 128 2000 86
753 16 128 500 63
754 64 8 100 59
755 16 64 1000 52
756 4 64 1000 36
757 32 16 2000 80
758 64 128 200 80
759 64 64 100 94
760 64 8 1000 45
761 64 64 2000 90
762 64 64 1000 66
763 64 128 100 41
764 64 64 100 64
765 64 8 2000 64
766 16 128 100 65
767 32 128 2000 96
768 64 16 1000 87
769 32 8 100 32
770 4 128 200 45
771 64 64 100 99
772 32 128 200 89
773 64 8 100 99
774 32 8 2000 53
775 16 8 100 63
776 64 8 500 65
777 32 8 1000 62
778 16 64 100 54
779 16 128 2000 87
780 16 16 1000 65
781 16 128 500 62
782 32 8 500 80
783 32 128 500 72
784 32 16 1000 84
785 4 64 200 82
786 64 8 1000 86
787 16 64 2000 82
788 4 64 1000 84
789 64 16 2000 32
790 32 128 100 89
791 4 128 500 59
792 16 16 500 63
793 32 64 500 97
794 32 64 100 100
795 64 128 100 48
796 4 16 100 31
797 64 128 500 96
798 32 8 1000 66
799 32 64 200 41
800 16 64 1000 49
801 32 8 2000 46
802 32 16 100 44
803 32 64 200 32
804 4 64 200 86
805 16 8 1000 52
806 16 64 1000 46
807 64 128 500 73
808 16 16 2000 68
809 32 64 2000 89
810 64 16 500 32
811 4 16 100 57
812 64 16 1000 99
813 16 8 100 100
814 32 64 1000 53
815 64 128 100 82
816 4 64 200 37
817 16 64 1000 36
818 4 64 200 94
819 64 16 1000 73
820 32 64 500 63
821 32 64 2000 81
822 16 128 200 41
823 16 8 2000 33
824 64 8 500 95
825 64 64 2000 88
826 64 8 100 36
827 16 8 2000 47
828 16 16 500 88
829 32 16 100 84
830 32 64 500 71
831 16 8 1000 62
832 64 128 500 64
833 4 64 200 55
834 64 8 100 76
835 4 16 200 55
836 4 64 2000 50
837 4 64 1000 82
838 64 8 500 79
839 32 8 1000 64
840 4 16 200 46
841 32 128 500 51
842 64 128 2000 76
843 4 8 100 45
71
8 51 40 53
9 453 41 68
19 725 30 55
43 370 30 88
51 694 16 34
51 398 32 89
62 509 36 50
66 101 31 55
79 333 41 86
90 448 28 71
92 372 46 36
111 782 42 67
113 212 28 35
114 484 34 90
143 838 30 69
146 369 24 99
151 581 43 36
153 359 37 51
154 644 25 75
174 308 27 81
175 763 24 83
189 773 32 89
192 823 29 59
206 733 28 93
213 593 10 73
220 253 42 83
227 516 44 96
241 369 10 88
242 582 45 60
246 771 36 54
267 534 11 98
268 470 22 94
292 664 18 50
295 600 44 79
316 648 14 82
319 630 39 92
324 735 48 97
334 769 48 87
343 576 46 92
347 507 46 98
350 480 22 38
364 731 17 43
384 703 16 98
387 635 15 48
389 491 18 34
398 745 25 32
399 498 40 30
402 823 11 72
402 435 48 99
411 523 47 87
432 462 31 94
461 519 42 35
465 612 35 40
514 702 31 39
514 710 23 49
521 682 43 40
545 732 35 42
557 648 27 31
563 754 16 82
568 683 21 37
585 660 45 64
589 730 37 69
590 603 40 84
597 651 34 67
604 806 17 56
604 760 46 77
653 798 12 64
691 819 44 91
693 779 48 48
759 788 50 35
811 829 37 37