472
0 8 128 5000 92
1 32 320 400 193
2 32 32 1000 134
3 8 32 800 171
4 8 320 800 94
5 8 32 1000 177
6 32 32 2000 177
7 8 32 2000 128
8 8 32 5000 171
9 8 32 400 190
10 32 32 2000 116
11 8 32 5000 119
12 32 320 1000 166
13 32 32 400 180
14 32 128 400 163
15 8 320 800 192
16 32 128 400 195
17 32 320 1000 146
18 8 320 400 103
19 8 320 1000 189
20 8 320 400 181
21 8 128 800 175
22 32 320 2000 121
23 8 320 2000 152
24 32 320 2000 157
25 32 320 2000 189
26 32 320 400 178
27 8 32 2000 146
28 32 128 800 198
29 32 128 800 133
30 32 320 5000 125
31 32 320 400 143
32 32 320 800 172
33 32 320 1000 182
34 32 32 800 110
35 8 128 1000 144
36 32 320 2000 104
37 8 128 2000 194
38 8 320 2000 143
39 32 320 2000 169
40 8 128 800 104
41 8 32 5000 156
42 8 128 2000 153
43 8 320 1000 129
44 8 320 5000 199
45 32 320 800 122
46 8 128 800 191
47 32 32 1000 98
48 32 32 5000 96
49 8 320 800 146
50 8 320 800 158
51 8 32 800 153
52 8 320 2000 170
53 32 32 400 165
54 32 128 800 151
55 32 128 400 174
56 8 320 800 119
57 32 32 400 113
58 32 320 400 118
59 32 128 5000 154
60 32 320 1000 194
61 8 128 1000 194
62 32 320 1000 191
63 8 128 2000 170
64 8 128 1000 117
65 8 320 2000 149
66 8 128 2000 162
67 8 128 5000 115
68 8 320 800 186
69 32 128 1000 183
70 8 32 5000 138
71 32 320 400 149
72 32 128 1000 134
73 8 320 2000 163
74 32 32 800 117
75 8 32 1000 188
76 32 32 1000 165
77 32 320 1000 161
78 8 128 2000 184
79 8 320 5000 191
80 8 320 400 140
81 32 320 1000 130
82 8 32 5000 133
83 32 32 2000 122
84 32 32 800 124
85 32 128 400 181
86 8 32 1000 169
87 8 32 400 183
88 32 32 800 164
89 32 128 400 157
90 32 32 800 182
91 8 128 1000 200
92 8 320 2000 148
93 8 128 400 119
94 32 320 1000 192
95 8 32 800 190
96 8 320 1000 126
97 32 320 800 136
98 32 320 5000 179
99 8 320 5000 178
100 8 128 1000 103
101 32 32 400 108
102 8 32 2000 101
103 8 32 400 169
104 32 320 1000 183
105 8 32 1000 175
106 8 320 5000 154
107 8 320 5000 199
108 8 128 400 108
109 8 32 800 193
110 32 32 2000 128
111 32 320 5000 200
112 32 320 400 101
113 8 320 400 159
114 8 320 800 110
115 32 320 800 109
116 32 128 800 188
117 32 32 5000 197
118 32 320 2000 199
119 32 320 2000 167
120 8 320 400 100
121 8 128 5000 199
122 32 32 5000 161
123 32 320 5000 99
124 8 128 5000 102
125 8 32 2000 143
126 8 128 1000 106
127 8 128 800 147
128 32 320 5000 161
129 32 320 1000 132
130 8 32 2000 154
131 8 128 2000 161
132 32 128 5000 167
133 8 320 400 167
134 32 320 2000 183
135 32 320 1000 141
136 8 320 400 129
137 32 320 2000 153
138 32 320 800 162
139 8 320 400 155
140 32 320 1000 191
141 32 320 2000 160
142 8 320 400 119
143 8 32 5000 124
144 8 32 2000 147
145 32 32 400 180
146 32 32 400 122
147 32 320 800 123
148 32 128 5000 117
149 8 32 1000 104
150 32 320 5000 91
151 32 128 2000 121
152 32 320 5000 192
153 32 320 1000 185
154 8 32 2000 158
155 32 32 1000 178
156 8 320 5000 161
157 8 320 800 119
158 32 320 2000 196
159 8 128 5000 137
160 8 128 5000 166
161 8 32 1000 134
162 32 128 400 147
163 32 128 1000 101
164 32 32 5000 122
165 32 128 1000 196
166 8 128 800 168
167 8 128 2000 129
168 32 320 800 172
169 32 128 2000 200
170 32 32 800 115
171 8 32 5000 121
172 8 32 800 122
173 8 128 5000 124
174 8 32 5000 99
175 8 320 1000 105
176 32 32 400 118
177 8 32 800 150
178 8 32 2000 134
179 32 32 5000 159
180 8 320 1000 177
181 32 128 2000 122
182 32 32 400 144
183 8 320 1000 152
184 32 320 800 100
185 8 128 800 117
186 32 32 2000 182
187 32 32 5000 160
188 32 32 400 100
189 32 320 5000 186
190 32 32 5000 184
191 8 128 2000 144
192 8 320 1000 166
193 32 320 400 102
194 32 320 400 123
195 32 32 800 113
196 32 128 1000 142
197 8 320 2000 176
198 32 128 800 169
199 32 320 5000 170
200 8 320 800 191
201 32 32 5000 179
202 32 32 400 117
203 8 320 2000 109
204 32 32 2000 101
205 32 320 400 153
206 8 32 800 166
207 32 320 400 191
208 32 32 800 177
209 8 128 400 122
210 8 320 800 97
211 8 320 1000 127
212 32 320 800 182
213 8 128 800 113
214 32 320 400 97
215 8 128 2000 152
216 8 320 5000 90
217 8 128 1000 143
218 32 128 400 153
219 32 32 2000 171
220 32 128 400 190
221 32 128 1000 187
222 32 128 5000 149
223 8 128 400 184
224 32 128 5000 148
225 32 320 5000 96
226 32 320 800 166
227 8 128 5000 163
228 32 32 800 151
229 32 320 400 133
230 32 320 800 188
231 8 320 800 154
232 32 32 5000 119
233 32 128 800 144
234 8 128 800 185
235 8 32 800 119
236 8 128 400 109
237 8 320 400 110
238 8 320 5000 141
239 32 128 800 140
240 8 128 5000 167
241 32 32 1000 170
242 32 320 800 156
243 8 128 800 122
244 32 32 5000 170
245 8 128 5000 157
246 8 320 400 190
247 8 128 1000 144
248 8 320 800 199
249 8 32 5000 194
250 8 320 800 192
251 32 32 2000 119
252 32 128 1000 114
253 8 320 1000 105
254 32 320 1000 103
255 32 320 800 196
256 32 320 1000 100
257 8 128 1000 175
258 8 128 5000 187
259 8 32 400 134
260 8 320 5000 194
261 32 320 400 100
262 8 320 1000 177
263 8 128 800 128
264 32 32 800 127
265 8 32 400 114
266 32 320 400 185
267 32 32 800 185
268 32 320 800 111
269 8 32 1000 111
270 8 32 800 122
271 8 128 2000 106
272 8 320 2000 149
273 32 32 800 110
274 32 320 800 98
275 32 32 400 98
276 32 32 5000 150
277 8 320 1000 177
278 32 32 2000 130
279 8 320 800 172
280 32 128 1000 154
281 32 128 1000 178
282 32 320 5000 199
283 8 128 5000 133
284 8 128 5000 108
285 8 128 800 103
286 32 32 2000 148
287 8 320 5000 132
288 32 128 5000 117
289 32 128 1000 146
290 32 32 2000 159
291 32 320 2000 108
292 8 320 800 118
293 8 128 800 150
294 8 32 2000 106
295 8 128 1000 108
296 8 128 800 155
297 32 128 1000 198
298 32 320 400 158
299 32 32 1000 159
300 32 128 5000 103
301 32 32 800 177
302 32 320 5000 129
303 8 320 5000 198
304 8 320 1000 158
305 32 128 5000 162
306 32 320 400 93
307 32 32 800 116
308 32 32 5000 184
309 32 32 5000 128
310 32 320 800 100
311 32 32 2000 186
312 8 320 5000 191
313 8 320 2000 96
314 32 128 5000 170
315 32 320 1000 152
316 8 32 5000 147
317 32 128 1000 168
318 8 32 800 96
319 8 128 2000 194
320 8 320 400 96
321 32 320 400 182
322 8 32 2000 169
323 8 320 400 187
324 32 32 1000 160
325 32 32 800 174
326 8 32 2000 119
327 32 128 1000 104
328 8 32 400 130
329 32 32 1000 166
330 8 128 800 169
331 8 128 2000 199
332 8 32 5000 173
333 8 32 1000 170
334 32 32 1000 112
335 32 32 400 116
336 8 128 2000 143
337 8 320 1000 199
338 8 320 400 94
339 8 320 5000 162
340 32 320 5000 157
341 8 128 400 178
342 8 320 1000 117
343 8 128 5000 128
344 32 32 2000 125
345 32 320 2000 175
346 32 32 800 167
347 32 128 800 199
348 32 128 400 180
349 8 320 1000 158
350 32 128 800 128
351 32 32 2000 187
352 8 128 5000 127
353 32 32 400 145
354 32 128 5000 91
355 8 32 2000 167
356 32 320 1000 187
357 32 320 800 147
358 8 128 5000 108
359 32 320 1000 129
360 8 128 2000 186
361 32 320 5000 158
362 8 128 400 119
363 32 320 1000 143
364 8 32 5000 125
365 8 128 5000 105
366 8 128 800 150
367 8 320 800 140
368 8 320 5000 182
369 32 32 5000 106
370 32 128 5000 198
371 32 128 1000 191
372 8 320 2000 144
373 32 128 400 130
374 8 32 2000 154
375 32 32 400 121
376 8 128 400 137
377 8 32 800 186
378 32 32 800 161
379 8 128 1000 107
380 32 320 800 187
381 32 32 800 154
382 8 32 1000 135
383 8 32 1000 179
384 8 320 800 140
385 32 320 800 123
386 32 320 800 157
387 32 128 1000 134
388 8 32 1000 159
389 8 32 2000 110
390 8 320 2000 177
391 8 32 5000 140
392 8 32 1000 137
393 32 128 1000 99
394 32 32 1000 149
395 32 32 1000 174
396 32 32 400 168
397 32 320 800 119
398 32 320 2000 165
399 32 320 2000 143
400 8 128 800 153
401 32 320 400 196
402 32 320 800 199
403 8 320 5000 148
404 32 32 5000 149
405 32 320 400 144
406 8 128 800 94
407 32 32 1000 192
408 32 320 2000 100
409 8 320 1000 128
410 8 128 2000 167
411 32 32 5000 132
412 8 320 1000 154
413 32 32 5000 101
414 32 320 800 164
415 8 32 5000 139
416 32 128 800 122
417 8 32 800 159
418 32 128 5000 174
419 8 320 2000 125
420 8 32 800 122
421 8 32 1000 90
422 8 320 800 126
423 32 320 400 165
424 32 128 2000 95
425 8 320 5000 90
426 8 128 2000 156
427 32 32 400 188
428 32 320 2000 98
429 32 128 800 152
430 8 320 1000 172
431 8 32 2000 125
432 8 128 5000 200
433 8 128 2000 190
434 8 128 800 127
435 8 32 2000 193
436 32 128 5000 121
437 32 320 800 96
438 8 128 400 181
439 8 128 5000 92
440 32 32 800 100
441 8 128 800 186
442 32 128 2000 128
443 8 32 2000 184
444 8 32 400 100
445 32 128 1000 107
446 8 320 2000 117
447 8 32 400 144
448 32 128 400 169
449 32 32 5000 118
450 32 32 2000 161
451 8 320 2000 119
452 32 320 5000 181
453 32 128 400 127
454 32 32 5000 141
455 32 128 1000 102
456 32 32 800 127
457 8 128 2000 91
458 8 32 5000 91
459 8 32 2000 160
460 8 32 2000 177
461 32 32 400 124
462 32 128 2000 101
463 32 32 800 110
464 32 320 400 199
465 32 32 400 144
466 8 128 2000 91
467 8 128 800 92
468 32 32 5000 143
469 8 128 400 160
470 32 320 1000 149
471 32 128 5000 141
52
1 238 68 134
2 355 70 177
7 430 42 170
10 192 43 135
20 158 69 102
21 37 53 123
25 164 47 184
33 236 59 197
36 432 46 134
39 420 43 90
39 397 62 189
42 337 58 158
55 434 53 163
63 117 42 137
66 241 49 122
69 372 46 138
69 90 50 187
69 140 52 132
75 353 48 193
76 262 46 118
86 240 54 119
99 246 68 149
99 277 55 93
103 176 43 134
110 176 44 166
124 315 62 158
145 197 45 127
162 308 60 183
182 374 45 92
195 466 68 92
202 280 67 145
208 289 46 170
210 387 56 136
227 275 58 137
228 459 50 153
243 254 55 165
244 311 47 179
252 412 56 192
256 403 59 130
262 323 64 199
279 443 52 169
282 436 70 135
300 338 63 194
303 444 57 151
319 377 69 131
324 441 43 103
327 344 40 174
332 445 70 197
345 416 57 179
365 425 44 167
384 427 62 186
401 463 47 169