315
0 32 64 5000 169
1 64 16 500 118
2 32 64 1000 165
3 128 256 800 101
4 16 16 800 193
5 64 16 5000 198
6 64 64 1000 117
7 64 128 500 98
8 32 64 2400 140
9 32 256 1000 195
10 32 64 2400 122
11 16 16 1000 133
12 16 128 800 198
13 32 128 5000 143
14 64 16 2400 128
15 128 256 5000 191
16 32 16 5000 198
17 64 64 2400 149
18 64 256 500 150
19 64 64 500 115
20 32 16 1000 122
21 64 64 1000 121
22 64 256 800 160
23 128 16 800 172
24 16 64 500 101
25 16 128 500 145
26 32 16 800 196
27 64 128 800 160
28 128 64 500 136
29 64 128 2400 145
30 32 16 5000 173
31 32 16 800 159
32 32 128 5000 161
33 32 16 5000 121
34 64 256 5000 94
35 64 128 1000 191
36 16 128 2400 143
37 128 128 1000 143
38 16 64 800 188
39 128 256 5000 90
40 16 128 5000 174
41 16 256 2400 161
42 128 64 5000 102
43 32 64 2400 190
44 32 128 1000 176
45 128 16 800 169
46 16 64 500 195
47 64 64 800 165
48 64 256 1000 173
49 16 64 1000 163
50 128 128 1000 125
51 128 128 800 105
52 128 16 2400 128
53 16 256 1000 100
54 16 128 5000 137
55 16 16 1000 137
56 128 128 500 115
57 64 128 1000 171
58 128 256 2400 109
59 128 128 5000 191
60 32 128 800 96
61 16 256 500 99
62 128 16 800 152
63 16 64 800 128
64 16 128 500 127
65 128 16 1000 121
66 64 16 800 153
67 32 128 1000 144
68 16 256 2400 199
69 16 128 800 148
70 32 256 500 96
71 16 128 2400 200
72 16 16 2400 141
73 128 128 1000 118
74 32 16 2400 143
75 128 64 800 134
76 64 128 5000 168
77 128 16 500 132
78 32 64 2400 127
79 64 16 800 200
80 32 64 5000 98
81 32 128 5000 151
82 64 64 5000 157
83 16 256 2400 145
84 64 256 500 90
85 64 16 2400 181
86 64 64 1000 98
87 32 64 5000 191
88 32 256 1000 104
89 64 128 800 140
90 16 128 800 199
91 128 16 2400 132
92 16 16 500 199
93 32 128 1000 169
94 16 16 5000 142
95 128 16 2400 165
96 128 64 800 167
97 16 64 800 197
98 16 256 2400 163
99 64 16 2400 126
100 32 256 800 164
101 32 64 500 91
102 64 256 2400 90
103 64 128 800 99
104 128 16 800 164
105 16 256 5000 124
106 16 256 1000 111
107 16 128 5000 157
108 32 256 1000 95
109 128 128 1000 196
110 64 64 500 172
111 32 16 500 96
112 32 16 1000 98
113 32 16 1000 165
114 64 16 5000 181
115 32 64 500 184
116 32 16 2400 127
117 32 16 500 172
118 16 64 800 115
119 64 256 500 198
120 16 64 2400 194
121 16 16 1000 102
122 128 16 5000 147
123 64 64 500 137
124 64 128 800 195
125 32 16 800 159
126 16 16 1000 142
127 16 16 1000 164
128 16 128 5000 154
129 32 256 1000 155
130 128 128 800 96
131 128 16 5000 193
132 32 256 800 199
133 64 16 800 191
134 16 256 1000 125
135 64 64 800 189
136 128 16 5000 91
137 32 256 5000 108
138 32 64 2400 138
139 64 128 800 191
140 128 16 2400 156
141 16 16 2400 200
142 16 128 800 200
143 16 64 1000 96
144 32 128 1000 139
145 16 128 500 119
146 16 256 500 192
147 64 256 5000 93
148 32 256 2400 100
149 64 64 5000 158
150 128 128 2400 117
151 32 128 800 164
152 16 256 5000 179
153 32 256 800 146
154 128 16 2400 115
155 128 256 500 183
156 16 128 5000 141
157 16 256 800 138
158 32 256 500 112
159 128 64 5000 193
160 32 128 1000 140
161 64 128 2400 152
162 32 16 2400 117
163 16 16 500 130
164 64 128 2400 141
165 16 64 800 171
166 16 64 2400 166
167 64 128 2400 191
168 16 64 500 98
169 16 128 800 102
170 128 16 2400 160
171 128 16 800 117
172 32 64 1000 118
173 64 16 1000 118
174 32 16 1000 118
175 16 16 1000 191
176 64 128 500 98
177 128 64 2400 135
178 64 256 800 113
179 128 64 1000 196
180 128 16 2400 190
181 128 64 2400 116
182 32 256 5000 168
183 128 128 2400 132
184 128 64 5000 150
185 64 64 1000 122
186 128 128 2400 172
187 64 256 1000 183
188 128 16 2400 107
189 128 64 5000 93
190 16 128 5000 116
191 128 256 5000 160
192 16 256 5000 95
193 128 128 500 157
194 32 64 1000 182
195 16 16 500 152
196 64 128 2400 158
197 64 128 2400 165
198 32 16 5000 133
199 16 16 2400 96
200 16 64 1000 178
201 16 16 500 95
202 32 64 500 97
203 32 64 800 177
204 64 256 1000 200
205 16 256 1000 166
206 32 128 2400 95
207 128 256 1000 151
208 128 16 800 97
209 128 256 1000 91
210 32 64 2400 92
211 64 256 5000 185
212 16 64 800 102
213 32 64 2400 150
214 128 16 5000 169
215 64 16 500 186
216 16 128 1000 181
217 32 16 500 189
218 16 128 5000 97
219 16 256 800 118
220 64 16 1000 106
221 64 16 800 104
222 128 128 1000 185
223 64 64 5000 110
224 128 64 500 135
225 128 16 2400 91
226 32 16 500 164
227 128 16 1000 182
228 64 128 800 147
229 64 256 500 91
230 128 128 800 177
231 64 64 2400 181
232 32 256 800 145
233 16 128 2400 198
234 16 128 500 107
235 16 128 2400 125
236 64 128 500 126
237 16 16 800 180
238 64 16 5000 99
239 64 128 500 96
240 64 256 1000 131
241 32 128 800 175
242 128 16 800 142
243 128 64 5000 162
244 64 128 800 123
245 128 128 500 152
246 32 128 500 175
247 16 16 800 114
248 16 128 2400 199
249 128 64 1000 175
250 128 16 1000 98
251 16 256 1000 126
252 16 256 5000 94
253 32 64 800 114
254 32 64 2400 117
255 32 16 1000 123
256 128 64 500 92
257 32 64 500 113
258 64 256 2400 155
259 128 128 5000 93
260 32 256 800 188
261 128 128 800 120
262 32 128 2400 152
263 64 128 2400 163
264 128 64 5000 155
265 128 64 1000 138
266 16 256 500 157
267 128 16 5000 139
268 32 16 500 134
269 16 128 2400 93
270 64 256 1000 186
271 16 16 500 93
272 128 16 1000 95
273 32 128 1000 166
274 128 128 1000 193
275 32 16 500 188
276 16 128 500 171
277 32 64 1000 134
278 128 128 500 155
279 128 16 2400 145
280 64 128 500 116
281 64 16 2400 140
282 32 16 800 115
283 16 128 5000 95
284 64 128 2400 199
285 32 64 1000 171
286 64 128 5000 105
287 32 256 800 182
288 16 64 500 112
289 64 64 5000 168
290 128 256 1000 131
291 64 256 1000 194
292 32 64 5000 191
293 64 256 5000 144
294 128 64 800 111
295 16 16 800 182
296 32 256 500 96
297 16 256 2400 125
298 32 16 5000 182
299 16 256 800 116
300 16 16 500 153
301 64 256 5000 99
302 16 16 1000 106
303 32 16 5000 176
304 128 128 5000 112
305 32 64 500 132
306 64 16 800 181
307 16 128 2400 102
308 16 64 800 96
309 128 128 500 165
310 128 256 1000 162
311 32 128 800 136
312 128 16 1000 162
313 32 128 2400 120
314 128 16 1000 107
130
0 39 41 130
0 290 59 103
0 311 48 148
1 195 47 150
1 89 46 117
6 251 57 189
10 238 65 109
10 83 59 158
11 145 68 135
13 119 67 139
13 38 53 120
14 250 50 152
14 256 41 172
15 26 62 178
17 33 49 127
19 88 63 130
22 103 57 183
26 286 52 140
27 39 57 131
28 123 68 165
30 155 55 165
31 283 55 93
31 290 45 104
32 120 70 97
32 309 45 98
34 70 51 135
36 261 47 116
38 258 42 180
39 171 58 134
43 164 67 179
44 155 66 153
45 247 61 189
46 76 54 120
46 200 47 96
49 64 55 130
49 78 63 146
50 117 54 116
52 239 45 99
52 76 62 188
60 185 41 111
61 248 47 102
65 235 67 184
65 125 41 102
67 192 54 108
69 205 64 158
70 136 51 141
70 181 69 92
70 85 51 187
73 147 50 189
73 274 68 178
73 150 57 91
74 193 45 111
77 166 57 143
78 193 61 170
79 246 53 156
80 207 54 181
82 287 59 120
85 249 63 190
87 176 66 199
89 202 52 123
98 291 49 102
98 301 65 188
98 206 54 98
102 213 47 173
106 169 57 153
107 200 41 178
112 246 51 200
116 253 68 95
116 198 64 146
120 166 42 148
123 307 44 97
123 216 42 139
124 273 59 180
124 134 62 162
125 290 51 161
126 300 62 156
128 246 41 133
128 218 46 164
129 152 41 161
130 247 48 135
130 242 47 175
131 302 61 108
131 239 63 149
133 198 53 147
135 269 44 152
136 249 41 194
142 308 44 191
144 245 43 200
147 248 69 104
148 283 60 123
149 171 63 171
152 290 69 181
153 207 55 187
157 241 45 97
159 187 49 185
163 276 46 169
167 215 44 153
167 238 70 157
169 225 56 136
169 224 50 123
171 218 60 154
171 256 40 117
174 179 49 98
174 308 60 186
180 212 52 183
181 202 43 113
182 286 66 169
185 225 51 116
191 312 57 115
193 239 56 171
196 225 47 111
197 198 61 114
197 313 59 176
211 223 68 185
213 263 44 160
215 234 52 126
216 245 50 141
218 271 53 190
219 306 52 93
227 252 48 181
228 245 59 147
230 257 51 158
231 245 44 106
237 268 41 105
245 275 63 179
248 268 65 178
266 305 64 105
271 275 43 150
276 290 54 169
305 315 59 93