759
0 32 320 800 140
1 8 32 800 153
2 32 32 800 100
3 32 32 400 91
4 8 320 400 168
5 32 128 1000 161
6 32 32 5000 96
7 32 32 5000 110
8 8 320 400 186
9 32 32 2000 135
10 32 32 5000 178
11 8 320 800 100
12 32 320 1000 172
13 32 32 2000 129
14 32 320 800 195
15 32 32 5000 104
16 8 32 800 146
17 8 320 1000 142
18 8 320 5000 147
19 32 32 1000 172
20 32 320 800 167
21 8 320 400 166
22 32 32 400 95
23 32 320 5000 199
24 32 32 5000 97
25 32 320 800 159
26 8 32 1000 95
27 32 320 400 91
28 32 128 400 159
29 32 320 800 110
30 32 32 5000 99
31 8 320 400 142
32 8 32 400 199
33 32 128 1000 91
34 32 128 1000 175
35 8 128 800 175
36 32 128 400 119
37 8 32 1000 133
38 8 32 5000 136
39 8 32 1000 195
40 8 128 800 161
41 8 320 1000 145
42 32 320 1000 91
43 8 320 800 102
44 8 128 2000 134
45 8 320 400 195
46 32 32 1000 194
47 8 128 5000 181
48 32 32 800 97
49 8 320 1000 138
50 8 32 5000 158
51 8 128 2000 128
52 8 32 2000 154
53 8 128 800 177
54 8 320 400 175
55 8 128 5000 164
56 32 128 800 100
57 32 32 2000 170
58 32 32 400 167
59 32 320 5000 158
60 8 32 2000 179
61 8 32 5000 144
62 8 32 400 145
63 32 128 2000 170
64 32 320 5000 183
65 8 128 1000 172
66 32 320 5000 159
67 8 320 400 165
68 8 320 2000 92
69 32 128 2000 171
70 8 32 5000 114
71 8 32 1000 119
72 8 128 5000 171
73 32 32 2000 146
74 8 32 400 121
75 8 128 800 113
76 8 128 800 97
77 32 128 5000 184
78 8 128 5000 185
79 32 320 2000 186
80 8 320 2000 168
81 8 128 1000 122
82 32 320 2000 181
83 32 128 800 165
84 32 128 2000 120
85 8 32 400 147
86 8 128 400 184
87 8 128 5000 133
88 8 32 2000 106
89 8 32 1000 137
90 8 128 400 122
91 32 320 5000 107
92 32 320 5000 146
93 32 32 400 146
94 8 128 800 198
95 32 320 1000 138
96 8 320 5000 165
97 8 128 5000 153
98 32 128 800 135
99 32 320 800 98
100 8 32 400 181
101 8 128 2000 138
102 8 320 400 138
103 8 320 2000 187
104 32 128 1000 185
105 8 32 400 159
106 8 320 1000 156
107 32 32 800 93
108 32 32 1000 167
109 32 32 5000 167
110 32 32 800 151
111 32 128 5000 190
112 32 128 2000 190
113 8 128 5000 124
114 8 320 5000 122
115 32 32 800 160
116 8 128 1000 104
117 8 32 800 104
118 8 320 400 160
119 8 128 5000 198
120 32 128 2000 105
121 8 32 1000 166
122 8 320 400 184
123 32 128 400 178
124 32 32 5000 100
125 32 320 5000 104
126 8 320 400 142
127 8 32 800 185
128 8 128 800 104
129 32 128 400 109
130 32 32 1000 190
131 32 32 5000 173
132 32 320 1000 135
133 8 128 2000 137
134 32 32 2000 186
135 8 128 400 143
136 32 320 5000 110
137 32 320 2000 160
138 32 320 2000 168
139 8 32 2000 182
140 8 320 400 200
141 32 128 1000 186
142 8 320 5000 128
143 32 128 2000 196
144 8 32 1000 183
145 8 32 800 121
146 32 32 800 155
147 8 320 1000 148
148 8 128 5000 153
149 32 320 2000 175
150 8 320 1000 119
151 8 32 2000 91
152 32 32 5000 124
153 32 128 1000 122
154 8 128 2000 121
155 32 32 800 157
156 8 32 2000 169
157 8 320 5000 163
158 32 128 400 176
159 8 320 800 145
160 32 320 2000 169
161 8 32 5000 162
162 8 320 400 105
163 32 32 1000 127
164 8 128 800 94
165 32 128 400 113
166 32 320 5000 113
167 32 32 5000 167
168 32 32 800 154
169 32 320 1000 174
170 8 320 400 101
171 32 320 400 149
172 8 320 5000 111
173 32 128 1000 191
174 32 32 1000 129
175 32 32 400 182
176 8 320 800 174
177 8 32 400 103
178 32 128 5000 172
179 32 128 2000 169
180 32 32 400 171
181 32 320 5000 120
182 8 32 1000 96
183 32 32 2000 136
184 32 128 5000 199
185 32 128 1000 197
186 8 32 2000 143
187 8 320 400 96
188 8 320 400 171
189 8 32 800 124
190 32 320 800 103
191 32 32 800 178
192 32 32 1000 142
193 8 32 5000 157
194 8 320 2000 109
195 32 32 5000 115
196 32 32 400 196
197 8 128 5000 154
198 8 32 2000 126
199 32 128 1000 134
200 8 32 800 122
201 8 320 2000 128
202 8 128 1000 167
203 8 32 2000 155
204 8 320 400 194
205 32 32 400 108
206 8 32 800 185
207 8 32 400 98
208 32 320 1000 146
209 32 320 2000 122
210 8 128 400 130
211 32 320 1000 150
212 32 32 1000 148
213 32 128 1000 105
214 8 320 1000 148
215 8 320 5000 185
216 32 320 5000 157
217 32 320 5000 111
218 32 128 400 109
219 8 128 1000 111
220 8 32 400 99
221 8 320 5000 150
222 8 128 400 177
223 32 128 5000 146
224 32 32 1000 167
225 32 32 1000 170
226 32 32 800 170
227 32 320 800 122
228 8 128 1000 154
229 8 320 5000 123
230 8 320 800 155
231 32 320 2000 91
232 8 128 400 168
233 32 320 1000 100
234 8 320 800 141
235 32 320 2000 152
236 8 32 5000 160
237 8 32 1000 187
238 8 32 5000 111
239 8 128 5000 122
240 32 320 5000 154
241 32 320 2000 101
242 32 32 400 154
243 32 128 400 122
244 8 32 2000 175
245 32 32 1000 102
246 32 32 5000 169
247 8 320 5000 188
248 32 128 2000 152
249 32 32 1000 135
250 32 128 2000 151
251 8 128 800 107
252 8 32 1000 165
253 8 128 1000 92
254 8 320 2000 162
255 8 320 400 140
256 8 128 400 181
257 32 128 800 139
258 8 32 1000 198
259 32 32 2000 148
260 32 320 1000 142
261 8 32 400 143
262 8 320 400 111
263 8 320 800 167
264 32 128 800 151
265 32 32 2000 198
266 8 320 2000 108
267 32 320 1000 175
268 32 320 1000 115
269 8 32 400 200
270 8 32 800 131
271 32 32 800 135
272 8 320 400 151
273 8 320 1000 195
274 8 128 2000 155
275 8 320 2000 170
276 32 320 1000 101
277 32 128 1000 194
278 8 320 800 149
279 8 32 2000 166
280 8 32 5000 193
281 32 128 400 106
282 8 320 800 93
283 32 32 400 102
284 8 32 2000 105
285 8 32 400 92
286 32 320 800 140
287 8 128 5000 166
288 8 128 5000 129
289 8 128 5000 115
290 32 128 5000 133
291 8 320 400 92
292 8 128 1000 90
293 32 320 1000 159
294 32 128 5000 113
295 32 128 800 148
296 8 32 800 116
297 8 320 400 92
298 8 320 1000 177
299 32 320 1000 176
300 32 128 800 126
301 8 320 400 129
302 32 32 800 187
303 8 32 400 147
304 32 128 1000 148
305 8 320 400 160
306 32 320 800 110
307 32 128 400 190
308 32 128 400 164
309 8 320 400 118
310 32 320 2000 151
311 32 320 400 150
312 8 320 400 184
313 32 320 400 101
314 8 128 1000 94
315 8 128 1000 190
316 32 32 800 126
317 32 320 800 104
318 32 320 5000 157
319 32 32 1000 173
320 8 32 5000 102
321 8 128 1000 172
322 32 320 400 148
323 8 32 5000 125
324 32 128 400 197
325 32 32 1000 110
326 32 32 5000 139
327 32 128 800 176
328 32 128 5000 140
329 32 320 800 94
330 8 320 400 193
331 32 320 800 138
332 32 320 800 167
333 32 32 800 156
334 32 32 5000 136
335 32 32 2000 168
336 32 128 2000 134
337 32 320 400 100
338 32 128 1000 155
339 8 320 1000 152
340 8 32 400 146
341 32 128 5000 103
342 8 320 400 147
343 8 128 800 109
344 32 320 5000 106
345 32 128 400 113
346 8 320 1000 169
347 32 32 2000 123
348 32 32 800 101
349 32 320 800 129
350 32 128 2000 135
351 32 320 1000 108
352 32 320 5000 105
353 8 32 1000 152
354 32 32 2000 97
355 8 128 800 106
356 32 320 800 107
357 8 32 2000 136
358 32 32 1000 192
359 8 32 800 109
360 32 320 5000 165
361 8 128 2000 113
362 8 128 2000 108
363 32 320 2000 198
364 8 32 1000 172
365 32 320 2000 104
366 32 320 400 93
367 8 128 2000 111
368 8 320 2000 121
369 8 32 5000 178
370 8 320 2000 116
371 8 128 5000 174
372 8 32 800 169
373 32 32 2000 98
374 8 32 400 184
375 8 128 2000 123
376 32 128 1000 166
377 8 32 400 123
378 8 32 400 154
379 8 32 800 194
380 8 32 1000 96
381 32 320 5000 170
382 32 32 5000 135
383 32 320 1000 170
384 8 128 5000 122
385 32 128 1000 146
386 8 320 1000 168
387 8 32 400 135
388 8 32 800 92
389 32 128 800 138
390 8 32 2000 135
391 32 320 400 182
392 8 128 5000 129
393 32 32 5000 94
394 8 32 2000 106
395 8 128 2000 168
396 32 128 800 179
397 8 320 2000 160
398 32 320 5000 171
399 32 128 2000 121
400 32 320 400 149
401 8 128 5000 173
402 8 32 400 174
403 32 320 1000 197
404 32 32 2000 161
405 8 32 2000 164
406 32 32 1000 168
407 32 128 400 126
408 32 128 2000 93
409 32 320 400 128
410 32 320 5000 129
411 8 320 1000 135
412 32 320 1000 176
413 8 32 1000 180
414 8 320 5000 148
415 32 320 800 172
416 32 32 1000 104
417 8 32 1000 144
418 8 32 5000 162
419 32 320 400 98
420 32 320 800 146
421 8 32 2000 105
422 32 128 5000 116
423 8 128 800 101
424 32 128 1000 120
425 8 32 5000 108
426 32 320 400 180
427 8 128 5000 140
428 8 128 800 185
429 32 320 2000 100
430 8 128 1000 136
431 32 32 2000 119
432 8 320 1000 151
433 32 32 5000 156
434 32 32 1000 122
435 32 32 400 128
436 8 32 800 146
437 32 128 400 138
438 8 32 1000 163
439 32 32 1000 90
440 8 32 400 90
441 8 128 800 137
442 8 320 1000 99
443 8 320 1000 92
444 32 128 5000 197
445 32 320 400 161
446 32 128 2000 146
447 32 128 5000 174
448 32 32 5000 173
449 32 128 1000 140
450 8 320 1000 181
451 8 320 5000 140
452 32 128 5000 161
453 8 32 400 191
454 32 32 2000 135
455 32 320 800 100
456 32 320 400 132
457 8 128 400 129
458 32 320 1000 92
459 8 128 1000 169
460 32 320 800 126
461 8 32 5000 131
462 32 320 800 195
463 8 128 1000 105
464 32 32 2000 118
465 8 320 800 125
466 32 128 1000 140
467 8 320 5000 172
468 32 128 1000 130
469 8 32 1000 141
470 8 320 1000 130
471 32 128 2000 156
472 8 320 400 100
473 32 32 2000 125
474 8 128 1000 186
475 32 32 400 117
476 8 128 800 187
477 8 320 800 184
478 8 128 2000 190
479 8 128 400 130
480 8 32 800 110
481 32 128 5000 122
482 8 32 400 190
483 32 32 2000 103
484 8 320 2000 165
485 32 320 800 106
486 32 32 400 124
487 8 128 400 144
488 8 32 1000 169
489 32 320 5000 106
490 32 128 400 200
491 32 320 400 180
492 8 128 2000 94
493 8 128 5000 180
494 32 128 400 123
495 8 128 800 198
496 8 320 5000 175
497 8 128 1000 97
498 32 128 1000 132
499 32 128 800 125
500 8 128 800 194
501 8 320 5000 157
502 8 320 400 147
503 32 320 5000 141
504 32 32 400 92
505 32 32 1000 145
506 32 320 2000 148
507 8 32 800 145
508 32 320 2000 195
509 8 128 5000 142
510 32 128 800 200
511 8 320 800 145
512 32 32 1000 180
513 8 128 800 167
514 32 32 5000 189
515 32 128 1000 198
516 32 32 5000 105
517 32 128 800 186
518 32 32 1000 130
519 8 320 1000 186
520 8 32 5000 90
521 8 128 2000 130
522 8 128 5000 106
523 32 128 5000 174
524 8 320 800 143
525 32 32 5000 188
526 8 128 400 139
527 8 32 400 171
528 8 320 1000 138
529 32 320 800 195
530 8 128 1000 113
531 32 320 2000 125
532 8 32 5000 178
533 8 128 800 94
534 8 320 1000 171
535 32 128 800 129
536 32 128 400 90
537 32 32 800 153
538 32 128 1000 179
539 32 320 400 200
540 32 32 5000 191
541 8 32 5000 104
542 8 128 1000 148
543 8 32 2000 94
544 8 32 800 190
545 8 32 2000 165
546 32 32 5000 95
547 8 320 2000 197
548 8 320 2000 104
549 32 320 2000 177
550 8 32 1000 108
551 8 32 400 200
552 32 128 800 170
553 32 128 1000 190
554 32 320 1000 131
555 32 128 1000 93
556 8 320 5000 172
557 32 128 5000 126
558 32 32 800 99
559 8 320 1000 179
560 8 128 1000 99
561 32 32 1000 185
562 8 32 2000 162
563 8 128 2000 170
564 8 128 5000 169
565 32 32 400 175
566 8 320 5000 191
567 32 320 400 171
568 8 32 1000 167
569 8 32 800 104
570 32 32 5000 189
571 32 320 2000 148
572 32 128 800 165
573 32 32 5000 188
574 8 320 400 151
575 8 320 800 90
576 32 320 800 122
577 32 32 5000 139
578 8 320 1000 120
579 32 320 800 188
580 32 320 1000 141
581 8 32 800 127
582 8 320 1000 161
583 8 32 2000 175
584 32 128 2000 148
585 8 128 1000 115
586 8 128 5000 180
587 32 128 5000 196
588 8 32 400 101
589 8 320 2000 143
590 8 128 2000 191
591 8 320 1000 193
592 8 32 800 194
593 32 128 800 131
594 32 32 400 113
595 32 128 1000 118
596 8 32 400 192
597 32 32 1000 104
598 8 320 2000 166
599 8 32 800 153
600 8 32 5000 156
601 8 320 5000 126
602 32 128 800 131
603 8 32 5000 176
604 32 320 1000 112
605 32 128 5000 191
606 32 32 1000 161
607 32 32 2000 99
608 32 128 400 104
609 8 32 800 131
610 32 320 5000 96
611 32 32 800 179
612 8 320 2000 144
613 8 320 400 174
614 8 320 400 174
615 8 128 1000 119
616 8 128 400 112
617 8 320 2000 166
618 8 32 5000 175
619 32 320 2000 109
620 8 32 1000 147
621 8 32 5000 184
622 32 32 5000 181
623 8 320 2000 178
624 32 32 1000 135
625 32 128 400 153
626 32 128 400 149
627 32 128 400 197
628 8 32 1000 145
629 8 128 800 178
630 32 32 5000 149
631 8 128 2000 183
632 8 320 400 179
633 32 32 5000 97
634 32 32 400 112
635 32 320 2000 160
636 32 32 5000 196
637 8 32 400 152
638 32 128 400 196
639 32 128 2000 197
640 8 320 2000 185
641 8 128 5000 180
642 8 32 1000 198
643 32 128 400 161
644 8 128 2000 132
645 32 32 800 175
646 8 320 5000 192
647 32 320 2000 142
648 32 32 800 189
649 8 32 1000 196
650 32 32 800 93
651 32 32 1000 152
652 8 320 2000 191
653 8 32 5000 122
654 32 32 2000 196
655 32 320 5000 101
656 32 32 2000 111
657 32 320 2000 121
658 32 32 800 132
659 8 128 400 92
660 8 32 800 109
661 8 32 2000 156
662 8 32 1000 164
663 32 128 2000 118
664 8 32 1000 109
665 8 128 400 121
666 32 128 5000 196
667 8 128 800 142
668 8 128 5000 199
669 32 320 800 199
670 8 128 2000 113
671 8 128 800 144
672 32 32 800 167
673 32 32 2000 199
674 32 32 2000 136
675 8 32 5000 126
676 32 32 400 115
677 8 320 2000 157
678 8 128 800 196
679 32 32 800 142
680 32 32 800 135
681 32 128 800 169
682 8 128 5000 148
683 32 320 2000 178
684 32 32 800 157
685 8 128 800 184
686 32 32 2000 154
687 8 32 1000 178
688 8 128 1000 162
689 8 320 400 90
690 32 320 5000 124
691 8 320 5000 168
692 8 320 400 130
693 32 320 5000 98
694 32 32 2000 95
695 8 32 1000 112
696 8 128 5000 146
697 32 128 1000 106
698 32 320 400 194
699 32 128 400 157
700 32 32 1000 111
701 8 128 5000 153
702 8 320 5000 176
703 32 32 5000 188
704 8 320 2000 94
705 8 32 1000 156
706 32 32 1000 143
707 32 128 800 104
708 8 32 1000 126
709 32 32 2000 118
710 32 32 1000 149
711 32 32 1000 188
712 8 320 800 134
713 32 128 1000 159
714 8 320 2000 131
715 8 32 800 173
716 8 320 2000 150
717 32 128 5000 112
718 32 32 1000 191
719 32 32 5000 174
720 32 320 5000 123
721 8 32 5000 187
722 8 320 5000 137
723 8 32 1000 96
724 32 320 400 166
725 8 32 400 104
726 8 320 400 116
727 32 32 2000 121
728 32 320 1000 109
729 32 128 800 184
730 32 32 2000 100
731 8 32 400 157
732 32 128 400 177
733 8 128 2000 141
734 8 128 400 154
735 8 32 400 129
736 32 32 1000 186
737 8 320 800 200
738 8 128 2000 191
739 32 320 1000 101
740 32 320 5000 140
741 32 320 400 183
742 8 128 1000 158
743 32 320 1000 193
744 8 32 5000 103
745 32 128 1000 178
746 32 128 1000 186
747 8 320 5000 108
748 32 32 800 177
749 8 32 5000 94
750 32 320 5000 152
751 8 128 1000 191
752 8 128 1000 103
753 32 320 1000 124
754 8 32 1000 131
755 32 320 400 171
756 8 32 1000 188
757 32 128 800 97
758 8 32 800 163
341
0 706 64 143
0 424 60 96
1 43 52 115
2 514 55 157
2 133 67 130
3 91 40 128
3 279 69 124
5 506 61 105
6 38 63 98
12 552 45 139
13 573 58 91
13 549 45 164
14 684 51 194
14 583 43 170
15 384 54 175
15 393 69 111
15 274 67 96
18 712 59 91
19 291 47 181
19 590 48 104
20 102 56 158
21 330 41 118
21 568 42 130
23 175 41 104
23 79 53 136
25 735 54 137
26 423 60 96
28 189 49 169
29 48 63 127
30 363 44 178
32 671 56 161
37 56 46 106
38 260 41 137
41 367 42 134
42 144 50 162
42 196 65 191
43 316 44 145
45 190 63 192
51 692 52 107
51 296 52 156
52 214 46 151
52 612 54 189
55 510 68 184
56 517 66 181
59 415 57 178
64 656 52 98
64 370 47 90
65 477 46 194
66 508 52 188
67 354 49 160
68 102 48 141
68 367 41 99
70 275 51 176
71 673 68 197
72 234 56 173
72 547 45 101
73 478 54 116
75 552 67 192
75 324 40 162
76 362 45 133
77 271 58 124
77 713 69 167
77 147 48 126
78 611 51 110
78 217 59 120
78 246 47 146
79 243 48 172
80 354 44 186
81 650 58 163
83 612 44 190
83 610 66 150
85 372 62 105
86 129 63 176
86 450 41 94
87 534 50 183
89 709 66 142
89 521 66 180
90 624 50 119
91 388 63 164
96 441 66 133
100 628 45 193
101 604 50 128
102 719 54 92
103 698 48 154
104 707 66 193
105 587 43 95
105 531 50 114
106 251 43 162
106 360 45 182
111 754 65 119
112 184 65 142
112 462 61 105
113 531 55 125
114 175 63 158
114 716 64 102
114 739 41 191
117 658 45 126
119 537 65 186
120 226 47 137
124 356 64 123
126 235 56 105
129 334 40 178
129 526 58 146
129 372 52 148
133 722 64 111
134 350 45 160
135 579 46 152
138 353 70 176
140 317 57 170
141 728 70 157
142 401 57 151
143 167 46 138
145 453 64 174
147 494 65 108
149 217 57 194
149 189 65 105
150 317 51 189
153 630 58 196
156 646 67 189
158 501 46 177
166 401 48 129
167 240 49 168
168 354 59 126
171 598 50 134
174 558 67 118
179 336 51 149
180 327 67 193
181 382 50 98
182 696 45 176
187 205 53 120
188 526 66 183
188 440 55 194
190 394 59 97
191 689 45 147
195 495 60 97
195 654 58 108
197 503 51 104
198 659 47 139
198 696 66 96
198 670 54 123
199 534 56 148
201 223 69 185
202 230 60 113
203 702 61 129
204 360 42 137
206 451 57 175
206 300 45 198
209 548 40 118
210 522 47 115
210 678 64 120
210 409 52 105
210 584 63 110
211 382 64 184
211 492 53 102
211 644 43 117
212 464 52 182
212 575 57 123
219 680 51 124
221 694 67 114
225 365 44 148
228 344 68 173
229 308 55 156
231 599 43 126
231 380 58 107
231 444 64 97
233 749 68 106
238 390 48 165
244 711 52 150
246 663 48 119
249 533 66 105
251 549 54 168
251 480 50 184
252 441 45 150
253 530 70 140
253 329 63 158
254 383 64 138
258 687 46 110
261 352 45 167
261 340 46 123
262 666 57 107
262 579 45 114
263 462 58 134
265 315 55 105
266 664 43 90
266 738 58 114
266 759 58 102
267 381 54 131
268 607 59 200
269 298 48 184
269 435 61 189
273 574 68 131
273 392 54 98
274 487 49 175
275 286 61 200
276 280 61 127
276 673 43 168
276 426 62 174
277 521 49 159
279 644 42 98
281 300 58 141
282 478 47 197
282 351 66 94
285 519 65 105
286 468 67 108
295 693 67 180
297 356 65 176
299 551 48 188
303 438 58 97
304 688 58 182
305 348 64 168
305 652 46 103
305 695 51 141
307 331 57 175
307 476 51 146
308 628 69 151
309 548 53 183
309 630 61 128
310 580 40 130
314 323 53 187
315 645 64 160
315 721 55 159
316 674 49 147
321 556 45 168
322 734 56 177
323 753 53 155
323 596 70 190
323 484 42 188
326 637 55 130
331 400 66 137
332 612 70 130
334 646 66 176
335 496 43 138
338 348 55 199
339 402 53 100
340 593 63 178
340 596 48 133
342 551 49 166
343 739 47 143
347 479 44 117
353 529 45 94
355 403 54 165
355 416 47 128
355 487 45 156
355 422 57 186
356 672 64 154
362 697 57 104
362 470 63 106
365 474 44 150
365 613 43 187
369 754 57 163
378 702 58 109
378 575 45 154
379 683 66 188
379 539 52 141
384 666 63 137
388 549 55 190
389 679 58 179
389 551 52 101
392 512 40 179
397 679 53 97
402 552 52 98
403 576 62 112
405 604 43 104
407 724 57 127
408 658 58 177
408 693 54 115
409 433 42 112
410 621 69 134
410 669 53 103
413 504 41 105
414 692 56 123
417 619 43 130
427 717 42 102
430 546 62 141
433 666 61 120
433 468 42 113
433 620 60 114
442 658 62 164
447 617 53 135
447 667 47 196
447 704 56 133
448 750 62 126
449 623 66 187
451 523 53 171
452 547 56 158
452 734 42 110
454 562 70 158
455 574 69 99
456 563 61 155
459 566 41 112
459 506 41 149
461 591 44 96
464 550 69 154
470 477 56 168
480 594 52 147
481 716 55 133
488 725 59 185
488 685 67 120
489 750 60 94
492 512 54 122
493 602 61 159
496 595 53 183
501 541 43 162
502 581 57 176
503 709 56 159
504 565 42 93
506 536 59 132
506 608 44 119
510 549 58 197
511 752 49 182
511 675 54 124
521 629 44 122
531 657 54 167
532 736 43 153
541 620 42 177
564 628 48 126
565 578 52 168
566 709 63 195
568 613 55 162
577 645 60 95
579 752 46 108
592 663 69 102
600 694 40 184
604 613 55 160
622 688 42 183
623 698 65 119
629 726 69 108
630 660 58 184
632 726 62 172
632 727 61 165
634 731 43 179
640 698 67 97
641 707 62 130
662 717 65 151
675 724 49 174
679 696 50 103
684 751 42 107
687 756 48 118
687 751 46 149
720 733 67 129
721 722 60 142