951
0 2 16 200 89
1 16 16 150 93
2 8 4 200 72
3 16 2 150 82
4 8 2 150 79
5 2 16 150 55
6 16 2 200 59
7 16 16 50 77
8 2 64 150 55
9 8 16 150 88
10 16 4 50 92
11 16 16 50 63
12 2 4 100 67
13 2 64 50 83
14 8 16 200 76
15 16 4 100 71
16 2 16 50 78
17 8 16 100 61
18 8 2 200 97
19 8 2 100 94
20 2 64 200 82
21 16 16 150 50
22 16 2 200 56
23 16 4 200 95
24 8 16 150 57
25 8 16 50 61
26 8 16 50 55
27 8 4 200 89
28 8 4 200 64
29 8 64 100 74
30 16 4 200 91
31 2 4 100 82
32 2 2 200 52
33 16 16 150 100
34 16 4 100 75
35 2 4 150 60
36 16 2 50 84
37 2 4 150 74
38 2 4 200 59
39 16 16 100 94
40 8 2 100 94
41 8 64 200 65
42 16 16 200 72
43 16 2 150 71
44 16 4 200 91
45 8 4 100 71
46 8 2 200 51
47 2 4 50 86
48 16 16 50 63
49 8 2 150 53
50 8 4 150 75
51 2 64 100 68
52 8 16 100 96
53 2 16 150 50
54 2 64 200 94
55 2 16 50 74
56 2 4 100 93
57 8 16 200 81
58 16 64 200 56
59 16 4 200 71
60 2 64 200 69
61 8 2 50 79
62 16 4 200 51
63 8 16 100 57
64 2 16 200 81
65 8 2 200 94
66 16 64 150 67
67 8 4 150 81
68 16 16 150 83
69 8 16 200 96
70 8 4 100 72
71 2 2 50 66
72 16 2 50 84
73 8 16 150 58
74 2 16 100 57
75 16 16 200 56
76 16 64 150 73
77 2 4 200 59
78 16 4 100 59
79 2 16 50 99
80 2 64 50 94
81 8 16 100 74
82 2 2 200 84
83 8 64 100 81
84 16 4 50 84
85 2 2 100 72
86 16 4 100 100
87 8 16 150 95
88 8 16 50 69
89 8 4 200 60
90 8 4 50 71
91 8 64 100 74
92 16 2 200 58
93 16 2 200 66
94 16 4 50 94
95 2 64 150 57
96 2 64 100 97
97 2 4 50 63
98 16 16 100 72
99 2 64 150 96
100 16 16 100 73
101 16 16 200 98
102 2 64 200 52
103 8 4 100 99
104 2 2 50 55
105 16 4 50 85
106 2 2 50 78
107 2 16 150 85
108 2 2 100 99
109 16 2 150 55
110 8 16 50 68
111 8 2 150 89
112 2 2 50 66
113 16 16 100 64
114 16 16 50 89
115 8 64 100 67
116 2 4 100 60
117 2 16 100 54
118 16 64 150 57
119 16 16 200 74
120 2 16 150 90
121 16 4 50 59
122 2 64 150 62
123 2 4 150 73
124 2 4 150 64
125 2 64 50 68
126 2 2 150 80
127 2 16 150 62
128 8 4 150 87
129 2 4 150 51
130 2 4 100 64
131 8 64 150 53
132 2 4 50 96
133 8 4 150 54
134 2 4 100 54
135 2 4 100 85
136 8 16 150 78
137 16 4 200 66
138 8 16 100 58
139 8 16 150 90
140 2 64 100 65
141 16 4 100 83
142 16 2 50 59
143 2 64 50 89
144 16 2 100 88
145 8 16 100 89
146 2 4 150 74
147 16 16 150 62
148 2 64 50 50
149 8 2 100 85
150 16 64 50 86
151 16 64 150 82
152 8 64 150 97
153 2 16 100 54
154 2 64 100 86
155 8 2 200 57
156 8 2 50 50
157 8 2 150 73
158 2 2 200 85
159 8 64 150 85
160 8 4 50 77
161 8 16 200 55
162 2 16 50 87
163 16 4 50 79
164 16 2 150 82
165 2 2 100 55
166 2 16 50 72
167 8 16 150 80
168 8 4 100 87
169 8 4 200 80
170 16 64 100 59
171 16 2 150 74
172 16 64 150 89
173 8 16 100 83
174 8 16 150 81
175 2 64 100 71
176 8 64 200 77
177 16 4 100 94
178 16 2 150 52
179 16 2 50 56
180 16 16 200 57
181 16 64 100 67
182 16 2 150 62
183 16 2 150 70
184 16 2 50 61
185 2 64 100 65
186 2 16 100 69
187 2 16 150 66
188 8 16 150 74
189 16 2 100 88
190 2 16 100 53
191 16 64 200 93
192 16 4 150 54
193 16 2 200 59
194 2 4 200 85
195 8 2 100 94
196 16 2 200 79
197 2 16 200 57
198 2 2 150 84
199 8 64 50 91
200 16 4 50 62
201 8 64 150 66
202 16 64 50 94
203 16 64 200 100
204 16 4 200 76
205 2 64 100 95
206 8 2 150 89
207 16 4 200 67
208 16 4 100 88
209 2 16 100 60
210 8 2 100 62
211 16 2 50 66
212 2 2 100 90
213 2 4 50 79
214 8 16 150 66
215 8 16 50 70
216 8 16 200 82
217 16 2 200 91
218 2 16 200 95
219 8 64 100 66
220 16 64 50 85
221 2 16 100 96
222 16 64 50 70
223 8 64 150 100
224 2 4 150 72
225 16 64 50 57
226 2 16 200 75
227 2 2 150 98
228 8 4 100 61
229 2 4 100 69
230 2 16 100 56
231 16 2 100 95
232 8 4 200 84
233 8 16 200 97
234 2 4 200 78
235 8 2 100 97
236 2 16 150 82
237 8 64 100 61
238 8 4 200 61
239 2 2 150 92
240 8 2 50 55
241 2 64 200 98
242 8 4 100 87
243 8 64 50 81
244 8 16 50 76
245 2 16 100 90
246 8 16 200 75
247 2 4 150 70
248 8 64 50 61
249 2 16 150 69
250 16 16 100 72
251 2 4 50 63
252 8 64 200 59
253 2 2 50 97
254 2 2 150 62
255 16 64 100 64
256 16 4 50 80
257 2 2 200 71
258 8 2 150 54
259 8 64 200 56
260 8 4 200 63
261 8 64 100 71
262 8 64 50 96
263 2 2 200 95
264 2 64 50 90
265 8 4 200 59
266 2 4 200 99
267 8 16 50 92
268 2 4 50 63
269 8 16 150 91
270 2 16 100 77
271 2 16 100 95
272 16 4 200 89
273 16 2 50 68
274 16 2 100 81
275 2 64 50 100
276 8 16 200 74
277 16 16 100 72
278 16 16 100 62
279 2 16 100 80
280 2 2 100 59
281 8 2 100 77
282 2 2 200 81
283 16 64 150 95
284 2 2 100 50
285 2 4 200 89
286 8 64 150 100
287 16 2 100 60
288 8 16 150 58
289 8 4 50 92
290 8 64 150 94
291 16 4 150 56
292 8 64 100 80
293 16 4 100 77
294 16 64 50 64
295 16 2 100 68
296 2 16 50 72
297 2 16 100 56
298 2 64 200 81
299 16 4 100 71
300 16 2 200 84
301 16 2 150 93
302 16 4 50 100
303 8 16 50 58
304 8 16 150 65
305 2 64 200 99
306 16 4 200 66
307 16 2 150 94
308 16 16 50 61
309 2 64 100 98
310 2 64 100 91
311 16 4 50 65
312 8 64 100 60
313 16 4 150 64
314 8 16 100 90
315 8 2 150 70
316 2 4 100 90
317 8 16 100 74
318 16 64 100 77
319 2 2 50 72
320 8 4 150 71
321 8 16 200 56
322 8 2 200 60
323 8 2 50 53
324 8 16 100 70
325 16 2 150 60
326 16 2 150 74
327 2 64 200 61
328 2 4 100 65
329 8 64 150 95
330 2 16 100 91
331 8 16 150 94
332 8 2 100 79
333 2 16 150 94
334 16 16 100 94
335 16 2 50 93
336 2 2 50 52
337 8 2 150 58
338 16 2 50 98
339 8 2 150 98
340 2 2 200 74
341 2 2 100 68
342 8 4 50 83
343 2 2 150 72
344 16 4 200 64
345 8 4 50 73
346 2 4 100 76
347 8 4 200 65
348 2 64 150 76
349 2 4 50 95
350 16 16 200 64
351 2 16 100 98
352 2 16 100 96
353 16 2 200 54
354 2 4 50 100
355 8 64 100 96
356 2 64 150 63
357 8 4 200 82
358 16 64 50 84
359 8 2 150 95
360 16 2 150 63
361 8 64 100 78
362 8 16 150 96
363 2 4 100 90
364 8 4 50 78
365 8 2 200 98
366 8 4 150 73
367 16 64 200 50
368 16 2 200 50
369 16 16 150 93
370 2 64 100 54
371 2 16 200 76
372 16 2 200 93
373 2 64 100 63
374 16 16 200 88
375 2 16 50 98
376 2 16 150 51
377 8 2 100 57
378 8 16 150 72
379 16 64 150 88
380 2 16 50 63
381 16 2 200 91
382 16 64 150 80
383 8 16 200 81
384 16 2 150 92
385 16 2 200 63
386 2 2 50 89
387 16 2 200 91
388 8 2 150 78
389 8 64 200 65
390 16 2 200 60
391 16 16 200 66
392 16 64 200 80
393 8 16 100 88
394 8 4 200 81
395 8 4 50 98
396 16 16 100 69
397 2 2 200 74
398 2 16 100 91
399 8 16 200 95
400 8 2 50 88
401 8 2 50 92
402 2 4 100 62
403 2 16 100 85
404 16 2 150 93
405 2 64 100 72
406 2 4 150 98
407 2 16 100 86
408 16 2 200 74
409 8 64 200 76
410 16 64 150 86
411 8 2 150 80
412 8 2 150 77
413 8 2 50 85
414 16 2 100 93
415 8 2 50 52
416 16 16 200 53
417 8 16 200 75
418 2 2 100 50
419 16 2 50 62
420 8 2 150 96
421 16 2 200 73
422 8 16 200 74
423 2 2 200 86
424 2 2 50 71
425 2 64 100 88
426 16 64 50 74
427 16 4 50 95
428 16 16 50 81
429 2 64 100 75
430 2 2 200 91
431 16 2 100 77
432 16 4 150 85
433 2 64 100 73
434 8 64 100 75
435 8 2 50 92
436 8 2 200 96
437 2 2 150 82
438 8 16 200 58
439 2 4 100 76
440 2 4 150 89
441 8 16 100 83
442 16 64 100 69
443 16 2 100 77
444 2 2 50 93
445 16 4 100 93
446 16 4 50 58
447 2 16 200 95
448 2 4 100 86
449 2 16 150 90
450 8 16 200 86
451 8 16 100 85
452 8 16 150 51
453 2 16 50 55
454 16 16 50 79
455 2 16 200 57
456 2 16 50 63
457 8 4 200 97
458 16 4 100 69
459 8 4 100 75
460 16 2 100 80
461 16 16 200 65
462 2 2 100 57
463 2 4 50 67
464 16 16 100 84
465 16 4 200 72
466 2 64 100 82
467 8 2 150 82
468 8 2 50 85
469 2 64 200 82
470 2 64 200 87
471 16 64 50 90
472 8 16 200 71
473 8 2 100 100
474 8 64 150 70
475 16 16 200 67
476 2 2 200 92
477 16 16 100 95
478 8 4 100 72
479 2 64 150 58
480 2 2 150 65
481 16 2 200 92
482 2 2 150 93
483 16 2 150 85
484 2 2 200 86
485 16 2 100 86
486 2 2 200 65
487 8 64 200 90
488 16 16 150 83
489 8 2 150 98
490 2 2 150 83
491 16 64 200 68
492 16 64 50 76
493 2 2 200 81
494 16 2 150 54
495 8 2 150 94
496 8 64 200 90
497 8 64 100 95
498 2 64 100 66
499 8 16 200 86
500 16 4 200 77
501 16 4 200 85
502 16 4 150 78
503 16 16 50 77
504 8 4 50 67
505 2 64 150 78
506 16 4 150 86
507 2 2 50 97
508 16 4 150 67
509 16 2 200 55
510 2 64 150 70
511 16 2 100 87
512 8 4 200 79
513 8 64 100 87
514 16 2 50 90
515 16 2 200 96
516 2 2 100 98
517 2 2 100 97
518 8 16 100 67
519 8 4 50 75
520 2 4 50 65
521 2 2 50 74
522 2 16 150 53
523 8 2 100 52
524 8 4 100 93
525 2 64 200 56
526 2 2 200 50
527 8 2 150 89
528 2 16 50 78
529 2 4 100 71
530 8 2 150 52
531 2 16 200 83
532 16 4 50 79
533 16 2 150 63
534 2 4 200 99
535 8 2 200 83
536 8 4 100 56
537 2 2 150 53
538 2 64 50 88
539 16 64 200 88
540 16 16 150 99
541 2 16 200 85
542 2 2 200 65
543 8 16 50 84
544 8 16 100 99
545 16 2 100 63
546 2 4 200 90
547 2 64 50 58
548 2 16 150 82
549 8 64 150 69
550 8 2 200 83
551 16 2 100 92
552 2 2 50 58
553 16 64 150 87
554 8 4 50 82
555 16 4 150 96
556 8 16 200 94
557 2 64 100 93
558 8 64 200 78
559 8 16 50 96
560 8 64 100 83
561 2 2 50 78
562 16 64 100 69
563 8 16 50 96
564 2 4 200 85
565 2 2 150 64
566 16 2 50 63
567 16 16 200 52
568 8 2 150 68
569 2 2 150 57
570 8 4 100 71
571 8 64 100 60
572 2 2 100 65
573 8 64 50 65
574 2 64 200 78
575 16 64 150 91
576 8 16 200 75
577 2 4 200 83
578 2 2 50 100
579 16 16 150 100
580 8 2 100 91
581 16 4 150 51
582 16 16 50 99
583 8 2 200 71
584 8 2 50 93
585 8 2 150 76
586 2 16 200 76
587 16 2 50 59
588 8 64 50 55
589 2 16 50 87
590 16 4 100 84
591 2 4 50 56
592 16 64 200 99
593 8 16 100 59
594 2 64 100 61
595 8 2 100 87
596 16 16 100 96
597 16 64 200 100
598 2 4 150 50
599 16 16 50 80
600 16 4 150 63
601 2 64 150 53
602 16 4 150 54
603 16 16 50 54
604 16 4 200 59
605 16 4 200 60
606 8 64 50 74
607 16 64 100 73
608 16 16 50 82
609 16 2 200 95
610 8 16 150 61
611 2 16 100 84
612 8 4 100 62
613 8 4 150 71
614 2 64 100 59
615 2 4 100 82
616 8 4 100 69
617 8 2 100 83
618 8 64 200 84
619 8 4 200 86
620 16 16 50 93
621 2 64 150 58
622 16 4 100 91
623 8 16 150 80
624 8 2 100 79
625 2 16 200 73
626 8 64 50 93
627 16 4 100 53
628 2 64 150 59
629 2 2 200 88
630 2 64 200 96
631 2 4 100 96
632 16 64 150 59
633 16 4 200 89
634 2 4 50 92
635 2 2 100 77
636 16 16 200 98
637 16 4 150 52
638 8 64 100 91
639 8 4 200 56
640 16 4 200 92
641 2 4 50 90
642 8 4 50 96
643 16 16 150 63
644 2 16 150 68
645 16 2 50 82
646 16 2 200 99
647 2 64 50 83
648 16 16 200 90
649 8 2 100 65
650 16 16 100 72
651 16 64 50 60
652 8 64 100 84
653 16 4 150 55
654 16 64 100 53
655 8 16 200 82
656 16 16 200 59
657 8 2 200 99
658 2 4 200 77
659 8 4 150 86
660 16 2 100 75
661 8 2 50 70
662 8 16 50 74
663 2 4 200 64
664 8 4 100 70
665 2 2 200 83
666 2 4 50 98
667 2 2 150 66
668 2 16 50 53
669 8 4 150 55
670 2 2 50 77
671 8 2 50 86
672 2 16 150 96
673 16 4 200 69
674 16 64 200 69
675 2 2 50 67
676 8 2 100 57
677 16 64 150 92
678 8 2 200 91
679 16 4 100 58
680 8 2 100 91
681 2 16 200 89
682 8 2 50 57
683 8 16 100 50
684 16 2 100 61
685 8 4 50 57
686 2 4 200 96
687 8 2 200 67
688 8 16 50 57
689 16 16 50 60
690 16 4 200 87
691 16 64 200 100
692 8 2 200 51
693 2 64 150 75
694 16 64 50 71
695 2 64 200 58
696 16 2 50 88
697 8 16 150 97
698 16 2 150 57
699 2 2 200 86
700 8 64 100 92
701 2 2 100 66
702 2 16 200 63
703 16 16 50 53
704 16 64 200 59
705 2 4 200 82
706 2 64 200 94
707 2 4 50 51
708 16 2 150 67
709 2 16 150 75
710 2 4 150 94
711 2 16 100 87
712 16 2 150 98
713 2 4 200 86
714 2 4 200 86
715 8 16 200 88
716 8 4 100 88
717 8 4 150 85
718 2 2 100 56
719 8 64 150 92
720 2 4 200 65
721 2 64 150 100
722 8 64 200 69
723 16 64 150 71
724 16 2 150 62
725 8 16 150 66
726 16 16 150 61
727 8 16 200 67
728 16 64 150 95
729 8 64 200 77
730 16 16 50 69
731 8 2 100 55
732 16 16 100 83
733 2 64 200 62
734 2 64 150 80
735 2 64 50 100
736 2 4 150 75
737 2 16 150 87
738 8 64 50 63
739 8 16 150 91
740 2 2 150 64
741 8 2 150 79
742 2 2 150 85
743 2 64 100 72
744 8 16 200 97
745 8 4 200 57
746 16 16 100 91
747 16 2 200 86
748 16 64 200 59
749 8 4 150 78
750 2 4 50 51
751 2 2 50 95
752 16 16 150 89
753 8 2 50 70
754 2 2 200 61
755 16 16 200 97
756 8 16 150 80
757 8 16 50 71
758 2 64 100 96
759 2 2 200 65
760 2 2 50 87
761 16 64 50 99
762 8 2 150 65
763 8 4 200 94
764 8 2 100 97
765 2 16 200 83
766 2 4 150 100
767 16 64 150 57
768 16 16 50 69
769 8 2 150 52
770 8 16 100 58
771 2 4 50 82
772 8 4 50 95
773 8 4 200 81
774 16 64 150 62
775 2 2 200 97
776 16 64 200 88
777 8 4 150 84
778 16 64 100 54
779 2 64 50 90
780 2 16 150 62
781 16 4 150 61
782 8 64 50 54
783 16 64 100 52
784 8 16 50 55
785 16 16 50 78
786 8 2 200 63
787 16 16 100 75
788 16 16 50 76
789 2 16 200 74
790 8 64 50 68
791 16 4 50 79
792 16 64 100 80
793 2 16 150 89
794 16 16 150 87
795 8 2 150 69
796 8 16 200 65
797 2 2 50 67
798 2 2 200 95
799 16 16 200 86
800 8 64 150 79
801 8 4 150 55
802 2 2 150 96
803 16 64 100 72
804 2 16 50 82
805 8 4 50 65
806 16 16 50 76
807 16 16 200 85
808 16 4 50 89
809 8 2 150 98
810 16 64 50 86
811 16 2 100 76
812 8 64 100 80
813 8 64 50 75
814 16 16 100 94
815 8 4 150 99
816 8 4 150 70
817 8 64 150 71
818 16 64 150 100
819 16 2 50 96
820 2 2 100 51
821 16 64 100 95
822 2 64 150 99
823 8 64 50 87
824 8 64 150 97
825 16 2 150 91
826 8 64 50 98
827 2 64 150 62
828 2 4 200 79
829 2 64 100 62
830 2 16 100 67
831 8 4 50 97
832 8 64 50 88
833 2 64 100 84
834 8 16 200 57
835 2 64 150 85
836 16 4 50 66
837 16 4 200 67
838 2 4 100 98
839 8 2 100 67
840 2 16 200 57
841 16 16 50 76
842 8 64 50 61
843 2 2 200 75
844 2 4 150 96
845 16 4 100 85
846 2 64 50 68
847 16 16 50 88
848 2 64 100 79
849 8 4 200 61
850 2 2 200 62
851 2 2 50 58
852 2 16 50 86
853 16 2 100 68
854 8 2 50 99
855 16 64 50 52
856 8 4 50 87
857 2 16 100 84
858 2 2 150 85
859 8 64 50 66
860 2 64 50 85
861 16 2 50 95
862 8 64 200 81
863 16 4 50 74
864 2 4 150 69
865 2 4 150 86
866 2 2 100 66
867 2 16 150 78
868 8 2 200 57
869 8 16 100 52
870 2 2 150 55
871 2 64 100 85
872 2 64 200 98
873 2 64 150 87
874 8 4 200 57
875 8 64 50 74
876 2 2 150 89
877 16 64 200 70
878 8 64 200 99
879 2 16 150 70
880 2 4 200 75
881 2 4 150 53
882 8 16 200 84
883 16 4 200 84
884 8 4 150 65
885 2 16 200 87
886 16 64 50 66
887 8 64 200 72
888 2 64 150 97
889 16 4 50 50
890 2 2 50 54
891 8 16 200 62
892 16 64 100 68
893 2 64 150 80
894 2 64 100 51
895 2 2 150 63
896 16 64 100 99
897 8 4 50 83
898 8 2 150 76
899 16 4 50 75
900 2 2 50 92
901 16 2 200 91
902 2 16 200 55
903 8 2 100 69
904 16 64 200 58
905 16 64 100 58
906 8 64 200 98
907 2 64 100 99
908 16 64 150 79
909 2 4 100 92
910 8 64 100 63
911 16 2 200 83
912 8 16 100 58
913 2 16 150 65
914 8 2 100 100
915 16 64 100 63
916 8 4 100 55
917 2 2 150 66
918 8 16 100 95
919 2 2 50 83
920 16 2 200 83
921 2 4 50 99
922 2 4 50 75
923 8 4 200 68
924 2 4 200 95
925 2 2 100 100
926 2 16 100 89
927 2 4 150 65
928 2 4 50 88
929 8 2 50 55
930 2 2 200 95
931 8 4 50 89
932 2 64 150 92
933 8 16 100 92
934 2 2 200 67
935 8 2 150 89
936 16 64 150 97
937 2 4 100 71
938 16 16 200 59
939 8 64 200 68
940 16 4 100 72
941 8 2 200 79
942 8 2 150 96
943 16 16 200 63
944 16 16 50 60
945 16 4 200 71
946 2 64 150 55
947 8 64 200 60
948 2 64 150 67
949 2 4 50 62
950 16 16 200 88
270
1 184 63 195
2 439 62 103
2 288 46 197
4 524 55 151
4 430 52 101
4 111 60 100
7 217 50 187
7 780 45 200
10 704 50 146
10 20 43 153
17 654 53 171
17 221 62 167
18 575 59 98
18 531 54 122
20 905 47 199
22 891 51 138
24 198 48 187
24 634 44 121
29 650 49 146
31 577 46 187
35 363 56 145
37 921 44 115
39 386 47 116
39 120 44 168
39 326 61 101
41 286 51 136
42 647 60 171
42 395 59 153
46 672 70 139
47 358 48 143
49 669 64 184
52 452 61 153
56 78 70 135
59 89 67 90
60 626 51 130
61 90 44 110
66 402 47 132
70 610 41 127
70 81 56 132
71 542 53 115
73 257 64 118
75 828 66 182
76 839 64 199
77 387 46 172
87 349 51 172
90 792 61 99
91 647 65 152
92 735 47 102
92 273 45 131
94 838 65 177
94 117 51 129
94 328 58 155
95 502 65 179
103 883 62 115
108 770 60 100
108 254 48 191
109 945 67 189
110 607 49 149
112 744 59 143
115 897 62 152
115 862 52 96
116 396 62 108
117 725 51 184
118 468 67 146
122 196 41 145
123 543 57 98
124 632 69 160
126 277 70 110
131 659 69 159
131 365 64 142
132 211 56 169
139 948 66 122
141 487 67 180
146 530 67 125
147 217 45 97
150 549 66 144
150 406 47 146
151 559 50 168
151 476 60 106
155 551 56 112
157 845 52 153
158 344 54 106
158 184 59 159
160 329 57 187
164 400 65 103
169 655 62 186
173 902 63 166
174 908 69 192
177 458 69 130
178 292 58 156
178 676 58 91
181 749 70 117
183 225 51 93
183 452 67 118
186 481 66 127
187 202 65 129
190 317 45 131
191 838 53 155
192 340 64 130
199 626 53 199
206 462 45 91
207 944 50 162
208 925 67 113
213 470 45 142
213 544 47 182
213 586 47 134
215 284 50 171
225 618 67 131
227 903 41 160
232 272 43 107
236 476 60 169
237 451 67 106
239 768 50 147
241 267 65 159
242 283 68 138
246 878 61 114
247 861 42 127
248 635 49 129
248 623 67 122
250 354 63 161
252 710 45 172
253 648 68 193
253 800 66 115
255 504 45 129
256 902 52 142
261 454 50 108
263 616 63 91
265 524 54 140
274 284 63 180
281 372 53 159
284 857 47 148
284 902 60 133
286 706 48 182
287 937 63 101
295 614 48 175
298 662 43 179
304 926 49 114
304 833 52 127
307 807 66 94
308 345 54 97
310 440 44 185
312 932 69 90
314 857 54 161
314 343 68 124
319 414 57 122
321 653 50 105
324 367 55 160
327 883 54 194
330 782 67 198
333 564 69 130
333 704 43 195
334 839 62 168
334 365 64 121
335 390 61 187
337 931 58 118
343 623 65 151
344 850 50 142
346 721 64 133
347 464 63 168
347 540 41 134
349 949 68 93
350 503 53 145
354 810 52 182
355 882 64 106
356 920 58 198
357 491 63 149
363 626 68 193
366 410 59 168
368 768 43 135
373 567 41 107
374 659 49 158
378 831 46 176
386 807 55 126
388 517 46 161
389 396 62 94
391 429 60 180
393 536 42 120
393 741 55 159
395 776 45 164
396 649 60 100
401 896 56 147
404 915 59 120
405 505 51 161
411 676 56 108
411 539 43 180
412 580 52 184
413 796 63 199
414 492 47 133
419 713 45 159
427 494 67 146
433 885 43 92
434 882 43 134
434 757 66 107
437 678 55 170
449 495 57 98
449 921 43 194
455 789 47 181
456 548 70 133
462 771 67 146
465 867 70 137
468 685 59 179
470 517 65 170
472 702 64 123
476 510 53 103
487 549 52 163
487 857 46 94
488 790 51 114
489 634 63 136
492 912 70 102
495 835 67 116
496 497 44 157
498 667 47 136
504 793 49 196
504 920 42 145
513 589 52 131
514 779 41 184
518 545 56 110
519 935 50 187
519 656 46 99
523 593 51 135
524 907 69 150
526 947 60 143
527 861 42 131
536 717 44 198
536 768 68 112
546 704 48 107
548 621 62 198
550 827 44 178
552 718 42 167
555 895 49 160
556 707 48 153
577 815 51 129
593 795 53 159
594 639 69 126
595 744 43 120
604 899 42 139
607 673 44 110
608 823 59 110
614 653 58 150
614 853 61 190
626 744 62 145
627 919 62 138
644 653 64 173
660 825 46 182
668 675 62 189
671 927 45 188
676 706 51 117
678 804 47 135
686 740 41 200
689 933 54 200
691 761 54 199
696 755 42 147
721 801 61 177
731 763 44 193
734 805 53 158
736 769 47 143
755 853 67 168
760 893 60 137
763 925 67 141
765 905 57 140
773 847 57 167
777 841 54 199
778 916 60 176
801 852 48 144
802 870 49 104
826 894 53 135
834 864 62 92
846 856 59 131
850 921 43 119
868 882 61 118