751
0 2 16 100 86
1 8 4 100 52
2 8 16 100 51
3 8 2 150 66
4 8 2 150 69
5 16 16 50 88
6 2 16 200 66
7 16 64 50 59
8 16 2 200 73
9 16 16 150 98
10 2 16 100 99
11 8 16 200 54
12 2 2 200 53
13 16 4 50 69
14 16 2 50 50
15 16 2 200 86
16 2 4 50 91
17 16 64 200 58
18 16 2 50 66
19 8 2 150 65
20 8 64 50 78
21 8 4 200 100
22 8 2 150 51
23 8 2 50 73
24 8 2 150 63
25 16 2 100 59
26 2 4 200 97
27 2 16 50 68
28 2 64 200 86
29 2 2 100 59
30 16 64 100 96
31 8 2 150 70
32 2 64 200 81
33 16 16 150 88
34 16 2 50 64
35 16 4 200 61
36 2 64 50 60
37 16 2 150 93
38 2 16 150 78
39 2 4 150 72
40 16 2 100 83
41 16 4 100 93
42 2 4 100 70
43 2 2 100 68
44 16 2 50 91
45 16 16 50 76
46 2 64 50 51
47 16 4 200 79
48 16 2 100 63
49 16 2 150 86
50 16 4 50 98
51 16 16 50 100
52 8 2 50 91
53 2 16 150 90
54 2 4 150 72
55 8 2 100 95
56 2 4 100 90
57 16 16 50 84
58 8 16 50 58
59 8 16 50 99
60 8 2 100 69
61 16 64 50 100
62 8 2 50 84
63 16 4 150 84
64 16 16 100 82
65 2 64 150 63
66 8 64 50 62
67 8 2 100 75
68 8 16 200 50
69 8 64 200 55
70 16 16 150 78
71 16 4 100 98
72 8 64 200 76
73 2 64 150 54
74 2 16 150 91
75 8 2 200 95
76 2 2 200 73
77 2 64 150 95
78 8 2 100 66
79 2 4 50 57
80 8 2 50 83
81 2 64 150 85
82 8 4 150 53
83 16 2 200 92
84 16 16 200 93
85 8 16 150 50
86 2 2 150 99
87 8 16 100 62
88 16 2 200 66
89 8 16 100 85
90 8 16 100 98
91 2 16 200 83
92 16 2 50 78
93 16 16 100 57
94 8 16 200 82
95 2 16 50 95
96 8 64 100 91
97 2 2 200 100
98 8 16 100 70
99 2 64 50 58
100 8 64 100 58
101 8 4 100 77
102 8 16 50 93
103 2 16 50 65
104 2 2 100 88
105 16 16 150 68
106 8 4 50 86
107 8 4 200 85
108 2 2 200 100
109 2 16 150 98
110 2 64 50 52
111 2 16 200 86
112 8 4 150 94
113 8 2 100 84
114 2 16 100 79
115 2 2 50 71
116 2 64 150 76
117 2 4 50 54
118 2 4 150 54
119 2 2 100 93
120 2 2 50 60
121 2 4 200 64
122 16 16 150 68
123 2 16 150 95
124 16 2 150 50
125 2 64 100 60
126 8 64 50 52
127 16 16 200 91
128 2 4 100 100
129 2 16 100 72
130 8 16 50 86
131 2 16 150 78
132 16 2 100 97
133 2 64 150 85
134 2 64 100 75
135 8 4 200 97
136 8 64 200 51
137 16 64 150 64
138 2 64 50 50
139 8 16 200 68
140 16 4 100 88
141 2 64 200 51
142 16 16 50 94
143 16 16 150 77
144 2 4 50 97
145 2 4 200 62
146 2 4 50 84
147 8 2 50 55
148 16 4 200 60
149 2 16 200 87
150 2 2 50 79
151 8 16 50 85
152 8 16 100 69
153 2 64 50 69
154 8 16 200 97
155 2 2 150 72
156 8 64 200 62
157 16 4 50 82
158 2 16 100 93
159 8 16 200 75
160 16 2 150 54
161 2 4 50 87
162 2 4 100 74
163 16 4 200 97
164 8 2 100 59
165 16 4 50 54
166 2 64 200 69
167 16 2 50 55
168 8 4 50 70
169 16 64 200 90
170 2 64 50 88
171 2 2 200 50
172 8 64 200 80
173 8 4 100 88
174 16 2 100 53
175 16 16 150 94
176 2 2 50 73
177 2 16 100 78
178 8 2 150 65
179 2 2 50 97
180 16 64 150 67
181 16 4 150 100
182 2 2 200 70
183 2 4 100 92
184 8 16 100 75
185 2 16 100 81
186 8 64 50 74
187 16 4 100 75
188 16 64 50 93
189 8 64 50 99
190 8 64 50 99
191 8 2 50 86
192 8 4 200 50
193 16 4 150 62
194 16 64 150 97
195 8 16 100 66
196 16 2 150 60
197 2 2 100 72
198 8 4 50 97
199 8 2 100 76
200 8 64 100 88
201 2 16 200 63
202 8 4 200 98
203 8 4 50 73
204 2 4 50 86
205 16 4 50 66
206 2 4 150 67
207 8 2 200 83
208 16 2 100 65
209 16 64 100 59
210 16 16 100 90
211 8 64 150 89
212 8 4 100 92
213 8 4 100 76
214 16 16 150 82
215 2 16 150 80
216 8 2 150 77
217 2 4 150 76
218 16 64 200 81
219 2 64 200 78
220 2 16 200 95
221 2 16 150 100
222 2 2 150 86
223 16 2 200 88
224 2 2 150 90
225 16 2 150 96
226 16 2 150 100
227 16 64 50 62
228 2 64 150 96
229 16 64 150 95
230 16 2 150 91
231 2 4 150 64
232 16 2 50 99
233 16 4 50 84
234 16 16 200 62
235 8 4 100 53
236 8 64 150 91
237 8 4 100 98
238 2 64 50 51
239 16 2 150 51
240 16 16 100 82
241 16 2 100 67
242 2 16 50 69
243 2 2 200 99
244 8 2 200 53
245 2 64 150 62
246 8 16 200 96
247 16 2 50 76
248 8 4 50 57
249 2 2 100 58
250 8 2 150 64
251 8 4 50 83
252 16 64 50 68
253 2 2 100 66
254 2 64 150 100
255 8 16 50 68
256 16 16 50 52
257 8 4 150 79
258 16 2 200 69
259 2 4 50 90
260 2 4 100 85
261 8 2 150 97
262 2 64 200 69
263 8 16 50 71
264 2 16 150 85
265 2 2 200 84
266 2 64 150 95
267 2 4 50 50
268 16 4 100 93
269 2 64 150 55
270 8 64 200 96
271 8 2 150 97
272 8 16 200 87
273 8 4 200 72
274 8 64 150 100
275 16 4 100 98
276 8 16 50 66
277 8 16 100 72
278 8 2 200 57
279 2 64 50 61
280 2 2 150 66
281 8 64 100 57
282 16 16 150 80
283 8 2 150 50
284 2 16 200 71
285 8 64 200 52
286 16 2 50 90
287 2 16 50 84
288 16 4 100 75
289 8 2 200 73
290 2 16 100 51
291 16 2 100 89
292 16 64 50 77
293 2 64 150 54
294 8 4 50 100
295 16 2 100 92
296 8 16 200 75
297 2 64 100 63
298 16 4 50 55
299 16 2 200 85
300 8 64 150 96
301 16 16 100 98
302 16 2 150 57
303 16 64 100 61
304 8 16 50 97
305 8 16 50 77
306 16 2 100 100
307 2 2 100 66
308 8 4 50 60
309 16 64 150 58
310 16 16 200 95
311 16 64 100 99
312 16 64 50 55
313 16 2 200 72
314 16 2 150 100
315 2 4 200 94
316 16 2 150 72
317 2 64 150 88
318 16 2 200 69
319 2 16 200 87
320 8 16 200 94
321 8 4 50 84
322 16 64 200 55
323 8 64 150 68
324 16 16 150 70
325 16 16 150 66
326 8 64 150 50
327 16 2 150 89
328 16 16 200 99
329 8 16 200 53
330 16 4 50 72
331 16 4 150 72
332 2 64 200 53
333 2 16 200 75
334 16 4 200 77
335 2 64 50 64
336 16 4 100 84
337 2 2 200 96
338 2 2 200 58
339 2 2 50 66
340 16 4 200 77
341 16 2 150 50
342 16 2 50 67
343 8 64 200 75
344 8 64 50 75
345 2 64 150 64
346 8 2 50 53
347 8 64 150 96
348 8 64 150 91
349 8 16 100 51
350 2 4 100 55
351 16 16 100 76
352 2 16 50 95
353 16 2 200 100
354 8 4 100 65
355 8 64 150 79
356 8 16 100 75
357 2 64 200 50
358 2 4 200 79
359 2 64 100 65
360 8 2 150 55
361 8 16 200 79
362 8 64 200 78
363 8 64 200 62
364 2 2 100 69
365 8 64 50 68
366 2 4 150 54
367 16 4 100 89
368 8 64 100 62
369 2 4 200 54
370 8 16 150 78
371 8 64 150 67
372 16 64 50 63
373 16 16 200 92
374 8 64 50 76
375 2 64 100 50
376 2 4 150 77
377 2 64 100 70
378 8 2 200 70
379 8 2 100 58
380 8 16 100 87
381 16 4 150 98
382 16 4 200 98
383 16 4 100 69
384 2 2 50 92
385 2 2 50 51
386 8 16 200 54
387 16 16 200 62
388 8 2 200 74
389 16 16 150 63
390 16 64 200 77
391 16 64 50 90
392 16 2 50 50
393 16 2 200 52
394 16 64 100 55
395 8 4 100 91
396 8 2 50 77
397 2 16 50 72
398 8 64 200 81
399 16 4 200 94
400 2 2 150 62
401 16 64 150 55
402 8 2 200 61
403 16 16 100 81
404 8 64 150 98
405 16 16 100 88
406 8 4 50 80
407 16 4 200 100
408 8 4 100 95
409 8 64 100 88
410 8 16 150 58
411 2 64 100 71
412 2 4 150 57
413 8 2 100 57
414 8 2 150 86
415 8 64 50 95
416 2 16 200 75
417 8 2 150 93
418 8 64 200 97
419 8 16 200 70
420 2 16 50 98
421 8 16 50 79
422 8 2 200 63
423 16 4 150 78
424 16 2 100 84
425 8 16 200 61
426 2 4 50 51
427 16 16 100 95
428 8 64 50 56
429 2 2 50 62
430 8 2 100 94
431 2 16 50 82
432 16 4 100 63
433 8 16 100 53
434 8 4 200 67
435 2 4 200 57
436 16 2 200 87
437 2 4 50 66
438 8 2 150 63
439 2 4 150 88
440 16 16 100 54
441 2 4 200 63
442 16 2 200 74
443 2 16 100 62
444 8 16 200 98
445 16 2 100 99
446 2 4 150 71
447 16 16 200 90
448 2 64 50 52
449 8 64 50 84
450 2 2 100 71
451 2 16 50 98
452 16 4 150 93
453 2 16 100 60
454 2 16 150 85
455 8 64 100 54
456 8 2 200 62
457 2 16 150 95
458 16 2 150 96
459 8 16 50 94
460 16 64 100 100
461 2 64 100 51
462 2 64 100 54
463 2 16 150 72
464 8 16 200 84
465 16 16 150 90
466 2 2 100 98
467 8 4 150 53
468 8 2 100 51
469 8 2 150 79
470 2 16 150 100
471 16 64 50 95
472 16 2 200 70
473 16 16 200 83
474 2 64 150 62
475 8 2 200 60
476 8 64 200 87
477 8 64 200 50
478 2 2 200 81
479 2 2 100 85
480 2 4 50 66
481 2 16 150 53
482 16 64 100 63
483 16 16 100 62
484 16 64 50 58
485 2 16 50 75
486 16 4 150 88
487 2 64 200 79
488 2 16 100 83
489 16 2 200 55
490 16 4 100 63
491 2 16 100 82
492 8 64 100 60
493 2 64 50 55
494 16 2 150 69
495 16 64 150 75
496 2 4 100 88
497 16 4 100 86
498 16 4 150 73
499 2 2 150 51
500 16 16 50 77
501 16 16 50 84
502 8 4 150 76
503 2 16 150 83
504 2 16 150 91
505 2 16 200 91
506 16 4 50 75
507 2 2 200 53
508 2 4 150 73
509 2 2 50 88
510 8 16 150 83
511 8 64 200 56
512 2 4 50 100
513 16 4 200 80
514 8 4 50 64
515 16 4 50 78
516 16 4 100 81
517 8 16 100 90
518 16 4 150 99
519 16 64 200 88
520 2 2 150 75
521 16 4 200 99
522 16 4 50 72
523 2 64 100 54
524 2 16 50 61
525 2 64 50 84
526 2 4 100 87
527 2 16 100 98
528 8 64 50 81
529 8 2 150 57
530 16 16 100 73
531 16 64 150 55
532 16 16 100 87
533 16 4 100 95
534 2 4 200 57
535 2 4 200 83
536 2 2 50 84
537 8 4 150 69
538 16 4 50 83
539 16 16 50 95
540 16 64 200 57
541 16 2 200 78
542 8 4 200 97
543 16 64 150 92
544 16 16 100 100
545 2 16 50 64
546 8 4 150 69
547 16 64 100 84
548 16 16 50 70
549 8 16 100 82
550 8 2 100 61
551 16 4 200 87
552 8 2 150 91
553 8 16 100 75
554 16 64 200 80
555 8 2 50 60
556 16 64 100 69
557 2 16 200 81
558 8 16 50 91
559 8 64 50 57
560 16 2 150 62
561 8 64 100 100
562 8 64 200 51
563 2 2 150 69
564 2 2 150 84
565 8 2 50 63
566 8 2 200 69
567 16 16 100 50
568 2 2 100 75
569 8 2 50 55
570 2 2 100 62
571 8 2 50 64
572 2 64 150 55
573 2 64 100 70
574 16 2 200 78
575 16 2 200 94
576 16 64 50 100
577 8 64 150 54
578 16 64 200 58
579 8 4 150 86
580 8 4 200 57
581 8 2 200 84
582 2 16 150 75
583 2 16 200 50
584 2 4 200 97
585 2 16 50 59
586 2 16 150 83
587 2 16 50 53
588 2 4 200 98
589 8 4 100 92
590 8 16 200 97
591 16 64 50 78
592 16 16 50 54
593 2 4 100 89
594 16 64 150 73
595 8 16 150 81
596 2 16 200 87
597 8 4 200 98
598 16 16 200 57
599 2 4 150 58
600 16 64 150 94
601 16 64 150 80
602 8 4 200 58
603 16 64 50 62
604 8 4 50 79
605 8 2 50 76
606 8 16 150 79
607 16 2 100 85
608 16 16 200 68
609 16 16 150 97
610 16 16 50 59
611 8 16 200 50
612 16 4 50 82
613 16 2 150 70
614 2 2 50 83
615 8 2 150 87
616 16 4 200 58
617 8 64 200 54
618 2 2 100 90
619 16 16 200 54
620 16 2 200 61
621 16 64 200 69
622 16 4 100 50
623 2 16 100 90
624 2 64 50 80
625 8 16 100 99
626 16 2 200 70
627 2 2 200 76
628 2 16 150 100
629 2 64 150 98
630 2 64 50 77
631 2 64 200 93
632 2 64 200 56
633 16 2 150 57
634 2 16 100 99
635 16 64 200 97
636 16 2 150 95
637 16 4 150 87
638 16 4 50 80
639 8 16 50 59
640 2 16 50 77
641 8 4 100 96
642 2 64 100 72
643 2 16 150 54
644 2 2 200 78
645 16 2 50 77
646 16 4 100 67
647 2 4 200 94
648 16 2 100 81
649 16 4 150 53
650 2 64 100 66
651 8 16 200 97
652 8 64 50 85
653 8 4 50 74
654 2 2 100 83
655 2 2 50 61
656 16 2 100 68
657 8 2 100 81
658 2 64 200 71
659 16 16 200 92
660 16 2 50 74
661 16 64 200 58
662 2 16 50 83
663 8 4 150 62
664 8 64 100 64
665 16 2 200 72
666 8 2 50 81
667 2 2 200 68
668 16 64 50 70
669 16 16 150 53
670 16 2 100 73
671 8 4 100 96
672 8 64 200 82
673 2 64 200 65
674 2 64 150 50
675 16 64 200 71
676 8 2 200 96
677 2 16 150 90
678 8 64 100 90
679 8 4 100 91
680 16 4 100 73
681 16 16 50 61
682 8 64 50 85
683 8 2 100 87
684 2 16 50 61
685 2 16 200 84
686 8 64 150 63
687 16 16 50 75
688 8 2 150 64
689 2 2 100 74
690 2 4 200 56
691 16 16 100 65
692 2 64 100 70
693 2 16 50 80
694 8 64 200 100
695 2 2 50 59
696 2 64 50 97
697 16 2 150 96
698 8 16 200 60
699 16 4 200 97
700 2 2 50 89
701 16 2 50 98
702 8 2 200 78
703 8 4 200 75
704 8 4 50 50
705 2 16 100 64
706 16 2 100 61
707 2 64 50 57
708 16 64 200 98
709 8 16 150 57
710 16 16 50 64
711 2 4 100 92
712 8 2 150 93
713 2 64 50 66
714 16 2 100 77
715 8 4 150 53
716 16 4 200 75
717 16 4 100 94
718 8 64 150 96
719 2 16 100 60
720 16 64 100 60
721 2 2 100 51
722 2 2 150 72
723 16 16 50 54
724 2 4 100 60
725 8 16 50 59
726 2 4 150 60
727 16 16 50 97
728 2 64 100 54
729 8 64 150 86
730 2 2 150 72
731 8 2 150 97
732 8 2 150 78
733 16 2 50 66
734 16 64 150 93
735 8 4 200 92
736 8 16 100 96
737 16 64 150 58
738 16 4 100 96
739 8 2 150 99
740 2 2 100 58
741 8 2 150 71
742 8 2 50 84
743 8 2 100 87
744 8 4 150 78
745 2 4 50 78
746 16 2 200 70
747 8 2 50 66
748 16 16 100 64
749 2 4 200 94
750 16 2 200 91
25
7 236 57 92
12 279 45 161
17 326 57 168
34 141 51 179
39 644 41 100
50 316 44 178
53 521 47 106
90 460 52 90
92 701 45 163
100 674 67 103
110 524 50 155
175 400 55 168
190 201 48 157
223 399 67 100
239 396 41 116
263 646 60 181
300 526 53 94
315 574 70 126
337 636 53 183
394 653 68 114
415 690 57 114
453 642 63 181
514 714 41 194
586 733 52 196
690 726 55 119