914
0 8 32 800 190
1 32 320 400 164
2 32 32 400 175
3 8 32 1000 110
4 8 320 1000 146
5 32 128 1000 174
6 8 128 400 195
7 8 320 400 197
8 32 32 400 191
9 8 320 800 142
10 8 128 400 168
11 8 128 5000 135
12 32 32 800 129
13 8 32 5000 182
14 8 128 1000 107
15 32 128 1000 132
16 32 32 1000 178
17 32 320 800 105
18 8 128 800 127
19 8 320 2000 114
20 8 320 800 178
21 8 128 800 111
22 32 320 1000 152
23 8 320 1000 109
24 8 128 2000 160
25 32 320 400 144
26 32 128 1000 145
27 8 32 5000 107
28 8 320 5000 129
29 8 128 400 195
30 8 320 400 162
31 8 32 1000 109
32 32 32 5000 177
33 8 128 2000 146
34 32 32 400 190
35 8 320 2000 195
36 8 128 1000 124
37 32 32 5000 193
38 32 320 400 134
39 8 320 400 174
40 8 32 1000 153
41 8 32 1000 111
42 8 32 2000 112
43 8 32 1000 187
44 32 128 5000 110
45 32 128 2000 158
46 32 320 5000 184
47 32 128 1000 99
48 32 320 1000 195
49 32 32 800 197
50 32 32 1000 173
51 32 32 1000 101
52 8 320 400 124
53 8 320 800 128
54 32 32 2000 189
55 8 32 400 145
56 8 320 2000 103
57 32 32 5000 174
58 32 128 800 127
59 32 32 5000 138
60 32 32 1000 90
61 8 320 2000 128
62 32 32 5000 115
63 8 32 800 180
64 32 32 800 133
65 32 320 5000 103
66 32 128 2000 91
67 32 128 400 127
68 8 128 800 147
69 8 320 1000 155
70 32 128 1000 174
71 8 320 2000 143
72 32 32 5000 107
73 8 32 1000 143
74 32 128 5000 115
75 32 320 800 125
76 8 32 5000 105
77 8 128 400 178
78 8 320 5000 101
79 32 32 5000 175
80 8 32 5000 163
81 8 320 1000 165
82 32 128 1000 90
83 8 320 1000 190
84 8 320 800 131
85 8 32 400 143
86 8 320 400 128
87 32 32 400 167
88 8 128 1000 156
89 32 320 400 90
90 32 32 800 173
91 8 320 2000 142
92 32 128 5000 139
93 32 320 1000 97
94 32 128 2000 189
95 32 320 5000 115
96 32 32 5000 140
97 32 128 400 152
98 8 320 2000 184
99 32 320 5000 120
100 8 32 5000 96
101 32 32 1000 157
102 32 128 800 114
103 8 128 400 171
104 8 320 400 174
105 8 32 400 104
106 8 320 800 172
107 32 320 400 142
108 32 320 2000 109
109 32 128 5000 175
110 32 320 2000 142
111 8 320 5000 175
112 8 320 5000 121
113 32 32 400 98
114 8 128 2000 95
115 8 128 5000 175
116 32 32 1000 118
117 8 128 5000 170
118 32 128 1000 130
119 32 32 1000 122
120 8 320 2000 146
121 32 32 5000 98
122 8 320 800 175
123 32 320 2000 149
124 32 128 400 184
125 8 128 400 152
126 32 128 400 128
127 8 32 400 174
128 32 32 2000 100
129 8 128 2000 109
130 8 32 5000 160
131 8 128 400 125
132 32 320 2000 165
133 8 128 800 90
134 32 32 1000 166
135 8 128 800 196
136 32 128 2000 161
137 32 320 5000 104
138 32 128 400 165
139 32 128 800 178
140 8 320 5000 119
141 8 320 400 153
142 32 32 800 107
143 32 320 1000 106
144 32 128 400 166
145 8 320 400 189
146 8 320 800 110
147 8 320 1000 105
148 32 32 5000 103
149 8 32 5000 190
150 8 320 400 153
151 8 320 800 122
152 8 320 5000 155
153 32 320 2000 139
154 32 128 1000 90
155 32 128 2000 105
156 8 320 2000 164
157 8 32 1000 143
158 32 320 400 98
159 32 32 800 188
160 8 320 1000 128
161 8 128 800 166
162 8 32 800 96
163 32 320 800 103
164 8 32 2000 127
165 32 128 400 146
166 32 128 400 194
167 8 320 400 95
168 32 320 400 139
169 32 32 5000 188
170 8 32 2000 187
171 32 32 5000 126
172 32 128 5000 138
173 8 32 2000 111
174 8 320 5000 112
175 32 32 5000 199
176 32 128 5000 137
177 8 128 2000 156
178 8 32 5000 179
179 32 128 800 149
180 8 32 5000 153
181 32 128 2000 172
182 8 32 2000 160
183 8 32 2000 122
184 8 32 2000 106
185 32 32 2000 114
186 32 128 5000 115
187 8 32 2000 101
188 32 128 800 178
189 32 320 800 96
190 32 128 5000 132
191 8 32 1000 90
192 8 128 1000 152
193 8 128 400 165
194 32 128 5000 103
195 8 128 400 115
196 32 32 2000 112
197 32 320 800 117
198 8 128 1000 126
199 8 32 1000 111
200 32 320 5000 106
201 32 320 1000 197
202 32 320 400 155
203 8 128 400 100
204 8 320 400 113
205 32 320 800 148
206 32 320 5000 90
207 8 128 1000 167
208 8 32 2000 101
209 8 128 400 92
210 8 320 800 109
211 8 32 1000 125
212 32 32 5000 119
213 8 128 1000 140
214 32 32 2000 135
215 32 32 1000 115
216 8 32 400 119
217 32 320 800 154
218 32 128 1000 149
219 32 320 800 190
220 8 320 5000 187
221 32 32 400 156
222 8 32 1000 185
223 8 32 5000 184
224 8 320 2000 90
225 8 320 800 128
226 32 128 400 116
227 8 32 800 90
228 32 128 400 150
229 32 320 800 175
230 8 32 5000 116
231 8 128 800 142
232 8 320 800 114
233 8 128 800 138
234 32 32 800 199
235 32 32 400 108
236 32 128 800 182
237 32 32 5000 131
238 8 32 5000 116
239 32 32 2000 198
240 8 32 1000 152
241 8 128 1000 153
242 32 320 800 106
243 32 32 400 93
244 32 128 1000 90
245 32 128 5000 116
246 32 32 1000 198
247 8 128 2000 166
248 8 320 5000 131
249 32 128 5000 194
250 8 128 800 136
251 8 128 400 100
252 32 320 400 174
253 32 320 2000 138
254 8 32 2000 165
255 8 32 800 135
256 8 128 800 92
257 32 320 800 163
258 32 128 5000 172
259 8 32 800 94
260 8 320 5000 161
261 8 32 2000 184
262 8 320 400 161
263 8 32 1000 110
264 32 128 2000 186
265 8 320 800 97
266 32 320 5000 100
267 32 320 5000 102
268 8 32 400 94
269 32 32 2000 173
270 8 128 5000 116
271 32 320 5000 170
272 32 128 800 146
273 32 32 800 107
274 32 32 2000 105
275 32 32 1000 140
276 32 320 400 137
277 32 320 2000 188
278 32 128 5000 200
279 32 32 400 141
280 32 128 400 164
281 8 320 800 112
282 32 320 5000 158
283 32 32 5000 165
284 32 32 5000 144
285 32 320 5000 176
286 32 320 2000 139
287 32 32 400 140
288 8 128 5000 130
289 8 320 5000 95
290 8 128 1000 155
291 32 320 400 192
292 32 32 1000 124
293 8 320 1000 91
294 32 320 800 192
295 8 320 1000 91
296 32 320 1000 143
297 32 128 400 103
298 8 32 2000 177
299 8 32 5000 126
300 32 128 2000 179
301 32 32 2000 140
302 32 320 400 117
303 32 32 400 174
304 8 128 2000 166
305 8 320 5000 104
306 32 32 5000 158
307 32 320 1000 114
308 8 128 1000 197
309 32 320 400 131
310 8 128 400 185
311 8 128 5000 198
312 8 320 800 160
313 32 320 800 128
314 8 320 1000 197
315 8 128 2000 120
316 8 128 400 164
317 32 32 800 181
318 8 128 5000 154
319 32 128 800 183
320 32 32 1000 133
321 8 320 2000 145
322 32 32 2000 191
323 8 128 2000 112
324 8 128 1000 149
325 8 32 400 185
326 32 320 5000 158
327 8 128 2000 169
328 8 320 1000 189
329 8 32 2000 105
330 8 320 800 176
331 32 128 400 134
332 32 32 5000 161
333 8 320 5000 158
334 32 32 800 158
335 32 32 800 172
336 32 128 5000 190
337 32 32 1000 194
338 32 32 1000 112
339 32 320 1000 140
340 8 32 400 167
341 8 128 2000 151
342 32 128 5000 179
343 32 128 800 138
344 32 32 1000 104
345 32 32 1000 169
346 32 128 5000 125
347 32 32 800 90
348 32 32 5000 173
349 8 32 2000 198
350 32 128 800 171
351 32 320 400 185
352 32 128 400 139
353 32 128 400 94
354 8 32 400 200
355 32 32 1000 152
356 32 32 5000 103
357 32 32 2000 123
358 32 32 800 150
359 8 128 1000 191
360 32 128 400 162
361 8 128 1000 159
362 32 320 5000 152
363 32 128 800 103
364 8 128 1000 141
365 8 32 5000 117
366 8 320 1000 156
367 8 32 1000 122
368 32 320 800 172
369 8 128 5000 196
370 32 32 2000 128
371 32 128 5000 123
372 32 320 1000 133
373 32 32 400 141
374 32 128 800 127
375 32 32 2000 194
376 32 320 800 145
377 8 32 1000 100
378 8 128 5000 190
379 8 32 1000 136
380 8 320 800 196
381 8 320 1000 136
382 32 128 800 190
383 8 320 400 194
384 8 320 800 188
385 8 320 2000 132
386 32 32 2000 162
387 32 320 5000 96
388 8 32 800 189
389 8 128 400 174
390 32 32 1000 123
391 8 128 5000 94
392 8 128 400 169
393 32 32 800 157
394 8 32 800 152
395 8 320 400 159
396 32 320 1000 160
397 8 320 1000 193
398 32 32 1000 138
399 32 320 1000 180
400 8 320 1000 188
401 32 320 5000 92
402 32 320 1000 196
403 8 32 800 160
404 32 320 800 200
405 32 320 400 127
406 8 320 2000 116
407 32 32 1000 151
408 32 320 1000 102
409 8 128 2000 140
410 32 32 800 103
411 8 320 800 135
412 32 320 5000 130
413 32 32 800 136
414 8 32 2000 111
415 8 128 2000 124
416 8 32 400 155
417 8 320 1000 105
418 32 32 800 100
419 8 320 1000 145
420 8 320 800 154
421 8 32 800 97
422 8 128 1000 143
423 8 128 400 110
424 32 32 1000 153
425 8 32 2000 154
426 32 320 5000 144
427 32 128 800 181
428 32 320 2000 138
429 8 320 2000 102
430 32 320 400 176
431 8 320 400 109
432 32 128 1000 114
433 8 128 800 171
434 8 320 400 173
435 32 320 5000 110
436 32 128 400 111
437 8 320 2000 163
438 32 32 5000 124
439 8 320 1000 111
440 32 32 800 164
441 32 320 800 129
442 8 320 1000 167
443 32 128 800 157
444 32 32 5000 95
445 8 128 5000 123
446 32 32 400 189
447 8 32 2000 99
448 32 320 400 139
449 32 32 2000 165
450 32 32 800 104
451 32 128 400 159
452 32 32 2000 171
453 8 320 400 119
454 8 128 800 95
455 32 32 800 144
456 8 320 5000 104
457 32 128 1000 137
458 8 32 800 159
459 32 32 400 130
460 8 128 400 151
461 32 32 1000 103
462 8 128 1000 180
463 8 128 2000 185
464 8 320 1000 133
465 8 32 800 102
466 8 128 1000 140
467 32 320 5000 130
468 32 32 5000 168
469 32 128 1000 160
470 8 320 400 121
471 32 32 5000 127
472 32 32 5000 196
473 32 128 2000 136
474 32 320 800 187
475 8 128 2000 178
476 32 320 5000 145
477 32 320 800 162
478 32 128 5000 161
479 8 320 400 106
480 32 128 2000 98
481 8 32 5000 159
482 8 128 5000 196
483 8 320 5000 153
484 32 128 2000 169
485 8 320 5000 136
486 32 128 800 183
487 8 32 800 156
488 32 32 800 197
489 32 128 800 171
490 32 128 2000 117
491 32 32 800 161
492 32 32 1000 168
493 32 320 800 108
494 8 320 400 190
495 8 32 2000 131
496 32 320 5000 149
497 32 128 400 160
498 32 32 400 112
499 8 320 1000 156
500 32 128 5000 153
501 32 128 1000 191
502 8 320 400 126
503 8 128 800 161
504 8 128 800 131
505 8 128 5000 113
506 32 320 2000 135
507 32 32 1000 119
508 8 32 400 151
509 32 320 5000 153
510 32 320 400 146
511 8 320 800 188
512 8 32 2000 188
513 8 32 2000 108
514 8 128 5000 158
515 8 128 800 142
516 8 128 5000 112
517 8 128 400 101
518 32 128 1000 132
519 8 320 5000 144
520 8 32 2000 178
521 8 320 5000 102
522 32 128 800 94
523 8 320 5000 104
524 32 320 400 90
525 8 32 2000 155
526 32 320 800 131
527 32 128 5000 195
528 8 32 5000 125
529 8 32 400 164
530 32 320 1000 93
531 8 32 2000 195
532 8 320 5000 144
533 32 128 2000 111
534 32 128 400 160
535 32 32 400 143
536 32 32 1000 122
537 32 32 1000 157
538 32 32 800 138
539 32 128 5000 95
540 8 128 5000 157
541 32 320 2000 139
542 8 32 400 135
543 8 320 1000 133
544 8 320 800 157
545 32 128 5000 190
546 32 320 1000 131
547 32 32 400 162
548 32 320 5000 100
549 8 32 2000 158
550 8 320 800 178
551 32 128 5000 101
552 32 128 5000 105
553 32 32 800 133
554 8 128 1000 121
555 8 320 2000 148
556 32 128 2000 192
557 8 32 800 159
558 32 32 400 109
559 32 320 1000 102
560 8 320 400 192
561 32 320 400 180
562 8 128 5000 124
563 32 128 2000 158
564 32 32 800 137
565 8 320 1000 162
566 32 32 5000 198
567 8 128 800 199
568 8 128 1000 103
569 8 128 5000 101
570 32 320 5000 155
571 32 320 800 185
572 8 128 400 152
573 8 128 400 179
574 32 128 1000 93
575 8 320 400 154
576 8 128 1000 116
577 8 320 5000 200
578 32 320 2000 186
579 32 32 800 134
580 32 32 5000 186
581 8 320 800 127
582 32 128 400 173
583 8 128 2000 173
584 32 128 400 99
585 32 128 800 144
586 32 320 5000 188
587 8 128 800 195
588 32 32 400 194
589 32 128 400 184
590 32 32 800 93
591 32 32 400 142
592 8 32 800 198
593 32 32 2000 114
594 32 128 5000 112
595 8 320 2000 131
596 32 320 800 143
597 32 128 800 119
598 32 128 400 183
599 32 320 800 131
600 8 128 800 148
601 8 128 400 153
602 32 320 800 102
603 8 320 800 198
604 8 128 2000 117
605 8 320 800 95
606 8 32 2000 176
607 32 320 5000 182
608 8 128 800 115
609 8 32 800 176
610 32 32 5000 145
611 32 320 400 195
612 32 32 800 133
613 8 320 1000 91
614 32 320 800 158
615 8 32 1000 111
616 8 128 800 123
617 8 320 400 103
618 32 32 400 178
619 8 320 800 112
620 8 320 800 122
621 32 128 800 186
622 8 32 5000 113
623 32 320 800 183
624 32 320 400 199
625 32 320 5000 148
626 32 32 400 129
627 8 32 800 151
628 32 128 1000 112
629 32 32 5000 141
630 8 320 2000 175
631 32 128 2000 98
632 32 320 5000 98
633 8 320 800 145
634 8 320 400 151
635 32 320 5000 108
636 8 32 1000 157
637 8 320 2000 164
638 8 128 2000 98
639 8 128 400 195
640 8 128 400 133
641 32 128 1000 102
642 32 128 400 105
643 32 128 2000 92
644 8 320 800 179
645 8 320 2000 168
646 8 128 1000 91
647 32 128 800 109
648 8 128 400 159
649 8 32 1000 126
650 32 128 800 96
651 32 32 5000 124
652 8 32 5000 185
653 8 320 400 173
654 8 128 2000 117
655 32 32 5000 185
656 32 128 5000 111
657 8 320 2000 188
658 32 128 2000 140
659 8 128 400 134
660 32 320 400 141
661 32 320 2000 98
662 8 320 2000 94
663 8 320 400 151
664 32 320 800 148
665 8 128 2000 136
666 32 32 800 106
667 32 32 2000 179
668 32 128 2000 129
669 8 320 1000 176
670 32 128 400 90
671 32 320 400 137
672 8 320 400 131
673 32 320 400 99
674 8 320 800 127
675 8 128 800 97
676 8 32 2000 157
677 32 320 400 164
678 8 32 800 157
679 8 32 400 170
680 32 32 2000 93
681 8 320 800 101
682 32 320 800 100
683 32 32 400 181
684 8 320 5000 161
685 32 32 5000 125
686 32 128 800 141
687 8 128 1000 102
688 8 320 400 142
689 8 320 1000 94
690 8 128 1000 178
691 8 128 400 184
692 32 320 5000 185
693 8 32 2000 157
694 8 128 2000 172
695 8 32 2000 181
696 8 320 1000 98
697 32 320 400 96
698 8 320 2000 196
699 32 320 5000 161
700 8 128 2000 187
701 8 32 5000 179
702 8 128 1000 193
703 32 32 1000 153
704 8 320 1000 147
705 32 128 800 138
706 32 128 400 197
707 8 128 1000 198
708 8 128 5000 142
709 8 128 1000 164
710 32 32 2000 174
711 32 320 2000 123
712 8 32 5000 113
713 8 128 2000 145
714 32 320 5000 117
715 8 32 400 109
716 8 32 2000 99
717 32 128 2000 124
718 32 128 800 177
719 8 320 800 190
720 32 320 1000 197
721 8 320 2000 147
722 32 320 5000 167
723 32 320 400 135
724 32 320 2000 128
725 8 128 5000 175
726 32 320 2000 114
727 8 320 400 96
728 8 128 2000 180
729 8 32 2000 199
730 8 320 800 164
731 32 32 800 96
732 8 128 800 149
733 32 32 5000 200
734 8 128 800 165
735 32 32 800 106
736 32 320 5000 91
737 32 128 2000 146
738 8 320 2000 185
739 32 128 2000 180
740 8 128 5000 182
741 8 320 2000 177
742 8 128 800 142
743 32 320 5000 91
744 32 320 1000 185
745 32 32 800 159
746 8 32 2000 110
747 32 32 400 178
748 8 32 5000 167
749 8 128 400 186
750 8 320 800 114
751 8 32 1000 144
752 32 32 800 179
753 32 32 400 149
754 32 32 400 151
755 8 32 5000 158
756 8 32 5000 102
757 8 128 400 160
758 32 32 400 94
759 32 32 800 177
760 32 128 2000 154
761 32 128 800 166
762 8 128 800 105
763 32 128 1000 173
764 32 320 1000 197
765 8 128 2000 196
766 32 320 5000 127
767 32 32 800 168
768 8 320 1000 166
769 8 128 400 126
770 32 32 5000 200
771 8 320 2000 118
772 8 128 800 118
773 32 128 400 115
774 8 32 2000 91
775 8 320 2000 200
776 8 320 1000 147
777 32 320 400 193
778 8 320 5000 140
779 8 320 800 95
780 8 32 400 160
781 8 128 2000 104
782 32 320 800 140
783 32 128 400 146
784 8 320 1000 111
785 8 32 800 180
786 8 320 2000 110
787 32 320 2000 122
788 32 32 5000 126
789 32 128 400 128
790 32 32 800 158
791 32 32 1000 152
792 8 320 5000 91
793 8 320 2000 134
794 8 128 1000 177
795 8 128 800 164
796 8 128 800 164
797 8 320 2000 129
798 8 128 2000 100
799 32 320 400 113
800 8 320 2000 101
801 32 320 1000 119
802 8 128 1000 131
803 8 320 5000 139
804 32 320 800 124
805 32 32 1000 184
806 32 320 5000 118
807 32 320 800 189
808 32 32 800 177
809 32 128 5000 187
810 32 320 2000 168
811 8 128 800 197
812 8 128 1000 109
813 32 320 5000 95
814 8 32 400 95
815 8 320 400 142
816 32 32 2000 169
817 8 320 400 90
818 32 128 1000 191
819 8 128 2000 126
820 8 32 5000 109
821 8 320 800 189
822 8 320 800 192
823 8 128 400 136
824 8 32 1000 157
825 32 320 5000 162
826 32 32 800 174
827 8 320 5000 134
828 32 32 5000 185
829 8 320 400 185
830 8 128 2000 157
831 8 128 800 197
832 8 320 2000 193
833 32 128 5000 195
834 32 320 2000 153
835 32 128 800 112
836 32 32 1000 99
837 8 128 2000 194
838 32 128 5000 194
839 8 32 2000 181
840 32 320 2000 101
841 8 320 2000 187
842 8 32 2000 165
843 8 32 800 186
844 32 320 2000 170
845 8 32 5000 117
846 8 128 1000 174
847 32 32 5000 192
848 8 128 400 191
849 8 32 2000 180
850 32 128 2000 186
851 8 128 2000 182
852 32 320 1000 168
853 8 128 800 179
854 8 320 1000 137
855 8 32 5000 168
856 8 320 800 97
857 32 128 800 128
858 32 32 800 129
859 32 320 400 168
860 8 32 400 127
861 32 128 2000 129
862 8 320 2000 111
863 8 32 800 104
864 8 320 400 162
865 8 128 1000 106
866 32 320 800 122
867 32 128 5000 177
868 32 128 5000 102
869 8 128 800 168
870 8 320 800 145
871 8 128 2000 143
872 32 320 400 91
873 32 32 800 186
874 32 128 800 133
875 32 128 5000 175
876 32 128 2000 187
877 8 128 400 137
878 32 320 400 102
879 8 320 400 179
880 8 320 5000 192
881 8 128 5000 104
882 32 320 1000 136
883 8 320 2000 171
884 32 128 1000 116
885 32 32 5000 142
886 8 128 400 115
887 8 320 1000 94
888 32 128 2000 95
889 8 128 400 200
890 32 32 800 104
891 8 128 1000 100
892 8 128 2000 156
893 32 128 5000 161
894 8 128 800 142
895 8 128 1000 97
896 8 32 1000 150
897 32 32 800 121
898 8 128 1000 154
899 8 320 2000 161
900 8 32 400 179
901 32 320 400 113
902 32 128 2000 137
903 32 320 800 181
904 8 128 400 115
905 8 32 800 166
906 8 128 800 108
907 8 32 800 102
908 8 32 1000 113
909 32 320 800 182
910 32 32 1000 134
911 8 320 2000 136
912 8 32 2000 120
913 8 128 1000 101
415
1 195 70 155
2 482 56 176
2 52 64 150
4 330 65 113
6 397 67 151
7 856 52 148
9 451 67 123
11 339 68 159
14 159 62 98
14 709 47 95
16 268 65 117
17 862 57 104
19 215 42 151
20 427 54 193
20 785 43 198
21 884 66 157
22 69 69 180
24 378 43 104
24 488 63 144
25 224 42 188
30 123 60 97
31 219 42 146
31 502 54 134
31 519 64 126
31 538 44 199
32 33 68 93
33 715 45 113
33 764 53 170
33 68 41 176
33 447 49 120
33 333 64 135
33 69 65 130
34 652 57 119
34 47 51 117
35 840 51 142
36 360 56 158
36 378 41 171
37 93 44 148
37 336 52 183
38 429 54 183
38 469 43 193
39 144 44 195
41 257 58 98
42 164 51 96
45 146 52 167
45 281 54 196
46 419 43 195
47 171 52 184
47 635 64 92
48 328 64 137
48 577 60 123
49 663 41 101
49 844 43 167
49 450 66 91
51 317 44 162
51 670 42 149
51 681 54 195
52 418 52 96
53 410 57 180
53 287 65 115
55 853 56 183
56 770 46 163
56 210 62 142
58 744 42 162
59 411 59 192
59 677 51 110
60 257 44 102
60 526 67 145
62 75 66 183
62 509 42 200
65 124 40 115
65 405 70 154
68 833 44 108
69 839 47 152
70 640 65 123
72 290 46 181
73 232 61 133
74 839 49 165
78 128 56 91
78 386 52 153
78 757 61 196
82 447 63 135
82 687 51 171
87 687 40 122
87 154 49 126
88 190 61 133
89 132 48 187
90 274 57 101
91 330 44 177
92 689 41 92
93 782 67 149
95 208 59 145
95 217 67 129
101 613 62 165
103 557 45 138
103 253 52 110
103 192 43 119
104 625 63 191
105 204 57 173
107 388 51 139
108 817 58 117
111 381 53 170
111 258 59 165
113 762 41 115
116 334 59 93
117 215 67 190
119 351 42 178
120 173 62 185
120 483 67 111
122 125 49 128
123 422 41 139
124 489 53 138
124 259 62 161
126 541 43 159
126 606 52 140
127 603 48 139
127 567 42 180
130 752 57 193
130 694 51 192
131 740 49 126
132 718 54 197
132 536 59 125
132 617 65 193
137 357 63 92
138 191 62 121
139 551 47 184
140 478 63 119
140 901 57 171
140 348 50 159
143 232 67 182
144 874 67 178
145 233 42 95
145 788 55 136
146 285 48 164
146 390 66 147
146 618 45 110
147 788 48 130
147 731 44 105
148 294 40 112
148 205 66 121
149 827 52 99
153 768 49 175
155 422 55 96
156 821 62 157
160 694 62 104
163 573 56 99
163 470 42 123
164 526 52 179
164 893 46 174
165 757 53 111
167 275 63 150
167 343 44 145
170 364 47 199
170 272 55 198
172 468 46 122
174 216 44 153
175 854 57 183
175 275 62 158
178 833 47 103
178 887 43 188
179 714 41 149
179 512 55 157
179 237 48 90
180 468 41 147
180 908 46 96
183 247 68 114
184 194 57 105
185 871 68 181
186 896 54 170
187 756 44 137
187 486 59 136
189 558 62 188
190 493 45 182
191 424 50 102
194 588 43 129
195 219 44 179
196 593 40 121
197 877 67 182
197 372 65 135
200 723 40 144
203 316 54 135
203 875 41 198
204 322 54 98
205 339 58 113
209 434 53 168
211 522 67 194
213 229 58 172
214 843 57 97
214 777 50 110
215 386 59 114
218 237 65 192
219 309 54 169
221 749 45 138
221 606 45 108
223 268 64 94
224 337 58 146
227 463 67 102
228 791 65 124
232 434 58 151
233 527 50 130
233 539 50 167
233 323 67 94
234 696 59 196
236 575 57 171
236 446 61 108
238 532 51 155
238 402 63 172
239 761 61 102
239 338 50 129
239 358 52 190
240 831 41 185
241 371 68 128
245 834 67 128
245 500 50 98
245 907 66 134
246 909 70 98
247 402 45 113
247 502 62 157
249 377 63 110
251 688 52 193
252 535 61 140
252 277 41 111
256 702 62 189
257 485 69 96
258 628 43 133
261 689 66 165
262 753 43 194
262 756 48 180
262 554 64 172
262 577 56 182
264 770 50 190
267 890 47 169
272 496 44 91
272 285 53 120
279 855 69 166
282 575 65 162
284 586 42 106
288 450 47 166
292 380 62 122
292 362 55 134
293 295 58 161
294 725 61 112
295 640 61 99
300 529 47 128
301 397 65 172
302 847 45 91
302 765 52 187
305 331 44 126
305 850 64 190
307 357 54 115
309 791 56 155
309 482 70 182
311 753 51 136
315 833 62 198
315 410 46 132
319 858 62 187
321 432 65 97
323 441 47 186
328 868 57 93
328 870 40 157
330 855 63 122
330 857 61 171
331 392 64 91
331 800 49 94
332 477 67 121
332 410 60 188
337 586 58 185
338 847 68 198
339 398 62 183
342 861 57 150
344 400 43 188
347 441 45 131
349 377 42 143
349 722 46 127
353 552 48 181
356 395 43 164
356 851 68 195
358 407 50 157
359 830 48 93
362 398 55 167
362 531 43 95
364 697 45 127
367 630 58 120
371 392 40 164
371 375 44 199
375 635 61 175
376 911 46 112
383 740 44 148
390 449 66 172
393 573 40 123
394 441 54 130
397 810 68 133
399 445 51 110
402 582 62 198
404 744 49 92
408 635 57 134
412 742 61 128
412 903 54 134
414 432 62 107
415 539 57 156
421 465 49 198
427 471 44 157
427 431 47 144
429 860 64 100
433 599 46 197
437 760 68 151
438 716 70 147
443 559 42 112
443 703 61 124
445 616 55 166
447 473 53 129
449 620 48 106
452 653 59 121
457 460 56 138
458 804 67 99
459 513 59 198
463 900 49 185
463 913 46 175
468 569 61 187
469 484 57 190
473 496 51 155
475 820 40 106
475 530 50 162
478 815 65 144
482 599 40 171
483 819 44 185
487 602 64 101
490 760 47 172
491 880 56 166
493 505 62 121
493 603 62 191
493 849 62 196
497 663 70 96
503 712 67 98
503 716 69 164
504 818 51 112
506 614 58 128
513 822 62 198
514 544 43 185
518 907 46 139
535 620 51 131
538 596 49 194
540 689 51 149
541 894 53 127
542 812 53 132
543 586 63 180
547 778 55 159
549 882 48 121
550 595 45 173
550 824 65 164
555 732 44 188
555 891 65 151
558 727 62 116
571 819 46 200
575 584 55 155
580 661 41 172
590 722 53 121
594 778 42 96
595 828 62 170
603 704 48 193
604 725 41 140
605 907 67 142
610 757 42 136
615 685 55 143
618 875 63 97
624 625 64 117
625 845 43 120
625 772 47 175
626 814 53 100
628 728 61 183
637 879 65 198
638 685 64 142
638 869 64 174
639 845 42 143
640 663 64 117
643 849 69 165
654 741 59 177
656 826 57 163
660 716 54 175
662 752 46 111
662 782 42 200
663 718 69 174
664 769 64 90
665 785 56 195
665 897 48 112
665 874 53 185
672 724 42 162
676 760 65 185
682 842 41 98
682 901 50 122
687 759 56 150
688 772 40 190
699 748 53 161
701 732 40 196
703 733 67 181
709 876 52 98
714 807 48 106
721 866 53 131
727 788 48 139
727 777 63 143
728 857 45 185
734 746 50 193
748 793 61 126
754 889 58 172
759 770 52 165
763 780 50 94
765 877 47 139
776 882 64 124
780 805 41 194
797 866 43 139
800 883 52 171
812 858 48 105
831 875 61 172
853 877 45 161
857 898 56 181