365
0 16 64 1000 111
1 32 96 5000 157
2 16 64 400 190
3 16 64 400 171
4 16 96 1000 169
5 16 64 1000 188
6 32 96 2000 183
7 16 40 1000 107
8 32 40 2000 198
9 32 64 2000 164
10 16 96 5000 105
11 16 64 1000 199
12 16 64 800 155
13 16 96 5000 148
14 16 96 400 157
15 16 64 2000 152
16 32 40 5000 95
17 32 64 800 121
18 32 64 5000 158
19 32 96 2000 164
20 32 96 800 150
21 16 64 400 130
22 32 64 400 102
23 32 40 800 167
24 32 40 400 129
25 16 96 400 157
26 32 64 2000 159
27 32 96 2000 140
28 16 40 1000 157
29 32 64 1000 130
30 16 96 2000 122
31 16 64 1000 180
32 32 64 5000 108
33 32 40 5000 181
34 32 64 2000 166
35 32 40 2000 153
36 32 96 1000 159
37 32 96 5000 159
38 32 96 2000 161
39 16 40 5000 115
40 16 96 2000 136
41 32 96 1000 173
42 32 96 5000 136
43 32 96 400 110
44 16 96 1000 184
45 16 96 2000 166
46 32 96 5000 155
47 16 64 800 161
48 16 64 400 154
49 16 64 5000 120
50 32 64 400 167
51 32 40 5000 95
52 16 64 400 166
53 32 96 400 99
54 16 96 2000 147
55 16 64 400 160
56 16 64 2000 106
57 32 96 5000 115
58 16 64 2000 119
59 32 96 1000 106
60 16 64 800 92
61 16 64 1000 142
62 32 64 800 104
63 32 96 1000 131
64 16 96 2000 127
65 32 40 400 131
66 32 40 2000 162
67 32 40 400 119
68 16 96 2000 149
69 16 96 800 115
70 16 40 800 120
71 32 40 800 172
72 16 64 1000 169
73 32 96 1000 96
74 16 96 1000 184
75 32 40 2000 180
76 16 40 1000 126
77 16 40 800 138
78 16 40 800 142
79 16 64 800 115
80 32 64 1000 199
81 16 40 1000 150
82 32 64 5000 134
83 32 64 2000 181
84 32 64 800 175
85 16 40 800 102
86 32 96 5000 146
87 32 96 5000 195
88 16 96 2000 119
89 32 96 1000 162
90 16 64 1000 188
91 32 96 800 140
92 16 64 2000 186
93 16 96 800 103
94 32 64 5000 122
95 32 64 1000 195
96 32 64 2000 119
97 16 64 400 129
98 16 96 1000 194
99 16 96 400 170
100 32 64 800 156
101 16 64 5000 146
102 16 64 2000 155
103 32 96 400 136
104 32 40 2000 172
105 16 40 1000 178
106 32 96 400 114
107 32 64 800 134
108 16 64 800 191
109 16 96 1000 144
110 32 40 2000 171
111 16 40 1000 191
112 16 64 400 121
113 16 40 2000 121
114 32 96 2000 94
115 32 64 5000 106
116 32 40 2000 137
117 16 64 400 180
118 16 96 5000 102
119 16 64 400 111
120 32 64 800 150
121 16 64 2000 129
122 16 64 1000 177
123 16 96 400 179
124 16 96 1000 112
125 32 96 400 120
126 16 96 2000 132
127 32 96 5000 125
128 32 96 2000 185
129 16 64 800 184
130 16 64 2000 90
131 32 96 800 198
132 32 96 2000 120
133 16 40 5000 180
134 16 64 5000 117
135 32 64 5000 148
136 16 40 800 98
137 16 96 1000 132
138 16 96 400 168
139 16 40 5000 163
140 32 40 5000 167
141 16 96 800 182
142 32 96 800 103
143 16 64 2000 146
144 16 40 5000 169
145 32 64 400 96
146 16 64 1000 124
147 16 64 400 123
148 32 40 5000 179
149 16 96 800 155
150 32 96 2000 153
151 16 96 400 167
152 16 64 400 191
153 32 96 400 134
154 16 96 2000 94
155 32 96 2000 92
156 16 64 1000 96
157 32 40 800 158
158 16 40 400 90
159 32 40 5000 138
160 32 96 2000 99
161 32 40 2000 116
162 32 64 800 91
163 32 40 2000 131
164 32 40 800 174
165 16 64 800 97
166 32 64 2000 117
167 16 40 2000 155
168 32 64 1000 130
169 16 96 5000 97
170 32 40 800 197
171 32 96 1000 166
172 16 64 2000 182
173 32 96 800 116
174 16 64 2000 156
175 16 64 5000 155
176 16 64 1000 94
177 32 96 2000 167
178 16 96 2000 92
179 32 96 800 142
180 32 96 800 117
181 16 96 800 191
182 16 64 400 105
183 32 96 400 198
184 32 40 2000 110
185 16 64 2000 140
186 16 96 400 133
187 32 40 5000 103
188 32 96 800 148
189 16 64 2000 111
190 16 64 800 123
191 16 64 2000 137
192 32 64 5000 146
193 32 64 800 192
194 32 40 2000 105
195 32 40 2000 166
196 32 96 1000 181
197 32 64 400 121
198 32 40 5000 93
199 32 40 5000 153
200 32 64 2000 135
201 16 40 2000 151
202 16 40 2000 140
203 16 40 1000 121
204 16 40 400 167
205 32 64 1000 194
206 32 64 5000 177
207 16 96 400 171
208 16 96 5000 177
209 16 64 2000 196
210 16 96 1000 166
211 16 40 800 112
212 16 40 800 156
213 16 96 800 135
214 16 40 400 166
215 32 64 1000 182
216 32 96 5000 136
217 16 40 1000 130
218 32 40 800 165
219 32 64 1000 145
220 32 64 2000 182
221 32 96 5000 197
222 32 64 2000 155
223 16 64 400 94
224 32 64 800 168
225 16 40 1000 130
226 32 96 1000 167
227 16 64 2000 134
228 16 96 5000 141
229 32 96 800 149
230 32 64 800 163
231 16 96 800 147
232 16 96 5000 155
233 16 40 1000 156
234 32 96 1000 136
235 32 96 2000 151
236 32 64 800 133
237 32 40 400 99
238 32 96 2000 187
239 32 40 2000 101
240 16 96 400 175
241 32 64 400 113
242 32 64 800 99
243 16 64 1000 114
244 16 96 5000 158
245 16 40 5000 101
246 32 96 2000 160
247 16 40 400 165
248 32 64 800 118
249 32 96 800 167
250 32 96 2000 186
251 32 64 400 180
252 16 64 1000 98
253 16 96 1000 139
254 32 96 5000 120
255 32 64 400 121
256 16 40 2000 101
257 32 40 800 187
258 16 64 1000 95
259 32 64 5000 176
260 16 96 2000 119
261 32 64 400 126
262 16 40 800 118
263 16 40 2000 96
264 32 40 400 172
265 32 40 2000 111
266 32 40 5000 157
267 16 40 2000 189
268 32 96 1000 179
269 16 64 2000 156
270 16 40 400 96
271 32 64 400 173
272 32 40 1000 94
273 16 96 400 196
274 32 40 5000 122
275 32 64 5000 155
276 16 96 5000 149
277 32 40 400 114
278 32 96 2000 198
279 16 64 400 114
280 32 96 400 105
281 16 64 1000 199
282 16 96 5000 130
283 16 64 800 176
284 16 40 400 149
285 16 64 800 90
286 32 40 400 171
287 16 96 400 97
288 16 40 800 185
289 32 96 2000 156
290 32 40 2000 183
291 32 64 400 164
292 32 96 800 146
293 16 40 2000 185
294 32 64 1000 168
295 32 64 800 176
296 16 96 5000 140
297 32 40 400 166
298 16 96 400 100
299 32 40 2000 109
300 32 64 5000 167
301 32 96 400 105
302 16 64 800 116
303 32 96 400 172
304 32 64 1000 183
305 32 96 5000 153
306 32 40 2000 195
307 32 96 1000 96
308 32 64 1000 93
309 16 40 2000 166
310 32 96 800 112
311 16 64 2000 120
312 16 40 5000 148
313 16 40 800 198
314 32 40 800 162
315 16 40 800 144
316 16 64 400 190
317 16 64 800 186
318 16 64 400 198
319 16 96 800 94
320 16 64 2000 127
321 16 96 5000 189
322 16 96 5000 124
323 16 40 5000 159
324 32 96 2000 197
325 16 96 1000 175
326 32 96 5000 167
327 32 64 400 129
328 16 96 5000 161
329 16 96 1000 116
330 16 96 1000 165
331 32 96 1000 141
332 16 96 1000 177
333 16 64 1000 196
334 32 40 1000 127
335 16 96 5000 200
336 16 96 1000 199
337 32 40 5000 142
338 32 64 1000 163
339 32 40 800 175
340 32 96 1000 125
341 16 96 1000 121
342 32 64 5000 119
343 16 64 400 110
344 32 64 400 97
345 32 40 1000 140
346 16 40 800 119
347 16 64 5000 110
348 16 64 800 175
349 32 64 2000 105
350 32 64 2000 191
351 16 40 5000 195
352 16 40 1000 142
353 32 96 1000 186
354 32 64 1000 169
355 32 64 2000 159
356 32 96 5000 197
357 16 40 400 174
358 32 64 2000 132
359 32 96 400 97
360 16 96 2000 130
361 32 40 800 134
362 16 40 2000 136
363 32 64 2000 142
364 16 40 1000 148
81
7 15 43 123
7 57 58 141
8 299 41 169
11 249 59 124
11 189 66 190
14 305 49 171
17 294 64 110
17 120 56 113
18 195 65 112
19 204 45 126
22 319 55 175
27 270 58 197
31 56 56 101
32 364 53 167
32 91 60 119
34 254 62 148
35 221 45 137
43 86 66 143
44 55 47 113
45 83 55 152
46 272 69 158
49 280 63 173
55 87 49 119
55 198 51 102
58 268 58 170
64 273 66 177
64 238 48 176
66 182 60 183
66 248 52 95
67 302 53 97
69 319 70 102
70 182 43 185
71 82 54 100
76 144 62 182
81 193 63 175
81 82 70 129
82 209 47 128
82 138 46 168
86 99 62 137
88 192 53 163
91 198 57 151
96 358 67 189
96 345 45 187
100 155 70 166
101 295 64 138
117 200 47 138
123 313 69 129
125 331 42 186
125 265 61 159
127 143 69 111
128 266 45 179
129 256 68 196
131 199 53 146
138 203 52 182
145 164 49 98
149 218 52 152
153 270 41 176
156 287 45 129
169 305 49 197
171 242 55 187
180 275 49 186
185 286 53 180
188 275 46 139
193 360 70 170
197 349 43 163
203 353 57 148
207 349 59 94
208 333 67 185
210 260 56 139
222 303 59 111
260 327 53 164
279 285 56 182
283 326 60 96
289 304 61 120
293 323 41 185
293 310 57 178
295 308 58 187
305 321 53 197
307 334 62 130
309 321 51 106
333 363 41 117