925
0 2 16 150 50
1 8 64 150 64
2 16 64 150 70
3 8 2 50 52
4 16 16 150 58
5 16 16 200 80
6 2 4 150 70
7 2 2 200 59
8 8 64 50 64
9 8 16 150 68
10 16 16 200 78
11 2 2 150 81
12 16 64 200 70
13 16 16 150 88
14 8 16 200 51
15 16 2 100 80
16 16 16 200 96
17 8 4 200 73
18 16 4 150 81
19 16 64 150 59
20 2 4 150 68
21 2 64 50 84
22 8 16 50 52
23 16 16 50 56
24 8 64 200 54
25 16 16 100 100
26 2 16 200 73
27 8 2 50 72
28 8 64 150 66
29 16 16 100 68
30 8 4 50 84
31 16 4 200 83
32 2 64 200 77
33 8 16 200 66
34 16 2 150 61
35 8 4 200 96
36 2 16 150 79
37 2 16 200 98
38 2 4 150 91
39 2 64 200 86
40 8 2 150 83
41 8 16 150 55
42 2 2 200 52
43 16 64 150 89
44 16 4 50 70
45 8 4 50 96
46 2 16 100 99
47 2 4 100 68
48 16 4 50 100
49 16 2 150 80
50 8 2 150 74
51 8 16 100 72
52 8 2 50 77
53 16 64 50 89
54 8 2 100 78
55 16 4 50 53
56 2 16 200 96
57 2 64 150 55
58 8 16 150 74
59 16 4 150 63
60 8 16 150 50
61 16 2 50 96
62 16 16 100 53
63 8 4 200 97
64 2 64 150 93
65 2 16 200 99
66 16 16 100 69
67 8 16 100 80
68 16 4 200 52
69 16 2 150 68
70 2 16 100 83
71 2 4 150 85
72 2 4 200 83
73 2 2 200 91
74 16 64 200 51
75 2 4 200 77
76 8 64 200 77
77 8 2 100 82
78 16 16 100 78
79 8 2 200 62
80 8 2 200 64
81 16 64 100 85
82 16 16 200 61
83 16 16 150 86
84 2 4 50 99
85 2 16 100 57
86 8 4 150 85
87 8 64 100 63
88 2 64 200 59
89 8 16 100 69
90 8 16 50 61
91 8 4 50 79
92 16 4 150 90
93 8 64 100 50
94 8 16 200 73
95 8 16 50 79
96 16 64 100 89
97 8 64 200 71
98 16 64 150 77
99 8 4 100 88
100 16 4 200 87
101 2 16 150 80
102 2 2 50 65
103 8 16 100 76
104 16 4 150 89
105 8 2 150 97
106 8 2 50 74
107 8 16 150 55
108 8 64 50 87
109 2 2 200 62
110 16 64 50 71
111 16 16 100 57
112 2 4 150 54
113 8 64 100 57
114 2 4 150 64
115 8 2 200 91
116 8 2 100 68
117 8 2 150 91
118 2 2 100 69
119 2 2 150 73
120 8 4 50 54
121 8 64 150 98
122 8 4 100 56
123 8 2 100 79
124 8 16 100 50
125 8 4 150 100
126 2 4 200 50
127 2 4 100 62
128 8 64 150 53
129 2 4 200 61
130 8 2 150 86
131 2 2 50 73
132 2 2 200 99
133 2 64 50 56
134 16 2 100 62
135 8 4 150 95
136 8 64 200 93
137 16 64 150 99
138 8 64 150 51
139 2 2 150 83
140 8 64 150 90
141 16 4 100 76
142 2 16 200 68
143 2 2 200 88
144 8 16 100 86
145 2 4 200 50
146 8 64 100 58
147 16 4 200 78
148 8 16 150 51
149 8 4 50 83
150 8 16 100 72
151 8 16 150 81
152 2 16 200 66
153 8 4 150 76
154 16 2 200 58
155 16 64 50 94
156 2 16 100 65
157 16 16 100 53
158 16 4 150 57
159 2 16 50 65
160 2 4 200 57
161 8 64 200 57
162 2 64 200 97
163 16 4 100 74
164 16 16 100 85
165 16 2 150 76
166 2 16 100 74
167 2 16 50 68
168 8 4 100 76
169 8 16 200 89
170 2 16 200 71
171 8 16 150 55
172 2 64 100 68
173 2 4 200 54
174 16 64 200 99
175 8 16 50 71
176 16 4 50 76
177 16 64 50 62
178 8 16 50 70
179 8 2 50 52
180 2 16 200 72
181 2 64 50 75
182 2 4 200 51
183 16 4 150 66
184 8 4 100 50
185 2 16 100 91
186 16 16 100 86
187 16 64 200 85
188 8 4 150 68
189 16 64 200 67
190 2 4 200 50
191 8 64 200 100
192 8 64 150 58
193 16 16 200 99
194 2 4 200 69
195 2 16 100 81
196 8 4 200 99
197 16 4 200 96
198 16 16 200 99
199 16 2 100 85
200 16 64 50 76
201 2 64 150 90
202 16 64 200 93
203 2 16 100 85
204 2 64 50 62
205 2 2 200 97
206 2 16 50 94
207 2 4 150 84
208 8 16 200 64
209 2 64 200 53
210 8 4 50 65
211 8 2 150 65
212 2 16 150 82
213 8 64 50 50
214 2 64 100 63
215 16 4 150 93
216 2 2 200 63
217 16 2 50 51
218 2 2 50 91
219 8 64 150 57
220 8 64 100 100
221 8 4 150 71
222 8 64 50 96
223 2 2 200 93
224 16 64 200 64
225 2 16 50 80
226 16 64 150 51
227 16 4 200 84
228 2 16 50 64
229 16 4 50 75
230 2 4 200 97
231 16 4 200 83
232 2 4 100 70
233 16 64 200 78
234 8 64 150 76
235 2 64 100 85
236 2 2 50 84
237 16 4 100 76
238 2 2 200 99
239 8 64 50 72
240 8 16 50 90
241 2 2 100 73
242 2 16 150 93
243 2 2 50 84
244 2 16 150 82
245 2 2 100 92
246 2 2 50 53
247 8 16 200 56
248 2 4 50 67
249 8 4 100 83
250 2 64 150 98
251 2 16 150 64
252 8 16 50 72
253 2 4 100 89
254 8 2 150 85
255 2 2 150 79
256 8 16 50 68
257 2 4 100 57
258 2 2 50 64
259 8 4 200 83
260 2 64 150 100
261 2 4 50 52
262 8 64 150 60
263 16 2 200 72
264 16 16 150 72
265 2 64 150 51
266 2 64 50 71
267 2 2 150 83
268 16 16 150 65
269 2 4 50 77
270 16 64 100 72
271 16 2 150 50
272 16 16 100 87
273 8 16 150 88
274 2 4 150 66
275 8 2 100 78
276 8 16 50 93
277 16 64 200 50
278 16 64 50 93
279 16 16 50 75
280 8 64 150 85
281 8 16 100 55
282 2 2 50 85
283 2 64 150 55
284 8 2 200 61
285 16 64 200 82
286 2 2 200 50
287 8 16 50 63
288 16 4 200 98
289 16 16 150 77
290 8 64 100 90
291 2 64 50 57
292 16 16 150 64
293 8 64 100 89
294 16 2 200 51
295 16 2 150 90
296 8 16 200 64
297 16 16 50 75
298 16 64 200 73
299 16 16 150 98
300 2 4 150 79
301 8 16 200 92
302 2 16 100 71
303 8 2 100 96
304 2 64 150 50
305 16 16 50 79
306 16 64 200 88
307 16 2 50 52
308 16 2 200 63
309 2 2 100 99
310 8 4 150 94
311 8 16 100 79
312 2 16 150 87
313 2 2 150 97
314 8 16 50 81
315 16 16 50 65
316 16 16 100 89
317 16 2 150 56
318 8 2 50 78
319 16 4 150 86
320 16 64 200 62
321 16 64 150 58
322 8 16 100 92
323 2 64 100 51
324 8 2 150 64
325 8 16 50 59
326 8 16 50 80
327 16 2 150 54
328 8 16 150 67
329 8 4 200 61
330 16 16 100 72
331 8 2 150 65
332 16 64 100 52
333 2 64 200 99
334 2 4 150 89
335 8 16 100 72
336 16 64 100 58
337 8 16 100 76
338 8 64 150 80
339 8 4 50 60
340 16 2 100 64
341 2 64 100 73
342 2 4 100 69
343 2 64 200 54
344 2 16 50 97
345 8 64 50 55
346 16 4 100 90
347 8 64 50 74
348 2 16 200 72
349 16 64 100 71
350 16 16 200 80
351 8 2 50 78
352 16 4 200 91
353 16 64 100 73
354 16 64 200 78
355 8 4 100 97
356 8 64 150 97
357 2 2 50 68
358 16 16 100 60
359 2 4 200 81
360 2 4 200 94
361 16 16 200 57
362 2 2 100 88
363 16 16 100 89
364 16 4 50 95
365 8 64 50 78
366 8 64 100 67
367 8 16 50 86
368 2 16 50 73
369 16 64 100 60
370 2 2 50 71
371 16 4 50 95
372 8 64 200 50
373 8 2 200 78
374 16 16 200 74
375 8 64 150 77
376 2 2 50 95
377 16 2 100 94
378 2 64 100 62
379 8 64 200 62
380 2 2 100 50
381 16 16 200 95
382 8 2 100 64
383 8 2 150 70
384 8 64 50 87
385 8 64 50 86
386 8 2 100 92
387 16 16 100 90
388 16 16 200 90
389 16 2 150 53
390 2 4 200 99
391 2 4 50 58
392 8 4 50 81
393 2 4 100 77
394 2 64 50 71
395 16 64 200 96
396 8 16 200 69
397 2 4 200 85
398 2 4 200 63
399 2 16 150 88
400 8 64 200 66
401 8 4 150 70
402 16 16 100 61
403 16 64 150 79
404 2 64 50 78
405 2 2 50 74
406 8 4 200 68
407 2 2 50 84
408 8 16 200 100
409 2 64 200 57
410 2 16 50 71
411 8 64 150 50
412 2 4 100 86
413 8 16 50 67
414 2 64 200 89
415 16 16 150 74
416 16 64 150 79
417 8 2 50 67
418 8 64 100 83
419 16 16 150 54
420 8 2 50 54
421 8 2 100 77
422 8 16 50 81
423 2 64 50 94
424 2 16 200 53
425 2 16 100 67
426 8 64 150 98
427 8 2 100 52
428 2 2 150 64
429 8 4 200 80
430 8 2 100 80
431 8 64 50 66
432 16 64 50 93
433 8 64 200 59
434 2 64 200 84
435 8 4 50 99
436 8 64 150 71
437 2 4 50 91
438 8 64 50 90
439 16 64 100 55
440 8 64 200 79
441 16 4 50 50
442 16 16 50 70
443 8 2 200 76
444 2 2 200 95
445 8 4 100 92
446 2 16 150 91
447 2 2 50 71
448 16 16 100 52
449 16 16 200 55
450 16 2 200 93
451 16 2 150 72
452 2 2 200 97
453 16 16 50 95
454 16 16 100 85
455 8 2 150 52
456 16 4 50 55
457 2 4 50 53
458 16 64 100 91
459 8 64 150 58
460 8 64 100 74
461 2 64 200 86
462 2 2 200 64
463 2 16 200 92
464 16 64 150 85
465 2 2 200 65
466 16 16 50 57
467 2 16 200 84
468 8 16 150 55
469 16 16 100 97
470 8 16 100 89
471 2 2 150 93
472 16 2 50 86
473 16 16 150 60
474 8 2 50 76
475 8 2 100 84
476 2 64 150 70
477 2 4 150 70
478 8 2 50 58
479 16 64 100 59
480 16 64 100 77
481 16 2 150 58
482 16 64 150 74
483 2 2 50 80
484 2 2 100 84
485 8 2 200 72
486 16 2 50 63
487 2 16 200 59
488 2 16 50 57
489 16 4 150 97
490 16 16 150 96
491 16 4 100 76
492 8 16 50 87
493 2 64 200 72
494 16 64 200 50
495 16 4 50 61
496 16 4 200 88
497 8 64 50 84
498 2 64 200 81
499 8 64 200 88
500 2 16 50 59
501 2 64 50 87
502 8 4 100 75
503 2 4 200 89
504 2 2 100 88
505 2 4 200 79
506 2 16 200 77
507 16 16 150 58
508 16 16 200 61
509 8 16 50 52
510 16 4 150 50
511 8 16 200 83
512 2 4 200 56
513 8 16 50 87
514 8 64 150 96
515 2 16 150 88
516 8 4 100 80
517 8 2 50 79
518 16 64 50 65
519 8 64 100 81
520 8 4 100 76
521 8 16 150 82
522 16 64 100 89
523 2 4 150 84
524 16 16 100 70
525 2 64 150 56
526 8 2 50 65
527 16 4 50 92
528 16 4 200 54
529 16 4 100 70
530 16 16 200 64
531 16 64 50 89
532 2 4 100 84
533 16 2 50 71
534 8 4 100 81
535 16 4 50 68
536 8 2 100 50
537 2 2 100 85
538 8 64 200 61
539 2 4 200 90
540 16 16 200 98
541 2 4 200 74
542 8 16 50 94
543 16 4 50 65
544 2 16 150 85
545 2 16 50 69
546 2 16 50 77
547 2 64 50 96
548 16 2 100 63
549 16 2 50 66
550 2 4 100 51
551 16 64 200 53
552 8 64 200 75
553 16 16 200 77
554 8 64 100 67
555 16 4 150 63
556 2 2 50 65
557 16 16 100 79
558 8 2 150 51
559 2 64 200 67
560 8 2 50 86
561 8 4 150 53
562 16 16 50 87
563 8 16 200 92
564 16 2 50 68
565 16 16 100 69
566 8 64 150 74
567 16 16 50 97
568 16 2 100 84
569 2 2 100 66
570 2 4 150 99
571 2 64 200 62
572 8 2 50 53
573 16 16 150 57
574 2 2 50 94
575 16 2 50 95
576 2 64 50 67
577 2 16 100 51
578 16 2 50 90
579 8 16 100 80
580 8 16 100 90
581 8 2 150 54
582 16 64 50 99
583 16 64 100 81
584 16 16 50 82
585 8 2 150 62
586 8 16 200 50
587 2 16 200 51
588 8 2 150 86
589 2 64 100 84
590 8 64 100 98
591 2 64 100 53
592 16 64 50 95
593 16 64 200 82
594 2 4 50 95
595 2 2 200 79
596 16 64 100 97
597 8 2 150 81
598 16 4 50 91
599 16 2 150 84
600 16 64 100 100
601 2 16 50 100
602 2 4 100 96
603 16 64 200 61
604 8 64 50 78
605 2 4 100 75
606 16 2 150 76
607 2 16 100 59
608 8 16 100 64
609 2 4 100 70
610 2 16 50 95
611 8 64 150 85
612 2 64 100 53
613 2 4 50 95
614 16 2 50 54
615 16 4 50 69
616 8 16 50 61
617 16 2 100 74
618 8 64 100 56
619 16 4 50 62
620 8 2 50 99
621 16 2 150 86
622 8 4 50 89
623 8 4 200 96
624 16 2 200 99
625 2 16 200 57
626 2 2 100 99
627 2 4 50 61
628 16 4 100 100
629 8 4 200 84
630 2 16 100 63
631 2 16 150 77
632 16 64 100 58
633 16 64 50 80
634 16 2 100 84
635 2 2 200 88
636 2 4 50 56
637 16 4 150 61
638 2 2 200 50
639 8 4 150 73
640 2 2 50 63
641 16 16 50 50
642 16 64 50 88
643 2 64 200 53
644 16 16 100 97
645 8 16 150 82
646 8 16 50 88
647 16 2 150 75
648 8 4 50 88
649 8 16 150 63
650 16 16 200 58
651 8 2 150 85
652 8 64 100 58
653 8 4 100 52
654 8 16 200 62
655 16 2 100 61
656 2 2 100 70
657 8 4 200 54
658 8 16 200 86
659 16 4 150 56
660 8 16 200 97
661 8 16 150 59
662 8 4 150 67
663 2 16 100 59
664 2 2 100 69
665 8 2 150 63
666 8 2 50 92
667 16 4 200 92
668 2 2 200 71
669 2 2 150 77
670 2 16 50 95
671 8 2 150 96
672 16 2 50 82
673 16 2 100 88
674 16 64 150 83
675 16 4 200 97
676 8 64 150 57
677 8 16 100 53
678 8 16 50 74
679 2 64 150 51
680 8 64 100 76
681 8 4 50 82
682 2 2 200 98
683 2 64 100 64
684 2 16 200 56
685 8 16 200 55
686 16 2 150 54
687 16 64 150 75
688 8 16 50 67
689 8 64 50 88
690 8 64 200 72
691 16 4 150 81
692 8 2 50 90
693 8 16 150 92
694 16 2 50 95
695 2 2 200 64
696 2 64 100 72
697 16 2 100 88
698 16 2 50 71
699 16 64 200 59
700 16 64 200 76
701 2 64 200 58
702 2 16 200 96
703 16 4 200 60
704 16 4 100 94
705 2 64 200 91
706 16 16 150 79
707 2 64 200 93
708 2 2 150 56
709 2 4 100 85
710 2 64 150 54
711 8 4 200 96
712 2 2 150 81
713 16 2 50 62
714 16 16 150 96
715 16 16 150 54
716 16 16 200 99
717 16 64 150 53
718 2 64 150 79
719 8 16 50 96
720 2 2 100 55
721 2 2 200 55
722 8 16 100 65
723 8 4 200 97
724 2 64 200 64
725 8 4 200 69
726 2 2 200 77
727 16 16 50 86
728 8 2 100 94
729 2 64 150 58
730 16 16 50 75
731 8 4 100 61
732 16 16 150 65
733 8 16 100 86
734 8 16 200 74
735 16 64 50 94
736 2 64 150 80
737 8 4 100 68
738 16 2 50 57
739 8 4 100 86
740 2 2 150 89
741 16 4 50 65
742 2 4 50 92
743 16 16 100 54
744 2 16 50 98
745 16 64 150 78
746 16 2 150 52
747 8 64 200 74
748 8 4 50 86
749 2 16 50 59
750 8 4 200 74
751 8 2 200 78
752 16 4 100 75
753 16 2 200 67
754 16 4 200 83
755 16 2 200 100
756 8 4 150 54
757 8 16 150 85
758 8 2 100 51
759 16 16 150 91
760 2 2 150 94
761 16 4 200 50
762 2 16 200 66
763 2 2 150 97
764 16 2 200 69
765 16 4 50 50
766 2 2 50 90
767 8 64 200 80
768 2 4 200 71
769 16 4 100 99
770 16 4 100 60
771 16 2 50 90
772 8 4 200 73
773 2 4 100 97
774 2 4 100 76
775 16 2 150 61
776 16 16 50 74
777 16 16 200 54
778 2 64 50 54
779 16 16 100 95
780 2 64 100 87
781 16 4 50 61
782 16 16 150 57
783 2 64 200 64
784 8 16 100 81
785 2 64 150 96
786 8 64 150 51
787 8 2 150 78
788 2 4 150 83
789 2 16 150 66
790 2 16 150 91
791 2 16 50 84
792 16 2 200 63
793 8 4 50 99
794 2 2 200 63
795 16 64 150 84
796 16 64 50 69
797 16 16 100 78
798 8 4 150 58
799 16 4 50 70
800 2 2 50 53
801 8 64 50 69
802 2 4 50 72
803 8 2 50 88
804 2 4 200 81
805 8 2 50 63
806 8 2 200 81
807 8 64 50 56
808 16 4 50 70
809 2 2 100 73
810 2 4 100 57
811 16 64 50 81
812 16 16 200 52
813 8 4 100 55
814 8 16 200 77
815 8 16 50 60
816 2 16 200 100
817 16 2 200 72
818 16 4 100 92
819 8 2 100 96
820 8 16 150 50
821 8 2 150 89
822 2 16 200 81
823 2 4 150 80
824 8 4 150 69
825 16 64 50 65
826 16 16 50 61
827 8 16 200 89
828 16 16 150 99
829 8 4 100 68
830 16 64 50 83
831 16 2 150 62
832 16 64 150 88
833 16 4 100 71
834 2 16 150 74
835 16 2 150 70
836 8 4 150 91
837 8 16 50 51
838 16 64 100 69
839 8 64 200 74
840 2 2 200 58
841 8 64 100 56
842 16 4 100 55
843 8 64 150 55
844 8 16 200 69
845 8 4 150 83
846 2 2 50 72
847 8 2 50 83
848 8 4 200 85
849 16 2 150 92
850 16 2 200 93
851 8 2 100 96
852 8 4 100 58
853 2 2 150 51
854 8 16 50 93
855 16 16 100 83
856 16 4 50 53
857 16 16 100 79
858 2 2 150 83
859 2 2 50 61
860 16 4 200 66
861 8 2 100 72
862 2 4 100 86
863 16 16 200 87
864 2 4 200 60
865 8 64 50 52
866 2 64 50 80
867 2 64 50 99
868 2 2 50 67
869 8 2 100 66
870 8 64 100 79
871 16 4 50 82
872 2 64 100 53
873 2 4 150 81
874 16 4 200 60
875 8 4 150 53
876 8 2 100 98
877 2 16 200 72
878 2 16 200 90
879 2 4 200 57
880 16 64 100 59
881 8 16 100 70
882 16 4 150 58
883 16 4 100 71
884 2 16 50 52
885 2 64 200 84
886 8 2 200 51
887 16 4 150 85
888 2 4 200 90
889 16 2 50 50
890 2 2 150 94
891 8 2 200 63
892 2 64 50 71
893 8 64 200 73
894 2 16 100 69
895 8 64 50 79
896 16 2 200 79
897 16 16 100 95
898 8 2 100 72
899 2 16 50 62
900 2 64 150 78
901 8 64 50 69
902 8 2 200 87
903 8 16 150 73
904 2 16 200 78
905 8 16 150 80
906 16 4 100 82
907 16 2 50 80
908 16 2 100 55
909 2 64 50 70
910 8 64 100 54
911 8 16 100 65
912 16 16 100 93
913 8 2 200 67
914 2 16 50 100
915 16 4 150 74
916 2 2 100 83
917 8 16 150 94
918 2 4 200 93
919 2 64 200 67
920 2 16 200 63
921 16 64 200 51
922 16 2 200 62
923 2 2 150 66
924 8 16 50 52
63
0 647 44 94
35 528 60 116
36 489 49 171
40 134 41 160
42 671 53 174
52 402 44 152
55 692 65 175
66 69 50 189
76 812 55 162
87 778 40 176
91 750 42 104
93 588 51 100
113 750 57 125
117 490 63 93
127 862 46 145
130 484 47 187
133 595 68 140
138 581 70 154
141 825 45 166
156 264 51 100
164 814 45 127
166 292 42 97
175 745 70 172
180 888 56 111
186 710 54 145
188 741 69 110
200 862 69 127
203 388 45 104
220 520 63 187
231 242 51 152
235 342 58 100
245 458 67 127
246 506 51 96
249 566 46 109
260 886 44 195
262 269 65 125
264 561 40 150
264 720 54 92
305 332 69 166
306 322 63 94
322 757 51 111
324 450 41 195
336 758 48 176
343 736 49 115
355 388 66 102
385 561 41 196
428 432 56 110
428 817 56 108
432 618 50 159
494 844 43 180
519 614 40 189
536 883 70 150
561 695 52 174
608 887 42 169
652 770 64 141
675 809 49 169
683 859 59 171
695 804 62 166
706 814 48 106
748 809 51 120
774 823 54 184
836 856 62 95
863 917 42 131