632
0 16 128 500 69
1 16 64 2000 90
2 32 8 100 89
3 32 128 1000 93
4 64 16 2000 38
5 64 64 1000 70
6 32 16 500 47
7 32 128 200 48
8 16 64 100 93
9 64 8 2000 48
10 16 64 100 42
11 64 8 200 36
12 16 8 200 69
13 4 128 200 78
14 32 128 2000 47
15 4 16 2000 92
16 64 64 100 37
17 16 128 500 37
18 4 128 100 61
19 4 128 500 76
20 64 128 1000 51
21 16 8 100 75
22 4 8 200 36
23 32 64 500 69
24 16 8 200 70
25 4 8 500 49
26 4 8 500 39
27 32 64 2000 67
28 4 128 2000 65
29 16 8 1000 85
30 16 64 200 45
31 32 8 1000 70
32 16 128 1000 35
33 4 16 200 48
34 32 16 2000 63
35 64 16 500 39
36 4 64 1000 68
37 16 128 1000 73
38 4 128 1000 44
39 16 8 200 44
40 32 64 100 47
41 4 64 1000 85
42 16 16 1000 84
43 32 64 200 37
44 32 8 500 38
45 16 64 100 76
46 64 64 200 54
47 4 128 2000 80
48 32 16 2000 96
49 64 16 2000 91
50 4 128 200 40
51 4 128 500 34
52 4 16 500 59
53 32 8 500 82
54 16 128 500 88
55 64 128 500 70
56 16 16 1000 47
57 16 128 500 36
58 4 64 1000 35
59 64 128 200 40
60 16 64 500 73
61 16 16 100 70
62 4 8 200 80
63 32 64 500 64
64 64 64 2000 93
65 64 8 500 34
66 4 16 200 83
67 16 128 1000 90
68 4 64 500 46
69 64 64 500 75
70 64 16 2000 57
71 64 16 2000 81
72 16 64 500 81
73 4 64 2000 65
74 16 128 500 35
75 16 16 500 71
76 64 8 2000 39
77 32 16 500 42
78 4 8 200 52
79 64 128 2000 84
80 32 16 200 76
81 32 128 500 71
82 4 128 200 77
83 64 8 100 40
84 64 8 500 40
85 16 16 1000 41
86 64 8 2000 49
87 16 8 200 47
88 32 8 500 43
89 64 8 1000 57
90 4 8 1000 40
91 64 128 100 43
92 32 8 1000 63
93 4 64 500 66
94 16 16 500 50
95 64 8 500 94
96 64 64 1000 58
97 64 128 1000 49
98 4 8 2000 79
99 4 128 2000 93
100 16 128 100 32
101 16 64 1000 52
102 64 8 1000 63
103 16 8 200 83
104 32 8 500 52
105 32 16 500 71
106 4 64 100 88
107 64 64 500 93
108 64 8 500 52
109 4 128 1000 40
110 16 128 200 81
111 64 8 2000 53
112 16 128 1000 53
113 4 16 200 92
114 16 64 500 74
115 64 8 100 53
116 32 8 2000 49
117 16 64 500 65
118 64 64 1000 100
119 32 128 2000 50
120 4 8 1000 56
121 64 16 200 93
122 64 16 2000 100
123 16 8 1000 80
124 64 128 1000 61
125 32 128 1000 48
126 64 64 2000 35
127 4 16 1000 64
128 32 8 2000 51
129 4 16 100 70
130 16 128 500 40
131 4 128 200 53
132 32 64 200 100
133 16 64 1000 31
134 64 8 500 84
135 4 8 200 92
136 64 16 2000 60
137 64 128 100 100
138 32 8 500 91
139 32 16 100 37
140 16 8 1000 53
141 64 128 2000 100
142 16 16 500 78
143 16 16 1000 37
144 4 8 200 92
145 4 64 1000 49
146 4 128 100 32
147 64 16 2000 69
148 64 64 100 100
149 64 8 100 64
150 32 64 2000 72
151 4 16 2000 46
152 32 16 500 93
153 16 64 500 63
154 16 128 100 93
155 16 8 100 44
156 4 8 100 90
157 64 128 1000 84
158 16 64 1000 97
159 32 16 1000 99
160 16 16 200 59
161 32 16 2000 58
162 4 8 1000 64
163 16 64 1000 56
164 16 8 500 42
165 16 16 500 56
166 4 128 2000 40
167 64 16 2000 73
168 4 8 2000 80
169 64 128 2000 53
170 64 16 1000 95
171 32 8 200 83
172 16 64 500 40
173 4 8 2000 58
174 32 64 200 100
175 4 16 200 80
176 16 16 100 86
177 16 8 500 75
178 64 16 500 37
179 64 16 500 44
180 32 64 100 87
181 64 8 1000 94
182 16 8 2000 47
183 32 16 500 63
184 64 16 500 75
185 16 8 200 76
186 32 64 500 60
187 16 128 2000 89
188 64 128 1000 81
189 32 16 1000 97
190 4 8 1000 93
191 16 16 500 100
192 4 16 100 34
193 32 64 1000 53
194 16 16 200 39
195 32 16 1000 62
196 32 64 500 39
197 16 64 2000 89
198 32 16 200 50
199 4 8 100 32
200 32 16 200 34
201 64 16 1000 89
202 16 64 100 87
203 16 64 100 70
204 32 8 200 33
205 4 128 100 87
206 16 128 2000 91
207 4 64 2000 78
208 32 64 1000 40
209 4 64 1000 56
210 32 8 1000 90
211 64 8 100 100
212 4 8 200 84
213 32 8 1000 31
214 4 8 1000 69
215 64 16 2000 47
216 16 16 200 82
217 16 8 200 91
218 16 64 100 57
219 16 128 2000 30
220 4 64 1000 37
221 16 8 100 89
222 16 16 100 32
223 64 64 1000 99
224 4 8 500 95
225 64 64 2000 41
226 64 128 2000 73
227 4 128 2000 36
228 64 16 500 96
229 4 8 500 77
230 16 16 1000 71
231 32 64 2000 76
232 4 16 500 91
233 16 128 2000 98
234 32 64 500 99
235 32 16 500 93
236 16 8 1000 54
237 32 64 2000 67
238 16 64 100 35
239 64 8 100 87
240 32 8 2000 30
241 16 8 100 99
242 4 16 2000 96
243 4 64 1000 67
244 16 16 100 71
245 32 8 100 32
246 32 16 500 56
247 32 8 1000 81
248 4 64 500 32
249 32 128 500 98
250 16 128 100 82
251 64 8 200 83
252 32 16 2000 38
253 64 128 200 79
254 64 64 1000 90
255 4 16 100 98
256 16 64 500 48
257 32 8 100 43
258 64 16 100 54
259 64 8 500 88
260 4 8 100 70
261 32 16 1000 36
262 16 64 1000 67
263 4 16 2000 48
264 64 64 200 94
265 16 128 2000 49
266 32 16 2000 50
267 16 64 100 73
268 16 128 100 81
269 16 128 2000 91
270 4 128 500 75
271 4 64 100 51
272 64 8 100 59
273 64 128 2000 71
274 32 128 1000 55
275 64 64 500 96
276 4 16 200 39
277 32 128 500 55
278 64 16 500 33
279 4 128 1000 60
280 4 64 2000 79
281 4 64 1000 47
282 16 64 2000 65
283 16 8 500 59
284 16 64 200 31
285 4 128 1000 74
286 4 16 100 65
287 64 128 500 40
288 16 8 200 62
289 4 8 2000 66
290 16 16 500 51
291 4 128 1000 75
292 32 16 2000 100
293 32 128 200 87
294 16 16 1000 70
295 32 64 500 44
296 32 16 100 42
297 32 8 500 75
298 4 8 1000 65
299 16 128 200 48
300 32 128 100 54
301 64 128 500 94
302 64 8 500 43
303 64 64 500 86
304 32 64 500 54
305 4 64 2000 34
306 64 16 200 51
307 4 64 500 46
308 16 64 500 69
309 4 16 500 70
310 16 64 200 66
311 32 16 100 48
312 32 8 100 80
313 32 8 1000 68
314 16 8 2000 38
315 64 128 1000 86
316 16 16 100 93
317 64 64 2000 45
318 64 8 1000 99
319 4 16 100 96
320 64 8 100 37
321 32 128 500 78
322 32 64 500 100
323 32 64 100 82
324 4 64 500 62
325 4 16 2000 38
326 4 128 200 80
327 64 16 100 36
328 32 64 1000 43
329 32 128 500 91
330 32 16 200 90
331 4 128 100 53
332 4 128 2000 95
333 64 64 1000 35
334 32 128 200 97
335 16 64 200 88
336 16 16 2000 67
337 64 128 1000 75
338 32 8 100 71
339 4 8 200 95
340 64 64 2000 98
341 32 64 500 56
342 4 128 1000 53
343 16 64 500 51
344 32 8 500 44
345 4 16 200 55
346 64 16 200 68
347 16 64 500 40
348 4 16 1000 61
349 64 8 1000 69
350 16 128 200 90
351 16 16 200 57
352 4 16 200 63
353 4 64 1000 84
354 16 16 100 59
355 64 128 1000 46
356 16 16 2000 40
357 4 16 100 43
358 32 64 1000 54
359 32 8 1000 33
360 4 16 100 88
361 16 8 1000 74
362 32 16 500 88
363 16 16 500 74
364 16 16 500 50
365 16 128 1000 87
366 32 8 2000 72
367 64 8 200 59
368 64 64 200 82
369 32 8 2000 38
370 4 16 200 67
371 4 128 500 87
372 64 64 500 46
373 32 16 100 58
374 32 128 200 39
375 64 16 200 34
376 16 128 200 62
377 64 64 100 98
378 64 64 200 80
379 64 16 500 39
380 16 8 1000 87
381 4 128 2000 59
382 64 8 1000 58
383 64 64 100 46
384 64 128 2000 80
385 4 128 100 63
386 4 16 500 56
387 32 64 200 34
388 64 16 2000 77
389 4 128 2000 52
390 32 64 200 99
391 64 8 500 50
392 16 128 200 35
393 4 16 1000 84
394 32 64 200 55
395 32 8 100 93
396 64 128 1000 79
397 64 8 2000 96
398 16 8 2000 70
399 32 64 1000 51
400 16 128 200 88
401 32 8 100 51
402 16 64 200 39
403 16 8 500 88
404 32 128 500 86
405 64 8 2000 55
406 16 64 100 41
407 4 64 100 96
408 64 8 2000 71
409 4 16 100 55
410 4 8 200 46
411 32 16 1000 71
412 16 128 2000 96
413 4 8 2000 71
414 32 16 1000 57
415 32 64 1000 53
416 32 64 500 57
417 32 64 1000 62
418 64 16 2000 49
419 16 128 200 36
420 4 64 1000 51
421 32 8 100 65
422 32 128 2000 88
423 64 8 100 38
424 16 8 2000 63
425 4 64 500 34
426 16 16 1000 32
427 16 128 200 34
428 4 128 1000 56
429 4 8 500 66
430 32 64 200 81
431 16 16 200 48
432 64 128 2000 54
433 32 64 200 37
434 32 16 1000 88
435 64 64 500 53
436 16 64 200 70
437 4 128 2000 73
438 16 64 200 96
439 64 8 2000 31
440 4 128 1000 62
441 64 64 2000 48
442 4 128 2000 88
443 16 128 2000 54
444 4 8 1000 33
445 32 8 1000 66
446 4 16 200 45
447 32 128 100 56
448 32 128 500 75
449 32 16 2000 56
450 32 8 200 68
451 64 8 2000 53
452 64 128 500 80
453 4 64 100 65
454 16 16 100 62
455 32 64 2000 86
456 16 128 200 56
457 64 16 200 43
458 32 128 2000 93
459 16 16 200 99
460 32 128 200 44
461 4 16 200 38
462 4 16 2000 44
463 4 8 100 80
464 64 64 1000 49
465 64 64 2000 71
466 16 8 500 33
467 4 128 1000 61
468 32 64 200 46
469 16 8 1000 38
470 64 8 200 60
471 32 8 100 54
472 16 8 100 57
473 4 128 1000 51
474 64 8 1000 92
475 32 128 200 92
476 16 16 1000 94
477 32 8 2000 54
478 16 8 200 77
479 16 64 500 35
480 16 16 200 35
481 16 64 500 83
482 32 64 2000 36
483 64 16 100 91
484 32 128 500 87
485 64 128 200 47
486 64 8 500 41
487 32 16 500 79
488 4 16 500 45
489 16 128 2000 89
490 32 8 1000 56
491 16 64 200 55
492 32 8 1000 31
493 4 64 100 91
494 64 128 500 92
495 4 64 1000 33
496 64 128 500 48
497 32 16 100 96
498 64 128 2000 64
499 16 8 2000 44
500 64 16 100 93
501 16 8 1000 57
502 16 8 1000 30
503 32 16 1000 58
504 16 64 1000 94
505 32 64 2000 97
506 32 64 2000 88
507 32 128 200 93
508 16 16 1000 34
509 32 128 1000 80
510 16 16 200 46
511 32 64 100 89
512 16 8 500 74
513 64 128 500 97
514 32 128 1000 32
515 4 64 500 88
516 4 8 500 77
517 64 64 2000 32
518 32 16 200 91
519 64 16 200 44
520 32 128 100 52
521 4 8 1000 100
522 32 128 500 83
523 16 8 2000 57
524 4 16 200 99
525 64 8 100 65
526 16 16 500 41
527 32 64 1000 45
528 32 8 1000 81
529 4 64 2000 50
530 32 8 500 100
531 4 64 2000 77
532 64 8 200 47
533 4 16 100 31
534 4 16 1000 43
535 16 128 500 67
536 4 64 500 50
537 4 64 2000 98
538 32 128 100 65
539 32 64 1000 62
540 16 16 500 72
541 64 16 500 100
542 4 8 200 99
543 16 64 2000 34
544 32 128 1000 85
545 16 8 2000 76
546 16 64 500 43
547 32 64 200 43
548 16 8 2000 46
549 4 128 200 66
550 4 64 1000 45
551 32 64 500 88
552 16 64 500 38
553 4 64 100 88
554 16 8 2000 96
555 4 64 100 38
556 64 16 200 60
557 16 128 2000 50
558 32 8 500 75
559 16 128 1000 63
560 64 128 100 69
561 32 128 1000 80
562 64 8 2000 69
563 4 64 100 57
564 4 8 1000 40
565 32 8 200 35
566 64 64 200 82
567 16 8 1000 30
568 32 128 100 64
569 32 16 2000 41
570 64 128 100 85
571 32 16 2000 60
572 64 8 2000 66
573 32 128 200 45
574 16 64 200 31
575 16 128 500 71
576 16 64 2000 42
577 16 128 200 30
578 32 16 500 81
579 4 16 1000 73
580 32 128 2000 60
581 64 64 100 44
582 4 128 200 91
583 64 8 100 80
584 32 16 200 46
585 64 16 500 84
586 4 16 2000 95
587 64 8 1000 77
588 4 64 100 68
589 64 128 200 86
590 16 64 500 59
591 16 16 200 66
592 32 128 100 78
593 32 128 100 85
594 16 8 2000 99
595 32 128 2000 68
596 4 8 200 67
597 4 128 2000 70
598 32 8 2000 73
599 16 64 100 42
600 4 8 100 77
601 4 128 200 87
602 16 128 2000 78
603 64 16 1000 99
604 64 64 1000 34
605 32 8 100 87
606 4 64 2000 93
607 64 16 100 95
608 16 8 1000 73
609 4 64 2000 57
610 32 128 2000 72
611 64 128 200 89
612 64 128 100 35
613 4 8 200 87
614 16 128 200 88
615 32 128 2000 64
616 32 8 200 56
617 4 64 2000 69
618 4 64 200 49
619 16 16 1000 35
620 32 128 200 64
621 16 128 1000 41
622 16 16 200 41
623 32 8 200 64
624 16 16 1000 32
625 16 16 1000 63
626 64 16 500 78
627 4 128 200 91
628 32 16 200 91
629 64 64 2000 42
630 16 8 200 32
631 16 8 2000 66
189
0 247 21 98
2 171 15 44
3 281 37 74
6 123 30 31
6 331 14 41
8 551 21 95
12 383 25 66
12 561 43 63
13 117 16 47
13 596 11 58
13 475 20 64
16 280 10 42
17 57 14 85
17 603 20 49
21 337 45 44
23 579 31 80
23 466 20 58
23 472 25 82
24 354 15 46
29 347 39 51
30 202 22 81
31 381 10 84
31 544 45 94
37 560 44 44
38 338 45 61
39 354 31 69
40 551 19 32
40 194 43 78
43 124 37 81
48 448 38 87
51 273 25 84
55 271 45 96
55 348 38 58
61 530 21 50
62 302 36 51
64 351 25 85
66 609 34 54
67 382 41 34
70 167 37 54
71 433 15 44
72 392 35 43
74 202 11 35
75 329 50 61
77 273 32 40
78 86 48 53
78 138 47 77
80 553 49 49
84 552 45 41
87 595 23 33
87 137 39 91
88 215 16 72
94 460 35 31
96 234 43 70
96 178 49 67
97 274 29 95
98 531 42 58
102 231 30 99
102 348 29 87
103 385 31 83
108 412 13 56
109 574 14 64
109 434 16 69
112 458 20 56
112 244 33 42
121 434 14 39
129 159 32 49
130 314 49 39
133 207 18 55
135 594 34 95
139 244 42 81
150 184 48 44
154 437 17 60
156 575 48 72
156 433 35 48
156 319 29 53
160 450 30 64
162 197 26 62
163 470 35 99
164 525 42 74
166 486 50 52
166 432 30 94
171 257 20 38
172 309 27 55
174 297 10 78
174 492 18 99
174 292 23 76
183 338 46 69
183 358 25 86
187 416 11 96
191 284 37 57
192 268 10 42
193 434 44 59
194 230 11 100
195 540 39 35
195 207 15 33
196 375 21 45
198 228 31 77
203 412 14 94
203 305 23 96
206 456 23 89
206 566 49 89
208 308 49 91
209 433 43 35
214 444 28 65
215 340 48 53
216 612 26 57
216 414 19 89
223 577 19 36
224 294 37 68
225 229 30 64
226 332 40 89
227 238 50 98
228 458 35 58
228 338 39 80
228 543 18 45
238 520 30 38
240 411 46 39
241 461 30 50
245 457 35 58
246 479 48 35
248 327 14 47
251 288 34 99
255 558 42 31
260 335 40 90
261 290 25 75
268 571 48 89
269 431 45 92
273 565 13 82
274 615 17 77
280 483 31 86
287 404 25 68
290 399 47 60
290 501 16 100
294 369 35 87
300 578 40 77
300 455 15 92
303 627 16 47
311 366 12 50
312 586 35 62
316 561 21 64
317 410 48 69
322 556 29 31
328 450 10 59
339 340 43 32
347 549 20 74
353 388 12 73
353 623 17 91
356 445 17 59
357 501 32 72
360 480 33 41
363 557 11 71
364 444 41 100
375 472 43 48
376 517 34 92
379 551 16 53
382 462 15 73
385 571 42 73
386 583 30 43
391 594 50 62
402 495 22 73
411 567 44 68
412 462 22 34
420 593 10 36
420 570 27 86
423 446 31 59
433 593 50 92
439 458 34 68
448 577 33 31
458 548 44 84
460 480 41 91
463 631 10 91
464 493 10 44
475 595 20 98
487 609 24 89
488 536 33 31
500 548 30 41
506 519 42 88
517 542 39 56
519 632 41 69
519 546 36 85
526 609 29 78
536 575 42 70
537 567 23 61
542 586 29 80
546 572 20 39
549 581 22 66
563 585 50 92
564 623 26 90
566 601 11 50