739
0 128 256 5000 168
1 128 16 1000 120
2 32 256 800 166
3 16 64 5000 94
4 64 128 800 197
5 64 16 800 182
6 32 64 2400 191
7 128 64 1000 186
8 32 16 800 185
9 32 128 1000 96
10 32 128 5000 156
11 32 256 1000 101
12 16 16 2400 171
13 128 64 500 165
14 128 16 2400 175
15 32 64 1000 99
16 16 256 1000 93
17 16 64 800 195
18 64 128 500 162
19 16 16 800 143
20 128 256 2400 158
21 128 16 500 197
22 64 256 800 101
23 16 128 1000 118
24 32 128 2400 144
25 16 16 1000 96
26 16 256 1000 133
27 64 64 5000 190
28 32 128 1000 132
29 16 64 5000 127
30 64 16 1000 113
31 64 256 1000 156
32 64 128 500 95
33 64 64 500 140
34 64 16 1000 118
35 64 128 500 164
36 32 64 800 102
37 16 64 2400 110
38 32 256 1000 169
39 32 128 800 127
40 64 16 1000 129
41 32 128 1000 124
42 16 128 800 177
43 32 128 2400 90
44 16 64 2400 101
45 128 16 800 120
46 64 256 800 119
47 128 256 2400 160
48 128 128 5000 186
49 32 16 500 188
50 16 256 1000 138
51 64 16 5000 172
52 64 256 800 146
53 64 64 500 121
54 16 128 1000 110
55 32 128 1000 108
56 16 256 5000 154
57 128 128 1000 143
58 32 256 1000 132
59 16 64 500 97
60 32 16 2400 148
61 16 16 5000 162
62 64 128 2400 187
63 16 256 800 148
64 64 128 2400 191
65 16 64 500 137
66 32 128 1000 155
67 64 256 500 112
68 64 64 500 145
69 16 256 5000 90
70 128 256 800 101
71 64 64 1000 102
72 64 128 1000 111
73 128 256 1000 198
74 32 16 500 101
75 128 256 500 137
76 64 256 1000 143
77 32 256 5000 106
78 32 64 5000 185
79 32 16 500 145
80 16 64 2400 92
81 32 64 1000 98
82 128 64 1000 170
83 64 128 800 154
84 16 256 500 188
85 32 128 5000 114
86 128 256 5000 199
87 32 16 1000 186
88 128 16 800 141
89 32 128 1000 92
90 32 64 5000 184
91 32 16 800 135
92 64 128 2400 139
93 128 16 500 120
94 16 128 1000 116
95 16 128 1000 156
96 32 256 5000 173
97 16 16 5000 172
98 64 64 800 140
99 32 256 800 125
100 32 16 1000 100
101 32 64 5000 113
102 128 128 2400 191
103 16 256 5000 192
104 128 16 5000 131
105 32 128 800 140
106 16 128 800 124
107 128 128 5000 112
108 16 256 1000 184
109 32 256 5000 182
110 128 128 5000 173
111 128 256 2400 181
112 16 128 800 170
113 16 128 500 166
114 16 128 1000 130
115 64 256 5000 139
116 16 256 1000 108
117 128 16 800 108
118 16 16 800 186
119 16 64 5000 112
120 16 256 2400 131
121 32 256 500 151
122 128 64 2400 139
123 16 128 2400 134
124 32 256 5000 98
125 16 16 2400 116
126 16 64 500 194
127 32 128 2400 140
128 64 16 1000 198
129 128 128 800 147
130 16 256 500 120
131 32 64 2400 164
132 64 64 800 110
133 16 256 2400 118
134 16 128 800 184
135 64 128 5000 131
136 64 16 500 150
137 32 64 800 116
138 64 128 2400 107
139 64 64 800 90
140 128 128 800 139
141 128 64 800 137
142 32 128 1000 109
143 128 256 1000 106
144 128 128 2400 149
145 32 16 800 183
146 64 128 1000 140
147 128 64 500 119
148 64 256 500 199
149 16 128 2400 199
150 64 64 800 137
151 32 256 5000 178
152 16 128 500 97
153 64 16 800 114
154 64 128 2400 198
155 32 256 2400 182
156 16 64 800 95
157 128 256 500 149
158 128 64 5000 149
159 32 16 5000 124
160 32 16 5000 155
161 64 128 1000 149
162 32 16 2400 177
163 128 16 800 144
164 64 16 500 138
165 128 256 800 175
166 64 256 2400 105
167 128 128 800 136
168 32 256 500 146
169 16 64 500 187
170 16 16 500 125
171 32 64 2400 131
172 32 16 2400 138
173 64 128 500 90
174 128 128 800 187
175 128 128 800 176
176 16 128 2400 165
177 32 64 1000 122
178 64 64 800 163
179 128 64 1000 150
180 128 16 5000 181
181 64 128 1000 121
182 16 128 800 98
183 128 128 800 131
184 16 16 5000 114
185 16 16 5000 179
186 128 128 500 90
187 32 16 1000 194
188 64 256 800 180
189 128 256 5000 139
190 128 64 5000 190
191 32 16 800 183
192 128 256 2400 93
193 16 64 800 177
194 128 16 800 167
195 128 256 500 90
196 128 64 1000 191
197 16 256 2400 145
198 16 64 500 143
199 64 128 500 198
200 128 256 800 115
201 32 256 800 166
202 128 128 2400 161
203 128 16 5000 196
204 64 128 1000 118
205 16 64 1000 132
206 32 16 500 124
207 64 16 2400 95
208 64 256 500 158
209 64 64 2400 196
210 128 16 5000 196
211 32 256 2400 139
212 128 64 1000 97
213 64 128 1000 165
214 64 16 1000 137
215 16 128 2400 197
216 128 128 2400 126
217 16 64 1000 109
218 32 128 1000 200
219 128 16 2400 113
220 128 64 2400 150
221 32 16 800 177
222 64 16 800 175
223 32 64 2400 172
224 32 128 2400 172
225 64 16 500 157
226 32 128 800 141
227 128 128 800 144
228 16 16 2400 171
229 64 128 2400 185
230 32 128 1000 153
231 32 64 1000 186
232 32 64 800 169
233 16 128 500 184
234 128 16 5000 166
235 64 64 800 178
236 32 16 1000 109
237 64 64 800 93
238 16 16 800 194
239 32 128 5000 125
240 16 64 5000 162
241 128 128 5000 150
242 16 128 1000 136
243 16 16 5000 122
244 128 256 800 174
245 128 256 800 146
246 32 16 2400 113
247 32 128 800 157
248 128 16 800 103
249 128 256 800 192
250 128 16 2400 99
251 128 16 1000 111
252 32 64 2400 184
253 16 16 800 148
254 64 64 1000 144
255 16 128 2400 141
256 16 64 800 172
257 32 256 5000 134
258 128 64 500 118
259 16 128 800 184
260 32 16 800 176
261 16 256 500 198
262 16 16 5000 142
263 64 64 800 171
264 32 64 500 95
265 32 64 1000 198
266 32 256 1000 163
267 16 64 5000 96
268 64 16 500 90
269 128 64 2400 114
270 16 64 2400 121
271 64 64 1000 143
272 16 256 500 149
273 16 256 800 178
274 128 256 2400 95
275 32 16 1000 137
276 128 64 800 157
277 16 128 800 134
278 32 256 1000 96
279 32 256 800 178
280 64 64 800 114
281 32 256 1000 161
282 32 128 800 161
283 64 256 500 181
284 32 128 2400 102
285 128 128 2400 109
286 32 256 1000 135
287 32 256 2400 116
288 32 256 2400 106
289 16 16 1000 179
290 64 256 5000 196
291 16 256 500 185
292 128 64 2400 151
293 64 16 1000 97
294 32 16 5000 181
295 128 16 800 182
296 32 256 1000 193
297 32 128 5000 152
298 32 256 2400 200
299 32 256 5000 94
300 32 64 800 183
301 16 256 1000 148
302 32 64 1000 148
303 128 128 2400 125
304 16 16 800 154
305 128 16 5000 186
306 16 128 2400 131
307 16 16 2400 104
308 32 128 800 182
309 64 64 2400 113
310 128 16 2400 142
311 64 16 500 153
312 64 128 800 108
313 128 64 800 102
314 64 128 2400 199
315 16 64 500 125
316 64 64 5000 136
317 16 128 500 156
318 128 64 1000 152
319 16 256 5000 198
320 64 64 5000 193
321 64 256 5000 108
322 64 64 800 117
323 128 256 5000 173
324 128 128 800 182
325 16 256 500 149
326 32 128 800 161
327 128 16 1000 144
328 64 16 800 186
329 32 64 1000 122
330 16 64 5000 142
331 128 256 2400 188
332 64 64 800 145
333 32 128 800 93
334 128 256 2400 195
335 16 16 1000 199
336 16 128 2400 178
337 64 64 800 176
338 32 256 1000 135
339 16 256 2400 91
340 128 64 1000 141
341 32 16 500 171
342 128 128 500 193
343 128 16 500 127
344 16 256 5000 110
345 32 16 500 130
346 32 16 500 133
347 32 16 5000 128
348 16 16 1000 191
349 32 16 1000 90
350 32 128 1000 97
351 16 256 500 137
352 64 256 2400 143
353 128 16 800 90
354 32 16 800 179
355 32 64 5000 138
356 128 64 800 110
357 64 16 800 156
358 16 128 5000 170
359 64 256 800 188
360 16 128 800 191
361 128 16 500 147
362 32 64 5000 116
363 16 16 500 115
364 32 256 5000 157
365 64 64 1000 179
366 32 256 500 151
367 32 128 5000 196
368 64 16 5000 123
369 128 128 2400 137
370 64 16 2400 123
371 64 64 500 113
372 128 128 5000 92
373 16 256 1000 102
374 16 128 800 115
375 128 128 1000 176
376 128 128 800 150
377 32 64 5000 181
378 128 256 1000 137
379 16 64 500 142
380 16 16 2400 119
381 32 16 800 102
382 32 64 5000 158
383 32 64 2400 169
384 64 16 2400 185
385 64 128 5000 105
386 32 256 500 187
387 32 64 500 113
388 32 256 800 182
389 64 64 1000 97
390 32 128 5000 106
391 32 64 800 176
392 64 64 1000 144
393 32 16 1000 167
394 128 256 800 195
395 32 16 1000 193
396 32 16 5000 110
397 128 256 5000 156
398 64 64 500 98
399 64 128 800 189
400 32 16 500 199
401 32 64 5000 138
402 64 16 800 172
403 128 256 5000 126
404 128 128 5000 174
405 16 128 2400 131
406 16 256 800 130
407 128 64 500 139
408 16 64 1000 109
409 32 16 1000 144
410 128 256 2400 168
411 16 64 800 111
412 32 16 500 188
413 64 16 2400 140
414 64 256 500 178
415 16 64 800 162
416 16 128 500 107
417 128 64 5000 166
418 32 16 2400 107
419 128 128 2400 106
420 64 16 5000 130
421 64 16 500 147
422 64 16 1000 137
423 16 256 1000 199
424 128 256 500 160
425 128 128 2400 123
426 16 16 800 156
427 64 128 2400 162
428 64 256 2400 159
429 64 16 800 160
430 128 64 5000 200
431 16 16 800 104
432 64 128 800 154
433 32 16 500 129
434 16 16 1000 181
435 16 64 2400 190
436 32 256 1000 178
437 32 128 2400 91
438 16 64 5000 101
439 128 256 5000 130
440 64 64 2400 143
441 64 128 800 194
442 64 128 5000 133
443 128 64 2400 186
444 128 16 5000 123
445 64 16 5000 194
446 32 128 2400 121
447 128 128 800 114
448 64 64 500 166
449 32 16 5000 167
450 32 256 2400 118
451 16 16 500 123
452 16 128 5000 114
453 128 64 500 145
454 64 256 1000 123
455 128 128 800 168
456 64 16 800 163
457 64 16 1000 198
458 128 16 5000 108
459 16 128 800 133
460 64 128 5000 115
461 16 128 800 182
462 16 16 800 177
463 128 256 5000 167
464 16 128 800 156
465 16 256 800 95
466 16 256 1000 132
467 16 16 500 185
468 128 128 500 161
469 64 128 800 186
470 32 128 800 142
471 16 128 5000 127
472 16 256 2400 186
473 64 16 1000 93
474 64 16 800 160
475 128 64 5000 166
476 64 128 1000 144
477 64 256 1000 154
478 32 64 1000 98
479 16 16 5000 157
480 128 16 5000 96
481 64 16 800 193
482 32 128 800 99
483 16 128 800 124
484 16 128 500 120
485 128 256 5000 94
486 16 64 500 129
487 16 16 800 190
488 128 16 500 113
489 128 128 5000 159
490 64 64 5000 160
491 64 128 500 124
492 128 128 500 176
493 128 64 800 119
494 32 64 2400 182
495 16 256 2400 181
496 32 128 2400 111
497 128 64 1000 176
498 64 256 5000 141
499 32 64 1000 173
500 32 256 800 160
501 64 16 800 158
502 64 64 800 179
503 64 128 1000 115
504 32 16 5000 155
505 64 64 1000 118
506 16 128 2400 142
507 32 128 2400 114
508 16 128 1000 101
509 128 256 5000 187
510 64 256 1000 129
511 128 16 2400 196
512 16 16 500 165
513 128 64 500 182
514 128 128 1000 191
515 32 256 5000 188
516 128 16 800 131
517 16 256 800 144
518 128 16 1000 132
519 32 256 500 144
520 64 64 5000 135
521 16 256 1000 133
522 16 64 1000 103
523 32 64 1000 179
524 64 64 500 166
525 128 256 1000 150
526 32 128 1000 156
527 32 256 2400 105
528 128 256 800 126
529 128 256 5000 133
530 64 16 800 126
531 64 256 1000 129
532 16 16 500 129
533 64 256 1000 130
534 64 16 1000 161
535 128 128 5000 132
536 16 128 800 120
537 16 128 500 118
538 128 128 800 140
539 16 64 500 100
540 128 16 2400 111
541 64 64 5000 159
542 128 64 500 107
543 128 64 800 121
544 32 128 800 160
545 32 128 2400 177
546 64 64 800 135
547 128 64 1000 133
548 64 16 2400 103
549 128 128 2400 179
550 128 128 800 115
551 32 64 2400 179
552 16 128 5000 105
553 128 128 1000 130
554 128 128 1000 95
555 128 64 1000 184
556 16 64 800 135
557 64 64 500 165
558 128 128 5000 152
559 64 128 1000 194
560 128 16 1000 102
561 128 256 800 112
562 16 256 2400 139
563 64 16 500 107
564 128 256 5000 164
565 32 256 500 162
566 32 64 800 96
567 32 256 5000 181
568 128 64 500 101
569 32 64 1000 152
570 32 256 500 155
571 128 16 1000 192
572 32 64 2400 195
573 32 64 500 140
574 64 256 2400 187
575 128 16 1000 200
576 128 16 1000 134
577 16 16 2400 120
578 16 256 800 173
579 32 256 5000 150
580 64 64 1000 192
581 128 128 5000 123
582 32 16 1000 127
583 128 64 1000 112
584 32 128 5000 109
585 16 16 800 90
586 32 128 5000 93
587 32 16 800 92
588 32 64 1000 113
589 128 256 2400 158
590 16 64 800 158
591 32 64 500 188
592 64 16 5000 137
593 16 256 2400 119
594 64 64 5000 139
595 64 256 1000 138
596 128 64 500 130
597 128 64 500 184
598 64 64 500 112
599 16 256 500 156
600 64 256 500 189
601 32 64 800 149
602 128 16 800 171
603 16 256 5000 177
604 64 64 5000 134
605 128 256 1000 104
606 128 16 1000 105
607 32 16 500 149
608 16 16 5000 94
609 16 256 800 121
610 32 256 5000 135
611 64 128 800 93
612 128 128 1000 168
613 64 16 5000 140
614 16 256 800 96
615 128 64 2400 95
616 16 128 5000 125
617 32 256 800 185
618 32 64 1000 198
619 128 64 1000 186
620 128 128 5000 119
621 64 64 800 154
622 128 64 800 171
623 128 128 500 107
624 128 256 800 146
625 16 128 1000 111
626 32 128 2400 170
627 64 64 800 148
628 64 128 500 160
629 32 128 5000 197
630 64 256 5000 172
631 128 16 5000 114
632 16 256 500 187
633 64 256 1000 101
634 128 128 500 110
635 64 128 2400 182
636 64 16 1000 102
637 64 16 500 159
638 64 64 500 104
639 64 64 1000 152
640 64 16 2400 150
641 128 16 800 123
642 64 256 800 116
643 128 128 5000 178
644 16 128 1000 177
645 128 16 800 133
646 64 128 1000 171
647 128 256 2400 169
648 64 16 500 183
649 16 16 2400 115
650 16 16 500 179
651 16 64 2400 113
652 32 256 500 176
653 64 256 1000 137
654 128 64 5000 130
655 128 16 5000 151
656 64 64 2400 130
657 32 128 800 113
658 32 256 2400 197
659 32 16 500 126
660 32 128 2400 118
661 16 128 800 193
662 128 128 800 105
663 16 64 1000 92
664 64 64 500 154
665 64 128 500 125
666 64 128 2400 143
667 128 64 2400 144
668 64 64 800 152
669 64 128 5000 96
670 128 128 5000 122
671 128 128 5000 190
672 32 16 2400 166
673 16 128 500 142
674 128 128 800 159
675 32 16 5000 132
676 32 64 2400 168
677 32 256 2400 161
678 16 256 2400 106
679 128 256 1000 173
680 16 256 800 163
681 16 64 2400 108
682 16 128 1000 96
683 128 64 5000 192
684 16 128 5000 167
685 128 64 2400 157
686 16 256 5000 157
687 16 64 500 160
688 16 256 500 144
689 128 16 2400 157
690 64 16 5000 169
691 32 16 800 192
692 64 128 1000 181
693 16 16 500 117
694 128 256 2400 105
695 16 128 2400 105
696 128 128 2400 129
697 64 128 1000 151
698 64 128 2400 166
699 64 16 500 165
700 32 128 5000 126
701 64 256 800 105
702 32 64 800 162
703 16 128 2400 187
704 128 64 800 168
705 128 16 500 123
706 64 128 5000 100
707 64 64 5000 110
708 128 64 1000 126
709 64 64 500 190
710 128 128 800 148
711 16 128 1000 155
712 16 64 1000 176
713 64 16 1000 162
714 64 16 1000 94
715 64 64 800 173
716 64 64 1000 140
717 16 256 5000 113
718 128 64 5000 178
719 64 128 500 194
720 16 128 1000 196
721 64 64 1000 177
722 64 256 2400 148
723 64 128 500 121
724 32 256 5000 177
725 64 128 2400 148
726 128 128 1000 191
727 128 256 500 129
728 128 256 1000 93
729 64 64 500 96
730 128 16 1000 147
731 128 256 5000 187
732 32 128 800 97
733 128 128 800 146
734 128 256 800 107
735 16 64 1000 164
736 16 64 5000 154
737 64 64 1000 181
738 32 16 500 130
217
1 298 67 185
4 158 68 154
4 492 69 166
8 359 40 115
9 261 45 197
10 47 48 128
13 250 47 124
15 295 40 155
16 200 57 136
18 528 51 199
18 273 64 152
18 409 54 116
21 716 59 169
23 559 70 175
23 556 56 94
23 122 46 157
23 263 57 114
26 169 60 130
27 666 40 142
27 58 56 142
27 32 53 111
29 477 59 195
30 673 56 135
30 318 53 163
35 239 70 99
39 563 41 197
39 566 51 154
40 71 58 181
40 85 68 101
40 136 43 187
43 676 61 132
44 343 69 188
46 139 50 169
47 486 65 136
47 582 46 105
50 325 44 157
52 401 69 96
52 441 62 148
54 570 48 197
59 398 48 102
61 599 43 132
63 665 65 99
63 72 70 103
63 714 54 195
67 532 42 95
69 285 59 192
72 216 50 193
73 509 49 184
73 303 44 185
75 87 51 155
76 723 58 135
80 375 41 99
84 134 67 182
84 132 49 134
84 418 41 109
84 343 54 138
85 732 48 189
85 351 65 114
87 136 53 171
87 608 62 96
89 116 47 102
94 376 56 91
94 283 54 189
95 670 53 178
96 222 60 127
97 188 64 105
105 609 64 155
107 129 54 119
108 472 60 165
111 362 55 102
112 283 61 124
117 199 43 171
117 626 45 93
118 650 70 195
118 177 51 105
122 271 53 180
124 564 50 188
125 406 64 106
126 420 62 179
129 162 51 196
131 630 52 151
133 296 57 104
133 575 51 118
133 257 58 187
133 674 63 184
134 599 68 142
135 374 53 182
137 438 41 171
138 606 51 98
139 523 54 178
141 704 66 107
141 388 47 163
142 710 51 108
151 252 40 150
154 327 57 131
155 405 44 161
158 664 65 188
160 502 44 154
169 264 67 185
172 674 64 197
173 493 46 165
173 193 59 188
175 321 66 188
175 469 46 162
180 308 56 96
183 520 69 138
184 224 70 175
188 584 59 90
194 510 45 197
197 588 64 175
199 339 47 198
200 559 52 116
203 279 46 145
204 530 70 177
207 378 64 150
212 279 70 136
214 286 68 190
215 714 58 137
217 392 43 141
217 379 51 106
222 436 69 99
225 276 64 110
226 348 43 156
229 540 65 103
230 487 46 190
232 557 53 139
238 591 46 196
238 610 49 140
240 424 45 138
241 614 60 170
244 358 50 96
247 544 68 134
247 526 49 177
252 680 65 131
252 615 69 184
253 529 55 142
254 564 69 123
255 406 69 126
259 701 55 105
266 579 68 140
271 473 59 186
274 654 68 102
276 319 42 166
283 678 64 145
285 638 53 106
291 385 44 178
295 540 67 130
296 355 61 175
299 494 56 165
301 554 45 94
302 437 50 183
303 462 60 109
304 648 61 108
309 388 58 161
313 434 56 124
314 343 55 137
315 524 50 161
319 687 42 93
320 489 59 103
321 712 62 147
328 415 63 139
328 610 51 139
336 598 49 142
339 570 58 190
343 548 53 154
343 493 67 195
346 566 41 162
347 672 57 150
351 443 60 154
356 652 44 118
377 563 49 166
380 612 52 164
381 531 42 147
383 470 43 172
394 706 58 136
395 466 63 107
396 459 52 160
398 454 46 139
400 456 49 138
400 719 52 185
406 680 45 112
409 506 67 106
410 551 66 195
411 685 50 121
412 539 62 99
415 447 47 196
415 487 52 186
422 616 52 120
446 692 67 142
446 540 53 115
448 449 42 149
452 496 40 164
453 516 46 194
460 682 62 114
473 708 58 180
474 510 58 194
480 560 44 133
480 545 64 187
485 673 42 135
489 640 42 174
489 589 47 175
496 540 42 158
498 714 56 117
502 722 48 185
514 668 43 191
518 535 52 199
536 632 53 133
543 637 59 188
551 567 66 158
552 589 52 187
569 670 57 154
581 641 59 164
584 684 64 105
597 717 54 168
619 670 57 130
664 667 44 188
671 677 55 130