878
0 16 64 100 129
1 2 16 1000 91
2 16 128 200 117
3 8 128 300 138
4 8 64 300 148
5 2 16 200 145
6 8 16 1000 139
7 16 128 200 134
8 2 16 100 107
9 8 64 100 110
10 8 128 1000 141
11 8 16 500 141
12 2 128 200 114
13 16 64 300 148
14 16 16 1000 123
15 8 128 300 124
16 8 128 1000 149
17 16 16 200 110
18 16 128 1000 127
19 16 64 200 95
20 8 64 100 90
21 16 16 500 107
22 8 16 500 116
23 2 128 1000 125
24 8 128 100 96
25 16 64 200 128
26 8 16 200 121
27 16 128 500 148
28 2 64 100 93
29 16 64 500 101
30 2 128 100 123
31 2 16 100 98
32 8 128 1000 137
33 16 16 100 110
34 2 16 200 144
35 8 128 300 127
36 2 64 200 100
37 8 64 200 149
38 8 128 1000 143
39 2 16 500 110
40 8 128 100 142
41 2 128 200 145
42 2 128 1000 111
43 8 16 200 108
44 16 128 100 133
45 16 128 100 106
46 2 128 100 150
47 2 64 300 102
48 8 16 100 112
49 16 64 500 106
50 2 128 300 126
51 16 16 500 142
52 16 128 500 148
53 16 16 100 147
54 8 16 500 147
55 8 128 100 115
56 2 16 100 108
57 8 128 500 108
58 8 16 200 123
59 16 16 500 150
60 16 64 100 139
61 16 16 300 109
62 16 128 200 108
63 2 16 300 111
64 8 16 300 129
65 8 16 1000 110
66 2 16 500 105
67 8 128 200 119
68 2 16 100 145
69 2 128 100 145
70 16 16 200 98
71 2 128 500 112
72 8 128 1000 119
73 16 64 500 91
74 8 16 500 99
75 2 16 200 121
76 16 16 300 97
77 16 16 300 106
78 8 64 1000 104
79 16 128 300 133
80 8 16 200 132
81 16 128 300 124
82 2 64 500 102
83 8 128 100 140
84 2 16 100 140
85 16 64 300 99
86 2 128 200 139
87 8 16 500 144
88 16 64 1000 91
89 16 64 200 90
90 8 64 300 98
91 2 128 500 148
92 8 128 1000 129
93 2 64 200 136
94 16 128 100 139
95 16 64 200 143
96 16 16 100 100
97 8 16 500 114
98 2 128 300 132
99 8 16 300 102
100 16 16 300 94
101 8 64 500 144
102 8 16 300 112
103 2 64 100 147
104 2 128 100 90
105 8 16 300 109
106 2 64 1000 122
107 16 128 200 105
108 2 16 200 110
109 8 64 300 90
110 16 16 100 141
111 8 128 500 136
112 8 64 500 138
113 2 128 300 106
114 8 16 1000 115
115 2 128 500 93
116 2 128 200 145
117 2 64 500 101
118 8 64 1000 91
119 2 128 1000 134
120 8 16 200 138
121 16 16 200 147
122 2 128 500 147
123 16 16 200 135
124 2 16 1000 113
125 16 128 1000 117
126 8 64 300 109
127 16 128 500 143
128 16 16 1000 141
129 16 128 100 132
130 16 16 500 102
131 2 128 1000 92
132 8 16 200 97
133 2 16 100 122
134 2 128 1000 111
135 8 128 300 92
136 8 64 1000 107
137 16 128 300 131
138 8 128 200 117
139 8 128 500 111
140 2 64 500 93
141 2 16 1000 103
142 2 64 500 101
143 8 128 100 143
144 16 128 500 144
145 2 64 100 121
146 8 16 200 140
147 16 64 100 143
148 16 128 200 104
149 2 16 100 118
150 8 64 300 122
151 8 16 1000 114
152 8 128 1000 136
153 2 128 1000 134
154 16 16 200 148
155 2 16 300 96
156 2 64 1000 104
157 2 16 200 132
158 8 16 100 94
159 8 64 200 108
160 8 16 1000 95
161 8 128 1000 120
162 2 128 100 110
163 8 16 200 114
164 2 64 300 112
165 16 128 500 109
166 2 16 1000 100
167 2 16 200 142
168 8 128 1000 97
169 16 64 300 135
170 16 128 500 92
171 8 16 500 93
172 8 128 1000 111
173 8 64 300 122
174 16 64 1000 118
175 16 64 1000 132
176 2 128 100 101
177 8 128 300 132
178 8 64 500 122
179 2 64 200 149
180 2 128 1000 117
181 8 64 200 141
182 2 16 300 150
183 16 64 100 90
184 2 16 1000 135
185 16 16 100 102
186 8 64 100 97
187 8 128 200 104
188 16 64 1000 142
189 8 64 100 122
190 8 16 100 102
191 16 128 300 125
192 2 16 500 133
193 8 16 100 148
194 8 64 1000 144
195 2 64 1000 107
196 8 64 1000 144
197 8 16 500 122
198 16 64 500 99
199 16 16 500 112
200 2 128 300 112
201 8 64 300 121
202 16 64 500 95
203 2 16 300 121
204 8 128 200 145
205 8 16 500 107
206 16 64 500 122
207 16 16 300 142
208 16 16 300 145
209 16 128 300 118
210 8 16 200 148
211 2 128 500 123
212 16 128 100 146
213 2 16 500 95
214 16 128 500 96
215 16 16 200 122
216 2 128 300 140
217 16 64 500 136
218 2 16 1000 131
219 2 16 100 141
220 16 16 1000 122
221 16 16 300 121
222 2 16 500 135
223 8 64 200 128
224 16 16 100 146
225 8 64 100 108
226 16 128 300 116
227 2 64 100 128
228 2 16 300 132
229 16 128 1000 101
230 16 16 200 119
231 16 64 200 149
232 16 16 200 93
233 8 128 200 110
234 8 64 500 136
235 2 128 200 119
236 2 16 100 137
237 2 128 100 123
238 2 16 300 132
239 8 16 500 137
240 2 16 300 98
241 8 128 200 105
242 8 16 100 145
243 2 16 100 141
244 16 64 100 131
245 16 64 500 142
246 16 128 300 91
247 2 64 1000 114
248 2 64 1000 130
249 2 128 300 117
250 8 16 1000 150
251 2 128 100 116
252 2 16 100 106
253 2 128 200 124
254 16 128 1000 98
255 8 64 1000 129
256 16 128 200 109
257 16 64 100 129
258 8 128 300 96
259 2 16 500 122
260 8 128 100 146
261 2 128 300 108
262 16 128 200 100
263 16 64 100 144
264 8 64 200 126
265 2 64 1000 101
266 2 64 200 103
267 8 128 200 120
268 2 16 200 135
269 2 16 200 144
270 16 128 500 111
271 2 16 200 145
272 8 16 1000 100
273 8 128 500 112
274 2 128 1000 132
275 2 128 500 147
276 16 16 300 93
277 16 128 1000 123
278 16 64 200 109
279 8 16 200 91
280 2 16 100 90
281 8 128 1000 109
282 2 16 200 110
283 16 128 100 94
284 2 64 300 105
285 2 64 1000 118
286 16 128 100 149
287 8 16 1000 145
288 2 16 200 115
289 8 128 500 131
290 2 16 200 100
291 8 64 500 127
292 8 16 1000 124
293 2 128 1000 138
294 16 16 1000 105
295 2 128 200 120
296 16 128 100 98
297 8 64 200 91
298 2 16 500 136
299 8 64 100 145
300 16 16 100 90
301 16 64 500 104
302 8 128 200 125
303 8 16 100 130
304 2 128 200 144
305 8 16 1000 138
306 8 64 100 121
307 8 64 100 126
308 16 64 1000 110
309 16 64 200 126
310 2 64 200 103
311 8 64 300 125
312 16 64 100 92
313 2 128 1000 147
314 16 128 500 123
315 2 64 500 125
316 16 16 300 114
317 16 16 500 137
318 2 128 500 148
319 16 16 300 146
320 2 128 100 111
321 2 16 1000 145
322 16 128 100 97
323 2 128 100 138
324 8 128 100 145
325 16 64 100 146
326 16 16 300 135
327 8 16 1000 131
328 2 16 200 120
329 2 16 300 130
330 2 128 300 103
331 8 64 100 132
332 2 64 300 147
333 16 128 100 115
334 2 128 200 120
335 16 64 500 133
336 2 128 500 109
337 16 16 1000 101
338 8 64 100 125
339 2 64 100 129
340 16 64 200 137
341 16 64 300 110
342 8 128 100 91
343 2 64 1000 136
344 2 64 1000 103
345 8 64 500 134
346 8 16 200 111
347 8 16 300 114
348 16 64 500 112
349 8 128 200 95
350 16 16 100 111
351 16 128 300 93
352 16 128 1000 104
353 8 128 200 108
354 16 64 100 102
355 16 16 1000 146
356 8 16 200 105
357 2 16 200 103
358 2 16 300 133
359 8 16 1000 123
360 8 128 300 93
361 8 64 100 120
362 16 128 200 128
363 2 64 100 137
364 16 64 1000 95
365 8 64 500 145
366 2 128 300 126
367 2 128 1000 117
368 8 16 1000 134
369 8 64 100 142
370 8 128 500 131
371 16 64 500 101
372 16 64 300 124
373 8 16 1000 149
374 16 64 500 143
375 8 128 100 90
376 2 128 300 125
377 16 16 300 101
378 8 128 500 96
379 2 128 500 119
380 8 64 500 99
381 2 128 300 93
382 16 64 1000 147
383 16 16 300 114
384 2 64 100 133
385 8 64 300 97
386 16 16 200 108
387 8 16 500 112
388 16 16 200 135
389 2 16 1000 140
390 16 64 500 150
391 2 64 300 113
392 8 64 300 141
393 2 128 300 132
394 8 64 300 94
395 2 128 100 115
396 2 64 200 127
397 16 16 1000 129
398 16 64 500 118
399 2 16 500 140
400 8 128 500 116
401 8 64 1000 113
402 2 64 1000 145
403 8 128 500 118
404 8 64 300 119
405 16 16 200 147
406 8 16 300 123
407 8 16 100 118
408 2 16 100 138
409 2 128 1000 104
410 2 128 300 141
411 8 128 1000 125
412 8 128 500 95
413 2 64 500 115
414 2 64 500 148
415 2 64 100 125
416 2 16 1000 145
417 2 16 500 111
418 16 16 1000 103
419 16 128 500 113
420 8 16 200 148
421 16 64 200 145
422 2 16 300 141
423 8 64 300 94
424 2 128 500 120
425 8 128 300 120
426 2 16 200 136
427 16 128 500 133
428 2 16 100 104
429 2 64 1000 122
430 2 128 500 108
431 16 16 300 97
432 16 64 200 150
433 2 64 1000 126
434 16 128 500 141
435 16 128 300 93
436 2 128 300 114
437 8 64 100 109
438 2 128 1000 138
439 8 16 100 126
440 16 64 300 143
441 8 16 300 117
442 16 64 1000 98
443 8 64 500 128
444 2 128 200 149
445 8 64 100 133
446 16 128 300 115
447 16 64 100 106
448 2 128 500 105
449 2 64 300 118
450 16 64 200 99
451 8 16 100 129
452 16 64 300 116
453 16 128 100 95
454 2 16 1000 146
455 8 16 1000 147
456 16 128 500 92
457 2 16 300 143
458 8 128 300 147
459 16 128 1000 138
460 16 64 100 128
461 16 16 1000 118
462 16 64 300 113
463 8 128 300 104
464 8 64 100 134
465 2 64 500 91
466 8 128 300 140
467 2 64 1000 108
468 16 64 200 91
469 8 64 300 106
470 2 16 500 142
471 2 128 1000 121
472 8 16 100 123
473 16 16 1000 134
474 2 128 200 139
475 2 128 300 109
476 8 16 500 150
477 2 16 500 117
478 2 64 100 95
479 2 128 200 116
480 8 128 1000 149
481 8 64 300 124
482 2 16 1000 123
483 16 16 300 130
484 8 64 100 108
485 8 16 1000 99
486 16 16 300 126
487 8 64 300 146
488 2 128 1000 92
489 2 128 200 149
490 8 128 100 123
491 8 64 200 143
492 2 16 300 135
493 16 64 100 146
494 8 128 1000 113
495 8 64 100 127
496 2 16 100 94
497 2 16 300 97
498 2 64 500 143
499 16 16 100 146
500 2 128 300 110
501 2 16 200 149
502 8 128 200 146
503 8 128 300 129
504 8 64 200 128
505 8 16 300 127
506 8 128 200 114
507 8 16 300 126
508 2 64 100 125
509 8 64 500 126
510 8 64 1000 103
511 16 128 200 134
512 8 128 500 133
513 16 64 500 90
514 2 16 500 95
515 2 128 100 136
516 16 64 500 126
517 8 16 1000 92
518 8 128 1000 140
519 16 64 1000 128
520 2 16 200 136
521 2 64 100 95
522 8 16 200 90
523 2 64 300 96
524 16 128 300 120
525 8 64 200 111
526 16 128 200 104
527 8 128 100 128
528 16 64 300 121
529 16 128 1000 127
530 16 16 100 131
531 16 64 300 100
532 2 128 300 140
533 8 64 200 140
534 16 16 300 114
535 8 128 500 126
536 16 64 100 97
537 2 128 100 114
538 16 16 300 129
539 2 128 1000 137
540 8 64 100 111
541 8 128 300 132
542 2 64 1000 142
543 2 16 500 127
544 2 128 500 115
545 8 16 200 114
546 8 64 100 144
547 8 128 300 138
548 8 64 100 108
549 2 16 100 106
550 2 64 100 130
551 8 16 500 116
552 16 64 1000 132
553 16 16 200 133
554 16 64 500 105
555 16 128 200 141
556 8 16 100 124
557 16 64 200 120
558 16 64 500 109
559 2 64 300 97
560 16 128 200 98
561 16 16 100 100
562 8 16 100 113
563 16 16 100 149
564 16 64 500 108
565 16 16 200 113
566 8 16 300 138
567 2 128 300 107
568 16 64 100 95
569 2 128 100 129
570 8 128 1000 125
571 2 128 300 102
572 8 128 1000 132
573 16 64 300 148
574 8 128 200 129
575 16 64 1000 106
576 16 16 200 136
577 8 64 1000 112
578 16 128 300 136
579 2 64 500 150
580 8 128 300 110
581 8 64 500 125
582 16 64 1000 95
583 8 128 1000 100
584 16 128 100 93
585 16 16 100 121
586 2 128 200 133
587 8 16 300 119
588 2 128 200 96
589 8 64 300 110
590 8 128 100 105
591 2 16 300 132
592 2 128 300 125
593 2 64 100 106
594 16 16 1000 113
595 2 128 200 127
596 8 128 1000 140
597 8 16 1000 116
598 8 64 300 150
599 16 64 500 129
600 2 16 200 124
601 8 128 500 122
602 2 16 100 116
603 2 16 1000 93
604 8 16 200 149
605 16 128 300 136
606 2 16 300 98
607 8 128 500 90
608 2 16 100 137
609 16 16 100 140
610 2 16 100 132
611 8 16 1000 97
612 2 16 100 136
613 2 128 1000 150
614 8 64 100 141
615 2 128 1000 144
616 16 16 500 131
617 16 64 100 100
618 2 128 500 130
619 8 128 300 95
620 16 128 500 110
621 2 128 500 117
622 8 16 500 93
623 8 128 300 120
624 8 64 500 124
625 2 16 100 130
626 16 64 200 115
627 8 128 100 92
628 16 16 300 131
629 16 64 1000 146
630 8 16 300 124
631 16 64 100 92
632 2 128 500 138
633 16 16 100 102
634 2 128 100 144
635 16 128 200 150
636 2 64 500 142
637 16 16 300 123
638 16 128 1000 108
639 16 64 500 144
640 16 128 500 144
641 16 16 100 146
642 8 64 300 108
643 8 64 1000 127
644 2 16 200 144
645 2 64 300 131
646 8 64 1000 107
647 8 16 300 119
648 2 128 300 128
649 2 64 300 115
650 16 16 300 128
651 2 64 200 138
652 2 16 300 99
653 2 16 200 131
654 8 16 500 116
655 16 16 300 102
656 8 64 200 130
657 16 64 300 125
658 8 128 300 138
659 8 16 200 121
660 16 16 1000 106
661 8 128 500 93
662 8 128 300 105
663 16 128 200 114
664 16 128 100 129
665 16 64 300 125
666 2 16 200 97
667 2 16 200 105
668 8 16 500 127
669 16 16 200 127
670 8 16 500 140
671 2 64 500 122
672 8 16 1000 113
673 2 64 500 128
674 8 128 1000 133
675 2 128 300 106
676 8 128 100 145
677 16 16 100 133
678 16 128 500 133
679 8 64 1000 115
680 8 16 500 148
681 8 16 1000 131
682 16 16 500 108
683 8 64 1000 97
684 16 128 300 148
685 2 16 100 133
686 16 64 300 115
687 8 128 200 101
688 16 16 200 143
689 8 128 200 96
690 8 128 300 145
691 16 16 300 137
692 8 128 100 146
693 2 128 300 100
694 2 64 500 149
695 8 16 100 143
696 16 16 1000 112
697 8 64 1000 123
698 8 128 300 146
699 8 64 200 122
700 8 16 200 102
701 16 64 1000 112
702 8 128 300 107
703 16 16 100 122
704 2 16 500 129
705 2 16 300 134
706 16 64 300 129
707 16 128 200 116
708 8 128 500 134
709 2 16 500 96
710 16 16 200 118
711 2 64 200 128
712 16 128 100 137
713 2 128 500 96
714 16 64 1000 148
715 16 128 100 113
716 8 64 1000 123
717 2 128 200 120
718 8 128 500 92
719 2 64 500 121
720 2 128 1000 113
721 2 64 100 139
722 2 16 200 130
723 8 128 500 97
724 2 128 300 119
725 8 64 100 133
726 16 16 500 98
727 16 16 200 93
728 8 128 1000 110
729 2 64 300 136
730 16 64 200 148
731 8 16 500 102
732 2 128 100 111
733 8 16 1000 138
734 2 64 100 138
735 8 16 1000 124
736 8 64 200 129
737 8 64 1000 124
738 2 16 1000 145
739 2 128 1000 124
740 2 128 500 107
741 8 128 500 134
742 8 128 100 102
743 16 16 200 117
744 16 16 300 95
745 2 16 100 136
746 8 128 1000 93
747 8 128 100 118
748 2 16 100 110
749 8 16 100 128
750 8 64 1000 134
751 8 64 500 90
752 8 64 200 123
753 8 16 100 95
754 8 16 200 111
755 8 16 200 128
756 16 16 100 145
757 16 16 1000 133
758 2 64 300 112
759 8 16 500 112
760 16 128 500 150
761 2 64 1000 145
762 16 16 1000 110
763 2 64 100 125
764 2 16 300 91
765 16 64 100 130
766 2 16 1000 105
767 2 16 200 134
768 16 64 300 102
769 8 64 300 102
770 8 64 1000 116
771 16 128 500 136
772 2 128 300 94
773 2 128 200 99
774 16 16 300 113
775 16 16 100 90
776 8 64 100 130
777 8 64 100 118
778 8 16 300 137
779 8 64 100 98
780 2 16 200 125
781 2 64 200 113
782 8 16 100 102
783 2 128 200 118
784 2 128 200 120
785 16 128 500 124
786 8 128 1000 111
787 8 16 100 132
788 8 64 300 106
789 8 16 100 131
790 8 64 100 94
791 16 16 500 98
792 8 16 200 141
793 2 16 100 146
794 16 16 500 95
795 16 128 500 113
796 8 16 300 141
797 2 64 500 104
798 8 16 200 123
799 16 64 500 134
800 2 16 500 136
801 16 64 200 150
802 16 16 500 117
803 2 128 500 117
804 2 128 500 119
805 16 128 200 94
806 16 128 200 130
807 16 64 300 112
808 8 128 200 96
809 16 128 100 116
810 8 64 300 129
811 8 64 200 100
812 16 64 1000 111
813 8 16 500 117
814 16 16 500 116
815 2 16 100 111
816 16 64 1000 95
817 8 16 100 114
818 16 64 200 107
819 8 128 300 150
820 2 128 300 135
821 2 64 1000 99
822 8 16 1000 134
823 8 64 200 112
824 16 16 200 93
825 16 16 100 141
826 2 16 500 140
827 16 16 200 107
828 8 16 100 134
829 8 128 100 148
830 2 128 200 148
831 2 128 1000 93
832 16 64 1000 99
833 8 16 100 148
834 16 16 500 128
835 8 128 200 130
836 16 128 100 124
837 16 16 300 128
838 8 128 1000 106
839 16 16 100 91
840 2 128 500 148
841 8 128 1000 139
842 16 128 100 150
843 16 128 200 121
844 8 64 500 106
845 16 16 500 131
846 2 16 200 119
847 2 128 1000 91
848 2 128 200 121
849 16 128 100 131
850 16 64 300 136
851 16 16 500 113
852 16 64 300 145
853 2 64 1000 101
854 16 128 200 147
855 16 64 100 111
856 16 64 100 123
857 2 16 300 94
858 8 16 200 112
859 16 16 300 137
860 8 16 1000 134
861 8 128 300 145
862 2 64 500 126
863 8 128 300 96
864 8 64 1000 121
865 16 64 100 143
866 2 64 500 122
867 16 16 500 115
868 2 16 100 116
869 2 16 1000 106
870 16 128 200 91
871 2 128 100 146
872 2 16 200 150
873 2 64 1000 142
874 2 128 200 141
875 8 64 1000 93
876 16 128 500 132
877 2 64 100 136
253
0 477 70 187
1 520 60 120
3 221 42 101
3 651 63 95
4 719 58 97
6 523 55 97
6 634 44 107
12 686 40 155
15 139 70 183
16 483 62 134
18 540 54 190
19 56 48 149
23 570 50 149
24 264 52 125
26 511 51 172
26 843 62 110
27 541 44 129
28 717 66 161
29 550 58 180
29 340 53 116
30 478 60 159
32 729 41 124
34 637 60 137
34 750 42 174
36 713 62 94
39 439 53 139
43 176 47 118
47 786 66 148
48 657 55 124
54 485 56 100
55 234 43 186
56 861 46 118
62 186 68 167
62 693 51 148
66 334 42 94
66 476 44 198
67 528 61 148
67 869 60 137
74 503 41 97
74 232 57 131
74 517 61 100
77 875 67 106
83 221 51 145
83 164 40 184
85 808 59 131
86 429 54 178
90 476 58 197
90 605 63 147
95 256 54 186
96 690 41 120
98 878 52 157
101 631 66 176
101 812 65 135
102 112 60 192
103 487 51 146
106 227 59 173
109 613 57 169
111 281 50 114
112 493 47 144
115 448 69 156
115 169 40 157
118 859 61 139
118 669 50 121
120 449 45 163
123 630 60 112
123 344 51 136
123 165 49 122
126 526 54 136
130 823 58 117
130 428 51 163
131 271 51 125
134 573 69 181
136 850 60 133
137 729 43 176
139 197 40 121
140 199 68 126
141 370 58 188
141 434 67 105
142 798 65 98
142 205 53 161
142 345 43 195
143 446 53 119
144 749 65 91
144 427 49 94
147 379 52 161
147 485 70 178
152 270 44 171
153 561 61 98
156 291 42 188
157 756 68 107
158 169 64 189
159 543 48 136
160 304 66 159
161 439 42 138
163 190 59 100
163 648 64 185
164 567 42 91
166 468 65 137
177 233 63 126
177 478 69 199
182 377 68 105
186 552 69 106
186 453 68 195
192 604 68 145
197 515 41 136
200 538 44 156
205 280 50 147
205 871 68 197
205 433 61 111
207 846 58 157
209 783 56 97
213 373 55 184
215 637 68 160
217 382 49 90
220 331 65 101
222 576 62 132
228 739 58 197
231 663 40 104
231 524 40 153
232 872 55 137
234 669 54 155
237 320 49 129
237 239 64 194
240 384 63 145
240 688 57 120
243 731 69 195
244 597 59 166
249 428 66 168
249 536 55 99
250 864 55 117
252 295 46 180
260 278 50 137
265 675 59 90
265 441 43 97
266 659 53 149
268 853 48 114
269 502 70 149
270 871 40 149
271 403 59 168
271 826 59 118
272 328 50 197
273 487 52 138
274 307 68 120
279 853 61 151
279 676 55 176
282 726 70 186
284 327 53 181
285 416 48 99
297 527 54 160
304 334 67 179
307 640 54 116
308 509 56 154
310 561 45 186
311 345 54 112
312 727 69 164
312 425 47 198
315 710 57 113
319 782 43 159
321 821 60 119
322 345 44 162
323 708 64 152
324 452 51 152
325 578 46 117
328 733 51 162
331 689 45 132
334 689 44 128
334 364 58 175
337 572 55 108
339 363 68 128
343 445 68 160
345 463 70 193
349 751 50 90
356 371 70 110
359 497 67 184
363 577 60 116
368 859 57 140
376 546 69 96
380 655 62 101
381 519 53 116
386 542 48 145
388 836 51 196
392 529 44 107
393 640 58 122
397 738 61 171
403 535 56 132
404 425 43 143
405 765 44 138
409 711 50 129
411 602 63 174
412 658 66 90
413 689 42 120
414 466 70 190
415 561 44 145
420 826 67 112
422 804 62 153
424 525 46 164
432 611 64 142
433 463 67 142
433 441 69 169
435 452 60 120
440 639 69 100
464 853 67 171
470 573 44 149
471 557 47 189
485 795 52 171
486 807 48 109
486 822 44 135
488 582 48 108
492 786 46 129
498 855 67 153
500 520 51 176
505 870 57 125
506 652 57 189
515 855 54 190
522 865 44 139
529 646 52 199
533 820 51 98
540 566 62 181
544 637 58 148
545 648 41 91
546 553 66 128
547 750 54 113
557 755 59 150
562 625 59 131
564 859 48 190
583 797 59 98
601 815 52 94
604 699 70 125
610 655 64 149
624 757 69 110
627 652 63 105
627 649 63 177
631 662 70 124
632 684 61 146
639 787 62 195
640 857 68 152
643 713 61 138
650 825 62 113
666 765 62 168
678 826 41 158
678 766 59 129
687 707 65 93
705 777 65 123
712 795 55 111
731 784 65 174
735 741 53 157
744 825 66 157
746 866 65 174
747 856 51 158
747 869 46 162
804 824 70 164
818 872 54 113
856 873 56 179