408
0 32 320 800 125
1 8 128 1000 138
2 8 320 400 185
3 32 320 2000 112
4 32 320 1000 184
5 32 32 5000 117
6 32 320 5000 122
7 32 320 2000 199
8 8 320 1000 117
9 32 128 800 131
10 8 320 5000 96
11 8 128 1000 175
12 32 32 2000 182
13 8 128 400 163
14 8 320 5000 115
15 8 32 1000 188
16 32 320 1000 171
17 8 32 5000 135
18 32 320 2000 192
19 8 128 800 96
20 32 32 800 148
21 8 320 5000 198
22 32 320 400 109
23 8 320 1000 178
24 32 32 1000 126
25 8 32 800 191
26 8 128 800 91
27 8 320 5000 135
28 32 128 5000 183
29 32 320 5000 165
30 8 32 800 174
31 8 128 400 103
32 8 128 2000 156
33 32 320 2000 100
34 8 128 2000 137
35 32 320 1000 145
36 32 320 1000 105
37 8 320 2000 181
38 8 320 400 139
39 8 128 2000 183
40 8 320 800 173
41 8 32 400 132
42 32 32 2000 110
43 8 128 1000 163
44 32 128 2000 99
45 8 32 2000 166
46 8 128 1000 195
47 32 32 400 156
48 8 128 400 168
49 32 32 1000 118
50 32 32 800 117
51 8 32 5000 90
52 32 320 1000 188
53 32 320 1000 175
54 32 32 5000 179
55 8 32 2000 175
56 32 32 1000 170
57 32 128 5000 167
58 32 320 800 144
59 8 32 5000 123
60 32 32 5000 168
61 32 320 1000 192
62 32 32 5000 92
63 8 320 5000 93
64 8 320 1000 145
65 32 320 1000 133
66 32 32 1000 131
67 32 32 5000 162
68 32 320 1000 131
69 8 32 800 143
70 8 128 800 150
71 8 320 400 171
72 32 320 800 169
73 32 128 5000 150
74 32 320 800 175
75 8 128 1000 179
76 8 32 5000 110
77 32 128 400 91
78 8 128 2000 142
79 32 320 800 157
80 8 320 800 106
81 32 128 1000 152
82 32 128 5000 181
83 8 32 2000 112
84 32 128 5000 186
85 32 32 2000 142
86 8 128 400 173
87 32 128 5000 177
88 32 32 800 129
89 8 128 2000 99
90 8 32 5000 191
91 8 320 5000 153
92 32 32 1000 181
93 32 32 2000 186
94 8 128 1000 192
95 8 32 1000 130
96 8 32 1000 153
97 32 128 800 119
98 32 128 800 109
99 8 128 2000 153
100 8 128 1000 172
101 8 128 1000 102
102 8 128 400 184
103 8 32 5000 137
104 32 128 2000 154
105 32 128 400 153
106 32 32 800 91
107 8 320 1000 146
108 32 32 5000 193
109 8 320 400 187
110 32 128 2000 142
111 32 128 2000 188
112 8 32 5000 186
113 8 320 5000 121
114 32 32 800 194
115 8 320 5000 197
116 8 320 800 101
117 32 320 5000 198
118 8 32 400 186
119 8 320 400 177
120 32 320 2000 129
121 8 320 1000 183
122 8 128 400 199
123 32 128 1000 100
124 32 32 1000 151
125 8 32 5000 104
126 8 32 1000 133
127 32 128 800 115
128 32 320 400 103
129 8 128 2000 178
130 8 320 800 168
131 8 128 2000 186
132 32 32 1000 124
133 32 128 2000 93
134 8 32 1000 188
135 32 320 800 166
136 8 32 2000 115
137 32 32 800 137
138 32 128 800 187
139 32 32 2000 154
140 32 320 400 95
141 8 320 400 131
142 8 32 5000 197
143 32 128 5000 194
144 32 32 1000 102
145 8 128 400 120
146 32 128 1000 140
147 8 128 2000 166
148 8 128 5000 160
149 32 32 800 134
150 32 32 5000 118
151 32 320 800 99
152 32 320 800 151
153 8 32 5000 123
154 32 320 5000 179
155 8 32 2000 122
156 32 32 2000 117
157 8 320 800 104
158 32 128 5000 118
159 32 128 400 178
160 32 320 800 109
161 8 32 5000 194
162 8 32 1000 100
163 32 32 2000 137
164 8 128 800 154
165 32 32 1000 131
166 8 128 400 174
167 8 320 5000 105
168 8 32 5000 175
169 32 128 1000 105
170 32 128 1000 100
171 8 320 5000 105
172 32 32 2000 119
173 8 128 5000 130
174 8 320 1000 165
175 8 128 400 100
176 32 128 1000 173
177 32 320 400 128
178 8 320 2000 114
179 8 320 5000 107
180 8 32 1000 106
181 32 320 800 190
182 8 32 5000 176
183 8 320 400 195
184 8 320 800 134
185 32 32 1000 137
186 8 32 1000 99
187 32 32 800 95
188 8 320 2000 139
189 8 128 1000 195
190 8 320 1000 152
191 32 128 5000 138
192 8 32 800 100
193 8 128 5000 184
194 32 32 400 102
195 32 32 1000 146
196 8 32 400 175
197 8 128 2000 165
198 32 320 2000 98
199 32 32 1000 194
200 8 32 1000 188
201 32 32 800 184
202 32 320 800 186
203 8 32 400 170
204 32 320 800 95
205 32 128 400 104
206 8 320 5000 109
207 8 320 5000 97
208 32 32 5000 154
209 8 128 800 181
210 32 320 2000 97
211 32 32 2000 157
212 8 32 1000 156
213 32 128 5000 178
214 8 320 5000 117
215 32 128 400 159
216 8 128 400 196
217 32 320 5000 182
218 32 320 5000 134
219 8 32 5000 129
220 32 32 2000 165
221 32 32 1000 138
222 8 128 800 95
223 8 320 5000 195
224 8 128 800 168
225 8 128 5000 113
226 32 32 400 117
227 8 128 1000 158
228 8 128 2000 106
229 8 320 5000 142
230 8 32 400 144
231 8 320 800 133
232 32 320 400 143
233 32 320 800 189
234 32 128 800 129
235 32 320 1000 118
236 8 320 2000 179
237 32 320 800 126
238 32 32 5000 150
239 8 320 800 149
240 32 320 1000 163
241 8 128 5000 100
242 32 32 400 160
243 8 128 5000 90
244 8 128 2000 185
245 8 32 2000 199
246 8 32 400 147
247 32 320 400 171
248 8 320 800 129
249 32 32 2000 156
250 32 128 2000 129
251 8 320 400 144
252 32 32 2000 162
253 32 320 400 114
254 32 128 5000 192
255 8 320 400 99
256 8 32 1000 166
257 8 320 400 169
258 8 32 800 167
259 32 128 1000 154
260 8 128 800 157
261 32 320 400 189
262 8 128 800 137
263 32 320 1000 195
264 32 32 400 183
265 8 320 400 166
266 8 128 1000 187
267 8 128 400 139
268 8 32 2000 119
269 32 128 2000 196
270 32 32 800 118
271 32 320 5000 137
272 32 320 800 179
273 32 320 400 114
274 32 32 800 114
275 32 128 800 200
276 32 32 800 98
277 32 320 2000 185
278 8 320 2000 103
279 32 32 1000 171
280 8 320 5000 108
281 8 128 1000 125
282 32 128 1000 200
283 32 128 800 135
284 32 128 2000 107
285 8 32 2000 121
286 32 320 1000 184
287 8 320 400 138
288 32 128 2000 149
289 32 320 1000 198
290 32 32 800 194
291 32 32 800 136
292 8 320 2000 194
293 8 128 800 186
294 32 128 1000 101
295 32 128 2000 162
296 32 32 800 188
297 8 32 2000 122
298 32 32 2000 174
299 32 320 400 154
300 32 320 1000 127
301 8 32 5000 122
302 32 32 1000 151
303 8 320 5000 122
304 32 128 400 110
305 8 320 5000 126
306 32 320 800 167
307 32 32 5000 179
308 32 128 800 115
309 8 320 400 127
310 8 128 2000 109
311 8 32 2000 137
312 8 128 2000 99
313 8 128 5000 168
314 32 320 800 184
315 8 128 1000 121
316 8 32 5000 135
317 32 128 1000 104
318 32 320 2000 146
319 32 320 400 169
320 8 32 800 122
321 8 32 1000 127
322 32 320 400 157
323 8 320 800 119
324 32 128 400 181
325 8 128 2000 166
326 32 128 1000 97
327 32 128 400 105
328 8 32 800 181
329 8 128 800 99
330 8 128 5000 188
331 8 32 5000 159
332 32 128 5000 180
333 32 320 1000 166
334 8 128 5000 119
335 32 128 5000 160
336 32 128 5000 165
337 32 32 400 93
338 32 128 2000 140
339 8 128 5000 130
340 32 32 1000 92
341 8 320 400 183
342 32 128 400 182
343 32 32 400 91
344 32 32 400 149
345 8 32 800 108
346 8 320 2000 147
347 8 320 5000 145
348 32 32 800 156
349 8 128 400 185
350 8 128 2000 153
351 8 320 1000 175
352 32 320 800 129
353 32 32 400 96
354 8 320 1000 147
355 8 128 800 122
356 32 320 5000 121
357 8 320 2000 145
358 8 128 2000 119
359 8 32 1000 93
360 32 128 2000 180
361 32 32 5000 187
362 32 320 2000 97
363 8 320 400 120
364 32 32 5000 93
365 8 32 400 113
366 32 320 400 143
367 8 128 400 165
368 32 32 800 152
369 32 128 2000 99
370 8 128 800 104
371 32 32 5000 110
372 8 32 1000 168
373 32 32 1000 133
374 8 128 800 166
375 32 32 2000 181
376 8 32 800 148
377 8 32 800 161
378 32 128 800 184
379 32 128 800 97
380 8 320 1000 196
381 32 320 800 116
382 32 320 800 105
383 8 320 1000 162
384 8 320 800 169
385 32 128 1000 119
386 8 32 800 177
387 8 320 1000 189
388 8 128 1000 129
389 32 32 1000 149
390 32 320 5000 133
391 8 320 2000 169
392 32 128 2000 134
393 32 128 5000 186
394 32 128 2000 151
395 32 128 1000 164
396 32 32 800 139
397 8 320 1000 158
398 8 32 2000 144
399 32 128 5000 157
400 32 32 800 125
401 32 32 800 97
402 8 32 1000 156
403 8 320 1000 111
404 32 32 400 125
405 32 32 400 170
406 8 32 5000 115
407 32 320 800 133
154
1 235 68 161
1 202 63 112
2 98 43 92
2 29 58 122
3 324 70 149
4 174 57 95
5 348 70 151
5 227 69 104
8 405 46 199
8 274 56 103
8 244 58 112
9 69 63 120
11 353 40 129
11 110 46 94
11 391 45 194
16 324 48 131
19 147 56 100
20 407 51 198
21 162 42 184
21 154 53 90
23 244 68 121
25 88 57 148
26 191 57 135
26 82 43 174
26 365 70 106
28 216 56 121
31 85 60 109
32 111 48 90
34 156 47 186
35 290 42 186
35 61 46 161
35 145 53 170
37 313 55 134
42 99 41 102
42 217 47 97
43 350 45 155
43 117 51 113
43 303 64 110
43 209 67 156
44 340 59 184
44 132 46 92
45 181 65 138
46 164 64 122
51 136 44 182
51 159 44 196
52 382 63 102
53 394 67 160
55 162 58 116
58 231 60 151
59 204 50 127
59 216 50 154
63 245 46 164
67 244 65 190
70 372 61 181
71 102 55 146
73 297 60 139
75 158 47 198
75 312 46 167
76 96 41 97
77 225 52 146
78 209 44 101
79 186 44 124
81 275 50 111
83 164 41 149
87 325 47 195
90 377 48 150
92 156 42 143
95 351 69 145
95 193 65 170
96 142 56 186
98 141 55 168
98 390 60 136
100 200 50 176
101 401 45 126
104 369 46 91
109 363 57 119
110 135 48 197
111 223 44 97
114 395 67 188
114 316 47 142
116 261 67 157
118 330 59 115
119 266 44 185
119 296 42 165
121 289 66 156
122 166 48 105
122 307 50 127
129 393 70 190
133 266 65 190
134 190 58 177
134 290 47 137
135 261 54 127
139 290 50 141
143 312 53 119
148 184 63 114
148 318 44 130
151 379 63 146
155 387 46 122
156 304 59 174
157 215 52 193
157 208 61 177
158 251 44 130
158 259 45 191
160 173 45 169
162 248 51 197
164 345 57 200
164 252 59 101
166 205 62 95
166 186 61 194
166 406 57 192
168 377 50 132
171 298 40 171
172 215 43 166
173 260 69 154
176 208 70 157
176 384 51 167
177 332 47 164
182 277 58 194
189 260 69 183
189 335 50 122
190 231 53 106
191 253 58 154
193 284 70 129
195 365 48 143
198 281 49 197
199 216 51 184
204 287 65 150
204 333 61 134
205 305 56 106
211 263 53 131
214 311 43 176
219 364 67 120
220 332 41 161
222 395 42 138
224 232 41 133
234 406 50 196
234 235 61 190
235 237 65 192
241 367 42 113
253 312 45 147
256 388 68 90
260 282 47 177
260 287 58 109
262 408 55 126
270 343 57 118
270 372 43 105
289 375 57 140
292 402 44 183
303 361 47 94
325 376 41 113
328 347 61 110
347 353 52 178
365 367 63 169
377 404 53 118