569
0 8 320 5000 139
1 8 32 800 180
2 32 320 5000 138
3 8 320 400 104
4 8 32 5000 120
5 8 128 800 122
6 32 32 800 142
7 32 320 800 183
8 8 32 800 188
9 32 320 2000 142
10 32 320 5000 102
11 32 320 800 94
12 8 320 1000 177
13 8 32 800 116
14 32 32 1000 161
15 32 32 5000 103
16 8 128 5000 130
17 32 320 1000 161
18 8 128 5000 179
19 32 128 400 183
20 8 320 2000 177
21 8 320 800 170
22 8 320 2000 158
23 8 128 5000 126
24 32 32 2000 171
25 8 320 800 114
26 8 32 5000 126
27 32 320 2000 200
28 32 32 1000 104
29 8 32 800 96
30 32 32 800 138
31 8 128 5000 140
32 32 32 1000 129
33 8 32 5000 112
34 8 32 5000 106
35 8 128 5000 155
36 8 32 2000 173
37 8 32 2000 91
38 32 32 400 102
39 32 320 2000 131
40 8 128 800 164
41 32 32 5000 194
42 8 320 5000 90
43 32 320 400 173
44 32 320 1000 185
45 8 128 1000 117
46 32 128 800 96
47 8 320 400 150
48 32 32 800 147
49 8 320 2000 117
50 32 320 2000 144
51 32 320 1000 118
52 8 32 800 138
53 8 32 400 98
54 8 320 400 104
55 32 32 5000 136
56 8 320 800 163
57 8 128 1000 100
58 32 128 800 163
59 8 128 800 180
60 32 320 5000 172
61 8 32 800 181
62 8 320 1000 102
63 8 128 800 116
64 32 128 1000 155
65 8 128 5000 92
66 32 32 1000 174
67 32 320 5000 148
68 32 320 400 116
69 32 320 2000 157
70 32 320 400 90
71 32 32 800 158
72 8 32 5000 112
73 32 128 5000 181
74 32 128 400 193
75 32 320 2000 159
76 32 320 800 197
77 8 128 1000 101
78 32 32 1000 114
79 32 128 800 163
80 32 32 400 134
81 32 128 5000 101
82 32 320 2000 190
83 8 128 5000 123
84 32 32 800 132
85 8 128 1000 183
86 8 32 400 144
87 32 32 5000 99
88 32 32 800 106
89 32 32 1000 186
90 8 128 400 172
91 32 32 5000 149
92 32 32 5000 165
93 32 128 400 193
94 32 32 5000 139
95 8 320 5000 151
96 8 128 5000 180
97 32 32 5000 172
98 32 32 2000 160
99 8 320 400 178
100 32 128 1000 183
101 32 320 400 127
102 32 32 800 193
103 32 128 5000 145
104 8 128 5000 149
105 32 32 800 170
106 32 128 1000 171
107 8 320 800 109
108 8 32 1000 145
109 8 128 800 195
110 32 128 400 94
111 8 32 1000 166
112 32 128 2000 110
113 8 32 400 95
114 8 320 400 183
115 32 32 5000 154
116 8 128 800 200
117 32 128 5000 160
118 8 128 2000 157
119 8 32 400 128
120 8 128 1000 104
121 32 32 1000 105
122 8 128 1000 134
123 32 32 400 154
124 32 128 2000 125
125 8 320 800 159
126 32 320 5000 105
127 32 128 1000 112
128 8 128 800 118
129 32 320 5000 146
130 8 320 2000 189
131 32 128 800 199
132 8 32 5000 150
133 8 32 400 104
134 8 32 800 124
135 32 32 800 92
136 8 128 5000 131
137 8 32 5000 148
138 8 32 400 125
139 32 320 800 199
140 32 32 2000 93
141 8 128 2000 100
142 32 32 800 188
143 32 32 5000 172
144 8 320 800 125
145 8 128 400 150
146 32 320 400 188
147 32 320 1000 179
148 32 320 800 141
149 32 128 400 134
150 8 128 2000 199
151 32 32 5000 148
152 8 320 400 110
153 32 128 800 198
154 8 128 5000 184
155 8 128 5000 142
156 8 320 800 124
157 8 128 2000 127
158 8 32 400 93
159 32 320 800 179
160 8 32 2000 136
161 32 320 2000 150
162 32 32 400 189
163 32 32 2000 107
164 8 32 5000 166
165 32 32 5000 111
166 8 32 2000 126
167 8 32 800 116
168 32 320 400 138
169 32 128 2000 139
170 8 128 400 121
171 8 320 800 121
172 8 32 2000 196
173 8 320 2000 105
174 8 320 2000 197
175 32 32 1000 115
176 8 32 5000 144
177 32 128 1000 174
178 8 320 400 188
179 8 128 1000 147
180 8 32 2000 187
181 32 320 2000 148
182 32 320 400 118
183 32 320 2000 101
184 32 32 800 190
185 32 32 2000 102
186 8 32 1000 171
187 32 32 2000 120
188 32 32 1000 113
189 32 128 1000 184
190 8 320 1000 197
191 32 32 2000 129
192 32 32 2000 110
193 8 32 800 93
194 8 128 1000 130
195 8 320 400 192
196 8 320 1000 188
197 8 32 2000 141
198 8 320 5000 114
199 8 128 800 161
200 32 128 5000 161
201 32 32 400 185
202 8 320 400 174
203 32 320 400 91
204 32 32 800 90
205 32 320 2000 141
206 32 320 5000 154
207 8 128 5000 93
208 32 32 2000 148
209 32 128 800 104
210 32 320 800 180
211 8 128 2000 132
212 32 128 2000 199
213 8 128 2000 199
214 8 320 2000 114
215 32 128 1000 92
216 8 128 800 197
217 8 32 400 156
218 8 32 1000 93
219 8 320 1000 103
220 32 320 800 187
221 8 32 400 171
222 32 320 400 161
223 32 320 2000 121
224 8 32 5000 108
225 32 32 1000 197
226 32 128 2000 183
227 32 320 2000 147
228 32 32 1000 90
229 8 32 5000 173
230 8 320 1000 110
231 8 128 2000 177
232 32 320 400 177
233 32 320 800 143
234 32 128 800 154
235 8 128 2000 94
236 8 128 800 137
237 8 32 2000 198
238 32 32 400 152
239 32 320 400 186
240 8 320 1000 100
241 32 32 800 106
242 32 128 5000 118
243 8 128 1000 113
244 32 128 1000 173
245 32 32 800 145
246 32 320 5000 187
247 8 320 400 179
248 8 320 1000 180
249 32 320 800 155
250 32 320 1000 105
251 32 320 2000 117
252 8 32 800 148
253 8 32 400 189
254 32 128 2000 133
255 8 32 1000 151
256 32 320 400 125
257 8 320 1000 188
258 8 128 800 188
259 8 128 1000 123
260 32 320 800 149
261 8 128 2000 154
262 32 32 400 176
263 32 128 2000 199
264 8 320 2000 120
265 32 128 800 158
266 8 32 400 145
267 8 32 400 167
268 32 128 800 152
269 32 32 400 121
270 8 320 5000 98
271 8 128 5000 115
272 8 320 800 153
273 32 32 5000 189
274 32 320 2000 177
275 32 128 5000 175
276 32 128 1000 168
277 32 32 400 187
278 8 32 5000 155
279 32 128 5000 182
280 32 128 400 118
281 8 32 5000 125
282 32 32 1000 195
283 32 32 400 145
284 32 320 400 120
285 32 128 1000 128
286 32 320 400 160
287 8 320 400 187
288 32 32 5000 118
289 32 320 800 197
290 8 320 400 127
291 8 128 2000 154
292 8 128 800 93
293 32 32 800 98
294 32 128 5000 131
295 8 320 800 192
296 32 32 400 128
297 32 128 1000 146
298 32 320 400 151
299 32 32 2000 138
300 8 128 1000 154
301 8 320 5000 192
302 32 320 5000 151
303 8 320 2000 118
304 32 128 400 92
305 32 128 1000 115
306 8 320 2000 135
307 32 32 400 144
308 32 32 1000 106
309 8 32 5000 112
310 8 32 1000 100
311 32 320 1000 128
312 8 128 2000 146
313 32 320 400 120
314 8 32 5000 102
315 32 32 400 108
316 32 32 1000 118
317 8 32 5000 146
318 32 128 5000 185
319 32 320 800 112
320 8 32 400 173
321 32 32 2000 127
322 8 320 5000 153
323 32 320 800 92
324 8 32 2000 98
325 32 320 2000 98
326 32 32 800 182
327 32 128 2000 193
328 32 32 800 195
329 8 320 2000 195
330 32 320 2000 166
331 32 128 1000 191
332 8 320 800 147
333 32 128 400 181
334 8 320 2000 199
335 8 320 1000 93
336 32 128 5000 118
337 32 320 400 112
338 8 32 400 177
339 32 320 5000 183
340 8 320 5000 165
341 32 128 2000 157
342 8 32 800 167
343 8 320 400 133
344 8 32 800 199
345 8 320 2000 95
346 8 32 2000 160
347 32 320 1000 113
348 8 32 5000 172
349 32 320 1000 156
350 8 128 5000 200
351 32 32 800 104
352 8 32 5000 198
353 32 128 5000 111
354 8 320 5000 197
355 32 320 400 177
356 8 32 400 154
357 32 128 800 96
358 32 320 800 134
359 32 32 400 136
360 32 320 2000 156
361 32 32 400 149
362 32 32 5000 90
363 32 32 5000 170
364 32 128 800 95
365 8 32 800 108
366 8 32 2000 109
367 32 320 2000 155
368 32 128 1000 198
369 32 32 800 139
370 8 32 2000 192
371 32 32 800 105
372 8 32 2000 167
373 32 32 5000 129
374 8 128 400 94
375 32 128 1000 138
376 32 320 400 185
377 32 128 5000 152
378 32 320 400 200
379 8 32 400 99
380 8 32 400 177
381 8 320 5000 116
382 8 320 800 103
383 8 320 2000 162
384 32 320 1000 188
385 32 32 5000 174
386 32 32 400 161
387 8 320 400 132
388 8 128 2000 108
389 8 32 400 99
390 32 32 400 178
391 8 128 1000 114
392 32 32 800 144
393 8 128 1000 186
394 32 128 400 107
395 8 128 1000 191
396 8 128 800 151
397 8 32 2000 158
398 8 128 2000 126
399 32 320 400 181
400 32 320 5000 182
401 32 128 400 137
402 8 32 2000 137
403 8 128 5000 179
404 32 32 2000 184
405 8 320 800 115
406 8 32 800 103
407 32 128 1000 94
408 32 32 2000 141
409 8 128 1000 165
410 8 128 800 90
411 32 128 5000 200
412 8 32 5000 146
413 8 320 800 142
414 32 32 400 160
415 8 32 400 93
416 32 128 800 197
417 8 320 800 193
418 32 32 400 196
419 8 128 1000 121
420 8 320 2000 96
421 32 32 400 95
422 8 32 1000 180
423 8 128 800 185
424 32 320 800 195
425 8 32 800 111
426 32 128 2000 91
427 8 32 800 97
428 32 128 800 161
429 8 320 2000 154
430 32 320 400 159
431 32 320 1000 167
432 32 320 1000 140
433 32 32 400 114
434 32 32 400 110
435 32 128 5000 130
436 8 128 400 116
437 32 320 800 114
438 8 128 800 112
439 32 32 400 118
440 8 320 800 189
441 8 320 800 109
442 32 32 800 160
443 8 32 1000 137
444 8 128 2000 184
445 8 320 400 127
446 32 32 2000 197
447 32 128 800 132
448 8 320 2000 119
449 8 128 800 104
450 8 128 800 183
451 32 32 1000 192
452 32 128 800 125
453 8 128 1000 158
454 8 128 5000 144
455 32 128 400 192
456 32 128 800 151
457 8 128 2000 182
458 32 128 1000 196
459 8 320 800 110
460 8 128 2000 162
461 8 320 1000 134
462 8 32 800 199
463 8 128 800 118
464 32 128 400 161
465 8 320 5000 90
466 8 320 5000 143
467 32 128 800 146
468 32 32 2000 151
469 32 32 800 101
470 32 320 1000 200
471 8 128 2000 166
472 8 32 5000 173
473 32 320 5000 119
474 32 32 800 130
475 32 128 5000 192
476 32 32 800 152
477 8 128 1000 186
478 32 32 800 167
479 8 128 800 160
480 8 32 400 192
481 32 128 5000 118
482 32 128 5000 188
483 32 320 800 184
484 32 128 2000 171
485 32 320 400 121
486 8 128 5000 127
487 8 128 2000 94
488 32 320 800 187
489 32 32 5000 171
490 32 32 5000 114
491 32 128 800 111
492 8 320 800 125
493 8 128 800 127
494 8 128 1000 109
495 32 32 1000 147
496 32 32 400 161
497 32 32 5000 127
498 32 128 800 133
499 32 320 400 171
500 32 32 400 200
501 8 32 800 165
502 32 32 800 199
503 8 32 1000 153
504 8 128 800 196
505 8 320 800 161
506 8 320 1000 171
507 8 32 800 114
508 8 128 5000 127
509 32 32 2000 138
510 32 320 5000 193
511 32 32 2000 93
512 32 32 2000 109
513 32 128 1000 112
514 32 32 400 121
515 8 128 5000 159
516 8 128 400 134
517 32 320 800 163
518 8 320 2000 141
519 32 32 2000 191
520 8 32 400 160
521 8 320 800 165
522 8 128 800 159
523 8 128 1000 93
524 8 128 800 174
525 8 32 800 176
526 32 128 5000 127
527 8 320 800 165
528 32 128 2000 135
529 8 128 800 155
530 32 128 2000 169
531 32 128 800 194
532 32 320 1000 93
533 8 32 5000 180
534 32 32 5000 151
535 8 128 2000 98
536 32 128 1000 122
537 8 320 2000 98
538 8 32 1000 96
539 8 320 800 174
540 8 320 1000 121
541 32 128 800 152
542 32 32 1000 129
543 32 320 2000 159
544 8 128 800 115
545 8 320 400 111
546 32 320 5000 119
547 8 32 2000 107
548 32 128 800 154
549 32 128 800 93
550 32 128 2000 143
551 32 128 5000 172
552 8 32 5000 115
553 8 128 800 155
554 8 320 2000 122
555 32 128 1000 94
556 8 32 2000 166
557 8 320 2000 170
558 8 320 800 155
559 32 32 800 177
560 8 128 2000 96
561 32 128 800 94
562 32 32 800 139
563 32 32 5000 161
564 8 128 2000 169
565 8 128 1000 122
566 32 320 2000 173
567 32 128 5000 190
568 32 320 400 169
250
0 359 59 180
1 540 58 129
1 285 52 134
3 372 49 107
5 351 41 114
6 271 63 111
8 391 61 143
8 114 44 124
9 301 61 159
9 157 49 162
12 351 42 165
13 470 54 173
13 290 47 115
13 158 48 186
14 244 59 173
18 216 67 134
19 167 61 109
20 464 62 116
22 370 67 104
22 244 46 187
23 302 62 186
24 107 59 170
25 390 60 192
25 92 69 186
35 370 50 176
36 106 68 113
39 352 62 134
41 415 51 103
43 515 55 91
44 281 51 183
44 313 48 139
46 250 64 176
50 274 56 93
50 351 42 123
54 536 44 134
54 315 40 131
55 392 63 94
56 112 57 199
57 240 63 104
58 331 65 114
60 108 57 122
60 334 56 112
61 554 53 132
61 468 51 162
62 141 58 90
64 290 50 128
65 69 70 144
68 377 46 133
69 322 46 173
69 171 56 147
70 444 59 165
72 272 61 166
73 297 66 154
73 457 64 123
75 387 41 191
75 517 60 174
75 281 64 145
76 365 64 105
78 179 67 129
78 387 54 198
82 143 64 173
85 326 63 120
86 213 56 115
89 297 70 191
89 272 66 124
91 112 66 195
91 94 47 120
92 380 49 191
92 235 53 135
92 542 58 125
94 134 70 187
94 222 70 111
95 526 66 200
96 99 49 137
98 235 65 173
98 386 62 198
99 406 52 176
99 345 49 143
103 405 61 152
105 236 56 127
105 114 52 178
105 411 65 154
105 162 51 165
109 175 62 135
110 532 64 115
110 452 66 159
110 157 69 110
111 293 67 146
113 474 59 94
113 424 59 188
118 263 58 108
120 214 55 125
122 212 42 112
122 386 48 165
122 418 66 108
123 220 53 188
123 187 68 93
129 232 40 152
130 254 68 102
133 453 59 181
134 210 59 149
135 533 63 185
135 497 63 128
137 419 47 173
137 224 56 194
139 199 67 97
141 483 56 109
141 338 51 119
142 490 43 186
142 406 50 173
142 466 47 162
143 436 66 181
145 434 40 101
148 308 68 149
148 504 65 157
149 465 56 94
151 195 50 105
152 222 53 96
152 363 64 141
155 221 46 184
155 462 63 164
156 227 55 159
157 528 65 141
158 453 54 115
159 237 68 110
159 321 48 132
160 301 69 92
164 373 47 98
165 484 59 192
166 370 61 193
166 263 47 156
167 206 66 117
167 312 48 157
168 557 44 91
169 179 68 120
169 309 52 107
169 323 66 132
171 321 62 99
171 361 69 183
172 337 65 119
172 305 49 117
172 338 45 138
177 286 64 101
178 321 56 129
179 439 50 137
179 552 66 99
180 274 50 96
186 433 47 141
187 461 67 161
188 398 52 187
188 557 60 93
189 455 66 146
192 270 58 177
192 216 57 103
194 399 66 106
195 385 60 91
196 284 63 121
203 389 46 192
203 232 57 99
204 525 53 146
204 430 46 158
206 474 43 146
208 476 63 191
208 439 44 102
209 240 48 184
210 560 69 180
211 213 63 143
212 563 68 186
215 334 61 189
215 411 60 171
217 408 49 123
218 423 58 181
219 264 40 118
222 282 45 171
226 335 67 182
229 268 53 159
231 253 70 125
237 403 42 98
238 460 53 195
242 315 64 192
242 457 47 171
243 294 67 168
246 386 57 120
246 281 45 181
247 452 52 136
249 283 64 128
252 420 46 181
264 325 55 107
267 402 54 142
268 324 47 117
270 316 41 193
271 333 46 147
274 494 40 120
282 381 63 170
283 400 42 173
284 405 56 92
288 333 43 183
291 431 44 158
295 297 59 176
296 306 51 92
297 497 67 182
301 362 44 134
301 385 49 122
301 493 53 132
301 328 48 120
301 407 40 177
309 553 62 165
312 429 56 169
313 369 46 182
315 421 43 121
315 471 43 187
323 529 45 191
327 553 63 160
328 362 53 103
333 366 58 110
333 336 59 175
335 474 43 156
339 496 50 154
347 427 44 152
349 363 67 94
354 380 58 101
357 370 65 165
358 456 57 92
363 537 43 154
371 460 43 133
374 516 43 104
374 391 52 93
378 471 46 155
385 424 52 182
387 559 58 114
388 533 53 106
388 438 48 150
388 397 67 105
394 463 51 175
396 453 41 154
398 561 43 148
400 484 49 93
406 530 60 156
407 551 62 152
432 466 42 118
437 493 58 124
445 462 48 145
448 453 59 156
474 568 55 142
502 522 46 109
505 541 64 128
513 555 56 114
523 531 63 155
526 569 58 91
528 563 46 185