368
0 2 2 50 55
1 2 64 150 51
2 8 4 150 82
3 8 64 200 84
4 16 2 150 82
5 8 2 200 71
6 2 2 150 81
7 8 64 50 99
8 16 16 200 85
9 2 16 100 53
10 16 16 100 59
11 2 4 150 69
12 2 2 200 90
13 16 4 50 76
14 16 16 200 77
15 8 2 150 78
16 2 64 50 97
17 16 16 50 86
18 8 64 150 85
19 8 2 150 75
20 2 4 50 62
21 16 2 50 59
22 8 64 200 95
23 8 16 50 54
24 2 16 150 62
25 16 64 50 97
26 8 2 150 80
27 16 16 50 89
28 2 64 200 57
29 8 16 50 64
30 2 4 150 82
31 16 16 200 55
32 16 2 100 78
33 16 2 200 92
34 8 64 200 96
35 2 64 100 84
36 2 2 200 84
37 16 2 200 62
38 2 64 200 98
39 2 64 200 94
40 2 64 100 66
41 2 4 150 84
42 2 64 100 93
43 2 4 200 57
44 8 2 200 74
45 16 64 50 75
46 16 4 100 70
47 8 64 50 83
48 8 16 100 73
49 2 4 100 55
50 2 16 50 96
51 2 16 100 54
52 2 16 50 70
53 2 2 100 85
54 8 64 100 90
55 2 2 200 62
56 16 16 50 78
57 16 16 150 86
58 2 4 50 77
59 16 4 150 55
60 16 2 50 72
61 16 16 50 95
62 8 2 200 91
63 16 16 200 74
64 8 64 150 53
65 16 16 100 94
66 8 16 50 82
67 2 4 50 52
68 16 16 200 79
69 2 4 100 73
70 8 64 200 70
71 8 4 100 50
72 8 2 100 76
73 16 64 150 66
74 16 16 100 75
75 8 4 100 67
76 8 2 150 56
77 16 16 200 53
78 2 4 150 59
79 8 2 150 95
80 8 16 200 85
81 2 2 150 66
82 8 64 200 52
83 8 2 150 99
84 16 16 50 84
85 16 2 150 91
86 2 2 100 72
87 8 64 150 82
88 2 4 150 98
89 2 4 200 70
90 16 2 200 95
91 8 16 200 57
92 16 16 150 67
93 2 16 200 51
94 2 2 100 52
95 8 4 150 87
96 2 2 200 93
97 16 16 150 85
98 2 16 150 53
99 2 64 50 82
100 2 64 100 91
101 16 64 150 66
102 16 4 150 86
103 8 64 150 73
104 8 4 100 76
105 2 4 150 91
106 8 64 150 99
107 2 4 150 68
108 16 16 100 79
109 16 4 200 82
110 8 64 50 59
111 8 16 150 64
112 8 2 200 63
113 16 16 100 63
114 16 64 150 93
115 16 4 150 53
116 16 64 50 95
117 16 64 200 71
118 16 4 50 82
119 16 64 50 84
120 2 64 200 65
121 8 4 150 61
122 2 64 200 92
123 16 2 200 73
124 8 4 200 61
125 2 2 200 91
126 8 64 150 91
127 16 4 150 53
128 2 64 200 76
129 8 64 150 54
130 2 2 50 87
131 2 4 150 86
132 8 2 150 85
133 2 4 200 53
134 2 4 200 52
135 16 16 50 97
136 8 4 100 66
137 8 64 150 81
138 2 4 100 92
139 2 64 200 92
140 2 2 50 52
141 2 64 50 67
142 16 64 200 90
143 8 16 100 91
144 8 16 150 70
145 8 64 100 74
146 2 16 150 69
147 8 64 150 58
148 8 4 100 84
149 16 16 50 88
150 8 64 200 56
151 2 2 150 52
152 8 4 200 71
153 8 4 200 55
154 16 64 200 55
155 8 64 100 67
156 16 2 150 84
157 16 16 50 70
158 16 2 50 95
159 16 4 200 60
160 8 2 100 79
161 16 2 200 62
162 2 2 50 100
163 8 16 100 70
164 2 16 100 58
165 8 4 100 85
166 8 64 150 74
167 2 4 50 94
168 8 2 50 63
169 2 64 200 78
170 8 64 100 74
171 16 2 150 80
172 16 2 150 63
173 16 2 150 80
174 16 4 50 91
175 8 64 150 65
176 2 4 200 72
177 16 2 100 97
178 16 64 50 54
179 16 4 100 69
180 16 2 50 98
181 8 16 150 63
182 16 16 200 53
183 8 16 50 69
184 8 2 50 84
185 2 4 50 95
186 8 2 150 77
187 2 4 50 79
188 2 64 100 97
189 16 2 50 90
190 8 64 50 76
191 8 64 200 77
192 8 2 50 75
193 2 16 100 50
194 2 4 200 94
195 2 64 100 97
196 2 4 50 91
197 16 16 50 95
198 8 2 150 100
199 2 4 50 90
200 8 2 150 62
201 2 2 50 96
202 2 16 50 89
203 16 2 150 64
204 16 4 50 60
205 2 64 50 99
206 16 64 150 65
207 16 16 150 68
208 8 16 200 94
209 8 2 150 97
210 2 4 50 59
211 16 64 100 73
212 8 16 200 90
213 16 2 100 75
214 8 2 100 93
215 8 16 200 77
216 2 4 200 72
217 16 2 200 51
218 16 4 150 76
219 2 16 100 94
220 8 2 100 86
221 2 64 50 75
222 16 4 100 87
223 2 16 50 65
224 16 4 200 70
225 2 2 150 82
226 2 16 50 70
227 2 16 200 68
228 2 2 100 96
229 2 4 100 61
230 16 4 150 88
231 8 64 50 81
232 8 64 150 81
233 2 2 150 79
234 8 16 200 98
235 8 2 150 77
236 16 2 50 72
237 16 64 50 52
238 16 16 200 50
239 8 16 200 86
240 16 64 50 58
241 16 64 200 91
242 16 16 150 66
243 8 4 100 90
244 16 16 150 57
245 2 2 150 95
246 2 64 50 69
247 16 16 200 77
248 8 64 150 50
249 8 64 50 100
250 16 16 150 96
251 16 16 150 82
252 2 64 200 73
253 8 16 150 52
254 8 4 50 78
255 8 2 200 95
256 2 16 200 80
257 2 2 50 50
258 2 64 100 65
259 8 16 50 86
260 16 4 150 54
261 2 2 50 62
262 8 2 100 73
263 8 4 100 79
264 2 4 100 59
265 8 2 100 66
266 16 2 100 52
267 2 16 100 68
268 16 64 200 100
269 16 64 100 61
270 16 64 100 84
271 2 16 50 55
272 2 64 200 61
273 2 2 100 64
274 2 64 50 91
275 8 64 100 91
276 8 64 50 91
277 16 64 200 91
278 2 2 50 52
279 8 64 50 91
280 8 2 150 91
281 2 2 100 53
282 2 4 100 99
283 8 16 100 55
284 8 64 100 52
285 2 64 200 50
286 8 2 50 78
287 8 2 200 52
288 8 4 150 78
289 8 64 200 50
290 16 4 50 88
291 2 2 50 77
292 8 16 150 73
293 16 64 200 81
294 16 4 150 98
295 16 64 200 61
296 16 2 200 54
297 8 16 150 58
298 2 16 50 78
299 16 16 100 98
300 8 4 100 92
301 16 64 50 83
302 8 2 50 72
303 2 16 200 82
304 2 16 100 76
305 8 64 200 59
306 8 16 100 87
307 2 2 100 64
308 16 4 150 61
309 16 4 50 94
310 16 64 50 89
311 2 2 50 67
312 2 16 150 67
313 8 64 50 89
314 8 2 50 96
315 16 64 200 97
316 2 64 150 54
317 16 64 50 81
318 16 16 50 79
319 16 16 150 79
320 2 2 50 75
321 16 4 200 55
322 8 4 150 59
323 2 64 200 61
324 16 64 50 82
325 16 2 200 80
326 8 4 200 78
327 16 16 200 55
328 2 2 50 59
329 8 4 150 90
330 16 16 200 74
331 16 4 150 81
332 8 2 150 75
333 16 64 150 98
334 16 2 200 66
335 8 16 100 56
336 8 2 150 57
337 2 64 150 94
338 8 2 100 55
339 2 4 100 77
340 16 16 100 84
341 8 16 150 73
342 16 2 50 61
343 2 64 50 51
344 16 64 200 90
345 2 64 100 60
346 2 4 100 71
347 2 64 50 83
348 2 64 50 73
349 8 64 50 78
350 2 16 200 67
351 16 64 50 75
352 2 4 50 55
353 2 4 150 61
354 2 4 50 90
355 16 16 150 87
356 2 64 200 52
357 2 16 200 82
358 16 4 50 88
359 2 16 200 86
360 8 64 50 76
361 16 2 150 92
362 8 4 50 54
363 2 4 100 72
364 16 16 200 76
365 16 2 100 56
366 16 64 150 55
367 2 16 50 54
123
0 169 49 124
3 43 48 148
10 83 66 129
11 367 53 129
12 76 65 123
13 223 45 121
15 116 63 129
16 93 52 185
17 359 69 162
17 264 44 115
18 284 46 100
20 89 52 121
21 204 47 175
27 52 70 168
27 161 51 189
27 339 70 174
33 64 56 171
34 132 70 120
35 303 52 144
37 311 61 171
39 283 59 102
40 189 41 188
43 148 45 137
44 120 64 164
44 113 41 184
45 239 67 146
47 308 44 104
48 160 42 128
54 133 43 196
57 129 63 162
58 203 46 149
60 150 58 181
64 252 40 122
68 175 45 97
68 133 52 125
69 150 70 113
70 231 43 171
72 257 57 113
72 359 44 108
75 143 59 93
79 165 52 116
79 94 44 164
80 256 47 167
83 91 62 191
83 349 47 163
85 308 47 128
87 352 44 130
88 118 46 135
88 99 57 131
90 128 70 153
90 304 45 100
91 254 68 109
92 132 52 114
93 174 47 199
97 324 60 120
97 131 68 141
98 317 41 199
102 351 64 101
105 313 45 185
109 266 61 121
112 233 60 185
120 303 46 129
125 336 67 179
125 281 45 108
125 234 61 113
126 344 41 127
138 317 56 130
140 207 47 97
145 216 69 191
146 150 62 154
146 334 66 151
149 361 63 92
151 274 63 146
151 322 68 111
152 313 49 174
157 199 62 98
161 288 61 155
161 328 43 171
163 355 59 182
164 358 58 125
165 263 46 174
166 235 46 197
167 360 48 132
170 305 62 137
172 213 41 99
180 231 46 151
187 303 56 116
195 256 63 200
196 358 50 114
197 342 65 190
204 323 63 123
207 305 43 101
208 342 42 137
209 298 51 174
211 219 68 149
213 219 50 182
213 227 42 176
214 343 53 128
215 361 64 116
217 306 69 109
220 243 54 150
221 342 42 155
230 264 63 166
230 236 56 131
231 319 66 147
233 340 68 163
239 281 50 141
239 318 70 193
246 316 52 182
246 281 41 152
258 315 47 103
261 331 62 92
263 330 57 182
269 329 41 117
278 347 65 160
286 288 44 170
294 346 50 154
307 362 41 133
310 319 57 93
312 318 60 124
313 316 40 111
332 368 68 147
351 368 44 181