286
0 32 96 400 106
1 16 96 1000 148
2 16 96 800 160
3 32 64 400 163
4 32 64 1000 121
5 32 96 1000 148
6 16 40 400 183
7 32 96 2000 152
8 16 96 400 104
9 16 40 400 147
10 32 96 400 123
11 16 64 400 159
12 32 64 400 195
13 32 96 400 141
14 32 40 5000 134
15 32 96 5000 157
16 32 96 800 149
17 32 64 5000 92
18 16 40 800 140
19 16 64 800 147
20 16 64 1000 101
21 16 96 800 121
22 32 64 5000 102
23 32 64 2000 189
24 32 40 2000 165
25 16 64 400 107
26 32 40 5000 115
27 16 96 1000 165
28 16 64 1000 155
29 32 64 1000 115
30 32 64 2000 123
31 32 96 2000 134
32 32 40 1000 194
33 16 96 1000 166
34 16 64 400 163
35 32 40 800 186
36 16 40 1000 193
37 32 64 400 97
38 32 40 800 141
39 32 40 5000 165
40 16 64 2000 200
41 32 40 800 198
42 16 96 2000 151
43 32 40 1000 91
44 32 64 800 137
45 32 64 400 141
46 32 40 1000 189
47 16 96 800 174
48 16 40 2000 195
49 32 96 800 101
50 16 96 1000 188
51 32 96 2000 187
52 16 96 1000 124
53 32 64 2000 114
54 16 40 400 124
55 32 40 800 174
56 16 96 1000 184
57 16 96 5000 187
58 16 64 2000 186
59 16 96 800 184
60 32 96 1000 163
61 32 96 1000 105
62 32 96 2000 121
63 32 40 2000 125
64 32 40 400 138
65 32 40 5000 135
66 32 96 800 143
67 16 96 800 134
68 32 40 400 137
69 16 96 5000 175
70 32 64 1000 119
71 32 40 2000 150
72 32 96 1000 102
73 32 64 800 179
74 32 40 1000 106
75 32 40 2000 160
76 32 96 800 190
77 32 40 1000 134
78 16 96 400 120
79 32 64 5000 155
80 32 96 2000 134
81 16 40 400 160
82 32 40 400 197
83 32 64 2000 173
84 16 40 800 174
85 16 40 1000 104
86 16 64 800 167
87 16 96 5000 131
88 16 96 2000 174
89 16 64 2000 110
90 32 40 800 187
91 16 96 5000 90
92 32 96 2000 166
93 16 40 5000 110
94 16 40 400 128
95 32 64 1000 99
96 16 64 800 181
97 16 64 2000 193
98 16 64 400 196
99 32 64 2000 174
100 16 96 800 159
101 32 96 800 136
102 16 96 800 138
103 16 96 400 192
104 16 64 400 189
105 16 40 800 164
106 32 96 800 168
107 16 40 5000 142
108 32 96 1000 94
109 32 40 1000 142
110 16 96 2000 146
111 16 64 1000 200
112 16 96 800 178
113 32 64 1000 171
114 16 96 1000 134
115 32 40 5000 145
116 32 64 800 168
117 16 96 800 187
118 32 96 2000 110
119 32 40 400 165
120 32 96 5000 147
121 32 96 400 107
122 32 64 400 195
123 16 96 800 136
124 16 96 1000 111
125 32 64 800 190
126 32 96 800 175
127 16 96 1000 143
128 32 64 1000 130
129 16 40 1000 115
130 32 64 400 197
131 32 96 5000 173
132 16 40 2000 179
133 32 64 2000 182
134 32 96 400 137
135 16 64 5000 151
136 32 96 5000 123
137 16 64 5000 149
138 32 64 400 181
139 32 64 2000 128
140 32 96 2000 95
141 32 64 400 100
142 16 64 5000 94
143 16 96 800 119
144 16 64 2000 95
145 16 96 5000 97
146 32 40 800 96
147 32 96 2000 181
148 32 40 400 191
149 32 40 5000 200
150 32 96 800 186
151 32 64 2000 160
152 32 64 800 167
153 32 64 800 100
154 32 64 2000 169
155 32 96 2000 200
156 16 40 2000 111
157 32 64 5000 100
158 16 40 2000 164
159 32 64 400 188
160 32 64 400 106
161 16 40 2000 140
162 16 96 2000 189
163 16 96 1000 169
164 16 96 400 118
165 32 64 1000 166
166 16 40 5000 168
167 16 64 1000 166
168 32 96 1000 129
169 16 96 400 182
170 32 40 1000 147
171 16 64 5000 159
172 32 96 800 119
173 16 64 2000 190
174 32 40 400 111
175 16 64 800 170
176 16 96 2000 139
177 16 40 2000 178
178 32 40 2000 188
179 16 40 1000 108
180 32 40 400 151
181 32 64 1000 118
182 16 64 800 144
183 32 96 800 101
184 16 64 2000 155
185 16 64 5000 143
186 16 64 800 179
187 32 64 1000 184
188 16 40 800 131
189 16 96 400 160
190 32 64 1000 110
191 32 64 2000 116
192 32 40 800 168
193 32 40 2000 94
194 16 96 800 143
195 16 96 5000 199
196 32 96 400 174
197 32 64 400 149
198 16 64 400 131
199 32 64 800 112
200 16 96 800 91
201 16 40 5000 161
202 32 40 400 121
203 32 96 800 198
204 16 64 1000 180
205 32 64 400 181
206 32 40 400 109
207 16 96 1000 180
208 16 96 1000 180
209 16 64 2000 138
210 32 96 5000 98
211 16 96 5000 126
212 32 96 800 146
213 16 40 1000 116
214 32 40 5000 172
215 16 64 5000 138
216 16 64 400 144
217 32 64 800 184
218 32 64 800 162
219 16 64 2000 153
220 16 96 800 122
221 16 96 1000 181
222 32 40 5000 139
223 16 64 5000 110
224 32 40 5000 160
225 32 96 400 122
226 16 64 400 194
227 32 64 400 161
228 16 64 2000 185
229 32 96 400 159
230 16 96 400 159
231 32 96 1000 171
232 16 96 5000 190
233 32 96 800 164
234 16 40 5000 149
235 16 96 400 140
236 32 64 5000 189
237 16 40 400 188
238 16 64 400 178
239 16 96 800 97
240 16 40 2000 197
241 32 64 800 100
242 32 40 5000 93
243 16 96 1000 188
244 16 96 800 132
245 32 96 800 123
246 32 40 800 191
247 16 64 1000 134
248 32 40 2000 197
249 32 96 400 124
250 16 40 2000 106
251 16 64 5000 121
252 32 96 1000 90
253 16 96 400 172
254 16 96 800 126
255 16 64 2000 109
256 32 64 400 126
257 32 40 800 191
258 32 64 2000 130
259 32 40 5000 100
260 32 40 1000 173
261 32 40 800 95
262 16 40 400 128
263 32 96 800 96
264 32 64 1000 186
265 16 40 400 125
266 16 40 1000 171
267 32 64 800 104
268 32 40 2000 105
269 32 96 800 193
270 16 40 800 90
271 16 40 1000 92
272 16 64 2000 185
273 16 96 400 195
274 32 96 400 105
275 16 96 800 140
276 16 64 2000 188
277 16 40 800 147
278 16 96 5000 183
279 16 64 800 176
280 32 96 800 110
281 16 64 1000 156
282 16 64 400 180
283 32 96 400 183
284 32 96 800 97
285 32 96 5000 194
137
0 270 68 115
1 188 60 160
2 16 63 103
2 50 63 104
2 193 45 196
4 209 70 180
5 218 62 115
6 162 51 173
6 197 41 183
6 84 55 137
8 255 68 118
9 104 56 120
9 10 67 161
11 90 54 129
15 119 57 140
15 211 52 168
15 141 57 156
17 156 59 183
19 69 43 151
20 154 57 140
20 174 55 106
20 216 53 195
21 38 66 155
21 251 64 97
22 69 65 101
23 241 45 171
27 64 43 174
28 78 47 136
28 47 47 197
28 244 49 141
30 71 44 104
30 217 60 109
31 143 69 198
33 72 46 190
33 58 52 182
34 183 45 189
36 141 48 191
36 265 46 94
37 61 41 175
39 163 67 163
40 179 57 175
40 209 55 130
42 286 49 188
43 189 58 105
44 72 56 129
46 273 64 144
47 233 51 116
47 109 43 159
48 207 42 132
49 137 50 102
49 126 50 182
49 52 69 170
49 56 66 149
52 209 42 188
53 68 57 126
61 99 48 165
63 242 41 119
66 135 49 150
68 267 67 172
69 259 49 122
70 172 43 137
73 96 51 161
74 270 54 122
75 215 70 105
75 241 47 140
76 254 66 94
78 80 50 170
79 139 64 113
80 263 44 166
81 90 65 176
82 204 52 143
85 181 69 119
85 236 69 98
88 144 55 147
89 195 69 173
89 261 56 105
92 136 70 99
95 238 60 185
97 187 42 147
97 257 61 123
98 163 70 195
99 107 44 158
101 193 63 159
107 219 47 135
107 222 40 93
108 197 51 183
109 219 59 187
109 154 41 191
111 262 54 199
113 154 69 112
115 274 54 132
115 132 55 122
116 144 40 129
117 211 57 108
122 275 51 94
125 135 62 101
125 225 66 124
126 146 44 136
127 271 55 139
130 229 42 133
132 153 64 166
136 263 70 108
139 208 59 175
145 189 44 166
145 260 63 168
145 159 63 132
150 217 66 174
153 264 69 130
153 261 67 118
157 178 49 171
159 178 69 157
160 274 49 101
162 232 49 141
162 275 63 98
167 244 58 143
168 219 48 186
169 206 40 172
171 283 61 117
174 206 61 119
174 217 51 182
183 280 65 123
186 257 66 133
193 249 47 137
201 258 63 178
203 222 41 180
204 265 40 121
209 271 42 126
214 242 67 164
216 274 65 194
218 234 65 193
231 248 48 174
233 261 57 170
245 248 68 91
254 280 57 98
256 257 58 179
267 273 68 100
272 285 64 91