73
0 16 16 200 100
1 8 64 200 128
2 8 128 200 102
3 2 128 500 124
4 8 64 1000 111
5 8 64 1000 108
6 16 16 500 101
7 2 16 200 104
8 2 128 1000 142
9 16 64 300 127
10 16 64 1000 99
11 8 128 200 93
12 16 64 300 112
13 8 64 300 148
14 8 128 500 99
15 8 16 100 150
16 2 128 300 144
17 8 64 200 92
18 16 64 300 98
19 8 64 200 106
20 2 64 100 111
21 16 128 300 138
22 2 16 200 105
23 2 16 300 110
24 16 128 200 109
25 8 128 100 114
26 2 64 1000 91
27 2 64 1000 150
28 2 16 200 123
29 2 128 500 95
30 8 16 300 126
31 2 64 300 100
32 8 128 500 123
33 8 64 1000 126
34 2 64 200 123
35 16 16 1000 113
36 16 128 100 101
37 16 64 100 148
38 16 16 1000 147
39 8 64 1000 148
40 2 16 200 131
41 16 16 500 91
42 16 16 100 112
43 2 64 1000 148
44 16 16 200 124
45 2 16 200 130
46 16 16 1000 150
47 2 64 200 133
48 16 16 200 97
49 8 64 200 140
50 8 128 100 147
51 8 64 1000 101
52 8 128 1000 107
53 8 128 500 147
54 16 64 1000 117
55 2 16 300 118
56 16 64 500 113
57 8 128 1000 147
58 8 128 100 109
59 8 64 500 99
60 16 16 500 124
61 16 128 1000 138
62 2 64 200 94
63 8 16 500 146
64 16 16 1000 150
65 2 16 200 150
66 2 64 200 123
67 8 128 100 109
68 2 16 300 91
69 16 16 500 115
70 2 64 500 107
71 8 16 1000 116
72 2 64 300 99
23
0 43 57 104
1 45 65 167
2 57 65 151
2 44 49 170
2 4 70 148
4 23 51 102
5 31 69 159
5 13 61 188
7 12 69 179
14 51 42 149
17 70 62 102
18 42 57 90
22 46 47 126
22 62 49 111
27 55 54 162
29 48 65 93
31 71 65 144
38 62 44 90
39 66 68 145
45 57 55 122
50 59 63 186
54 66 57 139
55 64 45 108