27
0 8 4 150 53
1 16 2 150 80
2 16 16 150 60
3 8 64 50 96
4 2 2 100 70
5 2 64 100 80
6 16 16 50 82
7 8 16 50 90
8 8 16 150 83
9 16 64 100 95
10 2 4 200 63
11 2 2 150 53
12 8 2 200 93
13 16 2 50 81
14 2 2 100 96
15 16 16 150 55
16 2 16 200 79
17 2 16 200 90
18 16 64 200 51
19 2 2 100 61
20 2 64 50 61
21 8 16 50 95
22 16 4 50 73
23 8 2 100 67
24 16 16 200 50
25 8 2 200 51
26 2 64 150 52
10
0 2 41 105
0 20 65 106
1 5 54 104
2 19 47 158
6 9 61 146
8 11 43 142
9 20 49 162
11 18 48 200
14 24 61 146
18 21 49 153