109
0 32 128 1000 90
1 8 32 400 146
2 8 128 5000 166
3 32 128 1000 104
4 32 320 5000 197
5 32 320 400 165
6 32 32 400 168
7 8 128 400 97
8 8 320 5000 199
9 32 320 5000 178
10 8 320 1000 192
11 8 128 400 100
12 32 32 800 182
13 8 128 5000 169
14 32 32 5000 173
15 32 320 2000 123
16 32 32 800 169
17 8 32 800 119
18 32 128 1000 127
19 8 320 800 155
20 32 128 800 183
21 32 320 400 140
22 32 320 5000 117
23 32 32 400 128
24 8 128 5000 190
25 32 32 1000 157
26 32 32 1000 177
27 8 320 5000 179
28 32 32 1000 114
29 8 32 5000 125
30 32 128 1000 123
31 8 32 800 162
32 8 32 5000 131
33 8 32 1000 120
34 8 32 5000 110
35 8 128 1000 172
36 8 320 800 162
37 32 320 800 125
38 32 320 800 137
39 32 32 5000 100
40 32 128 800 191
41 32 320 5000 179
42 32 320 1000 177
43 8 320 1000 187
44 32 32 400 183
45 8 320 2000 163
46 8 128 5000 166
47 8 320 400 108
48 32 32 5000 165
49 32 320 800 120
50 8 320 2000 164
51 32 32 1000 91
52 8 32 400 159
53 32 128 5000 123
54 8 32 1000 197
55 32 128 800 183
56 8 32 800 194
57 32 128 2000 179
58 32 128 400 185
59 8 320 400 98
60 32 32 1000 113
61 8 128 800 95
62 32 320 400 187
63 32 320 2000 150
64 32 320 800 157
65 8 32 2000 187
66 32 32 400 160
67 32 128 2000 126
68 32 128 2000 127
69 8 320 1000 197
70 8 320 1000 194
71 8 32 400 142
72 8 32 1000 131
73 8 32 5000 178
74 8 32 1000 144
75 8 128 2000 102
76 32 128 5000 167
77 32 320 400 98
78 8 320 2000 94
79 8 32 1000 148
80 32 32 5000 157
81 32 32 2000 105
82 32 32 5000 182
83 8 32 800 101
84 8 32 800 180
85 32 32 1000 193
86 8 32 800 135
87 8 32 2000 179
88 32 32 5000 165
89 32 32 800 184
90 8 128 800 147
91 8 32 1000 197
92 8 128 400 161
93 32 128 800 197
94 32 32 1000 180
95 8 128 800 169
96 8 128 2000 163
97 8 128 5000 134
98 8 128 5000 94
99 8 32 2000 126
100 32 320 1000 193
101 32 32 5000 179
102 8 32 800 172
103 32 320 2000 123
104 32 128 2000 194
105 8 320 800 180
106 8 32 400 108
107 8 128 800 154
108 32 32 800 113
6
1 101 55 98
5 51 52 180
17 102 62 149
29 33 68 97
36 37 49 180
51 92 45 111