705
0 32 64 800 129
1 64 256 5000 180
2 128 64 500 142
3 128 64 800 132
4 128 16 2400 187
5 128 64 2400 155
6 16 128 1000 132
7 32 128 2400 110
8 16 256 2400 153
9 16 16 1000 171
10 16 256 2400 176
11 64 64 1000 94
12 32 256 800 176
13 64 128 800 124
14 32 16 1000 200
15 16 256 5000 156
16 64 16 2400 128
17 16 128 2400 90
18 16 64 800 178
19 16 128 2400 191
20 16 128 5000 131
21 32 128 800 184
22 64 64 800 199
23 64 256 800 161
24 32 256 500 122
25 32 16 1000 152
26 64 16 500 166
27 16 128 800 109
28 128 16 5000 178
29 16 64 500 102
30 64 128 2400 92
31 128 128 800 189
32 32 64 2400 177
33 32 128 1000 139
34 64 64 800 132
35 16 128 1000 134
36 32 256 5000 130
37 16 256 800 117
38 16 64 800 139
39 16 64 500 188
40 32 64 5000 93
41 16 256 5000 135
42 32 64 1000 167
43 16 256 500 123
44 16 256 1000 190
45 32 256 800 136
46 16 128 800 178
47 64 64 2400 159
48 64 64 500 134
49 64 256 2400 197
50 64 256 800 96
51 32 16 5000 155
52 32 16 5000 131
53 32 128 500 160
54 16 256 2400 91
55 64 64 5000 151
56 64 128 800 197
57 128 16 500 146
58 64 256 500 149
59 128 64 1000 155
60 128 16 800 106
61 32 256 5000 185
62 16 256 1000 178
63 128 256 500 109
64 32 64 1000 116
65 64 64 2400 198
66 64 16 1000 195
67 32 128 800 193
68 16 16 5000 178
69 128 256 1000 197
70 16 128 2400 147
71 128 256 500 122
72 16 16 800 134
73 128 64 2400 153
74 64 128 1000 114
75 16 128 500 139
76 32 64 1000 125
77 32 128 2400 175
78 64 256 500 95
79 16 64 800 90
80 128 256 5000 187
81 32 128 1000 149
82 16 16 1000 145
83 128 256 500 200
84 128 16 2400 130
85 64 64 2400 194
86 32 256 1000 134
87 64 64 5000 96
88 128 64 800 137
89 128 128 800 184
90 64 64 800 119
91 32 64 500 178
92 32 16 500 141
93 128 128 2400 175
94 16 256 1000 126
95 64 16 1000 109
96 16 64 2400 192
97 64 256 2400 115
98 32 256 1000 168
99 64 16 800 126
100 64 128 5000 129
101 64 16 1000 151
102 64 16 800 96
103 16 128 800 173
104 64 256 5000 158
105 16 256 2400 129
106 32 64 2400 199
107 32 256 2400 116
108 128 256 500 170
109 32 128 800 122
110 64 64 1000 166
111 128 64 800 159
112 64 128 800 90
113 64 16 2400 151
114 64 128 2400 115
115 128 128 5000 191
116 32 128 2400 92
117 128 128 2400 96
118 64 16 2400 129
119 32 128 5000 113
120 64 256 2400 195
121 128 256 2400 176
122 64 64 800 120
123 64 128 2400 146
124 16 16 800 126
125 32 128 5000 92
126 32 64 2400 118
127 32 128 500 177
128 16 256 5000 105
129 32 64 5000 150
130 16 128 500 113
131 16 128 800 97
132 64 128 800 167
133 32 64 500 155
134 32 64 1000 100
135 64 16 800 96
136 128 128 5000 193
137 128 256 2400 146
138 32 256 800 102
139 128 256 5000 108
140 64 128 2400 147
141 16 16 5000 166
142 128 128 800 170
143 128 256 1000 116
144 128 256 2400 153
145 32 16 800 194
146 16 256 1000 186
147 128 16 800 160
148 16 16 5000 93
149 32 128 800 118
150 32 64 800 126
151 128 16 2400 170
152 32 64 500 158
153 128 64 500 188
154 128 256 1000 166
155 128 16 1000 197
156 32 16 800 142
157 32 128 1000 119
158 128 16 1000 106
159 64 256 800 143
160 64 64 2400 101
161 32 16 500 119
162 64 256 1000 175
163 32 64 2400 112
164 32 16 500 136
165 32 256 2400 102
166 16 128 800 176
167 16 256 800 158
168 16 128 2400 163
169 16 128 5000 177
170 16 128 800 120
171 32 64 5000 162
172 128 128 2400 173
173 32 128 5000 160
174 16 256 2400 149
175 16 64 500 133
176 16 256 5000 165
177 64 64 800 138
178 32 128 5000 141
179 32 256 1000 186
180 64 64 500 95
181 64 128 2400 166
182 16 16 500 164
183 64 64 500 119
184 64 128 2400 167
185 64 64 500 138
186 64 256 5000 164
187 128 64 500 111
188 16 256 800 147
189 32 128 5000 199
190 32 16 1000 156
191 128 256 1000 153
192 128 16 5000 174
193 32 256 500 194
194 16 64 2400 132
195 32 256 500 185
196 128 256 5000 186
197 32 256 500 114
198 64 64 5000 91
199 16 128 2400 99
200 128 16 5000 136
201 32 256 2400 161
202 64 16 800 117
203 32 16 500 125
204 128 256 1000 160
205 64 16 1000 103
206 32 128 2400 139
207 128 16 5000 173
208 32 64 1000 97
209 64 64 2400 159
210 128 16 5000 186
211 128 16 800 107
212 32 128 800 144
213 32 16 800 141
214 16 128 1000 176
215 16 128 5000 112
216 32 16 2400 107
217 32 256 5000 136
218 32 16 5000 179
219 32 256 500 148
220 16 64 800 118
221 64 256 500 183
222 128 128 1000 91
223 16 16 1000 99
224 64 128 2400 138
225 16 16 2400 167
226 128 64 500 94
227 32 256 800 92
228 128 64 500 99
229 64 128 2400 187
230 128 64 5000 104
231 128 64 2400 133
232 32 64 1000 120
233 128 128 5000 104
234 128 256 2400 138
235 128 256 5000 127
236 32 16 500 175
237 128 128 1000 200
238 64 64 1000 165
239 32 16 1000 192
240 128 64 500 196
241 16 128 500 180
242 128 128 500 119
243 64 128 500 127
244 32 128 800 99
245 128 16 2400 189
246 128 128 500 132
247 64 256 5000 196
248 64 128 500 153
249 128 128 2400 187
250 32 16 5000 160
251 32 64 800 128
252 32 16 800 150
253 128 16 500 95
254 128 128 5000 93
255 16 256 500 140
256 128 64 800 186
257 64 64 2400 187
258 64 128 500 142
259 128 128 800 144
260 128 64 2400 112
261 32 16 5000 174
262 32 256 2400 200
263 32 64 2400 134
264 64 256 800 102
265 64 16 800 164
266 128 256 2400 184
267 32 256 5000 181
268 64 64 5000 181
269 16 16 2400 122
270 16 16 800 181
271 16 128 2400 115
272 16 128 1000 152
273 64 128 2400 141
274 16 256 2400 121
275 128 128 2400 159
276 64 16 2400 200
277 32 128 2400 154
278 32 256 1000 152
279 16 128 2400 91
280 16 64 1000 149
281 16 128 2400 101
282 16 16 1000 186
283 64 256 5000 108
284 16 256 2400 114
285 16 128 2400 120
286 32 16 800 105
287 32 16 500 92
288 32 16 500 181
289 32 64 500 137
290 32 64 5000 121
291 128 16 2400 177
292 32 256 2400 166
293 64 128 1000 172
294 16 256 500 169
295 16 256 800 113
296 16 256 2400 195
297 64 64 5000 184
298 64 256 800 104
299 64 128 2400 198
300 64 16 500 117
301 128 16 800 174
302 32 16 5000 112
303 64 64 500 166
304 32 256 5000 130
305 16 256 5000 169
306 128 16 500 185
307 64 128 2400 159
308 64 128 2400 142
309 128 256 500 168
310 16 256 1000 157
311 32 128 800 101
312 16 16 5000 188
313 128 256 5000 126
314 32 256 1000 128
315 16 128 1000 113
316 128 16 500 117
317 64 64 1000 138
318 32 128 1000 162
319 32 16 5000 182
320 16 16 1000 182
321 32 64 2400 115
322 128 64 800 113
323 32 256 5000 91
324 128 16 1000 146
325 128 128 800 116
326 32 256 500 127
327 16 16 800 157
328 128 64 500 124
329 32 64 2400 98
330 128 256 800 182
331 64 256 500 164
332 128 256 500 179
333 16 16 800 140
334 16 256 1000 200
335 128 128 2400 143
336 16 64 500 164
337 128 64 1000 175
338 64 16 5000 163
339 64 64 800 121
340 16 64 1000 160
341 32 256 5000 195
342 128 16 800 189
343 128 256 5000 141
344 128 64 800 163
345 128 16 500 144
346 16 256 5000 123
347 128 16 2400 152
348 16 16 5000 125
349 128 256 5000 97
350 32 256 1000 184
351 32 16 1000 162
352 16 16 500 104
353 32 64 2400 192
354 16 64 5000 144
355 64 16 2400 198
356 128 16 5000 111
357 64 16 1000 106
358 64 64 800 139
359 32 256 500 182
360 16 128 1000 184
361 64 16 2400 130
362 128 64 5000 147
363 32 64 500 125
364 128 128 5000 180
365 16 128 5000 121
366 128 16 500 168
367 16 64 1000 151
368 64 128 500 143
369 16 64 1000 127
370 128 128 500 129
371 32 256 5000 136
372 128 16 800 115
373 16 256 800 180
374 128 64 5000 133
375 32 256 5000 107
376 16 128 2400 145
377 16 16 5000 193
378 16 64 5000 130
379 64 256 1000 180
380 128 64 500 171
381 32 256 800 90
382 16 128 2400 152
383 128 256 1000 117
384 32 16 2400 151
385 64 128 2400 141
386 32 128 800 153
387 64 16 1000 175
388 128 64 1000 161
389 128 256 500 190
390 128 16 2400 94
391 32 128 800 129
392 16 256 1000 113
393 64 256 500 154
394 32 256 800 178
395 128 256 2400 164
396 16 16 800 188
397 32 64 1000 120
398 32 16 800 139
399 32 64 5000 167
400 16 256 1000 126
401 128 128 800 169
402 64 128 1000 148
403 32 64 5000 151
404 128 16 5000 192
405 32 128 500 92
406 64 64 2400 129
407 128 64 500 172
408 32 16 2400 125
409 16 64 1000 148
410 16 256 800 142
411 64 16 1000 145
412 64 128 2400 160
413 64 16 2400 193
414 32 16 2400 126
415 128 128 2400 198
416 16 128 5000 111
417 64 64 1000 193
418 64 128 500 95
419 16 64 500 176
420 128 64 500 105
421 64 128 1000 164
422 32 128 2400 193
423 16 64 5000 152
424 16 128 800 91
425 64 64 500 109
426 64 128 1000 154
427 32 16 500 153
428 128 16 5000 137
429 32 256 5000 191
430 64 64 500 138
431 64 16 5000 154
432 32 256 800 101
433 64 64 500 158
434 128 16 500 157
435 16 128 1000 194
436 32 16 2400 188
437 128 256 800 106
438 128 128 500 153
439 16 128 800 118
440 128 16 800 99
441 64 64 800 144
442 16 64 5000 138
443 16 256 800 129
444 16 64 2400 147
445 128 64 2400 178
446 128 128 1000 144
447 128 16 5000 175
448 16 64 500 175
449 16 64 5000 113
450 32 256 1000 161
451 32 256 5000 141
452 16 16 1000 133
453 128 128 1000 190
454 32 16 1000 134
455 128 16 500 183
456 16 256 1000 187
457 64 128 500 175
458 32 16 500 167
459 128 128 2400 122
460 32 128 5000 187
461 32 16 5000 195
462 16 16 5000 106
463 32 64 1000 193
464 64 64 500 164
465 16 64 800 146
466 64 128 2400 149
467 16 256 2400 137
468 16 128 800 183
469 128 64 500 130
470 32 64 5000 183
471 16 64 500 111
472 64 64 5000 100
473 16 256 1000 160
474 64 64 5000 128
475 16 16 1000 113
476 32 256 1000 190
477 16 16 1000 155
478 64 256 500 193
479 32 256 800 124
480 32 16 1000 145
481 32 256 5000 129
482 32 128 500 200
483 16 64 500 146
484 16 16 1000 93
485 64 256 800 131
486 32 64 800 195
487 16 16 5000 162
488 64 128 500 145
489 128 256 1000 162
490 16 64 800 99
491 32 256 500 189
492 32 64 5000 188
493 32 16 2400 164
494 64 16 800 163
495 16 128 500 100
496 16 64 500 100
497 16 16 800 107
498 64 128 1000 169
499 16 64 800 90
500 64 256 500 142
501 16 64 1000 175
502 16 256 2400 193
503 64 16 2400 144
504 32 256 800 199
505 64 64 500 146
506 128 64 5000 188
507 128 64 1000 173
508 16 256 1000 181
509 128 128 2400 172
510 16 16 800 161
511 64 64 2400 178
512 64 256 800 196
513 64 16 500 115
514 64 256 1000 126
515 128 16 500 177
516 128 128 800 90
517 64 256 2400 144
518 32 256 2400 135
519 128 64 500 155
520 32 64 1000 172
521 64 64 800 199
522 32 128 800 146
523 32 128 1000 185
524 128 16 2400 128
525 16 128 500 140
526 16 256 1000 100
527 128 256 5000 159
528 128 128 2400 111
529 64 128 800 144
530 16 16 5000 180
531 32 128 2400 97
532 32 256 5000 152
533 128 256 2400 172
534 16 128 500 129
535 16 128 800 138
536 128 16 800 115
537 128 64 1000 152
538 128 128 800 158
539 128 64 800 182
540 32 128 5000 116
541 64 128 1000 94
542 32 128 5000 129
543 32 64 2400 128
544 128 64 2400 151
545 16 64 5000 193
546 128 128 1000 193
547 64 128 500 158
548 32 128 500 114
549 128 16 500 173
550 128 128 500 122
551 64 256 800 126
552 128 16 800 134
553 16 64 5000 141
554 128 256 1000 174
555 64 16 2400 200
556 64 256 1000 136
557 128 16 800 129
558 32 256 500 145
559 64 64 800 96
560 128 16 2400 141
561 16 16 1000 123
562 64 16 1000 152
563 32 16 1000 138
564 32 16 800 168
565 32 256 2400 166
566 128 16 5000 144
567 128 128 500 146
568 16 128 2400 174
569 16 16 2400 168
570 128 256 5000 95
571 128 64 800 183
572 64 256 5000 95
573 128 256 800 113
574 64 256 800 190
575 64 256 5000 160
576 16 64 800 163
577 16 16 1000 125
578 16 128 5000 90
579 16 128 800 173
580 16 128 500 142
581 64 64 2400 110
582 64 128 500 162
583 64 64 500 187
584 64 256 500 114
585 64 128 1000 188
586 32 256 500 109
587 32 128 1000 109
588 64 256 5000 106
589 128 256 800 98
590 64 64 2400 188
591 32 128 2400 161
592 64 64 2400 103
593 32 128 1000 194
594 128 64 1000 146
595 32 64 500 149
596 64 64 2400 113
597 64 16 5000 145
598 32 128 800 111
599 16 64 1000 195
600 32 256 5000 97
601 32 64 2400 101
602 64 128 1000 191
603 128 256 1000 198
604 16 64 500 113
605 32 16 800 118
606 16 16 500 141
607 64 128 1000 155
608 32 16 1000 139
609 64 256 1000 101
610 32 16 5000 186
611 32 128 2400 105
612 32 16 500 185
613 32 128 2400 151
614 128 256 800 147
615 64 128 1000 148
616 32 256 500 164
617 16 64 5000 196
618 64 16 1000 187
619 16 256 1000 160
620 128 128 2400 103
621 32 64 500 118
622 64 16 500 170
623 32 16 5000 114
624 64 64 1000 174
625 16 128 5000 191
626 16 256 500 189
627 32 128 500 125
628 32 64 500 124
629 64 128 500 97
630 16 64 1000 104
631 16 128 800 133
632 32 64 500 167
633 16 128 500 169
634 128 256 5000 144
635 16 128 800 190
636 64 256 1000 186
637 32 16 5000 123
638 16 16 2400 92
639 128 256 800 148
640 64 64 1000 154
641 16 256 1000 133
642 16 256 1000 170
643 128 128 800 155
644 16 64 500 189
645 64 64 5000 161
646 32 256 2400 198
647 128 16 1000 158
648 128 128 500 137
649 16 16 500 101
650 32 16 1000 194
651 128 64 1000 179
652 16 128 1000 142
653 64 256 2400 129
654 32 128 2400 130
655 64 128 800 108
656 16 16 5000 199
657 64 64 5000 152
658 128 256 500 144
659 128 128 800 115
660 64 256 2400 97
661 128 64 800 112
662 16 128 5000 165
663 128 64 1000 153
664 128 256 500 147
665 32 64 5000 194
666 16 256 2400 124
667 64 128 2400 123
668 128 16 500 110
669 64 256 500 153
670 32 16 1000 127
671 128 256 500 156
672 16 16 800 102
673 64 128 1000 167
674 128 128 800 150
675 128 16 500 164
676 32 128 500 93
677 128 256 1000 150
678 64 256 5000 175
679 16 128 800 197
680 128 64 800 197
681 128 16 800 177
682 32 64 2400 122
683 128 16 2400 169
684 128 64 800 94
685 64 16 2400 137
686 64 256 2400 134
687 128 128 2400 136
688 16 16 1000 165
689 32 64 5000 181
690 32 128 500 106
691 64 16 500 121
692 64 16 1000 151
693 32 256 2400 173
694 128 64 5000 119
695 64 16 2400 160
696 16 256 500 117
697 128 64 500 133
698 32 64 2400 94
699 64 16 500 152
700 16 64 5000 155
701 32 64 500 96
702 16 128 500 189
703 64 256 1000 95
704 32 16 800 163
152
4 355 48 94
5 291 57 117
12 347 58 122
12 400 54 199
15 111 56 109
17 666 46 111
21 379 46 105
22 86 40 97
22 186 65 159
26 592 42 166
28 331 43 161
28 676 59 191
29 285 50 121
31 228 47 137
35 640 68 181
36 444 55 152
43 375 50 131
45 450 49 169
53 64 53 138
59 471 59 177
60 227 48 125
63 455 51 192
72 505 69 144
77 159 52 175
79 692 68 133
80 309 58 125
81 419 66 153
86 170 57 178
90 215 56 90
90 639 43 93
93 305 60 91
93 264 49 163
96 198 43 95
99 663 53 105
102 485 59 181
103 244 50 136
104 357 43 154
105 178 43 99
105 247 43 129
108 511 67 194
110 499 57 99
111 692 41 150
111 129 56 113
114 516 69 90
114 237 41 150
120 165 40 197
124 701 64 121
124 642 44 191
126 578 47 91
126 254 49 173
126 662 41 174
127 590 41 146
131 279 49 109
134 366 58 113
135 650 69 193
137 141 42 190
143 378 55 170
144 303 58 183
146 430 55 178
148 451 66 183
150 244 51 167
155 439 55 187
160 195 40 199
164 312 47 192
167 277 46 90
168 625 67 125
169 369 54 152
169 429 70 108
174 606 40 186
178 409 55 116
181 543 68 125
182 578 46 137
183 308 45 101
186 667 44 120
187 678 50 128
187 586 53 118
190 203 45 187
192 636 41 188
195 603 66 173
197 343 69 162
201 628 58 160
209 268 68 186
212 318 69 90
213 437 51 118
214 245 47 179
219 644 52 116
220 377 55 164
221 435 43 133
224 258 53 192
229 481 56 143
234 458 59 170
243 357 54 126
247 550 40 174
248 523 40 185
252 477 48 194
253 666 63 192
254 532 67 141
255 338 55 141
264 321 49 199
269 445 70 130
270 389 63 129
278 556 61 159
285 704 54 189
285 569 46 99
292 613 42 98
294 660 48 181
302 684 42 151
303 681 46 100
306 647 48 119
311 454 52 111
318 703 50 144
318 656 49 133
324 661 55 118
326 519 51 106
328 648 55 182
330 410 70 195
336 526 67 123
339 501 44 187
346 567 66 160
363 543 64 153
367 579 52 101
373 518 41 119
375 624 58 118
384 563 55 153
387 545 52 158
388 406 51 191
391 536 65 192
393 618 69 158
395 503 41 131
398 509 69 199
399 520 70 173
402 689 63 114
411 679 55 150
421 483 47 183
434 530 47 144
447 658 46 95
474 488 52 197
476 491 70 180
477 689 57 146
482 652 43 104
487 594 60 150
504 515 51 130
542 683 50 182
578 637 55 186
592 678 64 152
595 617 48 149
618 625 45 100
642 677 40 114
663 664 41 140
664 705 64 141
671 674 40 109
676 687 54 152