525
0 2 16 200 55
1 8 4 100 98
2 8 2 150 55
3 2 4 50 90
4 8 4 150 94
5 2 64 50 74
6 8 4 200 55
7 16 2 200 55
8 16 4 50 50
9 8 16 50 67
10 16 2 100 59
11 2 4 200 59
12 2 4 100 60
13 8 2 100 78
14 8 4 150 62
15 16 2 150 63
16 16 4 200 61
17 8 2 200 86
18 2 2 150 69
19 8 2 200 89
20 2 16 150 74
21 8 4 100 97
22 8 16 200 65
23 2 64 100 90
24 16 2 50 77
25 16 16 100 88
26 8 4 100 80
27 8 64 100 74
28 8 16 50 66
29 8 4 50 80
30 2 16 200 65
31 16 4 200 59
32 16 4 50 76
33 2 2 200 77
34 16 4 100 65
35 16 2 200 63
36 8 2 150 54
37 8 64 150 64
38 16 4 50 78
39 16 2 150 73
40 2 2 200 79
41 2 4 50 52
42 16 4 150 99
43 2 64 200 61
44 2 64 200 61
45 8 4 200 97
46 2 64 200 88
47 2 4 50 72
48 16 4 100 66
49 2 4 50 69
50 8 64 150 51
51 8 64 100 72
52 16 2 200 100
53 2 16 200 57
54 16 2 100 85
55 8 64 200 63
56 2 4 150 79
57 16 4 50 94
58 8 4 200 98
59 2 64 200 90
60 16 4 100 83
61 8 2 200 80
62 16 64 150 56
63 8 2 150 91
64 8 16 50 51
65 8 64 100 77
66 2 16 200 84
67 16 16 50 80
68 8 2 100 75
69 8 2 200 68
70 2 64 50 88
71 2 64 100 59
72 8 4 50 79
73 8 16 150 70
74 16 64 100 83
75 2 4 200 65
76 16 4 50 99
77 2 2 100 66
78 8 2 200 70
79 2 4 150 61
80 8 16 100 50
81 8 4 150 93
82 2 16 100 95
83 2 2 100 59
84 8 64 100 65
85 2 64 100 52
86 16 2 200 98
87 8 2 100 67
88 16 64 100 87
89 16 64 150 60
90 16 64 50 52
91 8 2 200 73
92 2 64 100 81
93 8 4 100 84
94 8 2 200 86
95 8 64 50 95
96 2 4 200 58
97 8 2 50 97
98 2 2 200 99
99 2 2 150 80
100 16 16 50 78
101 16 2 100 61
102 8 4 200 56
103 2 4 100 96
104 8 16 50 96
105 8 2 200 59
106 16 64 100 92
107 2 2 50 94
108 8 16 200 98
109 8 64 200 51
110 16 64 50 60
111 2 16 50 63
112 8 2 150 98
113 2 64 50 54
114 16 4 150 68
115 16 64 150 97
116 16 16 50 81
117 2 64 100 55
118 8 2 100 75
119 16 2 150 74
120 16 2 100 64
121 16 64 50 70
122 2 2 150 90
123 8 16 50 62
124 16 4 100 82
125 8 4 100 72
126 16 4 200 90
127 8 4 100 94
128 8 16 100 89
129 2 16 50 58
130 8 16 50 93
131 2 64 200 62
132 16 16 200 68
133 8 4 150 64
134 8 64 150 79
135 2 2 50 60
136 16 4 100 96
137 16 16 50 57
138 8 64 150 78
139 16 2 150 50
140 2 4 200 52
141 8 64 200 73
142 2 64 150 98
143 2 4 150 67
144 16 4 50 62
145 2 64 100 82
146 2 64 100 93
147 2 16 150 58
148 2 64 200 60
149 8 16 50 84
150 2 16 100 85
151 2 2 150 97
152 8 2 100 58
153 8 4 200 87
154 16 16 100 64
155 16 16 100 63
156 16 16 200 79
157 2 16 100 51
158 16 16 50 83
159 16 4 150 74
160 2 64 100 77
161 16 2 200 80
162 16 2 200 51
163 8 16 200 65
164 8 4 50 78
165 16 16 200 77
166 2 2 50 91
167 8 16 200 84
168 8 4 200 63
169 16 16 50 50
170 16 4 150 76
171 8 64 50 68
172 2 4 200 62
173 2 16 50 92
174 2 4 150 78
175 16 4 50 88
176 16 64 150 74
177 16 64 200 72
178 2 2 50 86
179 8 2 150 75
180 16 4 200 76
181 8 64 50 79
182 2 64 200 60
183 8 2 100 73
184 2 4 150 89
185 8 64 150 64
186 16 16 100 83
187 8 64 50 88
188 8 64 50 90
189 8 2 150 88
190 16 2 150 70
191 16 4 200 59
192 8 2 50 88
193 8 16 50 64
194 2 16 100 77
195 2 2 50 78
196 2 4 150 56
197 8 2 100 66
198 8 16 100 91
199 16 2 150 70
200 2 2 100 80
201 2 16 50 53
202 8 16 150 51
203 8 4 50 93
204 2 64 150 57
205 8 4 50 72
206 16 4 50 66
207 16 64 100 57
208 8 4 150 93
209 2 2 150 74
210 2 16 200 64
211 2 2 150 60
212 16 4 150 57
213 16 64 200 53
214 16 64 50 69
215 16 4 150 75
216 2 64 200 94
217 2 16 50 59
218 2 16 200 100
219 16 64 100 88
220 16 64 200 74
221 8 4 100 74
222 8 4 150 51
223 16 64 150 54
224 16 64 200 88
225 2 2 50 84
226 16 4 150 90
227 8 4 50 55
228 8 2 50 79
229 8 2 150 93
230 2 16 50 52
231 16 16 100 67
232 2 2 150 97
233 2 64 150 99
234 16 16 200 74
235 8 4 150 90
236 8 4 150 67
237 8 16 100 90
238 2 4 200 61
239 2 4 50 60
240 8 16 50 50
241 16 16 150 53
242 2 2 200 69
243 8 4 150 56
244 2 2 50 75
245 2 4 100 94
246 16 64 50 78
247 16 16 150 90
248 2 4 150 95
249 2 2 50 63
250 16 4 50 72
251 2 64 200 55
252 2 2 150 72
253 8 64 150 92
254 2 2 50 74
255 2 4 200 51
256 2 4 100 77
257 16 16 200 93
258 2 64 150 63
259 2 64 150 95
260 16 2 150 94
261 16 64 150 88
262 16 64 50 82
263 16 16 150 57
264 2 4 50 82
265 16 64 150 80
266 2 4 50 100
267 16 2 100 57
268 8 64 100 53
269 16 16 150 87
270 16 16 50 85
271 8 2 200 76
272 8 4 100 55
273 2 4 100 54
274 2 64 100 66
275 16 4 100 59
276 16 4 50 90
277 8 4 50 53
278 16 64 150 74
279 2 16 50 93
280 16 4 150 72
281 2 64 200 53
282 2 16 100 63
283 16 2 50 86
284 2 2 150 73
285 2 64 150 51
286 8 2 50 92
287 2 2 100 100
288 16 16 100 83
289 16 2 100 87
290 8 4 200 64
291 8 64 200 55
292 2 4 150 60
293 16 16 150 82
294 8 16 50 59
295 8 64 50 90
296 8 4 200 99
297 16 2 100 88
298 2 16 50 92
299 2 2 150 83
300 8 4 50 95
301 8 64 200 93
302 8 2 50 61
303 16 2 200 97
304 8 16 50 69
305 8 64 200 83
306 8 16 150 69
307 8 2 200 86
308 16 64 200 56
309 16 2 150 69
310 8 16 50 50
311 16 2 200 54
312 2 16 50 57
313 16 64 150 57
314 2 4 50 100
315 8 64 150 56
316 8 16 150 77
317 16 16 150 51
318 16 4 150 72
319 8 16 150 94
320 8 64 150 96
321 8 16 50 75
322 2 4 50 67
323 2 4 50 93
324 8 16 150 58
325 16 16 200 88
326 8 4 100 70
327 8 4 200 61
328 2 4 150 90
329 16 64 150 51
330 16 16 100 88
331 8 4 100 75
332 2 2 100 80
333 16 16 50 88
334 8 16 50 56
335 8 4 200 100
336 2 2 200 92
337 8 4 50 64
338 8 4 150 50
339 8 64 50 100
340 2 16 50 90
341 16 4 150 93
342 8 4 100 51
343 2 64 150 54
344 2 16 150 100
345 8 64 50 66
346 2 16 100 57
347 2 16 50 95
348 8 16 50 75
349 2 2 150 69
350 2 16 150 86
351 2 4 50 70
352 8 4 200 88
353 2 16 100 64
354 2 16 200 72
355 2 4 200 61
356 8 2 50 92
357 2 64 150 61
358 16 64 50 54
359 8 16 200 86
360 8 64 200 87
361 8 2 100 94
362 2 4 150 73
363 8 16 50 52
364 2 64 150 70
365 8 64 50 78
366 2 4 50 78
367 8 4 50 75
368 16 64 200 71
369 16 64 200 95
370 2 4 150 100
371 8 2 150 78
372 2 4 50 92
373 2 64 50 89
374 2 4 200 98
375 16 4 100 97
376 2 4 200 64
377 8 64 100 87
378 2 64 50 51
379 8 4 50 86
380 2 16 100 52
381 8 4 100 58
382 2 2 200 70
383 2 4 50 64
384 8 2 50 63
385 16 2 200 64
386 2 16 200 76
387 2 2 150 87
388 16 16 200 75
389 16 2 200 80
390 2 4 200 81
391 8 2 100 56
392 2 16 50 70
393 2 4 50 61
394 2 64 200 96
395 16 16 200 92
396 8 64 100 62
397 16 64 50 88
398 16 4 150 54
399 16 64 150 78
400 16 4 50 79
401 2 16 50 60
402 8 64 200 71
403 16 64 50 55
404 2 2 150 56
405 2 64 50 98
406 2 2 100 61
407 16 4 100 60
408 8 64 50 62
409 8 16 100 95
410 2 64 100 54
411 8 64 100 99
412 16 16 150 54
413 8 64 200 69
414 16 2 200 93
415 2 2 100 50
416 2 2 100 77
417 2 16 200 98
418 8 16 150 71
419 8 16 150 72
420 16 64 200 93
421 2 4 150 72
422 8 2 200 68
423 8 16 150 61
424 8 4 150 79
425 2 16 150 77
426 8 4 50 90
427 2 4 50 63
428 2 2 150 72
429 8 64 200 100
430 8 64 50 80
431 16 64 200 90
432 8 16 50 57
433 2 16 200 75
434 2 2 200 60
435 8 64 50 90
436 16 16 100 74
437 8 64 200 71
438 2 2 100 74
439 2 16 50 51
440 8 64 150 82
441 16 64 100 69
442 8 64 150 97
443 16 64 150 93
444 8 2 150 67
445 2 16 50 55
446 8 4 200 74
447 16 64 100 94
448 16 2 150 81
449 2 16 150 62
450 2 16 200 69
451 16 64 100 73
452 16 4 150 73
453 2 64 200 95
454 16 64 50 51
455 16 16 150 60
456 8 64 150 99
457 2 2 50 92
458 16 2 50 78
459 16 2 50 54
460 8 2 200 60
461 8 64 50 82
462 2 64 200 87
463 16 2 50 96
464 2 16 50 68
465 8 4 150 93
466 8 64 50 88
467 2 16 100 88
468 8 64 200 86
469 16 64 100 73
470 16 2 50 50
471 8 2 200 66
472 2 4 200 97
473 2 2 100 92
474 2 64 50 51
475 2 64 50 97
476 16 16 50 58
477 16 4 150 84
478 8 4 100 72
479 2 4 150 99
480 8 16 50 89
481 8 2 150 86
482 2 64 100 100
483 16 16 100 71
484 8 2 150 72
485 8 16 200 56
486 8 2 200 100
487 16 16 200 65
488 16 4 200 79
489 16 4 200 76
490 16 16 150 59
491 16 2 50 85
492 2 2 100 91
493 2 2 150 90
494 2 16 50 96
495 16 64 200 59
496 2 2 50 70
497 16 64 50 80
498 8 2 200 90
499 8 16 50 79
500 8 4 100 88
501 2 4 200 56
502 16 2 200 84
503 2 4 100 85
504 16 2 100 70
505 8 64 200 85
506 8 4 50 57
507 8 2 100 58
508 8 4 200 96
509 16 16 150 60
510 16 64 200 99
511 16 2 50 53
512 2 4 50 85
513 2 4 150 52
514 8 16 150 55
515 2 16 50 100
516 8 4 100 63
517 8 2 100 75
518 2 2 50 57
519 16 64 150 60
520 16 64 50 85
521 2 16 100 57
522 2 64 200 71
523 2 16 150 67
524 8 2 200 54
224
1 136 45 171
2 237 66 170
4 450 48 116
6 7 51 123
6 253 45 136
7 382 62 154
10 60 44 193
12 259 49 147
15 346 56 197
15 281 51 130
16 497 45 180
16 335 42 108
17 58 64 144
19 509 48 122
20 455 42 173
20 475 62 151
20 345 55 151
20 132 49 128
22 47 48 156
25 42 65 121
26 34 40 176
26 524 54 166
30 223 55 139
33 201 41 146
34 227 56 131
36 202 55 184
36 307 59 150
38 117 66 183
42 467 55 192
42 366 41 94
42 338 43 149
43 376 42 115
43 283 58 153
43 314 44 192
44 222 61 194
44 312 57 130
45 411 41 103
47 189 58 150
49 226 65 189
53 120 59 164
53 165 61 124
55 255 66 160
56 480 45 101
59 137 64 168
62 112 60 160
62 289 62 137
65 482 51 174
67 390 45 132
67 108 65 162
67 257 45 122
68 87 45 186
69 263 51 127
69 336 50 126
72 393 47 196
74 345 59 149
75 305 70 109
76 339 70 195
78 217 64 157
78 250 64 193
82 232 67 192
85 505 40 153
90 342 43 118
91 289 63 189
92 132 52 171
93 203 60 114
95 280 67 95
95 383 50 177
96 397 66 103
96 223 66 164
97 185 48 109
97 304 42 124
99 440 67 178
101 491 55 122
102 356 55 162
107 445 49 198
109 341 61 101
109 150 68 175
109 478 40 188
110 517 49 150
110 337 61 129
111 525 48 162
115 431 61 138
116 383 62 198
117 460 56 112
118 417 48 164
120 366 62 152
126 479 54 189
129 508 57 162
131 341 70 107
132 231 47 185
135 306 52 95
136 448 59 122
137 481 60 173
138 395 52 200
139 489 58 187
141 427 65 145
145 296 58 144
149 399 43 106
150 161 54 143
152 278 61 200
152 426 59 116
152 292 41 130
152 246 48 124
153 508 67 167
155 425 50 128
156 207 49 157
157 158 66 99
157 356 48 157
160 394 64 123
161 478 41 110
161 299 65 171
165 372 52 190
165 407 55 184
165 251 45 186
167 515 64 127
168 397 60 191
176 214 60 149
177 180 70 122
179 446 70 147
180 215 48 155
182 197 56 185
184 437 42 160
185 239 67 131
185 342 69 174
189 409 46 109
190 505 57 196
193 376 69 182
197 293 64 126
198 379 54 179
199 327 55 127
199 432 63 150
200 235 42 147
201 486 70 180
201 295 63 154
203 366 45 153
204 469 63 174
205 357 48 199
207 320 66 171
209 492 42 125
209 524 68 96
209 403 50 95
212 296 67 109
213 224 40 111
213 494 65 97
216 517 70 118
216 420 43 110
219 525 49 188
221 237 50 139
223 458 50 175
224 482 66 188
224 328 46 181
225 438 68 119
230 270 46 192
230 307 62 118
234 280 57 98
240 522 64 154
240 338 61 169
240 315 45 134
241 400 61 164
242 380 45 162
246 284 60 186
248 346 61 118
249 492 59 152
253 420 68 123
261 515 69 191
264 394 50 153
265 403 51 175
269 458 41 121
270 329 46 92
274 411 43 179
275 505 66 107
275 291 65 134
275 495 56 98
282 514 63 102
283 377 58 170
284 293 64 90
291 444 51 146
293 294 63 200
298 361 50 159
301 478 42 162
304 409 51 94
310 472 64 146
311 493 45 150
315 508 59 194
318 456 53 103
320 367 52 93
322 370 49 131
323 356 47 122
331 486 44 133
332 502 69 151
337 393 59 100
338 352 47 135
339 520 53 162
340 485 67 176
343 417 64 129
345 517 51 100
351 451 70 184
357 362 62 152
359 390 61 151
360 466 40 181
363 477 58 198
366 520 50 127
370 481 62 171
372 388 66 102
372 465 60 106
380 411 69 155
382 454 51 116
386 408 58 100
394 472 68 124
399 414 43 188
400 471 57 101
411 422 65 104
414 463 55 105
418 456 56 95
422 513 43 192
428 470 49 141
432 493 52 93
432 434 68 139
445 474 50 179
447 507 53 118
451 512 47 183
453 525 51 168
494 507 68 200
495 525 48 182