546
0 128 128 2400 194
1 64 16 500 119
2 64 64 500 144
3 16 256 1000 172
4 16 128 1000 175
5 64 256 800 146
6 32 64 2400 154
7 16 128 5000 180
8 16 64 2400 132
9 128 64 5000 185
10 64 256 500 99
11 32 64 2400 149
12 32 64 2400 147
13 128 64 5000 149
14 128 16 500 163
15 64 256 1000 192
16 64 256 5000 103
17 128 64 5000 100
18 64 256 500 113
19 32 16 5000 180
20 16 128 1000 171
21 128 64 800 104
22 64 64 1000 166
23 64 64 5000 98
24 16 64 5000 101
25 32 64 2400 99
26 128 16 1000 129
27 64 64 500 194
28 16 128 1000 200
29 32 128 800 144
30 64 16 5000 97
31 32 16 500 91
32 32 256 500 127
33 128 128 2400 98
34 128 16 500 118
35 64 64 500 101
36 128 16 5000 137
37 16 16 5000 163
38 32 128 800 144
39 16 16 5000 182
40 16 256 800 191
41 64 256 1000 152
42 128 128 500 165
43 16 128 5000 185
44 128 16 5000 96
45 64 256 5000 154
46 32 256 800 141
47 32 256 2400 166
48 32 16 1000 151
49 64 128 800 115
50 128 16 500 164
51 32 256 2400 168
52 128 128 500 110
53 128 16 2400 179
54 64 64 800 117
55 128 16 2400 117
56 16 16 800 111
57 16 128 2400 111
58 16 64 2400 143
59 128 128 500 196
60 32 16 500 115
61 32 64 5000 138
62 16 128 5000 105
63 128 64 2400 120
64 16 256 800 90
65 64 128 500 138
66 32 128 5000 178
67 64 128 5000 115
68 128 16 5000 136
69 128 256 5000 144
70 32 16 1000 122
71 64 256 5000 149
72 32 64 2400 151
73 32 16 5000 116
74 64 128 1000 181
75 32 256 2400 133
76 32 256 800 130
77 16 128 1000 157
78 16 16 800 195
79 128 256 800 110
80 64 16 500 104
81 64 64 1000 106
82 32 64 1000 100
83 32 64 800 160
84 32 128 1000 190
85 128 16 800 95
86 16 256 500 192
87 64 128 5000 151
88 16 128 800 145
89 32 256 1000 104
90 64 16 800 114
91 32 256 1000 131
92 16 16 800 185
93 128 64 1000 173
94 128 256 500 187
95 16 16 1000 100
96 16 64 2400 118
97 64 256 800 155
98 32 64 1000 154
99 128 256 1000 191
100 32 64 500 189
101 128 128 500 132
102 64 16 5000 180
103 64 256 2400 129
104 32 128 2400 95
105 64 64 1000 133
106 64 64 1000 95
107 64 16 2400 174
108 64 256 2400 100
109 32 256 2400 146
110 32 256 800 95
111 128 16 500 150
112 64 256 800 156
113 128 64 2400 123
114 128 256 2400 158
115 128 64 500 149
116 32 16 2400 108
117 64 256 500 164
118 32 256 800 125
119 128 128 800 156
120 64 128 800 101
121 64 128 2400 198
122 128 128 800 176
123 32 64 5000 158
124 128 256 800 105
125 16 16 5000 165
126 128 16 800 138
127 16 64 2400 195
128 16 128 500 124
129 32 256 800 100
130 16 64 500 157
131 32 16 800 163
132 16 256 800 98
133 32 256 500 142
134 32 128 1000 190
135 16 16 5000 179
136 128 16 500 199
137 32 16 5000 143
138 16 128 5000 155
139 64 64 5000 95
140 16 128 800 165
141 64 128 500 158
142 16 16 800 128
143 16 64 800 99
144 16 64 1000 193
145 128 256 2400 131
146 128 256 1000 148
147 64 64 1000 96
148 64 256 2400 103
149 32 16 1000 129
150 16 16 500 149
151 128 128 2400 112
152 32 64 800 111
153 16 64 800 190
154 128 16 2400 115
155 32 16 800 196
156 128 64 1000 192
157 32 16 2400 142
158 32 256 500 168
159 128 16 5000 102
160 16 128 800 116
161 128 256 500 122
162 128 128 800 159
163 64 256 2400 109
164 32 16 2400 178
165 16 256 500 186
166 16 64 500 91
167 32 128 2400 151
168 32 64 5000 115
169 64 16 800 94
170 128 256 2400 98
171 32 128 5000 190
172 128 64 800 133
173 32 16 1000 140
174 32 256 2400 168
175 32 64 500 105
176 128 256 5000 173
177 32 256 500 140
178 128 64 500 113
179 64 128 800 200
180 32 16 5000 112
181 32 64 500 136
182 16 64 800 128
183 128 64 2400 112
184 16 256 500 134
185 16 64 1000 98
186 32 16 1000 94
187 64 64 500 182
188 64 128 1000 167
189 16 128 800 126
190 64 256 800 156
191 64 256 1000 151
192 64 256 1000 138
193 64 16 800 126
194 32 16 2400 144
195 32 16 2400 90
196 128 256 1000 162
197 64 256 2400 188
198 64 64 1000 145
199 32 16 2400 94
200 128 64 800 194
201 32 64 1000 94
202 32 16 800 125
203 64 16 2400 183
204 32 16 800 140
205 16 16 5000 109
206 32 128 1000 127
207 32 64 5000 184
208 64 128 2400 134
209 16 256 1000 107
210 32 64 800 123
211 64 128 800 121
212 64 128 1000 121
213 128 128 2400 107
214 32 128 1000 197
215 16 16 500 107
216 32 64 500 118
217 64 256 2400 112
218 16 128 5000 180
219 64 128 2400 185
220 32 256 500 112
221 32 128 800 180
222 32 256 1000 163
223 32 128 5000 141
224 16 256 800 110
225 32 64 5000 177
226 16 128 500 143
227 32 16 800 117
228 32 128 2400 199
229 64 64 5000 127
230 64 128 500 111
231 16 256 500 165
232 32 128 5000 110
233 16 64 1000 92
234 16 16 2400 127
235 16 256 5000 129
236 64 64 1000 174
237 16 16 1000 128
238 128 16 800 163
239 64 64 5000 163
240 32 64 1000 120
241 16 128 500 96
242 32 16 500 167
243 16 64 5000 134
244 64 128 800 117
245 32 64 500 139
246 64 256 800 125
247 128 256 1000 134
248 128 64 500 149
249 32 128 5000 163
250 128 256 2400 158
251 128 64 1000 186
252 16 16 5000 115
253 128 16 500 191
254 64 16 800 137
255 16 256 5000 118
256 64 256 500 129
257 64 128 800 167
258 16 16 500 141
259 16 128 800 117
260 32 16 800 147
261 128 16 1000 117
262 128 64 800 101
263 16 16 5000 113
264 64 256 500 96
265 64 128 2400 168
266 64 256 1000 183
267 16 16 2400 189
268 64 64 1000 167
269 128 64 800 179
270 64 128 800 170
271 16 256 1000 183
272 128 16 1000 161
273 64 16 800 177
274 16 128 2400 160
275 32 256 500 141
276 32 256 500 109
277 16 64 500 98
278 128 128 2400 148
279 128 64 500 182
280 64 64 5000 161
281 128 16 800 148
282 64 128 1000 106
283 128 256 500 101
284 64 16 2400 154
285 32 128 500 96
286 128 64 500 96
287 32 256 5000 198
288 128 64 500 159
289 128 64 2400 176
290 128 128 800 119
291 16 128 800 117
292 16 128 2400 156
293 128 16 500 163
294 16 256 1000 173
295 16 64 500 107
296 16 64 2400 188
297 16 64 1000 165
298 16 128 2400 177
299 128 16 800 115
300 16 64 2400 200
301 128 256 2400 159
302 128 128 2400 187
303 16 256 1000 178
304 128 128 500 181
305 128 128 800 144
306 32 256 1000 200
307 64 64 2400 164
308 64 256 800 199
309 64 64 2400 156
310 64 128 1000 138
311 16 128 1000 168
312 128 16 500 191
313 64 128 1000 123
314 128 64 1000 143
315 32 64 800 114
316 32 16 500 120
317 128 128 500 110
318 64 16 800 188
319 32 128 2400 195
320 64 256 1000 156
321 16 256 1000 128
322 128 128 500 158
323 64 16 1000 178
324 16 128 5000 136
325 32 128 500 179
326 64 64 500 123
327 128 64 5000 123
328 64 16 5000 171
329 128 64 1000 118
330 128 16 800 149
331 16 256 2400 151
332 128 256 5000 96
333 16 64 800 167
334 32 16 500 115
335 64 256 800 122
336 64 128 1000 109
337 64 256 800 91
338 64 256 5000 140
339 64 16 500 107
340 128 64 5000 173
341 64 128 800 123
342 64 16 2400 173
343 128 16 5000 198
344 128 128 2400 111
345 16 256 5000 100
346 64 16 2400 181
347 32 16 500 151
348 16 16 500 149
349 16 16 5000 155
350 32 64 1000 116
351 32 64 2400 185
352 16 256 500 193
353 16 64 5000 181
354 32 16 500 100
355 128 64 5000 148
356 64 16 500 152
357 16 64 5000 166
358 128 16 5000 179
359 64 256 800 138
360 32 64 800 137
361 64 128 500 189
362 64 64 1000 140
363 128 64 500 125
364 16 64 800 123
365 16 16 800 106
366 128 64 800 110
367 64 64 2400 130
368 32 256 500 182
369 64 16 1000 126
370 32 16 1000 151
371 64 64 500 105
372 32 64 1000 200
373 32 128 5000 121
374 16 128 5000 190
375 32 128 800 121
376 128 16 5000 186
377 32 128 1000 130
378 16 64 500 135
379 16 128 1000 183
380 16 128 5000 155
381 32 128 1000 169
382 64 64 500 152
383 64 256 1000 119
384 128 128 5000 124
385 64 128 800 156
386 128 16 500 159
387 16 128 2400 197
388 128 16 1000 153
389 64 128 2400 149
390 16 64 800 166
391 16 256 500 90
392 32 256 800 159
393 16 128 2400 170
394 32 128 1000 188
395 64 64 800 185
396 128 64 1000 183
397 128 16 2400 108
398 128 128 500 103
399 16 256 500 120
400 64 64 1000 171
401 128 128 500 104
402 128 256 2400 193
403 64 256 500 102
404 64 128 1000 162
405 64 16 2400 162
406 16 256 800 130
407 128 256 500 161
408 32 128 500 162
409 32 64 5000 158
410 32 16 500 99
411 64 256 500 181
412 64 256 500 108
413 64 64 1000 171
414 128 256 5000 100
415 64 256 5000 91
416 128 64 500 181
417 32 64 1000 192
418 128 256 800 118
419 32 16 800 127
420 128 16 5000 117
421 32 128 1000 91
422 16 128 500 161
423 128 256 1000 128
424 128 256 500 124
425 16 16 5000 183
426 32 256 2400 154
427 64 64 1000 188
428 32 64 1000 158
429 16 128 5000 118
430 128 128 2400 136
431 128 16 1000 140
432 32 256 2400 189
433 16 16 800 142
434 16 64 500 93
435 16 128 1000 144
436 32 256 500 108
437 128 256 1000 166
438 32 256 2400 90
439 32 128 5000 129
440 64 256 5000 133
441 16 64 2400 199
442 64 16 500 92
443 16 256 2400 113
444 64 256 1000 134
445 16 64 2400 123
446 64 64 1000 150
447 128 64 1000 161
448 16 16 800 119
449 64 64 2400 140
450 32 128 2400 180
451 128 128 1000 144
452 128 64 800 188
453 128 16 500 174
454 32 128 800 156
455 16 128 800 144
456 32 64 800 193
457 64 256 2400 104
458 64 64 800 176
459 16 16 800 117
460 16 64 800 134
461 64 64 1000 93
462 128 16 1000 135
463 128 64 5000 146
464 128 64 800 186
465 64 64 2400 141
466 32 256 800 119
467 16 128 1000 147
468 128 128 1000 117
469 16 64 5000 95
470 64 64 5000 160
471 16 16 2400 111
472 16 16 1000 123
473 64 128 2400 114
474 16 64 2400 149
475 128 128 800 150
476 16 16 2400 126
477 32 16 5000 153
478 128 64 2400 121
479 64 256 2400 192
480 32 64 500 95
481 32 256 1000 125
482 16 16 800 132
483 32 256 500 160
484 32 64 800 115
485 64 256 2400 190
486 64 128 500 114
487 32 64 1000 131
488 64 64 2400 190
489 64 128 5000 94
490 32 16 5000 192
491 128 64 500 98
492 64 128 1000 153
493 64 16 1000 120
494 32 64 2400 193
495 64 128 5000 176
496 32 128 800 94
497 16 16 500 166
498 128 16 500 153
499 128 256 500 162
500 16 128 800 102
501 32 256 1000 144
502 128 64 5000 99
503 64 64 5000 155
504 16 16 1000 190
505 64 64 2400 118
506 32 256 5000 155
507 64 256 5000 111
508 128 64 500 166
509 16 256 800 173
510 128 256 2400 101
511 32 128 2400 160
512 32 128 500 115
513 128 16 2400 199
514 32 128 2400 101
515 32 128 1000 122
516 128 128 2400 140
517 64 128 500 101
518 64 256 500 136
519 16 16 500 160
520 64 16 800 182
521 128 64 500 146
522 32 128 800 105
523 16 16 800 184
524 16 16 500 156
525 32 64 800 107
526 64 64 1000 107
527 16 16 800 145
528 32 64 2400 126
529 32 64 1000 166
530 64 16 1000 151
531 64 256 5000 105
532 16 256 2400 154
533 32 128 2400 173
534 32 256 500 153
535 128 128 800 191
536 32 64 500 147
537 16 128 5000 148
538 32 128 2400 169
539 128 256 500 106
540 64 256 800 178
541 64 256 800 173
542 128 16 2400 105
543 32 64 800 146
544 128 16 1000 175
545 16 16 1000 98
34
4 357 40 90
6 430 42 193
28 537 50 141
49 394 67 174
52 476 50 197
57 64 56 122
69 180 70 189
71 230 59 170
87 397 68 91
93 314 41 137
96 262 63 124
98 258 40 184
100 358 65 115
140 372 54 168
151 227 41 106
153 410 55 113
158 325 53 117
204 366 67 158
215 384 46 94
226 278 60 159
262 309 52 151
285 393 68 185
305 350 57 150
314 372 61 196
317 457 61 148
332 431 66 141
339 381 55 126
339 437 45 177
340 435 49 165
367 480 47 142
367 513 40 178
375 544 67 176
427 518 47 120
433 541 59 98