852
0 16 16 200 140
1 8 128 500 107
2 8 128 100 139
3 2 16 100 137
4 2 64 100 126
5 8 128 200 140
6 8 64 500 147
7 2 128 100 133
8 8 128 1000 135
9 16 128 200 104
10 16 16 200 113
11 2 128 200 132
12 2 16 1000 147
13 16 64 1000 137
14 8 64 300 106
15 8 64 500 102
16 2 16 300 128
17 2 64 500 109
18 8 128 300 130
19 8 128 1000 109
20 2 64 200 127
21 8 16 200 99
22 16 16 200 132
23 8 16 500 117
24 16 64 500 130
25 16 16 1000 99
26 8 128 100 149
27 16 16 100 98
28 16 128 100 94
29 2 128 200 103
30 2 64 200 134
31 16 16 1000 122
32 2 64 300 129
33 2 128 200 94
34 16 16 100 134
35 16 64 100 136
36 16 16 100 121
37 16 16 200 130
38 16 128 200 95
39 8 64 1000 99
40 8 128 1000 100
41 16 16 500 127
42 8 16 1000 145
43 2 16 500 133
44 2 16 300 129
45 2 16 300 114
46 16 64 200 113
47 8 64 1000 144
48 16 128 500 120
49 2 16 500 127
50 16 128 100 110
51 8 128 300 144
52 2 16 100 138
53 8 128 100 131
54 8 128 200 107
55 2 128 200 103
56 8 16 300 137
57 2 128 100 143
58 16 64 100 100
59 2 128 300 111
60 2 64 500 138
61 16 128 500 137
62 8 128 100 113
63 16 16 100 125
64 16 128 300 100
65 2 16 200 110
66 8 16 500 109
67 8 16 100 100
68 2 128 300 143
69 16 16 1000 95
70 8 64 300 96
71 16 128 200 107
72 8 16 300 132
73 2 64 300 104
74 2 64 500 93
75 16 16 300 137
76 2 64 300 131
77 16 16 500 96
78 2 16 500 112
79 16 16 500 130
80 2 64 300 131
81 16 16 1000 109
82 8 64 1000 109
83 8 64 1000 134
84 16 64 100 124
85 2 64 100 145
86 2 128 100 109
87 8 128 100 107
88 16 128 200 138
89 8 128 100 91
90 2 64 1000 100
91 2 16 500 108
92 2 16 300 143
93 16 128 1000 93
94 2 128 500 137
95 8 16 300 132
96 16 16 300 121
97 16 128 100 111
98 16 16 100 118
99 2 128 1000 128
100 16 64 1000 116
101 16 128 200 94
102 2 64 500 117
103 8 128 500 124
104 16 128 100 143
105 8 64 500 125
106 2 16 100 105
107 2 16 100 133
108 2 64 100 90
109 8 128 300 112
110 8 16 100 130
111 16 16 300 107
112 2 64 500 131
113 2 128 200 91
114 16 128 500 145
115 16 64 200 115
116 2 64 100 128
117 2 64 100 141
118 8 64 300 105
119 8 64 300 131
120 8 16 500 92
121 8 64 200 145
122 2 64 1000 108
123 2 64 200 140
124 16 128 500 119
125 2 16 300 150
126 2 64 200 128
127 8 16 100 96
128 8 128 100 98
129 16 128 1000 94
130 16 16 100 124
131 8 128 300 118
132 16 128 200 106
133 16 16 200 100
134 8 16 300 129
135 16 64 100 138
136 16 64 1000 122
137 8 16 100 121
138 2 128 200 127
139 16 16 500 115
140 2 128 500 97
141 16 16 200 134
142 2 16 300 150
143 8 16 500 147
144 16 64 500 123
145 8 16 100 104
146 2 16 300 107
147 8 16 300 112
148 2 128 200 142
149 8 64 100 131
150 8 16 300 127
151 8 64 300 125
152 8 16 200 131
153 8 16 500 144
154 2 64 200 121
155 16 128 100 94
156 8 128 200 143
157 2 64 200 112
158 16 64 500 150
159 16 128 500 131
160 16 16 200 148
161 2 128 100 117
162 16 16 500 124
163 2 16 300 105
164 2 128 1000 97
165 16 16 500 141
166 2 128 300 93
167 2 16 500 111
168 8 64 300 113
169 16 64 200 110
170 2 128 1000 143
171 2 64 200 135
172 16 128 500 132
173 16 16 500 100
174 16 64 300 142
175 8 128 100 134
176 16 16 200 146
177 16 16 200 114
178 16 16 300 117
179 8 64 200 93
180 8 128 200 150
181 16 64 1000 128
182 8 16 300 147
183 16 16 100 124
184 8 64 100 134
185 8 64 100 107
186 2 16 500 143
187 16 16 200 146
188 8 16 1000 137
189 16 128 200 94
190 8 128 500 96
191 2 64 100 110
192 2 64 300 144
193 16 128 500 118
194 16 128 100 146
195 8 16 300 98
196 8 128 100 92
197 16 64 300 90
198 8 64 1000 133
199 8 64 100 128
200 8 128 1000 150
201 8 16 100 149
202 8 16 500 112
203 2 64 200 117
204 8 16 300 109
205 16 16 300 129
206 2 64 200 115
207 2 64 300 119
208 16 64 500 140
209 16 64 100 108
210 2 16 100 144
211 2 128 300 123
212 16 64 300 115
213 16 64 1000 126
214 2 64 200 119
215 2 128 500 99
216 16 64 1000 139
217 16 128 500 96
218 16 64 300 95
219 2 128 200 147
220 16 64 200 109
221 16 128 200 97
222 8 64 300 100
223 8 128 300 145
224 8 64 500 115
225 16 64 100 131
226 8 128 100 126
227 2 64 500 146
228 8 128 300 129
229 2 16 100 138
230 8 128 200 114
231 8 16 100 142
232 8 64 1000 99
233 8 128 1000 122
234 8 16 1000 113
235 2 16 300 136
236 2 64 300 91
237 16 128 300 130
238 2 128 300 97
239 16 128 300 94
240 2 128 300 124
241 16 128 100 92
242 16 16 1000 135
243 8 128 1000 124
244 16 64 1000 144
245 2 64 200 105
246 16 16 1000 113
247 8 128 500 102
248 2 16 100 119
249 2 16 1000 143
250 16 16 1000 112
251 8 64 500 142
252 16 64 500 137
253 2 16 200 148
254 2 16 500 114
255 8 16 1000 99
256 2 128 500 118
257 8 16 100 134
258 8 128 100 99
259 2 16 300 149
260 8 16 1000 98
261 16 128 1000 135
262 8 128 200 93
263 2 128 1000 121
264 16 16 100 99
265 2 128 300 111
266 2 16 1000 138
267 16 64 100 114
268 16 128 200 118
269 8 16 200 93
270 8 128 500 109
271 8 128 100 142
272 2 16 100 136
273 2 128 500 122
274 16 128 100 122
275 16 128 100 124
276 2 128 300 99
277 2 16 100 92
278 2 16 500 109
279 16 128 300 107
280 16 64 1000 131
281 16 128 500 148
282 2 16 500 101
283 2 128 100 129
284 8 128 300 136
285 16 64 500 143
286 16 64 200 96
287 16 64 1000 116
288 2 128 300 102
289 2 64 1000 137
290 16 16 100 112
291 2 16 300 137
292 16 64 500 117
293 8 64 500 131
294 2 64 300 109
295 16 16 200 136
296 16 16 1000 137
297 16 16 200 107
298 8 64 200 95
299 16 128 100 110
300 8 128 500 95
301 16 128 500 132
302 8 64 200 120
303 2 16 500 131
304 16 16 1000 102
305 16 16 300 120
306 8 16 1000 101
307 2 64 300 130
308 8 64 1000 127
309 16 64 100 130
310 2 16 100 126
311 16 128 100 138
312 8 128 500 129
313 8 16 200 135
314 16 16 1000 100
315 8 128 200 102
316 2 128 200 116
317 16 16 100 127
318 16 16 200 124
319 2 64 100 150
320 2 16 500 107
321 8 64 300 132
322 2 64 500 101
323 16 16 100 143
324 2 64 300 100
325 8 128 1000 111
326 2 64 500 121
327 8 128 300 119
328 2 128 200 99
329 16 64 100 140
330 2 128 500 148
331 16 64 500 90
332 8 128 1000 109
333 8 64 200 143
334 16 16 500 137
335 16 64 1000 104
336 16 64 500 110
337 16 128 1000 149
338 8 128 200 104
339 8 64 100 125
340 8 128 100 129
341 2 128 100 99
342 16 64 1000 99
343 8 16 100 135
344 16 128 300 103
345 2 64 300 104
346 2 16 200 137
347 8 16 100 129
348 2 128 300 114
349 8 64 1000 136
350 2 64 1000 130
351 8 16 200 140
352 16 128 1000 114
353 8 128 300 143
354 8 16 200 133
355 8 128 1000 147
356 2 128 1000 90
357 8 16 100 142
358 16 64 1000 134
359 16 16 500 131
360 16 128 500 117
361 8 16 1000 90
362 16 128 300 101
363 2 128 500 138
364 8 16 300 130
365 2 16 500 124
366 8 128 500 106
367 8 64 300 127
368 2 16 300 144
369 2 128 300 91
370 2 64 200 115
371 2 16 300 129
372 2 16 500 112
373 2 16 200 99
374 2 16 100 148
375 16 16 200 128
376 8 64 500 141
377 2 64 300 117
378 2 64 200 123
379 16 64 300 125
380 2 128 500 96
381 8 16 100 120
382 2 16 100 138
383 16 16 500 102
384 8 64 200 98
385 8 64 100 96
386 2 64 200 132
387 2 16 1000 96
388 8 128 100 127
389 8 16 100 106
390 16 64 300 128
391 8 16 100 126
392 2 16 300 94
393 2 16 100 92
394 8 128 500 149
395 2 64 300 141
396 2 16 300 140
397 2 64 200 129
398 16 128 300 132
399 16 64 1000 104
400 2 16 1000 137
401 2 128 200 144
402 8 16 500 148
403 2 64 300 121
404 16 16 500 145
405 2 16 1000 93
406 2 128 100 142
407 8 16 1000 143
408 2 128 200 113
409 2 64 200 97
410 16 128 500 146
411 16 64 100 106
412 8 64 200 109
413 16 128 100 145
414 8 64 100 124
415 2 128 100 116
416 16 16 300 150
417 8 16 1000 130
418 16 16 100 116
419 2 64 500 92
420 16 64 1000 140
421 2 16 1000 138
422 2 16 100 139
423 16 64 100 93
424 2 64 300 98
425 16 16 200 120
426 2 64 500 93
427 16 128 1000 99
428 16 128 200 107
429 8 64 500 104
430 16 64 200 101
431 8 128 300 111
432 16 16 200 134
433 8 128 200 104
434 8 64 500 115
435 16 16 500 136
436 8 16 100 140
437 16 128 1000 146
438 2 16 1000 125
439 2 16 100 135
440 16 16 1000 114
441 16 64 1000 135
442 2 128 100 131
443 2 128 500 95
444 2 16 500 147
445 16 16 500 143
446 16 16 1000 96
447 16 16 300 131
448 8 128 1000 96
449 16 64 200 110
450 16 64 300 131
451 8 16 100 133
452 8 64 100 120
453 16 128 500 131
454 16 16 200 141
455 8 16 300 132
456 2 16 200 135
457 8 128 1000 119
458 8 128 100 96
459 8 128 200 119
460 16 128 200 132
461 8 64 500 121
462 2 64 100 108
463 16 64 100 131
464 16 64 1000 147
465 16 16 300 150
466 16 128 500 132
467 2 128 1000 115
468 2 64 200 114
469 8 64 100 114
470 2 64 500 121
471 16 16 500 98
472 16 16 100 146
473 2 16 300 104
474 8 64 100 106
475 8 128 500 101
476 16 128 100 106
477 2 16 100 95
478 16 16 1000 113
479 8 128 100 93
480 2 64 100 109
481 16 16 300 112
482 16 64 1000 104
483 8 128 100 106
484 8 128 500 123
485 2 16 100 112
486 8 64 100 124
487 8 128 300 144
488 8 64 500 94
489 2 64 1000 141
490 2 16 100 113
491 8 16 500 148
492 8 128 200 149
493 2 16 1000 137
494 8 64 200 126
495 2 64 300 116
496 16 64 500 103
497 16 16 1000 150
498 16 16 1000 137
499 2 64 300 139
500 8 16 1000 123
501 16 64 300 140
502 16 128 300 136
503 16 64 300 104
504 16 128 200 113
505 16 128 200 99
506 8 16 200 141
507 8 64 300 141
508 16 16 300 125
509 16 64 500 116
510 8 16 200 93
511 2 128 500 140
512 8 128 1000 142
513 8 16 200 122
514 16 64 500 109
515 16 64 500 137
516 16 16 100 134
517 16 128 300 117
518 16 128 100 107
519 16 128 300 109
520 2 64 200 117
521 8 128 200 91
522 8 64 100 134
523 2 16 100 109
524 16 64 100 104
525 8 64 500 122
526 2 64 1000 107
527 16 128 1000 135
528 16 128 100 111
529 8 128 1000 131
530 2 64 300 125
531 8 16 300 103
532 2 64 1000 97
533 8 16 1000 144
534 2 128 300 108
535 16 128 100 90
536 2 128 100 98
537 8 64 500 122
538 16 16 1000 129
539 16 16 500 123
540 2 64 1000 119
541 16 64 500 114
542 2 16 500 99
543 2 128 500 105
544 16 64 1000 147
545 2 128 100 101
546 8 64 200 110
547 16 16 100 95
548 2 128 100 127
549 8 16 1000 130
550 8 128 200 130
551 2 64 500 129
552 16 16 200 137
553 16 128 200 150
554 8 128 1000 136
555 2 64 200 103
556 16 16 200 142
557 2 64 300 125
558 8 64 100 100
559 2 16 500 116
560 16 128 200 124
561 8 16 100 107
562 16 64 500 142
563 16 128 100 149
564 16 16 1000 102
565 8 16 100 145
566 16 16 100 122
567 8 64 500 119
568 8 64 300 144
569 2 64 100 92
570 8 128 100 150
571 2 128 1000 150
572 8 128 1000 103
573 2 16 200 104
574 8 16 100 147
575 16 128 100 102
576 8 128 300 141
577 2 64 200 103
578 16 64 100 136
579 8 128 200 110
580 2 16 200 96
581 2 128 100 136
582 8 16 100 119
583 16 16 500 143
584 8 64 1000 94
585 16 16 100 93
586 8 128 300 130
587 2 64 200 113
588 8 64 100 147
589 2 64 100 111
590 16 128 300 149
591 2 128 200 120
592 2 16 1000 127
593 16 64 1000 115
594 8 64 200 138
595 16 16 100 123
596 16 16 300 116
597 8 128 1000 111
598 16 64 100 130
599 8 128 1000 105
600 2 64 300 95
601 2 16 300 142
602 8 16 200 98
603 8 16 300 145
604 16 128 1000 123
605 16 64 1000 99
606 8 16 500 106
607 16 16 100 141
608 8 128 500 149
609 2 64 500 120
610 16 16 100 109
611 8 64 300 148
612 8 64 200 94
613 16 16 100 126
614 8 16 200 107
615 16 64 100 136
616 16 128 1000 149
617 16 16 100 108
618 2 16 1000 105
619 8 128 300 98
620 16 64 200 113
621 2 128 100 123
622 8 64 100 147
623 16 16 200 94
624 16 64 500 141
625 16 16 200 119
626 16 16 1000 125
627 16 16 100 133
628 2 64 300 104
629 8 16 300 98
630 8 16 200 133
631 2 64 500 147
632 8 16 300 132
633 8 16 100 137
634 2 64 500 129
635 8 128 100 120
636 2 128 200 120
637 2 128 300 107
638 8 64 1000 110
639 16 128 1000 108
640 8 16 200 90
641 16 16 1000 95
642 2 16 200 126
643 8 16 200 105
644 2 64 200 90
645 2 128 100 136
646 8 128 1000 124
647 16 128 300 118
648 8 128 300 104
649 2 128 500 104
650 8 16 200 149
651 16 16 500 114
652 8 64 500 90
653 16 64 1000 97
654 8 128 1000 92
655 8 128 1000 99
656 16 128 100 103
657 2 128 1000 138
658 8 16 200 119
659 2 128 500 150
660 16 128 200 130
661 8 16 100 102
662 2 16 100 95
663 2 64 200 149
664 8 128 1000 95
665 8 16 200 114
666 16 128 100 114
667 8 128 1000 145
668 2 16 200 135
669 16 128 300 149
670 16 64 100 91
671 2 16 200 140
672 8 128 200 148
673 16 64 500 132
674 16 128 1000 100
675 8 128 500 102
676 8 64 200 147
677 2 16 500 112
678 16 16 1000 106
679 8 16 1000 113
680 8 128 300 112
681 8 128 200 132
682 16 64 300 113
683 2 128 100 111
684 8 128 200 144
685 8 128 1000 93
686 8 64 1000 146
687 8 16 1000 102
688 8 128 200 141
689 2 128 1000 107
690 8 128 300 126
691 2 64 100 150
692 16 128 300 122
693 8 64 100 127
694 16 64 300 126
695 8 128 300 143
696 8 64 200 150
697 2 16 1000 116
698 8 16 1000 139
699 2 64 100 106
700 8 128 1000 113
701 16 16 300 113
702 2 128 1000 93
703 8 128 300 116
704 2 64 500 135
705 8 64 1000 93
706 2 16 200 105
707 8 128 200 97
708 2 64 100 145
709 8 128 100 129
710 2 64 1000 101
711 8 128 100 93
712 16 16 500 99
713 8 128 1000 93
714 16 128 1000 94
715 8 64 200 116
716 8 64 1000 97
717 8 128 500 144
718 2 16 500 118
719 8 128 100 102
720 8 128 200 115
721 16 64 500 146
722 8 128 500 125
723 8 64 1000 95
724 2 64 200 141
725 16 128 300 127
726 2 16 300 103
727 8 16 200 100
728 16 16 500 132
729 8 128 1000 99
730 2 64 500 125
731 16 64 500 113
732 8 64 200 132
733 16 128 200 94
734 16 16 1000 143
735 2 128 500 148
736 2 128 500 108
737 2 64 300 108
738 16 64 500 127
739 16 64 1000 132
740 2 128 200 120
741 16 16 100 107
742 16 64 1000 116
743 8 128 1000 133
744 16 128 200 95
745 8 16 200 99
746 2 64 500 112
747 2 64 100 119
748 16 64 200 115
749 16 128 500 139
750 2 16 1000 111
751 2 128 1000 133
752 16 128 1000 140
753 2 64 200 92
754 2 64 500 105
755 8 16 500 123
756 16 16 200 139
757 8 128 300 114
758 8 16 100 144
759 16 128 300 106
760 2 16 500 113
761 8 64 300 134
762 16 16 100 127
763 2 16 100 123
764 16 16 500 96
765 8 128 300 143
766 8 16 300 141
767 8 16 500 146
768 16 128 500 127
769 8 128 1000 112
770 2 64 200 145
771 16 16 300 109
772 16 128 100 124
773 16 64 100 94
774 8 16 100 106
775 16 128 500 113
776 2 128 500 100
777 2 16 500 135
778 8 16 1000 116
779 2 16 300 123
780 2 64 200 107
781 2 64 100 91
782 2 128 500 113
783 8 16 1000 96
784 2 128 300 113
785 16 16 200 91
786 2 128 100 125
787 2 64 1000 114
788 16 64 500 142
789 8 16 300 114
790 8 16 500 146
791 8 128 100 124
792 8 64 300 122
793 2 16 100 129
794 8 128 500 121
795 16 16 200 105
796 2 128 1000 115
797 2 64 200 118
798 8 128 200 106
799 16 128 200 109
800 2 16 500 93
801 16 64 100 145
802 8 16 500 107
803 8 128 500 96
804 16 128 500 118
805 2 64 300 137
806 2 64 500 128
807 16 128 200 144
808 8 128 100 98
809 2 128 500 107
810 8 64 1000 137
811 2 16 1000 115
812 16 128 100 105
813 16 16 200 132
814 8 16 100 128
815 8 128 500 134
816 16 128 500 101
817 2 64 100 132
818 16 16 500 146
819 2 64 1000 127
820 8 128 200 99
821 8 64 500 90
822 2 128 1000 109
823 2 128 200 99
824 2 64 300 129
825 2 64 500 142
826 8 128 500 92
827 16 64 200 123
828 16 16 1000 96
829 8 64 1000 142
830 8 64 1000 141
831 2 16 500 94
832 2 16 1000 124
833 16 64 500 124
834 8 64 500 141
835 8 128 500 123
836 8 128 1000 95
837 8 16 300 115
838 8 128 300 90
839 16 64 100 108
840 8 16 300 96
841 16 128 500 135
842 2 128 300 148
843 8 128 300 125
844 8 128 100 94
845 16 64 1000 120
846 2 128 100 146
847 8 16 200 136
848 8 64 1000 122
849 8 16 300 107
850 2 64 500 128
851 16 128 1000 148
152
1 94 44 167
7 523 43 164
7 92 42 163
7 54 64 121
7 257 56 158
22 210 48 167
22 193 61 118
24 205 49 171
25 140 44 191
26 140 68 198
28 618 60 124
30 852 64 100
30 582 41 166
34 123 54 133
38 757 43 119
42 65 53 111
42 654 47 197
49 59 46 121
53 737 59 130
56 594 58 148
58 541 56 175
62 251 62 161
64 641 51 143
66 573 43 130
71 243 53 164
79 597 67 116
80 312 54 98
80 444 61 108
89 762 48 98
90 94 45 172
93 474 50 176
96 470 44 150
96 148 43 185
97 347 52 134
97 488 55 112
101 686 66 137
102 766 42 168
105 339 42 106
106 663 42 164
106 517 43 178
109 401 61 163
115 572 46 93
116 536 69 92
118 161 41 183
124 513 51 177
129 145 63 110
133 759 53 136
135 318 49 140
139 510 53 157
144 682 49 168
145 806 43 179
149 388 62 93
152 536 60 115
153 497 61 98
153 495 60 133
156 407 40 94
162 548 69 117
164 337 67 135
166 845 49 172
169 500 63 174
178 823 61 191
178 517 55 181
185 809 42 193
192 388 60 181
193 210 68 180
200 399 43 136
200 324 60 157
214 493 68 189
220 465 42 190
225 542 69 92
231 596 58 150
238 579 55 172
239 679 51 109
240 283 51 164
241 252 46 164
243 508 67 187
256 544 60 161
258 333 40 112
259 687 56 181
264 305 60 156
267 581 50 109
270 344 48 142
272 725 57 102
283 622 52 177
285 648 52 144
286 423 56 151
290 642 65 151
306 564 68 131
307 472 69 182
312 813 68 112
318 769 49 111
319 638 45 157
334 349 66 170
337 604 50 117
339 586 47 121
341 462 68 195
342 836 63 170
343 416 51 191
344 408 68 197
346 352 44 185
347 466 65 137
350 687 59 136
358 384 46 155
361 629 63 104
361 389 42 146
362 450 41 106
363 637 55 96
369 551 57 109
374 533 48 106
380 617 67 151
388 542 58 108
390 400 44 176
393 429 56 156
396 527 70 191
413 807 65 101
418 590 59 100
421 842 46 108
422 836 70 153
430 587 58 111
445 623 57 99
447 836 66 165
462 532 69 195
467 717 62 110
476 624 60 119
480 623 55 189
494 610 63 155
517 839 53 97
519 535 46 129
550 625 49 185
551 615 52 192
556 794 67 178
588 602 53 126
598 695 52 98
609 821 48 144
612 757 59 178
628 834 58 101
630 768 69 96
635 787 69 93
636 824 52 104
647 830 41 109
647 672 42 91
655 762 70 160
673 820 49 108
680 702 54 165
690 778 65 171
693 851 49 92
694 707 57 124
728 787 58 98
735 844 40 162
798 821 58 192
819 838 49 156
829 842 50 94