602
0 2 64 200 94
1 2 16 50 61
2 16 64 100 88
3 8 2 200 67
4 16 2 100 81
5 16 64 100 73
6 2 16 150 87
7 8 64 200 70
8 8 2 150 72
9 16 64 200 76
10 8 16 150 80
11 8 2 200 71
12 2 2 150 71
13 16 64 150 56
14 8 2 200 69
15 16 2 150 80
16 16 64 200 99
17 8 2 100 52
18 16 16 150 63
19 16 4 150 54
20 2 2 100 79
21 8 16 150 50
22 2 4 100 58
23 8 16 50 57
24 16 4 50 87
25 8 64 150 97
26 16 4 50 96
27 16 16 50 70
28 16 64 100 54
29 8 4 150 68
30 8 4 200 67
31 8 64 200 95
32 16 16 150 88
33 16 16 150 54
34 2 4 100 71
35 8 64 200 63
36 16 64 150 70
37 8 4 100 81
38 2 64 50 80
39 16 2 200 67
40 16 4 200 76
41 8 2 100 63
42 2 2 150 95
43 16 4 200 54
44 16 16 150 73
45 8 64 100 76
46 2 2 100 61
47 16 4 150 100
48 2 16 150 91
49 8 64 150 60
50 8 64 150 83
51 2 16 200 90
52 8 2 50 68
53 2 4 100 50
54 8 64 200 75
55 16 64 200 67
56 16 2 50 68
57 2 4 200 93
58 2 64 150 79
59 2 2 50 72
60 16 2 100 52
61 16 16 150 91
62 2 64 100 95
63 8 2 100 86
64 2 64 50 70
65 2 16 150 78
66 2 4 100 50
67 16 16 200 73
68 2 64 100 99
69 2 64 50 89
70 2 16 100 51
71 2 2 150 65
72 8 4 100 80
73 2 16 200 98
74 8 2 150 68
75 8 2 50 95
76 8 2 100 75
77 2 4 100 86
78 16 16 200 67
79 8 64 50 85
80 16 64 200 50
81 2 64 200 78
82 2 4 50 91
83 2 4 50 92
84 16 2 100 87
85 2 2 50 78
86 8 64 100 64
87 2 64 150 74
88 2 2 200 51
89 16 64 150 54
90 16 16 150 89
91 8 4 50 79
92 8 64 100 51
93 16 16 50 57
94 2 4 50 98
95 8 16 50 79
96 8 64 100 57
97 2 16 150 94
98 8 4 50 77
99 16 2 50 88
100 16 16 100 97
101 16 64 50 82
102 16 2 50 54
103 16 16 150 84
104 8 4 200 89
105 2 16 150 95
106 16 16 50 61
107 16 2 150 61
108 2 4 100 76
109 16 64 200 70
110 8 64 50 74
111 8 64 150 71
112 16 2 200 68
113 16 4 100 84
114 2 2 150 69
115 2 4 100 92
116 2 4 150 82
117 8 4 200 85
118 8 16 150 63
119 8 2 200 92
120 8 64 200 94
121 8 4 100 89
122 8 16 50 82
123 8 4 50 64
124 8 4 50 66
125 2 2 50 96
126 16 64 200 50
127 8 64 150 94
128 16 16 150 80
129 16 16 150 56
130 16 64 50 100
131 16 64 100 92
132 16 16 50 82
133 2 2 100 64
134 2 4 150 89
135 8 4 100 51
136 16 2 50 58
137 2 64 150 87
138 8 16 200 84
139 16 16 50 54
140 2 64 200 95
141 8 4 100 52
142 8 64 150 71
143 16 16 50 72
144 8 64 50 86
145 16 16 200 65
146 8 2 50 98
147 2 2 100 68
148 16 2 50 62
149 8 4 150 71
150 16 16 50 96
151 2 64 50 69
152 16 2 150 66
153 8 64 150 60
154 2 64 150 88
155 8 16 50 85
156 2 2 200 97
157 16 2 50 95
158 8 64 50 89
159 8 4 200 63
160 2 4 150 94
161 16 16 50 68
162 8 4 100 66
163 16 64 150 89
164 2 2 150 68
165 2 64 150 98
166 16 64 150 59
167 2 2 50 94
168 2 2 50 52
169 16 64 100 71
170 8 64 50 90
171 2 2 150 58
172 2 64 200 80
173 8 16 100 86
174 8 64 150 56
175 2 16 200 70
176 8 4 150 50
177 2 64 200 75
178 2 64 50 54
179 2 64 150 60
180 8 2 50 55
181 2 4 150 51
182 2 2 50 63
183 2 2 150 54
184 8 64 100 55
185 2 2 50 82
186 16 2 100 59
187 8 2 50 69
188 16 4 150 77
189 16 2 200 75
190 16 2 150 66
191 8 16 50 71
192 2 16 100 63
193 2 4 200 92
194 16 64 200 83
195 8 16 150 94
196 8 2 200 75
197 16 4 100 66
198 16 64 200 89
199 2 4 50 87
200 2 2 200 99
201 8 64 150 80
202 16 64 150 95
203 8 64 100 97
204 8 16 100 50
205 8 64 200 71
206 16 64 200 93
207 2 4 100 64
208 8 4 100 54
209 16 64 100 78
210 2 64 100 56
211 8 16 50 74
212 8 4 200 100
213 16 16 50 94
214 8 2 100 50
215 16 64 150 82
216 2 2 100 95
217 8 64 50 100
218 8 2 200 60
219 8 4 100 81
220 8 16 100 74
221 8 64 100 81
222 2 64 150 65
223 8 4 150 64
224 8 4 100 66
225 8 64 150 88
226 2 4 100 80
227 2 16 100 60
228 2 64 50 98
229 8 64 150 81
230 2 4 150 77
231 8 64 200 91
232 16 4 150 100
233 8 4 50 55
234 16 16 100 54
235 8 64 50 51
236 2 4 100 96
237 8 16 100 73
238 16 64 200 82
239 16 64 100 84
240 2 64 200 77
241 8 16 100 79
242 8 16 50 88
243 2 2 50 84
244 8 16 150 94
245 2 16 100 58
246 2 64 200 82
247 16 16 200 100
248 16 16 50 58
249 16 2 200 97
250 8 2 200 95
251 8 64 100 54
252 16 2 150 82
253 2 4 150 97
254 16 2 150 87
255 16 16 50 97
256 16 64 200 98
257 2 4 150 73
258 8 16 200 99
259 8 2 200 65
260 8 64 200 85
261 8 16 150 54
262 8 4 50 62
263 8 2 50 97
264 8 2 200 84
265 8 4 100 62
266 16 4 100 92
267 16 4 100 88
268 2 4 100 51
269 8 4 100 55
270 16 2 50 82
271 16 4 100 66
272 8 2 200 100
273 8 16 200 71
274 2 4 50 88
275 8 64 100 73
276 16 64 100 67
277 8 2 50 74
278 16 4 50 100
279 8 4 200 73
280 8 2 100 86
281 8 16 100 59
282 8 4 150 73
283 16 16 150 98
284 16 64 200 87
285 2 16 50 78
286 16 64 200 70
287 16 64 100 79
288 8 64 50 97
289 16 2 100 53
290 8 4 150 89
291 8 64 200 81
292 8 16 50 52
293 16 4 150 67
294 2 64 100 98
295 16 2 50 96
296 2 16 50 77
297 8 4 150 62
298 8 2 200 55
299 8 4 200 79
300 16 16 50 57
301 16 16 100 56
302 2 2 200 50
303 8 64 150 85
304 8 4 200 56
305 16 2 150 98
306 2 2 100 76
307 8 16 150 80
308 8 64 200 81
309 2 64 150 58
310 2 4 50 94
311 8 2 50 100
312 16 16 100 81
313 8 64 200 84
314 16 16 200 54
315 8 16 100 81
316 16 16 200 72
317 2 2 100 68
318 16 4 150 94
319 8 4 50 55
320 16 16 200 58
321 16 2 200 90
322 2 2 50 62
323 8 16 200 78
324 16 64 150 66
325 16 16 150 75
326 2 64 100 95
327 16 16 200 90
328 8 64 150 68
329 2 16 100 97
330 16 4 50 95
331 2 64 50 90
332 2 2 100 99
333 16 64 100 50
334 8 64 100 70
335 16 16 200 72
336 8 16 150 93
337 16 16 150 54
338 2 64 150 80
339 8 4 100 52
340 16 16 50 80
341 16 16 50 52
342 8 16 50 100
343 8 4 150 69
344 8 4 100 100
345 8 4 100 98
346 8 16 50 66
347 16 4 100 63
348 8 64 200 55
349 8 64 50 79
350 2 4 50 53
351 8 64 50 91
352 8 2 50 77
353 2 2 100 86
354 16 4 200 59
355 16 16 200 100
356 2 16 150 70
357 8 4 150 60
358 16 2 150 85
359 8 2 50 84
360 2 2 150 83
361 2 16 100 72
362 16 2 50 99
363 8 64 50 59
364 8 64 50 77
365 16 16 200 94
366 2 4 100 96
367 2 2 50 73
368 16 2 50 88
369 8 64 50 52
370 16 64 150 69
371 8 16 100 89
372 2 4 50 63
373 8 64 150 91
374 8 16 100 77
375 16 4 150 99
376 8 16 200 94
377 16 4 150 89
378 2 4 200 85
379 8 16 150 65
380 2 4 50 51
381 8 16 50 91
382 8 2 200 64
383 8 2 150 86
384 16 4 50 96
385 8 64 100 68
386 2 64 200 95
387 16 16 150 77
388 16 4 200 84
389 2 4 150 94
390 8 16 150 70
391 16 2 150 85
392 16 16 200 96
393 2 2 200 74
394 8 64 50 77
395 8 2 50 82
396 8 2 200 83
397 2 16 50 59
398 2 64 200 83
399 16 4 50 70
400 16 16 200 89
401 8 2 200 73
402 8 16 200 78
403 8 2 100 73
404 8 2 50 96
405 8 16 150 54
406 8 2 50 66
407 2 4 150 57
408 2 4 100 86
409 8 2 150 92
410 8 64 150 92
411 16 64 50 77
412 8 16 50 72
413 16 2 150 99
414 2 4 50 54
415 2 64 100 91
416 2 2 150 90
417 8 16 50 90
418 8 64 50 59
419 2 2 200 79
420 2 64 150 83
421 8 4 100 60
422 16 16 50 67
423 8 2 200 58
424 2 64 100 91
425 8 64 100 86
426 16 16 100 63
427 16 4 50 75
428 8 16 150 55
429 2 2 150 71
430 16 16 150 63
431 8 64 150 69
432 16 64 50 96
433 16 64 200 64
434 2 16 50 82
435 16 16 200 98
436 2 2 150 87
437 2 16 100 92
438 2 2 150 98
439 16 2 200 54
440 16 64 50 63
441 2 2 200 51
442 2 2 50 68
443 8 16 50 64
444 2 2 100 88
445 2 16 200 62
446 16 16 100 61
447 8 16 200 97
448 8 64 100 90
449 2 2 50 51
450 8 64 150 90
451 16 64 100 53
452 16 16 200 83
453 8 4 100 69
454 2 2 50 57
455 8 2 150 90
456 2 64 50 57
457 2 2 200 66
458 8 2 50 99
459 8 16 100 77
460 8 2 200 62
461 8 4 150 83
462 16 4 50 99
463 2 16 50 63
464 16 4 100 64
465 8 16 50 78
466 16 16 50 50
467 2 16 150 72
468 16 4 200 84
469 2 4 50 87
470 2 4 200 85
471 8 2 150 70
472 8 64 100 57
473 16 4 200 73
474 2 64 100 72
475 16 2 50 98
476 2 2 50 77
477 16 2 150 88
478 16 64 50 84
479 2 16 200 99
480 2 4 150 84
481 2 64 50 68
482 2 16 100 61
483 2 4 100 99
484 8 2 200 63
485 16 64 50 53
486 16 4 50 75
487 16 64 150 88
488 2 64 50 95
489 2 2 200 84
490 8 16 150 72
491 16 2 150 57
492 2 64 200 98
493 16 2 150 94
494 2 2 50 85
495 16 64 200 82
496 8 16 50 61
497 16 16 100 50
498 8 16 100 57
499 8 4 200 92
500 2 2 150 94
501 16 2 200 54
502 16 16 200 66
503 2 64 200 50
504 2 2 150 63
505 2 16 50 66
506 2 16 100 65
507 8 4 200 74
508 2 64 150 63
509 2 16 200 64
510 8 64 50 60
511 2 64 200 94
512 8 2 150 92
513 8 4 200 76
514 8 4 50 90
515 2 16 150 94
516 2 4 200 83
517 8 4 200 93
518 16 2 150 89
519 16 4 150 89
520 2 64 200 92
521 8 16 150 57
522 16 4 150 60
523 8 16 200 73
524 16 4 100 98
525 8 4 100 99
526 8 4 100 77
527 8 64 100 65
528 8 4 200 97
529 8 64 150 91
530 8 16 150 89
531 16 16 150 96
532 16 2 50 79
533 8 64 150 93
534 8 4 200 56
535 8 2 150 87
536 2 64 200 92
537 8 64 100 86
538 2 4 50 62
539 2 64 150 65
540 16 16 150 98
541 8 64 150 54
542 8 2 150 56
543 8 16 200 60
544 16 64 100 53
545 2 2 150 63
546 8 4 150 100
547 16 4 100 84
548 16 4 100 64
549 2 2 150 96
550 16 16 50 62
551 16 4 50 73
552 2 64 100 53
553 16 16 200 95
554 16 16 100 57
555 16 2 100 73
556 2 2 50 54
557 8 64 200 58
558 8 64 50 98
559 2 4 50 79
560 2 16 150 60
561 2 4 200 85
562 2 16 200 50
563 2 2 150 80
564 8 16 100 97
565 8 16 200 95
566 2 64 200 67
567 2 16 200 52
568 16 2 200 55
569 2 2 150 76
570 16 16 150 80
571 2 16 200 76
572 2 64 100 90
573 8 2 50 80
574 16 16 150 78
575 2 64 150 85
576 2 2 200 76
577 8 16 150 80
578 8 64 150 65
579 8 64 150 68
580 2 2 100 58
581 16 64 100 64
582 16 16 50 66
583 8 4 50 53
584 2 64 50 95
585 16 64 200 51
586 2 16 50 53
587 2 4 150 62
588 2 4 100 68
589 16 16 50 59
590 8 4 200 99
591 16 2 150 59
592 8 2 50 51
593 8 2 200 86
594 2 64 150 69
595 2 16 50 67
596 16 16 150 90
597 16 4 200 73
598 8 16 50 64
599 2 2 50 98
600 16 2 100 90
601 8 16 100 51
239
4 70 46 119
10 440 42 90
11 468 49 113
13 439 55 99
14 573 41 138
17 488 40 130
18 565 63 94
19 259 59 124
19 420 56 189
19 528 68 122
19 234 65 190
21 354 47 134
22 195 45 110
23 176 56 112
24 216 64 156
24 282 42 131
25 535 53 110
25 196 44 151
26 95 51 152
27 562 51 127
29 45 42 115
29 366 52 192
31 392 65 191
33 69 43 195
38 496 43 129
38 238 52 108
38 369 47 155
38 277 49 196
40 176 65 148
41 48 53 101
42 166 55 137
44 362 57 142
45 495 70 114
46 177 54 176
47 519 70 194
47 106 42 182
48 430 52 179
48 321 56 118
48 547 48 148
50 465 61 140
50 544 64 155
52 559 66 99
52 224 62 154
54 559 60 155
54 167 49 172
54 162 65 92
55 368 50 199
57 359 46 134
57 368 65 192
58 516 70 121
59 348 41 102
60 335 55 200
61 200 49 150
66 351 61 149
68 512 48 144
69 473 43 187
71 296 50 156
71 428 63 120
72 323 56 116
74 485 54 118
75 555 57 99
78 267 56 98
84 211 67 116
90 333 41 91
93 549 41 170
93 213 69 106
94 458 49 100
94 508 56 192
95 477 52 178
97 272 70 186
103 407 44 180
104 157 70 124
104 417 41 95
105 586 58 178
105 399 63 163
107 178 55 181
108 280 46 140
110 145 69 113
111 363 55 179
111 501 69 93
114 445 46 171
114 385 60 174
119 474 53 128
121 341 45 141
122 438 51 134
125 444 54 186
125 445 64 177
126 352 65 153
128 543 69 199
128 464 52 128
129 430 43 115
130 269 41 98
131 197 64 180
131 308 51 191
131 204 60 148
133 199 68 174
133 368 58 197
135 371 61 139
142 405 48 197
145 410 68 183
147 232 64 104
151 218 63 138
151 397 64 188
151 460 45 199
151 518 59 175
151 547 58 183
152 224 53 91
155 443 43 118
155 559 70 138
158 516 42 184
159 593 65 108
160 583 68 133
161 399 70 130
162 266 62 176
163 457 42 93
166 487 60 182
167 507 63 117
168 503 43 168
168 295 66 141
169 403 40 148
170 570 42 160
171 396 66 144
173 274 69 145
173 477 57 100
175 199 45 171
181 528 46 187
183 482 58 97
189 287 62 196
189 570 52 151
191 238 66 157
196 394 70 139
201 255 65 125
202 362 55 184
204 330 54 145
205 491 44 183
206 525 69 166
206 310 47 169
207 227 58 149
211 474 56 136
213 588 60 186
215 422 67 178
215 481 63 186
217 579 62 113
220 516 45 129
221 259 62 125
221 580 60 159
225 399 49 184
229 443 69 180
229 288 40 150
232 361 44 114
234 484 47 197
235 331 60 162
235 567 53 155
236 300 59 100
240 317 69 108
243 355 42 153
244 296 44 100
248 512 48 104
254 489 46 169
255 552 54 141
257 395 56 132
259 460 40 107
260 397 67 121
261 545 52 94
264 290 57 178
266 475 54 91
268 326 62 182
273 457 40 132
276 292 60 92
279 581 63 196
280 553 64 117
280 373 58 175
284 351 51 163
290 554 54 193
293 362 61 176
295 347 54 110
299 418 51 103
302 522 66 193
304 403 46 100
304 527 67 99
306 413 52 101
308 450 45 99
311 588 53 167
311 595 49 112
314 336 41 134
316 501 42 105
318 387 56 101
323 420 64 181
329 464 45 148
344 582 70 94
345 388 61 171
350 432 49 182
350 407 68 190
353 402 43 192
357 407 49 144
358 504 58 153
363 471 68 104
369 479 55 161
377 520 54 97
378 528 54 141
379 472 57 157
384 413 59 139
389 432 56 183
397 501 56 140
399 566 64 181
400 419 48 167
402 422 57 136
402 469 61 116
404 580 45 183
406 418 60 96
406 469 42 160
414 584 65 111
415 583 40 125
416 481 55 120
423 454 64 137
426 536 42 90
429 555 53 121
430 568 43 130
431 508 69 170
432 443 43 171
439 578 50 196
443 519 56 93
450 495 59 174
453 573 63 126
453 469 57 142
459 592 49 101
461 475 56 117
465 578 52 107
471 531 44 187
474 478 68 174
489 495 66 99
491 503 56 183
495 598 61 142
504 564 60 175
511 553 41 102
532 583 70 175
555 579 41 155
566 582 43 96
569 591 45 163