632
0 32 128 1000 100
1 16 64 1000 30
2 32 64 200 32
3 4 16 200 88
4 64 64 1000 69
5 64 128 1000 96
6 32 128 1000 50
7 16 128 500 30
8 32 128 100 93
9 4 8 200 62
10 64 128 200 50
11 4 64 1000 71
12 32 64 2000 82
13 4 16 500 60
14 32 128 100 82
15 16 8 2000 44
16 16 64 200 57
17 4 64 500 52
18 16 128 1000 33
19 32 64 500 70
20 32 16 2000 55
21 4 8 200 49
22 16 128 1000 75
23 4 16 500 99
24 16 16 2000 61
25 16 128 2000 66
26 32 128 2000 77
27 4 8 2000 69
28 64 128 100 50
29 32 128 500 77
30 64 8 2000 36
31 16 128 500 45
32 32 16 1000 95
33 4 64 200 99
34 32 64 2000 56
35 64 128 500 58
36 32 128 1000 67
37 4 64 500 73
38 64 16 100 60
39 64 8 100 43
40 4 128 100 84
41 64 8 500 47
42 32 64 1000 39
43 16 128 200 98
44 4 128 100 39
45 64 16 2000 38
46 32 8 2000 72
47 16 128 2000 85
48 16 16 100 74
49 4 128 200 77
50 32 128 500 44
51 4 8 2000 42
52 16 128 1000 82
53 32 64 500 84
54 16 16 1000 58
55 4 8 500 98
56 16 128 500 96
57 32 8 500 97
58 64 16 500 39
59 64 64 2000 54
60 16 64 100 76
61 16 8 2000 36
62 16 128 500 62
63 4 64 500 87
64 4 16 100 31
65 32 128 200 54
66 4 16 1000 59
67 4 64 2000 53
68 64 8 100 90
69 4 64 500 72
70 32 128 500 70
71 4 8 100 49
72 64 16 1000 49
73 16 64 2000 32
74 64 16 500 97
75 32 16 100 88
76 16 16 500 32
77 16 64 100 58
78 4 16 1000 99
79 16 128 1000 63
80 16 128 100 56
81 32 8 500 85
82 32 8 2000 58
83 32 64 1000 93
84 4 16 2000 90
85 4 128 200 73
86 32 8 1000 31
87 4 64 200 89
88 64 128 200 75
89 64 16 200 57
90 64 64 1000 36
91 16 64 2000 35
92 64 16 100 97
93 32 128 2000 50
94 16 64 500 61
95 64 8 100 54
96 32 64 500 60
97 16 16 500 83
98 32 16 1000 87
99 64 64 1000 48
100 32 16 1000 65
101 4 128 500 79
102 4 8 500 50
103 64 128 1000 39
104 16 16 1000 90
105 32 16 200 57
106 64 8 500 98
107 64 16 1000 65
108 4 16 1000 48
109 32 8 100 94
110 4 16 1000 59
111 4 8 2000 53
112 32 128 100 66
113 4 64 2000 45
114 16 8 1000 31
115 4 8 200 86
116 4 64 200 34
117 32 8 200 59
118 4 8 1000 73
119 16 128 200 95
120 4 64 1000 83
121 4 128 1000 62
122 64 128 200 61
123 32 64 200 79
124 64 64 100 68
125 64 64 200 65
126 4 64 100 40
127 32 128 200 43
128 32 64 1000 71
129 4 8 1000 79
130 64 128 1000 90
131 16 16 200 87
132 16 8 1000 72
133 16 128 100 89
134 4 16 100 50
135 4 128 1000 93
136 16 128 2000 51
137 64 16 200 81
138 4 16 1000 80
139 4 8 100 76
140 32 64 200 88
141 32 128 1000 56
142 32 64 1000 33
143 4 16 200 47
144 4 8 2000 62
145 32 8 1000 59
146 32 8 200 52
147 16 64 100 60
148 32 16 200 90
149 32 16 100 62
150 32 8 500 55
151 32 16 200 66
152 64 64 500 65
153 4 128 500 91
154 4 16 2000 97
155 4 128 500 68
156 16 128 1000 77
157 64 16 1000 44
158 4 64 500 86
159 32 16 200 90
160 32 16 200 82
161 16 64 200 96
162 32 8 200 46
163 16 16 500 49
164 16 128 1000 73
165 32 64 2000 61
166 16 64 1000 66
167 64 128 500 34
168 4 128 200 53
169 64 64 200 97
170 16 64 2000 92
171 32 16 200 75
172 16 64 200 97
173 16 16 100 73
174 32 16 1000 95
175 64 8 1000 92
176 64 16 100 97
177 16 128 2000 67
178 64 128 200 87
179 32 8 500 84
180 4 8 1000 92
181 4 64 2000 43
182 16 8 1000 65
183 16 16 500 43
184 16 16 1000 77
185 16 8 500 72
186 16 8 2000 98
187 16 128 100 63
188 64 8 1000 86
189 4 16 500 55
190 32 64 100 83
191 16 64 100 91
192 16 64 2000 70
193 64 8 1000 64
194 4 8 500 80
195 4 16 100 80
196 4 8 500 96
197 64 128 500 76
198 32 8 100 71
199 4 64 200 46
200 64 16 500 56
201 64 128 200 30
202 64 16 100 84
203 16 16 2000 95
204 16 128 200 43
205 32 8 500 54
206 64 64 2000 69
207 32 128 2000 78
208 32 128 200 73
209 32 128 100 78
210 32 128 200 70
211 64 128 200 70
212 32 128 1000 33
213 64 128 1000 40
214 64 16 200 38
215 64 128 200 69
216 32 64 1000 67
217 4 128 2000 87
218 64 128 100 94
219 4 64 500 76
220 64 16 500 45
221 64 128 500 69
222 32 8 100 48
223 64 128 500 97
224 32 64 500 63
225 16 128 2000 67
226 32 64 200 73
227 64 64 2000 79
228 32 64 1000 99
229 16 16 100 92
230 32 128 200 34
231 64 64 2000 69
232 4 16 2000 56
233 4 64 2000 76
234 4 128 500 77
235 4 8 2000 49
236 64 8 2000 79
237 32 128 100 80
238 4 16 500 85
239 16 64 1000 44
240 4 128 2000 64
241 64 128 1000 44
242 16 8 200 50
243 4 128 200 98
244 4 16 500 82
245 4 64 2000 45
246 32 64 200 49
247 4 8 2000 65
248 32 64 100 69
249 16 64 100 73
250 64 128 1000 42
251 16 8 1000 60
252 32 64 2000 31
253 4 8 2000 86
254 4 16 1000 48
255 32 128 1000 90
256 32 128 1000 83
257 16 16 1000 98
258 64 8 2000 49
259 4 128 1000 72
260 4 64 200 53
261 16 64 500 85
262 64 64 1000 32
263 64 8 1000 56
264 16 16 1000 65
265 4 64 200 70
266 64 64 100 35
267 32 16 200 54
268 64 8 1000 71
269 32 16 100 77
270 4 8 2000 67
271 64 128 200 34
272 32 128 2000 68
273 64 8 500 76
274 32 16 2000 54
275 4 16 200 76
276 4 64 1000 80
277 16 128 1000 44
278 4 64 2000 92
279 32 16 2000 69
280 4 64 200 42
281 32 16 100 86
282 64 128 500 92
283 64 128 200 41
284 16 128 2000 62
285 4 16 100 51
286 4 16 500 65
287 16 16 1000 91
288 32 8 200 99
289 32 16 1000 76
290 4 16 100 42
291 64 128 500 78
292 64 16 1000 91
293 4 128 100 40
294 16 8 1000 78
295 16 128 1000 80
296 64 64 100 53
297 4 64 2000 89
298 64 64 100 85
299 4 64 500 71
300 4 8 200 69
301 16 64 1000 56
302 16 64 1000 37
303 64 8 100 87
304 16 128 100 44
305 32 8 1000 46
306 64 128 2000 49
307 4 128 1000 51
308 4 16 100 35
309 16 64 200 90
310 16 64 500 69
311 32 16 500 34
312 16 8 2000 54
313 4 8 2000 99
314 64 16 100 48
315 4 8 2000 94
316 32 16 2000 67
317 64 16 1000 66
318 32 8 1000 37
319 4 128 100 48
320 4 8 100 47
321 16 128 2000 52
322 16 16 2000 77
323 16 16 500 82
324 32 128 1000 71
325 16 128 200 40
326 32 16 100 57
327 64 16 100 34
328 16 8 100 30
329 16 8 100 93
330 64 16 2000 91
331 64 128 2000 69
332 16 16 500 48
333 16 128 500 76
334 32 8 1000 58
335 64 8 2000 60
336 32 8 500 53
337 4 8 100 67
338 16 64 500 57
339 32 64 500 92
340 64 16 200 96
341 64 64 1000 37
342 16 64 500 90
343 4 16 1000 88
344 16 8 200 71
345 32 8 100 92
346 64 64 1000 89
347 64 8 1000 93
348 64 8 200 34
349 16 128 100 53
350 16 128 2000 35
351 4 16 200 45
352 16 128 200 88
353 64 64 500 85
354 32 64 2000 50
355 4 128 1000 89
356 4 128 200 35
357 4 64 1000 75
358 32 128 500 48
359 64 128 2000 94
360 32 128 100 48
361 64 8 200 43
362 4 64 200 50
363 64 16 2000 36
364 4 8 200 70
365 4 16 200 87
366 4 16 100 53
367 4 16 1000 90
368 32 128 200 46
369 4 8 2000 78
370 64 64 2000 75
371 32 16 2000 94
372 32 64 200 65
373 4 8 1000 85
374 64 64 100 74
375 16 8 200 69
376 64 16 100 44
377 64 16 500 63
378 64 8 200 38
379 16 64 2000 55
380 32 16 200 64
381 32 16 2000 80
382 32 64 1000 56
383 32 64 1000 60
384 16 16 500 59
385 32 128 200 88
386 32 16 2000 58
387 4 64 100 44
388 64 128 500 36
389 16 128 100 89
390 4 128 100 98
391 64 64 2000 49
392 32 64 500 44
393 4 16 2000 66
394 4 128 100 87
395 64 8 2000 62
396 32 128 1000 58
397 4 16 1000 67
398 32 128 2000 62
399 4 128 200 73
400 64 128 100 75
401 16 8 1000 80
402 64 16 100 54
403 4 128 100 42
404 64 16 200 84
405 32 128 200 76
406 32 8 200 62
407 4 8 2000 50
408 16 16 500 56
409 64 128 100 67
410 4 64 200 56
411 4 16 1000 80
412 64 64 200 50
413 64 8 100 94
414 4 8 2000 40
415 32 128 2000 46
416 64 16 2000 37
417 16 16 2000 41
418 4 16 2000 57
419 64 16 100 81
420 32 8 2000 40
421 16 16 200 71
422 64 128 200 56
423 4 64 500 76
424 64 16 100 55
425 4 128 1000 99
426 4 128 1000 86
427 32 8 2000 87
428 16 16 100 45
429 16 16 1000 64
430 32 128 100 97
431 16 8 2000 38
432 32 64 100 41
433 64 64 1000 30
434 64 64 100 62
435 16 128 100 54
436 4 16 500 63
437 64 64 100 78
438 64 16 500 48
439 16 128 200 67
440 64 16 200 43
441 4 64 2000 83
442 4 8 1000 81
443 64 64 1000 90
444 64 128 1000 85
445 32 8 2000 40
446 4 64 2000 85
447 32 128 100 32
448 16 128 2000 89
449 16 16 1000 58
450 64 16 500 81
451 64 128 1000 73
452 16 64 2000 88
453 4 128 200 99
454 16 128 500 55
455 4 64 500 38
456 64 128 500 90
457 4 64 100 98
458 4 128 1000 63
459 16 16 1000 85
460 4 64 200 52
461 32 16 200 33
462 4 128 1000 91
463 64 8 200 97
464 16 128 100 70
465 64 64 2000 44
466 16 8 200 36
467 64 16 2000 82
468 64 16 100 37
469 4 128 2000 30
470 32 16 100 85
471 32 64 2000 57
472 16 8 1000 56
473 64 128 2000 36
474 16 16 500 95
475 64 8 200 44
476 64 64 200 66
477 4 128 100 37
478 16 64 500 93
479 16 8 200 87
480 64 8 100 55
481 64 16 1000 60
482 32 128 2000 32
483 32 128 100 36
484 4 8 2000 30
485 64 64 1000 66
486 4 128 500 92
487 32 128 200 39
488 4 16 100 75
489 64 128 1000 86
490 4 128 200 74
491 64 8 200 83
492 4 16 500 97
493 4 16 100 69
494 64 16 1000 65
495 4 128 200 98
496 16 64 200 42
497 4 16 2000 74
498 64 64 100 57
499 64 128 200 46
500 16 8 100 76
501 32 8 2000 30
502 4 8 500 95
503 4 8 100 30
504 64 64 500 66
505 4 64 100 73
506 32 128 100 47
507 4 128 2000 47
508 32 64 200 49
509 64 128 1000 46
510 16 128 100 74
511 64 64 1000 64
512 64 64 2000 81
513 4 128 100 47
514 32 8 500 47
515 16 64 200 51
516 16 128 500 33
517 32 8 2000 53
518 64 64 500 52
519 16 128 200 32
520 32 128 200 65
521 32 128 2000 92
522 32 64 500 91
523 4 128 500 66
524 64 128 1000 97
525 64 8 200 82
526 16 16 1000 52
527 32 64 1000 55
528 64 8 2000 61
529 64 128 100 30
530 64 128 200 82
531 16 64 500 41
532 4 64 2000 94
533 32 8 200 56
534 16 64 2000 97
535 16 128 500 70
536 64 16 500 81
537 32 16 100 73
538 32 64 100 57
539 16 8 100 68
540 4 64 1000 92
541 16 128 500 89
542 16 64 100 45
543 64 128 200 35
544 64 128 500 87
545 64 128 200 61
546 16 8 500 38
547 16 64 100 37
548 32 8 200 34
549 16 64 2000 91
550 64 64 100 40
551 64 16 1000 46
552 16 16 200 31
553 64 128 500 65
554 4 16 100 83
555 16 64 100 88
556 32 64 500 75
557 16 16 500 94
558 16 8 1000 90
559 16 64 2000 88
560 64 128 200 41
561 16 16 2000 55
562 16 16 1000 92
563 64 16 1000 55
564 16 128 1000 81
565 64 128 100 92
566 4 16 1000 70
567 16 16 200 52
568 64 64 1000 60
569 16 8 500 68
570 16 64 200 82
571 32 64 100 84
572 16 64 100 44
573 64 64 2000 35
574 16 64 200 92
575 16 8 2000 49
576 4 8 1000 85
577 64 16 1000 81
578 16 64 500 35
579 4 16 2000 96
580 4 16 2000 70
581 64 64 100 48
582 16 128 2000 87
583 64 8 200 41
584 16 128 200 61
585 64 128 500 84
586 4 128 100 98
587 32 16 2000 74
588 16 8 500 44
589 4 16 2000 53
590 4 8 200 42
591 64 8 200 68
592 32 64 200 57
593 32 16 500 96
594 32 128 100 63
595 32 8 500 31
596 16 16 200 45
597 4 16 100 43
598 64 8 2000 81
599 64 8 500 60
600 4 16 1000 96
601 4 64 500 97
602 32 128 500 67
603 4 64 500 53
604 32 128 100 52
605 32 16 500 68
606 32 8 100 61
607 16 128 1000 93
608 32 8 2000 66
609 32 16 2000 74
610 64 64 2000 47
611 16 128 2000 82
612 16 64 500 77
613 16 16 100 82
614 4 64 500 48
615 64 128 100 95
616 16 8 1000 52
617 32 16 500 52
618 64 128 200 35
619 64 8 200 71
620 16 64 500 40
621 16 64 200 41
622 64 128 100 72
623 64 8 200 30
624 32 8 500 97
625 4 16 200 71
626 64 64 100 60
627 64 16 2000 69
628 4 16 2000 39
629 4 16 500 53
630 64 128 2000 50
631 64 128 500 100
72
0 107 43 96
9 329 26 99
25 526 20 94
33 274 44 87
44 191 19 32
48 408 10 33
49 302 23 54
50 577 31 72
58 155 21 59
62 209 33 77
71 476 20 34
73 173 20 43
73 610 48 46
74 314 30 42
78 569 15 52
80 561 18 59
82 573 48 78
84 89 18 55
87 245 12 69
90 114 37 100
93 345 50 65
104 538 34 82
110 487 34 73
118 556 39 49
131 265 32 52
133 484 40 32
143 446 24 50
147 375 30 95
148 411 23 39
150 512 50 64
150 332 13 73
161 196 17 70
166 178 23 100
170 451 21 47
171 597 12 56
172 562 49 85
173 226 29 73
186 326 20 31
192 424 17 54
199 466 13 48
209 589 13 68
209 283 15 72
209 457 50 44
212 275 19 35
216 456 39 67
218 297 22 100
223 547 27 59
226 527 10 93
230 415 29 80
238 592 49 60
238 267 14 60
249 343 13 90
253 345 47 62
254 536 18 62
260 471 47 55
268 426 41 83
268 342 21 84
273 600 28 99
280 294 12 64
307 577 25 90
309 411 50 44
326 424 28 95
336 593 44 38
362 540 24 41
388 506 30 57
419 498 47 72
422 578 26 88
440 509 32 70
451 616 48 94
459 500 33 84
477 567 16 79
493 620 44 62