629
0 2 128 200 127
1 8 128 1000 94
2 2 16 100 92
3 8 64 100 121
4 2 64 200 97
5 8 128 1000 121
6 2 64 1000 101
7 16 64 100 121
8 8 128 100 148
9 2 128 1000 126
10 2 16 1000 126
11 16 64 500 97
12 8 64 1000 103
13 8 64 1000 148
14 2 16 100 118
15 2 16 100 108
16 2 64 300 132
17 16 16 1000 124
18 16 16 100 115
19 2 16 500 115
20 16 16 100 123
21 16 128 1000 95
22 8 16 300 113
23 8 16 1000 150
24 2 64 100 104
25 8 128 100 136
26 8 64 200 117
27 8 128 200 143
28 2 16 300 111
29 2 16 300 121
30 2 64 500 134
31 2 64 500 90
32 8 128 500 102
33 2 16 100 95
34 2 64 1000 109
35 16 16 300 146
36 8 128 500 109
37 8 16 300 128
38 8 64 1000 150
39 16 64 200 120
40 2 64 500 118
41 2 128 1000 118
42 8 128 1000 98
43 2 128 300 101
44 2 64 200 99
45 8 16 500 99
46 8 16 200 131
47 2 64 1000 98
48 2 64 300 137
49 2 16 500 145
50 16 128 200 116
51 2 64 200 110
52 2 128 500 111
53 16 128 300 150
54 2 16 100 143
55 16 16 200 112
56 16 64 1000 143
57 2 16 1000 145
58 2 16 200 116
59 2 128 100 144
60 16 64 200 139
61 8 128 500 118
62 2 128 300 97
63 8 64 200 127
64 16 16 500 141
65 2 64 300 136
66 8 16 500 125
67 8 16 100 139
68 2 128 500 119
69 8 16 500 142
70 16 16 100 113
71 8 16 500 101
72 16 16 300 141
73 8 64 500 146
74 2 64 300 104
75 8 16 200 99
76 16 128 100 108
77 2 16 1000 111
78 16 16 200 113
79 8 128 200 141
80 16 64 300 115
81 8 16 300 122
82 16 64 200 132
83 8 128 200 117
84 8 16 500 92
85 2 128 500 118
86 8 128 300 144
87 2 64 500 132
88 8 16 100 130
89 16 16 100 115
90 16 64 300 143
91 8 64 100 106
92 16 16 300 111
93 8 64 100 128
94 16 64 200 103
95 2 128 100 145
96 8 64 200 98
97 2 16 500 130
98 8 16 200 126
99 8 16 500 118
100 16 128 200 139
101 8 16 100 110
102 2 64 300 111
103 8 16 200 131
104 16 16 100 105
105 16 64 100 148
106 8 128 1000 120
107 16 64 1000 90
108 16 64 300 112
109 8 64 300 117
110 16 16 200 104
111 2 128 200 146
112 8 64 500 98
113 8 16 1000 117
114 2 64 200 118
115 8 64 500 99
116 16 16 300 116
117 8 64 500 109
118 16 64 500 135
119 2 16 300 113
120 2 128 200 116
121 2 128 500 133
122 2 64 1000 134
123 2 16 300 107
124 8 64 100 112
125 16 16 500 111
126 8 64 1000 100
127 16 64 1000 111
128 16 128 300 101
129 2 16 1000 136
130 8 128 500 119
131 8 16 1000 115
132 2 64 200 107
133 2 128 1000 112
134 16 64 500 98
135 2 64 200 128
136 16 16 500 147
137 16 64 200 147
138 8 16 200 101
139 8 64 1000 132
140 8 16 300 108
141 16 16 300 106
142 8 16 500 144
143 2 16 200 128
144 16 64 500 132
145 16 16 100 129
146 2 16 100 114
147 2 64 100 101
148 2 128 100 100
149 16 16 200 137
150 2 128 200 147
151 8 16 200 95
152 8 64 100 120
153 2 64 100 130
154 16 128 300 111
155 8 64 1000 122
156 2 64 200 135
157 8 64 200 108
158 2 16 500 101
159 8 128 200 116
160 16 128 200 123
161 8 16 1000 128
162 2 128 500 90
163 8 16 200 105
164 16 16 100 109
165 16 64 100 142
166 2 16 300 120
167 8 64 1000 117
168 16 64 300 101
169 2 64 1000 117
170 8 128 300 145
171 2 16 300 93
172 16 64 500 96
173 16 16 1000 95
174 16 128 300 113
175 8 128 100 112
176 8 64 200 94
177 2 64 100 100
178 8 16 500 91
179 16 16 200 147
180 8 128 1000 135
181 8 64 300 103
182 8 64 1000 118
183 16 64 1000 131
184 8 64 500 148
185 2 64 200 103
186 16 16 200 133
187 16 64 100 124
188 8 16 200 105
189 2 128 100 101
190 8 16 300 119
191 8 128 100 134
192 8 16 100 145
193 8 16 100 129
194 8 16 200 99
195 2 128 100 128
196 2 128 300 112
197 8 128 300 128
198 2 64 300 120
199 2 64 100 112
200 2 16 200 117
201 2 128 200 134
202 16 16 500 99
203 8 64 100 146
204 2 128 1000 137
205 8 16 200 98
206 2 128 1000 117
207 2 128 1000 107
208 16 128 200 121
209 16 16 300 146
210 2 16 100 126
211 2 64 500 123
212 2 16 100 144
213 8 128 1000 97
214 16 128 300 127
215 8 64 100 118
216 16 16 200 124
217 16 16 200 124
218 8 16 300 138
219 2 64 100 128
220 2 16 500 147
221 16 64 500 110
222 2 128 1000 146
223 2 16 300 145
224 8 16 300 108
225 16 128 100 141
226 2 128 500 143
227 16 128 300 101
228 2 64 300 150
229 2 64 200 117
230 8 128 500 137
231 16 16 300 132
232 8 128 500 142
233 8 128 300 136
234 16 64 1000 94
235 2 64 200 139
236 8 16 1000 142
237 16 128 200 93
238 8 128 200 138
239 8 128 1000 147
240 2 64 500 122
241 8 128 1000 116
242 16 16 200 95
243 8 128 200 110
244 8 128 200 119
245 2 16 1000 140
246 8 128 100 119
247 8 128 300 133
248 2 128 1000 96
249 2 64 100 114
250 16 64 300 144
251 2 64 500 141
252 8 128 200 122
253 16 16 500 92
254 2 64 500 140
255 16 128 200 150
256 2 128 200 92
257 8 64 500 146
258 8 64 200 102
259 16 64 300 133
260 16 64 100 112
261 8 16 1000 92
262 2 64 1000 96
263 16 128 1000 115
264 2 64 200 139
265 2 16 1000 106
266 8 128 100 138
267 16 64 100 125
268 16 64 200 122
269 8 16 100 143
270 2 128 300 94
271 16 128 1000 113
272 2 16 300 150
273 2 128 200 138
274 8 16 500 102
275 8 128 1000 149
276 16 128 1000 148
277 16 64 1000 111
278 16 128 1000 139
279 8 64 500 122
280 8 16 500 104
281 16 128 300 107
282 16 16 100 101
283 2 64 300 137
284 16 128 1000 121
285 2 128 500 126
286 8 64 300 92
287 16 128 200 99
288 16 64 500 90
289 8 64 100 98
290 2 128 500 148
291 8 16 1000 123
292 8 128 1000 129
293 2 64 200 140
294 2 64 500 98
295 16 16 100 130
296 8 128 500 105
297 16 16 500 100
298 16 64 100 139
299 8 16 200 136
300 8 128 200 128
301 2 16 100 141
302 2 64 200 137
303 8 64 500 133
304 2 128 200 122
305 8 16 1000 112
306 8 16 300 148
307 2 64 200 98
308 16 128 1000 103
309 8 128 500 135
310 16 64 300 114
311 16 16 100 117
312 8 128 200 105
313 8 16 500 123
314 2 64 300 112
315 16 64 200 125
316 16 64 1000 149
317 16 128 500 90
318 16 64 500 128
319 2 16 500 142
320 8 64 200 97
321 8 64 500 142
322 2 128 100 139
323 16 16 100 131
324 2 64 200 92
325 8 128 500 111
326 2 128 300 96
327 2 16 500 103
328 2 128 500 147
329 8 128 500 113
330 8 128 100 125
331 8 128 300 150
332 8 64 300 131
333 8 16 200 127
334 16 16 1000 150
335 2 16 1000 105
336 2 128 300 139
337 2 128 200 117
338 2 128 500 123
339 16 128 100 118
340 16 64 1000 92
341 2 16 1000 121
342 8 128 200 113
343 2 64 500 147
344 8 64 200 91
345 16 64 300 149
346 16 64 300 144
347 2 64 300 93
348 2 64 200 110
349 16 64 1000 101
350 8 128 300 107
351 2 64 300 148
352 2 128 1000 105
353 2 64 300 95
354 8 16 1000 99
355 16 128 300 133
356 8 64 300 143
357 8 128 200 141
358 2 16 200 139
359 2 64 200 149
360 2 16 1000 128
361 16 128 300 90
362 16 16 300 125
363 16 64 100 132
364 16 64 1000 112
365 16 128 1000 131
366 16 16 200 127
367 2 64 100 118
368 2 64 1000 92
369 8 16 1000 95
370 8 128 1000 103
371 2 16 200 135
372 16 64 100 118
373 2 16 200 127
374 16 128 200 138
375 8 16 500 146
376 8 64 500 100
377 2 128 300 138
378 16 16 200 147
379 8 64 200 91
380 16 64 300 122
381 2 64 300 95
382 2 16 300 144
383 2 64 500 117
384 8 64 500 98
385 8 64 500 104
386 16 16 500 95
387 16 128 300 146
388 8 64 1000 147
389 16 128 500 101
390 2 128 300 91
391 16 128 300 140
392 8 16 1000 98
393 8 128 500 108
394 8 16 1000 92
395 16 128 200 123
396 2 128 1000 92
397 8 128 200 138
398 16 64 200 129
399 16 128 200 150
400 8 16 300 111
401 2 16 100 114
402 8 128 300 108
403 16 128 1000 102
404 2 128 200 136
405 8 16 200 95
406 8 64 1000 143
407 2 128 100 91
408 16 16 200 145
409 16 16 100 111
410 16 64 200 92
411 16 128 500 90
412 8 128 1000 119
413 8 16 1000 90
414 2 128 200 108
415 16 128 500 117
416 16 128 300 109
417 16 16 500 111
418 16 128 300 123
419 2 64 200 102
420 2 16 200 90
421 8 64 100 116
422 2 16 1000 126
423 2 128 1000 121
424 16 128 100 96
425 16 128 100 106
426 2 64 100 125
427 2 128 200 122
428 16 128 200 139
429 8 64 1000 97
430 2 64 1000 148
431 16 128 200 130
432 8 16 1000 109
433 16 128 200 123
434 2 64 200 109
435 2 64 1000 123
436 16 16 300 144
437 2 16 200 143
438 2 64 1000 123
439 8 64 500 101
440 2 16 500 139
441 2 16 300 98
442 8 64 1000 134
443 8 16 100 91
444 2 128 1000 132
445 16 64 300 102
446 2 128 300 125
447 2 128 500 122
448 2 128 300 119
449 16 64 1000 91
450 8 128 200 115
451 8 16 100 94
452 8 64 1000 108
453 16 16 500 142
454 8 16 300 106
455 2 128 100 139
456 16 16 100 108
457 16 64 200 94
458 2 16 1000 92
459 16 128 500 92
460 8 64 1000 98
461 16 16 1000 103
462 8 128 500 115
463 8 128 100 110
464 16 128 1000 108
465 2 128 300 110
466 8 16 1000 123
467 8 64 300 146
468 2 16 200 130
469 2 64 500 135
470 8 64 500 125
471 16 128 500 112
472 16 16 100 96
473 2 64 300 144
474 2 64 500 142
475 8 16 100 117
476 2 64 300 91
477 8 16 200 135
478 8 64 500 100
479 2 64 300 105
480 16 128 300 106
481 16 64 300 113
482 8 128 100 146
483 8 128 200 115
484 16 64 500 138
485 2 16 1000 123
486 2 16 1000 134
487 16 128 100 99
488 8 64 500 122
489 8 64 1000 144
490 2 128 100 104
491 16 16 300 145
492 16 64 100 96
493 8 64 200 128
494 8 64 1000 145
495 8 64 100 101
496 2 64 300 96
497 16 64 300 91
498 8 128 500 110
499 2 128 300 119
500 16 16 500 119
501 16 128 200 149
502 2 128 1000 100
503 2 16 100 144
504 16 16 500 134
505 16 64 200 138
506 16 128 100 96
507 8 128 300 143
508 2 16 200 94
509 2 16 200 101
510 8 128 100 92
511 2 16 300 99
512 8 128 500 145
513 16 128 1000 125
514 16 128 100 139
515 16 128 1000 115
516 16 128 100 129
517 8 16 200 99
518 8 128 1000 118
519 8 16 100 141
520 2 16 100 118
521 8 16 300 92
522 2 64 500 102
523 16 64 1000 101
524 8 64 100 135
525 16 64 1000 115
526 16 64 500 125
527 8 64 1000 138
528 8 16 300 94
529 16 16 500 115
530 2 16 100 116
531 8 128 500 129
532 16 64 500 116
533 2 64 200 125
534 16 64 300 130
535 16 16 200 97
536 16 16 1000 102
537 16 64 300 127
538 2 64 200 146
539 8 128 500 146
540 16 64 1000 149
541 8 16 500 130
542 8 128 100 147
543 16 128 200 147
544 2 64 200 118
545 16 64 300 99
546 16 64 1000 138
547 2 128 200 115
548 8 128 500 135
549 2 16 100 131
550 8 16 500 128
551 8 128 100 146
552 8 64 100 117
553 2 64 1000 150
554 2 16 100 124
555 2 64 100 138
556 16 64 100 143
557 8 64 1000 93
558 8 16 500 96
559 8 16 100 120
560 8 64 200 118
561 2 16 200 137
562 2 64 100 91
563 8 16 100 146
564 8 16 300 149
565 8 128 1000 143
566 16 64 500 113
567 16 64 500 93
568 8 64 100 129
569 8 128 500 133
570 8 128 100 96
571 16 64 100 142
572 8 128 300 91
573 2 16 300 128
574 2 64 200 90
575 2 128 100 97
576 8 16 100 147
577 16 128 500 147
578 2 16 300 94
579 8 64 200 138
580 16 16 1000 141
581 8 16 1000 141
582 2 16 500 133
583 8 128 500 144
584 8 128 100 149
585 8 16 1000 93
586 2 128 500 147
587 2 64 1000 120
588 2 16 500 106
589 2 16 200 130
590 2 128 1000 110
591 16 16 200 113
592 8 64 300 90
593 16 128 300 140
594 8 64 300 119
595 8 64 500 110
596 16 64 500 107
597 8 16 1000 96
598 2 64 300 123
599 8 16 300 130
600 2 128 1000 91
601 2 16 500 122
602 2 64 200 104
603 2 128 100 123
604 2 128 100 134
605 2 64 200 103
606 16 64 300 106
607 2 16 300 119
608 2 16 300 146
609 16 128 200 146
610 16 128 1000 137
611 16 64 500 147
612 16 16 200 117
613 16 128 500 92
614 16 128 300 139
615 2 128 500 96
616 8 16 1000 112
617 16 64 100 111
618 2 128 200 137
619 16 64 100 134
620 8 16 100 125
621 2 128 1000 105
622 16 16 1000 111
623 8 16 200 110
624 2 128 300 90
625 16 128 300 132
626 8 64 300 109
627 16 16 300 121
628 8 16 200 104
1
22 420 68 126