134
0 8 32 5000 182
1 8 128 5000 92
2 8 320 1000 187
3 8 32 5000 90
4 8 32 400 173
5 32 128 400 150
6 8 320 800 128
7 8 32 2000 102
8 8 128 1000 179
9 8 128 5000 117
10 32 320 5000 196
11 8 128 400 150
12 8 32 1000 154
13 8 32 800 193
14 32 320 800 124
15 8 32 1000 155
16 32 128 800 183
17 32 32 400 171
18 8 32 5000 105
19 8 32 5000 192
20 32 128 2000 163
21 32 32 5000 175
22 32 32 1000 192
23 8 128 2000 169
24 8 128 1000 164
25 8 32 1000 156
26 8 128 1000 190
27 8 320 1000 197
28 32 320 2000 115
29 32 128 1000 107
30 32 128 800 151
31 32 32 1000 184
32 32 32 2000 160
33 8 32 1000 103
34 32 128 2000 122
35 8 128 5000 192
36 8 32 2000 189
37 32 320 400 99
38 8 320 400 155
39 8 128 5000 189
40 8 128 400 110
41 32 320 5000 97
42 32 128 2000 168
43 8 320 5000 91
44 32 128 400 149
45 32 128 2000 149
46 32 320 5000 159
47 32 128 1000 119
48 8 320 1000 108
49 32 128 800 162
50 8 320 400 178
51 32 32 2000 123
52 32 32 2000 193
53 8 128 5000 162
54 32 320 2000 185
55 8 128 400 110
56 32 32 800 118
57 8 32 5000 156
58 32 32 1000 186
59 32 32 5000 199
60 32 320 400 194
61 32 32 800 165
62 8 128 5000 188
63 8 128 2000 158
64 8 32 2000 119
65 8 32 5000 93
66 8 320 400 197
67 8 320 400 100
68 32 128 400 144
69 8 128 400 186
70 32 320 1000 156
71 32 32 1000 184
72 32 32 1000 191
73 32 320 1000 178
74 8 320 400 135
75 8 320 1000 144
76 32 320 800 130
77 32 320 1000 110
78 32 128 400 186
79 8 32 1000 198
80 8 128 5000 157
81 32 128 1000 97
82 32 320 2000 194
83 32 320 1000 198
84 32 32 5000 117
85 8 320 800 98
86 32 320 1000 132
87 8 32 1000 187
88 8 32 800 196
89 8 320 800 200
90 8 32 5000 109
91 32 128 5000 116
92 8 128 1000 110
93 32 128 2000 198
94 32 128 1000 155
95 32 128 5000 129
96 32 320 400 179
97 8 320 1000 165
98 8 32 5000 141
99 8 320 400 139
100 8 320 1000 193
101 8 128 400 189
102 8 128 800 126
103 32 320 400 185
104 8 32 800 164
105 32 320 800 135
106 8 32 5000 187
107 32 128 400 161
108 32 32 800 148
109 32 128 5000 151
110 8 32 1000 180
111 32 32 800 139
112 32 32 5000 121
113 32 128 800 175
114 32 320 5000 179
115 8 320 1000 106
116 32 320 400 198
117 32 32 400 188
118 32 32 2000 152
119 32 320 1000 118
120 8 320 1000 114
121 8 320 2000 156
122 32 32 1000 101
123 32 32 800 101
124 32 320 400 188
125 32 320 800 116
126 8 128 1000 180
127 32 128 800 139
128 32 32 2000 173
129 32 128 5000 168
130 8 320 2000 139
131 32 128 400 107
132 8 128 5000 139
133 32 320 800 165
30
0 78 66 106
3 72 49 95
5 87 70 126
6 119 63 106
7 89 41 140
17 45 50 143
25 95 49 171
28 87 44 181
30 56 63 163
32 48 68 119
34 105 61 120
36 91 67 154
36 93 41 139
38 105 43 110
47 114 59 157
47 121 69 152
56 121 66 141
58 127 65 157
61 101 52 146
64 113 50 159
68 84 68 96
73 122 55 139
73 104 56 91
78 121 67 172
84 96 70 141
87 134 47 109
96 124 48 190
107 121 60 152
111 126 40 101
115 132 67 138