504
0 128 64 800 191
1 32 16 500 96
2 64 16 1000 162
3 128 16 800 150
4 64 256 500 95
5 64 256 800 155
6 64 256 1000 113
7 64 128 2400 93
8 128 128 1000 164
9 32 64 2400 143
10 64 256 2400 112
11 64 256 500 191
12 16 256 5000 165
13 32 256 2400 145
14 16 128 500 166
15 128 64 2400 120
16 64 64 1000 113
17 16 64 2400 136
18 64 256 800 114
19 32 64 2400 153
20 32 256 500 94
21 128 128 2400 198
22 32 256 1000 175
23 64 64 800 155
24 16 16 5000 158
25 16 128 2400 160
26 64 64 1000 130
27 128 64 1000 185
28 64 64 500 119
29 32 256 5000 165
30 64 64 5000 145
31 16 16 1000 171
32 32 16 5000 187
33 16 64 5000 154
34 64 64 5000 143
35 32 128 1000 91
36 64 64 500 100
37 64 16 500 140
38 32 256 500 132
39 16 128 5000 95
40 16 128 500 144
41 32 256 1000 175
42 32 64 500 90
43 16 128 1000 182
44 16 128 500 159
45 128 256 1000 94
46 64 64 500 99
47 32 16 800 131
48 16 16 2400 130
49 32 16 1000 142
50 16 256 5000 137
51 64 256 500 131
52 32 16 800 128
53 128 128 1000 139
54 64 64 800 126
55 32 16 1000 120
56 32 128 2400 199
57 32 256 800 197
58 128 128 5000 166
59 32 64 800 108
60 16 16 800 153
61 16 64 500 186
62 128 256 800 153
63 16 256 500 170
64 128 128 2400 94
65 128 16 500 122
66 16 64 800 139
67 64 256 800 111
68 16 128 1000 156
69 64 256 800 168
70 32 64 2400 127
71 16 16 2400 110
72 16 16 2400 92
73 16 16 800 191
74 32 64 2400 173
75 64 16 800 164
76 64 128 500 186
77 64 128 500 146
78 64 128 1000 149
79 64 16 2400 104
80 16 16 1000 149
81 32 256 5000 148
82 128 64 800 169
83 32 64 800 149
84 16 256 500 195
85 128 16 2400 192
86 16 256 5000 114
87 16 64 1000 137
88 32 16 800 144
89 32 128 800 131
90 64 128 500 135
91 16 64 500 170
92 128 256 1000 160
93 16 64 2400 117
94 128 256 5000 192
95 16 16 1000 174
96 16 128 2400 123
97 32 16 500 123
98 64 64 1000 122
99 16 256 500 93
100 32 256 500 153
101 32 128 800 99
102 128 64 2400 111
103 32 16 800 165
104 32 16 800 178
105 16 64 1000 136
106 16 128 2400 94
107 128 16 500 90
108 64 64 500 106
109 128 256 1000 165
110 16 64 800 116
111 128 16 500 134
112 16 256 2400 170
113 32 256 800 200
114 32 16 800 198
115 16 16 800 101
116 16 128 1000 182
117 128 16 5000 108
118 32 256 2400 122
119 32 256 5000 172
120 64 256 5000 168
121 64 256 500 160
122 128 16 1000 108
123 128 128 2400 137
124 64 128 500 103
125 128 256 2400 98
126 64 16 2400 102
127 16 128 800 128
128 128 256 800 95
129 128 64 5000 109
130 128 16 2400 109
131 128 128 1000 112
132 32 128 5000 146
133 64 64 2400 144
134 16 64 2400 162
135 32 64 800 91
136 32 128 5000 90
137 32 64 1000 100
138 16 256 500 192
139 64 256 1000 182
140 16 128 800 148
141 64 64 500 172
142 32 16 500 113
143 32 256 500 168
144 64 64 800 164
145 128 16 2400 184
146 32 64 1000 95
147 128 128 5000 110
148 32 256 5000 124
149 32 128 800 144
150 32 64 800 96
151 32 16 500 90
152 64 256 2400 151
153 16 16 2400 159
154 32 128 5000 187
155 32 64 2400 103
156 128 16 800 137
157 32 128 500 142
158 16 128 500 138
159 16 256 5000 180
160 64 128 500 169
161 64 16 500 142
162 32 128 2400 145
163 16 256 5000 198
164 64 128 1000 102
165 16 16 800 192
166 128 64 5000 132
167 128 64 500 150
168 32 16 1000 175
169 64 128 2400 196
170 64 256 5000 129
171 128 64 500 125
172 64 128 2400 133
173 64 16 500 135
174 32 64 1000 183
175 128 16 2400 129
176 128 256 5000 130
177 64 128 2400 177
178 64 64 800 110
179 16 128 500 149
180 128 16 800 150
181 16 64 800 180
182 32 128 500 149
183 32 128 5000 153
184 64 16 500 194
185 128 256 500 99
186 128 64 500 145
187 64 128 500 119
188 128 256 500 149
189 128 256 2400 166
190 32 256 500 137
191 128 128 5000 153
192 128 256 2400 135
193 64 16 1000 115
194 64 64 5000 177
195 16 256 800 93
196 128 64 5000 157
197 16 16 2400 198
198 32 256 1000 103
199 128 64 800 112
200 32 256 800 170
201 64 16 1000 122
202 64 256 800 171
203 128 128 800 170
204 64 64 800 131
205 128 64 500 173
206 16 64 1000 91
207 32 256 500 122
208 16 16 5000 146
209 16 256 5000 118
210 16 256 800 108
211 32 16 500 180
212 16 64 2400 96
213 128 16 500 129
214 64 16 1000 181
215 64 64 500 146
216 64 64 5000 105
217 32 64 2400 155
218 64 256 2400 191
219 32 128 800 97
220 128 64 2400 145
221 32 64 2400 118
222 128 64 800 168
223 128 256 1000 103
224 32 64 800 189
225 32 64 2400 127
226 64 256 500 133
227 64 128 800 94
228 128 128 500 184
229 64 64 2400 163
230 64 64 500 114
231 128 128 500 173
232 64 256 2400 198
233 32 256 500 112
234 16 128 5000 158
235 128 128 800 160
236 64 256 500 114
237 32 64 500 199
238 32 128 5000 117
239 16 64 1000 121
240 16 16 500 173
241 64 128 500 135
242 32 128 500 199
243 32 16 800 173
244 32 16 5000 185
245 64 16 2400 192
246 16 256 800 140
247 64 16 2400 113
248 128 256 1000 106
249 32 64 5000 94
250 64 128 1000 198
251 128 256 500 147
252 128 256 800 138
253 128 128 800 174
254 16 256 800 163
255 64 128 1000 194
256 128 256 500 153
257 64 128 2400 162
258 64 256 500 187
259 128 64 800 172
260 16 64 1000 159
261 128 256 2400 133
262 32 64 5000 98
263 128 64 2400 198
264 16 128 5000 136
265 128 256 5000 134
266 64 64 5000 126
267 64 16 500 164
268 16 16 500 142
269 16 256 1000 167
270 16 16 500 108
271 64 256 500 148
272 64 64 1000 100
273 128 128 1000 136
274 128 128 2400 139
275 64 64 500 122
276 128 16 2400 151
277 16 128 1000 178
278 32 64 800 97
279 32 256 2400 189
280 128 128 2400 196
281 128 16 5000 145
282 64 256 500 105
283 16 128 5000 162
284 128 256 500 179
285 16 256 5000 176
286 32 256 2400 181
287 16 128 800 191
288 32 64 500 108
289 32 128 2400 159
290 128 128 1000 129
291 16 16 2400 150
292 64 16 2400 96
293 32 256 1000 108
294 128 256 2400 126
295 64 16 800 116
296 16 128 800 138
297 32 16 1000 161
298 32 64 2400 170
299 64 256 5000 120
300 32 64 800 123
301 16 16 800 135
302 16 256 5000 98
303 128 256 500 160
304 64 128 1000 104
305 64 256 5000 182
306 16 256 500 179
307 16 64 2400 126
308 16 256 800 193
309 32 64 1000 193
310 64 64 1000 124
311 64 16 500 150
312 32 128 2400 121
313 128 256 5000 96
314 64 64 800 193
315 32 128 800 165
316 32 16 5000 129
317 32 16 500 119
318 32 128 1000 109
319 128 128 2400 173
320 16 16 5000 181
321 16 64 2400 134
322 128 16 500 140
323 64 16 5000 169
324 64 256 5000 167
325 64 16 500 122
326 32 16 500 147
327 64 128 500 169
328 32 16 2400 191
329 16 16 500 195
330 32 256 800 187
331 32 64 5000 109
332 32 16 2400 167
333 128 256 5000 124
334 16 16 5000 137
335 16 64 500 142
336 64 256 5000 172
337 64 64 1000 157
338 128 16 5000 122
339 64 128 5000 189
340 64 256 1000 171
341 128 16 2400 93
342 128 16 800 184
343 64 16 500 162
344 64 16 500 170
345 16 16 1000 103
346 32 256 1000 140
347 128 256 500 96
348 128 256 2400 114
349 16 64 800 135
350 32 256 1000 162
351 64 16 500 147
352 32 128 1000 188
353 128 64 1000 177
354 32 256 800 151
355 128 128 800 184
356 64 256 2400 191
357 128 256 500 150
358 64 256 800 156
359 128 256 800 173
360 32 64 500 99
361 32 64 5000 148
362 32 128 800 93
363 16 16 800 155
364 64 256 800 155
365 128 64 5000 140
366 128 128 1000 124
367 16 256 1000 108
368 128 64 5000 162
369 32 64 500 154
370 16 16 800 136
371 16 256 500 183
372 16 128 2400 165
373 32 64 2400 148
374 32 64 800 168
375 128 16 1000 151
376 128 64 1000 147
377 128 128 5000 152
378 32 256 500 175
379 128 64 800 110
380 64 128 2400 153
381 16 256 2400 189
382 64 256 2400 133
383 16 16 1000 176
384 128 128 1000 99
385 32 64 5000 189
386 16 256 800 106
387 32 16 2400 108
388 64 128 2400 104
389 16 256 500 95
390 32 128 800 170
391 32 256 1000 188
392 64 16 2400 120
393 128 64 500 127
394 64 256 2400 129
395 64 256 1000 134
396 16 64 500 111
397 32 64 2400 192
398 16 256 500 184
399 128 16 2400 91
400 64 64 800 100
401 32 64 2400 151
402 64 128 1000 113
403 64 64 2400 186
404 32 256 2400 114
405 16 16 1000 152
406 16 64 2400 169
407 16 128 500 119
408 16 256 5000 141
409 128 128 500 170
410 16 256 1000 169
411 128 128 500 102
412 64 128 800 134
413 32 128 800 114
414 64 16 800 169
415 16 128 2400 164
416 128 16 800 112
417 16 128 2400 96
418 16 256 500 154
419 64 16 5000 172
420 32 256 5000 186
421 32 16 800 149
422 16 256 5000 181
423 128 16 800 134
424 16 256 5000 168
425 128 128 500 117
426 128 128 2400 190
427 16 16 800 102
428 64 16 500 96
429 64 16 2400 97
430 128 128 5000 172
431 32 256 800 154
432 64 256 2400 113
433 64 16 2400 195
434 128 128 1000 190
435 128 64 5000 192
436 64 16 5000 128
437 128 16 500 156
438 64 256 2400 187
439 16 16 1000 131
440 32 256 800 148
441 32 16 2400 137
442 32 16 2400 102
443 64 128 1000 157
444 64 16 1000 198
445 128 16 1000 190
446 32 16 800 196
447 32 128 2400 142
448 64 256 2400 198
449 64 16 5000 175
450 64 256 500 162
451 64 64 5000 126
452 16 16 2400 197
453 64 64 1000 111
454 32 128 800 164
455 16 64 5000 160
456 128 64 1000 112
457 128 16 500 199
458 128 16 800 108
459 128 64 500 126
460 64 64 500 171
461 32 64 800 187
462 128 128 800 105
463 64 64 2400 155
464 64 16 2400 180
465 64 128 500 159
466 16 16 5000 124
467 16 128 5000 139
468 128 256 5000 154
469 32 256 2400 185
470 128 256 800 190
471 32 16 1000 184
472 32 128 5000 148
473 64 256 800 194
474 16 128 2400 133
475 16 16 2400 115
476 64 256 5000 97
477 16 128 5000 125
478 16 256 800 112
479 16 128 1000 111
480 128 128 800 159
481 64 256 1000 187
482 128 16 1000 169
483 64 64 2400 138
484 128 256 1000 156
485 16 16 500 103
486 32 256 2400 123
487 16 128 800 197
488 32 128 1000 133
489 16 256 1000 124
490 16 64 500 111
491 16 256 2400 199
492 32 64 1000 122
493 128 64 5000 91
494 64 256 500 125
495 64 16 500 106
496 16 256 1000 195
497 64 256 800 106
498 128 64 800 154
499 16 16 2400 111
500 128 256 1000 97
501 32 128 500 120
502 128 64 2400 107
503 32 128 800 103
262
0 306 60 177
1 246 49 192
2 442 62 181
3 254 68 91
4 169 59 193
7 358 44 91
8 411 51 189
8 410 52 181
10 127 70 134
12 169 51 130
12 95 43 150
13 186 43 188
16 103 52 175
18 340 68 118
19 136 61 193
19 114 59 200
20 228 68 199
21 163 64 123
24 504 67 139
24 292 54 179
25 87 69 196
27 494 40 139
27 59 48 146
27 377 59 109
28 210 67 149
28 277 55 184
28 475 49 94
29 140 69 114
29 479 68 140
29 403 61 144
30 106 64 149
31 218 56 149
34 207 64 149
35 472 59 95
37 74 58 175
37 172 52 122
38 385 54 95
38 328 57 103
38 329 69 94
39 225 56 111
40 435 60 189
40 265 42 184
42 108 60 155
43 188 60 174
44 134 70 126
47 105 48 188
47 54 52 109
50 438 68 101
54 81 47 137
55 168 70 182
55 319 64 133
56 93 45 152
58 266 63 117
58 429 59 164
58 241 70 183
59 440 53 137
59 330 58 119
62 469 43 164
67 113 65 162
67 238 65 95
68 473 57 185
68 345 54 95
69 404 66 156
69 226 62 120
76 298 46 175
78 167 66 166
78 102 67 142
79 504 67 95
79 466 61 169
80 388 44 111
83 385 50 144
84 216 70 184
85 314 53 116
85 258 57 184
85 357 57 195
86 176 60 150
88 341 48 165
88 182 65 111
90 320 56 113
92 387 49 187
96 114 67 124
100 389 65 148
100 478 56 154
102 441 54 188
102 482 41 170
103 198 50 199
105 142 48 112
107 159 55 103
109 153 59 140
111 232 49 107
111 245 40 169
111 269 60 199
112 459 52 200
113 480 51 153
116 430 60 97
117 497 47 163
117 276 57 183
118 223 48 154
119 248 46 153
119 279 65 157
120 199 49 191
121 381 61 153
123 252 68 121
127 477 44 95
127 438 63 121
128 503 51 97
129 236 50 198
130 273 51 108
130 348 70 97
131 331 61 174
133 249 42 166
133 255 69 186
133 309 50 200
136 473 47 115
137 380 50 99
137 174 63 120
141 221 53 146
141 323 53 163
141 311 58 108
141 437 48 103
143 265 51 137
143 475 56 97
143 180 58 118
144 348 41 139
146 387 44 118
150 376 56 179
151 264 53 103
151 487 42 128
153 212 67 126
156 284 47 194
157 502 47 95
159 434 57 99
163 277 40 182
163 485 68 156
166 504 47 114
166 362 53 163
166 430 40 117
166 444 62 156
168 307 66 98
170 472 63 155
170 406 67 187
171 205 41 109
172 439 61 95
172 350 43 132
173 182 47 109
175 411 68 100
176 333 46 172
177 186 42 151
179 222 52 193
182 357 64 100
183 270 68 123
184 340 40 153
186 478 57 179
186 348 61 174
187 316 64 154
187 425 52 178
187 355 66 174
189 361 69 165
192 305 50 118
194 481 44 136
196 397 52 156
198 464 56 186
201 381 58 195
202 443 60 145
204 263 60 187
205 281 55 112
207 220 58 185
207 389 51 184
208 415 53 136
211 382 70 100
211 370 46 120
211 329 59 108
212 239 66 130
212 458 40 123
213 271 64 151
215 439 60 107
215 473 67 182
216 426 59 137
216 304 64 196
219 419 65 195
223 369 66 189
225 361 43 188
228 449 43 109
229 276 50 99
230 470 66 109
231 327 62 124
233 459 47 194
235 372 48 104
235 421 63 122
238 315 66 143
238 453 53 145
240 406 70 139
240 337 66 99
243 336 65 157
251 433 68 105
253 291 66 106
254 377 62 158
257 501 68 178
258 329 66 156
261 489 56 151
267 373 53 148
267 422 42 168
268 434 49 157
275 291 70 177
280 407 68 119
280 425 46 105
284 358 64 111
286 460 41 136
290 297 43 90
291 328 64 110
292 419 59 181
293 453 68 101
298 313 49 122
301 324 65 154
302 424 54 146
302 427 46 191
310 426 59 116
315 332 68 174
315 357 58 115
316 385 43 179
316 373 63 177
317 367 65 90
324 417 57 171
328 410 59 198
329 369 67 200
343 349 49 92
344 427 64 96
344 485 55 200
345 409 48 97
351 465 53 112
353 457 42 193
358 372 63 166
359 447 62 140
364 383 42 95
373 455 45 154
373 440 66 144
378 405 48 145
379 395 48 179
380 460 45 145
381 494 47 187
387 448 44 199
392 393 51 162
393 414 40 106
394 395 40 102
397 450 46 171
399 491 54 149
400 472 46 197
400 458 54 195
404 470 67 172
405 429 56 193
415 438 57 132
420 480 41 157
425 495 40 193
428 449 58 102
435 446 49 181
445 467 61 91
448 481 54 110
448 501 41 156
460 499 49 148
463 486 44 161
473 492 41 198
492 494 50 117