79
0 8 320 800 123
1 32 128 800 138
2 32 320 800 182
3 8 32 400 120
4 8 320 800 95
5 8 320 400 110
6 32 128 800 127
7 8 128 2000 159
8 32 32 400 167
9 8 32 400 193
10 32 128 400 192
11 32 32 5000 196
12 32 128 1000 96
13 32 128 5000 175
14 8 320 1000 189
15 8 128 400 181
16 32 320 1000 136
17 8 32 800 160
18 32 320 1000 176
19 8 32 2000 139
20 32 320 1000 105
21 32 32 5000 95
22 8 32 400 198
23 32 128 1000 186
24 8 128 400 170
25 8 320 5000 132
26 32 32 1000 162
27 8 320 5000 192
28 32 32 1000 184
29 8 128 2000 169
30 8 128 5000 194
31 32 32 2000 102
32 8 128 5000 144
33 32 32 2000 120
34 32 320 5000 103
35 32 320 2000 101
36 8 128 1000 169
37 8 128 400 173
38 8 32 800 110
39 32 128 800 103
40 32 128 800 169
41 32 128 400 136
42 8 32 800 155
43 8 128 2000 120
44 32 32 1000 195
45 8 32 400 186
46 32 128 5000 152
47 32 128 5000 107
48 32 128 800 142
49 32 320 800 131
50 32 32 5000 108
51 32 320 400 171
52 32 320 2000 101
53 8 32 1000 94
54 8 32 1000 190
55 32 128 800 191
56 32 320 5000 171
57 8 32 800 181
58 8 320 2000 155
59 32 128 800 157
60 8 128 400 140
61 32 32 1000 132
62 32 320 400 168
63 32 32 5000 97
64 8 32 800 96
65 8 320 5000 129
66 8 32 800 96
67 32 128 400 199
68 32 128 5000 169
69 32 320 800 106
70 8 128 800 117
71 32 32 2000 145
72 32 320 2000 124
73 32 128 400 109
74 8 128 2000 146
75 32 320 2000 118
76 8 128 1000 185
77 8 128 5000 189
78 8 32 1000 140
4
6 46 59 171
6 66 45 129
11 18 45 113
29 47 70 134