229
0 16 16 800 190
1 16 256 800 129
2 32 16 800 182
3 16 16 800 113
4 128 128 5000 195
5 64 256 2400 148
6 128 16 5000 156
7 32 64 500 146
8 128 16 2400 128
9 64 256 2400 116
10 64 128 5000 182
11 16 128 500 177
12 64 256 5000 94
13 16 64 800 132
14 16 256 5000 123
15 64 256 2400 105
16 16 256 2400 197
17 128 16 2400 196
18 16 128 2400 138
19 64 128 5000 128
20 16 64 1000 114
21 32 64 2400 104
22 32 16 1000 183
23 128 64 2400 165
24 128 16 500 166
25 16 256 1000 93
26 32 64 1000 173
27 16 256 5000 188
28 128 16 800 135
29 128 16 2400 183
30 64 256 500 198
31 16 16 5000 178
32 64 16 800 127
33 128 64 5000 174
34 32 64 5000 176
35 16 256 1000 197
36 16 128 800 188
37 32 16 2400 137
38 64 64 2400 164
39 32 64 1000 176
40 32 256 500 167
41 128 64 800 192
42 128 128 5000 160
43 128 256 1000 167
44 16 64 2400 191
45 16 64 800 97
46 32 256 800 113
47 64 16 500 147
48 16 128 1000 194
49 16 256 500 107
50 64 256 1000 179
51 64 64 500 138
52 128 128 5000 171
53 32 128 800 190
54 64 128 800 141
55 64 64 800 108
56 64 128 1000 118
57 128 256 2400 158
58 16 16 800 169
59 16 256 5000 179
60 128 256 500 122
61 64 256 800 96
62 32 128 500 150
63 32 128 800 179
64 64 128 500 166
65 16 16 5000 174
66 16 128 500 120
67 32 16 1000 159
68 32 64 2400 186
69 64 256 5000 119
70 64 16 1000 142
71 128 16 1000 97
72 16 16 5000 166
73 64 256 500 93
74 64 16 500 136
75 16 256 5000 95
76 128 256 800 147
77 32 256 5000 129
78 64 16 1000 115
79 64 128 1000 110
80 64 128 2400 135
81 16 16 800 148
82 128 128 800 191
83 64 128 5000 116
84 64 128 2400 111
85 32 16 2400 179
86 128 128 2400 154
87 16 16 5000 94
88 16 64 800 110
89 32 64 2400 176
90 16 16 1000 184
91 16 64 500 132
92 32 64 500 90
93 32 16 500 158
94 32 16 500 162
95 128 128 5000 164
96 128 16 500 134
97 128 64 5000 174
98 128 128 1000 151
99 64 16 500 137
100 32 128 500 170
101 128 128 5000 146
102 32 256 800 197
103 16 128 500 123
104 16 128 500 111
105 16 128 2400 161
106 64 64 2400 129
107 32 128 2400 103
108 128 64 2400 178
109 32 128 500 127
110 128 128 500 133
111 64 128 1000 181
112 128 64 800 131
113 128 64 500 111
114 16 16 2400 183
115 16 64 500 128
116 64 128 800 200
117 32 256 2400 177
118 64 16 1000 107
119 64 256 1000 199
120 64 128 1000 143
121 16 128 5000 164
122 64 128 800 121
123 64 128 5000 160
124 64 256 800 129
125 32 64 2400 153
126 32 16 500 98
127 128 16 500 143
128 64 256 5000 163
129 16 256 500 132
130 64 16 800 133
131 32 16 500 110
132 128 16 500 111
133 16 16 1000 181
134 16 128 800 130
135 32 16 800 147
136 64 16 1000 173
137 128 256 800 142
138 64 16 500 153
139 128 256 2400 198
140 64 16 500 150
141 16 16 800 176
142 64 16 500 154
143 16 64 2400 98
144 32 128 5000 94
145 32 256 500 126
146 64 16 800 102
147 32 64 1000 96
148 64 128 5000 188
149 128 256 5000 141
150 16 64 2400 163
151 128 16 2400 152
152 128 16 2400 182
153 16 128 2400 95
154 128 256 1000 187
155 64 256 800 133
156 32 16 5000 108
157 128 16 2400 197
158 128 128 500 190
159 128 16 5000 92
160 64 256 2400 140
161 64 256 1000 124
162 32 128 2400 126
163 128 256 5000 124
164 128 256 2400 159
165 128 128 800 151
166 128 128 500 118
167 128 256 500 187
168 32 128 500 110
169 32 256 2400 170
170 128 256 1000 129
171 32 64 500 116
172 16 64 5000 93
173 128 256 5000 189
174 64 256 5000 173
175 16 256 5000 145
176 32 256 500 186
177 16 16 800 197
178 16 16 1000 169
179 64 16 2400 130
180 64 64 2400 102
181 128 128 500 124
182 128 16 2400 176
183 128 16 1000 192
184 32 16 2400 138
185 32 128 500 141
186 128 256 500 161
187 32 256 500 101
188 128 256 800 107
189 16 256 1000 148
190 64 128 2400 112
191 64 256 2400 154
192 32 64 1000 167
193 64 16 500 190
194 16 256 5000 102
195 32 128 5000 196
196 32 256 500 118
197 128 16 800 97
198 128 256 500 136
199 128 128 800 189
200 16 256 800 127
201 64 256 5000 168
202 16 128 2400 199
203 32 256 1000 144
204 32 64 5000 195
205 32 16 2400 167
206 16 256 800 93
207 128 64 5000 159
208 32 64 500 106
209 64 64 800 146
210 32 256 2400 138
211 16 128 1000 95
212 128 128 2400 90
213 64 256 5000 131
214 128 16 500 190
215 128 64 5000 184
216 128 128 2400 143
217 128 16 5000 125
218 16 16 5000 180
219 128 64 5000 146
220 128 128 1000 118
221 64 16 800 139
222 64 64 5000 99
223 16 16 500 147
224 16 256 2400 193
225 32 256 500 161
226 32 64 2400 175
227 64 64 500 100
228 128 16 2400 142
22
3 13 67 175
9 227 51 125
9 168 58 200
17 196 68 136
18 43 59 142
18 114 48 104
26 38 58 160
26 136 62 164
34 101 51 146
38 102 62 123
44 131 49 154
45 196 54 134
45 54 44 135
48 171 58 128
49 99 67 190
60 223 58 177
82 193 54 181
89 223 43 178
94 103 58 184
99 163 65 121
107 211 55 169
122 156 44 185