810
0 2 16 50 86
1 16 4 100 64
2 16 2 100 72
3 8 16 100 92
4 16 64 100 54
5 2 16 150 77
6 8 16 50 64
7 8 16 200 70
8 2 4 200 73
9 16 64 50 96
10 2 64 200 83
11 2 16 50 75
12 16 64 100 60
13 8 2 100 79
14 8 2 50 70
15 16 4 100 69
16 2 2 100 54
17 16 2 150 66
18 16 2 200 63
19 2 64 100 97
20 2 16 50 81
21 8 2 50 79
22 2 16 50 61
23 16 16 150 99
24 8 64 50 90
25 2 16 200 73
26 2 2 100 98
27 2 64 200 81
28 16 4 100 65
29 2 64 50 70
30 8 4 200 94
31 8 16 200 70
32 8 4 100 67
33 16 16 150 52
34 16 4 200 84
35 2 64 100 62
36 2 2 100 56
37 8 4 50 80
38 16 2 150 94
39 8 2 150 66
40 2 16 100 51
41 16 64 150 67
42 16 16 50 55
43 8 2 50 55
44 2 4 200 98
45 2 16 100 89
46 2 4 200 82
47 8 4 150 93
48 16 64 100 50
49 16 16 150 78
50 2 2 100 63
51 2 16 150 78
52 16 64 150 59
53 8 2 50 100
54 2 16 200 58
55 16 16 200 71
56 8 2 100 78
57 16 2 150 70
58 8 2 50 69
59 16 4 150 75
60 2 4 200 89
61 8 4 200 50
62 16 4 100 59
63 8 16 50 95
64 16 2 50 96
65 2 2 100 100
66 2 4 200 97
67 16 4 200 61
68 8 16 150 100
69 16 2 150 100
70 2 2 50 84
71 2 4 200 68
72 2 64 50 61
73 8 64 150 97
74 2 2 50 95
75 8 2 50 73
76 2 4 150 67
77 16 64 200 73
78 8 16 150 98
79 8 16 200 51
80 8 64 150 72
81 2 16 50 89
82 16 16 100 82
83 16 16 200 52
84 8 4 150 66
85 2 4 150 65
86 16 16 100 92
87 2 16 100 60
88 2 4 150 84
89 2 16 100 60
90 2 64 150 77
91 2 4 100 69
92 8 16 200 62
93 16 64 150 61
94 8 16 100 98
95 16 64 150 65
96 8 16 100 50
97 8 64 200 60
98 16 64 150 79
99 2 4 100 64
100 8 4 100 98
101 16 4 150 90
102 16 16 150 64
103 16 16 200 51
104 8 2 200 54
105 8 16 200 67
106 16 2 50 65
107 8 4 200 67
108 16 2 50 76
109 16 2 150 81
110 2 64 150 91
111 16 4 50 68
112 8 16 200 81
113 16 64 50 84
114 2 4 50 50
115 2 4 50 70
116 8 2 100 80
117 16 2 150 59
118 8 16 150 96
119 16 4 100 69
120 8 64 150 71
121 8 4 100 91
122 16 64 50 90
123 8 16 50 55
124 16 64 100 59
125 8 2 150 86
126 8 2 50 87
127 2 16 100 56
128 8 16 200 83
129 2 64 50 84
130 8 4 150 77
131 16 4 150 74
132 8 16 50 78
133 2 2 100 63
134 2 64 50 92
135 2 2 50 85
136 8 2 150 64
137 16 64 50 92
138 2 4 50 82
139 8 2 200 86
140 2 64 100 56
141 16 16 150 53
142 2 64 50 56
143 8 4 50 53
144 16 16 100 79
145 16 64 50 58
146 8 16 150 66
147 8 64 100 83
148 16 4 150 98
149 16 4 200 72
150 16 4 100 84
151 2 2 100 75
152 8 4 150 92
153 8 64 100 56
154 2 2 50 78
155 16 16 100 61
156 16 64 200 64
157 16 4 100 54
158 2 64 100 54
159 8 64 50 95
160 8 2 50 75
161 8 4 200 83
162 8 16 200 61
163 8 16 200 100
164 8 2 100 80
165 2 2 150 87
166 2 2 100 66
167 2 64 100 77
168 2 16 200 65
169 8 4 150 71
170 8 4 200 75
171 2 64 100 67
172 8 64 150 89
173 16 2 100 54
174 16 4 50 50
175 16 16 100 63
176 2 2 100 95
177 16 64 150 99
178 16 64 100 75
179 2 2 200 80
180 2 2 100 70
181 16 2 200 70
182 8 2 100 99
183 2 2 150 72
184 2 2 150 76
185 2 64 200 81
186 16 4 100 96
187 8 64 100 80
188 2 2 150 78
189 2 4 100 75
190 2 16 200 56
191 8 2 150 50
192 16 64 100 64
193 16 4 150 67
194 8 64 200 60
195 16 4 50 69
196 8 2 200 95
197 2 4 150 70
198 2 2 200 73
199 8 2 200 58
200 8 4 200 94
201 8 16 100 57
202 16 4 150 61
203 2 64 50 68
204 2 2 150 88
205 16 64 100 62
206 2 4 150 84
207 8 2 150 77
208 16 16 50 74
209 2 2 150 74
210 2 64 100 76
211 8 64 150 99
212 16 2 100 55
213 16 16 50 59
214 16 4 100 98
215 2 4 150 98
216 16 16 150 97
217 16 64 100 60
218 2 2 150 97
219 2 2 100 66
220 16 2 150 83
221 8 2 200 77
222 16 64 150 86
223 16 64 50 100
224 8 4 200 88
225 2 64 200 68
226 16 64 100 61
227 16 16 150 75
228 16 4 200 93
229 8 64 200 64
230 16 64 200 77
231 8 16 100 74
232 8 16 150 50
233 2 16 150 93
234 8 4 100 84
235 16 64 100 70
236 2 2 200 66
237 2 2 200 94
238 16 64 150 88
239 16 2 50 96
240 2 4 150 74
241 8 16 50 84
242 8 2 150 71
243 8 4 150 72
244 2 64 150 95
245 8 2 200 97
246 8 2 150 82
247 16 64 200 99
248 16 4 100 62
249 8 4 100 50
250 2 4 150 79
251 16 2 150 99
252 8 2 200 81
253 16 2 150 83
254 2 2 100 95
255 16 64 100 62
256 16 16 50 56
257 8 16 200 54
258 2 64 150 66
259 16 64 200 80
260 8 2 50 50
261 8 2 100 51
262 16 4 150 94
263 16 4 200 95
264 16 16 150 65
265 2 4 150 61
266 2 4 150 85
267 16 4 200 65
268 2 4 150 69
269 8 16 100 74
270 2 64 200 52
271 2 2 200 80
272 8 4 150 59
273 8 16 200 51
274 8 2 50 95
275 8 16 200 50
276 8 4 150 88
277 2 64 50 55
278 8 4 100 59
279 16 2 200 99
280 2 2 200 58
281 16 2 150 66
282 2 16 50 51
283 16 16 100 58
284 16 16 150 55
285 8 64 200 79
286 2 16 50 95
287 16 16 150 71
288 16 64 200 69
289 8 2 100 62
290 8 4 50 60
291 2 2 100 73
292 16 2 200 84
293 2 2 50 59
294 16 16 200 94
295 16 16 150 92
296 16 16 100 55
297 16 64 50 64
298 8 64 200 51
299 2 16 200 61
300 8 2 50 69
301 2 2 200 96
302 8 64 50 66
303 16 4 100 92
304 16 16 200 79
305 16 16 200 51
306 2 16 200 84
307 2 4 100 80
308 8 2 100 98
309 16 64 100 55
310 2 16 50 88
311 8 2 200 88
312 2 64 100 98
313 8 64 150 84
314 2 64 100 100
315 8 64 200 99
316 8 4 50 60
317 16 64 150 60
318 16 2 200 55
319 8 2 150 50
320 16 2 200 53
321 16 4 150 76
322 16 64 100 69
323 2 16 50 73
324 2 64 150 57
325 8 16 100 90
326 16 16 150 52
327 2 2 100 97
328 16 16 150 91
329 8 16 50 86
330 2 2 200 67
331 8 2 50 52
332 8 64 200 55
333 16 4 100 61
334 2 4 50 88
335 8 2 100 99
336 2 16 200 51
337 2 4 200 81
338 8 2 150 67
339 2 64 50 65
340 16 16 100 99
341 8 16 50 100
342 2 64 100 57
343 2 2 50 85
344 16 64 100 54
345 16 2 100 54
346 2 2 150 76
347 2 2 100 71
348 2 64 150 62
349 2 64 150 68
350 16 64 100 79
351 16 2 150 71
352 8 2 100 77
353 8 2 100 81
354 16 64 150 68
355 16 16 100 79
356 8 16 150 95
357 8 2 200 74
358 2 2 200 68
359 8 64 200 98
360 2 16 200 96
361 2 16 50 58
362 2 64 100 91
363 2 2 200 89
364 2 4 150 97
365 16 4 100 58
366 8 4 100 94
367 8 64 100 59
368 16 16 100 100
369 8 2 50 93
370 8 2 100 62
371 2 4 50 100
372 16 64 200 65
373 16 2 100 97
374 8 4 50 63
375 2 16 200 51
376 8 2 150 66
377 2 64 200 100
378 8 16 50 87
379 16 16 50 50
380 16 16 200 56
381 8 64 50 62
382 16 16 150 52
383 8 4 50 72
384 16 2 150 61
385 8 2 200 71
386 16 4 200 77
387 2 4 50 58
388 8 16 100 52
389 8 64 100 60
390 8 2 150 67
391 2 16 100 63
392 8 16 150 73
393 2 4 150 87
394 2 2 150 66
395 8 4 200 82
396 8 16 100 72
397 2 2 150 77
398 16 4 150 88
399 16 16 50 71
400 8 16 200 69
401 2 64 100 59
402 2 2 50 65
403 2 64 150 50
404 8 64 100 53
405 8 16 200 79
406 8 2 200 54
407 2 4 200 50
408 16 16 50 76
409 16 16 200 77
410 16 2 100 80
411 16 4 200 53
412 16 4 100 80
413 2 64 100 91
414 16 16 100 59
415 16 2 100 69
416 16 4 200 73
417 16 16 100 70
418 16 2 150 79
419 16 16 100 58
420 8 2 100 67
421 2 64 100 99
422 16 4 150 98
423 16 16 100 89
424 2 2 150 67
425 16 2 200 52
426 8 16 50 84
427 2 16 200 95
428 2 16 100 52
429 16 4 200 55
430 8 64 150 71
431 2 64 100 78
432 16 4 150 73
433 2 4 50 71
434 16 64 200 80
435 8 4 150 65
436 2 16 200 63
437 16 2 100 56
438 2 16 100 84
439 8 2 150 78
440 2 16 100 52
441 8 64 150 91
442 2 16 150 73
443 8 16 200 50
444 16 4 200 72
445 8 4 50 65
446 2 4 200 86
447 8 2 150 71
448 8 2 50 71
449 16 4 50 77
450 8 16 100 99
451 2 4 50 95
452 16 64 200 75
453 8 4 50 86
454 2 4 50 89
455 2 4 150 82
456 16 64 200 51
457 8 2 200 78
458 2 16 100 60
459 16 64 100 80
460 16 16 50 67
461 2 4 150 63
462 16 64 50 93
463 2 16 50 83
464 2 64 100 64
465 2 16 150 73
466 16 4 150 52
467 8 64 150 60
468 16 16 50 52
469 2 64 200 94
470 2 2 100 50
471 8 64 150 98
472 16 64 200 97
473 2 2 150 72
474 8 64 150 65
475 2 16 200 66
476 8 16 150 79
477 8 16 150 80
478 2 2 150 77
479 16 16 50 53
480 16 16 150 67
481 16 2 200 89
482 16 4 100 91
483 8 64 50 55
484 16 16 100 94
485 2 2 150 52
486 8 16 200 97
487 2 4 200 57
488 16 16 50 52
489 2 16 50 85
490 8 2 100 58
491 16 64 50 62
492 16 4 50 69
493 16 2 150 95
494 8 4 100 81
495 8 4 100 85
496 16 64 150 79
497 16 4 100 91
498 2 16 50 72
499 16 64 150 64
500 8 2 200 57
501 8 64 150 50
502 16 64 200 91
503 2 64 100 65
504 2 16 50 93
505 2 16 50 55
506 8 4 100 85
507 16 64 150 53
508 8 64 150 82
509 16 64 200 93
510 2 2 50 83
511 16 64 200 86
512 16 16 100 87
513 16 4 200 82
514 16 4 50 55
515 8 64 200 91
516 8 4 200 92
517 2 4 100 57
518 2 4 50 93
519 16 64 50 66
520 16 64 100 51
521 2 4 50 61
522 16 64 150 87
523 2 2 150 93
524 8 4 100 90
525 8 64 150 99
526 8 64 150 99
527 8 4 200 56
528 16 2 100 84
529 16 64 150 72
530 8 4 150 94
531 2 4 200 52
532 16 4 100 56
533 2 2 200 56
534 2 16 50 63
535 2 64 200 85
536 16 64 150 75
537 8 4 100 83
538 2 2 100 71
539 8 2 150 54
540 8 2 150 74
541 8 2 50 72
542 2 64 200 96
543 8 4 50 53
544 2 64 50 71
545 2 64 50 59
546 16 2 100 66
547 8 64 50 83
548 8 2 50 81
549 2 2 150 70
550 2 4 150 99
551 2 64 100 90
552 8 64 50 72
553 2 64 150 60
554 16 2 100 63
555 2 64 50 99
556 8 64 50 53
557 2 4 150 71
558 2 2 100 84
559 16 2 50 98
560 8 4 150 80
561 16 2 50 50
562 16 2 150 88
563 8 2 200 69
564 8 16 100 57
565 2 2 150 72
566 2 2 50 78
567 16 4 100 67
568 2 2 50 61
569 8 2 50 78
570 8 64 50 85
571 16 4 200 92
572 8 2 50 78
573 16 64 100 95
574 2 64 150 62
575 16 4 150 66
576 8 2 50 54
577 2 64 50 66
578 2 4 150 99
579 2 16 200 98
580 2 2 150 96
581 8 2 50 66
582 8 4 50 61
583 2 64 50 63
584 2 2 50 57
585 16 2 50 58
586 8 64 150 98
587 2 16 200 83
588 16 4 100 78
589 8 16 150 72
590 8 4 100 68
591 2 2 200 70
592 16 16 100 85
593 2 4 100 88
594 16 4 100 54
595 2 4 200 61
596 2 16 50 81
597 8 4 50 80
598 2 16 50 91
599 8 4 150 79
600 16 2 150 71
601 2 16 50 77
602 2 64 50 75
603 16 64 150 59
604 2 64 150 50
605 16 64 50 51
606 2 16 150 76
607 2 16 150 78
608 8 16 100 93
609 8 2 150 84
610 8 64 150 53
611 2 2 100 58
612 8 64 100 52
613 2 16 150 77
614 2 64 100 72
615 8 4 50 81
616 2 2 100 96
617 16 16 100 82
618 16 64 100 87
619 8 64 100 73
620 16 2 100 54
621 16 64 150 56
622 8 4 100 72
623 2 16 150 61
624 16 4 50 55
625 16 4 50 68
626 2 2 150 100
627 8 64 150 53
628 16 64 50 52
629 2 64 100 89
630 16 16 50 52
631 16 16 50 67
632 8 4 50 58
633 16 16 150 55
634 8 4 50 58
635 8 4 200 74
636 16 64 100 72
637 2 2 150 58
638 2 16 200 52
639 2 4 200 88
640 8 16 50 55
641 8 4 50 89
642 8 4 100 92
643 2 64 200 83
644 8 2 50 67
645 2 64 200 57
646 8 2 100 81
647 2 4 150 52
648 2 16 150 81
649 16 16 200 77
650 8 16 100 80
651 16 64 150 93
652 8 2 200 95
653 2 2 200 68
654 2 2 150 88
655 2 4 200 92
656 8 16 150 78
657 8 64 100 57
658 8 4 50 89
659 2 2 150 77
660 8 2 200 70
661 8 2 150 91
662 8 64 150 51
663 16 64 100 81
664 8 2 200 64
665 2 4 50 90
666 2 2 150 82
667 2 4 150 97
668 16 2 150 93
669 2 64 150 73
670 8 64 150 67
671 16 64 150 82
672 16 64 200 82
673 8 2 50 52
674 8 2 150 74
675 16 16 50 69
676 8 4 50 90
677 2 64 200 71
678 8 64 50 82
679 8 2 100 50
680 8 64 100 84
681 16 16 150 77
682 16 16 100 99
683 2 16 200 76
684 16 64 200 87
685 16 2 200 99
686 2 64 200 53
687 16 16 50 95
688 8 16 150 62
689 8 2 150 59
690 16 4 200 84
691 8 4 150 63
692 16 4 100 66
693 16 16 100 61
694 16 2 200 72
695 2 4 200 97
696 16 64 200 79
697 8 16 50 72
698 8 4 100 68
699 2 4 200 68
700 16 4 200 69
701 2 16 200 51
702 16 2 50 89
703 2 64 50 71
704 2 64 100 89
705 8 64 150 81
706 8 16 100 67
707 16 2 200 71
708 2 2 100 65
709 8 4 100 59
710 16 2 100 83
711 16 4 200 51
712 8 64 100 80
713 2 2 200 95
714 16 64 50 51
715 16 64 150 89
716 2 64 200 54
717 2 2 150 50
718 16 64 200 56
719 8 4 150 100
720 8 64 150 52
721 2 4 200 91
722 2 4 50 52
723 2 4 50 93
724 8 16 100 81
725 8 4 150 95
726 8 2 100 67
727 8 16 200 50
728 8 16 200 58
729 16 16 150 80
730 16 2 150 62
731 8 2 200 89
732 8 16 200 95
733 2 2 200 92
734 16 4 100 83
735 8 2 200 93
736 16 64 50 72
737 16 64 50 50
738 2 64 50 70
739 8 16 50 53
740 16 16 100 71
741 16 4 200 85
742 2 2 150 71
743 8 2 50 89
744 2 4 100 89
745 2 2 100 89
746 2 2 200 51
747 2 2 50 92
748 8 4 200 57
749 16 64 200 75
750 8 2 150 50
751 8 4 100 85
752 8 2 150 61
753 8 2 50 86
754 2 2 150 75
755 8 64 50 95
756 2 2 150 86
757 8 16 200 63
758 2 16 50 84
759 2 2 200 80
760 2 2 150 70
761 16 4 100 64
762 2 16 200 55
763 16 4 50 79
764 8 16 100 54
765 8 16 200 53
766 2 2 200 71
767 16 16 200 70
768 16 2 150 61
769 2 16 150 67
770 8 64 150 51
771 2 4 50 67
772 8 4 50 70
773 8 2 150 100
774 8 16 150 68
775 16 4 150 60
776 16 2 100 74
777 16 2 100 95
778 8 16 200 56
779 2 16 100 60
780 8 2 150 67
781 8 64 100 95
782 2 2 150 70
783 8 16 150 99
784 16 4 150 72
785 8 4 100 58
786 8 4 50 71
787 2 2 200 76
788 2 64 150 70
789 8 2 100 74
790 2 16 200 56
791 8 16 50 95
792 16 4 150 82
793 8 16 150 66
794 2 16 50 89
795 2 16 150 86
796 2 16 50 66
797 16 2 150 99
798 16 4 200 86
799 16 16 200 67
800 8 16 50 59
801 8 16 50 95
802 8 16 150 65
803 8 64 50 98
804 8 16 150 64
805 2 64 200 78
806 8 4 150 77
807 16 16 200 97
808 16 4 100 76
809 8 16 150 68
320
1 335 42 184
1 332 40 172
1 632 51 175
3 599 41 175
3 272 61 145
9 319 64 149
10 290 69 92
13 345 53 109
15 304 42 116
17 480 59 90
17 363 64 150
18 531 54 140
21 629 66 192
23 164 52 95
24 778 67 187
25 335 57 191
28 732 58 102
28 385 52 125
31 590 60 188
31 302 64 139
35 684 41 102
35 60 66 159
35 337 54 157
35 359 59 184
37 90 62 169
38 692 46 99
42 598 42 176
42 118 42 101
44 710 59 156
45 558 50 112
46 759 50 119
46 665 44 187
46 122 55 117
48 734 67 162
50 584 63 153
51 164 41 106
56 652 59 105
56 759 69 121
57 305 61 134
61 385 47 192
61 64 44 139
63 555 44 129
63 559 49 126
63 779 53 100
64 207 58 124
66 290 66 134
67 156 62 140
67 342 56 145
67 271 63 127
68 727 54 153
69 794 63 186
71 249 52 121
72 136 47 171
73 274 70 131
74 548 47 130
75 272 45 198
76 571 62 174
77 296 68 147
77 767 56 135
78 396 66 184
79 285 59 185
80 775 43 118
82 168 64 177
82 725 68 93
83 257 62 198
84 451 58 104
84 731 45 160
85 215 53 186
86 149 54 172
87 586 42 197
89 766 49 132
89 228 47 93
91 643 47 98
93 207 55 169
93 698 54 156
95 264 66 155
96 487 70 106
96 799 60 109
100 426 52 106
101 157 60 155
101 585 68 147
104 791 44 100
104 170 48 126
105 790 61 110
106 303 65 190
107 637 66 90
110 342 56 145
112 316 42 186
114 160 55 162
116 651 43 150
116 255 58 181
120 541 44 108
122 342 66 123
122 230 51 163
124 540 42 145
124 226 70 172
126 257 68 147
126 214 47 171
128 492 49 112
130 507 44 180
131 715 60 117
134 396 70 171
135 745 49 131
136 792 61 150
138 339 50 196
143 202 55 103
145 414 52 112
147 399 49 177
152 391 55 179
154 320 42 183
155 204 70 176
156 540 48 108
159 784 41 131
160 523 57 150
160 681 45 157
162 512 65 117
162 260 55 115
162 800 62 195
166 253 43 193
166 690 48 120
166 245 55 198
167 296 42 95
169 614 42 193
169 549 46 138
170 726 50 186
171 529 67 195
172 718 69 141
172 525 48 139
173 669 68 91
173 687 43 184
175 550 69 136
175 308 65 180
176 299 50 121
177 436 58 198
179 338 57 152
180 182 69 121
180 655 43 167
180 357 56 120
181 404 43 102
182 581 59 198
184 266 64 119
185 294 48 103
185 197 43 185
187 250 69 105
192 421 42 140
195 361 68 117
199 664 58 108
199 480 47 194
199 296 70 131
200 391 49 151
201 256 56 98
202 753 49 108
203 495 61 163
208 727 58 168
212 744 56 113
213 367 61 186
214 686 70 200
214 423 69 183
215 328 55 167
216 377 52 188
217 616 66 150
218 561 68 119
218 597 50 151
223 546 65 116
225 465 53 199
227 687 61 119
228 681 51 197
231 717 63 172
233 635 43 147
233 495 65 152
234 434 57 123
236 603 60 126
236 568 61 193
241 401 49 192
243 462 51 147
245 249 70 134
248 304 47 139
249 712 47 186
251 685 43 135
251 730 63 188
253 311 47 172
253 713 58 130
253 258 50 186
256 739 47 102
257 701 49 165
260 794 55 192
260 532 60 166
270 639 45 110
273 691 47 138
273 794 52 191
277 324 52 180
283 639 62 165
288 305 49 152
289 784 47 131
291 401 52 156
291 528 50 157
292 605 67 144
293 737 49 132
294 653 41 142
294 798 61 128
297 477 47 111
298 610 50 163
298 453 69 138
299 595 57 119
299 385 55 99
303 792 63 159
307 796 61 134
309 661 44 196
309 601 45 124
312 712 45 193
312 752 60 106
314 714 48 200
314 376 57 147
318 364 41 162
332 387 53 181
333 744 40 124
335 742 46 121
335 341 70 176
340 473 40 187
341 475 54 169
348 401 57 133
350 424 55 147
351 433 52 110
353 659 42 179
356 645 68 197
357 804 62 189
357 800 66 138
358 461 53 166
366 582 45 143
371 792 67 108
378 570 44 115
380 720 52 165
380 616 44 168
385 494 42 110
385 391 44 120
388 483 40 100
392 731 42 125
406 611 45 113
406 448 51 153
407 477 63 98
408 800 64 126
409 615 61 162
416 542 70 107
416 603 41 192
424 485 50 140
424 443 65 155
426 525 47 131
428 658 67 184
428 599 48 105
428 447 59 97
436 566 50 191
439 457 46 145
440 753 66 160
441 674 62 162
444 621 63 159
447 806 59 197
452 600 68 107
452 465 70 92
461 508 46 199
465 576 46 103
466 489 58 125
473 749 52 168
475 689 68 112
484 670 42 153
488 614 56 108
504 543 46 118
505 718 42 182
506 524 46 167
508 530 65 137
520 572 45 163
521 677 40 119
523 724 47 141
523 804 64 111
525 799 41 171
525 744 61 118
526 744 47 110
527 555 70 105
534 646 54 97
535 741 70 111
535 697 53 133
540 556 70 184
545 615 43 90
547 559 54 176
547 751 50 164
552 677 67 108
552 680 62 133
560 722 59 103
569 572 41 126
573 778 68 189
574 755 54 119
577 771 59 118
579 759 69 195
579 590 46 145
583 775 54 94
591 778 68 175
602 788 69 113
604 744 49 104
604 756 63 123
605 696 50 174
606 801 42 95
609 687 51 177
613 667 56 103
621 750 64 181
628 684 66 94
633 659 48 193
633 634 47 132
634 651 47 91
639 726 41 151
658 673 64 160
686 794 65 178
695 759 44 184
700 730 53 189
715 721 58 134
718 800 45 180
719 800 44 184
722 747 49 195
728 745 42 138
732 744 70 127
743 751 48 182
768 773 64 151