380
0 8 16 200 81
1 2 16 150 72
2 16 16 200 84
3 2 4 150 76
4 2 2 100 68
5 16 2 50 74
6 2 4 50 76
7 2 2 200 94
8 8 16 50 73
9 2 2 150 100
10 16 2 50 70
11 16 64 100 95
12 8 16 200 53
13 16 2 100 64
14 2 4 200 88
15 8 64 50 83
16 16 64 150 54
17 8 16 200 88
18 2 64 50 91
19 8 2 200 73
20 16 2 50 57
21 8 16 200 89
22 8 2 150 52
23 2 4 100 57
24 8 2 200 69
25 2 4 100 88
26 16 2 200 94
27 2 16 200 51
28 8 2 50 87
29 16 4 150 83
30 8 64 200 68
31 8 2 100 69
32 16 4 150 92
33 16 16 150 79
34 8 16 200 69
35 2 16 200 87
36 2 2 50 56
37 8 64 200 66
38 2 2 200 58
39 8 16 200 89
40 8 2 200 50
41 16 16 200 65
42 2 4 200 58
43 8 4 100 67
44 16 2 150 93
45 16 16 50 93
46 8 16 200 97
47 16 16 200 64
48 8 2 100 67
49 8 16 50 70
50 16 4 100 82
51 16 16 200 60
52 8 64 100 86
53 2 64 50 75
54 2 64 150 89
55 2 2 100 75
56 2 2 50 82
57 8 4 150 72
58 2 64 100 68
59 2 2 150 90
60 2 64 50 94
61 16 16 150 75
62 8 16 150 99
63 2 2 50 99
64 8 16 150 97
65 8 64 50 74
66 16 4 150 94
67 16 64 100 94
68 8 2 200 100
69 8 64 150 59
70 8 4 100 58
71 8 4 50 84
72 8 2 200 89
73 2 64 50 84
74 8 16 100 93
75 2 64 150 53
76 8 16 100 93
77 16 2 200 97
78 16 4 150 62
79 8 64 200 52
80 16 4 200 67
81 16 2 150 72
82 8 16 50 54
83 16 4 200 50
84 16 16 100 58
85 16 16 50 60
86 2 64 200 50
87 2 2 200 52
88 2 16 100 87
89 16 2 200 70
90 16 4 50 77
91 16 16 50 94
92 2 64 100 50
93 16 16 50 75
94 16 16 200 71
95 16 16 150 84
96 16 16 200 93
97 8 2 50 58
98 16 64 100 55
99 16 2 200 82
100 2 64 50 93
101 16 4 150 91
102 8 4 200 77
103 8 4 100 52
104 8 4 150 82
105 8 64 50 81
106 8 2 150 54
107 2 2 50 62
108 16 4 100 95
109 16 64 100 75
110 8 4 100 68
111 2 64 50 52
112 16 2 50 70
113 8 64 100 74
114 16 4 50 79
115 16 16 150 98
116 8 4 50 82
117 8 2 200 97
118 16 4 100 84
119 2 2 150 68
120 8 16 200 69
121 2 4 150 91
122 16 2 200 91
123 8 2 150 60
124 16 16 50 63
125 2 2 200 100
126 2 64 100 55
127 8 2 150 94
128 2 2 150 67
129 16 64 50 93
130 16 64 100 64
131 16 64 100 79
132 2 2 100 79
133 8 2 50 87
134 16 16 100 89
135 8 64 150 67
136 16 64 200 75
137 16 64 50 62
138 8 64 50 94
139 16 2 100 76
140 2 2 50 59
141 16 64 150 56
142 8 4 100 51
143 2 16 150 88
144 2 64 200 100
145 2 64 150 64
146 8 2 200 86
147 2 4 100 70
148 8 16 200 89
149 16 2 150 60
150 2 2 200 95
151 8 2 100 58
152 8 4 100 57
153 16 4 200 80
154 16 2 150 94
155 16 4 100 56
156 8 2 100 99
157 16 64 100 91
158 16 64 200 65
159 2 16 150 54
160 16 4 200 67
161 16 4 200 67
162 2 64 100 68
163 8 64 50 95
164 8 4 200 75
165 16 2 100 90
166 8 4 150 51
167 8 4 100 63
168 8 4 150 78
169 8 2 200 50
170 8 2 50 93
171 16 16 50 95
172 2 4 200 57
173 2 2 150 81
174 16 2 50 100
175 2 16 150 65
176 16 2 50 69
177 2 2 200 60
178 16 4 50 95
179 16 64 150 98
180 2 4 200 80
181 8 64 200 63
182 8 2 100 65
183 8 4 200 58
184 2 64 150 55
185 2 2 200 67
186 2 16 50 94
187 8 4 100 93
188 2 4 150 72
189 16 16 150 84
190 2 64 200 97
191 16 64 150 54
192 16 2 200 69
193 16 16 200 54
194 2 4 150 93
195 2 16 150 62
196 16 64 100 71
197 2 16 50 83
198 2 64 50 51
199 2 64 200 64
200 2 16 200 70
201 8 16 100 89
202 8 16 150 72
203 2 2 100 71
204 8 2 200 84
205 2 2 50 91
206 2 64 200 87
207 2 64 100 68
208 2 4 50 52
209 8 4 50 54
210 2 4 150 91
211 8 64 100 87
212 16 2 200 57
213 2 64 50 66
214 2 64 50 69
215 16 4 200 73
216 2 64 150 54
217 2 64 100 56
218 16 16 150 65
219 8 64 100 63
220 16 64 200 96
221 8 16 150 64
222 16 16 200 88
223 2 2 150 97
224 8 64 100 77
225 8 4 200 77
226 2 2 200 58
227 2 64 50 97
228 16 16 200 56
229 16 4 100 71
230 2 16 200 81
231 8 4 100 59
232 8 16 100 50
233 8 2 200 98
234 8 16 200 96
235 8 16 50 67
236 2 64 200 56
237 8 64 50 99
238 16 64 50 84
239 2 16 150 84
240 16 64 150 72
241 16 64 200 55
242 8 2 150 59
243 2 16 150 59
244 2 2 100 90
245 16 2 50 57
246 16 64 150 92
247 16 4 100 95
248 16 64 150 92
249 8 2 50 85
250 16 2 200 80
251 8 64 50 75
252 2 4 200 62
253 16 64 150 91
254 2 64 50 71
255 8 64 100 92
256 2 64 200 85
257 16 64 100 87
258 16 64 50 51
259 16 4 150 53
260 2 64 100 66
261 2 16 100 75
262 16 4 50 85
263 8 4 50 82
264 16 4 100 81
265 8 16 50 75
266 2 16 50 57
267 2 4 100 98
268 2 16 50 51
269 8 2 200 91
270 16 16 100 82
271 8 2 200 67
272 8 16 200 62
273 8 64 50 75
274 2 16 50 74
275 8 4 150 63
276 2 64 200 67
277 8 4 200 62
278 2 4 100 67
279 16 64 50 55
280 16 4 100 55
281 2 16 150 57
282 2 4 200 68
283 2 64 100 79
284 2 16 100 50
285 8 2 200 87
286 2 2 50 73
287 16 16 200 63
288 16 4 100 78
289 2 4 100 62
290 16 2 50 99
291 8 4 200 96
292 16 4 150 50
293 16 4 200 76
294 2 16 100 51
295 8 4 50 77
296 8 16 100 63
297 16 64 50 57
298 2 4 50 50
299 2 4 200 69
300 2 16 50 66
301 16 16 50 86
302 8 4 200 63
303 2 16 150 50
304 2 2 100 91
305 8 2 200 65
306 16 2 100 70
307 16 2 100 51
308 16 4 150 95
309 2 2 150 52
310 2 4 150 64
311 16 2 100 63
312 2 2 100 63
313 8 4 100 80
314 16 16 100 65
315 16 64 100 73
316 16 4 200 80
317 2 2 100 98
318 2 4 100 62
319 16 2 50 85
320 2 4 150 81
321 2 64 150 88
322 16 64 50 59
323 16 4 150 96
324 8 16 150 99
325 16 16 200 57
326 2 4 150 58
327 2 2 200 86
328 8 2 150 85
329 2 4 50 56
330 16 2 100 89
331 2 2 100 63
332 8 64 50 76
333 2 64 200 75
334 8 64 50 60
335 2 4 150 97
336 2 2 50 77
337 2 4 200 87
338 8 4 200 89
339 16 16 100 65
340 8 2 200 97
341 2 16 150 56
342 2 16 100 57
343 16 2 50 61
344 16 4 150 54
345 2 64 100 99
346 8 2 200 77
347 8 2 200 95
348 16 2 100 51
349 2 16 100 65
350 8 64 150 78
351 2 4 50 78
352 16 2 150 86
353 16 64 100 67
354 16 64 50 77
355 8 16 200 72
356 16 16 50 66
357 8 64 50 71
358 16 2 50 56
359 2 16 100 75
360 16 64 150 71
361 8 64 200 88
362 16 2 200 50
363 16 16 50 75
364 8 64 200 100
365 16 2 50 82
366 2 2 150 77
367 2 2 150 94
368 16 2 150 71
369 2 2 200 76
370 16 16 50 73
371 16 16 150 90
372 8 2 50 62
373 16 16 50 58
374 16 4 150 65
375 2 2 50 56
376 2 4 150 88
377 16 2 150 58
378 2 64 100 88
379 2 2 100 75
123
0 68 67 191
0 331 63 114
0 329 47 106
4 83 44 91
6 128 49 92
8 105 69 103
8 292 46 138
10 325 67 124
11 177 44 124
11 288 42 192
12 204 45 132
13 92 54 184
13 187 46 91
18 97 60 146
19 161 62 138
20 375 47 174
22 373 57 97
32 234 53 125
34 83 57 133
34 47 65 123
35 257 54 131
36 310 48 148
39 197 49 110
40 115 43 180
40 144 50 182
44 94 63 118
45 171 67 191
48 278 65 101
51 219 69 104
60 296 59 131
62 186 63 128
63 99 57 128
68 332 57 155
68 119 58 194
72 125 47 100
73 100 48 154
74 354 52 191
74 360 60 153
75 95 41 120
77 349 45 127
77 233 45 118
78 146 56 194
78 236 68 138
78 172 69 95
78 307 64 167
80 101 59 174
85 91 57 134
87 110 68 171
87 94 42 104
89 172 49 179
90 305 64 184
99 193 67 92
100 356 68 199
103 118 68 171
103 154 44 170
104 221 62 140
107 261 55 195
108 293 55 101
109 255 66 102
110 121 67 168
111 166 40 149
111 284 43 165
115 118 52 186
115 336 61 95
117 376 62 142
121 135 47 200
121 273 57 169
123 180 43 149
124 343 55 104
128 329 46 115
128 357 58 200
130 147 64 100
131 189 45 112
133 378 53 167
135 168 65 182
136 358 53 186
136 341 70 144
137 297 60 175
140 229 43 121
140 374 41 111
142 328 64 96
146 287 43 184
147 352 62 183
149 155 51 119
150 365 44 115
151 244 46 119
159 293 55 117
160 176 49 171
170 276 65 135
171 278 41 150
172 224 63 112
175 177 62 125
176 200 41 193
179 266 49 165
182 286 46 101
183 333 48 142
183 207 60 139
184 267 46 154
190 264 66 199
196 218 67 159
198 235 59 190
198 316 61 100
198 291 56 136
199 341 59 129
200 247 41 137
201 212 60 91
201 251 68 94
211 229 69 186
216 346 58 136
230 273 60 184
232 366 46 91
236 295 41 111
240 319 53 143
248 340 65 160
257 350 66 186
267 296 40 160
268 284 50 121
297 341 48 162
306 346 68 185
307 364 53 154
308 368 63 123
336 365 54 143
337 371 64 200