780
0 32 320 5000 94
1 32 32 800 158
2 8 32 5000 200
3 8 128 400 191
4 8 320 5000 115
5 8 128 1000 103
6 8 320 1000 186
7 8 320 400 155
8 8 320 1000 167
9 32 128 800 94
10 8 320 400 170
11 32 128 400 200
12 8 128 2000 94
13 32 32 800 157
14 32 128 2000 182
15 8 320 400 184
16 8 128 5000 150
17 8 128 1000 167
18 8 32 1000 179
19 32 128 5000 174
20 8 128 1000 167
21 8 320 400 97
22 32 32 5000 162
23 8 320 5000 191
24 32 320 5000 181
25 32 32 400 169
26 8 320 1000 175
27 32 320 400 117
28 32 320 800 153
29 8 128 1000 111
30 32 320 400 156
31 8 320 1000 165
32 8 320 400 177
33 32 320 800 146
34 32 32 400 105
35 8 32 400 110
36 8 320 1000 121
37 32 32 1000 187
38 32 32 5000 197
39 8 128 2000 93
40 8 32 1000 194
41 8 32 5000 95
42 32 320 800 197
43 32 320 1000 95
44 8 320 2000 197
45 32 320 2000 91
46 32 32 800 117
47 8 128 1000 175
48 8 32 1000 174
49 32 320 400 113
50 8 128 2000 123
51 8 128 800 137
52 8 320 400 113
53 32 320 1000 194
54 8 128 5000 100
55 32 320 2000 113
56 8 32 800 159
57 32 320 1000 175
58 8 128 2000 109
59 8 128 1000 160
60 32 32 400 186
61 32 320 5000 172
62 8 128 800 190
63 8 32 2000 159
64 32 320 2000 191
65 32 128 5000 179
66 32 128 800 101
67 8 320 800 169
68 8 320 2000 176
69 8 128 400 111
70 32 128 400 174
71 32 128 800 96
72 32 128 5000 154
73 32 32 800 155
74 8 320 2000 141
75 32 32 1000 95
76 32 320 400 143
77 8 320 400 188
78 32 32 1000 120
79 8 128 2000 98
80 8 32 400 103
81 32 32 800 140
82 32 128 1000 189
83 8 320 1000 197
84 32 32 2000 120
85 8 32 5000 159
86 8 320 2000 128
87 32 320 1000 185
88 8 128 2000 161
89 8 320 1000 137
90 8 128 400 104
91 8 128 2000 185
92 8 128 800 109
93 32 128 5000 200
94 32 128 400 191
95 32 320 2000 161
96 8 320 800 177
97 32 32 5000 133
98 8 320 400 189
99 8 32 2000 180
100 32 32 5000 177
101 32 320 1000 189
102 32 128 400 143
103 32 128 5000 193
104 32 128 2000 133
105 32 32 1000 139
106 8 320 400 152
107 8 320 1000 187
108 32 128 1000 142
109 32 128 2000 168
110 8 320 800 128
111 32 32 400 144
112 32 320 1000 190
113 8 32 5000 179
114 32 320 1000 96
115 32 32 5000 130
116 8 128 800 126
117 8 320 5000 156
118 8 320 1000 122
119 8 32 2000 90
120 8 320 800 199
121 32 128 2000 100
122 8 32 400 95
123 8 320 1000 123
124 32 128 5000 128
125 32 320 1000 164
126 8 32 2000 122
127 32 128 5000 143
128 8 320 800 161
129 8 32 1000 111
130 32 32 1000 158
131 8 32 800 125
132 32 320 400 146
133 32 32 400 196
134 8 32 2000 200
135 32 128 2000 197
136 32 128 800 130
137 8 128 400 177
138 32 128 5000 95
139 32 32 800 153
140 32 128 5000 104
141 32 32 800 162
142 8 32 800 138
143 8 320 1000 164
144 32 32 5000 174
145 32 320 400 141
146 32 320 1000 160
147 32 128 2000 149
148 8 32 2000 136
149 8 32 1000 108
150 8 32 1000 177
151 8 128 400 120
152 8 128 5000 99
153 8 320 5000 190
154 8 32 2000 91
155 32 320 400 119
156 8 32 1000 161
157 8 32 1000 120
158 32 32 800 179
159 8 32 400 105
160 8 128 2000 92
161 32 320 5000 177
162 32 32 800 159
163 8 320 400 189
164 32 32 400 93
165 32 32 800 134
166 8 32 2000 131
167 32 128 800 181
168 32 128 5000 129
169 8 32 5000 119
170 32 128 1000 94
171 32 320 1000 163
172 32 128 1000 129
173 32 32 2000 99
174 8 128 5000 196
175 8 320 2000 183
176 8 320 1000 110
177 32 32 1000 153
178 32 32 5000 94
179 32 320 2000 151
180 8 32 400 155
181 32 320 1000 164
182 8 128 5000 163
183 8 128 1000 136
184 32 128 5000 104
185 32 32 1000 93
186 8 32 400 145
187 32 32 2000 126
188 8 128 5000 169
189 8 32 1000 102
190 32 320 2000 108
191 8 128 800 156
192 8 320 2000 159
193 32 128 400 173
194 32 32 2000 190
195 8 320 800 126
196 32 32 5000 187
197 8 128 2000 93
198 8 320 2000 193
199 8 128 1000 160
200 32 32 1000 109
201 32 128 5000 140
202 32 320 800 102
203 32 32 1000 140
204 32 32 5000 136
205 32 32 400 144
206 8 32 400 104
207 8 128 2000 100
208 32 320 800 198
209 8 128 1000 200
210 8 320 5000 133
211 8 128 800 151
212 8 32 1000 106
213 32 320 1000 131
214 32 320 2000 149
215 32 320 2000 161
216 32 32 400 183
217 8 32 1000 188
218 8 128 800 169
219 8 320 5000 92
220 32 32 800 115
221 8 32 5000 111
222 8 320 800 121
223 32 32 800 160
224 8 32 5000 171
225 8 32 400 127
226 8 128 1000 199
227 8 320 800 168
228 8 128 800 115
229 8 128 5000 168
230 32 32 800 97
231 8 128 2000 187
232 8 320 400 126
233 32 320 5000 193
234 8 32 2000 170
235 32 320 400 124
236 32 32 1000 119
237 32 320 5000 130
238 32 128 5000 159
239 8 320 5000 133
240 8 128 800 196
241 32 128 400 182
242 32 32 1000 97
243 32 32 1000 129
244 32 32 5000 114
245 32 320 1000 135
246 32 320 800 156
247 32 128 1000 194
248 8 128 5000 150
249 8 128 2000 110
250 32 128 1000 93
251 8 320 5000 145
252 8 128 400 161
253 8 32 800 111
254 32 128 800 171
255 8 32 2000 143
256 32 128 1000 170
257 8 320 5000 119
258 32 32 5000 196
259 8 320 5000 194
260 32 32 2000 139
261 8 32 5000 184
262 32 128 5000 183
263 32 128 400 112
264 32 128 5000 95
265 8 320 400 153
266 32 128 5000 171
267 32 320 2000 159
268 8 320 400 200
269 8 320 2000 185
270 32 32 5000 93
271 8 128 1000 198
272 8 320 400 157
273 32 128 5000 171
274 32 128 1000 146
275 32 320 1000 101
276 8 32 1000 95
277 32 320 800 177
278 32 32 1000 193
279 8 320 800 119
280 32 128 800 142
281 32 32 400 124
282 8 128 800 147
283 8 32 2000 164
284 8 128 2000 159
285 8 128 1000 96
286 32 32 800 90
287 8 128 1000 176
288 32 128 800 97
289 8 128 5000 149
290 8 128 800 99
291 8 32 2000 197
292 8 32 1000 156
293 32 128 1000 194
294 8 320 800 200
295 8 128 800 139
296 32 128 2000 197
297 8 32 400 118
298 8 128 2000 131
299 8 128 400 114
300 32 32 5000 167
301 8 320 2000 149
302 32 32 5000 183
303 8 32 800 141
304 8 32 2000 170
305 32 128 400 137
306 32 32 400 119
307 8 128 5000 170
308 8 32 800 91
309 8 32 800 125
310 8 128 800 108
311 8 320 800 130
312 32 320 5000 192
313 32 128 2000 169
314 8 320 400 186
315 32 128 400 187
316 32 320 1000 179
317 8 32 2000 181
318 32 320 1000 107
319 32 128 5000 176
320 32 128 400 113
321 8 128 800 106
322 32 32 1000 181
323 32 128 2000 194
324 32 32 800 197
325 8 32 5000 142
326 8 128 800 196
327 32 320 400 178
328 8 128 800 198
329 8 320 2000 105
330 32 128 5000 126
331 8 32 1000 176
332 32 32 1000 111
333 32 128 400 199
334 32 320 2000 120
335 32 128 2000 140
336 32 320 2000 100
337 8 128 2000 165
338 32 320 800 141
339 8 128 5000 153
340 8 128 800 136
341 8 128 5000 100
342 32 128 1000 153
343 8 32 400 150
344 8 128 5000 134
345 8 320 800 175
346 32 32 5000 104
347 32 32 2000 141
348 8 128 2000 136
349 8 128 400 157
350 8 320 400 122
351 32 32 800 129
352 32 32 5000 142
353 32 32 400 150
354 8 32 400 146
355 8 32 2000 98
356 8 128 1000 125
357 8 128 800 187
358 32 320 800 116
359 8 32 1000 117
360 8 128 5000 121
361 8 320 400 96
362 8 32 2000 136
363 32 128 1000 165
364 8 320 400 178
365 8 320 1000 109
366 32 128 400 144
367 8 320 800 184
368 32 32 800 180
369 32 320 400 126
370 8 32 800 198
371 8 32 400 152
372 32 32 400 104
373 32 128 1000 164
374 32 128 400 191
375 8 128 2000 146
376 32 320 400 190
377 32 32 2000 173
378 8 320 400 98
379 8 128 800 185
380 8 128 1000 159
381 32 128 2000 105
382 8 128 800 174
383 8 128 800 133
384 32 128 800 119
385 32 320 800 184
386 32 320 1000 184
387 8 320 1000 168
388 32 128 400 116
389 32 320 2000 149
390 8 320 5000 109
391 32 128 5000 173
392 32 128 2000 161
393 8 320 800 111
394 32 128 2000 164
395 8 128 800 172
396 32 32 800 90
397 32 32 5000 179
398 32 128 800 156
399 8 320 400 146
400 8 32 400 179
401 32 320 5000 183
402 32 128 5000 151
403 8 128 2000 114
404 32 320 800 136
405 8 320 400 155
406 8 32 5000 120
407 32 32 400 116
408 32 32 5000 121
409 8 128 1000 125
410 32 320 1000 172
411 8 32 5000 105
412 8 128 5000 177
413 8 32 400 161
414 8 32 5000 187
415 32 32 400 121
416 8 128 400 112
417 32 32 1000 119
418 32 128 800 161
419 8 32 800 111
420 8 320 5000 132
421 32 32 2000 147
422 32 320 2000 125
423 32 128 2000 122
424 32 320 400 176
425 8 320 5000 125
426 32 32 400 175
427 32 320 1000 192
428 8 320 5000 177
429 8 128 1000 146
430 32 128 2000 109
431 32 320 2000 142
432 8 320 800 166
433 8 320 5000 105
434 32 32 400 193
435 32 128 800 176
436 8 128 800 123
437 32 32 1000 195
438 8 32 2000 122
439 8 320 5000 122
440 32 32 800 168
441 8 128 400 130
442 32 32 5000 100
443 8 320 5000 111
444 32 128 5000 169
445 32 320 5000 188
446 8 320 400 149
447 32 320 400 121
448 8 320 400 190
449 8 320 5000 130
450 32 32 1000 137
451 32 320 400 133
452 8 128 1000 135
453 32 32 5000 139
454 8 320 1000 172
455 32 32 400 147
456 8 320 1000 110
457 32 128 1000 124
458 32 32 1000 177
459 8 32 400 156
460 8 32 5000 116
461 32 32 5000 150
462 8 32 1000 93
463 32 32 800 148
464 32 320 1000 97
465 8 128 5000 151
466 32 128 5000 93
467 8 128 800 158
468 8 128 400 94
469 32 32 1000 164
470 8 128 400 91
471 32 32 400 98
472 32 320 5000 118
473 8 320 5000 140
474 8 320 1000 98
475 8 32 1000 97
476 32 32 800 189
477 8 32 5000 174
478 32 320 400 142
479 8 32 1000 156
480 8 128 5000 131
481 32 320 400 118
482 32 320 400 143
483 32 320 800 126
484 8 32 1000 137
485 8 32 400 171
486 8 32 400 158
487 8 32 1000 91
488 8 128 2000 196
489 32 128 1000 173
490 32 32 5000 179
491 8 32 5000 142
492 32 128 400 92
493 8 320 400 198
494 8 128 400 139
495 8 128 800 149
496 8 320 800 110
497 32 32 800 130
498 8 128 5000 137
499 32 320 1000 102
500 32 320 5000 94
501 32 32 1000 99
502 32 128 800 99
503 32 320 2000 185
504 32 32 800 157
505 32 128 5000 93
506 8 128 800 197
507 8 320 400 119
508 32 320 400 190
509 8 320 400 112
510 8 32 2000 192
511 8 320 5000 145
512 32 32 5000 105
513 8 128 1000 146
514 8 320 2000 120
515 8 128 2000 130
516 8 320 5000 155
517 32 32 400 147
518 8 32 800 199
519 8 320 800 192
520 32 128 2000 181
521 32 320 800 90
522 32 32 1000 163
523 32 128 400 116
524 8 320 400 185
525 8 128 400 179
526 8 320 2000 167
527 8 128 1000 105
528 32 320 5000 102
529 8 32 5000 102
530 8 32 400 134
531 32 32 2000 134
532 8 128 800 136
533 8 32 2000 128
534 8 32 400 137
535 32 128 5000 95
536 8 32 800 193
537 32 128 2000 106
538 8 320 400 157
539 8 128 800 120
540 32 128 400 143
541 32 128 1000 119
542 8 320 800 146
543 32 320 800 123
544 8 128 400 97
545 8 32 400 91
546 32 32 1000 109
547 8 128 2000 135
548 32 320 5000 164
549 32 128 5000 197
550 8 320 400 98
551 32 128 5000 115
552 32 128 1000 170
553 32 128 1000 169
554 32 320 800 139
555 32 320 2000 190
556 32 32 2000 124
557 32 128 5000 192
558 8 32 400 113
559 8 32 400 126
560 32 320 2000 137
561 8 32 800 112
562 32 320 2000 92
563 8 128 400 153
564 8 320 2000 141
565 8 32 800 165
566 8 32 800 156
567 8 128 5000 199
568 8 320 400 187
569 32 128 2000 151
570 8 320 5000 195
571 8 320 400 91
572 32 128 5000 167
573 8 32 2000 105
574 32 128 1000 117
575 32 320 1000 126
576 32 128 2000 123
577 8 320 5000 103
578 8 128 2000 166
579 8 32 400 177
580 32 128 1000 164
581 32 32 5000 130
582 8 32 400 91
583 8 128 5000 106
584 32 128 1000 93
585 32 128 800 125
586 32 128 800 129
587 8 32 800 152
588 8 320 5000 118
589 32 128 800 169
590 32 128 400 154
591 8 128 400 186
592 32 320 5000 170
593 8 128 400 130
594 32 320 800 157
595 8 320 400 159
596 8 128 1000 135
597 32 128 800 130
598 32 128 2000 152
599 32 320 1000 174
600 32 128 800 183
601 32 32 5000 196
602 32 320 1000 132
603 32 32 400 96
604 8 32 1000 109
605 32 32 400 137
606 32 320 800 149
607 8 128 800 102
608 8 128 1000 175
609 8 32 2000 175
610 32 128 5000 135
611 8 320 400 94
612 32 128 1000 108
613 8 128 400 122
614 32 320 800 166
615 32 32 5000 189
616 8 320 800 199
617 32 32 2000 199
618 32 320 1000 151
619 32 32 400 191
620 8 320 800 163
621 32 32 1000 97
622 8 128 1000 160
623 8 128 1000 151
624 8 128 5000 179
625 8 128 1000 181
626 32 128 800 128
627 32 32 1000 94
628 32 320 400 127
629 8 320 800 117
630 32 128 400 175
631 8 320 800 186
632 32 128 1000 91
633 8 320 2000 98
634 32 32 400 135
635 8 128 1000 200
636 32 320 1000 96
637 32 320 400 156
638 32 128 1000 119
639 32 32 1000 199
640 32 320 400 96
641 8 128 1000 184
642 8 32 1000 134
643 8 128 400 168
644 32 32 5000 139
645 32 32 400 198
646 8 32 400 98
647 32 320 800 156
648 32 128 800 97
649 8 32 400 181
650 8 320 1000 187
651 32 32 1000 131
652 32 320 2000 135
653 32 128 2000 131
654 8 128 5000 138
655 32 320 2000 188
656 8 128 1000 144
657 8 320 800 102
658 32 320 800 134
659 32 128 2000 132
660 32 320 5000 94
661 8 32 800 144
662 8 128 400 109
663 32 320 2000 159
664 8 32 2000 104
665 8 32 800 115
666 8 320 2000 105
667 32 320 1000 182
668 8 320 1000 105
669 32 32 2000 90
670 32 128 400 166
671 8 320 1000 150
672 8 128 400 197
673 8 128 400 119
674 32 320 400 186
675 32 128 5000 99
676 8 320 5000 160
677 32 320 1000 134
678 8 128 1000 195
679 8 128 5000 111
680 8 128 2000 184
681 32 320 1000 144
682 32 32 2000 148
683 8 320 2000 178
684 32 320 800 165
685 8 320 2000 179
686 8 128 5000 144
687 8 32 1000 107
688 32 320 5000 151
689 8 320 5000 152
690 8 320 1000 185
691 32 32 2000 115
692 8 128 800 171
693 32 320 5000 116
694 8 32 1000 112
695 8 128 800 153
696 8 128 800 111
697 8 128 2000 195
698 8 320 1000 147
699 8 320 1000 177
700 32 128 800 113
701 8 128 5000 141
702 8 320 1000 165
703 8 128 800 102
704 32 128 2000 160
705 32 128 1000 152
706 8 32 800 186
707 32 128 2000 172
708 32 128 400 124
709 32 32 2000 197
710 32 320 1000 123
711 8 320 800 148
712 8 32 800 91
713 32 320 400 199
714 8 32 2000 184
715 32 32 800 136
716 8 128 800 118
717 32 320 800 108
718 32 32 1000 182
719 32 320 400 192
720 32 128 400 117
721 32 32 400 173
722 8 128 800 130
723 32 32 2000 186
724 8 32 1000 175
725 32 320 400 157
726 32 32 1000 159
727 8 128 400 167
728 8 128 400 108
729 32 320 5000 122
730 32 128 800 146
731 8 128 5000 197
732 8 128 5000 167
733 32 128 800 126
734 32 32 1000 182
735 32 128 5000 190
736 32 320 2000 189
737 8 32 2000 136
738 8 32 400 124
739 8 32 5000 136
740 8 128 5000 112
741 8 128 400 169
742 8 32 800 156
743 32 32 400 119
744 32 128 2000 90
745 32 320 5000 104
746 32 128 1000 122
747 32 128 800 155
748 8 32 2000 104
749 32 320 1000 160
750 8 320 400 113
751 32 128 400 178
752 8 128 1000 164
753 8 320 400 136
754 8 128 400 129
755 8 320 400 156
756 32 320 400 169
757 32 128 2000 195
758 8 128 800 157
759 32 128 5000 103
760 8 320 800 103
761 8 320 5000 105
762 32 320 400 125
763 8 128 1000 146
764 32 128 1000 121
765 32 320 2000 178
766 32 128 2000 178
767 8 32 1000 188
768 8 128 800 134
769 8 32 400 90
770 8 320 2000 138
771 8 128 2000 127
772 8 320 5000 97
773 32 320 400 127
774 32 320 5000 184
775 8 320 1000 120
776 8 128 2000 112
777 32 32 5000 185
778 32 32 1000 159
779 8 128 2000 132
131
4 87 49 160
4 754 70 169
5 361 67 121
5 715 59 151
11 562 43 181
11 663 40 145
15 598 64 133
17 98 48 91
29 289 43 101
33 741 64 112
35 584 56 184
38 347 57 107
39 260 48 188
43 712 46 94
45 402 59 189
47 117 63 158
50 232 59 125
55 752 60 114
58 681 58 106
60 228 49 194
63 464 42 170
64 253 67 143
72 261 53 116
76 359 45 111
80 600 64 150
91 763 49 139
92 280 61 113
93 719 42 100
95 400 52 149
97 197 56 139
102 417 40 189
102 339 59 170
111 543 70 127
112 149 52 94
118 489 41 151
121 596 66 177
123 442 53 172
124 298 56 132
126 688 58 139
131 483 63 105
131 704 58 198
138 438 51 104
140 256 69 176
140 442 66 134
152 612 43 143
155 748 67 134
155 276 64 133
159 772 46 101
160 171 65 151
168 712 69 182
179 677 66 94
183 611 57 160
184 440 54 162
185 627 59 93
196 765 47 112
199 689 70 92
202 535 61 164
205 660 45 161
208 384 65 136
211 647 55 149
214 317 52 161
215 328 59 157
216 252 56 95
217 267 68 177
222 780 41 184
226 518 49 102
230 732 43 122
231 303 50 177
235 459 55 161
241 534 67 114
242 671 50 173
245 561 61 190
257 496 44 158
262 265 53 185
265 588 41 162
293 547 69 148
294 583 61 131
299 451 42 197
300 389 66 171
307 383 48 191
315 362 51 141
324 721 40 127
327 644 40 149
327 572 49 98
343 430 50 185
348 373 50 173
355 390 58 91
361 637 40 154
365 451 46 117
367 696 64 117
371 590 56 185
376 728 55 151
379 479 52 137
395 713 49 169
404 455 51 152
411 657 54 196
413 743 68 108
422 704 48 108
427 546 56 131
444 565 45 172
460 599 62 174
461 565 70 136
465 564 43 152
468 677 66 106
475 561 65 164
478 757 65 113
479 644 51 159
483 537 48 155
485 584 68 118
489 686 68 127
495 760 57 118
530 579 44 179
542 649 62 137
559 681 68 155
564 575 45 117
567 586 44 134
577 598 64 179
588 762 53 140
618 777 40 112
618 708 66 180
624 759 51 152
632 731 56 200
645 726 50 110
671 751 64 127
683 754 44 167
688 777 61 129
692 741 66 140
712 729 63 175
716 758 44 162
736 743 46 116
755 778 59 189