148
0 2 16 150 54
1 8 64 150 75
2 8 4 200 87
3 16 2 50 61
4 16 16 200 72
5 16 4 200 69
6 8 4 150 84
7 16 4 150 97
8 16 4 200 82
9 8 2 100 95
10 16 2 50 96
11 2 2 150 72
12 2 16 150 61
13 16 4 200 55
14 8 64 200 85
15 16 64 50 51
16 2 2 50 65
17 16 4 100 54
18 8 2 50 72
19 8 64 200 92
20 16 64 200 88
21 16 2 50 65
22 16 16 150 87
23 2 16 200 70
24 2 16 150 84
25 16 2 150 83
26 8 16 100 84
27 16 2 100 56
28 16 16 200 80
29 2 4 200 87
30 8 4 50 91
31 2 4 100 75
32 2 2 50 56
33 8 64 150 95
34 8 4 50 70
35 8 16 200 59
36 2 4 50 82
37 8 2 150 82
38 16 4 50 53
39 8 4 150 76
40 8 16 50 92
41 8 64 100 74
42 8 2 150 53
43 8 4 150 70
44 8 16 200 85
45 2 16 100 73
46 2 2 150 52
47 16 64 150 59
48 16 16 150 63
49 8 64 100 52
50 8 16 200 78
51 16 4 150 52
52 8 4 50 70
53 2 2 50 79
54 16 16 200 55
55 16 64 150 59
56 8 16 150 71
57 2 64 200 84
58 8 4 150 100
59 16 16 50 71
60 2 64 150 86
61 16 2 50 99
62 2 64 200 99
63 16 16 200 88
64 16 4 150 69
65 8 64 150 95
66 2 16 150 99
67 2 2 100 88
68 8 16 100 90
69 16 64 100 89
70 16 16 150 87
71 2 2 50 90
72 8 4 150 85
73 16 2 150 50
74 2 2 100 93
75 16 2 200 76
76 8 2 50 75
77 16 4 50 53
78 8 64 100 53
79 2 4 150 52
80 8 4 50 88
81 8 16 200 74
82 8 4 50 76
83 2 2 150 91
84 8 64 50 92
85 8 16 200 67
86 16 4 100 85
87 16 4 50 62
88 2 16 200 97
89 2 2 100 62
90 8 64 150 88
91 16 4 150 67
92 2 16 150 55
93 2 2 200 80
94 16 16 50 99
95 2 2 100 53
96 2 64 100 93
97 2 4 50 75
98 8 64 100 96
99 8 4 100 95
100 16 64 150 50
101 2 16 150 82
102 16 16 150 94
103 8 2 200 69
104 2 64 100 79
105 8 4 200 90
106 2 4 150 80
107 16 64 50 66
108 2 64 150 51
109 2 16 100 74
110 16 4 150 66
111 8 2 200 55
112 8 2 100 53
113 16 2 200 58
114 2 2 200 96
115 16 4 150 59
116 8 16 200 78
117 16 2 200 62
118 16 64 200 77
119 2 2 200 61
120 2 2 200 51
121 8 2 100 51
122 8 2 200 61
123 2 4 50 59
124 2 16 200 69
125 8 64 100 72
126 8 4 100 70
127 8 16 50 58
128 16 2 150 60
129 2 2 200 71
130 2 2 100 59
131 16 64 50 52
132 2 64 200 55
133 16 2 200 52
134 16 64 150 63
135 8 64 100 51
136 8 4 100 80
137 8 4 100 57
138 16 2 50 51
139 8 64 100 61
140 2 16 50 84
141 2 64 100 93
142 2 64 150 64
143 8 4 200 62
144 8 4 100 77
145 16 64 150 82
146 2 2 50 67
147 2 16 100 55
15
1 30 51 123
4 30 55 164
11 136 45 200
15 135 63 110
41 86 48 127
47 123 67 144
50 101 65 149
53 126 52 169
58 127 42 161
62 123 44 97
70 123 51 129
76 92 46 135
79 124 49 173
92 108 64 168
96 133 70 91