347
0 64 128 5000 128
1 32 16 5000 107
2 32 128 500 113
3 16 64 5000 184
4 16 128 800 147
5 16 64 2400 120
6 64 256 500 92
7 64 64 5000 95
8 32 256 800 130
9 64 16 1000 162
10 128 16 1000 127
11 32 256 5000 111
12 128 16 2400 118
13 16 16 1000 112
14 64 16 5000 141
15 64 256 800 149
16 16 128 800 182
17 32 16 5000 195
18 16 256 5000 95
19 128 16 500 101
20 32 128 1000 120
21 64 64 5000 120
22 64 16 800 136
23 16 128 5000 118
24 64 64 800 117
25 16 128 2400 168
26 16 64 5000 115
27 32 256 800 107
28 64 256 5000 150
29 32 128 2400 142
30 64 256 5000 94
31 32 64 800 114
32 64 64 800 107
33 16 256 5000 128
34 128 128 1000 193
35 32 256 2400 160
36 64 16 1000 125
37 64 128 800 118
38 64 16 800 199
39 64 16 1000 140
40 16 256 800 109
41 16 256 2400 193
42 16 64 2400 148
43 128 16 2400 133
44 32 64 500 122
45 32 256 800 173
46 64 16 5000 148
47 64 16 1000 176
48 64 256 1000 102
49 16 64 5000 200
50 16 16 1000 109
51 16 128 500 108
52 128 256 500 193
53 64 128 1000 174
54 128 64 800 114
55 32 128 800 195
56 16 256 1000 114
57 16 256 500 180
58 32 16 1000 199
59 128 16 800 129
60 64 256 2400 195
61 128 16 2400 93
62 16 256 1000 112
63 128 64 800 163
64 128 64 800 126
65 16 256 1000 187
66 64 128 2400 182
67 64 128 500 181
68 128 16 1000 154
69 16 16 2400 180
70 32 16 1000 98
71 64 16 1000 124
72 64 256 1000 170
73 16 16 500 181
74 64 256 500 97
75 16 256 800 120
76 64 128 2400 153
77 32 16 1000 150
78 128 16 500 154
79 16 64 500 144
80 32 16 500 153
81 16 64 2400 188
82 32 256 1000 139
83 128 64 1000 190
84 16 128 1000 138
85 64 64 1000 178
86 32 64 800 139
87 128 16 800 199
88 32 256 1000 172
89 32 16 2400 171
90 16 128 5000 174
91 64 16 1000 165
92 32 16 2400 160
93 16 128 500 193
94 16 128 2400 156
95 64 256 2400 179
96 128 256 5000 134
97 32 128 5000 116
98 64 256 500 99
99 32 16 500 161
100 16 64 500 143
101 32 256 5000 170
102 64 128 500 142
103 32 16 800 143
104 32 64 1000 175
105 128 16 800 125
106 16 64 500 97
107 64 128 1000 120
108 32 64 1000 112
109 32 16 5000 163
110 64 16 5000 154
111 128 64 5000 141
112 128 128 1000 126
113 32 16 1000 189
114 128 128 5000 184
115 32 16 500 178
116 16 256 800 112
117 16 256 2400 155
118 128 64 800 192
119 32 128 2400 154
120 64 64 800 137
121 64 256 2400 186
122 64 128 2400 187
123 128 256 2400 128
124 64 64 500 157
125 128 16 500 190
126 32 128 500 198
127 16 128 800 134
128 16 256 500 194
129 128 256 800 174
130 128 64 800 146
131 128 256 1000 157
132 32 64 5000 160
133 128 256 500 188
134 16 128 2400 114
135 16 256 5000 138
136 128 256 2400 110
137 64 128 500 132
138 64 128 1000 187
139 32 64 500 197
140 64 256 800 100
141 32 128 5000 187
142 32 128 1000 171
143 32 256 800 109
144 128 16 2400 200
145 32 64 500 131
146 32 16 2400 101
147 128 256 5000 95
148 32 16 2400 169
149 32 256 500 145
150 32 256 5000 113
151 128 16 500 162
152 16 128 1000 125
153 128 16 500 199
154 32 128 500 90
155 32 128 5000 170
156 64 256 5000 160
157 32 256 800 146
158 32 128 5000 108
159 64 16 800 121
160 16 16 800 92
161 16 16 2400 134
162 32 256 500 112
163 128 16 500 163
164 16 256 1000 95
165 128 256 2400 175
166 128 64 5000 168
167 16 128 5000 168
168 128 16 500 174
169 16 256 2400 149
170 128 256 800 131
171 128 256 1000 118
172 64 16 800 117
173 64 128 5000 129
174 32 256 2400 128
175 64 256 2400 162
176 32 64 1000 106
177 32 256 500 195
178 16 128 500 165
179 32 256 800 200
180 64 64 5000 192
181 32 64 800 197
182 128 64 1000 153
183 64 16 1000 142
184 128 256 800 185
185 128 256 500 184
186 16 128 800 139
187 64 128 1000 124
188 64 128 800 118
189 16 64 1000 106
190 128 16 2400 191
191 16 16 800 154
192 64 256 1000 130
193 128 128 5000 154
194 128 16 800 163
195 128 256 500 149
196 128 256 500 188
197 16 64 1000 107
198 64 128 2400 102
199 32 256 5000 156
200 16 16 500 192
201 64 64 800 162
202 128 16 5000 145
203 128 256 2400 121
204 64 128 2400 160
205 64 16 5000 93
206 32 64 800 169
207 128 128 800 121
208 16 128 2400 141
209 128 256 1000 137
210 32 16 1000 157
211 64 128 5000 154
212 16 16 1000 126
213 128 256 2400 99
214 32 16 1000 161
215 128 64 5000 98
216 32 64 2400 177
217 64 16 500 185
218 32 256 1000 158
219 64 128 2400 137
220 64 128 5000 143
221 128 256 2400 196
222 32 128 1000 106
223 16 256 2400 137
224 64 128 1000 173
225 16 128 2400 182
226 64 128 1000 110
227 32 256 5000 178
228 16 16 1000 133
229 128 64 2400 180
230 128 64 5000 105
231 32 128 5000 98
232 128 64 2400 175
233 128 256 2400 103
234 16 128 2400 141
235 64 16 500 190
236 128 64 2400 181
237 32 64 2400 200
238 128 16 2400 151
239 16 128 2400 192
240 32 16 5000 159
241 32 128 1000 146
242 32 128 800 192
243 32 64 500 116
244 32 16 500 179
245 16 64 500 119
246 64 64 2400 155
247 64 16 500 199
248 16 64 2400 124
249 64 256 2400 124
250 16 256 1000 137
251 32 256 5000 173
252 128 16 5000 167
253 32 256 2400 106
254 16 64 800 172
255 64 128 2400 196
256 32 128 5000 166
257 16 256 2400 193
258 16 64 5000 126
259 64 256 800 126
260 128 128 500 133
261 64 128 800 163
262 128 16 2400 163
263 128 64 5000 163
264 32 64 5000 110
265 32 16 500 122
266 128 16 500 119
267 128 64 2400 177
268 32 128 800 151
269 64 256 1000 91
270 32 64 800 95
271 128 128 5000 183
272 128 64 800 106
273 64 64 800 106
274 64 256 5000 150
275 16 16 500 105
276 128 256 800 164
277 128 16 500 98
278 64 256 500 178
279 32 128 800 140
280 128 128 5000 153
281 64 128 5000 182
282 64 256 5000 154
283 128 256 1000 158
284 128 64 500 161
285 128 256 1000 94
286 32 256 500 172
287 16 16 2400 159
288 32 64 1000 196
289 16 64 5000 196
290 16 256 800 196
291 32 128 500 103
292 16 64 5000 133
293 64 64 2400 104
294 128 64 2400 119
295 64 256 2400 125
296 32 256 5000 171
297 16 64 1000 95
298 64 64 500 100
299 16 64 500 168
300 32 256 5000 142
301 64 64 5000 155
302 32 16 2400 102
303 16 128 5000 108
304 16 256 5000 183
305 128 16 500 98
306 16 256 5000 101
307 16 256 500 174
308 16 16 1000 130
309 128 256 2400 163
310 32 128 1000 179
311 64 256 800 137
312 16 64 5000 120
313 64 128 500 184
314 128 64 500 111
315 128 256 5000 158
316 128 128 800 181
317 64 256 2400 96
318 128 64 800 182
319 16 64 5000 108
320 128 64 1000 111
321 32 16 5000 153
322 64 128 5000 160
323 128 64 1000 169
324 64 64 500 185
325 64 16 800 136
326 32 256 800 104
327 16 64 2400 170
328 16 256 5000 164
329 16 256 2400 131
330 64 256 500 164
331 64 256 5000 148
332 64 128 1000 107
333 128 128 1000 200
334 32 64 2400 150
335 16 256 1000 188
336 64 64 2400 173
337 128 256 800 97
338 32 16 5000 105
339 16 128 500 161
340 16 16 1000 127
341 64 256 5000 180
342 64 16 500 174
343 32 64 500 179
344 128 16 5000 163
345 64 64 500 190
346 64 16 1000 164
53
13 218 40 109
18 140 70 157
19 74 48 97
19 250 68 197
22 237 66 149
27 250 43 98
30 54 57 165
38 187 65 162
39 300 65 112
39 326 60 167
53 318 40 118
54 238 61 164
57 86 40 139
59 338 68 179
60 184 58 118
62 132 46 135
67 106 43 198
73 347 48 198
74 202 67 133
77 202 50 90
82 245 68 151
83 215 62 176
85 117 48 117
86 229 68 172
88 201 60 150
88 120 40 193
95 131 60 194
97 153 54 170
101 171 50 167
101 123 60 95
117 293 61 103
120 343 67 190
131 196 69 190
142 325 54 136
146 323 65 121
160 165 49 120
166 289 47 183
167 330 70 194
178 291 64 113
183 255 59 174
200 210 64 161
201 330 68 116
209 269 52 104
215 329 68 180
217 310 41 173
222 259 56 103
227 238 41 102
236 264 67 119
238 301 54 151
239 310 50 192
260 296 56 181
269 289 66 121
283 333 69 122