606
0 128 256 2400 115
1 64 128 2400 152
2 16 16 5000 199
3 16 64 800 133
4 32 64 2400 132
5 128 256 800 101
6 16 256 5000 121
7 64 256 2400 178
8 64 128 5000 120
9 128 64 2400 176
10 32 128 500 189
11 32 64 1000 162
12 32 128 800 102
13 32 128 2400 145
14 64 128 5000 146
15 128 16 500 176
16 32 256 800 155
17 16 256 5000 191
18 64 16 2400 98
19 128 16 1000 106
20 16 256 5000 131
21 64 128 5000 192
22 16 128 500 139
23 32 128 800 105
24 16 256 500 159
25 64 256 5000 110
26 64 256 1000 175
27 16 16 1000 181
28 16 64 2400 102
29 32 16 800 177
30 16 64 2400 111
31 16 128 2400 165
32 32 16 800 114
33 64 256 2400 174
34 32 16 800 113
35 32 16 5000 124
36 16 256 800 160
37 16 64 1000 134
38 32 256 2400 178
39 16 256 5000 146
40 16 16 5000 119
41 16 64 5000 130
42 16 64 500 161
43 16 128 2400 105
44 32 128 5000 176
45 16 16 500 196
46 16 64 1000 97
47 128 16 800 193
48 16 16 1000 175
49 128 64 800 112
50 64 16 1000 114
51 32 16 5000 169
52 16 64 800 182
53 16 16 1000 158
54 64 16 800 94
55 32 16 1000 186
56 32 128 500 137
57 128 16 1000 148
58 64 16 5000 148
59 32 64 5000 122
60 32 128 1000 100
61 64 256 1000 102
62 16 128 5000 146
63 32 256 500 104
64 128 64 2400 150
65 32 16 800 173
66 64 256 1000 184
67 64 64 800 190
68 16 128 5000 140
69 16 64 1000 130
70 64 64 2400 108
71 16 256 5000 171
72 64 64 500 100
73 32 64 2400 137
74 16 16 500 155
75 64 16 500 188
76 128 128 500 155
77 16 64 1000 147
78 16 64 5000 156
79 64 64 800 180
80 16 128 2400 96
81 64 256 1000 105
82 16 128 800 182
83 128 256 500 145
84 64 256 500 184
85 64 256 800 173
86 64 64 5000 132
87 64 16 2400 140
88 64 128 500 186
89 64 16 5000 138
90 16 256 1000 148
91 32 128 5000 138
92 16 16 5000 178
93 128 128 1000 173
94 16 16 5000 171
95 64 64 5000 159
96 32 16 2400 112
97 64 64 5000 116
98 32 128 1000 99
99 64 64 1000 196
100 32 128 800 93
101 16 16 1000 149
102 64 128 800 193
103 64 128 1000 190
104 64 256 2400 193
105 32 128 1000 193
106 128 64 1000 145
107 64 256 500 159
108 16 64 500 104
109 32 128 500 166
110 64 256 5000 109
111 32 64 2400 176
112 16 128 800 90
113 32 64 2400 105
114 64 256 800 159
115 128 64 1000 102
116 16 256 5000 124
117 64 128 5000 195
118 16 64 2400 188
119 128 256 500 150
120 32 128 1000 176
121 32 128 1000 177
122 32 128 500 105
123 32 128 800 97
124 64 16 1000 141
125 64 64 500 163
126 16 16 1000 194
127 16 256 5000 125
128 16 256 800 175
129 128 128 800 140
130 32 128 800 127
131 64 16 5000 193
132 32 64 5000 119
133 32 128 500 107
134 128 64 1000 189
135 32 256 1000 149
136 32 64 1000 114
137 16 256 1000 96
138 32 256 2400 189
139 16 256 5000 145
140 16 16 500 97
141 64 16 500 155
142 64 256 1000 105
143 32 16 5000 191
144 128 16 800 191
145 16 64 2400 178
146 32 128 5000 181
147 32 16 5000 108
148 64 16 5000 144
149 16 256 2400 186
150 128 64 2400 126
151 32 256 500 98
152 32 256 2400 196
153 32 64 800 134
154 64 64 800 143
155 128 128 5000 199
156 32 16 2400 150
157 32 16 1000 99
158 64 16 1000 132
159 64 16 800 103
160 16 16 5000 120
161 32 16 1000 127
162 128 256 5000 177
163 16 256 1000 143
164 16 64 5000 136
165 16 16 800 150
166 64 128 800 144
167 16 16 1000 100
168 128 256 2400 97
169 128 16 5000 151
170 64 256 800 144
171 32 64 5000 199
172 128 16 5000 191
173 64 256 800 143
174 64 64 2400 139
175 16 128 500 106
176 128 64 5000 132
177 16 64 500 160
178 64 64 5000 105
179 16 128 800 169
180 128 256 2400 126
181 32 16 800 96
182 16 16 1000 94
183 32 64 800 94
184 128 16 1000 154
185 64 64 800 122
186 64 128 1000 130
187 64 64 800 167
188 32 256 800 110
189 128 256 500 174
190 64 64 2400 193
191 64 256 800 171
192 32 256 800 149
193 16 128 2400 138
194 64 256 2400 110
195 32 256 2400 184
196 32 16 800 152
197 16 128 500 146
198 128 16 1000 166
199 32 64 500 168
200 32 256 800 91
201 32 64 800 139
202 64 64 500 91
203 32 128 5000 141
204 128 128 2400 108
205 128 256 800 154
206 16 256 2400 92
207 64 64 800 154
208 128 256 800 145
209 16 64 2400 98
210 16 16 5000 199
211 64 256 2400 152
212 128 128 500 95
213 128 64 500 100
214 16 16 5000 104
215 16 16 5000 150
216 16 256 2400 120
217 128 256 2400 106
218 64 16 1000 165
219 32 128 5000 155
220 128 128 5000 93
221 128 64 500 191
222 64 256 500 179
223 64 128 500 95
224 32 64 500 135
225 16 64 1000 180
226 32 128 5000 102
227 128 64 2400 165
228 32 256 2400 197
229 64 16 2400 192
230 32 256 800 143
231 128 256 2400 109
232 16 128 2400 143
233 64 64 800 95
234 16 16 2400 157
235 64 64 500 125
236 128 64 2400 161
237 64 256 5000 135
238 64 64 800 138
239 128 64 500 179
240 32 64 500 93
241 16 256 2400 198
242 32 256 800 115
243 128 64 2400 179
244 32 64 1000 153
245 32 16 1000 158
246 32 16 5000 115
247 32 16 1000 116
248 16 128 5000 115
249 64 128 500 142
250 128 128 2400 185
251 32 128 1000 118
252 128 16 800 134
253 32 256 1000 188
254 128 128 1000 114
255 64 128 2400 189
256 32 128 2400 96
257 64 16 1000 189
258 16 128 5000 160
259 128 256 1000 139
260 64 128 5000 160
261 16 16 1000 137
262 16 128 2400 180
263 64 64 800 135
264 32 128 800 147
265 32 128 800 172
266 16 256 1000 172
267 128 128 2400 176
268 32 256 2400 143
269 128 128 2400 123
270 64 128 2400 187
271 64 128 2400 117
272 128 128 800 139
273 32 64 5000 169
274 16 64 500 136
275 32 64 1000 136
276 16 64 5000 104
277 16 256 2400 179
278 128 256 500 136
279 32 256 2400 92
280 32 256 1000 111
281 16 64 2400 170
282 64 128 800 164
283 16 64 2400 173
284 32 16 800 125
285 32 256 800 142
286 16 128 500 166
287 64 64 800 115
288 64 128 500 130
289 128 256 5000 172
290 32 16 500 198
291 128 64 500 116
292 16 256 2400 187
293 128 128 5000 199
294 64 16 2400 180
295 64 64 500 156
296 128 128 1000 120
297 32 16 500 188
298 128 16 1000 145
299 16 64 2400 160
300 16 64 500 154
301 128 64 500 179
302 32 128 1000 198
303 32 128 1000 90
304 128 64 5000 169
305 64 128 5000 178
306 16 16 500 146
307 64 256 5000 196
308 64 16 1000 164
309 128 256 500 144
310 32 64 500 199
311 64 16 2400 184
312 64 256 5000 117
313 64 16 5000 107
314 64 256 500 133
315 128 16 1000 135
316 64 64 500 198
317 64 16 800 146
318 16 16 5000 90
319 128 64 1000 142
320 64 256 500 134
321 128 64 1000 166
322 64 64 2400 97
323 64 16 5000 159
324 128 16 5000 197
325 64 64 800 189
326 128 16 2400 116
327 128 128 5000 153
328 64 128 500 135
329 128 64 800 97
330 16 64 1000 155
331 128 64 500 108
332 32 256 500 174
333 32 16 500 167
334 32 16 1000 141
335 32 128 800 127
336 32 256 1000 120
337 32 16 5000 138
338 16 64 5000 155
339 32 16 2400 96
340 128 16 2400 148
341 64 128 800 133
342 128 128 5000 98
343 16 16 1000 123
344 128 256 5000 143
345 64 64 800 125
346 128 128 2400 125
347 64 128 800 183
348 128 16 5000 147
349 64 64 1000 159
350 16 16 2400 181
351 64 256 1000 122
352 16 128 500 165
353 32 128 2400 195
354 32 256 1000 160
355 64 256 500 106
356 32 64 2400 136
357 32 64 1000 141
358 64 256 1000 93
359 64 256 800 156
360 32 16 800 177
361 64 256 1000 99
362 128 128 500 126
363 32 16 800 198
364 128 256 500 108
365 128 16 5000 159
366 16 256 5000 179
367 128 256 5000 187
368 32 16 1000 177
369 16 64 2400 198
370 64 128 500 130
371 32 256 2400 158
372 16 16 500 174
373 64 256 500 187
374 64 64 1000 116
375 32 256 5000 110
376 64 256 2400 111
377 16 64 1000 169
378 16 128 1000 151
379 128 256 5000 165
380 16 16 2400 145
381 64 256 2400 173
382 16 64 5000 150
383 16 128 1000 166
384 32 64 500 125
385 64 256 800 171
386 16 256 5000 96
387 16 64 5000 109
388 16 256 800 197
389 64 128 2400 154
390 64 128 2400 181
391 32 64 1000 190
392 128 256 1000 162
393 64 64 5000 136
394 128 256 1000 150
395 16 16 500 185
396 128 16 500 186
397 128 64 5000 136
398 64 128 2400 176
399 32 256 5000 149
400 128 64 1000 191
401 64 64 2400 117
402 32 64 5000 174
403 32 128 500 180
404 128 256 5000 152
405 128 256 1000 185
406 16 64 1000 116
407 64 256 5000 160
408 64 16 800 99
409 128 256 5000 139
410 32 64 5000 114
411 128 16 500 158
412 64 64 2400 152
413 16 128 2400 137
414 32 256 5000 155
415 128 16 1000 133
416 16 16 5000 176
417 32 128 500 143
418 16 64 5000 142
419 32 64 5000 176
420 128 16 5000 110
421 64 16 5000 157
422 16 64 500 133
423 16 64 1000 108
424 16 128 1000 140
425 128 256 2400 196
426 64 16 2400 117
427 64 256 5000 198
428 32 16 5000 188
429 64 64 800 157
430 64 16 800 168
431 64 128 1000 116
432 32 16 800 100
433 32 16 5000 97
434 16 16 5000 181
435 16 64 500 127
436 128 16 800 95
437 64 256 500 114
438 32 16 500 139
439 64 256 2400 104
440 128 256 1000 176
441 128 64 500 180
442 16 16 500 138
443 64 256 1000 177
444 64 16 5000 95
445 32 64 5000 163
446 128 16 800 134
447 128 16 1000 133
448 32 256 5000 200
449 64 64 1000 134
450 16 128 5000 130
451 16 128 2400 176
452 128 128 500 121
453 128 16 800 123
454 32 16 800 112
455 32 16 800 196
456 128 256 5000 192
457 16 128 500 161
458 16 64 5000 113
459 16 64 500 178
460 64 16 800 129
461 64 64 500 122
462 64 128 500 184
463 128 256 500 105
464 128 256 500 178
465 16 128 1000 180
466 32 16 1000 179
467 128 128 800 145
468 16 256 2400 192
469 32 64 5000 191
470 32 64 5000 151
471 16 128 1000 173
472 64 16 2400 145
473 16 256 800 115
474 32 16 5000 97
475 32 16 500 174
476 16 256 1000 158
477 32 128 800 111
478 128 256 500 91
479 32 256 1000 119
480 64 64 500 191
481 64 128 5000 162
482 32 64 500 102
483 128 64 500 111
484 16 16 5000 191
485 16 256 1000 187
486 16 128 5000 170
487 128 256 5000 101
488 32 256 1000 133
489 16 16 800 153
490 32 16 800 173
491 128 64 800 128
492 32 64 800 195
493 64 64 1000 196
494 128 256 500 120
495 16 128 500 174
496 128 64 2400 176
497 64 16 500 120
498 64 256 1000 137
499 128 256 800 163
500 128 256 5000 155
501 64 16 800 130
502 64 128 500 132
503 64 128 800 151
504 64 256 5000 129
505 64 16 800 120
506 16 256 5000 115
507 16 256 5000 122
508 16 128 5000 125
509 128 16 1000 183
510 32 16 5000 120
511 32 16 2400 184
512 128 128 5000 172
513 32 16 1000 200
514 32 128 800 173
515 64 128 2400 158
516 16 128 2400 114
517 128 256 1000 93
518 32 16 5000 194
519 16 64 1000 163
520 16 128 5000 139
521 32 16 800 119
522 64 256 800 181
523 128 256 2400 165
524 128 128 800 157
525 32 16 2400 195
526 128 64 1000 180
527 64 64 500 141
528 16 128 500 113
529 128 128 800 145
530 64 64 500 151
531 64 64 5000 102
532 64 256 5000 199
533 128 64 1000 115
534 64 128 800 170
535 32 64 5000 198
536 128 64 1000 164
537 32 128 800 141
538 64 128 1000 149
539 64 64 5000 132
540 32 16 800 109
541 128 16 500 151
542 64 64 5000 138
543 64 16 500 147
544 16 256 800 200
545 32 256 1000 187
546 32 64 800 162
547 64 128 1000 198
548 128 64 2400 146
549 64 64 1000 192
550 16 64 5000 188
551 128 64 500 102
552 16 128 500 162
553 16 64 800 90
554 32 256 1000 103
555 128 16 2400 175
556 64 16 2400 161
557 128 128 2400 146
558 128 128 1000 98
559 32 256 2400 112
560 128 64 1000 90
561 64 256 1000 183
562 128 256 5000 102
563 32 16 2400 175
564 32 64 5000 113
565 128 256 5000 146
566 16 64 500 199
567 64 128 5000 142
568 64 256 5000 183
569 64 64 500 177
570 64 64 1000 164
571 32 256 1000 192
572 32 128 1000 111
573 128 256 500 191
574 128 256 800 184
575 128 128 2400 199
576 128 64 2400 163
577 128 16 500 109
578 64 256 2400 191
579 128 128 500 196
580 32 128 500 191
581 32 256 1000 160
582 32 256 500 193
583 64 256 2400 182
584 16 64 800 169
585 16 128 1000 135
586 128 128 2400 191
587 16 256 500 96
588 32 128 5000 170
589 32 256 500 100
590 64 16 500 186
591 16 256 5000 146
592 64 128 5000 168
593 32 256 800 190
594 16 16 800 182
595 64 256 500 99
596 32 256 5000 116
597 128 256 1000 144
598 32 16 1000 141
599 64 64 500 160
600 64 16 1000 132
601 32 64 500 176
602 16 128 2400 118
603 64 16 1000 159
604 32 16 5000 131
605 32 128 500 141
281
1 482 49 176
1 77 56 148
3 168 44 187
3 74 59 92
4 179 40 107
6 355 44 166
7 488 61 146
10 482 58 139
10 186 66 161
11 300 65 138
11 124 58 199
12 427 63 191
14 64 53 191
14 226 55 119
15 379 42 102
16 184 62 116
17 43 62 189
18 483 60 95
18 148 62 122
19 531 58 104
23 181 42 174
24 305 57 142
24 176 64 157
25 523 43 157
25 469 50 130
26 344 49 93
29 125 66 141
30 132 58 146
31 451 52 188
32 400 51 150
33 265 53 151
33 94 44 171
34 503 67 199
34 605 50 137
35 388 41 91
35 440 41 145
38 72 65 170
38 308 64 198
40 235 48 135
42 92 41 149
42 460 47 93
44 493 64 187
45 195 43 159
45 337 56 185
45 383 52 167
46 328 41 112
46 366 57 125
47 56 48 109
48 136 46 105
48 275 69 130
48 123 62 153
49 435 45 152
49 493 56 90
50 167 44 144
50 424 44 180
51 218 65 91
52 104 53 122
56 589 44 116
57 415 51 111
58 89 51 181
58 164 55 97
60 192 45 100
60 225 69 152
63 360 45 180
63 597 54 118
66 107 40 133
68 87 58 101
68 71 51 195
68 591 59 195
69 574 44 129
70 210 70 194
70 318 50 94
71 231 50 119
73 359 57 159
75 353 60 155
77 290 55 176
77 549 59 117
80 465 50 195
81 149 59 162
83 478 68 96
85 147 68 103
87 397 51 137
88 578 65 127
88 460 46 170
89 251 58 181
90 323 54 100
93 151 55 117
95 564 40 122
95 143 55 189
95 360 42 162
98 517 53 155
98 260 41 136
99 513 55 123
101 156 62 132
101 387 43 110
102 192 58 99
102 472 68 184
105 490 61 95
107 142 49 133
107 488 59 192
107 553 60 167
109 207 69 165
110 129 53 119
110 145 57 152
110 586 66 176
111 317 67 145
111 145 69 113
111 220 50 185
114 320 48 191
115 343 62 121
116 161 60 174
117 572 49 114
119 205 42 145
122 536 40 169
123 467 68 190
123 585 49 151
125 605 67 186
127 585 54 184
129 432 57 147
130 581 48 132
134 435 59 143
135 498 69 194
135 303 45 122
136 537 53 176
137 602 64 188
141 509 43 102
144 170 60 192
145 583 63 172
147 287 67 194
147 282 55 170
148 266 67 92
148 479 57 169
151 575 47 91
152 477 52 160
154 327 40 170
154 208 62 104
155 437 44 100
160 261 43 192
161 272 46 142
161 545 59 150
164 196 59 188
165 551 54 100
166 306 45 169
168 263 54 142
170 405 69 195
170 292 50 137
170 499 49 170
171 405 65 97
171 226 62 143
172 279 52 93
172 402 57 183
173 196 57 197
175 291 56 133
175 459 60 115
177 270 58 118
181 600 67 155
187 398 53 196
188 603 69 128
188 537 40 120
189 402 69 109
192 195 56 117
192 395 46 133
193 210 58 175
193 312 59 122
196 436 46 173
198 252 53 188
199 474 66 96
200 487 41 148
201 455 52 174
207 220 57 161
209 546 42 162
209 538 53 173
210 476 51 111
211 588 47 134
212 520 68 114
213 242 54 195
213 247 53 160
213 275 52 177
224 278 64 148
226 255 67 120
228 521 67 162
233 591 70 159
235 299 59 104
239 413 42 117
240 378 67 169
243 455 48 137
243 528 64 194
248 333 53 121
249 380 44 186
251 374 56 198
253 532 66 167
253 342 67 161
253 478 58 135
255 588 49 128
257 489 64 153
258 299 50 129
258 439 69 172
261 584 66 139
262 429 43 134
263 462 48 142
265 269 44 166
265 547 59 185
268 516 55 112
271 595 63 95
283 396 51 164
283 512 48 193
286 359 60 178
286 335 52 162
289 540 44 161
289 540 61 128
291 304 48 92
292 397 49 104
295 544 64 174
298 469 46 200
301 422 46 125
307 551 69 169
309 506 61 180
310 513 65 112
313 420 70 172
313 340 40 91
318 417 68 175
319 545 57 173
320 561 69 171
321 526 46 173
325 438 52 125
330 375 42 99
331 456 66 139
331 507 51 94
332 529 49 101
333 561 55 138
334 562 55 166
337 369 40 124
339 344 62 121
339 363 60 172
340 595 70 122
341 485 45 153
342 465 52 159
347 555 70 151
347 558 43 168
352 579 65 187
353 454 63 156
356 412 62 164
358 556 49 159
360 447 53 135
365 439 44 100
365 522 65 139
368 393 68 107
370 381 54 117
373 597 70 107
374 543 49 139
375 482 67 166
381 542 69 192
386 424 46 194
388 441 48 178
394 428 41 182
402 423 68 127
407 574 53 92
407 512 48 127
414 516 58 107
416 541 46 117
420 561 43 149
422 516 66 168
435 598 42 127
443 505 46 121
444 454 41 198
461 517 41 100
462 519 43 184
466 481 52 124
468 605 51 158
476 570 55 120
487 554 49 143
490 570 56 188
493 590 42 112
499 517 45 168
500 543 46 136
508 536 46 184
515 557 68 119
516 530 40 100
552 559 66 182
564 575 42 142
577 582 69 120