467
0 32 16 800 171
1 32 64 2400 200
2 128 16 800 103
3 64 256 2400 98
4 32 128 1000 131
5 32 128 500 128
6 64 16 1000 98
7 64 16 2400 189
8 16 64 500 140
9 16 64 5000 197
10 16 16 500 128
11 64 128 1000 124
12 64 256 2400 199
13 32 128 1000 102
14 32 128 5000 138
15 128 256 800 159
16 32 64 5000 184
17 16 16 2400 149
18 64 64 500 113
19 32 16 5000 199
20 128 128 2400 176
21 16 16 1000 128
22 64 64 5000 149
23 32 64 5000 195
24 32 128 1000 150
25 64 16 500 134
26 32 256 5000 147
27 128 16 800 178
28 64 128 1000 152
29 32 64 800 140
30 64 64 1000 162
31 32 256 800 190
32 32 64 1000 141
33 128 64 1000 183
34 32 256 500 122
35 32 16 1000 121
36 16 256 800 115
37 64 128 2400 129
38 32 64 500 174
39 32 16 2400 155
40 32 128 1000 140
41 64 16 2400 173
42 128 256 800 186
43 128 256 2400 153
44 32 256 2400 177
45 128 16 2400 185
46 32 64 1000 188
47 16 128 1000 171
48 16 64 500 172
49 64 64 500 129
50 64 16 5000 174
51 16 16 500 172
52 64 64 2400 166
53 32 64 5000 144
54 16 128 800 147
55 64 256 5000 183
56 32 256 1000 146
57 32 128 1000 107
58 64 16 5000 128
59 32 64 500 119
60 128 128 2400 97
61 16 64 500 103
62 64 128 5000 94
63 32 16 5000 120
64 128 128 2400 114
65 64 128 800 110
66 128 16 500 155
67 64 64 500 94
68 128 256 5000 128
69 64 64 800 154
70 128 16 800 153
71 128 16 800 172
72 128 256 5000 168
73 128 256 800 170
74 64 16 5000 171
75 64 256 5000 104
76 64 256 1000 159
77 128 64 2400 163
78 32 256 5000 164
79 64 256 500 109
80 16 64 800 124
81 16 128 5000 196
82 32 16 2400 177
83 32 16 800 108
84 128 64 2400 120
85 64 16 5000 149
86 64 128 5000 163
87 16 256 800 131
88 128 128 1000 183
89 64 128 1000 177
90 16 16 500 100
91 32 16 2400 158
92 128 16 2400 143
93 128 256 2400 90
94 128 64 800 103
95 16 64 5000 164
96 16 256 1000 121
97 128 256 2400 126
98 128 16 2400 180
99 128 256 2400 144
100 64 64 800 114
101 64 128 2400 151
102 64 64 500 94
103 64 64 1000 185
104 128 16 1000 97
105 32 16 1000 169
106 64 128 1000 90
107 32 128 2400 153
108 32 256 5000 187
109 32 64 2400 98
110 128 16 500 179
111 64 256 500 160
112 64 64 500 130
113 32 128 800 104
114 32 128 5000 162
115 128 256 500 149
116 32 64 500 109
117 64 128 5000 100
118 64 64 2400 153
119 128 16 1000 165
120 16 16 500 166
121 64 128 1000 97
122 64 16 2400 182
123 16 128 1000 90
124 32 128 1000 136
125 32 256 500 109
126 16 64 800 194
127 128 256 5000 133
128 128 256 800 129
129 16 16 1000 185
130 16 16 1000 180
131 64 16 1000 129
132 16 128 1000 199
133 16 64 800 100
134 128 64 2400 126
135 128 16 1000 176
136 32 16 500 194
137 32 256 800 191
138 64 256 500 199
139 32 256 5000 93
140 64 16 1000 164
141 64 16 5000 147
142 16 256 500 135
143 32 256 800 150
144 128 128 500 163
145 64 16 500 121
146 64 128 1000 181
147 32 128 1000 158
148 128 256 1000 119
149 128 128 5000 175
150 128 16 1000 149
151 16 256 1000 173
152 128 128 500 196
153 128 256 500 144
154 64 16 2400 160
155 32 16 500 163
156 128 16 5000 175
157 64 16 2400 142
158 64 64 800 94
159 16 16 500 187
160 32 128 1000 156
161 32 16 1000 161
162 16 64 500 166
163 32 256 500 131
164 64 256 2400 194
165 32 16 2400 116
166 32 16 5000 148
167 64 256 1000 103
168 64 256 800 101
169 32 64 2400 165
170 128 64 1000 121
171 64 256 5000 95
172 64 128 500 135
173 32 128 500 110
174 32 256 2400 115
175 16 16 1000 190
176 128 64 800 138
177 64 16 800 103
178 64 16 800 174
179 32 128 500 105
180 64 256 1000 141
181 64 256 800 170
182 64 128 1000 141
183 32 256 1000 102
184 64 128 2400 97
185 128 128 5000 97
186 128 256 1000 113
187 64 128 2400 142
188 32 256 800 190
189 16 16 800 140
190 32 16 800 171
191 64 128 500 147
192 16 16 1000 200
193 16 256 2400 119
194 16 16 1000 163
195 16 256 2400 151
196 32 64 5000 109
197 32 16 5000 125
198 32 64 1000 151
199 64 128 800 197
200 16 16 5000 149
201 16 128 500 192
202 16 64 1000 119
203 128 128 5000 128
204 128 256 500 130
205 128 128 5000 185
206 128 16 1000 149
207 32 256 800 174
208 32 128 5000 186
209 32 16 500 152
210 128 256 2400 166
211 128 256 800 174
212 128 128 2400 149
213 16 16 800 197
214 16 16 5000 110
215 32 256 5000 146
216 32 256 2400 130
217 16 128 1000 117
218 64 128 1000 101
219 32 64 2400 130
220 64 128 800 155
221 32 16 1000 114
222 32 16 2400 91
223 64 64 5000 129
224 64 128 1000 177
225 64 256 5000 105
226 128 64 5000 181
227 16 128 500 124
228 32 256 2400 169
229 64 256 5000 142
230 128 256 500 187
231 128 256 800 119
232 128 128 1000 107
233 64 64 800 197
234 16 256 2400 125
235 64 256 500 158
236 32 64 5000 166
237 32 128 800 163
238 128 64 800 108
239 16 256 2400 182
240 128 128 1000 152
241 16 16 500 180
242 16 16 5000 127
243 64 16 500 165
244 16 128 1000 162
245 16 256 800 194
246 32 64 2400 156
247 128 128 500 91
248 32 256 5000 158
249 64 256 2400 153
250 16 64 1000 137
251 64 128 5000 139
252 32 16 1000 95
253 64 128 1000 188
254 16 128 5000 112
255 128 64 500 199
256 32 64 5000 106
257 32 128 1000 181
258 128 128 800 142
259 128 16 1000 120
260 128 16 500 107
261 32 64 5000 185
262 16 64 2400 99
263 32 256 5000 150
264 16 16 2400 112
265 64 16 5000 187
266 128 128 5000 163
267 16 256 800 179
268 32 16 500 115
269 32 128 500 197
270 128 256 1000 99
271 32 16 800 127
272 128 64 800 131
273 128 128 5000 138
274 128 16 1000 152
275 128 256 1000 157
276 32 256 5000 144
277 16 64 800 96
278 64 16 800 147
279 128 16 500 145
280 64 16 800 100
281 64 16 500 171
282 16 64 800 154
283 32 256 1000 109
284 128 64 2400 193
285 128 128 500 101
286 16 64 800 91
287 128 128 5000 117
288 64 128 500 185
289 64 128 800 198
290 128 16 2400 117
291 128 128 800 143
292 64 64 500 131
293 64 16 2400 105
294 64 128 1000 185
295 16 256 2400 192
296 128 256 500 134
297 16 64 500 90
298 128 256 500 92
299 16 64 800 106
300 32 256 800 154
301 32 128 500 184
302 16 64 800 142
303 128 256 2400 117
304 64 256 1000 107
305 32 16 5000 138
306 16 128 1000 159
307 128 128 2400 105
308 32 128 5000 130
309 64 64 2400 143
310 128 128 2400 188
311 16 16 800 132
312 64 64 500 120
313 64 256 2400 138
314 32 128 5000 95
315 64 256 2400 198
316 32 128 2400 155
317 16 128 500 172
318 128 64 1000 184
319 128 64 800 92
320 128 16 2400 190
321 16 128 5000 183
322 16 256 2400 177
323 32 64 1000 135
324 128 16 500 178
325 64 256 2400 161
326 16 16 500 149
327 64 128 1000 156
328 16 16 800 95
329 32 256 800 186
330 16 16 2400 117
331 16 16 5000 175
332 32 16 5000 112
333 16 64 5000 102
334 128 16 1000 149
335 16 128 5000 94
336 16 128 5000 158
337 16 256 2400 104
338 16 128 2400 108
339 32 256 800 156
340 16 256 1000 184
341 128 128 800 95
342 16 64 800 105
343 128 256 500 144
344 128 16 2400 164
345 32 256 500 145
346 32 16 1000 172
347 128 16 1000 148
348 64 128 500 200
349 32 64 500 173
350 128 64 5000 110
351 16 64 500 161
352 128 128 1000 156
353 64 16 5000 170
354 64 64 500 195
355 64 128 500 161
356 32 128 800 94
357 64 64 1000 132
358 16 16 1000 153
359 32 16 500 175
360 16 16 1000 158
361 16 16 2400 183
362 16 256 1000 156
363 128 16 2400 139
364 128 64 800 99
365 64 16 500 171
366 64 256 2400 120
367 64 64 1000 134
368 128 256 1000 155
369 32 128 5000 140
370 16 64 1000 95
371 32 64 500 90
372 16 256 2400 185
373 16 128 1000 112
374 64 256 500 169
375 128 64 800 168
376 32 256 5000 179
377 16 64 1000 158
378 32 256 500 112
379 128 128 5000 117
380 64 64 2400 171
381 64 64 1000 152
382 64 128 5000 156
383 16 64 2400 165
384 16 64 500 176
385 128 16 800 140
386 32 64 5000 160
387 16 64 1000 177
388 64 16 2400 117
389 64 256 1000 105
390 128 16 5000 189
391 64 128 1000 191
392 32 16 800 117
393 128 128 500 176
394 64 16 2400 187
395 64 128 1000 153
396 32 128 500 129
397 16 64 800 173
398 16 64 500 101
399 16 64 1000 177
400 16 128 2400 153
401 32 16 5000 184
402 16 64 500 94
403 128 256 1000 146
404 128 16 500 110
405 64 64 5000 108
406 32 16 5000 122
407 16 64 1000 129
408 32 256 800 194
409 16 64 5000 104
410 16 64 800 162
411 64 128 1000 143
412 128 128 2400 169
413 16 16 2400 110
414 32 128 2400 166
415 16 64 1000 162
416 128 16 500 171
417 32 16 2400 122
418 128 256 500 193
419 64 128 1000 180
420 32 64 2400 182
421 16 256 1000 193
422 16 16 2400 117
423 64 16 5000 102
424 32 256 5000 154
425 16 64 800 139
426 128 256 5000 92
427 16 256 500 156
428 32 256 5000 197
429 16 256 2400 153
430 64 64 800 180
431 16 128 500 196
432 16 16 1000 189
433 16 256 2400 100
434 128 256 5000 143
435 32 64 500 140
436 32 64 2400 141
437 32 64 5000 142
438 128 16 500 176
439 16 128 500 96
440 128 64 800 159
441 128 64 2400 144
442 16 64 500 125
443 64 128 1000 134
444 16 256 2400 165
445 128 128 800 103
446 32 256 800 185
447 128 128 500 158
448 64 256 2400 187
449 16 256 500 170
450 128 64 5000 173
451 32 16 800 153
452 16 256 2400 151
453 16 64 500 197
454 64 256 5000 166
455 16 16 1000 149
456 64 256 5000 166
457 64 16 500 142
458 16 64 5000 112
459 128 16 2400 189
460 64 16 500 132
461 128 16 1000 138
462 128 128 1000 157
463 128 64 2400 91
464 16 16 5000 90
465 64 128 500 98
466 128 128 500 135
231
0 206 42 126
1 329 54 200
2 380 69 91
2 425 53 131
3 426 40 118
3 242 65 145
3 420 70 132
3 141 62 128
5 48 42 175
6 134 70 191
6 112 51 90
10 437 49 131
10 310 60 124
13 270 57 197
15 286 59 188
19 96 54 160
20 361 66 120
22 460 60 102
24 252 65 172
27 409 56 132
29 301 48 125
29 245 42 168
29 325 45 126
30 35 47 199
30 262 56 154
33 124 44 166
34 135 69 94
34 378 69 98
34 384 50 177
35 306 62 129
37 310 45 126
37 180 69 170
41 446 56 129
48 417 50 177
48 243 60 134
48 105 44 103
49 286 64 198
50 320 58 133
52 442 52 113
53 459 62 184
53 261 68 111
55 331 55 172
55 262 65 91
58 156 68 180
58 199 63 126
60 122 47 157
62 149 57 101
64 91 43 195
64 72 69 117
65 77 65 166
71 76 63 172
71 181 69 183
72 315 62 120
72 322 48 163
73 394 59 157
75 166 65 95
80 338 58 99
81 137 65 200
82 386 46 100
84 428 42 153
85 467 51 113
85 145 58 141
86 208 50 188
86 197 68 106
87 280 55 135
87 458 41 144
87 94 58 151
89 290 48 92
89 256 55 189
89 447 45 141
90 103 46 107
91 185 63 189
91 235 49 181
92 253 55 136
93 142 57 176
93 218 67 138
94 278 41 148
95 384 54 178
96 420 45 149
98 336 70 105
98 138 41 144
99 386 58 200
101 375 59 93
102 385 64 199
103 332 48 145
104 164 46 158
107 110 66 179
110 228 58 120
110 142 53 106
111 330 41 195
112 315 52 171
113 355 55 131
113 364 67 126
114 410 43 168
114 317 52 161
115 253 44 196
115 195 69 133
118 233 46 189
119 463 44 92
119 125 68 97
119 207 58 132
124 258 55 101
128 353 59 151
128 256 65 137
128 332 63 155
128 146 58 183
129 279 48 147
132 248 45 110
133 255 62 92
134 407 68 156
134 294 62 161
136 221 61 199
138 193 70 175
139 175 68 93
142 341 60 178
148 271 54 98
148 149 60 192
155 308 42 115
156 458 45 167
160 319 61 156
162 235 57 173
162 302 68 136
163 371 69 190
163 458 65 136
164 414 70 155
167 216 66 182
167 304 66 180
168 350 56 138
169 326 70 133
169 328 59 154
171 407 69 176
172 322 56 188
175 318 57 140
176 321 65 157
178 395 59 144
179 347 63 109
181 292 43 199
183 205 40 145
183 386 54 192
184 452 54 152
184 215 49 139
186 419 49 154
187 369 51 184
190 245 65 123
190 297 55 149
191 358 58 183
196 284 56 128
199 307 49 119
201 278 49 162
201 304 44 199
203 306 51 138
204 258 46 126
209 437 53 198
209 437 65 186
209 363 49 162
211 446 70 154
217 390 52 195
219 397 67 157
220 263 57 154
220 235 60 140
221 338 47 199
222 242 62 174
225 439 67 132
226 284 50 115
226 398 43 176
229 286 40 117
231 232 53 196
232 375 59 150
233 410 50 122
235 392 55 123
237 242 41 120
237 338 60 112
239 413 44 177
241 344 58 117
246 338 52 194
247 416 61 100
247 403 59 183
248 259 43 176
251 435 68 117
258 459 65 192
259 453 54 129
264 465 43 124
266 419 56 182
267 398 50 124
267 279 51 185
267 357 61 122
280 432 60 179
282 429 69 129
283 446 58 152
284 420 40 107
285 428 65 153
286 452 48 131
287 463 62 188
290 425 64 192
291 346 45 162
291 399 53 100
291 335 51 178
291 461 61 198
294 320 49 124
296 394 46 107
297 445 49 162
300 380 55 143
302 418 50 199
303 398 42 140
304 361 70 171
305 459 55 115
308 437 62 149
313 394 59 156
314 380 48 197
317 414 68 122
322 447 51 189
325 456 51 122
326 434 53 164
329 439 43 164
335 425 56 117
339 429 52 109
343 428 57 170
346 355 50 100
352 370 46 118
358 451 63 136
362 423 56 98
372 415 55 139
375 405 69 192
382 429 66 163
388 443 59 186
397 443 52 155
405 462 57 145
407 426 66 183
420 448 40 94
448 460 55 99
452 458 69 183