592
0 32 16 100 100
1 64 128 2000 83
2 32 64 2000 78
3 64 16 2000 78
4 4 16 2000 80
5 64 128 1000 60
6 4 64 1000 89
7 64 8 200 65
8 4 128 100 48
9 4 64 500 64
10 64 128 100 86
11 32 128 100 39
12 4 16 2000 34
13 16 8 500 48
14 32 128 200 69
15 16 128 200 68
16 64 64 1000 72
17 16 8 500 89
18 32 8 100 32
19 16 8 2000 50
20 32 128 500 65
21 64 16 500 92
22 16 8 100 72
23 16 64 1000 54
24 32 128 1000 49
25 16 64 100 43
26 4 128 2000 58
27 16 16 500 91
28 16 8 100 31
29 4 64 2000 99
30 16 8 1000 85
31 4 128 500 97
32 64 128 200 60
33 16 8 200 90
34 64 64 500 75
35 32 128 2000 55
36 32 64 100 92
37 32 16 100 61
38 16 128 1000 95
39 4 128 100 32
40 4 8 2000 41
41 4 8 500 74
42 64 64 2000 68
43 4 8 100 80
44 4 128 1000 63
45 4 16 2000 32
46 4 128 500 59
47 4 16 500 80
48 16 16 2000 55
49 64 64 2000 56
50 64 16 1000 39
51 4 64 500 92
52 4 128 1000 94
53 4 16 2000 96
54 64 16 200 72
55 32 8 2000 48
56 4 8 2000 39
57 64 128 200 49
58 4 128 2000 88
59 4 16 1000 53
60 32 128 500 99
61 16 128 200 87
62 32 8 200 49
63 16 8 200 62
64 16 8 100 64
65 4 64 2000 46
66 16 128 500 97
67 64 128 200 32
68 64 64 100 98
69 16 8 200 41
70 4 16 2000 94
71 16 8 100 45
72 32 128 500 77
73 4 8 200 94
74 4 8 1000 45
75 16 8 1000 56
76 16 64 200 82
77 16 16 500 60
78 32 64 100 72
79 16 8 500 56
80 4 64 100 30
81 4 8 500 62
82 64 16 1000 97
83 4 8 2000 67
84 4 16 1000 73
85 32 64 2000 100
86 4 128 2000 50
87 64 64 500 34
88 64 8 100 70
89 4 128 500 77
90 64 8 100 91
91 32 16 1000 75
92 32 128 500 96
93 4 64 200 31
94 16 128 100 51
95 16 64 2000 43
96 16 16 100 87
97 64 16 2000 94
98 4 8 200 42
99 4 64 2000 56
100 16 8 200 59
101 4 8 2000 88
102 4 128 1000 55
103 4 128 1000 66
104 4 128 2000 62
105 64 128 500 51
106 4 8 200 42
107 4 64 1000 69
108 16 16 2000 89
109 4 16 200 79
110 32 64 500 40
111 32 16 100 86
112 64 16 500 58
113 16 64 100 58
114 32 64 1000 87
115 16 8 500 89
116 64 16 500 80
117 4 64 100 35
118 32 128 200 75
119 16 64 500 48
120 64 64 100 48
121 16 128 1000 79
122 32 128 500 77
123 16 128 1000 88
124 4 16 500 90
125 64 128 100 94
126 16 8 100 75
127 16 8 1000 32
128 64 128 200 88
129 32 16 100 100
130 32 8 500 90
131 4 64 2000 59
132 32 16 200 52
133 16 64 1000 75
134 16 64 200 64
135 16 64 500 65
136 64 8 200 39
137 32 128 200 75
138 64 64 2000 48
139 4 128 2000 54
140 16 8 2000 34
141 16 64 500 32
142 64 8 100 49
143 32 8 1000 80
144 32 128 500 64
145 4 8 100 35
146 16 8 1000 52
147 64 8 200 89
148 16 8 2000 40
149 16 128 1000 61
150 64 128 100 46
151 16 64 500 39
152 4 64 2000 85
153 64 8 2000 76
154 64 64 100 49
155 4 16 1000 79
156 4 8 2000 86
157 4 8 100 94
158 4 8 2000 91
159 16 8 500 76
160 64 64 1000 98
161 4 16 2000 51
162 16 128 500 39
163 4 8 100 34
164 64 16 200 54
165 32 128 100 46
166 64 16 200 54
167 4 8 2000 58
168 32 64 100 96
169 4 128 100 48
170 32 128 100 64
171 64 64 1000 43
172 32 8 500 80
173 16 64 100 32
174 64 128 500 38
175 16 64 100 71
176 4 8 100 43
177 64 128 100 67
178 64 8 500 35
179 4 64 100 35
180 32 8 500 78
181 4 64 200 88
182 16 128 100 75
183 16 64 2000 42
184 4 64 100 65
185 32 64 1000 31
186 4 8 100 65
187 32 16 2000 93
188 4 64 1000 56
189 4 16 2000 69
190 64 16 100 50
191 32 16 2000 33
192 4 16 100 84
193 32 16 500 63
194 4 128 2000 76
195 64 128 100 95
196 32 8 500 52
197 32 128 500 46
198 64 64 2000 74
199 64 16 500 86
200 4 64 1000 49
201 64 8 500 65
202 16 128 500 72
203 16 8 500 48
204 4 64 1000 63
205 4 16 500 37
206 64 8 2000 56
207 64 16 100 40
208 4 8 500 56
209 16 16 500 94
210 16 128 200 59
211 4 16 2000 34
212 4 8 500 48
213 64 64 500 39
214 32 64 500 96
215 16 16 500 76
216 64 128 200 96
217 4 64 2000 55
218 64 64 200 60
219 4 8 1000 99
220 16 128 200 63
221 16 128 2000 85
222 32 64 100 41
223 32 16 2000 65
224 32 8 500 94
225 32 16 1000 59
226 32 128 200 37
227 64 16 2000 42
228 16 128 200 56
229 64 8 200 71
230 4 8 1000 96
231 16 64 200 34
232 64 8 1000 50
233 32 8 500 95
234 4 8 1000 31
235 4 16 500 93
236 4 64 1000 68
237 64 64 500 82
238 16 8 200 48
239 16 16 100 63
240 16 16 100 71
241 16 64 1000 100
242 4 64 100 39
243 32 128 100 64
244 16 128 200 86
245 32 128 200 82
246 64 16 500 90
247 16 128 500 89
248 32 16 2000 90
249 64 16 100 98
250 4 64 500 66
251 16 64 500 59
252 32 128 500 92
253 64 128 200 89
254 16 8 2000 49
255 4 128 200 37
256 32 64 100 46
257 64 8 1000 80
258 64 8 2000 53
259 64 64 500 35
260 32 8 100 56
261 64 64 200 66
262 64 16 2000 41
263 32 64 500 62
264 32 16 500 39
265 64 16 500 93
266 64 16 100 40
267 32 128 200 87
268 64 128 1000 75
269 16 128 1000 46
270 32 128 2000 80
271 4 8 200 48
272 32 16 500 77
273 16 8 100 64
274 16 16 200 69
275 16 64 2000 92
276 16 8 200 91
277 64 64 100 77
278 32 64 100 43
279 64 8 100 55
280 16 8 2000 78
281 32 8 500 53
282 16 16 200 90
283 4 64 1000 94
284 64 8 1000 60
285 4 128 2000 55
286 4 64 200 72
287 64 64 500 87
288 32 16 2000 89
289 4 128 2000 78
290 32 64 500 31
291 4 128 500 52
292 16 128 2000 62
293 32 16 100 53
294 4 8 200 93
295 64 128 2000 69
296 16 8 100 78
297 32 64 100 40
298 64 128 100 44
299 16 16 500 89
300 32 64 200 47
301 64 64 1000 84
302 32 128 1000 82
303 16 8 500 43
304 16 128 500 87
305 64 128 200 38
306 64 128 200 40
307 32 8 500 64
308 4 8 100 88
309 16 64 500 32
310 64 16 2000 95
311 32 16 200 99
312 16 16 100 69
313 16 128 200 36
314 16 16 100 35
315 4 8 500 65
316 4 128 500 73
317 32 16 100 36
318 16 128 200 69
319 16 64 100 79
320 4 64 200 58
321 4 128 500 62
322 16 128 2000 50
323 32 64 2000 87
324 32 64 200 31
325 16 128 1000 83
326 32 128 200 33
327 32 8 2000 37
328 64 8 500 47
329 16 16 200 100
330 32 8 200 99
331 4 8 500 92
332 4 8 1000 41
333 32 16 200 83
334 64 8 200 88
335 32 16 2000 50
336 32 16 500 56
337 4 8 200 54
338 64 8 200 54
339 16 64 200 43
340 4 128 200 56
341 16 16 100 35
342 16 128 100 69
343 32 16 1000 67
344 16 16 100 32
345 32 8 100 65
346 64 64 2000 59
347 32 16 1000 98
348 16 8 100 94
349 32 128 200 31
350 32 128 500 60
351 64 16 200 92
352 64 8 2000 45
353 64 8 100 93
354 4 16 500 42
355 64 8 200 65
356 64 8 2000 40
357 64 16 200 100
358 32 64 500 61
359 32 64 2000 79
360 32 16 100 89
361 32 128 1000 30
362 64 64 1000 39
363 32 128 100 64
364 16 128 200 80
365 64 8 200 81
366 64 128 500 45
367 4 16 100 98
368 64 64 2000 91
369 32 16 500 60
370 64 8 200 66
371 16 16 1000 92
372 4 64 1000 44
373 4 8 2000 34
374 4 64 1000 86
375 16 16 1000 36
376 16 8 1000 96
377 32 16 2000 97
378 64 8 2000 81
379 4 16 2000 42
380 32 8 100 57
381 16 8 200 85
382 32 8 1000 35
383 4 8 1000 85
384 16 16 2000 95
385 16 128 2000 95
386 16 16 500 68
387 64 8 2000 91
388 64 128 2000 80
389 32 16 2000 36
390 32 64 500 40
391 64 16 2000 100
392 16 64 1000 42
393 16 64 1000 85
394 32 128 1000 69
395 16 16 500 64
396 32 16 100 66
397 32 16 500 58
398 32 16 200 40
399 64 128 1000 52
400 4 64 100 65
401 4 16 200 65
402 64 128 1000 98
403 16 128 200 68
404 4 16 100 38
405 64 64 100 91
406 64 16 500 46
407 16 16 100 49
408 32 8 100 46
409 16 128 100 40
410 4 64 500 40
411 64 16 100 37
412 64 16 200 91
413 16 8 200 35
414 16 128 1000 63
415 64 8 200 90
416 4 16 500 82
417 4 64 500 84
418 32 128 100 63
419 64 16 500 73
420 16 128 1000 90
421 32 64 500 85
422 16 64 1000 65
423 4 128 100 40
424 16 16 500 63
425 16 8 100 72
426 16 128 500 67
427 4 16 500 43
428 4 8 100 31
429 16 8 200 59
430 64 8 1000 72
431 4 8 100 85
432 4 8 1000 95
433 4 128 500 37
434 16 64 1000 86
435 32 64 1000 40
436 32 16 1000 47
437 4 8 100 91
438 16 64 2000 57
439 64 64 100 59
440 4 8 500 95
441 32 64 200 36
442 32 128 100 45
443 64 8 100 34
444 32 64 1000 55
445 4 64 2000 70
446 16 8 2000 56
447 64 128 200 59
448 64 64 200 56
449 64 8 200 56
450 4 16 100 63
451 4 8 1000 36
452 4 8 2000 73
453 64 64 100 84
454 64 64 1000 60
455 32 8 200 57
456 64 16 200 30
457 64 128 1000 73
458 16 128 2000 80
459 64 128 100 96
460 16 8 500 42
461 32 64 1000 65
462 4 16 1000 40
463 64 128 100 55
464 16 64 100 88
465 16 8 1000 70
466 16 64 1000 58
467 64 8 200 78
468 4 16 500 62
469 32 16 500 76
470 32 128 1000 40
471 16 128 500 63
472 64 64 200 91
473 16 16 200 49
474 32 8 500 87
475 64 16 1000 92
476 4 16 500 70
477 16 8 500 94
478 32 64 2000 58
479 4 128 100 54
480 4 64 1000 62
481 64 64 500 98
482 16 16 1000 70
483 32 16 200 56
484 16 8 2000 57
485 32 64 500 83
486 16 128 500 34
487 16 64 500 87
488 16 64 100 51
489 32 16 100 73
490 4 8 1000 60
491 32 8 500 75
492 4 128 200 62
493 16 64 100 46
494 4 8 2000 68
495 64 64 200 61
496 64 64 1000 65
497 4 64 2000 73
498 16 8 2000 67
499 64 128 2000 49
500 64 8 500 66
501 16 64 1000 84
502 16 64 2000 83
503 64 16 1000 68
504 64 128 500 88
505 32 64 500 75
506 4 128 2000 52
507 16 16 1000 45
508 32 16 200 84
509 4 16 100 59
510 4 8 500 40
511 32 64 200 42
512 16 64 200 59
513 32 128 500 39
514 32 16 1000 73
515 16 16 1000 35
516 32 16 200 94
517 16 64 500 57
518 32 16 2000 62
519 4 8 1000 60
520 4 8 2000 48
521 64 64 200 100
522 64 64 1000 72
523 32 64 1000 55
524 4 128 1000 84
525 4 64 100 73
526 4 8 1000 83
527 64 16 2000 50
528 64 64 1000 79
529 64 16 2000 51
530 4 128 500 33
531 16 16 2000 56
532 16 16 1000 52
533 4 16 500 54
534 16 16 1000 62
535 4 128 1000 98
536 64 128 100 59
537 16 16 500 90
538 4 8 1000 41
539 32 64 100 59
540 64 8 200 33
541 4 64 500 59
542 32 16 100 62
543 64 16 1000 64
544 16 128 1000 41
545 4 8 2000 87
546 4 8 200 41
547 64 128 200 84
548 4 64 100 87
549 16 8 200 86
550 4 128 1000 97
551 64 16 100 88
552 32 8 500 69
553 64 8 1000 94
554 32 8 100 100
555 16 8 200 42
556 32 16 100 86
557 16 16 500 46
558 32 64 1000 45
559 32 16 100 72
560 4 16 2000 49
561 4 8 2000 69
562 32 128 200 62
563 64 8 1000 37
564 64 64 100 70
565 32 8 1000 66
566 64 64 1000 65
567 16 64 500 82
568 32 8 2000 54
569 4 8 500 48
570 16 16 500 41
571 4 8 500 31
572 16 16 500 84
573 16 128 500 78
574 64 128 2000 34
575 64 128 200 64
576 64 8 200 50
577 64 8 100 95
578 16 16 200 98
579 64 128 100 33
580 32 16 500 90
581 64 8 2000 42
582 64 8 100 91
583 64 64 200 83
584 64 64 1000 63
585 32 16 1000 31
586 16 8 2000 82
587 16 16 1000 93
588 32 128 500 30
589 32 64 200 82
590 16 16 2000 81
591 4 64 1000 39
36
6 413 42 84
7 574 18 55
11 523 30 47
11 446 42 61
25 62 24 99
37 298 26 30
47 174 39 89
49 381 18 71
51 519 18 88
56 281 38 39
57 585 35 81
67 528 12 52
67 390 21 61
72 508 50 57
83 154 26 77
109 578 25 78
110 350 41 33
125 569 50 83
127 263 50 89
131 143 43 61
139 523 14 31
170 312 29 38
171 262 13 57
191 498 47 55
195 442 43 92
202 413 26 79
244 577 50 42
263 499 37 57
269 476 11 93
269 565 47 78
272 453 32 86
277 289 26 65
299 444 26 59
419 514 28 94
422 519 45 66
434 572 11 47