817
0 32 16 800 106
1 32 256 1000 194
2 32 64 500 183
3 32 16 5000 98
4 128 256 1000 170
5 32 256 5000 174
6 32 128 2400 158
7 128 256 800 133
8 16 64 800 200
9 128 128 2400 130
10 128 128 1000 200
11 128 64 2400 168
12 64 256 2400 189
13 64 64 800 106
14 32 64 2400 115
15 32 64 500 143
16 128 64 1000 153
17 16 256 800 123
18 16 256 1000 178
19 128 64 500 163
20 64 64 5000 132
21 64 16 1000 152
22 16 256 2400 155
23 32 256 500 115
24 64 128 500 122
25 64 16 2400 102
26 32 128 500 172
27 16 16 5000 160
28 16 64 800 190
29 16 128 500 99
30 128 16 5000 140
31 128 256 5000 90
32 16 64 5000 103
33 16 256 1000 153
34 64 128 1000 103
35 128 256 1000 123
36 32 256 2400 199
37 128 16 2400 120
38 128 128 800 175
39 128 128 1000 96
40 64 16 500 90
41 128 256 2400 110
42 128 64 1000 159
43 16 256 800 98
44 128 256 2400 108
45 32 128 2400 191
46 32 16 2400 193
47 64 128 2400 172
48 32 16 800 165
49 16 128 2400 188
50 32 256 2400 178
51 16 64 500 108
52 128 256 2400 198
53 32 64 500 184
54 64 64 800 122
55 64 128 1000 116
56 64 128 500 110
57 32 128 2400 181
58 128 128 500 200
59 32 256 800 116
60 64 64 500 140
61 128 64 5000 165
62 32 16 1000 167
63 64 256 500 131
64 64 16 1000 172
65 128 64 2400 183
66 128 64 1000 191
67 32 256 500 198
68 64 64 2400 106
69 128 128 1000 122
70 16 256 500 186
71 64 128 500 160
72 16 64 2400 183
73 16 64 800 136
74 32 128 1000 108
75 32 16 800 137
76 32 64 1000 134
77 32 16 500 167
78 16 64 800 174
79 64 128 2400 158
80 64 128 800 107
81 32 64 5000 197
82 16 256 5000 108
83 16 128 1000 196
84 16 256 2400 119
85 32 256 800 157
86 16 64 2400 117
87 16 128 5000 172
88 32 64 1000 156
89 128 64 2400 94
90 32 16 500 138
91 64 64 5000 184
92 32 64 5000 157
93 32 128 2400 134
94 16 16 5000 144
95 128 256 5000 174
96 32 16 800 122
97 64 16 800 125
98 64 256 5000 118
99 16 64 800 111
100 64 64 800 141
101 64 128 2400 195
102 16 16 2400 153
103 32 64 2400 129
104 128 256 800 169
105 64 128 2400 136
106 64 128 1000 199
107 64 16 1000 126
108 128 16 5000 128
109 32 128 2400 169
110 128 64 800 96
111 64 128 800 107
112 32 64 2400 111
113 128 16 5000 105
114 16 128 2400 151
115 32 16 1000 132
116 128 128 1000 105
117 16 16 5000 177
118 64 128 5000 146
119 32 64 800 165
120 64 256 5000 95
121 128 64 1000 143
122 128 128 1000 113
123 32 128 5000 145
124 16 16 800 187
125 128 128 800 123
126 64 16 500 190
127 128 64 800 142
128 16 64 1000 162
129 64 16 1000 145
130 128 128 2400 149
131 16 16 800 134
132 16 16 5000 108
133 32 64 5000 90
134 64 128 800 96
135 128 64 1000 157
136 64 256 1000 143
137 64 64 500 188
138 16 16 2400 190
139 32 16 1000 148
140 128 16 2400 177
141 128 256 800 170
142 128 256 500 126
143 16 256 5000 129
144 32 128 800 113
145 128 16 800 104
146 64 64 800 136
147 32 256 500 136
148 16 128 2400 190
149 128 128 1000 163
150 128 64 5000 175
151 64 16 800 157
152 16 64 5000 157
153 32 256 2400 95
154 16 128 500 96
155 128 16 1000 189
156 16 128 1000 134
157 32 128 5000 121
158 64 16 500 91
159 16 128 2400 197
160 16 16 500 148
161 32 256 800 182
162 32 256 500 193
163 32 64 5000 196
164 64 256 1000 109
165 128 16 2400 137
166 64 128 500 184
167 128 256 5000 165
168 128 16 2400 100
169 32 256 1000 156
170 16 64 500 177
171 32 128 2400 181
172 16 64 800 106
173 16 16 5000 186
174 16 256 800 187
175 64 16 5000 137
176 16 64 5000 147
177 16 16 1000 125
178 64 256 800 200
179 16 64 5000 169
180 64 64 500 124
181 16 128 5000 131
182 128 128 800 182
183 32 128 500 167
184 32 128 800 193
185 16 128 2400 123
186 64 64 1000 162
187 16 256 1000 171
188 128 128 5000 181
189 64 256 800 98
190 64 256 2400 183
191 16 64 1000 103
192 32 64 1000 90
193 128 16 800 100
194 16 64 800 94
195 64 256 800 114
196 32 16 1000 106
197 32 256 1000 171
198 64 128 1000 145
199 16 256 1000 175
200 16 16 2400 139
201 64 256 2400 164
202 64 16 1000 118
203 64 256 1000 160
204 16 128 500 100
205 128 64 500 123
206 128 128 500 118
207 128 128 500 141
208 64 64 800 135
209 64 64 1000 179
210 16 256 500 128
211 32 64 2400 188
212 64 64 2400 148
213 128 16 800 126
214 128 64 5000 140
215 16 256 1000 106
216 16 256 2400 159
217 32 128 1000 165
218 64 16 1000 191
219 16 16 800 133
220 16 128 1000 182
221 128 256 500 153
222 128 64 500 174
223 32 128 1000 136
224 128 128 5000 164
225 16 128 500 174
226 128 64 2400 95
227 16 16 1000 163
228 32 64 1000 182
229 32 16 800 145
230 16 256 5000 144
231 128 16 5000 125
232 64 256 800 189
233 32 64 800 120
234 16 16 500 148
235 64 256 5000 176
236 16 128 800 183
237 64 128 1000 150
238 64 16 2400 140
239 64 16 5000 143
240 128 256 5000 125
241 64 64 800 163
242 64 128 2400 198
243 128 128 500 116
244 64 256 5000 182
245 32 128 2400 154
246 128 256 500 150
247 64 64 2400 98
248 64 64 500 110
249 16 64 1000 95
250 32 256 800 156
251 64 64 2400 122
252 64 64 800 185
253 16 64 5000 106
254 128 128 2400 112
255 32 256 2400 191
256 64 16 800 108
257 128 64 800 177
258 16 256 800 144
259 16 64 500 141
260 16 256 500 174
261 128 64 2400 126
262 32 16 1000 160
263 16 64 2400 138
264 32 16 5000 163
265 64 64 1000 157
266 64 16 800 105
267 64 256 500 93
268 32 256 800 125
269 64 16 500 116
270 16 256 500 146
271 16 128 2400 126
272 128 128 500 196
273 64 256 1000 172
274 64 64 2400 164
275 16 256 2400 157
276 16 256 2400 178
277 64 16 1000 134
278 16 16 500 179
279 128 128 2400 174
280 16 64 5000 140
281 64 16 5000 121
282 128 256 2400 131
283 16 64 500 104
284 64 256 500 109
285 128 256 2400 91
286 32 64 1000 174
287 32 64 1000 111
288 128 64 500 106
289 128 128 500 145
290 128 16 1000 123
291 128 128 800 167
292 64 128 500 137
293 32 64 2400 105
294 64 16 1000 105
295 32 64 500 133
296 64 256 1000 130
297 32 256 500 153
298 16 128 5000 95
299 32 128 2400 156
300 16 16 5000 133
301 128 256 5000 167
302 128 128 2400 149
303 128 64 5000 128
304 16 256 500 111
305 128 16 1000 145
306 16 128 800 112
307 16 128 500 156
308 128 16 5000 188
309 128 64 800 108
310 128 128 5000 138
311 16 256 1000 135
312 32 16 500 183
313 128 64 2400 153
314 16 16 800 126
315 32 256 5000 132
316 16 256 5000 176
317 16 256 800 171
318 32 16 800 185
319 128 64 500 109
320 128 128 2400 194
321 16 16 5000 99
322 32 128 800 97
323 16 128 1000 162
324 32 256 5000 181
325 16 64 5000 103
326 128 128 2400 94
327 64 256 1000 105
328 64 256 5000 127
329 16 64 500 137
330 64 256 1000 193
331 32 64 800 165
332 64 16 2400 144
333 64 16 500 149
334 64 128 1000 167
335 32 64 5000 182
336 128 16 2400 119
337 128 256 5000 165
338 64 16 5000 117
339 16 256 800 199
340 128 16 500 104
341 32 16 500 178
342 16 16 2400 199
343 32 128 500 159
344 128 128 1000 200
345 128 16 2400 104
346 16 16 500 187
347 32 128 2400 169
348 32 16 500 173
349 128 16 800 117
350 64 16 1000 194
351 128 16 500 99
352 128 256 500 154
353 32 256 5000 109
354 16 256 1000 138
355 32 256 800 101
356 128 64 2400 104
357 16 128 1000 141
358 32 16 5000 193
359 32 256 800 191
360 128 64 800 92
361 32 128 5000 167
362 32 256 1000 162
363 32 16 5000 113
364 128 256 1000 137
365 16 16 800 121
366 128 16 2400 109
367 32 256 500 118
368 64 256 5000 160
369 128 128 2400 134
370 32 128 2400 175
371 16 64 500 144
372 64 128 500 188
373 64 256 800 127
374 16 64 500 140
375 32 16 800 194
376 128 16 500 156
377 32 64 500 119
378 128 128 2400 174
379 128 64 2400 200
380 128 16 1000 183
381 64 16 2400 153
382 128 256 800 154
383 64 16 5000 166
384 16 128 500 181
385 16 16 800 91
386 128 256 800 194
387 16 16 5000 121
388 64 64 500 132
389 64 128 5000 188
390 64 256 5000 127
391 64 64 2400 144
392 64 128 500 126
393 16 256 1000 149
394 64 256 1000 181
395 64 64 5000 167
396 16 64 5000 127
397 64 128 5000 144
398 64 128 1000 147
399 128 128 1000 137
400 16 128 500 175
401 64 64 500 107
402 64 256 1000 138
403 64 16 800 198
404 32 16 1000 110
405 128 256 2400 151
406 128 128 2400 90
407 128 16 1000 158
408 128 64 2400 117
409 16 256 800 101
410 64 64 5000 100
411 128 64 2400 102
412 16 128 1000 93
413 16 64 500 142
414 64 64 1000 185
415 32 256 500 177
416 64 16 5000 131
417 32 256 5000 157
418 16 16 2400 118
419 32 64 1000 182
420 64 64 2400 175
421 32 64 2400 137
422 16 256 500 153
423 128 128 1000 136
424 32 256 5000 188
425 16 128 800 113
426 64 16 1000 97
427 64 256 1000 181
428 32 64 1000 137
429 32 64 500 147
430 128 64 5000 123
431 32 64 500 196
432 64 128 500 157
433 16 256 800 181
434 32 128 5000 122
435 128 64 2400 177
436 32 16 1000 160
437 128 64 800 186
438 16 256 5000 187
439 64 16 2400 145
440 32 16 2400 111
441 64 64 2400 161
442 16 128 5000 93
443 16 64 800 100
444 64 16 1000 108
445 16 16 5000 122
446 32 128 1000 95
447 128 64 5000 166
448 16 256 2400 122
449 64 256 1000 137
450 128 16 5000 132
451 128 64 1000 103
452 16 256 800 159
453 32 64 500 175
454 128 256 5000 104
455 128 64 500 110
456 64 128 800 102
457 32 16 1000 151
458 128 128 2400 149
459 128 256 5000 148
460 16 16 2400 96
461 16 16 500 153
462 128 64 5000 157
463 32 256 1000 147
464 128 256 2400 146
465 64 256 5000 124
466 64 16 800 146
467 32 128 500 157
468 64 64 800 94
469 64 16 800 112
470 64 256 500 119
471 32 256 2400 106
472 64 128 2400 100
473 32 128 5000 196
474 64 16 500 129
475 32 16 500 171
476 32 256 800 127
477 32 256 800 151
478 16 16 1000 176
479 16 256 5000 135
480 64 128 800 102
481 16 16 800 148
482 32 256 2400 124
483 64 64 5000 197
484 32 256 500 196
485 128 128 800 160
486 16 64 800 197
487 16 256 500 145
488 16 64 1000 173
489 64 64 5000 157
490 64 256 2400 151
491 128 64 800 122
492 64 16 500 161
493 128 128 1000 101
494 64 256 2400 170
495 64 128 800 116
496 32 64 500 157
497 32 256 5000 164
498 128 16 1000 156
499 64 128 1000 181
500 64 16 500 142
501 128 16 800 160
502 128 64 1000 149
503 16 64 1000 134
504 32 256 5000 166
505 128 64 500 104
506 64 64 500 157
507 64 64 5000 120
508 64 128 5000 188
509 32 64 5000 91
510 128 16 5000 134
511 16 128 500 110
512 16 256 1000 100
513 16 128 800 141
514 32 128 5000 95
515 16 64 5000 169
516 64 128 500 200
517 128 16 500 161
518 128 256 2400 141
519 16 128 1000 167
520 16 64 5000 176
521 32 128 1000 156
522 16 256 500 102
523 128 64 5000 91
524 32 64 500 148
525 64 256 1000 128
526 64 128 5000 154
527 64 16 2400 114
528 32 16 1000 125
529 64 256 5000 157
530 16 256 2400 158
531 64 128 5000 101
532 32 256 2400 104
533 64 64 800 148
534 16 256 500 121
535 32 128 5000 160
536 64 256 800 176
537 16 64 500 136
538 32 256 1000 158
539 32 16 5000 177
540 128 16 2400 115
541 16 16 5000 107
542 64 128 2400 194
543 16 64 800 128
544 64 64 800 102
545 64 128 5000 91
546 128 256 500 180
547 128 16 1000 152
548 128 16 500 128
549 128 64 1000 120
550 16 16 1000 92
551 128 256 500 176
552 16 64 5000 139
553 64 16 500 136
554 16 16 5000 142
555 64 256 800 193
556 128 128 1000 138
557 16 256 5000 144
558 64 256 500 143
559 32 16 500 127
560 16 16 5000 169
561 16 64 800 97
562 32 128 1000 112
563 128 256 800 194
564 32 128 1000 118
565 128 64 2400 120
566 32 128 5000 164
567 128 16 800 138
568 16 64 800 97
569 32 128 5000 102
570 16 128 1000 110
571 32 16 800 145
572 16 128 2400 132
573 32 128 500 93
574 64 64 2400 195
575 64 256 5000 160
576 64 128 1000 160
577 128 128 2400 186
578 16 64 500 112
579 128 16 2400 119
580 64 256 2400 163
581 128 128 500 106
582 64 64 5000 191
583 64 64 2400 119
584 16 64 1000 162
585 16 128 5000 190
586 32 16 500 140
587 128 128 500 144
588 32 128 5000 154
589 64 16 1000 199
590 16 64 1000 106
591 32 16 5000 187
592 64 256 2400 138
593 16 64 2400 186
594 64 256 800 152
595 32 64 5000 191
596 64 128 5000 190
597 16 256 2400 155
598 32 128 800 164
599 16 128 500 173
600 128 64 1000 130
601 16 16 800 180
602 64 256 800 169
603 16 128 1000 152
604 128 16 5000 118
605 16 64 2400 153
606 16 128 1000 157
607 128 256 800 117
608 16 16 500 186
609 128 64 5000 95
610 128 64 800 173
611 32 256 500 138
612 64 64 500 149
613 32 256 1000 92
614 16 256 500 152
615 128 256 5000 106
616 128 16 5000 162
617 32 16 1000 99
618 64 16 2400 124
619 32 16 800 96
620 32 256 500 149
621 16 16 2400 187
622 128 16 800 153
623 64 16 1000 131
624 16 128 800 153
625 64 64 500 191
626 64 256 1000 107
627 128 16 1000 103
628 32 16 5000 192
629 64 16 5000 191
630 16 128 800 174
631 16 16 2400 102
632 64 256 800 119
633 64 16 800 103
634 32 128 500 111
635 128 16 5000 198
636 128 64 5000 166
637 16 128 1000 167
638 128 256 5000 104
639 16 128 2400 114
640 64 128 800 131
641 32 16 500 129
642 32 16 5000 149
643 64 64 500 143
644 16 256 800 98
645 32 128 2400 135
646 64 128 5000 199
647 64 256 1000 140
648 128 128 500 184
649 64 256 5000 175
650 32 16 2400 110
651 16 16 5000 176
652 16 128 800 139
653 128 64 5000 120
654 32 64 500 102
655 16 64 500 108
656 128 128 1000 140
657 64 128 5000 124
658 128 128 500 153
659 128 256 2400 182
660 64 256 2400 142
661 64 128 1000 116
662 32 64 2400 150
663 32 64 800 150
664 32 256 1000 128
665 128 64 500 131
666 16 256 1000 118
667 64 16 800 147
668 32 256 1000 171
669 64 64 800 111
670 16 16 1000 106
671 32 64 800 157
672 32 256 1000 97
673 64 16 500 144
674 32 256 800 100
675 64 64 800 170
676 32 64 1000 150
677 16 256 500 116
678 128 256 1000 173
679 128 128 500 190
680 64 64 2400 191
681 32 128 5000 142
682 16 16 800 120
683 64 64 1000 123
684 128 128 1000 123
685 128 128 2400 91
686 64 16 5000 95
687 128 64 5000 158
688 16 16 5000 90
689 32 64 5000 159
690 64 64 2400 113
691 32 256 800 143
692 128 16 800 102
693 16 256 800 100
694 64 256 5000 162
695 32 16 500 169
696 16 128 5000 193
697 32 128 500 150
698 128 256 2400 107
699 32 16 800 97
700 64 128 5000 153
701 64 64 2400 191
702 128 256 5000 192
703 32 64 5000 115
704 128 16 800 193
705 128 256 800 111
706 128 128 2400 162
707 32 256 1000 106
708 32 16 1000 189
709 32 128 2400 197
710 128 16 2400 176
711 128 256 1000 102
712 128 256 2400 144
713 64 256 1000 124
714 32 256 1000 174
715 32 256 2400 142
716 16 256 800 109
717 32 256 500 97
718 128 64 800 139
719 32 16 800 150
720 128 64 5000 177
721 128 16 800 185
722 128 256 800 153
723 32 256 500 162
724 128 128 500 187
725 32 64 2400 196
726 16 128 2400 163
727 128 64 1000 133
728 128 64 800 155
729 128 256 800 104
730 64 256 500 136
731 64 256 1000 170
732 16 128 5000 193
733 32 16 5000 144
734 16 16 500 171
735 16 16 5000 137
736 128 256 2400 200
737 128 128 800 107
738 64 64 5000 93
739 16 128 5000 193
740 64 256 500 191
741 64 128 500 194
742 16 128 500 132
743 32 64 1000 114
744 64 256 1000 188
745 32 256 5000 147
746 128 128 1000 172
747 32 128 800 173
748 16 16 2400 169
749 64 128 1000 105
750 32 16 800 194
751 16 256 800 110
752 32 64 500 182
753 16 256 5000 159
754 16 16 800 106
755 32 64 5000 198
756 16 16 1000 186
757 32 64 500 187
758 16 128 800 185
759 64 16 500 141
760 16 64 1000 174
761 64 128 2400 161
762 16 64 5000 200
763 64 256 2400 192
764 16 16 5000 180
765 64 128 800 138
766 128 64 5000 121
767 32 64 2400 196
768 64 16 500 114
769 64 128 2400 146
770 128 256 500 174
771 32 256 1000 164
772 128 64 5000 186
773 128 256 800 143
774 16 16 500 180
775 16 128 2400 90
776 32 64 1000 185
777 16 16 1000 179
778 16 256 2400 94
779 16 128 500 164
780 64 128 500 142
781 128 256 800 140
782 32 128 2400 186
783 16 256 500 174
784 16 16 800 180
785 16 64 2400 123
786 16 128 500 101
787 128 64 800 154
788 32 16 1000 100
789 64 128 5000 95
790 16 64 500 124
791 128 256 2400 200
792 64 256 2400 160
793 128 128 5000 131
794 128 64 5000 161
795 32 256 2400 179
796 16 16 800 156
797 32 64 500 138
798 32 256 5000 124
799 64 16 800 192
800 64 128 2400 157
801 64 16 800 172
802 32 16 1000 137
803 16 256 5000 173
804 32 16 5000 117
805 16 16 500 169
806 32 64 2400 150
807 32 128 1000 108
808 128 128 800 171
809 16 128 5000 139
810 128 64 5000 104
811 32 256 800 124
812 32 16 500 155
813 16 128 5000 177
814 128 16 5000 93
815 32 64 500 171
816 64 64 1000 122
146
2 449 66 92
4 113 57 120
5 742 49 99
10 225 69 101
16 775 46 107
23 691 52 102
26 447 58 155
26 141 68 107
27 257 58 107
29 423 67 150
29 225 50 156
29 564 60 135
35 378 56 111
38 100 63 154
43 807 53 90
45 803 43 137
52 521 69 168
57 384 54 136
57 792 51 200
59 454 56 104
61 444 48 165
63 513 51 197
65 779 64 125
74 760 65 103
76 216 45 91
81 717 65 98
82 486 65 191
89 386 47 157
91 323 45 175
91 578 66 145
92 655 60 149
94 176 45 183
97 739 51 168
102 794 43 176
111 687 63 122
116 160 40 119
119 490 58 106
123 676 50 98
124 603 41 114
129 310 44 125
131 378 59 124
133 772 45 126
133 775 62 188
140 224 44 167
146 726 60 144
150 692 64 143
156 663 60 159
159 669 68 172
159 459 42 130
161 614 69 144
166 474 45 118
169 387 61 101
169 750 69 186
171 280 54 103
181 320 50 107
182 278 53 98
186 645 60 96
196 259 49 102
198 583 51 113
198 415 46 166
218 521 61 160
232 626 54 177
234 723 60 94
234 350 42 143
238 534 58 127
241 335 56 129
249 425 53 190
252 571 49 197
267 373 47 171
270 507 55 141
271 468 43 184
273 778 52 184
274 693 63 125
276 356 55 199
282 631 64 176
283 422 53 176
284 788 55 143
285 648 50 107
300 571 64 99
302 467 57 122
305 546 55 95
307 602 58 184
315 444 67 118
317 432 67 185
317 572 62 108
325 757 44 163
330 615 55 193
340 494 46 143
340 348 51 119
356 799 51 163
363 544 66 189
370 717 69 150
377 582 61 140
379 594 49 149
386 620 60 97
395 583 59 164
396 647 63 137
401 423 61 170
402 585 58 100
402 792 50 169
405 734 59 102
410 629 54 91
410 576 66 178
411 476 42 126
416 640 69 135
419 775 69 148
420 674 53 157
431 809 69 185
433 672 53 181
433 635 65 164
434 437 69 150
436 575 69 163
440 526 50 165
443 489 60 118
448 814 46 193
463 499 64 184
485 602 53 141
494 779 51 125
494 681 53 97
504 571 53 117
526 643 51 151
531 621 49 114
548 599 45 125
556 767 41 174
566 632 46 151
571 714 46 142
572 806 46 157
579 610 47 195
583 664 41 159
584 587 42 179
585 744 52 130
590 751 53 143
593 790 52 126
596 727 51 102
602 813 63 189
607 780 68 138
627 789 53 176
630 633 53 172
647 732 51 183
667 669 50 133
677 750 49 165
705 736 67 90
718 755 59 186
722 804 45 166
726 728 59 181
774 795 52 92