944
0 16 16 1000 132
1 8 64 100 119
2 8 64 300 101
3 8 64 300 101
4 16 128 100 102
5 2 64 1000 112
6 8 128 100 117
7 8 16 300 96
8 8 64 1000 123
9 16 64 200 149
10 2 16 500 130
11 8 16 500 116
12 16 128 100 105
13 2 16 1000 94
14 16 16 500 132
15 8 128 300 129
16 8 64 200 147
17 8 128 500 129
18 8 64 100 102
19 8 16 300 120
20 16 64 300 136
21 16 128 300 94
22 8 128 100 139
23 8 64 300 138
24 16 16 500 110
25 16 128 300 131
26 8 16 300 109
27 2 16 500 93
28 16 128 1000 119
29 2 16 200 96
30 2 16 500 138
31 16 16 500 117
32 2 16 300 118
33 8 64 500 116
34 16 64 1000 113
35 8 16 500 126
36 2 128 500 117
37 8 16 200 148
38 8 128 300 117
39 2 128 300 122
40 2 64 200 111
41 8 16 300 149
42 8 16 1000 146
43 8 128 200 108
44 16 16 1000 135
45 16 16 200 140
46 8 16 200 102
47 16 64 300 126
48 8 64 200 128
49 8 128 1000 133
50 8 64 300 91
51 16 128 500 101
52 16 64 200 131
53 2 128 100 132
54 16 128 100 91
55 16 128 100 116
56 2 64 100 115
57 2 64 300 116
58 2 16 100 92
59 8 16 300 131
60 16 128 1000 93
61 8 128 100 114
62 8 128 500 136
63 8 64 200 137
64 8 16 200 139
65 8 64 500 107
66 2 64 100 118
67 16 16 500 142
68 16 64 300 102
69 16 128 200 137
70 2 64 200 91
71 16 16 200 145
72 2 128 1000 143
73 16 128 500 123
74 16 64 300 126
75 2 64 100 118
76 16 16 500 98
77 2 128 1000 144
78 8 16 500 108
79 16 16 200 131
80 16 16 200 90
81 8 128 500 139
82 8 64 500 134
83 16 64 300 130
84 16 64 300 148
85 8 128 200 116
86 2 128 300 147
87 2 64 500 134
88 16 64 200 143
89 16 128 500 111
90 2 64 300 91
91 8 128 1000 109
92 8 16 300 119
93 8 128 300 118
94 8 16 1000 123
95 8 64 200 97
96 8 64 300 135
97 16 64 100 137
98 2 128 1000 114
99 16 16 100 134
100 8 128 1000 136
101 16 16 300 140
102 2 64 300 94
103 2 64 300 135
104 8 64 200 120
105 2 128 500 150
106 16 16 200 133
107 8 64 1000 133
108 2 64 500 115
109 2 64 300 141
110 2 64 200 148
111 16 128 100 123
112 8 16 500 131
113 2 64 300 97
114 2 128 1000 137
115 8 64 100 141
116 2 128 1000 96
117 16 16 100 107
118 8 128 500 131
119 2 128 1000 112
120 8 128 500 98
121 2 128 200 111
122 2 16 1000 121
123 8 64 500 132
124 2 128 1000 142
125 2 16 100 125
126 8 16 200 90
127 16 64 500 142
128 16 64 100 109
129 8 16 200 111
130 8 128 200 121
131 8 64 100 123
132 16 128 500 99
133 2 64 100 150
134 2 128 200 111
135 8 16 1000 139
136 2 64 1000 104
137 8 16 300 115
138 16 16 500 137
139 16 64 100 139
140 8 128 1000 104
141 2 64 1000 106
142 2 128 1000 129
143 16 64 100 104
144 16 16 100 123
145 8 128 300 103
146 16 64 100 138
147 16 128 300 150
148 16 64 300 99
149 2 128 500 125
150 2 64 500 123
151 8 64 1000 134
152 16 128 500 105
153 16 16 300 135
154 2 128 1000 108
155 8 64 1000 138
156 16 128 1000 150
157 16 16 100 150
158 2 128 1000 125
159 8 16 500 109
160 2 64 300 101
161 16 128 1000 136
162 16 16 200 117
163 2 128 100 119
164 8 64 500 144
165 8 64 300 143
166 2 128 500 131
167 2 16 300 144
168 8 64 500 96
169 2 128 300 145
170 2 64 1000 95
171 8 128 200 107
172 8 16 100 138
173 16 16 1000 138
174 8 16 200 127
175 2 16 500 114
176 16 64 100 120
177 2 128 1000 106
178 2 64 1000 102
179 8 128 200 116
180 2 64 200 111
181 8 64 200 108
182 8 128 100 113
183 2 16 1000 91
184 8 128 1000 142
185 16 64 1000 93
186 2 16 500 124
187 16 128 1000 114
188 2 64 200 124
189 16 128 200 102
190 16 64 200 99
191 8 64 100 126
192 8 64 300 114
193 2 128 1000 139
194 2 16 300 143
195 16 128 500 93
196 8 128 100 94
197 8 16 300 148
198 8 128 200 94
199 8 16 500 100
200 16 16 500 124
201 8 64 300 95
202 16 16 100 126
203 2 16 300 123
204 16 64 300 111
205 2 64 500 140
206 16 16 500 91
207 2 16 300 91
208 8 64 200 130
209 8 128 300 139
210 16 16 1000 136
211 2 16 100 113
212 16 16 200 100
213 8 128 100 111
214 8 128 1000 133
215 2 128 1000 111
216 8 16 500 104
217 2 64 1000 130
218 2 16 300 140
219 2 64 1000 110
220 8 64 100 92
221 8 128 1000 142
222 8 128 100 95
223 16 16 500 144
224 16 128 100 127
225 2 16 200 99
226 16 128 200 90
227 8 128 200 125
228 2 128 500 121
229 16 16 200 129
230 16 64 300 114
231 16 64 200 110
232 2 16 1000 126
233 2 64 1000 132
234 16 128 1000 95
235 16 16 1000 145
236 16 64 300 146
237 16 64 200 92
238 16 64 500 150
239 16 16 300 145
240 8 128 200 143
241 8 16 200 106
242 8 16 200 94
243 8 64 300 115
244 8 16 200 118
245 2 128 300 103
246 8 64 300 110
247 8 64 300 127
248 16 16 300 112
249 8 16 1000 102
250 8 16 300 140
251 16 128 500 118
252 2 128 1000 123
253 16 64 200 97
254 16 64 500 98
255 8 128 500 136
256 8 64 100 125
257 8 128 1000 131
258 8 128 300 111
259 8 128 300 145
260 2 128 500 129
261 8 128 300 118
262 2 16 300 110
263 16 128 500 113
264 16 64 1000 128
265 2 16 300 125
266 16 128 1000 111
267 2 64 300 112
268 8 128 300 139
269 16 64 300 137
270 8 16 300 120
271 2 128 200 122
272 2 16 500 113
273 2 16 100 139
274 2 64 500 126
275 2 16 300 113
276 2 16 300 96
277 16 16 200 98
278 16 128 1000 100
279 8 128 300 142
280 16 16 100 117
281 2 128 200 100
282 16 16 200 120
283 2 16 1000 91
284 8 16 300 142
285 8 16 1000 141
286 8 128 1000 121
287 8 128 500 119
288 16 16 200 91
289 16 128 1000 146
290 2 128 300 149
291 16 64 1000 101
292 16 16 100 106
293 8 16 100 146
294 2 64 300 135
295 16 16 500 98
296 16 64 100 146
297 8 64 300 128
298 2 64 300 127
299 16 64 1000 110
300 16 16 100 120
301 2 128 1000 125
302 8 128 300 142
303 2 16 100 121
304 8 128 500 93
305 16 16 200 124
306 8 64 100 98
307 16 16 300 125
308 2 128 100 148
309 2 128 100 121
310 8 64 100 118
311 16 128 200 97
312 8 128 1000 118
313 16 128 300 118
314 16 16 200 119
315 16 16 200 140
316 16 16 100 111
317 16 128 1000 147
318 8 16 1000 103
319 2 128 500 150
320 16 64 300 114
321 8 16 100 123
322 8 64 1000 145
323 16 64 100 146
324 8 16 300 113
325 8 64 500 118
326 16 128 100 97
327 16 128 300 95
328 16 128 300 94
329 16 128 100 148
330 16 16 100 127
331 2 128 500 132
332 8 16 1000 108
333 2 16 1000 130
334 2 64 200 102
335 8 16 500 125
336 8 16 300 138
337 16 64 1000 109
338 2 64 200 124
339 16 16 1000 134
340 16 16 300 142
341 16 16 100 135
342 16 16 200 111
343 8 16 100 115
344 2 64 500 120
345 2 64 500 128
346 2 16 500 132
347 2 64 1000 128
348 2 64 1000 122
349 8 128 200 92
350 2 128 300 123
351 2 16 300 149
352 16 16 200 145
353 8 16 500 98
354 16 64 1000 102
355 16 16 500 147
356 8 64 200 95
357 16 16 300 92
358 16 16 1000 127
359 2 16 500 91
360 8 64 1000 124
361 2 16 100 121
362 16 128 100 130
363 16 128 1000 113
364 8 128 200 91
365 8 64 100 135
366 16 128 500 99
367 2 64 500 90
368 16 16 200 102
369 16 64 1000 126
370 16 16 500 141
371 2 64 300 141
372 8 16 100 123
373 2 64 200 115
374 16 128 500 102
375 16 64 100 150
376 2 16 500 132
377 8 16 200 96
378 2 64 100 136
379 16 128 500 125
380 16 128 200 108
381 16 128 200 146
382 8 16 100 147
383 8 64 100 102
384 8 64 200 137
385 16 64 1000 139
386 2 128 500 146
387 2 64 200 98
388 16 16 200 146
389 2 16 100 113
390 8 64 500 134
391 2 16 200 145
392 2 16 100 131
393 16 64 100 99
394 8 64 200 125
395 16 16 300 99
396 2 128 500 127
397 16 16 1000 91
398 8 128 500 100
399 2 16 100 149
400 8 64 200 125
401 2 128 500 139
402 16 128 1000 143
403 16 128 300 146
404 16 128 1000 116
405 2 16 500 149
406 8 128 500 136
407 16 16 200 113
408 16 128 100 140
409 16 64 100 97
410 8 64 200 93
411 2 16 200 140
412 8 64 300 144
413 2 64 500 99
414 2 128 200 146
415 8 128 200 106
416 8 64 100 120
417 2 16 1000 122
418 8 16 500 150
419 8 16 100 105
420 16 16 100 113
421 16 128 100 135
422 2 16 300 99
423 2 128 100 124
424 16 128 200 91
425 16 128 1000 101
426 2 64 300 145
427 2 16 300 134
428 8 16 100 132
429 2 16 1000 139
430 8 64 1000 149
431 8 16 1000 92
432 16 64 1000 93
433 8 64 1000 99
434 8 16 500 115
435 8 64 500 91
436 2 64 300 119
437 2 64 100 142
438 16 64 300 115
439 16 64 1000 121
440 2 128 300 142
441 16 64 300 91
442 2 16 100 120
443 16 64 500 104
444 16 128 300 110
445 16 128 300 92
446 16 16 500 105
447 8 16 200 127
448 8 64 1000 133
449 2 16 100 145
450 8 64 500 94
451 2 64 1000 121
452 16 16 500 135
453 8 64 100 140
454 2 64 1000 110
455 2 16 300 105
456 8 16 500 119
457 16 128 200 128
458 16 64 100 102
459 2 128 500 142
460 2 64 500 100
461 8 16 200 123
462 8 16 1000 121
463 16 64 500 139
464 8 16 500 116
465 2 128 500 145
466 2 16 300 146
467 8 64 300 123
468 16 64 300 120
469 2 64 1000 134
470 8 16 200 148
471 16 64 200 144
472 16 16 1000 120
473 2 128 200 140
474 16 128 300 96
475 8 64 300 126
476 16 128 100 141
477 16 64 500 123
478 16 16 1000 119
479 16 64 1000 119
480 2 64 300 144
481 16 64 200 118
482 16 128 100 148
483 2 64 1000 98
484 8 16 300 92
485 8 64 500 138
486 16 64 100 138
487 8 128 1000 135
488 2 64 500 112
489 16 128 1000 142
490 2 16 100 132
491 8 64 1000 94
492 2 64 500 99
493 8 16 200 113
494 2 64 500 109
495 16 64 200 122
496 8 128 300 145
497 2 64 200 149
498 2 128 100 99
499 8 64 100 113
500 8 64 1000 105
501 16 16 1000 97
502 2 16 500 104
503 8 16 100 106
504 8 128 200 121
505 8 16 1000 100
506 2 128 1000 126
507 16 128 100 140
508 16 128 1000 144
509 2 64 1000 150
510 8 16 200 107
511 8 128 200 148
512 2 16 200 146
513 2 64 100 120
514 16 128 500 135
515 8 128 100 101
516 16 16 1000 102
517 16 16 1000 108
518 16 16 500 90
519 2 64 200 133
520 16 16 300 93
521 8 128 200 116
522 16 128 300 131
523 2 64 300 110
524 8 16 300 128
525 16 64 100 96
526 2 64 500 115
527 8 16 100 138
528 2 16 1000 121
529 8 16 300 138
530 16 16 200 138
531 16 128 100 148
532 2 64 300 148
533 16 64 100 147
534 2 128 300 97
535 8 128 300 111
536 16 16 300 107
537 16 16 200 113
538 2 128 500 122
539 8 64 1000 143
540 8 64 200 149
541 16 128 300 144
542 16 16 300 123
543 16 16 100 138
544 8 16 300 135
545 16 64 1000 90
546 8 16 100 110
547 8 64 1000 135
548 8 128 1000 112
549 16 16 500 124
550 8 64 1000 119
551 16 128 500 145
552 16 64 1000 109
553 8 64 1000 111
554 16 64 1000 102
555 2 64 100 143
556 2 128 300 108
557 2 64 200 118
558 16 64 1000 147
559 8 16 100 150
560 8 16 500 111
561 16 64 300 119
562 16 16 300 92
563 16 128 100 141
564 8 64 300 137
565 2 64 1000 138
566 16 16 300 129
567 8 128 1000 99
568 2 64 200 138
569 8 128 300 128
570 8 16 100 117
571 16 16 100 116
572 8 64 100 96
573 16 64 200 109
574 8 16 300 125
575 16 16 500 128
576 16 64 100 147
577 8 64 500 149
578 8 64 1000 107
579 16 128 500 141
580 2 16 500 99
581 2 128 500 140
582 2 16 200 121
583 16 16 300 112
584 8 128 100 100
585 16 64 300 123
586 8 16 500 123
587 8 128 500 125
588 2 16 1000 142
589 16 128 300 107
590 8 16 500 104
591 16 64 100 118
592 16 16 200 92
593 2 64 300 119
594 2 16 300 147
595 2 64 200 95
596 8 64 200 109
597 2 16 200 90
598 16 128 200 123
599 2 128 1000 111
600 16 128 1000 115
601 16 64 500 97
602 2 128 200 115
603 16 128 200 132
604 16 128 200 108
605 8 64 200 94
606 2 64 200 146
607 8 16 200 111
608 8 16 1000 99
609 8 128 100 105
610 16 16 500 100
611 8 16 100 105
612 2 16 500 144
613 2 128 200 145
614 2 64 200 124
615 16 128 300 102
616 8 128 1000 126
617 8 64 1000 141
618 8 16 200 105
619 2 16 300 108
620 2 16 500 111
621 8 64 1000 100
622 2 16 300 117
623 2 64 200 150
624 2 16 300 101
625 8 64 1000 104
626 8 128 1000 150
627 2 128 500 127
628 2 128 300 109
629 8 16 200 135
630 16 128 100 132
631 8 128 100 90
632 16 64 1000 125
633 16 128 100 118
634 2 64 100 142
635 8 64 300 142
636 8 64 300 143
637 8 16 500 103
638 8 64 1000 107
639 16 16 500 125
640 8 16 300 102
641 16 128 100 129
642 16 64 1000 102
643 16 16 500 136
644 16 64 1000 97
645 8 16 100 119
646 16 128 300 136
647 2 64 100 112
648 2 64 1000 140
649 8 16 100 150
650 16 16 1000 96
651 8 128 1000 144
652 8 16 300 105
653 2 128 300 101
654 2 128 300 96
655 2 64 1000 119
656 8 64 1000 133
657 8 16 200 139
658 2 128 200 110
659 2 16 200 100
660 2 64 300 90
661 8 128 200 113
662 8 128 100 118
663 16 128 500 107
664 2 128 200 107
665 8 64 200 126
666 2 128 500 103
667 2 64 300 122
668 2 16 300 132
669 8 128 300 125
670 8 128 1000 139
671 2 64 300 150
672 8 64 1000 140
673 2 128 200 103
674 16 128 200 141
675 8 64 1000 131
676 2 64 500 103
677 2 128 500 128
678 2 16 300 90
679 8 64 100 123
680 2 16 300 103
681 16 64 1000 130
682 2 128 300 119
683 8 64 100 114
684 2 128 300 138
685 2 128 200 112
686 8 128 200 127
687 8 128 500 95
688 8 64 300 100
689 16 128 300 96
690 16 64 1000 112
691 16 128 500 120
692 2 128 300 108
693 16 16 500 113
694 16 16 300 109
695 16 16 300 110
696 8 16 1000 114
697 2 128 200 114
698 8 64 100 142
699 8 16 100 117
700 8 64 200 148
701 8 128 300 120
702 8 16 100 106
703 16 128 500 141
704 2 64 300 143
705 8 128 100 118
706 16 16 1000 102
707 16 16 300 92
708 16 16 200 95
709 2 64 100 99
710 8 128 100 123
711 8 64 1000 126
712 16 16 300 129
713 16 64 500 106
714 2 128 100 107
715 16 64 100 125
716 8 16 500 149
717 16 16 200 120
718 8 64 500 120
719 8 64 200 132
720 2 64 500 138
721 2 128 500 96
722 16 16 300 145
723 16 16 100 134
724 8 128 1000 120
725 8 128 100 140
726 8 64 1000 110
727 8 64 1000 120
728 8 128 500 131
729 16 128 100 143
730 2 128 300 120
731 2 64 200 117
732 2 128 200 92
733 2 16 500 119
734 16 16 300 131
735 2 16 300 150
736 8 128 100 93
737 16 128 200 90
738 8 64 1000 103
739 8 64 200 146
740 16 16 1000 116
741 2 64 1000 129
742 2 64 500 123
743 2 64 100 108
744 8 16 100 134
745 16 64 100 106
746 2 128 100 144
747 2 128 100 94
748 2 128 500 149
749 16 64 500 127
750 16 16 500 100
751 2 128 500 99
752 2 128 1000 132
753 16 64 500 139
754 16 16 300 116
755 16 128 500 149
756 16 64 1000 122
757 8 64 100 104
758 2 64 200 118
759 2 16 200 131
760 8 64 200 119
761 2 64 200 124
762 8 16 1000 149
763 16 128 100 106
764 2 64 500 109
765 16 16 1000 104
766 16 16 200 98
767 8 128 100 132
768 8 64 100 138
769 2 128 100 140
770 2 128 200 110
771 2 64 1000 124
772 2 64 500 106
773 2 128 500 102
774 16 16 300 150
775 8 128 1000 130
776 8 64 100 126
777 2 16 300 96
778 2 128 300 137
779 16 64 1000 144
780 2 64 500 142
781 2 16 100 139
782 16 128 200 136
783 2 64 1000 144
784 8 64 200 101
785 8 128 100 134
786 8 16 100 98
787 16 64 200 119
788 8 16 200 124
789 2 64 300 148
790 16 128 200 112
791 8 16 1000 125
792 8 64 1000 92
793 16 16 1000 92
794 8 16 100 91
795 8 128 500 90
796 8 16 500 140
797 2 64 1000 133
798 16 128 200 110
799 8 64 200 92
800 2 16 500 109
801 2 16 1000 145
802 2 128 300 141
803 8 16 100 148
804 16 64 500 98
805 8 128 200 142
806 2 128 100 115
807 2 128 200 140
808 2 128 300 93
809 2 16 300 145
810 2 16 300 137
811 16 16 500 131
812 2 64 500 122
813 2 16 200 137
814 8 16 300 146
815 16 64 1000 130
816 16 128 300 104
817 2 128 500 125
818 16 128 500 127
819 16 64 100 110
820 16 16 500 115
821 8 16 1000 106
822 16 64 500 144
823 8 128 1000 109
824 2 64 300 94
825 2 128 500 114
826 2 128 1000 137
827 16 16 200 149
828 8 64 100 143
829 8 64 100 113
830 8 16 500 113
831 2 64 100 128
832 16 16 500 129
833 2 128 200 121
834 8 64 1000 94
835 16 128 100 141
836 16 16 500 90
837 8 16 500 93
838 16 16 1000 99
839 8 64 300 144
840 8 64 100 107
841 16 64 500 93
842 16 64 500 143
843 2 16 300 99
844 2 16 1000 110
845 16 16 500 103
846 8 64 100 124
847 2 16 100 92
848 2 64 300 129
849 16 64 200 128
850 8 16 500 97
851 16 128 1000 140
852 8 128 1000 95
853 8 128 1000 134
854 2 16 100 117
855 8 64 1000 139
856 16 128 500 135
857 8 64 300 119
858 16 64 100 107
859 8 16 500 94
860 2 128 1000 150
861 2 128 200 135
862 8 128 100 109
863 16 64 500 103
864 2 16 500 142
865 8 16 100 111
866 8 16 100 107
867 16 128 500 147
868 16 128 500 133
869 2 16 1000 148
870 2 16 500 128
871 8 128 300 137
872 8 64 500 129
873 8 64 300 126
874 16 64 100 102
875 2 16 1000 94
876 2 16 300 119
877 8 128 100 134
878 8 64 500 147
879 8 64 200 121
880 16 128 1000 145
881 16 64 100 105
882 16 64 200 94
883 8 16 1000 148
884 2 128 100 135
885 2 64 500 109
886 8 16 100 137
887 8 16 1000 126
888 8 128 300 137
889 16 128 500 92
890 2 128 100 138
891 8 64 300 147
892 2 128 300 125
893 16 64 1000 123
894 16 16 100 112
895 8 64 500 103
896 8 64 200 127
897 2 128 200 107
898 2 128 500 143
899 2 16 1000 140
900 16 128 200 105
901 2 16 500 109
902 2 128 1000 108
903 2 64 200 140
904 16 16 300 132
905 16 128 1000 116
906 2 128 100 111
907 2 16 100 99
908 2 64 100 99
909 8 128 300 105
910 16 128 500 127
911 16 16 500 139
912 2 16 1000 99
913 16 16 500 108
914 16 64 100 139
915 8 16 500 128
916 2 128 500 143
917 2 64 200 110
918 2 16 500 136
919 8 64 1000 91
920 16 128 500 96
921 8 128 300 100
922 8 128 500 101
923 2 64 200 121
924 8 16 100 135
925 2 128 300 113
926 8 64 200 145
927 2 64 1000 128
928 8 16 200 134
929 16 128 300 91
930 8 128 1000 115
931 8 64 1000 111
932 8 64 500 121
933 2 128 500 109
934 8 128 300 91
935 16 64 1000 139
936 8 16 300 111
937 8 128 500 129
938 8 128 300 124
939 8 16 200 135
940 16 64 100 109
941 16 128 1000 94
942 2 16 300 126
943 16 64 500 95
362
0 750 66 186
0 204 61 171
1 94 56 176
3 871 44 170
4 560 55 200
6 238 70 99
8 370 53 152
11 844 62 91
11 471 52 144
13 545 51 139
14 263 70 196
15 474 60 134
17 861 49 111
18 106 60 120
19 570 48 169
21 134 69 125
26 480 44 101
26 663 64 141
28 217 65 131
29 394 53 182
29 126 70 115
29 841 53 112
29 602 58 186
32 384 42 177
32 724 52 125
33 229 48 140
33 924 44 97
35 281 55 137
35 488 59 138
36 481 64 184
40 815 46 165
43 293 58 92
43 592 46 106
43 645 68 137
44 603 51 170
44 479 54 96
47 433 57 145
49 823 53 188
53 817 42 96
54 704 41 140
55 70 68 176
58 129 55 96
61 614 61 189
61 769 65 145
61 933 51 101
62 288 53 180
64 682 44 155
66 346 64 134
68 507 59 115
68 904 50 175
70 236 44 188
72 704 66 151
72 664 48 140
72 171 42 160
72 316 70 107
74 366 52 94
74 732 68 179
74 292 51 124
75 895 68 113
77 637 48 152
77 818 62 110
80 264 62 169
81 331 65 140
82 136 59 122
82 514 51 102
82 926 60 98
83 432 66 197
84 382 67 125
84 546 56 121
85 913 62 175
86 585 68 115
87 730 64 183
89 564 48 130
89 413 56 138
93 142 52 166
93 879 62 134
95 938 56 149
98 220 70 182
99 797 52 181
100 121 43 135
101 296 44 124
103 327 60 190
104 812 48 113
104 792 46 111
106 827 49 167
107 714 57 177
109 426 63 135
112 497 44 117
113 558 43 168
115 757 64 187
117 430 70 99
117 479 60 129
118 170 43 139
119 555 70 105
122 907 49 154
122 811 62 160
123 244 70 93
125 199 54 145
129 321 47 188
130 519 62 96
133 724 58 90
134 308 53 106
137 516 63 141
137 692 47 104
138 855 68 119
138 447 59 124
145 304 58 146
147 273 65 150
148 832 63 166
150 853 67 172
151 674 45 186
151 756 48 186
151 869 70 118
152 277 42 180
154 384 60 144
157 507 45 154
157 663 52 160
158 330 62 119
158 888 59 130
159 941 57 120
160 180 60 164
162 876 41 128
164 353 41 134
165 795 51 157
167 898 51 98
168 246 63 169
172 174 51 131
173 280 56 118
173 846 54 197
174 404 60 158
175 694 55 195
178 348 46 170
182 296 43 184
183 405 68 184
183 747 68 94
185 229 69 163
187 489 49 107
188 744 56 144
189 567 48 114
191 374 40 158
192 298 46 158
194 728 60 155
196 509 58 159
196 598 48 135
201 487 63 133
202 437 70 151
205 885 64 149
213 230 59 117
213 816 55 165
214 427 46 106
217 737 51 146
217 593 57 144
221 723 48 154
222 649 54 146
222 911 58 115
225 885 43 118
226 706 62 92
227 331 60 200
227 473 53 130
228 820 69 173
228 529 69 104
232 431 69 103
233 618 63 190
233 738 43 181
237 429 51 90
237 872 49 105
239 598 40 139
242 585 62 177
246 871 70 96
247 256 68 110
247 894 60 125
247 671 41 160
249 320 57 155
251 553 53 159
255 706 54 192
255 752 63 161
257 682 63 155
258 266 56 178
260 333 47 191
265 530 47 164
269 714 51 162
269 939 62 117
273 356 54 200
275 701 52 116
275 400 66 107
275 499 70 143
276 343 51 196
277 435 43 125
278 769 43 120
279 568 65 123
282 385 43 138
285 748 68 183
287 659 53 140
288 865 69 187
291 438 57 92
291 429 65 97
292 781 61 107
300 563 65 101
302 552 60 91
303 587 46 162
305 901 41 103
305 534 67 172
308 692 46 179
310 329 63 97
311 542 69 170
315 409 59 125
316 832 69 117
317 455 42 139
318 820 70 182
323 681 56 93
323 325 40 190
323 944 45 198
324 697 45 106
324 827 70 147
328 847 47 154
332 885 58 176
332 389 49 149
333 747 62 112
334 550 61 129
336 928 44 145
336 789 70 94
336 632 67 182
340 727 59 190
342 408 40 133
346 404 58 170
346 888 46 155
347 755 69 190
349 443 68 143
349 654 42 155
351 872 64 106
352 356 68 138
352 728 66 177
358 595 47 158
359 725 48 172
361 757 69 127
361 808 65 92
366 899 41 143
368 920 58 123
369 913 42 178
370 447 54 184
370 407 58 182
370 846 67 117
377 943 70 128
377 915 64 194
378 826 50 197
379 569 44 157
379 691 44 92
382 752 41 151
385 541 60 115
385 620 47 192
388 628 43 195
393 689 45 172
395 881 44 193
397 791 65 93
399 517 56 154
399 781 57 121
402 552 42 104
404 605 57 194
404 657 63 200
405 866 45 111
407 609 40 150
407 648 52 133
413 470 66 144
416 531 41 197
419 846 67 200
419 830 65 197
419 620 42 171
422 646 47 129
424 602 52 187
426 579 55 167
431 441 50 138
432 787 50 191
436 795 45 96
439 689 57 129
442 798 65 105
452 512 55 164
456 850 63 140
460 680 46 94
460 581 56 195
463 574 68 138
467 792 55 100
475 829 62 169
479 650 40 131
486 544 44 101
490 729 61 128
494 900 42 188
495 523 41 171
497 854 47 124
499 582 42 92
500 880 55 97
501 604 51 116
501 581 66 143
504 538 69 92
505 684 44 133
505 694 40 159
513 784 57 125
517 656 67 103
517 624 64 165
519 613 52 146
523 558 70 135
524 931 53 147
528 943 63 181
539 876 61 136
550 812 70 141
557 722 63 147
559 703 69 124
564 901 64 180
564 866 58 94
566 861 50 134
572 931 52 110
572 906 52 117
573 838 70 118
575 907 49 190
577 736 40 160
578 924 40 195
578 597 48 96
581 691 52 196
584 740 49 134
594 906 58 125
598 894 65 164
604 926 52 111
607 925 46 133
612 764 40 198
614 759 54 195
614 863 60 91
620 839 49 166
620 784 46 161
622 757 51 102
624 884 60 92
625 685 40 136
630 711 65 190
630 875 67 175
632 771 46 144
646 826 46 174
647 709 47 180
650 932 43 120
652 748 61 90
675 753 48 133
677 797 67 116
682 835 51 121
695 713 52 152
696 747 60 95
704 757 51 165
709 785 62 177
720 843 64 118
730 785 48 122
744 938 46 187
748 884 66 114
753 815 53 164
780 869 53 93
812 900 44 163
816 891 43 173
819 873 40 114
823 939 68 122
823 911 45 127
828 930 58 133
835 901 66 151
870 944 64 174
880 916 43 187
880 911 52 196
895 905 40 145
908 921 51 99