237
0 32 128 1000 62
1 64 64 500 34
2 32 64 200 68
3 64 16 100 64
4 16 64 200 39
5 32 64 200 30
6 4 16 200 77
7 64 64 500 30
8 64 128 2000 86
9 32 8 2000 99
10 4 64 2000 95
11 4 8 500 94
12 4 128 100 74
13 64 64 2000 32
14 32 8 200 67
15 16 16 500 62
16 32 128 1000 88
17 64 128 500 62
18 16 64 1000 40
19 32 64 100 33
20 4 16 500 72
21 64 64 100 78
22 32 128 200 93
23 16 8 500 37
24 4 16 500 90
25 16 128 500 64
26 32 16 100 99
27 32 64 100 99
28 16 128 500 92
29 16 8 1000 94
30 64 128 1000 84
31 4 8 2000 71
32 4 16 2000 54
33 16 64 200 65
34 16 128 500 50
35 64 8 500 92
36 4 16 200 70
37 64 8 2000 86
38 4 16 100 85
39 16 128 500 92
40 16 16 100 79
41 4 128 2000 74
42 32 8 100 61
43 16 8 1000 86
44 4 64 1000 59
45 16 128 2000 96
46 4 64 500 92
47 32 16 1000 97
48 4 128 2000 33
49 64 8 500 30
50 4 8 500 37
51 4 16 2000 70
52 16 128 100 31
53 16 8 100 42
54 32 64 1000 40
55 16 128 100 40
56 4 128 200 71
57 4 16 200 61
58 16 16 1000 94
59 16 64 2000 100
60 4 128 2000 96
61 64 64 200 38
62 32 128 100 86
63 16 64 2000 44
64 4 128 500 82
65 32 8 2000 58
66 64 8 1000 75
67 32 64 100 64
68 4 64 100 54
69 32 16 2000 89
70 4 64 100 94
71 64 8 100 53
72 4 16 500 96
73 4 16 200 66
74 64 64 200 44
75 16 16 100 65
76 4 8 100 94
77 64 128 500 45
78 16 8 500 45
79 64 64 1000 62
80 64 8 500 47
81 4 128 200 77
82 4 8 200 83
83 32 64 1000 39
84 32 16 200 64
85 16 16 100 88
86 64 8 200 40
87 4 128 500 58
88 64 8 2000 54
89 32 128 200 99
90 4 8 200 55
91 16 8 200 55
92 32 64 2000 51
93 4 128 500 58
94 16 16 200 56
95 32 8 200 48
96 16 128 2000 46
97 32 16 200 39
98 64 64 100 38
99 4 64 500 75
100 4 16 1000 94
101 32 16 200 100
102 32 128 500 33
103 64 128 1000 92
104 64 16 100 37
105 64 128 200 79
106 64 64 100 83
107 4 16 100 38
108 4 64 500 75
109 4 16 2000 80
110 4 16 2000 34
111 64 16 1000 72
112 64 128 200 80
113 4 16 100 76
114 4 64 100 93
115 16 8 2000 55
116 4 8 100 86
117 4 16 1000 37
118 32 8 100 74
119 16 128 1000 99
120 4 128 500 33
121 32 128 2000 95
122 4 128 2000 62
123 16 16 1000 75
124 16 64 500 58
125 16 16 2000 80
126 4 8 1000 68
127 16 8 2000 51
128 64 64 2000 44
129 4 8 2000 49
130 32 128 2000 56
131 4 8 200 49
132 4 8 200 95
133 32 128 200 89
134 64 8 500 46
135 64 8 500 85
136 64 16 500 53
137 32 8 2000 83
138 4 128 200 84
139 32 8 100 83
140 32 8 1000 64
141 16 8 1000 87
142 64 16 100 65
143 64 8 500 45
144 64 16 500 58
145 4 16 500 38
146 32 128 500 40
147 64 64 2000 48
148 32 64 1000 33
149 16 8 100 37
150 64 128 200 62
151 64 64 500 75
152 16 8 100 47
153 64 128 2000 82
154 64 128 200 80
155 64 8 200 84
156 32 16 2000 81
157 32 16 500 100
158 4 8 2000 59
159 64 8 200 52
160 64 16 1000 63
161 16 8 100 48
162 32 16 500 99
163 16 64 200 49
164 4 64 200 83
165 32 64 500 62
166 32 64 500 75
167 64 8 1000 30
168 16 128 100 56
169 16 128 1000 92
170 32 8 100 90
171 16 16 2000 64
172 4 64 2000 60
173 4 128 2000 61
174 32 16 100 31
175 32 8 100 86
176 64 16 200 80
177 16 64 1000 72
178 4 8 1000 94
179 4 64 500 66
180 32 8 100 98
181 32 64 100 77
182 32 64 1000 35
183 16 8 2000 75
184 16 128 100 92
185 16 16 100 46
186 4 8 1000 70
187 16 8 500 91
188 32 128 500 57
189 16 8 1000 32
190 4 64 500 97
191 4 64 100 31
192 32 8 100 33
193 32 64 1000 96
194 64 128 500 33
195 32 128 2000 84
196 16 16 2000 43
197 64 64 1000 74
198 16 64 2000 38
199 64 128 200 62
200 4 8 500 99
201 16 16 1000 50
202 16 128 200 78
203 16 8 500 37
204 64 16 200 43
205 64 16 1000 30
206 32 8 1000 95
207 64 8 100 51
208 4 8 500 52
209 64 8 500 61
210 64 16 2000 31
211 64 8 100 55
212 16 128 100 62
213 16 16 500 96
214 4 64 1000 81
215 16 8 2000 35
216 32 16 200 55
217 16 128 200 81
218 32 128 500 60
219 32 64 1000 68
220 16 64 100 45
221 16 128 200 49
222 32 8 2000 39
223 4 16 2000 71
224 64 8 2000 67
225 4 64 100 63
226 4 64 100 59
227 16 16 1000 43
228 32 8 200 35
229 32 8 200 90
230 16 16 500 85
231 16 128 100 77
232 4 8 500 78
233 32 16 100 30
234 4 16 1000 76
235 16 8 2000 89
236 16 8 200 71
32
2 86 32 68
4 229 16 99
12 216 46 43
14 144 48 93
15 131 15 99
16 185 15 41
16 230 14 79
17 220 20 49
20 207 36 97
23 173 28 33
24 148 10 83
32 151 25 42
35 223 30 61
36 143 28 48
37 108 30 80
44 232 48 52
50 212 33 40
59 207 37 42
68 119 42 55
73 118 17 99
96 181 24 50
97 177 13 30
104 127 26 31
107 135 33 43
119 188 45 73
128 208 26 41
130 168 43 80
136 193 30 41
145 158 12 79
163 215 47 65
171 190 48 77
204 209 47 59