512
0 16 16 50 78
1 16 64 100 91
2 8 2 100 90
3 16 2 100 68
4 8 16 200 67
5 16 64 150 59
6 2 4 100 68
7 2 4 100 58
8 8 16 200 95
9 8 2 100 94
10 2 64 50 63
11 8 64 50 66
12 8 2 150 67
13 2 16 200 97
14 2 16 50 76
15 2 16 150 63
16 8 2 200 51
17 16 64 100 54
18 2 4 150 83
19 2 64 200 61
20 2 64 150 75
21 2 4 100 52
22 16 16 150 79
23 2 4 150 64
24 16 2 50 96
25 16 2 200 59
26 2 16 100 64
27 2 16 150 80
28 8 64 100 82
29 2 16 150 69
30 16 4 50 79
31 2 16 50 85
32 16 64 200 59
33 8 4 150 81
34 8 64 50 53
35 16 2 50 81
36 16 16 150 78
37 16 2 50 53
38 8 2 50 51
39 8 16 100 84
40 8 4 150 69
41 16 16 200 90
42 2 16 150 94
43 16 4 200 68
44 2 64 100 80
45 16 4 150 79
46 8 64 100 78
47 8 64 50 98
48 16 16 100 57
49 16 2 150 94
50 8 4 50 95
51 2 64 200 83
52 2 64 50 71
53 2 2 150 100
54 16 16 100 57
55 16 2 150 62
56 8 4 200 63
57 2 2 200 66
58 2 4 50 85
59 16 2 200 84
60 8 64 200 86
61 8 2 50 90
62 16 2 200 61
63 2 2 150 59
64 2 2 50 61
65 16 64 200 71
66 8 4 50 51
67 2 4 150 94
68 8 4 150 64
69 16 64 150 92
70 16 4 100 74
71 2 16 150 67
72 8 2 100 56
73 2 16 50 93
74 16 4 100 96
75 16 16 150 65
76 2 16 200 84
77 2 64 150 84
78 8 4 100 68
79 16 64 200 83
80 2 64 150 64
81 8 4 200 58
82 2 16 200 80
83 16 64 200 76
84 2 16 150 98
85 16 16 100 57
86 2 16 150 60
87 16 64 50 83
88 2 4 50 52
89 16 4 100 61
90 2 2 150 97
91 2 16 50 60
92 16 4 200 53
93 8 16 100 58
94 2 2 100 57
95 16 16 50 70
96 16 64 50 93
97 16 16 150 95
98 8 64 150 75
99 8 4 150 90
100 8 4 200 84
101 16 2 100 57
102 2 4 200 62
103 16 64 50 88
104 2 4 200 59
105 2 64 100 81
106 2 16 100 68
107 16 2 150 94
108 8 64 150 58
109 8 4 50 55
110 8 2 100 57
111 8 64 100 51
112 2 2 100 68
113 16 16 100 77
114 8 64 50 77
115 2 64 100 59
116 2 64 150 89
117 2 16 50 93
118 2 16 100 91
119 2 16 150 93
120 2 16 50 91
121 2 64 100 89
122 16 2 150 86
123 2 2 50 67
124 8 2 150 53
125 2 2 100 91
126 16 2 150 87
127 8 2 200 87
128 16 2 200 76
129 8 64 150 78
130 2 64 150 62
131 8 16 100 64
132 8 64 100 88
133 8 4 200 90
134 2 16 150 92
135 2 2 200 88
136 2 16 150 66
137 16 4 150 55
138 2 2 150 84
139 8 16 100 89
140 16 4 200 85
141 8 64 50 50
142 8 16 50 50
143 16 16 50 83
144 16 4 50 80
145 2 2 100 61
146 2 2 50 81
147 2 64 150 94
148 2 4 150 62
149 8 2 50 82
150 16 2 100 77
151 16 2 50 91
152 16 64 50 50
153 16 2 100 82
154 16 64 50 83
155 8 4 100 94
156 2 2 50 91
157 16 4 200 93
158 8 4 200 85
159 2 2 150 82
160 16 64 50 67
161 2 2 150 72
162 2 2 200 83
163 8 16 150 88
164 8 16 150 79
165 2 2 150 77
166 16 4 200 88
167 16 64 50 97
168 16 64 100 56
169 2 2 150 50
170 8 4 50 55
171 16 16 150 69
172 2 4 150 96
173 2 64 50 89
174 8 16 200 73
175 2 4 150 73
176 8 64 100 77
177 2 64 100 88
178 8 64 50 54
179 8 64 150 78
180 16 4 150 79
181 2 16 200 90
182 8 64 200 84
183 16 64 50 92
184 16 64 100 79
185 8 64 100 70
186 16 4 100 91
187 2 16 150 67
188 16 2 150 80
189 2 4 150 69
190 2 4 100 86
191 16 2 200 92
192 2 4 100 72
193 16 4 100 86
194 8 4 150 72
195 2 4 200 54
196 16 4 50 91
197 16 64 200 54
198 16 4 50 60
199 16 4 50 97
200 2 64 50 74
201 16 4 200 70
202 8 2 200 67
203 16 4 150 82
204 16 64 50 52
205 16 16 150 68
206 8 4 50 79
207 16 16 100 86
208 8 4 100 69
209 16 16 50 85
210 8 2 200 73
211 8 2 100 99
212 8 4 100 65
213 2 4 150 61
214 2 2 200 55
215 16 4 50 77
216 2 64 100 82
217 16 2 100 85
218 2 16 200 69
219 8 16 100 68
220 2 64 200 71
221 2 16 150 64
222 2 16 50 55
223 16 16 100 56
224 2 2 50 81
225 16 64 50 86
226 16 64 100 70
227 2 2 150 89
228 8 64 50 57
229 16 4 100 95
230 16 16 100 94
231 2 2 200 62
232 16 2 50 68
233 16 16 50 59
234 16 2 200 66
235 2 4 150 70
236 16 16 50 92
237 16 64 200 69
238 2 16 150 67
239 8 64 50 76
240 2 4 100 57
241 2 16 100 57
242 2 64 100 55
243 8 4 150 95
244 8 4 50 54
245 8 4 50 83
246 16 64 50 63
247 2 4 150 61
248 16 64 100 80
249 2 4 150 71
250 16 2 150 74
251 16 2 150 64
252 2 4 150 54
253 8 4 200 91
254 2 4 150 67
255 8 16 100 83
256 8 4 50 81
257 16 4 150 73
258 2 2 50 63
259 2 16 150 58
260 2 16 150 95
261 8 2 150 55
262 2 16 200 57
263 8 16 200 62
264 2 4 150 71
265 8 16 150 56
266 2 16 200 97
267 8 64 100 54
268 16 2 50 93
269 2 64 200 74
270 2 64 50 79
271 2 4 200 82
272 8 2 100 69
273 16 16 200 75
274 8 16 50 63
275 2 4 200 90
276 8 16 100 59
277 16 64 50 55
278 2 16 150 81
279 2 16 200 52
280 16 4 50 50
281 8 2 100 55
282 16 4 150 58
283 2 4 50 81
284 8 16 50 94
285 2 2 150 60
286 16 16 200 52
287 2 64 50 87
288 2 64 50 86
289 16 4 150 93
290 16 4 100 66
291 16 4 50 79
292 16 4 150 86
293 16 2 100 84
294 8 4 200 95
295 8 4 100 78
296 2 64 150 78
297 2 16 100 76
298 16 4 100 58
299 2 2 50 79
300 2 4 150 61
301 2 2 200 64
302 8 2 50 86
303 2 64 50 68
304 8 16 200 69
305 8 4 100 81
306 16 2 50 88
307 16 16 50 86
308 16 2 200 71
309 2 2 150 57
310 8 4 150 74
311 2 4 150 86
312 2 64 200 70
313 2 64 50 72
314 2 2 150 55
315 2 4 100 81
316 8 4 50 88
317 8 4 150 60
318 8 2 200 52
319 8 16 150 93
320 2 4 200 65
321 2 64 200 79
322 16 16 100 77
323 2 2 50 81
324 8 2 100 79
325 16 4 100 55
326 2 16 50 62
327 2 16 150 64
328 8 64 150 56
329 16 4 150 100
330 2 16 50 53
331 16 16 150 73
332 8 4 100 74
333 2 2 150 71
334 2 64 100 68
335 16 4 200 52
336 16 2 100 79
337 8 2 150 75
338 2 16 100 81
339 16 16 50 69
340 16 64 200 57
341 8 4 200 90
342 2 2 50 79
343 8 16 150 99
344 8 4 150 51
345 8 2 200 97
346 16 64 50 90
347 8 16 150 55
348 8 64 50 91
349 16 4 100 61
350 16 16 200 65
351 16 2 200 77
352 16 4 100 88
353 2 16 200 79
354 16 4 100 70
355 16 16 150 61
356 16 4 200 99
357 16 64 150 70
358 16 64 200 83
359 8 2 50 99
360 16 16 50 63
361 2 4 150 83
362 16 64 50 75
363 2 2 100 94
364 16 16 150 58
365 8 64 50 50
366 8 4 150 89
367 8 4 200 68
368 8 16 200 90
369 16 2 200 74
370 2 64 200 73
371 16 16 200 79
372 8 64 200 79
373 2 16 200 54
374 2 16 100 68
375 8 2 50 94
376 2 16 100 98
377 16 2 100 75
378 16 2 200 78
379 2 64 100 61
380 8 16 100 92
381 16 2 50 56
382 2 16 50 53
383 8 16 50 100
384 16 4 200 51
385 8 4 50 56
386 16 2 50 79
387 2 64 100 93
388 8 64 150 62
389 2 2 100 99
390 2 16 50 92
391 2 2 200 97
392 2 2 150 68
393 2 4 200 61
394 16 2 50 99
395 16 4 100 74
396 16 2 50 80
397 2 2 200 52
398 2 16 50 91
399 8 16 50 75
400 2 64 200 54
401 2 16 200 91
402 16 16 100 75
403 2 4 100 79
404 8 16 150 65
405 16 16 50 87
406 2 4 150 60
407 2 64 100 87
408 16 2 50 59
409 16 16 100 97
410 8 16 100 93
411 8 64 50 90
412 8 64 100 83
413 16 4 150 77
414 2 2 100 98
415 8 16 100 80
416 16 4 150 96
417 8 64 150 79
418 16 64 200 66
419 16 4 50 99
420 2 2 150 72
421 16 2 100 80
422 2 4 100 65
423 2 2 200 90
424 8 64 50 57
425 16 16 100 51
426 8 16 150 69
427 8 4 50 55
428 2 16 200 57
429 8 64 150 94
430 16 64 150 88
431 2 64 100 89
432 16 2 100 89
433 8 2 150 56
434 8 4 50 65
435 2 4 150 91
436 8 4 100 100
437 8 4 200 81
438 8 4 150 59
439 8 16 200 56
440 2 16 100 70
441 2 2 150 98
442 8 16 100 67
443 16 16 150 75
444 2 2 150 74
445 2 64 150 75
446 8 64 50 92
447 16 16 200 72
448 16 64 50 91
449 2 64 150 59
450 8 64 200 96
451 2 2 200 75
452 16 64 50 71
453 16 4 100 70
454 2 4 200 50
455 8 2 150 50
456 8 4 100 80
457 8 4 150 64
458 16 4 50 63
459 8 4 100 97
460 8 4 50 94
461 2 4 100 77
462 8 4 100 97
463 8 2 150 57
464 16 64 200 77
465 2 4 200 58
466 8 2 100 80
467 16 4 50 55
468 16 16 200 87
469 2 2 50 69
470 8 2 100 93
471 8 2 200 67
472 2 16 50 70
473 8 16 50 70
474 8 4 50 83
475 8 2 150 72
476 16 64 150 89
477 8 4 50 51
478 2 16 150 76
479 2 16 200 65
480 16 64 200 51
481 8 64 200 81
482 2 16 100 60
483 8 4 200 66
484 8 4 100 59
485 8 2 50 76
486 16 64 50 79
487 8 2 200 64
488 16 16 50 61
489 8 4 50 86
490 16 2 50 90
491 8 4 200 57
492 8 2 50 89
493 2 64 50 76
494 2 2 150 88
495 8 4 200 57
496 16 64 200 68
497 16 16 50 77
498 8 64 200 88
499 2 16 100 96
500 2 64 50 79
501 8 64 200 51
502 16 16 150 65
503 8 4 200 99
504 2 2 150 90
505 8 64 50 57
506 8 64 150 60
507 16 16 50 83
508 16 16 50 62
509 16 16 100 60
510 8 2 200 87
511 2 16 50 87
140
0 393 64 177
3 154 41 162
4 187 47 154
5 37 57 110
5 459 40 103
6 285 40 147
7 84 63 131
7 434 52 152
7 257 57 151
11 319 69 98
16 221 60 165
21 465 56 189
22 105 47 142
22 437 41 182
23 151 56 185
23 339 67 102
25 153 60 119
26 349 50 146
27 452 58 130
29 107 49 149
29 387 59 107
31 427 43 195
32 130 69 172
33 37 67 132
34 509 65 123
35 343 52 181
41 234 59 192
41 131 66 118
45 478 58 132
45 253 57 111
47 445 63 107
52 419 67 172
53 508 43 180
56 239 56 126
61 395 48 122
65 434 49 166
69 315 49 95
73 117 50 197
73 412 64 113
81 511 44 165
82 170 48 189
84 484 46 181
84 192 58 144
85 271 70 140
89 392 54 118
89 92 69 178
89 508 67 180
90 189 67 196
91 287 63 169
92 399 64 155
94 251 49 154
98 204 47 174
100 291 57 94
101 246 61 196
102 199 49 122
105 260 57 193
106 159 52 194
107 487 66 147
108 507 53 124
111 371 69 161
112 207 41 197
113 307 51 140
115 507 40 110
115 163 54 154
117 362 57 180
120 488 43 125
120 308 67 163
123 511 70 164
126 361 69 141
127 349 70 138
128 343 53 118
128 235 62 176
132 410 67 130
132 417 62 102
134 280 54 92
135 294 70 168
137 329 63 114
141 161 55 169
153 409 44 197
157 263 47 91
157 431 52 132
160 392 68 140
161 480 59 95
164 421 43 150
165 501 43 197
166 199 43 153
171 245 51 134
182 297 70 162
191 420 42 144
194 345 66 172
195 285 49 154
196 381 51 182
198 500 70 97
199 499 64 168
200 470 40 109
202 411 41 196
206 442 52 141
208 294 51 176
215 282 70 137
215 373 61 147
219 322 55 174
220 227 46 98
221 380 49 96
228 231 41 115
229 382 46 190
230 305 52 91
249 330 61 148
250 273 40 188
251 460 50 101
257 286 48 164
261 506 61 112
263 302 66 200
278 330 68 143
287 309 50 127
289 322 51 154
289 438 53 182
293 461 42 149
293 510 66 128
301 429 44 138
303 321 44 166
313 331 49 119
318 375 66 124
319 377 64 143
320 476 56 108
342 366 62 119
351 469 66 154
354 476 66 112
356 366 50 120
361 401 50 93
380 431 67 184
389 411 51 154
401 449 49 107
407 499 59 139
409 469 58 200
416 458 57 104
416 496 53 96
426 448 68 119
432 454 42 180
440 462 46 139
500 501 56 149