140
0 64 64 5000 154
1 128 16 500 171
2 16 256 1000 120
3 32 256 2400 181
4 128 64 500 121
5 64 64 2400 99
6 16 64 5000 150
7 64 16 1000 191
8 128 256 500 191
9 32 16 800 104
10 64 64 1000 169
11 64 16 500 101
12 16 64 800 142
13 32 16 1000 128
14 16 16 800 90
15 16 16 800 129
16 128 128 800 186
17 64 64 800 131
18 32 128 1000 174
19 128 256 500 117
20 128 256 1000 131
21 64 16 2400 141
22 128 256 800 188
23 128 64 2400 125
24 32 16 800 105
25 64 256 2400 164
26 64 256 5000 181
27 128 128 5000 191
28 128 256 500 161
29 16 64 5000 181
30 128 128 1000 158
31 16 128 2400 117
32 128 256 5000 129
33 16 16 5000 96
34 64 16 500 121
35 16 16 5000 134
36 64 256 5000 163
37 32 64 1000 121
38 64 64 800 172
39 16 128 800 90
40 32 16 800 188
41 16 128 500 95
42 16 128 1000 111
43 128 64 1000 144
44 64 64 1000 114
45 32 128 5000 144
46 16 64 500 169
47 128 64 5000 197
48 32 256 5000 200
49 16 16 500 134
50 16 64 2400 188
51 128 256 500 181
52 32 256 500 187
53 32 64 800 192
54 64 16 800 130
55 32 128 1000 94
56 64 128 500 153
57 32 128 1000 159
58 32 64 5000 104
59 64 16 800 101
60 64 256 2400 103
61 16 256 2400 165
62 64 256 500 195
63 32 128 1000 129
64 128 256 800 115
65 16 64 1000 141
66 32 256 800 157
67 32 128 800 119
68 32 16 800 95
69 64 64 5000 155
70 32 64 2400 146
71 32 64 2400 155
72 32 64 1000 116
73 32 256 500 193
74 32 16 5000 167
75 16 16 1000 182
76 16 64 2400 199
77 16 256 500 100
78 32 64 1000 120
79 16 64 1000 195
80 128 16 5000 121
81 64 256 500 198
82 16 16 5000 115
83 64 16 1000 150
84 32 128 800 179
85 128 256 5000 163
86 64 128 2400 114
87 64 64 500 167
88 32 256 2400 96
89 128 256 5000 137
90 128 64 800 174
91 16 128 500 91
92 16 64 1000 107
93 128 16 500 196
94 128 64 2400 111
95 16 256 500 127
96 32 256 1000 106
97 32 64 500 132
98 32 128 2400 181
99 32 16 2400 157
100 64 16 1000 184
101 32 16 1000 183
102 16 128 800 150
103 32 16 1000 184
104 16 128 5000 170
105 32 16 5000 145
106 16 64 5000 128
107 32 128 500 102
108 16 128 1000 197
109 32 128 800 100
110 32 128 1000 133
111 64 16 5000 191
112 16 128 500 180
113 16 64 800 187
114 32 64 500 162
115 16 16 5000 119
116 64 64 800 112
117 32 256 5000 152
118 16 128 2400 110
119 128 16 5000 200
120 128 16 1000 188
121 64 64 5000 175
122 128 64 1000 129
123 64 64 5000 137
124 16 128 500 122
125 16 128 5000 183
126 128 256 800 107
127 16 128 800 106
128 16 128 500 184
129 128 16 5000 180
130 64 16 800 175
131 64 256 500 169
132 128 64 500 167
133 32 256 500 103
134 32 64 800 155
135 64 128 800 157
136 32 16 1000 142
137 16 16 2400 147
138 64 16 2400 177
139 16 256 1000 146
52
5 76 43 153
6 128 70 100
6 136 59 120
9 86 56 110
9 48 47 112
10 64 48 163
10 110 44 117
11 46 65 108
12 120 50 120
12 59 70 151
16 60 43 101
17 64 42 180
17 28 48 109
19 34 66 159
19 86 70 96
21 97 65 164
21 104 52 95
21 89 42 105
24 112 45 196
24 104 48 110
26 121 56 200
29 133 46 111
29 38 67 147
30 101 44 144
33 76 50 194
36 135 41 196
37 69 54 122
40 134 47 133
40 65 52 161
43 136 64 178
45 62 45 153
45 137 43 181
51 138 58 125
56 137 50 179
56 71 43 176
60 104 70 112
62 122 62 91
64 136 63 153
68 110 62 168
68 72 54 118
69 112 58 167
72 135 64 178
72 117 59 195
88 102 53 112
89 103 45 153
90 135 60 149
97 103 63 112
101 124 64 191
110 132 48 199
112 134 66 97
117 118 47 166
120 127 60 112