963
0 2 4 100 61
1 2 64 50 91
2 16 2 200 97
3 8 64 200 64
4 8 4 150 96
5 16 2 150 72
6 8 4 50 71
7 16 4 200 94
8 16 16 100 94
9 8 16 200 92
10 16 2 50 84
11 16 4 150 83
12 16 2 100 51
13 16 2 100 67
14 8 64 100 95
15 2 64 50 97
16 16 64 200 79
17 2 16 100 75
18 8 16 200 69
19 2 2 200 59
20 8 16 150 53
21 8 64 150 78
22 8 64 50 90
23 2 16 150 51
24 16 4 50 52
25 16 2 150 54
26 8 4 200 80
27 16 4 200 64
28 2 64 150 54
29 2 4 50 100
30 16 16 150 59
31 16 4 150 67
32 2 16 150 75
33 16 64 50 59
34 8 16 200 84
35 2 16 200 75
36 8 16 50 87
37 8 2 100 69
38 8 4 200 80
39 16 4 200 82
40 16 16 150 99
41 8 4 200 66
42 8 64 200 98
43 8 2 100 59
44 2 2 100 79
45 16 4 100 88
46 2 16 100 63
47 8 2 200 74
48 16 16 150 63
49 2 16 100 75
50 8 64 100 68
51 8 2 150 51
52 8 2 100 69
53 16 4 150 65
54 2 64 150 74
55 16 2 150 98
56 16 2 200 96
57 8 2 100 86
58 2 4 50 72
59 2 64 200 79
60 8 16 150 93
61 8 2 150 71
62 16 16 150 69
63 8 2 100 57
64 16 2 100 63
65 8 64 50 78
66 8 16 50 78
67 2 2 100 93
68 16 16 50 87
69 8 4 50 57
70 16 2 50 78
71 8 64 100 95
72 2 4 150 99
73 16 2 200 74
74 16 16 50 64
75 8 64 200 68
76 2 64 100 60
77 8 4 100 87
78 2 64 200 65
79 16 64 50 93
80 2 16 100 66
81 16 64 100 97
82 8 4 100 90
83 16 16 150 55
84 8 2 100 70
85 2 4 50 63
86 8 64 50 65
87 16 4 200 81
88 2 4 100 72
89 8 2 100 61
90 8 2 100 67
91 16 64 100 73
92 2 64 150 94
93 8 16 150 97
94 8 16 50 89
95 16 64 50 78
96 8 4 200 91
97 8 2 50 72
98 8 16 150 58
99 2 4 150 58
100 2 4 50 59
101 16 16 200 51
102 8 64 200 58
103 16 64 150 98
104 16 2 50 57
105 16 4 50 89
106 16 16 50 65
107 8 4 200 73
108 2 4 100 62
109 8 2 100 84
110 16 4 100 55
111 16 16 150 97
112 2 64 50 91
113 8 2 150 94
114 16 16 200 82
115 16 64 150 95
116 2 64 150 67
117 16 4 200 61
118 16 64 150 93
119 16 4 150 52
120 2 16 200 55
121 8 16 100 61
122 2 16 50 83
123 2 64 200 87
124 8 64 100 81
125 16 16 50 92
126 16 16 100 90
127 16 64 50 100
128 16 2 200 62
129 16 2 150 87
130 16 64 150 59
131 2 2 150 73
132 2 4 200 93
133 2 2 50 95
134 2 64 200 95
135 8 16 100 70
136 8 64 100 54
137 16 4 150 72
138 2 64 50 73
139 16 2 150 78
140 2 16 200 93
141 8 64 200 59
142 2 4 200 51
143 8 2 200 89
144 8 2 100 64
145 2 64 150 63
146 8 16 150 69
147 8 64 100 53
148 2 4 100 60
149 8 16 150 89
150 8 16 150 73
151 8 64 150 80
152 2 2 150 87
153 8 64 150 87
154 8 2 200 75
155 8 4 50 60
156 8 16 50 83
157 2 16 200 86
158 2 64 100 75
159 2 64 200 71
160 2 16 100 58
161 16 16 200 77
162 2 16 100 84
163 16 64 100 92
164 8 2 150 61
165 16 16 150 88
166 16 4 200 90
167 8 16 100 83
168 16 2 150 77
169 2 16 50 85
170 16 2 200 61
171 2 4 50 54
172 2 2 50 95
173 16 2 200 67
174 16 4 200 89
175 16 64 150 55
176 16 16 100 60
177 16 4 200 65
178 8 16 200 75
179 16 16 150 92
180 8 4 50 53
181 8 2 50 67
182 2 64 100 93
183 8 2 200 100
184 2 4 150 50
185 2 64 200 84
186 8 4 200 97
187 2 4 150 51
188 8 4 150 52
189 8 16 50 72
190 2 16 50 56
191 16 16 50 73
192 16 64 100 82
193 2 64 50 81
194 16 64 50 83
195 8 4 150 57
196 16 16 100 76
197 8 16 100 58
198 16 2 150 71
199 2 4 200 87
200 8 4 200 98
201 16 16 100 75
202 2 2 50 60
203 16 64 150 86
204 2 2 200 92
205 8 4 50 57
206 16 16 150 89
207 8 64 50 91
208 2 2 50 99
209 2 4 100 86
210 16 2 50 87
211 2 16 100 52
212 16 4 150 99
213 16 2 50 76
214 8 4 50 98
215 16 16 150 82
216 16 64 200 72
217 8 16 100 93
218 16 2 100 96
219 2 4 150 72
220 2 16 150 66
221 2 16 50 69
222 16 4 50 64
223 8 4 50 77
224 2 4 50 72
225 8 16 100 64
226 8 2 200 60
227 8 2 100 73
228 16 2 100 59
229 16 16 50 95
230 8 2 150 56
231 16 16 50 73
232 16 4 200 87
233 16 2 200 77
234 8 2 200 62
235 2 4 50 57
236 2 16 100 53
237 8 2 150 95
238 16 16 200 61
239 8 4 50 91
240 2 4 200 75
241 16 16 200 72
242 16 16 150 78
243 8 16 50 52
244 16 64 150 78
245 16 4 150 71
246 2 2 200 56
247 2 16 50 61
248 8 16 200 99
249 8 16 200 77
250 16 2 100 71
251 2 4 50 88
252 8 4 100 55
253 16 2 150 74
254 8 2 50 56
255 8 64 200 63
256 16 64 100 85
257 2 4 50 66
258 2 64 50 79
259 2 2 100 97
260 8 16 200 62
261 8 4 100 80
262 16 2 200 61
263 16 2 150 62
264 2 4 50 72
265 8 64 100 74
266 2 4 200 66
267 2 16 200 69
268 8 16 200 87
269 16 4 200 60
270 2 16 50 73
271 16 2 50 59
272 16 16 150 100
273 16 64 200 88
274 2 64 100 50
275 16 2 100 75
276 8 16 200 97
277 2 4 150 76
278 2 2 150 51
279 2 16 50 58
280 2 2 100 56
281 2 4 200 100
282 16 4 100 92
283 8 2 50 65
284 8 64 100 80
285 16 4 100 79
286 2 4 200 96
287 2 2 150 56
288 16 16 100 67
289 8 64 150 58
290 8 4 150 57
291 16 4 50 96
292 16 4 150 64
293 2 4 50 74
294 16 64 150 53
295 8 4 50 86
296 16 64 150 90
297 8 64 150 94
298 16 64 100 56
299 2 4 100 65
300 16 2 150 58
301 2 16 150 87
302 2 2 100 71
303 16 64 200 92
304 8 16 50 87
305 8 4 50 60
306 2 16 100 93
307 8 4 100 94
308 8 4 100 60
309 16 4 50 81
310 2 16 100 91
311 2 2 50 51
312 8 16 150 82
313 2 4 50 93
314 16 2 150 56
315 8 16 200 76
316 16 64 100 91
317 16 16 150 100
318 8 64 200 59
319 16 16 100 94
320 16 64 150 57
321 2 64 50 57
322 2 64 50 55
323 2 64 200 95
324 8 4 50 81
325 2 64 200 61
326 16 4 100 63
327 16 64 200 57
328 16 2 200 71
329 8 4 200 53
330 2 2 50 58
331 8 2 200 95
332 2 2 50 58
333 16 64 100 60
334 2 4 50 100
335 16 16 100 85
336 2 64 200 83
337 8 4 200 72
338 16 4 200 68
339 2 4 100 63
340 16 2 100 57
341 2 4 200 94
342 8 64 150 77
343 2 64 50 92
344 2 64 50 75
345 2 64 50 54
346 16 4 200 98
347 8 2 50 90
348 2 16 200 78
349 8 16 50 62
350 16 16 100 95
351 2 16 50 85
352 16 2 200 53
353 8 16 150 75
354 16 2 100 54
355 2 16 150 77
356 8 16 150 88
357 8 64 50 87
358 2 64 100 90
359 2 2 150 62
360 16 2 100 100
361 8 4 150 52
362 16 2 150 56
363 8 2 100 85
364 8 16 150 62
365 16 16 100 98
366 16 16 50 94
367 16 4 150 83
368 2 4 50 56
369 8 4 200 55
370 2 2 150 83
371 2 4 150 91
372 2 2 150 97
373 8 64 200 50
374 2 2 150 57
375 8 4 150 78
376 2 64 50 79
377 8 2 150 75
378 16 4 150 76
379 8 64 150 98
380 2 2 50 68
381 8 4 200 75
382 8 16 100 67
383 8 16 200 66
384 8 4 200 95
385 8 16 200 52
386 8 16 100 100
387 8 16 200 57
388 2 64 100 86
389 16 2 100 92
390 8 2 50 71
391 8 16 150 94
392 16 64 150 74
393 16 64 150 93
394 8 4 100 98
395 2 2 50 74
396 16 64 50 93
397 8 16 50 96
398 2 2 200 87
399 8 2 200 56
400 8 64 200 77
401 2 16 150 53
402 16 64 200 82
403 2 64 200 83
404 8 16 200 91
405 2 4 150 63
406 8 4 100 65
407 2 2 100 100
408 8 16 150 100
409 16 4 100 99
410 8 16 150 87
411 2 64 50 55
412 2 16 200 71
413 16 16 50 84
414 2 16 200 79
415 8 4 200 66
416 8 4 100 97
417 2 64 50 56
418 2 4 150 53
419 8 2 50 66
420 8 16 50 73
421 16 2 100 97
422 8 16 50 64
423 2 16 200 84
424 2 2 150 56
425 2 4 150 52
426 8 2 200 61
427 16 2 200 90
428 2 4 50 59
429 2 64 100 54
430 16 4 200 52
431 8 16 200 74
432 2 4 150 65
433 2 2 100 80
434 2 64 150 53
435 16 2 150 97
436 8 16 200 56
437 8 4 150 68
438 16 16 200 50
439 16 16 100 84
440 16 64 200 65
441 2 4 200 99
442 16 4 50 50
443 2 64 50 80
444 8 4 200 86
445 16 2 200 80
446 8 2 100 89
447 8 64 100 71
448 16 4 150 64
449 2 64 150 98
450 8 2 200 98
451 2 16 50 56
452 8 64 100 57
453 8 4 200 51
454 16 16 50 57
455 2 64 200 70
456 8 64 150 52
457 16 2 100 70
458 16 16 150 88
459 8 64 150 80
460 8 2 200 80
461 8 64 200 70
462 2 2 100 93
463 16 64 200 87
464 8 64 50 98
465 16 2 150 54
466 2 64 200 87
467 2 2 50 90
468 8 2 50 72
469 16 2 50 63
470 16 64 50 76
471 8 16 50 93
472 8 4 200 65
473 16 4 150 68
474 8 16 200 98
475 2 16 100 68
476 8 16 200 75
477 16 64 200 62
478 16 64 200 78
479 16 2 50 84
480 16 4 200 58
481 2 4 50 89
482 16 2 100 83
483 16 16 200 66
484 8 4 150 70
485 16 2 50 98
486 8 4 50 74
487 2 2 200 100
488 16 16 150 66
489 2 64 200 58
490 8 2 200 58
491 16 2 50 88
492 8 64 200 68
493 2 4 200 79
494 2 4 200 50
495 16 4 150 96
496 16 16 100 76
497 8 64 200 85
498 2 64 100 63
499 2 4 200 63
500 16 2 200 83
501 2 4 150 89
502 16 16 200 84
503 8 16 100 91
504 2 4 200 88
505 2 2 200 58
506 2 2 100 96
507 2 4 100 51
508 2 64 50 90
509 8 64 100 86
510 8 64 100 97
511 2 16 150 96
512 2 4 50 62
513 16 2 100 74
514 2 16 200 95
515 16 2 50 58
516 2 2 50 70
517 2 4 150 87
518 16 4 100 71
519 8 4 200 72
520 16 2 200 58
521 16 2 50 53
522 2 2 200 59
523 2 2 150 82
524 2 2 100 50
525 2 2 150 52
526 16 2 50 86
527 8 4 100 60
528 16 64 100 58
529 2 2 150 60
530 8 4 100 91
531 8 2 50 92
532 2 4 100 100
533 2 64 150 98
534 8 64 200 62
535 16 4 100 98
536 16 64 50 71
537 16 16 200 56
538 8 64 150 56
539 2 4 150 50
540 2 64 100 88
541 16 2 50 92
542 16 16 50 93
543 2 64 50 85
544 2 64 150 53
545 16 16 150 52
546 2 4 150 59
547 2 4 150 71
548 2 4 100 54
549 16 16 200 73
550 2 16 200 60
551 16 64 200 100
552 8 16 50 84
553 2 2 100 90
554 2 4 200 70
555 2 64 200 50
556 16 2 50 81
557 16 2 150 80
558 2 4 200 58
559 8 2 100 71
560 16 64 150 88
561 2 64 50 80
562 8 64 150 76
563 2 16 150 76
564 16 64 50 67
565 8 4 150 86
566 2 2 100 51
567 8 4 100 50
568 2 4 150 94
569 16 16 50 84
570 2 4 150 67
571 8 2 150 56
572 2 64 50 87
573 2 64 200 89
574 8 16 200 66
575 8 64 200 69
576 16 16 100 67
577 16 4 100 96
578 2 2 200 54
579 8 16 200 100
580 8 4 200 62
581 16 64 150 73
582 16 4 50 73
583 16 4 50 95
584 16 16 150 96
585 8 64 150 78
586 2 2 150 57
587 8 16 200 86
588 8 2 150 83
589 2 4 50 75
590 8 2 50 78
591 16 64 50 64
592 16 2 100 86
593 2 2 100 66
594 8 4 150 74
595 16 16 200 64
596 8 16 200 89
597 2 4 100 76
598 2 64 150 92
599 16 2 100 97
600 16 4 100 93
601 8 64 150 56
602 8 16 100 68
603 8 4 50 88
604 8 16 50 66
605 16 16 200 77
606 8 2 150 69
607 2 64 100 51
608 2 64 200 79
609 2 4 50 81
610 2 4 200 79
611 16 4 50 75
612 16 16 50 57
613 8 4 100 65
614 2 16 200 60
615 2 16 100 97
616 16 16 100 89
617 2 2 150 98
618 16 16 50 68
619 16 2 100 77
620 2 4 50 61
621 8 2 200 73
622 8 64 150 76
623 2 4 100 87
624 8 64 50 84
625 16 4 150 96
626 8 2 150 73
627 2 16 100 70
628 16 2 50 88
629 2 64 50 55
630 8 4 150 94
631 8 2 150 86
632 2 16 100 83
633 2 64 150 94
634 8 4 100 77
635 2 4 100 88
636 8 16 150 75
637 8 2 200 86
638 8 16 100 87
639 16 16 150 97
640 8 16 200 79
641 16 16 50 53
642 2 64 100 68
643 16 2 50 61
644 16 2 100 89
645 8 16 100 83
646 2 64 50 59
647 2 2 200 70
648 2 4 200 88
649 16 64 150 77
650 8 64 50 59
651 8 4 150 60
652 16 16 50 83
653 8 64 200 82
654 16 64 150 85
655 16 64 200 87
656 16 4 200 83
657 2 4 100 56
658 8 4 100 73
659 8 64 200 59
660 2 2 150 86
661 2 4 50 86
662 16 16 200 89
663 2 2 100 96
664 16 64 50 52
665 2 16 50 67
666 2 64 150 58
667 2 2 150 86
668 8 2 150 96
669 8 2 50 84
670 16 64 200 80
671 2 16 50 66
672 16 4 200 96
673 2 64 50 74
674 16 2 100 100
675 2 4 50 91
676 16 16 100 94
677 8 4 100 100
678 2 2 200 100
679 8 2 150 87
680 16 4 150 81
681 16 4 100 68
682 16 2 150 59
683 8 2 200 66
684 2 16 200 94
685 8 4 50 78
686 16 16 200 72
687 8 4 200 93
688 8 16 50 69
689 16 64 100 99
690 16 4 150 76
691 8 2 200 74
692 2 2 150 63
693 8 64 200 85
694 8 4 200 99
695 8 4 150 78
696 8 16 200 98
697 8 4 50 69
698 2 4 200 66
699 2 4 50 70
700 8 16 100 83
701 8 2 100 80
702 2 64 150 59
703 2 16 50 50
704 16 2 200 77
705 8 16 150 72
706 16 4 150 80
707 2 4 100 69
708 2 4 100 98
709 16 64 100 66
710 2 16 200 60
711 16 2 50 68
712 16 4 200 79
713 2 2 150 65
714 8 16 200 59
715 8 2 150 52
716 2 64 50 61
717 2 16 150 88
718 8 64 150 76
719 8 64 100 58
720 2 4 100 82
721 2 2 50 95
722 2 2 150 87
723 2 64 50 66
724 8 16 150 93
725 2 2 50 54
726 2 16 150 78
727 8 16 100 85
728 16 4 150 76
729 8 16 150 87
730 8 2 100 95
731 2 4 150 50
732 2 16 150 81
733 2 4 150 92
734 8 2 100 71
735 8 16 200 96
736 8 16 200 71
737 8 16 50 61
738 8 64 50 94
739 2 4 50 94
740 8 4 200 77
741 8 16 150 74
742 2 2 150 64
743 8 64 50 74
744 8 16 200 78
745 8 64 150 77
746 16 16 100 91
747 8 2 150 53
748 2 64 50 90
749 8 16 150 58
750 16 64 50 83
751 16 64 150 99
752 16 64 150 81
753 2 16 50 60
754 2 16 50 64
755 16 64 150 52
756 2 4 100 54
757 8 2 150 89
758 2 64 200 52
759 2 2 50 54
760 16 16 200 76
761 16 64 100 56
762 8 64 100 62
763 8 16 50 70
764 16 2 100 66
765 16 2 150 66
766 2 4 100 83
767 16 16 200 50
768 8 2 200 87
769 8 16 50 95
770 8 16 50 91
771 8 2 100 66
772 2 16 50 65
773 8 64 200 80
774 2 2 200 77
775 2 2 150 100
776 8 64 50 91
777 2 64 200 51
778 2 2 100 50
779 8 4 50 52
780 16 4 50 51
781 8 4 100 98
782 2 4 150 73
783 16 2 200 96
784 16 16 200 73
785 16 4 100 93
786 8 16 200 53
787 8 16 50 79
788 2 16 50 73
789 16 4 50 75
790 8 2 50 63
791 16 16 200 58
792 16 2 150 73
793 16 2 50 98
794 16 4 100 89
795 2 64 150 53
796 16 16 200 77
797 16 4 100 95
798 8 16 150 98
799 16 2 200 89
800 8 16 100 84
801 16 2 100 60
802 2 64 100 95
803 2 2 100 88
804 16 2 150 63
805 2 4 100 69
806 8 4 100 68
807 2 16 200 84
808 8 64 150 61
809 2 2 150 93
810 8 2 50 93
811 16 2 50 80
812 16 16 100 55
813 2 4 150 89
814 2 4 100 93
815 2 16 150 100
816 16 64 50 76
817 8 64 150 83
818 16 4 50 54
819 16 64 50 64
820 2 16 50 98
821 8 4 150 50
822 16 4 50 70
823 16 16 200 85
824 16 64 200 64
825 2 16 50 75
826 8 64 50 65
827 8 64 150 99
828 8 64 200 78
829 2 64 100 61
830 16 16 100 55
831 8 64 200 82
832 8 2 100 51
833 8 4 150 97
834 16 16 150 82
835 16 4 100 52
836 16 16 100 90
837 16 64 100 67
838 16 2 150 53
839 2 4 200 59
840 8 16 100 73
841 8 64 200 88
842 8 2 50 77
843 8 2 200 96
844 16 4 200 59
845 8 16 100 93
846 16 64 50 61
847 16 16 100 87
848 16 64 200 58
849 16 2 150 59
850 2 16 50 73
851 8 4 100 62
852 16 16 200 55
853 2 2 50 52
854 16 4 150 60
855 8 16 150 99
856 16 64 200 74
857 2 16 100 77
858 16 4 200 55
859 16 4 50 89
860 16 2 100 59
861 2 4 150 78
862 8 4 150 84
863 16 4 200 76
864 8 2 200 98
865 16 4 50 65
866 2 4 50 50
867 16 2 100 85
868 8 4 200 59
869 16 2 200 65
870 2 4 50 91
871 8 4 200 65
872 16 16 200 96
873 8 16 50 65
874 2 4 150 69
875 2 64 200 64
876 16 2 100 84
877 16 64 200 89
878 16 64 100 100
879 16 4 150 69
880 16 4 150 90
881 16 16 50 85
882 16 64 150 89
883 8 64 50 63
884 8 4 100 51
885 8 2 200 85
886 2 64 200 87
887 8 64 200 67
888 2 16 200 87
889 16 16 200 86
890 8 2 200 85
891 16 16 200 85
892 8 4 200 98
893 8 4 50 65
894 2 2 200 95
895 8 4 200 58
896 16 4 150 53
897 16 2 50 92
898 16 16 100 50
899 8 64 150 83
900 2 16 150 58
901 16 64 50 83
902 2 64 150 55
903 2 64 200 93
904 2 4 200 61
905 8 4 50 100
906 8 4 100 63
907 8 64 200 92
908 16 2 100 81
909 16 64 200 69
910 16 4 50 95
911 8 2 200 62
912 8 2 100 98
913 2 64 150 59
914 2 64 150 90
915 2 2 100 60
916 16 4 50 52
917 8 64 100 65
918 2 64 100 69
919 2 2 100 57
920 2 4 150 59
921 16 16 150 69
922 8 64 50 96
923 8 64 50 56
924 8 4 200 52
925 2 4 200 59
926 8 4 200 90
927 2 2 150 65
928 2 64 200 79
929 2 4 100 57
930 2 16 200 61
931 8 4 150 89
932 8 64 50 90
933 8 4 100 87
934 16 64 50 68
935 8 4 200 75
936 16 64 100 62
937 8 16 200 81
938 2 4 150 92
939 16 4 100 86
940 8 4 150 77
941 2 16 150 55
942 2 2 100 55
943 2 4 150 56
944 16 2 200 70
945 16 16 50 69
946 16 2 150 87
947 16 2 100 57
948 16 4 50 56
949 8 2 150 76
950 8 2 200 62
951 2 4 150 85
952 16 64 200 55
953 8 16 50 92
954 8 64 150 75
955 2 64 100 73
956 2 2 200 68
957 8 16 50 97
958 8 4 50 73
959 8 2 200 71
960 2 64 200 70
961 8 16 150 87
962 2 4 50 85
46
9 306 45 101
9 366 62 98
27 637 49 133
49 477 58 153
49 476 40 155
50 123 66 165
51 956 70 112
52 108 55 178
66 428 69 153
67 215 61 146
81 945 60 109
83 171 70 101
95 390 50 191
104 341 68 171
106 417 54 165
133 450 54 104
139 635 42 183
144 655 70 119
187 335 61 116
188 227 59 168
198 543 43 197
203 380 65 143
284 645 60 147
285 738 50 142
371 790 46 111
389 881 50 135
391 955 57 95
392 561 44 177
406 591 40 167
426 585 42 170
433 870 61 138
440 512 61 168
444 840 69 170
463 689 60 134
491 783 44 130
498 532 66 111
500 727 51 173
514 771 62 114
533 694 58 102
543 822 69 120
582 846 59 190
597 773 60 174
618 904 42 125
641 906 63 199
695 825 60 155
861 925 70 198