36
0 16 128 200 109
1 8 64 100 107
2 2 16 1000 144
3 8 64 300 102
4 2 16 300 119
5 2 16 1000 103
6 16 128 500 139
7 16 64 1000 92
8 16 64 500 109
9 16 64 300 111
10 2 64 500 136
11 16 128 500 103
12 2 128 500 125
13 8 16 1000 110
14 16 64 1000 128
15 8 128 500 102
16 2 16 500 93
17 2 128 1000 145
18 8 16 1000 116
19 8 128 500 125
20 16 128 500 129
21 8 64 500 130
22 8 64 500 111
23 2 128 100 115
24 8 64 200 129
25 8 16 1000 108
26 8 16 1000 135
27 16 128 500 111
28 2 64 1000 150
29 2 128 500 123
30 8 16 500 90
31 8 128 1000 109
32 16 16 200 130
33 2 128 100 111
34 8 16 200 94
35 16 16 1000 126
1
20 32 60 176