960
0 32 128 5000 140
1 32 32 2000 170
2 32 320 2000 169
3 32 320 400 125
4 8 128 2000 114
5 8 128 5000 187
6 8 128 5000 130
7 8 128 1000 123
8 32 320 400 191
9 32 320 800 160
10 32 320 400 93
11 8 128 5000 124
12 32 32 2000 92
13 8 320 1000 144
14 32 32 800 128
15 8 128 400 191
16 8 128 1000 151
17 8 32 2000 115
18 8 32 5000 184
19 32 32 5000 102
20 32 32 5000 110
21 32 320 1000 127
22 8 128 400 102
23 8 32 1000 143
24 8 32 1000 173
25 8 128 400 152
26 32 320 800 160
27 8 32 1000 188
28 32 32 5000 116
29 8 32 800 178
30 32 128 1000 118
31 8 128 5000 92
32 32 128 2000 147
33 32 320 2000 102
34 8 128 800 142
35 8 32 1000 164
36 8 128 400 200
37 8 32 5000 133
38 8 320 400 168
39 8 32 5000 115
40 32 128 1000 109
41 8 32 400 185
42 32 320 2000 120
43 8 320 5000 163
44 8 128 800 100
45 8 320 1000 140
46 8 320 5000 164
47 8 320 5000 109
48 32 320 800 165
49 8 128 400 180
50 8 320 5000 91
51 8 32 2000 170
52 32 128 2000 151
53 32 32 800 90
54 32 128 1000 144
55 8 128 400 149
56 8 320 1000 189
57 32 128 1000 153
58 32 128 5000 122
59 8 32 2000 195
60 32 32 2000 107
61 8 32 1000 142
62 8 128 2000 151
63 32 32 800 121
64 8 128 800 187
65 32 128 400 148
66 8 32 400 128
67 8 128 1000 117
68 8 320 1000 197
69 8 320 2000 166
70 8 320 1000 156
71 8 320 2000 111
72 32 32 1000 122
73 8 320 800 97
74 8 32 400 146
75 32 32 1000 182
76 8 128 2000 187
77 8 32 1000 125
78 8 32 800 155
79 32 128 800 150
80 32 32 800 153
81 8 32 2000 96
82 32 320 5000 109
83 8 320 400 153
84 8 128 5000 114
85 32 32 2000 197
86 32 320 800 122
87 32 320 1000 176
88 8 128 400 110
89 8 32 5000 106
90 32 320 1000 95
91 8 32 800 102
92 32 320 1000 197
93 32 128 1000 187
94 32 128 1000 153
95 8 32 1000 198
96 32 32 5000 97
97 32 32 800 155
98 32 320 800 133
99 8 320 800 119
100 8 320 1000 148
101 32 32 400 143
102 8 32 1000 121
103 8 32 5000 195
104 32 32 400 155
105 8 128 400 189
106 32 128 5000 200
107 32 320 1000 191
108 32 128 400 171
109 8 320 1000 92
110 8 32 800 167
111 32 128 5000 171
112 8 32 1000 99
113 32 32 400 193
114 32 128 800 112
115 8 32 800 176
116 32 320 1000 158
117 8 128 400 185
118 32 128 5000 101
119 32 32 800 104
120 8 320 5000 157
121 32 32 800 102
122 32 320 400 98
123 8 32 5000 190
124 32 128 1000 143
125 8 320 2000 145
126 8 320 800 158
127 32 32 800 105
128 32 320 1000 96
129 32 32 5000 186
130 8 128 5000 142
131 8 128 5000 159
132 8 320 800 112
133 32 32 2000 163
134 32 128 800 139
135 32 320 5000 120
136 32 32 5000 129
137 32 32 800 175
138 32 32 1000 176
139 32 128 1000 114
140 32 128 1000 98
141 8 32 1000 126
142 8 128 5000 114
143 8 320 5000 116
144 32 128 400 148
145 32 32 400 191
146 32 320 5000 181
147 8 320 400 146
148 32 128 5000 101
149 8 320 5000 144
150 8 128 2000 163
151 32 32 1000 164
152 32 128 2000 196
153 32 320 2000 172
154 8 32 400 189
155 32 320 800 191
156 8 320 5000 169
157 32 32 400 110
158 32 128 800 165
159 8 32 400 197
160 8 32 1000 136
161 8 320 2000 160
162 32 128 400 118
163 32 320 2000 112
164 8 128 400 176
165 8 320 1000 100
166 32 320 400 121
167 8 128 800 121
168 32 128 5000 155
169 8 320 5000 190
170 32 32 2000 194
171 8 128 1000 129
172 32 32 1000 159
173 8 32 2000 195
174 32 128 5000 153
175 32 320 800 112
176 32 32 5000 145
177 32 128 800 135
178 8 128 800 132
179 8 128 800 140
180 32 32 1000 107
181 8 128 2000 106
182 32 32 2000 134
183 32 32 2000 193
184 32 128 1000 170
185 8 32 400 168
186 8 32 400 137
187 32 320 2000 114
188 8 128 400 142
189 32 320 5000 181
190 32 128 5000 142
191 8 32 400 114
192 8 32 2000 111
193 32 128 400 146
194 8 128 5000 110
195 8 128 5000 153
196 8 128 400 153
197 32 320 2000 154
198 32 32 800 137
199 8 128 800 123
200 32 128 400 136
201 8 128 800 94
202 8 32 800 157
203 32 128 1000 145
204 32 128 5000 164
205 8 32 1000 140
206 8 128 2000 94
207 32 128 2000 196
208 8 32 400 156
209 8 320 800 175
210 8 320 400 185
211 32 32 5000 177
212 32 320 800 182
213 8 128 400 152
214 8 128 400 196
215 32 32 1000 117
216 32 128 2000 181
217 8 128 800 161
218 8 32 5000 136
219 8 128 400 170
220 32 320 1000 115
221 32 320 400 90
222 32 128 5000 187
223 32 320 1000 105
224 8 128 400 143
225 8 32 400 192
226 8 320 5000 159
227 8 128 400 139
228 32 128 800 95
229 8 32 1000 178
230 8 32 400 151
231 32 320 800 192
232 32 320 800 187
233 8 320 2000 158
234 8 32 5000 137
235 32 320 800 174
236 32 320 5000 143
237 8 32 1000 176
238 8 320 5000 167
239 32 320 2000 92
240 32 128 2000 170
241 32 320 2000 114
242 32 128 5000 149
243 32 128 5000 166
244 32 128 5000 167
245 32 32 2000 179
246 8 128 2000 102
247 32 320 400 123
248 32 32 5000 183
249 32 32 1000 103
250 8 128 5000 106
251 8 32 1000 150
252 8 32 2000 182
253 32 128 400 112
254 8 128 2000 122
255 32 320 2000 121
256 32 32 2000 132
257 32 32 5000 134
258 8 32 800 98
259 32 128 800 128
260 32 128 1000 104
261 32 32 5000 192
262 8 320 1000 111
263 8 32 2000 106
264 8 32 2000 150
265 8 32 2000 108
266 32 32 1000 112
267 8 320 1000 104
268 32 32 400 97
269 8 32 2000 94
270 32 32 800 185
271 32 128 2000 145
272 8 32 400 150
273 32 32 5000 176
274 8 32 5000 152
275 32 320 1000 168
276 8 128 400 114
277 8 32 800 124
278 8 320 2000 103
279 32 32 800 137
280 8 320 5000 126
281 8 128 2000 115
282 8 32 400 100
283 32 32 400 193
284 8 320 1000 90
285 8 320 1000 106
286 32 32 400 179
287 8 128 400 113
288 32 128 2000 192
289 8 32 1000 190
290 32 320 400 169
291 32 128 800 180
292 32 128 1000 198
293 32 32 2000 110
294 8 320 5000 154
295 8 320 800 197
296 8 320 400 160
297 32 128 1000 92
298 8 32 400 92
299 32 32 400 120
300 32 128 5000 133
301 32 320 1000 100
302 8 32 800 135
303 8 128 2000 111
304 8 320 1000 165
305 32 32 5000 159
306 8 320 400 155
307 32 32 5000 147
308 32 128 800 188
309 32 320 400 167
310 32 32 800 112
311 32 32 2000 176
312 32 320 2000 196
313 32 32 2000 121
314 32 32 2000 190
315 8 320 1000 151
316 32 32 5000 199
317 32 32 800 159
318 8 320 2000 173
319 8 128 1000 125
320 32 32 2000 155
321 8 320 800 171
322 8 320 1000 199
323 32 32 5000 136
324 32 32 400 103
325 8 32 400 120
326 8 32 800 112
327 8 32 1000 134
328 32 32 2000 153
329 8 128 1000 185
330 8 320 400 99
331 8 128 2000 165
332 32 320 2000 174
333 8 128 5000 112
334 8 128 800 156
335 8 320 2000 138
336 32 32 800 150
337 32 128 400 178
338 32 128 1000 156
339 32 128 400 189
340 32 32 2000 199
341 32 320 5000 99
342 8 128 2000 164
343 32 128 2000 136
344 8 128 800 106
345 32 128 5000 169
346 8 128 5000 127
347 32 128 400 112
348 8 320 400 155
349 8 128 5000 142
350 8 320 5000 111
351 32 128 400 106
352 32 320 2000 147
353 32 128 1000 186
354 8 320 2000 104
355 8 320 400 170
356 32 320 1000 168
357 32 32 1000 114
358 32 128 2000 166
359 8 320 5000 148
360 8 320 800 171
361 32 32 800 126
362 8 32 2000 98
363 32 128 400 144
364 32 128 800 153
365 8 128 400 187
366 8 320 2000 141
367 8 128 2000 158
368 32 320 400 186
369 8 128 400 112
370 32 128 400 90
371 32 128 2000 195
372 32 320 1000 181
373 32 32 5000 120
374 32 320 5000 122
375 32 128 2000 104
376 32 128 1000 142
377 32 32 1000 145
378 8 320 800 104
379 8 128 2000 145
380 32 32 5000 114
381 32 32 5000 184
382 8 128 800 175
383 32 128 1000 176
384 32 128 800 134
385 8 320 1000 198
386 32 32 800 192
387 32 320 5000 118
388 8 128 400 133
389 32 320 1000 148
390 8 320 1000 148
391 8 320 1000 157
392 8 128 5000 90
393 32 32 5000 121
394 32 320 800 125
395 32 128 5000 195
396 32 32 400 91
397 8 32 2000 182
398 8 32 5000 142
399 32 128 800 168
400 32 320 800 169
401 8 320 2000 118
402 32 32 5000 153
403 8 128 5000 113
404 32 128 1000 91
405 32 320 1000 176
406 32 32 1000 165
407 8 32 400 101
408 32 320 5000 98
409 32 32 1000 113
410 32 32 5000 99
411 8 320 800 109
412 32 32 5000 188
413 8 320 2000 120
414 8 128 5000 125
415 8 128 1000 176
416 32 32 2000 120
417 32 320 2000 173
418 8 128 2000 125
419 8 320 5000 184
420 8 320 5000 197
421 32 320 2000 91
422 32 128 5000 171
423 32 320 800 141
424 32 320 5000 137
425 32 128 1000 170
426 8 128 800 113
427 32 128 1000 162
428 32 32 2000 125
429 32 128 5000 106
430 8 128 2000 125
431 32 320 1000 191
432 8 128 2000 162
433 32 128 2000 133
434 32 320 800 145
435 8 128 800 181
436 8 320 5000 172
437 32 128 2000 198
438 8 320 5000 173
439 8 128 5000 92
440 32 128 5000 126
441 8 32 1000 155
442 8 128 400 180
443 32 320 2000 133
444 32 128 1000 194
445 32 32 5000 147
446 32 128 1000 136
447 8 128 1000 133
448 32 32 800 147
449 32 128 400 168
450 32 128 1000 91
451 32 32 5000 165
452 32 128 2000 112
453 32 128 800 123
454 32 320 800 179
455 32 128 800 119
456 8 128 1000 112
457 32 320 5000 191
458 32 32 5000 187
459 8 32 2000 122
460 8 32 800 131
461 32 32 5000 174
462 32 128 400 148
463 32 320 800 99
464 32 128 1000 96
465 8 32 2000 147
466 8 32 2000 94
467 8 320 800 103
468 8 32 1000 165
469 8 320 1000 136
470 32 320 800 159
471 32 32 1000 171
472 32 32 2000 195
473 32 128 400 103
474 8 320 800 119
475 32 128 2000 135
476 8 320 5000 197
477 32 320 2000 134
478 32 320 1000 99
479 32 128 400 179
480 8 32 1000 94
481 32 128 2000 98
482 8 320 400 113
483 32 32 5000 136
484 32 320 5000 144
485 32 32 800 115
486 32 32 1000 99
487 32 320 2000 99
488 32 320 1000 159
489 32 32 400 99
490 32 32 2000 172
491 32 32 400 139
492 8 320 400 145
493 32 320 1000 134
494 8 320 2000 140
495 8 320 5000 195
496 32 320 5000 150
497 32 128 5000 150
498 8 320 1000 190
499 32 32 800 170
500 32 128 2000 113
501 32 32 1000 98
502 32 320 5000 105
503 32 32 800 132
504 8 32 1000 104
505 8 128 1000 188
506 8 32 2000 140
507 8 32 1000 179
508 32 32 800 189
509 32 32 400 154
510 32 32 800 114
511 8 320 800 145
512 8 320 5000 96
513 8 320 5000 132
514 8 128 800 139
515 32 128 2000 176
516 8 128 800 145
517 32 32 2000 114
518 32 320 400 151
519 32 128 2000 122
520 8 32 5000 124
521 8 128 2000 111
522 32 128 5000 135
523 32 320 400 135
524 32 32 800 142
525 32 320 800 182
526 32 320 800 190
527 32 320 5000 102
528 8 32 2000 139
529 32 320 400 151
530 8 32 5000 106
531 8 320 2000 162
532 32 128 400 136
533 32 320 1000 190
534 32 32 1000 117
535 8 32 1000 112
536 8 320 800 194
537 8 32 2000 118
538 8 32 2000 100
539 32 32 400 123
540 8 320 1000 101
541 32 128 2000 149
542 8 128 1000 188
543 32 128 5000 177
544 8 32 5000 141
545 32 32 800 101
546 32 128 1000 97
547 32 128 1000 119
548 32 128 2000 161
549 8 128 400 93
550 32 128 2000 152
551 8 128 5000 140
552 8 32 2000 136
553 32 32 800 193
554 32 128 5000 137
555 8 128 2000 160
556 32 128 400 133
557 8 32 5000 148
558 8 320 1000 137
559 32 320 5000 144
560 32 32 800 189
561 8 128 1000 197
562 32 32 1000 114
563 8 128 400 120
564 32 32 2000 136
565 8 32 400 102
566 8 32 400 147
567 8 32 2000 169
568 8 128 1000 111
569 32 320 5000 176
570 32 32 800 158
571 32 32 1000 165
572 32 32 800 173
573 32 320 5000 108
574 8 32 5000 138
575 32 128 400 138
576 8 32 800 131
577 32 128 2000 125
578 8 32 400 163
579 8 320 5000 133
580 32 128 2000 154
581 32 32 800 166
582 8 128 2000 191
583 32 32 400 128
584 32 32 1000 102
585 32 320 400 170
586 32 32 800 197
587 32 32 400 126
588 32 32 800 177
589 8 128 800 181
590 32 128 1000 193
591 32 128 2000 163
592 8 32 5000 150
593 32 32 400 113
594 32 320 5000 179
595 32 32 800 191
596 32 32 2000 185
597 8 32 800 95
598 32 128 400 192
599 8 320 800 155
600 32 128 2000 140
601 32 128 5000 175
602 32 320 400 94
603 32 32 1000 188
604 8 320 800 162
605 8 320 400 150
606 32 128 2000 123
607 8 128 2000 164
608 8 128 1000 127
609 8 32 800 183
610 8 32 2000 140
611 8 32 400 126
612 8 32 400 125
613 32 32 2000 115
614 32 32 800 127
615 32 128 800 167
616 32 320 5000 175
617 8 320 400 179
618 8 320 5000 179
619 32 32 400 192
620 8 32 1000 142
621 8 32 1000 112
622 8 128 400 139
623 32 320 800 186
624 8 128 800 122
625 8 320 400 106
626 32 128 1000 125
627 8 32 400 107
628 32 128 5000 135
629 32 32 800 111
630 8 128 1000 128
631 8 128 800 100
632 32 32 400 150
633 8 128 1000 176
634 8 32 1000 176
635 8 320 400 122
636 32 320 5000 161
637 8 320 400 97
638 32 128 2000 189
639 8 128 2000 150
640 8 32 2000 163
641 8 320 5000 105
642 32 320 1000 119
643 8 32 800 99
644 32 320 2000 173
645 32 320 800 112
646 32 32 1000 119
647 8 128 400 193
648 8 320 2000 159
649 8 128 5000 90
650 8 128 2000 108
651 8 128 2000 109
652 32 320 400 128
653 32 320 800 93
654 8 128 5000 105
655 8 32 400 138
656 8 128 2000 91
657 8 128 400 115
658 8 128 800 115
659 32 128 2000 135
660 32 32 2000 98
661 8 128 800 122
662 8 128 5000 119
663 32 320 800 114
664 32 128 400 182
665 8 320 1000 178
666 8 320 2000 138
667 8 128 5000 182
668 32 320 2000 133
669 8 320 5000 156
670 8 320 5000 91
671 8 128 5000 92
672 8 32 5000 113
673 32 320 1000 111
674 32 32 800 158
675 32 320 2000 119
676 32 128 1000 185
677 8 128 2000 200
678 32 128 400 151
679 32 128 800 170
680 32 32 400 163
681 8 320 400 120
682 32 32 2000 174
683 32 128 800 114
684 8 320 2000 199
685 32 128 400 200
686 32 320 2000 145
687 32 320 1000 180
688 32 32 5000 153
689 8 128 1000 137
690 32 320 1000 145
691 32 32 1000 108
692 8 320 800 112
693 32 320 800 165
694 32 32 1000 119
695 32 32 400 130
696 32 128 2000 91
697 32 32 800 102
698 8 128 5000 115
699 8 128 400 147
700 32 320 800 92
701 8 32 400 121
702 8 320 2000 188
703 32 320 2000 145
704 32 128 2000 180
705 8 128 2000 185
706 32 32 2000 124
707 32 320 5000 160
708 32 128 2000 143
709 32 128 400 171
710 32 32 400 134
711 32 320 5000 179
712 8 320 800 137
713 8 32 1000 176
714 32 32 1000 157
715 8 128 400 105
716 8 320 5000 127
717 8 128 800 99
718 32 320 800 183
719 8 32 400 172
720 32 320 5000 95
721 32 320 1000 127
722 32 128 2000 120
723 32 320 400 151
724 32 320 800 123
725 8 32 400 107
726 32 320 400 196
727 32 320 800 151
728 32 128 5000 121
729 8 320 1000 176
730 32 32 800 175
731 8 32 400 127
732 32 128 800 102
733 8 320 1000 156
734 32 320 400 199
735 32 32 800 98
736 8 320 800 147
737 8 320 800 99
738 8 320 1000 148
739 32 128 5000 156
740 8 128 1000 127
741 32 32 1000 98
742 8 320 800 113
743 32 128 1000 174
744 8 32 2000 122
745 8 32 5000 178
746 8 32 800 141
747 32 128 800 175
748 32 128 5000 97
749 32 32 800 117
750 32 128 400 145
751 32 128 2000 161
752 32 320 1000 132
753 8 32 400 104
754 32 320 800 118
755 32 32 800 94
756 32 32 2000 99
757 8 32 800 148
758 8 32 2000 192
759 32 32 1000 107
760 32 128 800 200
761 8 32 5000 193
762 8 320 1000 149
763 8 32 400 131
764 8 128 5000 187
765 32 320 5000 134
766 32 32 1000 176
767 8 320 5000 107
768 8 320 2000 125
769 8 128 2000 175
770 32 32 800 143
771 32 320 400 185
772 32 32 1000 196
773 32 320 400 115
774 32 32 2000 146
775 32 320 800 129
776 32 320 5000 106
777 8 320 2000 141
778 8 32 5000 187
779 32 32 1000 193
780 8 32 5000 91
781 32 320 400 144
782 8 320 800 142
783 32 128 400 151
784 32 128 400 182
785 8 32 400 108
786 32 128 5000 138
787 32 32 400 154
788 32 128 1000 119
789 32 32 800 195
790 32 32 1000 114
791 32 32 5000 193
792 32 32 800 165
793 32 32 800 195
794 32 320 5000 133
795 32 128 5000 103
796 32 32 2000 165
797 8 32 400 92
798 8 320 800 155
799 8 32 800 144
800 8 128 2000 130
801 32 320 2000 130
802 8 128 800 102
803 32 128 400 146
804 8 320 400 189
805 32 320 1000 155
806 8 32 800 111
807 8 128 5000 180
808 32 128 2000 136
809 8 128 1000 160
810 32 32 5000 116
811 8 32 800 141
812 32 32 1000 119
813 8 320 5000 106
814 32 32 800 200
815 8 128 2000 94
816 32 320 5000 102
817 32 128 400 154
818 8 320 5000 92
819 32 32 800 194
820 8 320 1000 159
821 32 128 800 195
822 8 128 5000 169
823 8 320 1000 171
824 8 320 400 90
825 32 32 2000 109
826 8 32 800 154
827 32 128 800 162
828 32 320 1000 127
829 8 320 800 193
830 8 32 1000 165
831 8 128 2000 190
832 32 320 5000 159
833 8 128 400 99
834 8 128 800 198
835 32 128 2000 159
836 8 128 2000 157
837 8 128 800 142
838 8 32 1000 94
839 32 32 800 166
840 32 320 5000 114
841 8 320 800 191
842 32 32 5000 105
843 32 320 5000 99
844 8 32 1000 186
845 32 128 1000 175
846 32 32 800 171
847 8 320 5000 147
848 8 320 5000 172
849 32 320 2000 169
850 32 320 1000 136
851 8 128 2000 189
852 8 128 400 194
853 8 32 800 185
854 32 128 400 188
855 8 128 1000 188
856 8 32 800 134
857 8 320 5000 138
858 8 32 5000 182
859 32 128 800 136
860 8 128 400 190
861 32 32 2000 112
862 32 128 1000 123
863 32 128 1000 112
864 8 32 400 155
865 8 320 1000 143
866 8 128 400 102
867 8 320 800 118
868 32 128 5000 167
869 8 32 2000 150
870 32 320 5000 109
871 32 32 1000 166
872 8 32 400 183
873 8 128 2000 120
874 8 32 5000 151
875 8 320 2000 200
876 32 128 5000 105
877 8 128 2000 190
878 32 320 1000 184
879 8 32 800 113
880 8 320 2000 140
881 8 320 2000 97
882 8 32 5000 163
883 32 32 400 98
884 8 128 5000 183
885 8 128 1000 186
886 8 128 800 129
887 8 32 2000 167
888 32 32 2000 103
889 32 32 2000 96
890 32 32 400 125
891 32 128 1000 169
892 32 32 5000 143
893 8 128 1000 152
894 32 320 1000 131
895 32 128 5000 150
896 8 32 2000 144
897 32 32 1000 91
898 32 128 400 111
899 8 320 800 115
900 32 320 400 161
901 32 32 2000 185
902 8 320 1000 172
903 32 128 2000 118
904 8 128 800 92
905 32 128 400 102
906 32 128 1000 111
907 8 320 800 122
908 8 320 400 175
909 8 320 5000 103
910 32 320 2000 135
911 8 128 5000 170
912 32 128 1000 180
913 8 32 5000 170
914 32 128 5000 145
915 32 32 5000 134
916 8 128 5000 174
917 8 320 400 158
918 8 320 5000 163
919 32 32 2000 140
920 32 128 5000 124
921 8 32 800 168
922 32 320 400 144
923 8 320 5000 152
924 8 128 800 171
925 8 128 2000 163
926 32 320 400 127
927 8 128 400 195
928 8 32 5000 108
929 32 32 5000 186
930 8 128 1000 143
931 8 32 2000 195
932 32 32 1000 102
933 8 320 400 169
934 8 128 5000 146
935 8 128 400 199
936 32 32 1000 190
937 8 128 5000 102
938 32 32 2000 114
939 8 32 5000 176
940 32 32 800 92
941 8 320 1000 137
942 32 32 5000 181
943 8 128 2000 162
944 8 32 800 123
945 32 320 2000 132
946 32 32 800 115
947 8 32 5000 169
948 8 128 800 190
949 32 320 5000 155
950 8 32 1000 120
951 8 320 800 174
952 8 320 1000 117
953 8 320 400 91
954 32 128 5000 111
955 8 32 1000 90
956 32 128 2000 91
957 32 32 2000 188
958 8 128 400 104
959 8 32 5000 192
225
0 631 68 180
1 826 40 103
2 64 49 197
2 656 44 95
4 561 59 98
7 696 54 155
8 861 59 119
10 134 68 94
12 561 70 182
16 301 62 189
17 340 46 95
17 391 53 108
20 742 47 181
20 791 66 121
21 878 56 97
21 720 66 118
22 86 41 178
23 709 67 161
28 124 68 175
30 494 47 107
32 197 40 103
36 952 57 115
44 810 51 153
46 887 58 196
47 798 47 132
48 593 63 114
51 917 40 114
53 706 58 128
56 839 59 105
56 344 66 194
56 365 40 133
60 187 67 112
60 929 57 172
61 955 43 159
62 764 50 125
65 199 65 117
67 111 60 132
68 569 41 199
70 856 40 104
70 179 41 144
71 245 49 172
71 934 49 110
75 675 68 143
76 584 47 112
80 815 60 174
82 104 68 184
83 557 70 111
90 275 60 178
92 939 59 132
94 472 51 162
94 416 40 190
96 487 62 151
99 447 46 149
100 152 40 168
100 771 41 191
105 778 53 105
110 879 57 105
115 693 67 146
115 948 49 174
118 783 50 120
127 243 55 94
131 428 54 134
135 460 57 118
142 670 67 106
153 455 46 118
154 783 51 169
157 798 68 185
157 560 47 148
158 357 45 188
162 653 48 99
165 701 67 104
166 597 57 95
167 508 55 104
172 791 61 163
173 244 51 167
184 333 42 152
186 314 69 112
188 924 40 105
189 443 40 132
191 339 70 136
195 564 50 99
198 678 67 126
198 950 45 126
200 779 59 188
205 548 54 129
206 529 70 139
209 602 44 95
210 566 60 153
212 486 51 147
218 525 43 159
221 738 69 97
225 360 51 122
225 852 45 141
229 509 55 197
230 929 47 171
232 954 49 117
234 311 48 168
235 844 46 200
239 807 66 165
255 487 52 141
257 840 64 190
264 528 40 107
266 408 59 150
268 305 59 183
275 366 66 183
277 747 63 199
281 805 52 115
284 724 68 99
287 747 50 107
288 748 65 125
288 605 50 96
289 653 64 194
290 919 68 136
293 636 58 180
294 374 53 169
298 676 56 172
303 801 70 111
310 612 68 157
315 403 64 142
319 921 69 136
321 639 64 118
324 345 66 97
327 769 50 119
330 614 58 95
331 662 69 127
336 957 63 190
344 914 65 141
349 356 63 196
351 702 56 142
351 430 46 122
353 682 48 141
355 943 40 101
356 394 63 148
363 734 61 147
367 558 41 123
380 444 52 92
383 907 41 146
385 606 70 122
400 455 65 106
402 645 52 117
409 614 69 151
410 677 49 172
412 881 40 178
413 681 45 127
417 673 61 138
426 516 44 135
427 560 41 173
430 524 53 182
437 959 59 107
439 516 46 174
444 533 47 115
444 714 63 163
468 852 66 157
471 589 62 187
475 656 49 152
477 512 51 178
480 542 54 195
488 678 43 93
492 859 44 149
493 875 43 170
495 860 65 110
501 597 63 151
502 693 52 167
505 911 50 182
513 797 42 145
518 885 45 161
521 605 57 189
522 751 51 114
524 528 43 138
524 559 45 112
525 595 44 106
539 633 52 120
542 830 57 135
542 874 54 92
542 574 53 132
542 680 64 109
560 762 53 131
564 934 45 113
569 688 66 129
574 622 40 182
575 697 54 114
576 648 56 160
578 848 70 116
578 779 65 165
580 767 49 119
581 913 48 93
589 665 64 154
595 889 62 109
607 801 62 127
608 911 46 94
608 843 69 120
614 745 54 98
634 744 45 125
635 733 64 148
641 815 68 196
642 856 51 169
657 696 45 168
658 937 40 138
659 817 40 171
662 723 49 137
674 862 44 94
675 710 62 189
684 781 63 116
691 715 58 158
711 890 65 106
712 777 58 92
715 812 62 165
725 915 52 199
727 940 69 146
730 934 58 154
731 774 50 91
731 798 45 159
749 861 41 128
752 765 62 106
757 770 56 91
762 891 48 126
772 948 40 100
823 957 60 112
828 883 44 172
847 933 43 114
874 888 60 128
880 954 63 162
884 911 50 189
886 888 55 90
894 898 42 150