171
0 16 96 5000 102
1 16 40 1000 161
2 32 64 2000 118
3 16 40 1000 133
4 32 64 800 164
5 32 40 1000 147
6 16 64 800 107
7 32 64 400 154
8 32 96 5000 146
9 16 40 5000 161
10 32 64 800 100
11 16 64 1000 136
12 32 96 1000 167
13 16 64 2000 198
14 32 96 800 183
15 16 64 2000 113
16 16 64 400 136
17 32 40 800 196
18 32 64 2000 143
19 16 96 800 135
20 32 40 800 111
21 32 40 5000 108
22 32 96 800 149
23 16 64 800 162
24 32 64 800 139
25 32 96 400 197
26 16 96 800 149
27 16 96 5000 160
28 16 64 2000 115
29 16 96 400 92
30 32 40 2000 107
31 32 64 5000 150
32 16 40 2000 142
33 32 64 2000 91
34 16 96 2000 124
35 32 64 2000 161
36 16 64 1000 188
37 16 96 5000 160
38 32 96 400 148
39 16 64 1000 153
40 16 64 1000 174
41 32 96 400 166
42 32 64 5000 134
43 32 40 1000 100
44 16 64 2000 142
45 32 40 1000 182
46 32 40 2000 106
47 32 96 2000 130
48 16 40 800 179
49 16 40 5000 129
50 32 96 2000 180
51 32 96 2000 110
52 16 40 1000 120
53 16 64 400 108
54 32 96 5000 178
55 16 40 5000 92
56 16 40 800 180
57 32 96 1000 127
58 32 96 800 156
59 16 40 1000 127
60 16 40 2000 102
61 32 96 400 168
62 16 64 2000 124
63 16 40 800 177
64 32 96 800 176
65 32 40 800 187
66 16 40 5000 178
67 16 40 800 114
68 32 64 2000 100
69 16 64 1000 90
70 16 96 800 164
71 16 64 400 150
72 16 40 2000 180
73 16 96 2000 153
74 16 40 400 178
75 16 40 800 94
76 32 96 400 115
77 16 96 400 161
78 16 40 2000 140
79 32 96 800 100
80 32 64 5000 199
81 32 96 5000 97
82 32 40 2000 98
83 16 64 1000 128
84 32 64 800 171
85 32 64 5000 91
86 16 40 1000 193
87 32 64 5000 158
88 32 40 400 168
89 32 96 5000 118
90 16 40 800 125
91 16 64 400 116
92 16 40 5000 152
93 32 40 2000 100
94 32 40 400 118
95 16 96 1000 175
96 16 40 5000 104
97 32 40 5000 103
98 32 40 2000 149
99 16 64 400 123
100 16 96 400 164
101 32 96 800 169
102 16 64 400 170
103 16 40 2000 184
104 16 40 400 140
105 16 40 5000 196
106 16 64 5000 111
107 32 40 2000 193
108 32 64 400 159
109 16 40 800 97
110 32 96 1000 127
111 16 40 5000 170
112 16 64 400 193
113 32 40 5000 132
114 16 96 2000 176
115 16 64 400 123
116 16 64 1000 192
117 16 64 5000 187
118 32 40 400 129
119 16 64 1000 129
120 16 64 800 101
121 32 40 1000 190
122 32 64 1000 190
123 16 40 2000 146
124 32 96 1000 165
125 32 64 800 127
126 16 96 400 125
127 16 64 1000 184
128 32 64 5000 100
129 16 96 1000 145
130 16 64 800 143
131 16 64 1000 188
132 16 40 1000 110
133 16 64 1000 141
134 16 40 2000 192
135 32 96 800 168
136 32 64 800 188
137 16 96 400 140
138 16 64 1000 93
139 32 40 5000 180
140 16 40 1000 170
141 32 64 2000 115
142 16 40 1000 100
143 16 64 5000 119
144 32 64 400 145
145 16 64 5000 122
146 32 96 1000 193
147 16 96 2000 96
148 16 64 800 103
149 32 96 2000 160
150 32 64 400 112
151 32 40 800 94
152 32 96 5000 152
153 16 40 2000 96
154 32 40 5000 140
155 16 40 800 186
156 32 40 5000 115
157 32 40 2000 118
158 32 64 800 125
159 16 40 5000 165
160 16 96 800 116
161 16 96 800 198
162 16 64 800 123
163 32 96 1000 183
164 32 64 1000 131
165 16 40 2000 128
166 32 96 2000 125
167 32 40 400 172
168 16 96 400 165
169 16 40 1000 93
170 32 64 1000 115
39
1 160 69 181
7 89 61 170
10 56 60 167
12 54 53 160
17 70 54 100
19 151 52 140
20 129 54 141
21 116 52 186
23 102 42 181
26 150 54 152
30 154 51 199
38 143 63 128
41 168 42 121
42 145 40 181
45 155 66 164
45 164 65 115
49 136 46 113
53 165 66 194
61 163 40 114
71 154 60 173
76 79 55 124
78 126 49 189
79 169 49 128
82 100 57 157
83 105 41 125
84 112 47 130
85 171 58 157
88 94 41 116
90 116 40 153
92 120 60 135
92 123 42 95
93 155 66 190
97 170 53 156
110 159 56 109
112 128 56 162
114 130 51 191
114 141 62 128
117 120 60 192
151 153 59 117