862
0 2 64 200 67
1 16 4 150 70
2 2 16 50 53
3 2 4 200 84
4 2 16 200 74
5 8 16 50 73
6 16 2 100 61
7 2 64 150 71
8 16 16 200 91
9 16 4 100 70
10 2 2 50 70
11 2 16 200 54
12 8 16 200 62
13 16 4 200 74
14 2 2 100 71
15 2 4 200 62
16 16 2 50 83
17 2 16 50 62
18 8 4 200 82
19 16 64 200 54
20 2 4 150 91
21 8 2 200 83
22 8 2 150 93
23 16 4 100 77
24 2 64 100 76
25 8 16 200 88
26 16 64 150 60
27 2 64 150 52
28 2 2 50 61
29 16 64 100 93
30 8 16 100 86
31 2 2 150 64
32 8 2 150 59
33 16 4 150 60
34 16 16 50 56
35 8 2 150 54
36 2 16 50 89
37 8 2 150 88
38 16 64 100 58
39 16 64 50 52
40 16 64 50 60
41 8 64 50 99
42 2 4 150 86
43 16 2 200 81
44 8 16 50 52
45 8 2 150 74
46 2 4 50 91
47 8 64 200 92
48 2 64 100 67
49 16 2 150 83
50 16 64 200 71
51 8 2 150 65
52 8 2 200 91
53 2 16 200 76
54 2 4 50 76
55 8 16 200 69
56 8 64 50 98
57 16 16 50 73
58 8 64 100 64
59 8 16 50 79
60 16 64 50 95
61 8 2 50 95
62 2 64 200 100
63 2 4 150 81
64 16 4 50 51
65 8 2 100 64
66 8 16 50 86
67 8 4 150 66
68 2 64 200 64
69 2 4 150 94
70 16 4 200 66
71 16 2 150 77
72 16 4 200 72
73 8 2 150 100
74 2 16 100 72
75 16 16 150 58
76 8 64 50 69
77 8 16 50 82
78 8 16 50 65
79 8 2 100 86
80 2 2 200 69
81 16 64 100 92
82 2 16 100 75
83 2 2 150 50
84 16 4 50 56
85 16 4 200 70
86 16 2 100 51
87 8 16 200 97
88 8 64 50 69
89 2 4 150 52
90 16 4 50 100
91 16 16 150 59
92 2 16 150 95
93 8 2 50 65
94 2 4 150 81
95 16 16 200 96
96 16 64 50 71
97 2 64 50 65
98 2 64 200 68
99 2 2 50 68
100 2 4 200 81
101 8 64 150 86
102 2 64 50 50
103 8 16 50 85
104 16 4 150 72
105 2 64 50 100
106 16 4 50 68
107 8 4 50 60
108 8 16 200 73
109 16 2 100 87
110 2 2 150 80
111 2 2 200 51
112 2 2 100 51
113 8 2 200 98
114 2 16 50 86
115 8 64 50 82
116 16 4 50 89
117 2 64 50 97
118 16 16 50 80
119 16 64 100 82
120 16 16 200 60
121 8 2 100 72
122 16 16 200 72
123 2 64 50 86
124 8 64 150 79
125 2 16 150 88
126 2 4 150 70
127 16 4 50 72
128 8 16 100 52
129 16 4 100 64
130 8 4 150 56
131 2 2 100 65
132 16 2 50 58
133 2 4 150 95
134 8 16 150 99
135 2 64 100 53
136 2 16 200 67
137 8 4 100 87
138 2 16 100 51
139 8 2 200 94
140 8 64 200 69
141 16 16 200 62
142 8 16 50 67
143 2 64 100 72
144 2 64 50 67
145 2 16 150 93
146 2 2 200 93
147 16 4 50 59
148 16 64 200 100
149 2 64 150 86
150 16 2 150 64
151 8 64 100 72
152 16 2 100 56
153 16 4 200 66
154 16 4 50 71
155 8 64 50 84
156 16 16 50 50
157 2 2 50 56
158 8 2 200 77
159 2 2 100 93
160 2 4 100 86
161 8 4 50 88
162 2 4 150 69
163 16 4 50 79
164 2 2 200 88
165 2 16 100 77
166 16 4 200 67
167 2 64 200 73
168 16 2 100 87
169 16 64 200 100
170 16 16 150 57
171 2 2 100 70
172 16 16 200 61
173 16 4 200 87
174 16 64 100 77
175 2 64 200 51
176 2 2 150 66
177 16 4 150 51
178 8 4 150 100
179 2 4 200 89
180 16 4 150 63
181 8 4 100 77
182 8 4 150 79
183 8 4 100 74
184 2 64 50 56
185 8 4 100 73
186 16 16 50 53
187 8 2 100 94
188 2 2 100 57
189 2 2 100 70
190 2 64 200 65
191 16 2 200 62
192 8 64 100 93
193 2 64 50 81
194 16 16 100 73
195 8 64 50 81
196 16 2 150 60
197 2 4 50 83
198 16 16 100 58
199 16 2 200 81
200 2 16 50 91
201 16 4 200 86
202 16 4 200 85
203 8 16 200 64
204 16 64 200 50
205 16 64 150 88
206 2 64 50 73
207 16 2 50 64
208 8 2 50 84
209 16 4 50 96
210 16 16 100 64
211 8 4 50 79
212 2 2 150 63
213 2 64 100 65
214 2 2 150 51
215 16 4 100 83
216 8 16 50 74
217 8 64 150 63
218 16 64 100 84
219 8 64 150 90
220 8 64 50 96
221 2 64 100 52
222 8 4 150 99
223 2 16 100 54
224 8 16 50 83
225 8 2 200 92
226 16 64 150 83
227 16 64 50 77
228 8 16 50 74
229 16 64 200 56
230 16 64 200 78
231 8 16 200 93
232 16 64 150 54
233 16 64 100 90
234 2 16 100 94
235 16 2 100 71
236 16 2 100 74
237 8 16 50 56
238 16 4 150 81
239 16 4 50 51
240 8 64 100 78
241 2 4 150 55
242 16 4 200 76
243 16 64 50 54
244 8 64 100 80
245 16 4 100 67
246 2 64 150 87
247 16 16 200 71
248 16 4 100 75
249 16 2 100 80
250 2 4 50 64
251 16 4 200 61
252 2 2 150 68
253 2 64 200 86
254 16 16 150 60
255 2 2 200 74
256 16 16 50 84
257 16 4 50 61
258 16 2 100 75
259 2 64 100 88
260 2 2 100 100
261 16 16 100 97
262 16 16 150 92
263 2 2 200 79
264 8 16 50 87
265 8 64 50 59
266 8 16 50 57
267 8 16 200 77
268 16 2 50 56
269 16 16 200 86
270 8 2 150 79
271 8 16 150 50
272 16 16 150 74
273 16 64 100 79
274 16 2 150 53
275 16 64 100 81
276 16 2 200 56
277 16 64 50 82
278 2 2 200 80
279 16 16 100 80
280 16 4 100 80
281 16 16 100 72
282 8 16 150 73
283 2 4 200 74
284 8 2 200 72
285 2 2 100 81
286 16 16 100 60
287 2 4 150 61
288 16 64 50 86
289 2 4 100 76
290 16 4 200 68
291 16 4 150 56
292 8 64 100 64
293 2 64 150 80
294 2 4 50 78
295 16 64 200 51
296 16 2 50 92
297 2 64 50 87
298 16 64 150 91
299 16 2 150 82
300 16 2 150 72
301 2 2 50 55
302 8 4 50 67
303 16 16 100 77
304 8 16 200 84
305 2 16 200 69
306 8 64 50 81
307 16 4 50 95
308 16 4 200 99
309 2 16 150 54
310 2 2 200 65
311 2 4 150 85
312 8 4 150 70
313 2 64 200 71
314 8 2 150 95
315 8 16 200 87
316 8 2 150 86
317 16 2 50 88
318 16 16 150 62
319 16 2 200 80
320 2 64 150 88
321 16 2 150 54
322 2 2 200 59
323 2 16 150 81
324 2 16 150 86
325 2 4 150 57
326 2 64 200 53
327 8 16 150 85
328 16 2 150 50
329 8 4 200 99
330 2 16 100 66
331 16 64 200 62
332 16 2 100 56
333 16 4 100 99
334 2 2 50 67
335 2 64 50 72
336 2 4 100 57
337 16 4 200 73
338 16 64 50 95
339 2 64 50 78
340 8 2 150 68
341 16 4 150 76
342 16 2 150 55
343 8 16 200 92
344 16 2 100 70
345 8 4 100 95
346 16 2 200 73
347 8 4 100 62
348 16 2 100 86
349 2 16 100 82
350 16 4 100 84
351 16 64 150 58
352 8 64 150 80
353 16 4 150 89
354 2 2 100 88
355 16 2 50 83
356 2 4 150 86
357 2 16 50 74
358 2 64 100 94
359 8 16 50 98
360 16 16 100 80
361 16 64 200 97
362 8 2 200 79
363 16 64 100 87
364 8 64 200 58
365 2 64 50 81
366 2 4 100 89
367 16 16 50 78
368 2 16 50 99
369 16 2 50 91
370 2 64 200 53
371 16 16 50 92
372 2 16 100 59
373 8 64 200 91
374 2 64 100 78
375 2 64 150 55
376 2 2 100 99
377 16 4 150 87
378 16 2 50 66
379 8 2 50 50
380 8 4 50 67
381 2 4 50 97
382 2 64 200 100
383 8 2 50 89
384 2 16 200 71
385 16 2 50 84
386 16 2 200 82
387 2 16 200 64
388 2 4 150 82
389 16 16 200 58
390 8 64 100 87
391 16 64 100 55
392 2 2 50 53
393 16 16 50 78
394 2 16 150 93
395 2 4 50 70
396 8 2 150 88
397 16 16 100 72
398 2 2 100 79
399 8 4 200 90
400 8 4 50 82
401 16 16 150 83
402 16 4 100 73
403 2 16 100 83
404 8 16 150 55
405 8 16 50 84
406 8 2 50 65
407 8 4 150 74
408 2 64 50 98
409 16 2 100 86
410 8 64 100 64
411 8 64 150 95
412 2 16 200 58
413 16 16 50 78
414 8 4 200 55
415 16 16 150 73
416 2 2 100 83
417 16 16 200 96
418 2 16 100 57
419 8 4 50 95
420 8 4 100 63
421 16 2 200 56
422 8 64 150 97
423 2 64 100 92
424 16 2 100 79
425 2 16 50 66
426 16 64 50 92
427 8 64 100 92
428 8 16 150 58
429 8 2 50 52
430 16 16 50 86
431 2 64 50 60
432 2 4 150 60
433 8 2 200 94
434 8 16 50 65
435 16 64 150 57
436 16 16 150 94
437 8 2 50 63
438 16 2 200 56
439 16 64 150 60
440 8 64 50 99
441 8 64 150 80
442 8 16 150 54
443 8 2 50 77
444 16 64 200 75
445 2 16 100 51
446 16 16 50 96
447 16 4 150 51
448 8 16 150 51
449 16 2 100 89
450 2 2 100 58
451 2 2 50 54
452 16 2 50 82
453 8 16 100 90
454 8 64 200 83
455 8 4 100 76
456 8 2 50 65
457 2 64 50 99
458 16 4 50 62
459 8 16 100 96
460 8 2 200 86
461 2 16 150 50
462 16 2 50 96
463 16 16 150 98
464 16 16 100 96
465 2 2 150 85
466 16 16 200 86
467 16 16 50 91
468 2 2 100 90
469 2 16 150 88
470 8 4 150 80
471 16 4 100 66
472 16 16 100 78
473 2 64 200 92
474 2 2 100 95
475 2 2 100 72
476 16 16 100 92
477 16 16 100 87
478 16 2 100 85
479 2 2 200 93
480 16 64 50 74
481 8 16 150 79
482 8 2 200 95
483 2 2 150 70
484 2 2 200 91
485 2 4 50 90
486 16 2 50 74
487 16 4 200 77
488 8 2 50 96
489 16 16 200 72
490 2 2 100 60
491 16 64 200 55
492 16 16 100 90
493 16 16 100 89
494 2 2 100 65
495 16 4 200 64
496 2 16 100 93
497 8 4 150 72
498 2 2 150 51
499 8 16 200 75
500 8 2 50 74
501 2 2 100 62
502 16 16 100 64
503 2 4 50 95
504 8 64 50 77
505 8 64 50 68
506 8 64 100 51
507 8 2 100 89
508 2 2 100 77
509 16 64 100 75
510 8 16 50 90
511 16 2 150 73
512 2 16 150 55
513 16 4 100 95
514 2 2 150 64
515 2 64 50 72
516 16 16 150 61
517 16 64 100 54
518 16 2 200 81
519 8 2 100 50
520 2 4 50 79
521 2 2 100 96
522 16 16 50 54
523 16 64 200 77
524 2 2 150 87
525 2 64 50 79
526 2 4 150 79
527 2 2 50 58
528 2 2 100 84
529 8 64 200 58
530 16 2 200 81
531 8 64 200 56
532 16 64 50 97
533 16 64 50 88
534 2 16 50 55
535 8 2 50 54
536 2 4 150 79
537 2 16 150 60
538 2 4 200 84
539 8 2 50 61
540 8 2 150 100
541 16 64 100 100
542 8 4 200 96
543 2 16 150 74
544 8 16 150 87
545 8 2 150 68
546 16 64 150 90
547 2 2 100 63
548 8 16 100 74
549 16 4 100 98
550 16 2 100 91
551 16 16 200 74
552 8 16 200 53
553 8 4 100 61
554 2 64 50 95
555 8 64 50 67
556 8 2 200 71
557 8 64 200 99
558 16 16 200 87
559 2 4 50 82
560 8 2 150 52
561 2 2 100 58
562 2 16 50 82
563 2 64 200 89
564 8 2 100 64
565 8 4 150 99
566 16 16 150 81
567 16 64 150 54
568 16 64 200 95
569 2 2 200 83
570 2 4 100 99
571 8 2 50 76
572 2 16 50 91
573 8 4 200 88
574 8 4 200 61
575 2 16 100 89
576 16 16 50 63
577 16 4 200 73
578 16 4 100 99
579 16 16 150 97
580 8 64 200 64
581 16 2 150 76
582 2 2 50 75
583 2 2 150 71
584 2 64 150 99
585 2 4 150 83
586 16 2 150 97
587 2 2 50 85
588 16 2 50 69
589 16 64 200 82
590 16 4 150 82
591 16 16 150 66
592 8 2 150 56
593 8 4 100 68
594 8 4 150 76
595 16 64 50 68
596 8 64 100 98
597 2 64 150 52
598 16 16 50 82
599 16 16 200 97
600 16 16 200 85
601 16 16 200 67
602 16 64 150 96
603 8 16 50 54
604 8 2 150 91
605 8 64 50 64
606 16 2 50 71
607 2 4 100 53
608 8 2 50 78
609 2 16 200 98
610 8 64 200 93
611 16 4 150 74
612 2 64 150 65
613 16 64 150 71
614 16 4 50 53
615 16 64 100 78
616 2 4 200 89
617 8 4 200 79
618 2 2 100 99
619 8 16 200 76
620 16 2 100 75
621 8 2 150 87
622 2 16 100 59
623 16 64 50 63
624 8 2 200 52
625 2 16 100 61
626 16 4 50 58
627 2 2 200 58
628 16 2 100 59
629 16 4 200 54
630 8 64 150 65
631 2 2 200 83
632 8 16 150 79
633 2 4 200 71
634 8 64 150 99
635 16 2 100 96
636 8 2 100 91
637 8 4 200 86
638 2 2 150 85
639 16 2 200 95
640 8 16 150 74
641 16 64 150 95
642 16 16 100 89
643 8 64 50 52
644 16 2 200 54
645 2 16 200 99
646 8 64 150 57
647 16 4 100 74
648 16 16 50 93
649 2 64 150 65
650 2 64 150 82
651 8 2 200 77
652 8 16 200 51
653 8 4 100 50
654 8 64 200 62
655 16 2 200 61
656 16 2 200 92
657 8 16 100 98
658 8 2 150 89
659 16 16 100 78
660 8 4 50 77
661 2 16 100 87
662 8 2 50 76
663 16 4 200 86
664 16 2 150 74
665 8 4 50 92
666 16 2 50 94
667 2 2 150 60
668 2 4 50 63
669 8 4 150 61
670 8 64 100 66
671 16 4 150 82
672 8 64 150 68
673 8 4 100 90
674 16 4 150 66
675 8 2 50 56
676 2 4 150 54
677 2 4 200 61
678 8 16 50 92
679 16 64 150 97
680 8 2 150 80
681 16 16 50 90
682 16 2 200 82
683 8 4 50 73
684 16 64 200 51
685 2 4 50 94
686 2 2 50 71
687 16 4 150 54
688 8 4 150 79
689 16 4 200 50
690 2 64 50 65
691 8 64 200 63
692 2 16 200 70
693 8 4 150 99
694 2 2 150 80
695 2 16 50 60
696 2 2 200 55
697 16 4 50 72
698 8 2 200 84
699 16 64 200 75
700 2 2 100 91
701 16 16 200 86
702 2 64 150 68
703 2 64 50 98
704 16 4 50 93
705 16 2 200 75
706 16 2 50 81
707 2 2 50 50
708 8 64 100 97
709 8 64 150 65
710 8 64 100 80
711 8 4 150 100
712 8 64 150 88
713 16 64 150 70
714 16 2 200 83
715 8 64 100 97
716 8 64 150 74
717 2 4 150 61
718 8 2 50 61
719 16 64 100 65
720 8 64 50 58
721 2 2 200 88
722 16 4 100 72
723 2 16 200 72
724 8 4 50 95
725 8 64 100 81
726 2 64 50 91
727 8 16 50 94
728 2 2 150 52
729 16 64 200 74
730 2 4 200 60
731 8 2 50 60
732 16 16 200 97
733 2 4 150 68
734 8 4 150 56
735 8 4 50 61
736 16 64 150 57
737 8 16 50 80
738 2 4 150 86
739 16 16 100 57
740 2 2 50 90
741 16 16 50 51
742 16 64 50 59
743 16 64 50 98
744 2 16 200 74
745 16 16 200 69
746 2 64 150 77
747 2 64 100 62
748 2 16 200 72
749 2 16 200 58
750 16 64 100 79
751 8 2 100 50
752 8 64 200 89
753 16 2 50 51
754 8 2 100 72
755 8 4 100 64
756 16 16 50 70
757 8 64 100 89
758 2 2 100 62
759 2 16 50 81
760 2 4 50 94
761 8 16 100 84
762 2 16 150 98
763 8 2 150 65
764 8 16 50 94
765 8 2 150 83
766 2 16 50 100
767 8 4 50 97
768 8 4 150 63
769 8 4 200 72
770 2 2 150 55
771 2 4 200 57
772 8 4 200 72
773 8 4 200 83
774 2 4 50 66
775 16 64 200 85
776 8 16 150 54
777 16 2 200 84
778 8 4 50 81
779 8 4 200 80
780 2 4 200 97
781 16 2 150 94
782 8 64 50 98
783 8 2 200 78
784 16 64 150 90
785 2 64 200 70
786 16 2 100 57
787 2 16 100 78
788 2 2 150 60
789 16 64 50 98
790 16 2 150 64
791 8 16 200 61
792 8 4 150 73
793 8 2 150 52
794 8 4 50 61
795 16 16 100 82
796 16 16 150 79
797 8 64 100 85
798 8 2 50 80
799 2 64 100 94
800 2 64 200 81
801 16 16 100 95
802 8 64 150 97
803 8 2 150 54
804 2 16 150 77
805 8 2 100 81
806 16 2 200 54
807 16 16 200 65
808 16 2 150 85
809 2 64 50 56
810 2 16 100 95
811 2 4 150 54
812 8 64 200 99
813 16 16 50 89
814 2 16 200 88
815 8 16 200 54
816 2 16 200 96
817 8 2 100 86
818 2 64 200 83
819 16 16 150 68
820 8 2 200 77
821 16 64 200 51
822 16 64 150 50
823 2 16 50 74
824 16 64 100 91
825 2 4 50 85
826 16 2 150 69
827 2 64 200 56
828 8 4 50 95
829 16 4 100 86
830 16 4 200 79
831 2 16 50 75
832 16 2 50 61
833 8 2 50 59
834 2 16 50 65
835 8 16 100 68
836 8 64 200 69
837 2 64 50 76
838 8 16 100 53
839 8 16 50 82
840 16 4 50 69
841 8 64 150 53
842 16 2 200 92
843 2 16 150 95
844 2 64 50 89
845 2 4 50 55
846 8 16 200 57
847 8 2 200 54
848 16 2 200 91
849 2 4 100 82
850 16 4 100 67
851 2 64 100 90
852 16 64 100 85
853 8 64 150 99
854 2 64 100 91
855 16 64 150 54
856 8 2 150 70
857 16 4 150 91
858 8 16 50 57
859 16 16 100 67
860 8 16 100 69
861 2 2 50 63
84
3 804 58 179
7 402 55 181
7 745 66 150
21 245 61 94
30 721 53 134
39 449 65 107
39 462 48 120
40 45 45 99
44 383 48 176
44 283 61 121
45 796 54 193
54 209 46 123
65 84 64 105
65 427 68 190
68 660 57 161
82 220 59 179
88 356 50 183
107 536 52 186
111 588 65 163
133 223 69 166
142 638 60 94
144 549 58 156
161 171 47 191
178 490 50 174
178 808 42 156
197 266 48 132
214 418 47 181
220 462 69 170
231 396 62 154
244 722 67 136
249 513 43 136
260 687 65 119
262 829 55 141
268 837 68 115
272 491 47 130
273 587 47 181
274 729 69 196
282 337 46 141
293 706 54 171
307 589 41 155
312 451 57 177
313 766 62 150
316 666 43 200
319 502 63 185
320 451 55 125
326 510 40 140
332 616 62 141
333 805 68 200
336 399 57 103
342 391 48 158
358 853 50 182
359 501 62 96
366 674 65 125
371 485 62 128
373 406 59 137
374 468 46 189
378 694 70 161
388 454 47 113
402 747 49 185
417 832 58 153
421 549 48 182
429 813 69 172
433 779 70 171
445 707 41 200
454 714 46 187
454 827 47 181
464 790 42 93
467 550 50 133
480 503 66 190
482 567 44 184
496 624 58 124
506 768 46 145
515 625 66 124
561 625 66 105
568 821 52 112
574 611 68 130
602 807 70 192
630 729 56 149
636 768 45 183
686 699 45 116
741 839 48 193
765 856 42 159
783 811 41 95
802 823 49 110