772
0 16 64 150 80
1 2 4 150 62
2 2 2 200 55
3 2 16 200 55
4 2 16 200 52
5 2 64 150 65
6 8 64 200 60
7 2 16 50 59
8 16 16 100 81
9 2 16 50 73
10 8 4 200 98
11 8 16 50 81
12 8 64 200 73
13 2 64 50 93
14 2 16 150 68
15 2 4 200 60
16 16 2 100 51
17 16 2 50 75
18 8 4 50 93
19 2 4 200 60
20 8 2 100 92
21 2 4 150 86
22 8 16 150 65
23 2 2 200 63
24 8 64 100 73
25 16 2 200 79
26 16 4 150 83
27 2 64 50 72
28 8 64 100 65
29 16 2 150 74
30 16 64 100 59
31 8 16 150 97
32 2 4 150 80
33 2 2 50 71
34 2 4 50 62
35 2 64 50 71
36 16 2 100 51
37 8 16 200 98
38 2 64 150 93
39 8 16 200 56
40 16 2 100 69
41 8 64 200 57
42 8 4 50 95
43 8 2 150 79
44 2 2 50 66
45 8 4 50 97
46 2 2 100 54
47 16 2 200 69
48 16 16 150 62
49 2 64 100 64
50 8 64 100 64
51 16 64 200 62
52 8 16 150 83
53 8 16 50 78
54 16 2 100 76
55 16 2 100 79
56 2 64 200 62
57 2 64 50 52
58 8 2 200 96
59 16 4 200 88
60 16 2 200 50
61 2 2 50 61
62 16 2 100 73
63 8 4 100 65
64 16 2 200 100
65 8 2 150 93
66 2 2 200 71
67 2 4 150 72
68 8 16 200 96
69 16 4 150 74
70 2 2 200 51
71 8 4 150 78
72 16 2 100 80
73 2 64 150 70
74 2 16 150 76
75 16 4 100 61
76 8 16 100 94
77 16 2 50 98
78 16 64 200 57
79 2 64 50 89
80 16 4 200 64
81 8 16 200 67
82 8 16 200 80
83 16 16 50 63
84 2 16 150 79
85 2 2 100 76
86 2 2 200 65
87 8 2 50 97
88 16 4 150 53
89 16 2 100 62
90 8 64 100 83
91 16 64 50 98
92 2 16 50 57
93 2 4 100 67
94 16 4 100 72
95 16 16 100 68
96 8 64 100 75
97 16 4 100 57
98 8 2 200 73
99 16 2 50 57
100 2 64 150 85
101 16 64 200 87
102 16 4 100 90
103 16 4 150 71
104 16 2 50 76
105 2 64 100 77
106 8 2 100 99
107 16 64 100 52
108 16 2 100 81
109 2 4 100 75
110 8 2 100 51
111 8 2 100 59
112 8 16 200 81
113 8 16 150 54
114 8 2 50 82
115 8 2 100 57
116 8 64 200 58
117 2 4 200 64
118 16 2 100 90
119 8 16 150 87
120 16 4 50 75
121 2 2 100 58
122 16 4 50 83
123 2 16 150 81
124 2 16 100 94
125 2 4 100 74
126 8 4 50 91
127 2 2 100 76
128 16 2 100 74
129 16 16 100 96
130 2 4 100 77
131 8 2 100 76
132 16 2 100 99
133 2 4 200 55
134 8 4 200 85
135 8 64 150 51
136 16 16 100 61
137 8 64 100 57
138 16 64 100 56
139 8 4 200 92
140 2 2 200 60
141 8 2 150 66
142 8 4 200 71
143 16 16 200 54
144 16 2 150 75
145 16 16 150 89
146 2 2 100 91
147 8 2 50 93
148 8 16 100 74
149 16 2 100 100
150 8 4 50 58
151 16 16 150 84
152 8 4 100 56
153 2 2 150 100
154 16 64 100 74
155 8 16 200 65
156 16 64 150 65
157 8 16 150 86
158 2 64 50 75
159 16 2 50 68
160 16 2 50 71
161 16 64 50 61
162 2 64 150 90
163 8 4 50 59
164 2 2 100 76
165 8 16 150 85
166 2 2 50 98
167 8 16 50 55
168 2 4 150 62
169 2 16 200 82
170 2 4 100 99
171 2 2 200 56
172 8 64 150 50
173 8 64 200 87
174 8 4 150 100
175 8 64 150 98
176 8 64 200 62
177 16 64 100 80
178 16 64 200 90
179 2 64 200 77
180 8 64 150 55
181 2 2 50 55
182 2 4 50 97
183 2 4 100 80
184 2 4 150 62
185 8 2 150 53
186 8 2 50 58
187 2 16 150 88
188 16 4 150 89
189 16 4 200 72
190 8 16 50 65
191 16 16 50 52
192 2 64 200 100
193 2 4 200 83
194 8 16 150 70
195 16 4 150 99
196 8 4 150 70
197 16 4 100 63
198 2 2 50 66
199 8 16 150 61
200 8 16 50 90
201 2 4 100 66
202 2 4 200 67
203 16 4 50 86
204 8 16 200 59
205 16 2 150 68
206 2 4 150 91
207 2 2 50 73
208 2 2 100 80
209 16 4 150 61
210 8 64 50 85
211 8 4 50 50
212 8 64 200 59
213 2 4 50 70
214 16 2 150 77
215 2 64 150 58
216 8 2 150 89
217 2 64 200 85
218 16 2 50 59
219 8 2 150 88
220 2 2 200 71
221 2 4 200 61
222 2 64 50 88
223 2 2 150 79
224 16 4 200 83
225 16 64 150 65
226 16 2 150 78
227 8 16 50 74
228 16 16 100 98
229 2 4 200 75
230 8 16 200 100
231 2 16 100 78
232 2 2 200 98
233 16 16 100 98
234 16 16 50 65
235 8 4 150 80
236 2 4 200 93
237 8 64 150 70
238 8 4 50 97
239 8 2 200 85
240 16 4 100 61
241 2 16 150 90
242 8 2 200 89
243 16 64 100 74
244 8 16 50 67
245 8 64 100 65
246 2 4 150 61
247 8 16 150 91
248 2 4 100 81
249 2 16 200 98
250 2 16 100 84
251 8 64 50 71
252 16 2 150 53
253 2 4 100 61
254 16 16 200 92
255 8 64 50 66
256 16 64 200 68
257 8 4 50 63
258 16 2 100 90
259 2 64 50 58
260 8 16 50 66
261 16 2 50 74
262 8 64 100 81
263 16 4 100 89
264 16 16 150 71
265 2 16 200 58
266 16 64 50 58
267 8 16 100 77
268 8 4 50 78
269 2 16 50 74
270 8 2 150 98
271 8 2 100 54
272 8 16 200 90
273 16 64 100 71
274 16 64 50 86
275 16 64 50 51
276 8 4 50 89
277 16 64 100 89
278 2 2 50 93
279 2 64 150 78
280 8 2 50 58
281 8 2 100 100
282 2 16 50 88
283 16 2 200 87
284 8 64 100 51
285 2 64 200 100
286 16 2 50 84
287 16 16 100 91
288 2 64 50 96
289 16 4 50 89
290 8 16 200 61
291 8 16 200 90
292 2 4 100 60
293 16 2 50 51
294 8 4 50 98
295 8 2 150 72
296 8 64 200 63
297 8 4 150 52
298 2 16 50 50
299 8 16 50 69
300 2 16 150 80
301 8 64 100 71
302 2 64 100 73
303 2 4 50 98
304 2 4 50 53
305 16 64 200 86
306 2 64 200 100
307 2 16 100 82
308 16 16 150 77
309 16 16 100 70
310 16 4 100 63
311 2 2 150 91
312 2 16 150 93
313 8 2 100 75
314 16 64 50 86
315 16 4 150 70
316 2 64 50 99
317 8 64 50 84
318 2 16 50 86
319 2 2 100 79
320 16 4 150 97
321 2 16 200 85
322 2 64 200 96
323 2 64 150 57
324 2 64 150 67
325 2 4 150 97
326 8 64 200 50
327 16 2 100 70
328 8 2 100 50
329 2 4 150 66
330 2 4 50 61
331 16 2 50 88
332 16 16 100 82
333 8 2 150 89
334 16 64 200 86
335 2 2 200 79
336 8 64 50 99
337 2 2 150 80
338 16 64 150 99
339 16 16 100 84
340 2 16 200 90
341 8 64 200 88
342 2 4 200 61
343 2 64 150 62
344 2 4 50 100
345 8 4 100 84
346 8 64 100 56
347 2 4 200 77
348 16 2 200 54
349 2 64 100 70
350 2 64 150 99
351 8 4 100 57
352 16 16 200 84
353 2 2 150 92
354 16 4 150 53
355 16 2 50 92
356 8 16 200 66
357 16 64 150 96
358 2 16 100 51
359 2 4 150 76
360 2 64 100 97
361 8 16 150 53
362 2 16 200 75
363 8 64 150 74
364 16 2 100 92
365 2 16 150 81
366 2 2 100 94
367 2 16 150 85
368 8 2 100 57
369 16 2 200 92
370 2 4 100 81
371 2 16 50 92
372 16 64 50 62
373 16 64 150 81
374 16 2 100 63
375 2 2 200 81
376 8 64 150 99
377 16 2 100 75
378 16 16 150 94
379 8 64 150 80
380 2 64 150 71
381 2 64 200 55
382 2 16 200 89
383 2 64 50 97
384 2 2 100 67
385 2 64 150 90
386 8 2 200 99
387 16 4 50 68
388 16 4 50 80
389 8 4 200 85
390 8 64 150 97
391 2 64 150 66
392 8 16 100 60
393 8 2 50 78
394 8 16 200 84
395 2 64 200 59
396 16 2 200 99
397 16 16 150 85
398 2 16 200 82
399 8 16 150 79
400 2 16 150 63
401 8 64 200 91
402 8 16 150 63
403 8 64 50 54
404 8 2 200 67
405 8 64 100 70
406 2 2 50 64
407 2 2 200 57
408 2 16 50 51
409 16 4 100 76
410 8 4 150 63
411 2 64 200 67
412 16 16 50 53
413 8 4 100 53
414 2 16 200 79
415 2 16 100 67
416 8 64 100 63
417 8 16 150 97
418 16 16 100 91
419 2 16 100 58
420 2 2 200 75
421 8 2 100 61
422 2 4 50 74
423 8 4 150 67
424 2 4 50 87
425 2 64 100 60
426 8 64 50 97
427 2 16 100 78
428 16 64 50 51
429 16 64 50 86
430 2 2 200 92
431 16 16 150 76
432 8 16 50 54
433 8 2 100 82
434 16 16 100 63
435 2 64 150 74
436 2 4 200 70
437 16 4 100 98
438 8 64 50 78
439 16 16 150 98
440 2 2 100 53
441 2 16 100 71
442 16 16 200 66
443 16 16 200 82
444 8 4 50 93
445 2 16 150 72
446 16 64 150 79
447 16 64 150 89
448 8 16 50 63
449 8 64 50 79
450 2 16 50 85
451 8 64 100 64
452 16 16 50 52
453 2 4 100 99
454 8 64 200 56
455 8 64 150 81
456 2 16 200 70
457 8 16 50 86
458 2 2 150 99
459 2 64 50 53
460 8 16 50 73
461 2 2 200 68
462 8 2 150 93
463 2 2 200 78
464 2 16 100 91
465 16 2 50 100
466 8 64 100 61
467 8 64 50 64
468 8 16 200 85
469 16 16 50 98
470 8 16 200 95
471 2 2 50 54
472 2 64 150 77
473 16 4 150 74
474 8 2 100 52
475 8 4 100 90
476 16 2 200 68
477 2 64 200 64
478 16 16 200 89
479 8 4 100 52
480 16 2 150 97
481 2 16 200 92
482 2 16 50 97
483 8 2 50 73
484 8 2 100 99
485 8 16 150 59
486 2 2 50 53
487 16 64 200 98
488 2 4 200 70
489 16 2 100 61
490 16 16 150 87
491 8 16 200 98
492 8 4 50 83
493 16 4 100 87
494 16 16 200 50
495 2 4 150 55
496 16 2 100 81
497 16 64 150 81
498 2 64 200 51
499 8 64 100 83
500 16 16 200 84
501 16 16 50 85
502 2 2 50 84
503 2 4 50 50
504 2 4 150 71
505 16 2 150 75
506 16 64 50 90
507 2 16 200 80
508 8 2 50 69
509 16 16 50 96
510 8 2 50 73
511 8 2 150 87
512 2 2 100 55
513 2 16 200 93
514 16 64 100 93
515 16 64 50 90
516 2 4 100 58
517 8 4 200 88
518 2 64 50 99
519 2 64 150 50
520 2 2 200 73
521 16 4 100 86
522 8 64 150 90
523 16 4 200 91
524 8 64 50 60
525 8 16 150 51
526 16 2 150 89
527 2 2 150 79
528 16 64 200 59
529 16 2 50 76
530 8 4 100 66
531 2 64 200 76
532 8 4 100 96
533 16 64 200 69
534 8 2 50 65
535 16 4 50 97
536 8 16 50 94
537 2 64 200 86
538 2 64 100 74
539 8 2 200 90
540 16 64 100 64
541 2 16 200 62
542 2 4 150 83
543 16 4 100 63
544 8 4 200 57
545 16 2 150 76
546 2 16 50 73
547 16 4 150 64
548 8 2 200 53
549 2 16 150 60
550 2 64 200 95
551 2 4 50 99
552 2 2 200 94
553 8 16 200 75
554 2 2 200 55
555 16 4 150 66
556 2 4 150 63
557 8 64 100 54
558 16 2 200 86
559 8 2 150 94
560 16 16 100 76
561 8 16 50 80
562 8 2 150 60
563 8 2 150 83
564 8 2 50 54
565 16 4 200 84
566 2 16 150 61
567 8 64 100 98
568 8 2 50 67
569 8 64 150 91
570 2 16 100 57
571 2 2 50 91
572 16 16 50 50
573 8 64 200 100
574 8 16 150 58
575 16 2 200 98
576 2 4 100 94
577 16 64 150 90
578 8 2 200 72
579 2 64 50 84
580 16 4 150 94
581 2 4 50 91
582 2 64 100 81
583 2 64 50 81
584 8 16 200 54
585 2 4 150 55
586 8 4 50 54
587 8 4 200 56
588 8 4 50 89
589 16 4 100 79
590 2 16 200 89
591 2 2 150 50
592 2 16 100 65
593 8 16 150 64
594 8 4 100 60
595 8 64 200 97
596 8 64 100 52
597 2 64 150 51
598 16 2 100 65
599 16 2 50 53
600 8 2 100 99
601 16 2 150 78
602 2 2 200 61
603 16 4 150 53
604 2 64 100 97
605 16 2 50 81
606 8 16 150 84
607 16 64 50 54
608 2 16 50 74
609 16 4 150 79
610 2 4 200 62
611 16 4 150 59
612 8 2 100 58
613 16 64 150 98
614 8 16 150 53
615 16 2 50 72
616 16 16 150 51
617 8 64 50 98
618 2 64 100 63
619 16 4 50 97
620 16 16 150 88
621 8 4 200 62
622 2 16 50 55
623 2 64 200 86
624 8 2 150 83
625 8 2 100 78
626 8 16 200 59
627 16 16 100 93
628 16 64 150 50
629 2 2 150 70
630 16 16 150 68
631 8 64 150 81
632 16 4 100 77
633 16 16 50 52
634 8 4 200 99
635 2 4 150 74
636 8 64 50 68
637 8 2 150 91
638 8 16 100 62
639 2 64 50 52
640 8 16 50 99
641 16 64 200 84
642 8 4 200 50
643 8 64 200 76
644 16 64 100 69
645 16 4 150 63
646 8 64 50 83
647 2 64 100 68
648 2 64 50 61
649 2 64 100 57
650 16 16 200 58
651 8 4 100 92
652 2 16 50 79
653 16 64 50 66
654 16 16 200 83
655 2 16 150 61
656 16 2 150 77
657 8 64 200 99
658 16 2 200 68
659 8 2 50 67
660 8 4 150 83
661 2 64 150 79
662 16 64 50 57
663 8 4 200 56
664 16 64 200 66
665 8 4 150 85
666 8 4 200 61
667 2 16 50 70
668 2 4 150 91
669 2 2 150 99
670 2 4 50 52
671 8 16 100 90
672 16 2 100 93
673 16 4 200 55
674 2 64 100 69
675 8 2 150 78
676 16 4 150 85
677 8 16 100 99
678 2 16 50 64
679 16 16 200 69
680 8 2 200 60
681 8 2 200 55
682 16 4 150 51
683 8 16 50 96
684 16 4 150 89
685 8 4 50 62
686 2 64 150 50
687 2 16 200 60
688 2 64 100 66
689 8 16 50 96
690 2 64 200 99
691 16 64 200 95
692 8 2 50 98
693 8 4 200 84
694 16 16 50 77
695 8 64 150 70
696 2 4 150 69
697 16 4 100 69
698 2 2 100 99
699 2 16 150 87
700 16 16 50 81
701 16 2 50 87
702 8 64 200 73
703 2 2 150 52
704 2 2 200 58
705 8 16 150 72
706 16 64 150 70
707 16 4 50 60
708 2 2 50 63
709 16 64 100 97
710 16 64 200 63
711 16 64 100 73
712 8 2 100 70
713 16 4 200 61
714 16 64 150 57
715 2 64 50 71
716 16 16 100 90
717 2 64 100 87
718 8 16 150 67
719 2 64 200 59
720 8 64 200 50
721 16 64 150 98
722 2 4 100 79
723 16 2 50 59
724 8 16 150 96
725 8 4 100 54
726 2 16 50 66
727 2 2 150 61
728 2 16 200 78
729 16 4 50 96
730 16 16 200 81
731 2 64 150 57
732 8 2 150 91
733 2 16 200 52
734 16 64 150 76
735 16 2 100 65
736 16 2 150 80
737 16 64 100 64
738 8 16 100 53
739 2 4 50 79
740 16 16 100 97
741 8 64 150 87
742 8 16 100 53
743 8 4 50 89
744 8 4 50 89
745 16 2 200 93
746 2 16 150 88
747 8 64 150 96
748 16 4 50 77
749 16 16 100 68
750 16 64 200 68
751 2 2 200 92
752 16 16 100 83
753 8 64 150 78
754 8 2 200 62
755 16 16 50 83
756 2 2 100 97
757 16 4 150 82
758 2 4 50 53
759 2 2 200 69
760 16 16 50 67
761 8 4 50 65
762 16 4 200 73
763 8 16 50 59
764 16 2 100 85
765 8 16 50 60
766 2 2 150 68
767 8 2 100 80
768 16 4 50 70
769 2 16 50 60
770 16 4 150 93
771 8 4 200 63
248
0 412 40 115
2 127 65 110
2 670 56 181
3 295 64 189
3 40 64 145
3 768 51 168
6 176 52 182
7 385 69 164
9 181 49 146
11 315 68 136
13 302 62 124
14 291 49 161
15 370 70 135
16 755 63 148
18 621 42 187
19 511 44 169
20 371 48 165
20 339 68 119
20 371 41 109
26 573 43 109
26 187 59 105
28 52 46 122
28 331 41 181
31 186 51 114
31 191 40 188
31 625 68 163
34 218 57 197
35 302 59 195
36 517 68 153
38 610 69 114
38 76 46 157
40 134 47 152
45 89 42 179
45 505 58 186
46 536 44 199
47 758 41 133
48 412 55 196
49 292 40 185
49 134 68 184
49 225 67 191
53 247 50 101
53 140 52 173
54 541 57 110
54 110 58 197
56 682 64 90
58 262 57 188
59 586 55 159
60 580 58 103
64 238 49 99
64 484 40 160
69 445 62 105
70 396 60 101
72 301 44 187
74 756 60 145
76 547 68 190
78 445 41 123
79 216 40 118
82 142 62 163
82 473 53 194
84 414 69 92
85 691 57 130
85 747 52 90
86 524 68 95
88 195 55 121
88 523 68 176
90 176 52 149
90 529 66 124
93 176 49 144
93 652 48 174
94 311 46 95
96 115 60 181
97 167 45 194
98 535 60 178
98 114 54 123
107 116 65 125
110 309 57 114
113 174 46 100
115 606 66 123
116 361 52 194
120 713 70 104
120 716 60 124
121 320 41 148
123 309 41 138
126 372 65 102
127 296 54 176
134 676 56 178
134 195 41 115
135 512 52 98
136 499 59 175
138 479 47 97
139 226 62 199
139 589 66 102
140 602 57 184
141 757 49 108
142 691 44 184
143 159 61 119
150 422 63 188
150 545 65 145
152 665 68 139
154 594 67 158
154 751 47 187
157 765 50 177
158 578 40 198
162 482 48 183
163 393 47 111
165 612 40 186
169 772 62 156
169 588 52 137
171 744 65 196
172 417 67 156
174 350 49 102
175 712 55 191
176 772 61 111
176 406 65 109
177 187 45 111
179 289 70 125
183 603 61 188
183 395 55 184
186 341 70 181
191 316 66 169
195 322 51 104
196 256 54 97
198 763 52 161
198 499 60 191
206 310 54 149
216 708 43 169
218 427 45 149
218 379 68 191
219 376 50 154
220 323 58 198
221 332 53 135
222 470 67 182
225 566 69 184
226 290 61 182
226 729 69 96
228 499 57 158
228 300 60 163
234 375 70 98
235 567 43 141
239 457 48 171
239 275 55 181
242 481 62 159
243 738 58 110
244 770 49 196
250 568 44 96
251 524 49 120
256 686 44 159
260 503 67 160
260 695 62 168
262 499 46 105
269 564 65 132
271 507 61 161
272 639 68 110
272 660 65 191
274 321 53 136
277 470 50 122
279 644 49 198
282 544 46 105
286 423 50 97
287 767 60 106
291 619 48 146
297 521 51 110
298 514 62 154
303 355 45 193
305 742 69 178
305 347 53 158
307 617 70 169
308 358 48 187
308 490 52 124
309 426 48 114
310 442 67 142
311 509 70 95
316 650 41 172
321 345 40 145
321 487 63 135
323 675 44 154
326 351 40 182
331 663 51 119
339 549 41 188
340 596 41 169
341 469 65 101
345 723 64 93
345 669 55 183
348 521 47 120
349 731 46 91
350 524 51 99
350 561 46 98
354 397 61 195
359 409 67 115
360 714 48 152
363 572 68 134
373 620 51 170
373 431 62 103
376 441 40 130
377 744 52 194
379 473 48 107
380 443 68 103
387 709 53 127
387 655 56 144
398 713 51 189
399 468 40 110
399 733 62 169
399 662 64 190
400 612 68 137
408 647 56 163
414 548 52 114
416 621 52 136
423 760 52 190
444 608 56 179
444 763 46 193
452 705 66 196
454 511 65 146
455 696 50 100
466 617 61 198
467 474 49 193
472 557 57 145
480 504 51 196
489 614 49 91
496 603 61 130
498 749 69 164
504 696 66 112
507 738 58 164
509 616 64 184
512 762 52 130
514 696 40 196
539 766 46 154
540 668 61 185
541 648 67 109
549 769 61 177
555 729 59 121
570 660 56 146
575 760 55 116
575 627 65 131
577 719 64 103
579 629 47 174
580 720 56 157
592 717 51 199
592 641 46 104
599 706 57 194
616 622 52 90
619 677 53 120
631 675 41 168
632 658 65 140
640 651 60 168
681 732 48 109
684 737 55 106
694 718 58 107
708 741 60 112