754
0 16 64 2000 129
1 32 64 800 175
2 32 64 2000 192
3 32 40 400 134
4 16 64 400 154
5 16 64 1000 100
6 32 64 2000 188
7 16 40 5000 128
8 32 64 1000 195
9 16 64 1000 171
10 16 64 400 131
11 32 96 5000 105
12 32 96 800 99
13 16 64 800 189
14 32 40 800 169
15 32 64 5000 144
16 16 64 1000 116
17 16 96 1000 187
18 16 40 400 171
19 32 96 400 172
20 32 96 1000 180
21 16 64 5000 193
22 32 96 400 100
23 32 96 2000 191
24 32 96 1000 193
25 16 40 1000 197
26 32 40 400 140
27 16 40 2000 158
28 16 96 1000 114
29 32 96 400 181
30 32 40 1000 161
31 32 96 2000 188
32 32 40 5000 165
33 16 64 400 90
34 32 40 2000 145
35 16 96 1000 111
36 32 40 2000 134
37 32 40 400 171
38 32 96 2000 136
39 16 40 800 151
40 16 64 2000 195
41 16 96 2000 113
42 16 40 800 138
43 32 40 2000 111
44 16 64 1000 124
45 16 40 800 196
46 32 64 400 171
47 16 40 1000 175
48 16 96 5000 150
49 32 96 400 157
50 32 64 5000 196
51 32 64 400 171
52 32 40 800 170
53 32 40 800 102
54 16 96 800 124
55 16 96 800 101
56 16 96 1000 111
57 16 96 400 122
58 16 96 400 171
59 32 40 800 118
60 16 96 5000 143
61 16 40 400 113
62 16 64 1000 139
63 32 64 400 194
64 32 40 800 190
65 32 64 5000 150
66 16 96 2000 159
67 32 40 400 94
68 16 96 2000 108
69 16 40 2000 200
70 32 40 800 171
71 16 96 2000 151
72 16 64 2000 138
73 16 96 5000 115
74 16 96 2000 190
75 16 96 800 92
76 32 96 5000 124
77 32 64 400 153
78 32 96 800 113
79 32 40 2000 155
80 16 96 800 175
81 32 96 1000 177
82 16 96 5000 173
83 32 64 5000 197
84 16 64 800 134
85 32 64 800 144
86 16 96 5000 124
87 16 64 800 166
88 16 96 1000 91
89 32 96 2000 145
90 16 64 400 195
91 32 96 400 116
92 16 64 1000 109
93 16 64 400 130
94 32 96 1000 109
95 32 40 800 182
96 16 64 2000 111
97 32 64 2000 140
98 16 96 800 168
99 16 40 5000 177
100 16 96 2000 108
101 16 64 2000 133
102 16 96 1000 129
103 32 96 400 196
104 32 96 2000 105
105 16 64 400 125
106 32 96 2000 124
107 32 96 800 159
108 16 96 800 131
109 16 40 800 179
110 16 40 400 145
111 32 40 2000 200
112 16 40 800 172
113 32 64 2000 100
114 32 64 1000 110
115 16 64 5000 128
116 16 64 400 160
117 16 40 400 97
118 32 40 400 160
119 16 96 2000 110
120 32 96 800 134
121 32 64 800 167
122 32 40 5000 200
123 32 96 1000 174
124 16 64 400 109
125 32 96 800 170
126 16 64 400 147
127 32 96 800 149
128 16 40 2000 185
129 32 40 400 102
130 32 96 400 112
131 32 40 800 127
132 16 40 1000 116
133 16 96 1000 183
134 16 64 400 155
135 32 96 2000 154
136 32 64 800 143
137 16 40 2000 179
138 16 64 1000 152
139 32 40 2000 121
140 32 40 1000 165
141 16 96 2000 185
142 32 96 1000 90
143 32 64 5000 123
144 16 96 2000 90
145 32 64 1000 99
146 32 64 1000 114
147 32 64 1000 121
148 32 40 2000 187
149 16 96 5000 131
150 32 96 2000 99
151 32 64 1000 124
152 16 40 800 106
153 16 40 2000 141
154 32 40 400 162
155 32 40 5000 104
156 16 64 1000 171
157 32 64 800 160
158 16 96 1000 199
159 32 96 400 100
160 32 40 400 164
161 16 64 5000 188
162 32 40 400 142
163 32 40 1000 97
164 32 96 400 124
165 16 64 5000 141
166 32 40 800 143
167 16 64 2000 92
168 16 96 800 167
169 16 40 2000 162
170 16 64 800 170
171 16 96 400 139
172 32 40 2000 163
173 32 64 5000 197
174 32 40 1000 190
175 16 40 5000 144
176 32 96 800 188
177 16 40 400 157
178 16 96 2000 165
179 32 40 5000 101
180 16 96 400 159
181 16 96 2000 106
182 32 64 5000 112
183 32 64 800 92
184 16 64 800 185
185 16 64 800 200
186 32 96 2000 139
187 16 96 5000 153
188 16 40 5000 199
189 32 40 1000 198
190 32 40 400 153
191 32 40 1000 90
192 32 40 800 131
193 16 64 2000 139
194 16 96 5000 108
195 16 40 5000 147
196 16 64 400 131
197 32 40 400 163
198 16 96 2000 200
199 16 96 800 135
200 16 64 5000 157
201 16 64 400 145
202 32 96 800 104
203 32 40 800 111
204 32 96 2000 135
205 32 96 2000 162
206 32 40 800 117
207 16 40 400 94
208 16 64 400 116
209 32 96 5000 142
210 16 64 1000 198
211 16 96 400 123
212 32 40 400 184
213 16 64 5000 134
214 32 96 400 123
215 16 40 800 125
216 32 64 400 194
217 32 64 1000 161
218 16 64 1000 119
219 32 64 400 188
220 32 64 800 182
221 16 64 800 186
222 32 96 1000 193
223 32 64 2000 156
224 16 64 2000 95
225 16 40 800 196
226 16 96 5000 107
227 16 40 1000 161
228 32 96 1000 193
229 32 64 2000 141
230 32 64 800 92
231 16 64 1000 105
232 32 64 2000 121
233 32 40 1000 96
234 32 64 5000 185
235 16 40 2000 199
236 16 96 1000 173
237 16 64 800 94
238 16 64 2000 167
239 32 96 2000 109
240 32 40 400 111
241 16 96 800 177
242 32 64 5000 170
243 32 64 400 183
244 32 40 400 165
245 16 96 2000 98
246 16 64 1000 146
247 16 40 1000 154
248 32 96 1000 109
249 32 96 800 155
250 16 64 2000 184
251 16 40 400 154
252 32 40 5000 154
253 16 96 1000 148
254 32 64 1000 115
255 16 40 5000 129
256 16 96 400 111
257 32 96 2000 157
258 16 96 400 199
259 32 96 5000 175
260 16 64 2000 94
261 32 40 800 159
262 16 40 400 170
263 16 40 2000 166
264 32 40 2000 154
265 16 96 800 122
266 32 96 400 104
267 32 96 1000 140
268 32 64 1000 107
269 16 96 400 157
270 16 64 800 200
271 32 64 400 97
272 32 64 5000 173
273 32 64 800 113
274 32 96 800 143
275 16 40 5000 159
276 16 40 800 188
277 16 96 5000 91
278 16 96 1000 160
279 32 64 800 162
280 32 64 1000 100
281 32 64 1000 179
282 32 40 5000 127
283 16 40 5000 190
284 32 64 2000 107
285 16 64 1000 97
286 16 64 5000 97
287 32 96 5000 131
288 16 64 5000 126
289 32 64 400 126
290 16 64 2000 179
291 16 40 5000 117
292 16 40 800 145
293 16 64 5000 192
294 32 64 400 174
295 32 40 800 123
296 32 64 2000 175
297 16 96 400 181
298 32 64 5000 144
299 16 64 800 97
300 32 40 400 179
301 16 64 1000 157
302 16 96 400 122
303 16 40 400 182
304 16 40 400 98
305 16 64 2000 175
306 32 40 5000 103
307 16 64 5000 98
308 16 64 5000 189
309 16 40 5000 136
310 16 40 400 168
311 32 96 400 190
312 16 40 5000 110
313 32 64 800 99
314 16 96 2000 177
315 16 40 5000 176
316 16 96 800 183
317 32 96 800 176
318 16 40 5000 163
319 32 96 2000 125
320 16 40 800 127
321 16 40 400 148
322 16 96 400 100
323 32 96 400 158
324 32 40 2000 115
325 16 96 5000 173
326 16 64 1000 150
327 16 64 800 115
328 16 40 5000 127
329 32 64 5000 90
330 32 96 400 152
331 32 40 400 188
332 32 96 800 153
333 16 64 5000 115
334 32 64 5000 105
335 16 64 400 192
336 16 40 800 193
337 16 40 800 196
338 16 64 1000 163
339 16 64 800 187
340 32 96 1000 155
341 32 64 5000 186
342 16 96 400 93
343 16 64 2000 181
344 32 64 2000 122
345 32 64 2000 116
346 32 40 5000 127
347 16 40 800 113
348 16 64 800 94
349 32 64 1000 138
350 32 64 400 131
351 16 64 1000 104
352 16 96 400 198
353 16 96 800 96
354 16 40 800 143
355 32 96 400 182
356 32 40 2000 160
357 32 40 800 195
358 32 64 800 95
359 32 40 2000 122
360 32 64 1000 185
361 16 96 800 179
362 16 96 2000 103
363 32 96 5000 95
364 16 40 1000 93
365 32 40 400 120
366 32 40 400 134
367 32 64 1000 133
368 32 96 2000 150
369 16 96 400 174
370 16 96 1000 197
371 16 40 800 100
372 16 96 800 125
373 16 96 800 183
374 16 40 1000 130
375 32 64 1000 180
376 32 64 2000 173
377 32 96 400 184
378 16 64 1000 141
379 32 40 1000 192
380 32 64 400 191
381 16 96 400 153
382 16 64 5000 184
383 16 40 2000 112
384 16 40 800 188
385 16 40 2000 92
386 32 64 5000 200
387 32 40 800 161
388 32 96 2000 164
389 16 40 2000 184
390 16 40 2000 104
391 16 40 400 127
392 32 64 2000 154
393 32 96 800 93
394 16 64 800 152
395 16 40 2000 151
396 16 64 2000 174
397 16 40 2000 199
398 16 40 800 136
399 32 40 400 92
400 32 64 400 160
401 16 40 5000 165
402 32 64 2000 170
403 16 96 1000 167
404 16 64 400 174
405 32 96 2000 149
406 16 40 800 144
407 16 96 1000 111
408 16 96 5000 180
409 16 96 800 111
410 32 96 1000 142
411 32 64 400 129
412 32 64 2000 118
413 16 64 800 123
414 16 64 400 193
415 32 96 2000 101
416 32 96 2000 123
417 32 40 2000 155
418 32 96 1000 148
419 32 64 400 136
420 16 96 400 91
421 32 96 800 110
422 16 40 400 166
423 16 40 800 161
424 32 40 800 150
425 16 64 400 118
426 32 64 5000 106
427 32 40 400 191
428 16 40 5000 168
429 32 96 5000 127
430 16 64 5000 165
431 32 64 2000 142
432 32 96 800 151
433 16 64 1000 116
434 32 64 400 167
435 16 40 5000 99
436 32 96 1000 119
437 16 64 800 121
438 16 40 2000 104
439 16 40 800 103
440 16 96 800 103
441 32 40 5000 172
442 16 64 800 100
443 32 40 5000 195
444 16 64 2000 199
445 16 64 400 172
446 16 96 800 140
447 32 64 5000 167
448 32 40 2000 199
449 16 64 2000 141
450 32 96 400 127
451 32 96 400 182
452 32 40 5000 148
453 32 96 800 171
454 32 64 5000 99
455 32 96 2000 99
456 16 96 5000 139
457 16 40 5000 152
458 32 40 5000 131
459 32 64 5000 130
460 32 40 1000 97
461 16 96 400 104
462 32 96 400 179
463 16 40 400 163
464 32 40 2000 102
465 32 64 800 174
466 16 40 5000 177
467 16 96 800 105
468 32 64 1000 116
469 32 96 800 127
470 32 40 800 108
471 32 96 5000 152
472 16 64 5000 145
473 32 96 400 154
474 32 96 1000 198
475 32 40 400 108
476 32 64 400 148
477 16 96 400 149
478 16 96 800 110
479 32 64 1000 162
480 32 96 1000 189
481 16 40 2000 126
482 16 40 5000 103
483 16 40 400 98
484 32 40 5000 173
485 16 40 800 124
486 16 96 400 192
487 16 96 1000 183
488 32 96 1000 199
489 32 40 800 104
490 16 40 800 171
491 32 96 5000 90
492 16 96 2000 149
493 32 40 800 112
494 16 64 400 198
495 32 96 800 186
496 32 40 2000 170
497 16 96 400 137
498 32 40 400 150
499 16 40 1000 135
500 32 40 2000 158
501 16 96 800 164
502 16 96 800 197
503 32 64 800 150
504 16 64 5000 116
505 32 96 800 133
506 16 40 400 146
507 16 40 400 159
508 32 64 800 180
509 32 40 5000 113
510 32 64 800 186
511 32 64 2000 198
512 16 40 5000 114
513 16 96 800 105
514 16 40 2000 159
515 16 96 400 198
516 16 40 800 103
517 16 64 1000 95
518 16 96 1000 156
519 32 40 5000 101
520 16 96 5000 140
521 32 64 400 170
522 16 96 2000 178
523 16 40 400 144
524 16 96 400 188
525 16 40 400 138
526 16 96 400 173
527 32 64 5000 160
528 16 64 800 147
529 16 64 800 187
530 16 96 2000 159
531 32 64 5000 167
532 16 64 800 128
533 16 40 800 174
534 32 96 800 165
535 32 40 400 184
536 32 64 800 99
537 32 64 800 133
538 32 96 800 121
539 16 64 400 143
540 32 96 800 140
541 32 64 800 195
542 16 64 5000 129
543 32 40 400 145
544 16 40 800 139
545 32 96 2000 183
546 32 40 800 134
547 32 96 800 159
548 16 40 2000 112
549 32 40 1000 102
550 32 96 5000 110
551 32 64 800 125
552 32 96 800 95
553 32 96 2000 139
554 32 96 800 169
555 16 96 1000 200
556 32 96 1000 93
557 16 40 1000 185
558 16 64 5000 153
559 16 64 1000 190
560 32 96 1000 132
561 16 96 800 157
562 32 96 1000 163
563 32 96 1000 193
564 16 40 1000 195
565 16 96 1000 143
566 32 96 5000 199
567 32 96 2000 159
568 16 64 5000 142
569 16 40 1000 152
570 16 64 5000 115
571 32 40 5000 192
572 32 40 400 165
573 16 64 2000 118
574 32 64 5000 128
575 32 40 400 186
576 16 96 400 125
577 16 96 2000 109
578 32 40 800 195
579 32 40 2000 116
580 32 40 400 142
581 32 64 5000 183
582 32 40 2000 126
583 32 40 400 176
584 32 64 800 134
585 32 96 1000 145
586 16 64 5000 156
587 16 40 5000 117
588 32 96 800 146
589 32 40 1000 174
590 32 96 2000 131
591 32 64 2000 176
592 32 40 400 118
593 32 96 2000 162
594 16 40 400 172
595 32 96 1000 176
596 16 96 800 187
597 16 40 5000 167
598 32 40 400 179
599 32 40 1000 188
600 16 40 400 119
601 16 40 400 143
602 16 64 400 166
603 32 40 400 105
604 16 64 400 192
605 16 64 5000 106
606 16 96 400 161
607 32 96 5000 176
608 32 64 2000 199
609 16 40 2000 190
610 16 64 5000 176
611 16 40 2000 120
612 32 40 5000 156
613 16 96 400 158
614 16 40 1000 148
615 32 96 5000 136
616 32 96 1000 107
617 32 96 800 132
618 16 40 5000 130
619 16 64 1000 185
620 16 96 800 144
621 16 40 5000 125
622 16 96 5000 104
623 16 64 1000 168
624 16 40 400 144
625 32 96 5000 200
626 32 40 2000 144
627 32 64 1000 103
628 32 96 1000 97
629 32 96 400 97
630 16 64 400 97
631 16 96 1000 124
632 32 40 800 117
633 16 96 1000 182
634 32 96 400 154
635 16 64 1000 105
636 16 96 5000 123
637 32 64 400 165
638 32 96 1000 122
639 16 96 800 129
640 32 40 2000 123
641 32 40 400 195
642 32 64 1000 94
643 32 96 1000 118
644 16 40 1000 102
645 32 40 1000 121
646 16 40 2000 182
647 32 40 5000 99
648 16 40 800 94
649 16 96 400 199
650 16 96 1000 95
651 32 40 5000 113
652 32 64 800 105
653 16 64 1000 176
654 16 64 2000 197
655 32 64 1000 134
656 32 40 400 142
657 16 96 800 147
658 16 64 1000 168
659 16 96 400 146
660 16 96 5000 159
661 16 40 1000 129
662 16 40 400 165
663 32 64 1000 164
664 16 64 1000 133
665 16 64 1000 110
666 32 64 5000 139
667 32 96 5000 103
668 32 96 400 179
669 16 96 5000 149
670 16 40 400 155
671 32 96 1000 142
672 32 64 5000 141
673 32 40 400 132
674 32 96 2000 161
675 32 96 400 119
676 32 96 1000 186
677 32 64 5000 190
678 32 64 800 95
679 16 40 400 142
680 32 64 2000 132
681 32 64 400 192
682 16 40 1000 127
683 32 96 1000 113
684 16 96 400 117
685 32 40 5000 97
686 32 40 5000 144
687 16 40 5000 109
688 32 96 800 124
689 32 40 2000 170
690 16 96 1000 151
691 16 40 2000 159
692 32 96 5000 165
693 16 40 400 198
694 16 64 800 199
695 16 40 5000 169
696 16 96 1000 121
697 32 96 800 177
698 16 40 5000 127
699 16 64 2000 174
700 32 96 400 121
701 16 64 400 186
702 32 40 5000 96
703 32 64 800 191
704 16 64 2000 125
705 32 96 800 97
706 16 96 5000 198
707 16 96 1000 135
708 16 40 2000 170
709 32 40 5000 163
710 16 40 2000 130
711 16 40 800 187
712 32 64 400 127
713 16 96 800 199
714 32 40 800 175
715 16 40 1000 189
716 32 40 800 167
717 16 40 2000 141
718 32 40 800 137
719 16 96 400 175
720 16 96 800 163
721 16 64 2000 172
722 32 64 1000 98
723 32 64 400 165
724 16 96 800 176
725 16 40 5000 122
726 32 96 400 125
727 32 96 2000 108
728 32 96 400 98
729 32 40 1000 125
730 16 64 800 106
731 16 64 5000 103
732 16 96 800 192
733 32 96 400 148
734 32 96 2000 186
735 32 64 5000 191
736 32 40 1000 116
737 16 96 800 101
738 32 96 1000 183
739 32 64 400 163
740 16 96 5000 115
741 32 64 400 108
742 32 96 2000 159
743 32 96 400 158
744 32 40 400 96
745 32 96 800 150
746 32 64 2000 164
747 16 96 800 91
748 32 40 400 147
749 32 40 800 200
750 16 40 5000 180
751 16 64 1000 198
752 32 96 1000 145
753 32 96 400 197
24
0 567 52 158
12 532 52 192
17 205 64 119
30 276 43 121
58 560 65 141
61 533 50 148
66 391 48 134
68 175 66 164
69 603 44 162
71 446 54 114
94 558 58 118
123 682 47 98
136 712 58 124
138 157 43 167
245 397 46 160
263 404 54 139
275 535 64 162
296 633 52 159
323 699 61 120
333 566 70 174
397 525 40 97
461 568 65 102
479 690 40 199
507 727 70 192