377
0 32 96 2000 135
1 16 40 400 133
2 32 40 2000 130
3 16 40 800 180
4 32 96 5000 121
5 16 96 2000 186
6 32 64 1000 181
7 32 96 2000 193
8 32 96 1000 157
9 32 40 400 125
10 16 64 800 184
11 32 64 800 122
12 32 96 2000 97
13 32 40 2000 184
14 16 96 2000 103
15 32 64 1000 115
16 32 96 1000 197
17 32 40 5000 92
18 32 64 1000 97
19 16 64 2000 192
20 16 64 800 189
21 32 40 800 159
22 16 64 800 190
23 16 64 400 179
24 16 40 400 98
25 32 64 800 198
26 32 40 5000 99
27 16 40 5000 199
28 32 96 2000 155
29 32 40 1000 98
30 16 96 5000 196
31 32 40 2000 144
32 16 64 1000 164
33 16 64 5000 95
34 16 40 1000 156
35 32 64 5000 194
36 16 96 800 111
37 16 40 400 95
38 16 64 800 107
39 32 40 2000 170
40 16 40 2000 193
41 32 64 2000 123
42 16 64 5000 112
43 32 40 800 93
44 32 64 5000 120
45 16 96 1000 140
46 16 64 400 200
47 16 96 1000 181
48 32 96 800 163
49 16 40 2000 188
50 32 64 400 198
51 32 40 2000 185
52 16 96 1000 162
53 16 40 2000 163
54 16 96 2000 197
55 32 40 400 154
56 16 40 400 127
57 16 96 2000 108
58 32 40 1000 199
59 16 64 800 106
60 32 40 5000 93
61 16 40 2000 111
62 32 64 400 197
63 16 40 1000 189
64 16 96 800 149
65 16 96 5000 199
66 16 40 400 158
67 16 64 2000 100
68 32 96 5000 126
69 16 40 400 140
70 32 64 800 183
71 16 64 800 155
72 32 96 2000 182
73 16 64 2000 148
74 16 96 800 119
75 16 64 1000 180
76 16 96 800 102
77 16 40 800 200
78 16 40 400 165
79 32 64 400 102
80 16 40 400 132
81 32 96 800 187
82 16 40 1000 174
83 16 40 400 164
84 32 64 1000 194
85 16 64 800 184
86 32 64 5000 103
87 32 96 800 160
88 16 64 400 194
89 32 64 5000 192
90 16 96 800 137
91 32 40 400 158
92 16 40 1000 158
93 32 64 400 183
94 32 64 5000 185
95 16 64 400 182
96 32 96 2000 178
97 32 64 2000 127
98 16 64 1000 95
99 16 64 400 155
100 16 96 5000 158
101 32 96 2000 103
102 32 40 1000 138
103 32 96 800 115
104 32 40 800 137
105 32 40 1000 125
106 16 96 1000 185
107 32 64 1000 182
108 32 64 2000 96
109 16 96 1000 101
110 16 40 2000 123
111 16 96 5000 182
112 32 40 800 179
113 16 96 5000 102
114 32 64 2000 147
115 32 96 800 138
116 16 40 800 125
117 16 96 1000 104
118 32 96 2000 152
119 16 96 5000 181
120 32 40 800 148
121 32 96 1000 160
122 16 40 5000 105
123 32 96 800 138
124 32 40 1000 92
125 32 64 800 191
126 32 96 400 122
127 16 96 2000 196
128 32 96 400 106
129 32 64 400 177
130 16 64 400 125
131 16 96 2000 119
132 32 96 1000 114
133 32 64 400 189
134 16 40 1000 104
135 32 40 2000 142
136 32 40 400 122
137 16 96 800 113
138 16 64 2000 155
139 32 40 400 114
140 16 40 2000 128
141 16 64 1000 127
142 16 40 400 123
143 32 96 400 121
144 32 64 5000 176
145 16 96 400 106
146 32 96 800 128
147 32 96 400 130
148 16 64 1000 174
149 32 64 2000 134
150 32 64 800 101
151 32 64 5000 148
152 32 40 5000 101
153 16 64 400 134
154 16 64 2000 172
155 32 64 2000 106
156 32 64 5000 148
157 32 96 2000 158
158 32 96 5000 152
159 32 40 5000 149
160 32 64 2000 149
161 32 64 5000 102
162 32 40 2000 101
163 32 40 1000 155
164 32 96 2000 194
165 32 40 400 91
166 16 40 5000 188
167 16 96 5000 189
168 32 64 400 194
169 16 96 1000 112
170 16 40 800 151
171 16 96 400 90
172 16 64 800 134
173 16 96 1000 110
174 32 96 2000 127
175 16 40 2000 109
176 32 96 1000 121
177 16 96 5000 176
178 16 96 5000 129
179 32 96 1000 158
180 16 40 800 185
181 16 40 400 114
182 32 40 1000 162
183 32 64 5000 146
184 32 64 1000 101
185 16 40 5000 141
186 32 96 400 173
187 16 96 2000 101
188 32 96 2000 163
189 32 64 5000 94
190 32 96 400 180
191 16 96 5000 160
192 32 64 2000 112
193 16 64 2000 111
194 16 64 400 136
195 32 64 1000 102
196 16 40 5000 150
197 16 64 2000 118
198 16 64 1000 148
199 32 96 5000 139
200 32 96 5000 163
201 16 96 5000 98
202 32 40 1000 99
203 16 96 1000 130
204 32 96 2000 130
205 16 96 2000 119
206 16 40 2000 130
207 16 96 400 191
208 32 96 2000 160
209 32 40 800 159
210 16 64 1000 168
211 16 64 1000 167
212 16 96 800 160
213 16 96 1000 92
214 16 64 5000 165
215 32 96 400 119
216 32 64 800 146
217 32 96 2000 119
218 16 96 1000 122
219 32 40 5000 91
220 32 64 800 166
221 16 64 2000 119
222 16 96 5000 177
223 16 40 2000 100
224 16 64 2000 133
225 16 40 5000 100
226 16 96 800 145
227 16 96 800 115
228 32 40 2000 154
229 32 64 800 154
230 32 64 2000 99
231 16 64 800 116
232 32 64 2000 179
233 32 96 1000 155
234 16 64 800 105
235 32 64 5000 165
236 32 64 2000 188
237 32 96 800 189
238 16 40 400 109
239 32 64 5000 193
240 32 96 1000 111
241 16 64 5000 188
242 16 96 1000 157
243 32 64 400 130
244 32 96 800 133
245 16 40 400 119
246 16 40 2000 110
247 32 96 5000 100
248 16 64 800 133
249 32 96 1000 169
250 16 40 400 188
251 16 96 800 92
252 32 40 2000 181
253 16 64 5000 118
254 16 64 1000 167
255 16 40 5000 91
256 32 40 5000 142
257 16 40 5000 125
258 32 96 1000 191
259 32 64 800 174
260 16 96 5000 173
261 16 96 1000 142
262 16 40 5000 133
263 16 96 1000 105
264 32 64 5000 134
265 16 64 800 156
266 32 64 2000 137
267 32 64 800 102
268 16 40 5000 104
269 16 40 5000 183
270 16 40 800 166
271 32 96 1000 185
272 16 96 2000 98
273 16 64 400 164
274 16 96 1000 199
275 32 40 1000 107
276 16 40 800 165
277 32 96 400 150
278 32 64 400 200
279 16 40 400 118
280 32 40 1000 152
281 32 64 1000 196
282 32 96 1000 100
283 16 64 1000 157
284 16 96 400 144
285 16 40 400 132
286 32 96 5000 108
287 16 40 400 179
288 32 64 800 93
289 16 64 400 187
290 32 96 800 112
291 16 40 2000 159
292 32 64 5000 148
293 32 64 800 154
294 16 96 400 128
295 16 64 400 182
296 32 64 5000 200
297 32 96 2000 113
298 16 64 5000 108
299 32 64 2000 126
300 16 40 400 174
301 16 64 800 163
302 16 96 800 102
303 32 64 400 96
304 16 64 800 166
305 16 40 2000 107
306 16 64 5000 119
307 16 40 1000 134
308 16 96 400 159
309 32 64 2000 147
310 16 64 2000 165
311 32 64 400 95
312 16 64 5000 120
313 32 40 5000 163
314 32 96 2000 96
315 16 96 1000 179
316 16 96 1000 131
317 16 64 1000 125
318 16 64 800 122
319 32 96 5000 107
320 16 96 1000 92
321 16 64 800 153
322 32 96 800 153
323 32 64 2000 123
324 32 96 400 199
325 16 64 400 145
326 32 64 400 178
327 32 40 5000 141
328 32 96 400 130
329 32 96 1000 121
330 16 96 1000 94
331 16 64 400 94
332 32 64 800 129
333 32 96 400 110
334 16 40 800 200
335 32 64 5000 129
336 16 64 800 98
337 32 64 800 198
338 32 40 1000 188
339 32 96 800 161
340 32 64 800 185
341 32 96 400 198
342 16 40 5000 174
343 16 64 2000 137
344 16 64 400 150
345 32 96 5000 148
346 16 40 1000 187
347 16 40 800 125
348 32 96 2000 99
349 16 96 2000 102
350 32 64 400 155
351 16 40 800 164
352 32 40 1000 150
353 16 96 2000 171
354 32 64 400 152
355 32 40 800 180
356 16 64 1000 95
357 16 96 1000 185
358 32 40 400 169
359 16 40 1000 125
360 16 96 1000 183
361 16 64 800 195
362 32 40 2000 163
363 32 96 400 134
364 16 64 400 131
365 32 96 800 115
366 32 96 2000 154
367 32 96 800 133
368 32 64 2000 188
369 32 64 800 125
370 32 96 2000 143
371 32 40 5000 154
372 16 40 400 111
373 16 40 2000 165
374 32 96 400 140
375 16 40 5000 95
376 32 64 400 151
38
14 344 41 162
23 44 64 116
25 185 44 196
27 187 65 98
29 143 63 135
30 135 56 145
41 225 53 119
43 364 54 122
47 144 52 163
49 170 53 136
51 230 61 151
55 205 59 185
61 236 60 114
65 122 70 180
71 310 68 162
81 345 57 195
89 334 51 125
110 333 56 144
114 126 48 90
121 178 49 125
123 134 66 90
123 277 54 115
133 250 45 117
142 219 52 116
145 288 49 120
156 187 55 101
165 189 53 162
190 235 54 179
191 251 40 185
197 340 50 188
198 208 69 183
238 351 52 94
246 316 70 136
269 294 43 174
279 346 59 98
290 342 48 187
302 307 52 129
324 344 54 119