565
0 16 16 100 94
1 2 64 100 99
2 8 4 200 79
3 16 2 150 90
4 8 4 150 62
5 2 64 100 71
6 8 16 150 66
7 8 16 150 86
8 16 64 50 99
9 2 4 150 80
10 8 2 200 96
11 2 16 100 87
12 2 64 200 97
13 2 4 200 73
14 8 4 100 57
15 2 2 100 67
16 16 2 150 67
17 2 2 150 80
18 2 64 100 65
19 2 16 50 59
20 8 4 150 63
21 16 64 100 82
22 8 2 50 99
23 2 4 50 64
24 16 16 50 92
25 8 2 100 95
26 2 2 150 78
27 8 4 200 63
28 2 2 50 77
29 2 4 200 59
30 16 4 100 73
31 8 2 50 86
32 2 2 100 71
33 2 16 100 91
34 2 16 200 58
35 2 16 150 74
36 2 2 100 72
37 16 4 100 80
38 8 2 150 99
39 16 2 200 55
40 8 64 200 65
41 16 4 50 76
42 16 64 50 76
43 8 4 50 100
44 8 64 50 91
45 16 64 100 94
46 16 4 100 78
47 16 2 200 92
48 8 4 50 95
49 8 16 200 79
50 8 2 150 95
51 16 64 100 85
52 16 4 200 56
53 2 4 100 75
54 16 4 150 74
55 2 4 100 77
56 16 16 100 52
57 16 4 150 97
58 2 64 100 58
59 16 64 200 68
60 16 64 50 81
61 16 64 100 64
62 2 2 150 99
63 16 16 100 72
64 8 16 100 79
65 8 64 100 84
66 16 16 100 82
67 8 16 150 79
68 2 64 200 52
69 8 4 200 54
70 8 64 150 86
71 2 2 50 77
72 16 2 100 56
73 2 64 50 66
74 8 16 150 85
75 2 64 100 92
76 16 16 200 73
77 8 16 150 69
78 2 2 200 54
79 16 2 200 82
80 8 16 50 64
81 2 4 200 70
82 8 2 150 50
83 16 16 150 92
84 16 16 100 86
85 8 16 200 86
86 16 2 150 51
87 8 16 150 78
88 8 16 50 51
89 2 2 200 54
90 16 2 200 79
91 8 2 150 69
92 2 16 150 52
93 16 4 200 77
94 2 64 100 76
95 8 2 150 86
96 2 64 200 86
97 2 64 200 97
98 2 64 150 97
99 16 2 200 99
100 16 2 100 76
101 16 4 50 99
102 2 16 100 93
103 8 64 50 68
104 8 2 50 86
105 2 16 100 64
106 16 2 100 77
107 16 64 50 53
108 8 2 100 96
109 16 2 150 95
110 8 16 150 88
111 8 16 200 53
112 2 2 100 99
113 16 64 50 62
114 2 4 100 84
115 16 64 50 89
116 2 16 200 78
117 2 4 100 55
118 2 16 50 52
119 16 2 50 80
120 8 16 200 95
121 8 2 100 83
122 8 2 200 73
123 8 16 200 59
124 2 64 100 67
125 8 16 50 73
126 8 64 150 51
127 8 4 50 98
128 8 2 50 82
129 2 4 50 67
130 16 4 100 83
131 8 16 150 92
132 16 4 150 89
133 2 4 200 72
134 2 4 150 59
135 8 2 150 99
136 16 4 200 84
137 2 64 150 62
138 8 64 150 72
139 8 4 50 94
140 16 2 50 84
141 8 2 50 90
142 2 16 200 81
143 16 4 150 99
144 2 64 150 55
145 16 4 200 56
146 16 2 150 86
147 2 64 150 53
148 2 16 50 65
149 8 64 150 78
150 16 2 200 74
151 8 2 100 50
152 16 2 50 50
153 16 4 150 67
154 2 64 100 94
155 16 64 100 55
156 16 2 150 75
157 16 2 150 86
158 8 64 200 94
159 8 16 150 84
160 8 4 150 57
161 2 16 200 85
162 8 2 200 67
163 16 2 200 79
164 8 4 100 77
165 8 64 200 72
166 16 4 200 64
167 8 4 100 81
168 8 64 150 50
169 8 4 200 60
170 16 64 150 64
171 16 16 200 70
172 16 64 200 93
173 2 64 100 85
174 16 64 100 66
175 8 16 150 93
176 8 2 150 90
177 2 16 200 98
178 8 2 100 79
179 8 16 100 67
180 8 16 50 61
181 16 4 100 94
182 2 64 200 55
183 2 4 50 87
184 2 4 100 72
185 8 2 100 93
186 8 64 50 56
187 16 64 100 54
188 16 16 150 70
189 16 64 200 55
190 8 64 100 93
191 2 2 50 82
192 16 2 100 87
193 8 64 100 86
194 8 2 50 83
195 16 2 200 51
196 16 16 150 82
197 8 16 200 68
198 8 4 50 85
199 2 4 50 95
200 8 2 200 73
201 8 4 200 77
202 16 4 200 59
203 8 2 200 68
204 2 2 100 72
205 2 16 50 61
206 2 2 200 98
207 8 16 100 91
208 16 64 100 60
209 8 16 200 80
210 2 2 100 96
211 8 2 50 96
212 16 4 150 97
213 16 4 50 85
214 8 64 50 90
215 8 64 200 74
216 8 16 100 85
217 16 4 50 62
218 8 64 150 98
219 16 16 200 88
220 8 16 100 95
221 8 2 150 67
222 16 2 100 79
223 8 64 200 96
224 16 4 150 93
225 8 64 200 87
226 2 4 200 61
227 16 64 200 52
228 16 4 200 99
229 16 16 200 66
230 2 4 100 87
231 8 2 150 78
232 2 64 200 67
233 8 64 100 71
234 8 16 100 81
235 2 2 100 52
236 16 4 50 77
237 16 16 200 98
238 8 64 100 72
239 16 2 100 82
240 2 4 50 74
241 16 2 150 94
242 8 4 50 98
243 8 64 150 78
244 16 64 100 62
245 2 2 150 63
246 8 2 50 82
247 2 16 200 73
248 8 16 50 83
249 8 16 50 72
250 2 4 100 98
251 2 4 100 63
252 16 4 200 75
253 16 4 150 68
254 2 64 150 52
255 16 64 200 68
256 2 64 100 71
257 16 4 100 59
258 2 4 200 55
259 2 64 50 97
260 16 64 200 58
261 16 64 100 90
262 16 2 200 55
263 8 2 200 93
264 16 64 150 64
265 16 4 200 58
266 8 4 150 100
267 2 16 150 98
268 16 16 200 52
269 16 16 100 76
270 8 4 200 96
271 8 4 200 87
272 2 16 200 76
273 16 4 100 86
274 8 2 50 83
275 8 2 200 64
276 2 4 50 57
277 2 4 100 59
278 8 4 150 84
279 2 2 100 58
280 16 64 150 61
281 8 4 150 70
282 2 4 100 71
283 16 64 50 81
284 8 4 150 96
285 8 4 100 75
286 2 64 100 74
287 8 4 100 61
288 2 2 150 72
289 8 64 100 98
290 2 64 150 55
291 2 2 50 84
292 8 16 150 60
293 2 2 50 53
294 16 64 150 79
295 8 4 100 84
296 2 64 50 62
297 2 4 100 98
298 2 16 50 59
299 2 64 150 87
300 16 2 200 59
301 2 64 200 59
302 2 16 200 85
303 2 4 150 88
304 2 64 150 58
305 16 4 50 77
306 8 4 50 75
307 16 4 100 73
308 2 2 150 92
309 2 16 100 67
310 2 16 100 69
311 2 64 200 95
312 2 64 150 64
313 16 16 200 50
314 8 4 200 99
315 2 2 50 72
316 16 64 100 60
317 2 16 200 92
318 8 16 200 85
319 2 2 200 73
320 16 4 150 80
321 16 4 50 99
322 8 2 100 66
323 8 64 100 60
324 8 16 150 97
325 16 4 200 58
326 16 2 100 78
327 16 16 200 63
328 8 64 200 52
329 8 2 150 95
330 8 4 150 76
331 8 64 200 73
332 16 16 200 83
333 2 64 100 98
334 2 4 100 84
335 2 16 100 65
336 16 64 100 56
337 16 4 200 71
338 2 2 100 50
339 8 4 150 80
340 16 4 150 67
341 8 16 100 84
342 2 16 50 58
343 8 2 150 52
344 2 4 150 77
345 8 4 200 84
346 8 64 100 62
347 2 64 150 85
348 2 4 150 72
349 16 2 150 92
350 2 64 100 67
351 2 2 100 93
352 16 4 200 91
353 8 16 100 87
354 8 64 150 61
355 16 64 200 83
356 8 2 100 56
357 8 4 100 85
358 16 2 50 100
359 2 16 100 66
360 2 64 200 67
361 16 16 50 84
362 2 64 50 70
363 2 64 200 72
364 2 2 150 91
365 2 2 200 53
366 8 2 50 58
367 8 64 100 67
368 2 64 150 62
369 8 2 150 99
370 2 64 100 94
371 2 16 100 65
372 16 2 200 77
373 16 2 100 64
374 16 16 50 74
375 2 2 150 98
376 16 4 150 53
377 2 64 100 52
378 2 2 200 63
379 16 2 150 88
380 2 16 50 87
381 8 2 100 70
382 16 4 150 59
383 8 16 100 59
384 16 2 200 72
385 2 16 150 66
386 16 2 50 53
387 2 16 200 70
388 8 16 200 88
389 16 16 200 99
390 8 64 100 70
391 2 2 150 72
392 8 16 150 53
393 2 64 50 54
394 16 64 200 70
395 2 2 150 55
396 8 64 200 73
397 2 16 100 56
398 8 4 200 58
399 16 4 200 100
400 16 64 200 86
401 16 4 150 51
402 2 16 100 76
403 16 16 50 89
404 8 4 100 89
405 2 2 50 61
406 2 16 50 87
407 8 64 50 53
408 8 4 200 50
409 8 4 200 90
410 8 2 50 66
411 2 2 50 81
412 16 2 50 61
413 8 4 150 82
414 16 4 100 96
415 2 2 150 66
416 2 16 200 52
417 16 16 150 83
418 8 64 100 57
419 2 4 150 75
420 16 2 100 89
421 16 16 150 90
422 16 2 200 50
423 2 2 200 86
424 2 16 200 83
425 16 2 100 58
426 8 16 200 67
427 2 4 100 58
428 8 16 200 91
429 2 2 150 66
430 2 2 100 70
431 8 16 50 67
432 8 64 150 95
433 8 4 200 53
434 16 2 150 88
435 2 2 100 53
436 2 16 200 64
437 8 4 100 50
438 2 64 200 51
439 2 4 200 89
440 16 2 50 52
441 16 64 50 72
442 16 64 50 98
443 8 64 150 93
444 16 2 50 52
445 8 4 150 55
446 16 4 50 54
447 8 4 200 85
448 16 64 150 74
449 16 4 100 100
450 16 4 100 56
451 2 2 50 89
452 16 2 100 71
453 2 2 50 89
454 16 4 50 98
455 2 4 100 54
456 2 2 150 96
457 8 64 50 82
458 16 64 200 74
459 2 64 150 83
460 8 64 100 62
461 16 64 100 80
462 2 16 200 68
463 16 2 200 63
464 16 4 200 63
465 2 16 100 80
466 8 64 100 79
467 16 2 200 75
468 8 64 100 58
469 8 2 150 74
470 8 2 150 54
471 16 16 150 85
472 16 4 50 76
473 2 64 100 88
474 2 16 50 91
475 16 4 200 78
476 2 4 150 52
477 8 4 100 95
478 2 64 150 52
479 16 2 200 90
480 8 16 150 89
481 8 4 100 75
482 8 4 100 62
483 2 64 150 96
484 2 64 50 77
485 8 2 200 59
486 2 16 100 77
487 8 64 100 69
488 8 2 200 68
489 8 64 50 73
490 8 16 100 87
491 16 64 50 54
492 16 16 150 81
493 2 2 100 67
494 16 64 100 81
495 2 4 150 55
496 8 4 100 65
497 16 4 50 62
498 16 4 100 67
499 16 4 50 96
500 8 64 50 50
501 16 4 200 78
502 16 2 150 97
503 8 64 100 87
504 16 64 200 57
505 2 16 50 87
506 16 16 150 93
507 8 2 150 82
508 8 64 100 76
509 2 64 200 69
510 16 4 150 99
511 16 64 200 53
512 8 64 150 59
513 2 2 100 84
514 2 2 150 85
515 8 16 50 85
516 8 16 50 98
517 8 16 100 93
518 2 4 100 98
519 8 2 50 51
520 8 2 50 97
521 8 16 150 82
522 16 64 200 71
523 16 64 50 92
524 16 4 200 90
525 16 2 50 100
526 8 16 150 93
527 8 2 150 74
528 2 4 200 78
529 8 64 50 90
530 16 4 150 72
531 8 2 100 68
532 2 64 200 52
533 8 2 150 99
534 2 4 150 52
535 8 64 100 69
536 2 2 150 100
537 2 2 200 88
538 2 16 200 78
539 16 2 200 67
540 2 4 100 59
541 8 4 50 94
542 8 64 200 74
543 16 64 100 58
544 8 2 50 55
545 16 64 50 99
546 8 64 100 87
547 16 64 200 77
548 8 2 150 96
549 16 16 50 92
550 16 4 50 85
551 16 16 100 64
552 16 64 50 91
553 8 16 150 93
554 8 4 50 67
555 2 16 150 56
556 8 64 150 85
557 8 64 100 54
558 8 4 200 79
559 8 4 150 73
560 16 64 200 65
561 8 4 100 66
562 16 16 100 74
563 2 16 50 57
564 8 2 150 61
159
1 199 68 100
2 357 69 138
8 243 45 110
12 512 45 160
13 561 63 127
16 516 46 191
17 558 52 161
17 525 54 179
17 89 68 94
18 97 62 154
23 231 70 96
29 358 66 186
37 533 40 111
39 268 43 152
39 510 53 184
41 155 64 123
43 224 56 155
46 207 50 137
48 123 52 142
49 402 63 108
54 323 53 108
59 387 65 177
59 290 63 115
61 484 61 158
61 65 67 191
62 466 53 195
63 113 61 145
64 526 62 187
64 360 42 104
68 527 57 189
70 120 46 168
71 278 62 127
72 130 66 153
73 349 53 138
74 138 45 186
76 141 63 94
76 204 51 176
78 274 53 155
79 214 69 193
86 215 48 155
87 484 43 176
90 500 48 109
92 189 49 132
93 199 51 124
95 205 62 123
96 477 40 122
97 190 40 173
99 481 48 93
100 285 62 186
100 371 55 151
102 512 61 119
103 208 63 117
104 445 57 153
107 414 56 158
108 513 62 165
110 274 65 97
114 118 66 164
115 206 60 194
115 528 53 188
116 437 62 114
116 139 69 166
118 205 42 130
121 135 63 157
123 270 65 111
123 335 55 188
124 471 45 99
125 294 58 193
127 171 50 167
129 231 68 142
134 439 64 172
137 182 40 91
139 419 41 158
141 305 60 167
144 400 67 195
145 344 55 146
146 338 47 101
156 381 46 102
157 392 65 125
157 451 61 138
158 379 43 185
158 372 40 100
159 182 42 134
161 420 60 90
169 220 58 97
176 243 48 121
180 447 58 115
181 453 60 98
188 360 60 147
189 405 62 119
191 248 52 159
191 522 56 119
196 480 48 180
200 231 57 136
201 510 53 171
209 288 60 118
215 387 48 169
216 342 56 149
218 247 63 121
218 243 42 123
221 472 50 105
222 401 43 172
225 422 53 180
225 314 62 157
227 301 61 182
227 286 67 95
227 428 53 102
229 295 46 90
239 357 50 101
242 257 44 180
244 487 61 175
245 351 49 147
248 497 50 188
253 499 52 152
253 455 54 137
254 332 41 167
255 370 61 194
257 418 63 112
258 382 61 191
259 334 41 198
260 419 61 99
272 341 62 130
272 438 67 103
284 531 46 139
291 343 43 186
301 410 67 132
305 488 50 188
309 322 44 116
313 474 50 170
316 517 45 127
319 435 54 131
321 549 58 192
324 487 59 118
337 495 50 194
345 482 43 155
349 508 46 180
355 544 58 110
360 561 48 144
365 451 68 190
367 459 53 133
373 416 56 167
373 487 62 127
381 520 63 144
382 487 63 183
382 468 56 157
391 396 53 188
395 532 65 174
411 553 40 141
412 431 65 95
413 483 63 181
416 523 43 159
441 483 52 128
453 470 42 116
455 472 67 171
461 490 46 184
481 519 40 156
482 507 58 134
503 544 52 97
504 565 50 152
537 548 44 156