988
0 32 16 500 32
1 16 8 2000 82
2 4 8 200 78
3 64 128 2000 70
4 64 128 500 91
5 16 64 200 73
6 64 64 1000 100
7 16 64 1000 57
8 4 8 500 55
9 4 128 2000 96
10 32 128 200 84
11 16 8 500 35
12 32 128 200 33
13 4 128 100 78
14 16 64 100 31
15 32 128 500 96
16 4 16 1000 94
17 64 8 500 44
18 64 16 500 37
19 4 16 500 48
20 32 16 1000 77
21 16 128 100 96
22 32 64 1000 32
23 64 128 100 95
24 16 8 1000 77
25 32 16 100 99
26 32 8 100 74
27 32 16 500 77
28 32 128 1000 52
29 16 128 100 95
30 32 16 500 61
31 16 128 100 54
32 4 128 100 92
33 32 64 2000 60
34 16 64 200 44
35 16 128 200 48
36 4 16 200 49
37 16 64 100 56
38 64 64 200 64
39 4 64 200 66
40 64 64 200 33
41 16 64 200 100
42 4 16 1000 67
43 32 128 2000 42
44 4 64 2000 91
45 32 16 2000 87
46 64 128 100 77
47 4 8 100 67
48 64 128 100 67
49 16 128 1000 48
50 4 8 100 71
51 4 16 1000 84
52 32 64 500 97
53 16 64 200 99
54 64 128 500 62
55 16 128 1000 62
56 16 128 1000 82
57 16 16 500 74
58 4 128 1000 89
59 32 8 2000 38
60 64 128 2000 94
61 32 128 1000 60
62 4 8 500 39
63 4 64 1000 50
64 32 16 100 57
65 32 128 200 86
66 4 16 1000 35
67 16 8 2000 84
68 32 16 1000 42
69 4 128 500 75
70 4 8 200 68
71 4 16 2000 37
72 16 128 500 88
73 32 64 1000 62
74 4 128 200 70
75 32 64 2000 66
76 64 16 500 86
77 64 128 1000 31
78 64 8 500 100
79 64 128 500 62
80 64 16 1000 47
81 16 16 2000 65
82 4 8 1000 86
83 64 8 500 34
84 32 128 500 89
85 32 8 2000 99
86 64 64 200 48
87 16 8 1000 31
88 32 128 200 75
89 64 8 500 42
90 32 64 100 44
91 64 128 1000 33
92 64 64 2000 62
93 32 64 1000 34
94 64 128 200 50
95 4 8 1000 84
96 4 64 500 64
97 4 64 1000 86
98 64 128 500 91
99 4 128 500 38
100 16 64 500 70
101 64 64 100 94
102 32 8 200 61
103 16 128 2000 77
104 32 128 100 74
105 32 8 2000 62
106 32 8 2000 57
107 32 128 1000 36
108 32 8 2000 30
109 4 16 200 42
110 4 8 2000 55
111 64 16 1000 74
112 16 16 2000 73
113 4 64 500 90
114 32 128 2000 71
115 64 128 200 68
116 32 128 100 75
117 4 8 500 48
118 16 128 500 95
119 64 8 2000 60
120 64 8 2000 96
121 64 8 100 85
122 64 64 1000 46
123 32 16 500 65
124 64 8 100 91
125 16 8 100 61
126 64 128 200 65
127 64 8 1000 58
128 16 16 500 98
129 16 16 100 55
130 16 64 500 32
131 64 8 500 86
132 4 128 500 41
133 32 64 2000 41
134 16 8 100 80
135 16 8 1000 33
136 32 64 200 72
137 4 128 2000 38
138 16 64 2000 97
139 64 64 500 91
140 4 128 100 38
141 4 64 2000 39
142 32 128 500 41
143 16 128 100 48
144 32 16 1000 98
145 64 64 500 81
146 4 8 2000 44
147 64 128 100 91
148 64 128 2000 68
149 16 128 500 85
150 32 8 500 60
151 32 64 100 92
152 32 64 1000 77
153 32 8 1000 60
154 64 64 1000 59
155 16 16 100 57
156 16 8 100 93
157 4 16 1000 66
158 64 16 100 66
159 32 16 200 45
160 4 64 500 81
161 16 128 500 100
162 64 128 100 85
163 4 8 2000 80
164 4 16 2000 90
165 16 64 100 32
166 16 8 1000 41
167 64 128 100 61
168 4 128 2000 38
169 4 16 100 42
170 64 8 100 94
171 16 128 200 66
172 16 64 100 81
173 64 128 500 34
174 16 128 1000 35
175 4 64 2000 96
176 16 16 200 92
177 4 64 100 61
178 4 64 100 53
179 16 16 2000 45
180 64 16 200 93
181 4 16 200 73
182 64 128 500 82
183 32 128 2000 76
184 16 8 100 66
185 4 64 2000 86
186 16 16 2000 96
187 32 64 200 79
188 32 64 2000 51
189 32 8 100 55
190 4 64 1000 100
191 64 8 100 44
192 4 128 2000 85
193 64 128 200 91
194 32 8 1000 86
195 64 16 1000 48
196 4 128 500 43
197 16 8 1000 54
198 16 128 2000 51
199 64 128 2000 76
200 64 128 100 93
201 64 128 100 75
202 4 64 200 63
203 64 64 500 61
204 4 16 1000 55
205 32 16 200 50
206 16 64 2000 45
207 32 64 200 36
208 4 128 1000 74
209 4 16 500 61
210 16 16 200 56
211 4 16 200 30
212 64 128 100 92
213 32 128 100 48
214 4 64 1000 58
215 4 64 100 86
216 16 16 200 85
217 16 64 1000 35
218 64 128 200 95
219 64 8 2000 99
220 4 128 2000 61
221 32 8 1000 50
222 64 16 200 99
223 32 128 100 62
224 4 128 500 49
225 4 16 200 70
226 16 64 100 37
227 64 8 2000 72
228 16 64 200 34
229 4 128 2000 44
230 16 128 500 61
231 32 16 1000 66
232 16 128 1000 53
233 32 64 500 82
234 4 8 1000 96
235 64 16 1000 87
236 16 128 100 91
237 4 64 2000 97
238 32 128 2000 94
239 64 16 100 30
240 4 8 200 84
241 32 64 1000 45
242 4 64 500 37
243 16 8 1000 58
244 16 128 200 63
245 64 16 200 43
246 16 8 2000 98
247 4 64 1000 84
248 4 16 2000 56
249 64 16 100 61
250 4 16 200 52
251 4 64 200 54
252 64 64 200 74
253 16 128 1000 92
254 4 64 200 77
255 32 16 1000 66
256 16 128 100 35
257 4 16 1000 69
258 32 64 100 79
259 32 8 200 50
260 32 128 500 93
261 4 16 2000 75
262 32 128 200 48
263 64 128 1000 74
264 16 16 100 61
265 16 8 1000 81
266 16 128 500 37
267 32 16 200 61
268 64 64 2000 30
269 64 128 1000 43
270 32 16 1000 30
271 32 16 1000 72
272 64 64 500 40
273 64 16 200 54
274 32 8 200 59
275 64 16 200 83
276 4 8 2000 33
277 64 128 500 51
278 4 8 1000 90
279 4 128 100 49
280 32 64 500 59
281 4 8 100 78
282 64 64 100 60
283 64 128 500 48
284 32 128 500 66
285 4 64 500 76
286 4 16 200 53
287 4 64 200 74
288 64 16 2000 68
289 64 64 200 67
290 16 128 2000 45
291 32 8 200 67
292 64 128 200 82
293 64 64 2000 67
294 64 8 200 84
295 16 16 1000 64
296 64 8 1000 72
297 32 128 200 61
298 32 16 1000 86
299 64 16 1000 93
300 32 128 500 82
301 32 64 200 72
302 4 8 500 82
303 64 128 500 89
304 32 64 2000 41
305 16 16 100 65
306 16 64 100 73
307 4 128 100 78
308 64 16 500 40
309 64 128 1000 30
310 32 16 200 97
311 4 64 2000 55
312 4 128 200 85
313 16 16 200 42
314 4 16 100 64
315 16 64 1000 55
316 4 128 1000 46
317 32 16 1000 38
318 16 16 500 96
319 16 8 500 44
320 32 8 100 98
321 4 16 100 65
322 64 64 1000 47
323 4 128 1000 94
324 4 128 200 48
325 64 16 100 64
326 64 16 100 68
327 64 8 100 63
328 16 16 200 87
329 16 8 200 70
330 32 128 1000 81
331 4 16 100 65
332 16 128 2000 73
333 64 8 100 70
334 32 8 200 86
335 32 8 200 69
336 16 128 1000 36
337 16 16 500 30
338 16 8 500 43
339 4 16 100 78
340 4 64 500 52
341 4 16 100 59
342 4 128 2000 35
343 16 128 2000 85
344 32 128 1000 57
345 16 16 200 64
346 4 8 500 60
347 16 16 100 92
348 32 8 2000 35
349 4 16 2000 58
350 16 8 2000 44
351 16 64 2000 98
352 32 16 100 44
353 16 16 2000 71
354 16 128 2000 50
355 4 8 100 31
356 16 64 2000 63
357 4 16 1000 56
358 64 16 2000 99
359 4 64 1000 54
360 4 128 100 96
361 32 8 2000 50
362 4 8 100 69
363 32 64 1000 53
364 32 16 100 44
365 4 16 2000 38
366 4 128 2000 35
367 64 128 2000 80
368 4 8 1000 33
369 64 128 100 37
370 64 16 2000 78
371 16 8 200 59
372 64 128 1000 58
373 64 128 500 50
374 64 128 1000 87
375 32 64 500 63
376 4 8 1000 75
377 64 64 2000 75
378 32 64 1000 69
379 4 16 100 53
380 16 64 200 79
381 16 8 1000 90
382 32 8 100 61
383 64 128 200 97
384 16 8 500 86
385 16 8 500 46
386 16 8 2000 58
387 32 8 200 31
388 32 64 100 57
389 4 128 2000 93
390 32 8 100 93
391 4 8 500 74
392 16 16 100 99
393 32 16 2000 79
394 16 64 500 64
395 16 128 2000 88
396 64 16 100 32
397 64 8 500 63
398 32 8 500 36
399 32 128 100 63
400 16 8 100 93
401 32 128 100 38
402 16 8 200 85
403 4 8 100 66
404 32 64 100 39
405 64 8 200 55
406 64 8 100 42
407 4 64 2000 42
408 16 128 1000 77
409 64 16 500 83
410 16 128 1000 68
411 64 128 1000 81
412 64 64 1000 40
413 64 16 500 63
414 32 128 2000 44
415 4 8 1000 84
416 16 16 2000 42
417 32 64 2000 52
418 4 128 2000 44
419 32 8 200 70
420 4 16 500 36
421 16 64 2000 92
422 64 128 100 64
423 16 8 200 55
424 16 128 100 46
425 4 128 1000 48
426 4 8 100 77
427 32 16 200 85
428 64 16 200 49
429 64 128 100 67
430 32 16 500 93
431 16 128 500 84
432 16 8 500 49
433 16 64 500 70
434 16 8 500 55
435 16 16 500 84
436 64 16 500 88
437 64 128 100 45
438 16 64 500 89
439 16 16 200 43
440 64 64 1000 83
441 32 64 2000 80
442 64 64 2000 39
443 64 16 200 31
444 16 8 1000 40
445 32 128 2000 30
446 64 8 2000 53
447 16 8 2000 77
448 32 8 100 44
449 64 16 1000 57
450 4 64 200 57
451 16 16 200 50
452 4 8 500 49
453 64 128 500 56
454 4 128 2000 91
455 32 8 200 55
456 4 64 2000 72
457 64 128 1000 61
458 4 64 1000 98
459 4 16 500 64
460 4 16 1000 95
461 4 64 2000 36
462 16 64 1000 55
463 64 8 100 97
464 64 16 1000 89
465 4 8 2000 33
466 4 128 200 84
467 64 64 2000 68
468 32 16 1000 45
469 64 8 1000 74
470 32 16 1000 67
471 4 16 500 74
472 4 8 100 35
473 32 16 100 64
474 4 128 200 84
475 32 8 500 78
476 4 16 1000 40
477 16 128 100 80
478 16 64 2000 79
479 16 64 500 63
480 4 16 500 57
481 4 64 100 96
482 16 8 1000 92
483 32 64 200 61
484 64 16 200 86
485 4 8 1000 51
486 64 128 1000 100
487 16 16 500 66
488 64 8 100 47
489 4 64 1000 75
490 4 64 2000 59
491 16 8 1000 34
492 4 64 2000 87
493 4 128 200 56
494 32 128 2000 85
495 32 16 200 49
496 64 64 2000 39
497 16 8 100 44
498 32 64 1000 87
499 64 8 2000 100
500 64 64 500 78
501 16 8 2000 36
502 32 128 100 46
503 16 128 1000 63
504 16 128 500 47
505 32 64 200 61
506 16 8 500 97
507 32 128 200 31
508 32 16 200 55
509 16 8 2000 74
510 32 64 2000 33
511 4 128 100 78
512 64 128 1000 82
513 16 8 1000 64
514 64 8 100 64
515 32 64 100 38
516 32 64 200 32
517 32 128 100 62
518 64 128 100 59
519 64 128 500 80
520 32 128 200 57
521 16 16 100 76
522 16 128 100 63
523 32 8 1000 93
524 16 8 200 89
525 64 128 500 42
526 32 128 500 85
527 32 64 500 70
528 64 8 500 58
529 16 8 2000 64
530 4 8 1000 30
531 16 128 500 31
532 64 16 100 79
533 32 128 500 69
534 64 64 500 73
535 64 128 200 100
536 4 128 2000 39
537 64 64 100 32
538 32 8 1000 83
539 64 128 2000 32
540 4 16 2000 77
541 32 128 200 40
542 32 64 200 80
543 32 16 2000 57
544 16 64 500 61
545 32 8 100 89
546 16 64 200 100
547 64 16 100 54
548 32 16 200 30
549 32 16 2000 82
550 16 16 100 85
551 4 16 1000 89
552 16 8 100 84
553 32 16 1000 64
554 4 16 2000 32
555 32 64 2000 65
556 16 128 2000 65
557 32 128 2000 75
558 64 16 1000 88
559 32 8 100 89
560 64 128 100 52
561 4 64 1000 57
562 32 8 100 100
563 16 16 200 41
564 64 8 500 100
565 32 8 100 95
566 16 8 2000 98
567 32 8 2000 30
568 32 16 200 77
569 32 8 200 99
570 4 64 100 47
571 32 128 100 67
572 4 8 100 85
573 32 128 100 71
574 64 64 500 50
575 32 128 2000 94
576 32 8 1000 45
577 4 16 2000 84
578 4 64 500 42
579 64 128 200 73
580 16 128 100 60
581 4 64 2000 41
582 32 8 2000 62
583 32 128 100 37
584 16 128 1000 87
585 64 16 500 91
586 16 8 100 30
587 16 16 500 65
588 32 128 500 66
589 32 16 100 60
590 64 8 500 56
591 32 16 200 66
592 32 16 100 75
593 16 128 100 37
594 32 64 200 40
595 16 128 200 65
596 64 128 100 44
597 4 64 1000 46
598 64 8 500 34
599 32 8 500 48
600 4 16 500 93
601 32 8 1000 61
602 64 128 2000 56
603 16 16 200 95
604 16 8 500 84
605 64 128 2000 67
606 64 64 200 95
607 32 128 1000 67
608 4 64 100 48
609 16 64 200 36
610 16 8 500 72
611 32 64 100 41
612 32 16 200 34
613 16 64 500 91
614 4 128 100 58
615 32 128 1000 42
616 4 64 500 95
617 64 64 1000 94
618 4 64 1000 46
619 64 16 2000 87
620 16 16 200 30
621 4 16 2000 51
622 16 16 500 65
623 16 8 500 84
624 32 128 100 72
625 64 8 200 46
626 32 128 100 44
627 32 16 200 40
628 64 64 200 89
629 16 128 200 75
630 64 128 1000 38
631 4 128 500 59
632 4 8 2000 70
633 32 128 1000 97
634 16 16 200 97
635 4 8 200 52
636 16 64 100 66
637 16 128 500 37
638 4 16 2000 90
639 64 128 500 88
640 32 8 1000 69
641 32 128 2000 90
642 64 64 2000 72
643 64 8 2000 55
644 4 8 1000 35
645 16 64 100 44
646 64 16 200 96
647 64 8 1000 100
648 4 8 500 31
649 4 128 2000 61
650 4 64 1000 81
651 32 16 200 31
652 64 16 100 79
653 32 8 1000 94
654 4 64 500 67
655 64 8 100 71
656 64 64 200 35
657 4 16 200 66
658 4 128 200 71
659 16 64 100 35
660 16 64 2000 92
661 16 8 2000 92
662 16 16 2000 50
663 16 8 2000 59
664 32 8 1000 46
665 64 8 100 90
666 32 8 200 75
667 32 64 200 42
668 4 128 1000 80
669 64 64 1000 82
670 64 16 100 79
671 32 16 200 72
672 64 16 2000 54
673 16 8 100 44
674 32 16 200 35
675 32 128 2000 96
676 64 128 1000 39
677 64 16 1000 96
678 64 128 2000 30
679 32 128 100 52
680 16 128 2000 86
681 4 128 100 34
682 4 128 2000 51
683 4 16 2000 67
684 16 128 200 42
685 16 16 500 68
686 4 16 100 41
687 16 8 1000 46
688 16 8 200 90
689 4 16 500 79
690 32 8 500 46
691 32 64 500 56
692 4 128 500 90
693 64 16 100 56
694 64 128 100 90
695 64 16 500 66
696 16 64 1000 89
697 64 64 2000 41
698 64 128 2000 97
699 64 64 2000 48
700 16 64 200 37
701 4 16 500 92
702 4 128 100 89
703 32 8 100 78
704 16 128 100 48
705 64 128 2000 67
706 16 16 2000 46
707 16 128 1000 77
708 4 128 500 63
709 64 16 200 95
710 4 8 2000 48
711 16 64 200 81
712 64 16 2000 35
713 16 8 2000 87
714 64 128 100 49
715 4 128 500 88
716 64 128 500 34
717 16 64 1000 76
718 32 8 100 79
719 16 16 200 30
720 64 8 200 82
721 4 8 2000 71
722 4 128 1000 93
723 16 64 100 69
724 16 128 200 46
725 64 128 200 43
726 32 16 200 50
727 32 128 1000 75
728 32 16 1000 95
729 16 128 1000 58
730 4 8 500 37
731 16 8 200 84
732 32 128 500 47
733 4 8 200 79
734 4 8 200 66
735 4 128 500 84
736 64 64 200 58
737 4 128 2000 43
738 16 64 200 60
739 64 128 100 70
740 4 64 2000 50
741 32 64 100 77
742 64 64 200 69
743 32 8 100 42
744 64 8 500 77
745 64 64 200 77
746 64 16 100 57
747 4 16 100 78
748 4 64 1000 40
749 32 128 500 47
750 32 128 100 57
751 4 64 1000 70
752 4 8 2000 51
753 16 64 500 34
754 16 64 100 65
755 64 8 500 32
756 64 128 2000 56
757 64 64 500 58
758 64 128 1000 31
759 64 128 200 99
760 4 128 1000 96
761 4 128 1000 81
762 32 16 100 49
763 64 16 1000 54
764 32 8 2000 91
765 32 128 2000 90
766 4 64 100 95
767 4 128 2000 53
768 4 16 2000 38
769 64 8 1000 71
770 4 8 1000 31
771 16 64 500 69
772 4 64 100 53
773 32 16 200 48
774 4 128 2000 38
775 16 8 1000 92
776 32 64 200 92
777 4 16 1000 38
778 4 8 200 92
779 16 128 500 96
780 64 128 2000 30
781 64 16 500 51
782 32 128 1000 67
783 32 16 200 90
784 16 16 200 47
785 64 128 2000 72
786 16 16 500 93
787 16 64 200 43
788 32 64 200 33
789 16 8 500 89
790 4 64 1000 92
791 4 64 500 76
792 32 16 100 65
793 16 8 2000 72
794 64 64 100 71
795 4 64 2000 90
796 32 64 1000 81
797 64 64 100 67
798 4 128 500 47
799 64 8 200 34
800 64 16 1000 34
801 64 128 1000 79
802 16 64 2000 91
803 32 128 500 72
804 64 8 200 57
805 16 8 200 66
806 16 128 200 75
807 16 64 1000 36
808 32 64 2000 63
809 32 64 100 39
810 4 128 500 84
811 32 128 200 44
812 16 64 1000 32
813 64 16 2000 66
814 32 64 200 52
815 32 16 1000 35
816 4 64 1000 41
817 16 128 200 77
818 4 64 100 65
819 16 8 100 42
820 4 8 500 53
821 16 128 500 44
822 64 64 200 49
823 4 16 1000 84
824 16 16 2000 84
825 4 16 1000 59
826 32 128 1000 38
827 32 16 500 76
828 16 8 200 97
829 4 16 2000 33
830 16 16 100 81
831 4 16 500 40
832 64 16 2000 31
833 16 128 100 36
834 64 64 1000 46
835 64 128 500 59
836 16 8 200 67
837 4 16 2000 33
838 16 128 500 34
839 64 64 1000 38
840 16 8 1000 88
841 64 128 100 100
842 32 16 1000 93
843 64 8 500 72
844 32 128 100 99
845 16 8 1000 93
846 64 8 1000 64
847 4 8 1000 66
848 16 8 200 89
849 16 16 500 100
850 64 128 200 61
851 64 64 1000 69
852 16 64 100 44
853 4 16 2000 77
854 32 128 200 88
855 64 16 100 46
856 32 128 500 96
857 16 64 1000 95
858 4 64 100 40
859 16 128 200 72
860 16 16 200 54
861 16 64 2000 97
862 32 8 200 49
863 64 128 200 99
864 32 8 2000 60
865 64 16 2000 65
866 16 128 1000 45
867 16 64 100 38
868 16 8 1000 83
869 32 64 2000 47
870 4 16 500 30
871 4 128 1000 35
872 4 16 2000 45
873 16 16 200 89
874 32 128 2000 44
875 4 16 200 94
876 16 16 500 99
877 16 8 200 40
878 64 128 500 53
879 4 8 1000 79
880 64 16 1000 99
881 4 64 1000 56
882 16 8 200 74
883 32 16 100 89
884 32 16 500 92
885 4 16 500 87
886 32 8 500 61
887 16 128 2000 38
888 32 128 200 52
889 4 8 2000 50
890 32 128 1000 88
891 32 128 200 85
892 32 8 500 85
893 64 64 200 95
894 64 64 500 70
895 32 16 1000 93
896 32 16 1000 46
897 4 64 1000 91
898 32 16 100 41
899 32 8 100 79
900 64 128 1000 50
901 16 128 1000 56
902 16 8 200 98
903 32 8 100 51
904 16 8 1000 75
905 32 16 100 56
906 64 8 1000 44
907 16 128 200 34
908 64 64 500 94
909 16 64 1000 73
910 64 8 100 90
911 16 128 2000 55
912 16 128 1000 62
913 16 16 100 71
914 16 8 500 63
915 32 64 500 42
916 4 8 100 62
917 16 64 2000 69
918 16 64 2000 50
919 16 128 1000 76
920 32 8 200 81
921 16 64 200 41
922 4 64 500 36
923 32 64 2000 77
924 64 8 200 70
925 32 64 200 51
926 32 8 2000 76
927 32 8 2000 60
928 64 128 100 82
929 16 128 2000 63
930 32 64 100 30
931 32 8 200 54
932 4 16 100 37
933 64 8 2000 69
934 64 8 200 95
935 4 16 2000 48
936 16 8 2000 91
937 16 128 200 39
938 4 128 1000 64
939 4 8 2000 85
940 32 16 100 97
941 16 16 2000 36
942 32 16 1000 56
943 64 64 1000 33
944 16 64 200 81
945 16 8 1000 63
946 64 64 1000 91
947 16 8 1000 55
948 64 8 2000 41
949 32 8 1000 84
950 64 8 2000 70
951 4 8 500 89
952 16 64 500 42
953 4 8 2000 91
954 32 16 1000 85
955 32 64 200 73
956 32 64 500 76
957 64 64 1000 100
958 4 16 100 92
959 4 64 100 61
960 4 64 200 100
961 16 64 500 54
962 4 16 200 59
963 4 16 1000 39
964 16 16 200 79
965 64 8 500 52
966 4 8 100 44
967 64 64 200 55
968 64 16 2000 94
969 4 64 100 46
970 4 16 2000 43
971 16 16 1000 53
972 64 16 200 51
973 4 128 500 62
974 16 64 100 77
975 32 8 1000 52
976 4 64 500 75
977 64 8 1000 54
978 32 128 500 59
979 4 8 1000 60
980 16 8 2000 71
981 4 8 2000 100
982 16 128 100 86
983 32 8 100 63
984 64 16 100 79
985 32 64 200 84
986 4 8 500 78
987 32 64 500 75
343
1 561 18 58
1 400 42 76
5 422 46 71
8 295 35 68
12 333 10 68
12 716 28 78
13 549 12 80
14 737 39 30
15 132 27 74
15 602 38 48
18 559 33 49
18 433 25 50
20 721 39 36
21 694 33 30
23 819 10 86
25 384 48 37
25 847 18 34
25 786 23 41
26 832 36 86
31 611 24 72
32 830 12 35
38 740 37 47
39 776 28 41
39 731 20 98
40 113 31 53
40 101 19 32
40 811 40 97
41 688 12 93
42 267 37 32
42 792 15 93
43 364 45 81
43 581 43 100
43 126 13 53
43 700 25 72
45 89 10 72
46 389 43 40
49 189 25 70
50 669 14 31
50 868 36 57
50 194 45 30
50 786 25 97
51 363 11 48
52 123 12 96
55 210 12 55
59 415 34 58
60 835 25 31
64 333 25 75
67 437 29 100
68 794 19 71
70 587 17 33
72 344 43 57
75 204 20 73
77 198 31 38
77 327 48 98
79 953 13 38
81 374 17 30
87 484 38 65
97 437 42 75
97 544 28 59
101 158 44 76
101 519 46 54
105 942 46 68
108 221 28 68
111 934 49 34
118 153 42 90
122 757 27 70
123 334 35 36
123 352 36 37
123 894 46 81
124 664 46 41
125 811 11 79
127 227 43 45
128 767 32 34
128 465 20 99
131 375 13 87
132 399 36 68
132 364 21 38
133 374 16 95
137 497 26 56
138 593 19 40
138 535 36 96
139 798 15 76
141 265 10 66
143 349 19 85
144 614 21 74
149 893 23 71
149 540 40 55
154 161 28 73
154 697 31 81
158 497 13 55
159 331 39 74
162 439 19 54
163 475 41 37
165 685 38 53
166 612 21 63
167 534 22 57
168 711 19 48
170 730 39 34
171 834 20 76
176 918 34 37
176 982 34 39
177 298 24 93
178 335 18 100
181 601 48 94
182 897 15 96
183 590 42 54
183 232 46 81
185 355 29 59
188 677 21 33
192 283 21 36
192 522 26 33
197 579 24 88
198 284 16 35
199 279 28 42
204 711 29 33
204 521 25 39
205 439 19 53
207 936 41 42
207 580 14 44
211 920 31 69
213 637 31 41
219 895 34 75
219 428 33 99
220 627 31 100
221 410 13 65
223 671 28 77
225 359 17 32
228 242 45 59
230 880 31 49
230 452 18 66
232 355 44 42
235 521 40 51
240 248 26 91
240 588 35 77
241 313 34 57
243 311 20 94
243 691 36 57
244 909 49 84
244 358 11 55
247 428 11 50
249 622 24 65
252 433 37 93
254 729 38 66
254 426 41 54
255 552 23 45
258 948 38 46
258 577 10 93
260 741 19 61
262 333 50 38
262 776 25 56
263 488 17 98
263 526 22 43
263 289 49 66
264 873 39 47
265 373 15 95
267 546 44 38
267 985 23 74
267 387 50 65
269 586 17 56
270 413 33 98
272 924 45 79
275 597 48 33
279 819 40 75
279 848 42 54
280 705 37 56
284 616 12 60
285 940 50 61
286 557 25 100
286 529 26 43
287 589 12 81
296 821 12 93
296 772 37 70
296 503 47 85
297 956 41 92
302 691 36 66
304 638 33 82
307 495 48 65
310 754 14 51
310 355 17 73
313 617 18 94
317 488 13 35
318 825 33 96
320 450 16 83
320 560 16 42
322 668 19 83
323 379 38 46
324 397 49 92
333 552 31 86
335 636 37 74
335 706 19 56
337 398 32 75
341 698 17 39
342 941 24 46
342 450 31 98
343 794 38 81
343 909 46 70
346 589 15 59
353 797 32 64
356 418 35 34
360 361 46 62
365 589 40 96
373 885 35 32
373 533 40 71
374 570 26 56
377 758 12 36
379 484 35 39
386 766 14 73
388 782 39 99
388 857 28 83
388 677 39 59
390 860 42 32
390 934 15 77
393 407 27 47
394 518 36 97
395 927 42 67
398 789 49 74
399 579 14 70
400 456 17 39
410 734 20 95
412 465 25 43
415 694 13 47
417 769 22 60
419 775 45 82
419 835 29 44
424 750 29 62
426 511 37 57
426 577 17 87
428 534 33 67
430 491 13 36
431 939 10 88
432 651 48 81
435 706 34 65
435 913 41 71
436 498 49 98
440 565 44 85
440 874 22 45
442 516 30 56
443 894 36 82
445 472 32 93
445 782 20 80
447 454 32 90
447 639 42 61
449 876 12 72
452 987 48 33
452 776 38 98
460 897 19 39
462 680 38 54
472 917 35 91
473 902 33 39
475 962 46 76
475 493 47 90
476 556 25 91
477 814 19 33
481 810 48 94
481 967 49 52
482 654 15 58
488 555 27 98
504 590 29 51
506 657 23 85
508 689 42 95
513 789 46 53
515 911 40 97
526 672 43 57
527 893 45 86
527 629 34 56
534 904 12 92
552 891 32 83
559 923 50 51
568 909 34 37
569 912 41 53
572 985 46 92
573 649 20 37
574 610 28 36
581 892 16 77
583 814 27 36
583 656 20 39
589 750 44 79
590 838 21 45
590 966 32 86
594 695 27 78
597 600 28 78
601 802 10 41
608 900 10 42
610 722 43 40
613 670 47 82
616 978 21 31
618 842 30 50
618 942 45 98
621 878 45 85
624 911 40 95
625 845 25 88
625 759 32 68
625 804 28 35
628 681 28 82
631 857 21 98
631 838 12 44
638 911 14 80
642 867 32 49
648 816 43 64
651 717 13 34
651 884 20 53
654 828 17 35
655 768 15 38
663 716 41 84
664 744 14 54
666 883 37 94
675 987 37 95
682 817 41 48
683 798 24 63
683 747 43 93
686 743 21 51
688 799 19 81
688 758 25 43
693 828 37 56
697 770 50 90
700 882 43 69
713 848 23 49
715 870 50 86
728 770 31 33
732 951 35 91
734 880 22 78
734 934 37 93
736 809 29 91
742 939 25 86
742 845 16 95
755 881 39 97
768 914 46 51
780 983 43 95
802 846 27 58
805 953 14 81
810 916 34 69
816 952 14 78
824 926 33 41
844 883 17 73
888 929 47 36
897 919 14 73
900 937 24 38
902 947 40 37
920 968 10 47
921 981 50 62
932 952 45 39
943 960 12 33
952 963 16 44