559
0 8 128 400 180
1 8 128 2000 163
2 8 320 400 166
3 32 32 1000 189
4 8 32 1000 106
5 32 128 800 199
6 8 128 800 148
7 8 128 400 175
8 32 32 400 97
9 8 128 800 200
10 8 320 5000 136
11 32 128 2000 178
12 8 128 800 99
13 32 32 800 161
14 8 128 800 179
15 8 128 400 190
16 32 128 800 138
17 8 32 5000 99
18 32 128 1000 140
19 32 320 5000 112
20 32 32 5000 110
21 8 320 400 134
22 8 320 400 120
23 8 32 5000 155
24 32 320 5000 160
25 32 320 1000 200
26 32 128 5000 195
27 32 320 1000 90
28 32 32 5000 145
29 8 128 400 96
30 8 32 1000 189
31 32 128 800 146
32 8 32 800 139
33 32 128 400 140
34 32 128 1000 175
35 32 320 1000 97
36 8 320 5000 112
37 8 320 1000 93
38 32 32 1000 148
39 32 320 400 199
40 32 32 5000 95
41 8 128 400 199
42 32 320 800 145
43 8 320 1000 119
44 8 320 400 127
45 8 32 5000 190
46 8 128 2000 102
47 8 32 800 153
48 32 320 5000 108
49 32 320 1000 103
50 8 128 2000 97
51 8 128 400 189
52 8 128 2000 94
53 8 128 1000 131
54 32 32 800 121
55 8 32 400 132
56 8 320 1000 194
57 8 320 5000 195
58 8 128 5000 142
59 32 32 1000 151
60 8 128 1000 91
61 32 32 5000 99
62 32 32 1000 128
63 8 320 400 193
64 32 128 2000 148
65 8 128 800 194
66 8 320 800 122
67 32 128 2000 144
68 32 32 2000 109
69 8 128 2000 141
70 32 320 5000 125
71 32 320 2000 156
72 32 32 1000 95
73 8 320 1000 196
74 8 320 2000 90
75 8 128 1000 100
76 32 32 1000 136
77 8 32 2000 113
78 8 128 5000 168
79 32 32 400 170
80 32 128 5000 150
81 32 128 2000 110
82 32 320 2000 195
83 32 32 800 166
84 32 32 2000 161
85 32 32 400 147
86 32 32 2000 198
87 32 32 800 168
88 8 32 2000 196
89 32 320 2000 179
90 8 32 1000 148
91 32 32 800 104
92 8 128 1000 191
93 32 32 400 109
94 8 128 1000 160
95 8 32 800 169
96 32 32 5000 198
97 8 320 800 98
98 32 320 2000 94
99 32 128 5000 144
100 8 32 2000 138
101 32 32 1000 111
102 8 128 1000 145
103 8 320 400 157
104 32 32 400 122
105 8 128 2000 108
106 32 128 5000 101
107 32 128 5000 150
108 32 320 5000 137
109 32 32 2000 157
110 32 320 400 141
111 32 128 2000 192
112 8 128 800 100
113 8 320 5000 199
114 8 320 5000 97
115 32 128 5000 140
116 32 320 2000 159
117 32 32 400 123
118 8 32 1000 175
119 8 128 400 100
120 8 320 2000 153
121 8 128 1000 192
122 32 320 800 169
123 32 128 800 171
124 8 128 1000 171
125 32 320 2000 196
126 32 32 5000 174
127 8 32 2000 173
128 32 128 1000 140
129 8 32 2000 105
130 8 320 5000 147
131 32 320 5000 133
132 8 32 400 109
133 8 320 400 170
134 32 128 400 174
135 8 320 2000 103
136 8 320 5000 127
137 8 128 400 166
138 8 32 1000 116
139 8 128 400 161
140 8 32 800 98
141 8 32 400 195
142 8 32 400 133
143 8 32 5000 136
144 32 128 400 142
145 32 320 5000 127
146 32 320 1000 168
147 8 320 800 106
148 8 320 400 142
149 8 128 1000 95
150 32 128 400 171
151 32 32 400 139
152 32 32 5000 144
153 8 128 2000 152
154 32 128 1000 173
155 8 128 2000 200
156 32 128 800 157
157 32 128 5000 186
158 32 128 400 93
159 8 32 800 184
160 32 320 5000 181
161 8 32 5000 111
162 8 320 1000 197
163 8 32 400 97
164 8 320 2000 145
165 8 320 800 122
166 32 128 2000 119
167 32 32 2000 131
168 8 128 1000 124
169 32 128 400 90
170 32 32 5000 189
171 8 320 2000 159
172 8 320 1000 191
173 32 32 400 91
174 8 320 400 171
175 8 32 5000 190
176 8 320 5000 173
177 32 32 2000 168
178 32 320 5000 152
179 32 320 400 186
180 8 32 2000 132
181 32 128 2000 156
182 8 320 5000 118
183 32 128 1000 124
184 32 320 2000 111
185 32 32 800 185
186 32 32 5000 179
187 32 320 400 122
188 8 32 2000 120
189 32 32 5000 194
190 8 32 2000 151
191 8 128 400 139
192 8 320 400 168
193 32 320 800 186
194 32 32 400 179
195 8 128 5000 199
196 32 32 1000 112
197 8 320 5000 180
198 8 320 5000 197
199 8 128 400 166
200 32 32 2000 197
201 32 128 1000 193
202 32 320 800 136
203 32 32 800 108
204 32 320 1000 112
205 32 128 2000 197
206 8 32 5000 156
207 32 128 5000 125
208 8 320 800 146
209 8 32 5000 156
210 32 128 800 171
211 8 32 800 119
212 8 32 2000 114
213 32 320 400 198
214 8 32 2000 155
215 32 128 5000 118
216 8 128 800 119
217 32 128 5000 153
218 8 320 800 180
219 32 128 1000 115
220 32 128 2000 114
221 8 320 1000 160
222 8 128 800 100
223 8 32 5000 187
224 32 32 2000 181
225 8 128 800 139
226 8 128 1000 168
227 32 320 800 108
228 32 128 800 95
229 32 32 5000 167
230 8 320 400 138
231 32 320 800 168
232 32 320 400 110
233 32 32 2000 149
234 32 320 2000 159
235 8 32 400 174
236 8 128 800 194
237 8 32 5000 131
238 8 128 5000 143
239 8 32 1000 95
240 8 32 400 110
241 8 320 1000 160
242 8 320 2000 153
243 8 32 1000 137
244 8 32 1000 102
245 32 128 5000 161
246 8 32 5000 180
247 32 320 1000 96
248 8 128 800 163
249 8 128 5000 113
250 8 32 800 159
251 8 128 400 100
252 32 32 400 107
253 32 320 5000 135
254 32 320 5000 186
255 8 128 2000 108
256 32 128 1000 197
257 8 32 2000 125
258 32 128 1000 117
259 8 320 2000 96
260 8 320 5000 158
261 32 128 2000 105
262 8 128 800 116
263 8 320 2000 103
264 32 128 1000 154
265 8 128 2000 127
266 32 32 800 102
267 8 32 800 168
268 8 128 1000 115
269 8 320 800 98
270 32 32 5000 166
271 32 128 800 174
272 32 320 5000 189
273 32 320 1000 120
274 8 320 800 191
275 32 320 5000 112
276 32 32 800 92
277 8 320 400 130
278 8 320 1000 102
279 8 320 2000 118
280 8 128 2000 158
281 32 128 800 173
282 8 320 1000 126
283 8 320 800 121
284 8 32 1000 126
285 8 128 1000 116
286 8 320 400 134
287 8 320 5000 149
288 8 320 400 96
289 8 32 1000 122
290 32 32 400 149
291 8 128 1000 124
292 8 32 5000 90
293 8 128 5000 98
294 32 128 400 112
295 32 128 1000 138
296 32 128 5000 102
297 32 128 400 134
298 32 128 400 152
299 32 32 800 185
300 8 32 2000 146
301 32 128 2000 172
302 32 320 2000 167
303 8 32 2000 194
304 8 32 5000 155
305 8 320 1000 168
306 32 320 800 150
307 32 32 800 162
308 32 32 2000 153
309 8 128 400 167
310 8 128 1000 136
311 8 320 5000 160
312 8 32 400 190
313 8 32 400 136
314 8 320 5000 133
315 8 32 400 191
316 32 32 2000 149
317 8 128 400 173
318 32 320 1000 150
319 32 320 2000 119
320 8 32 400 161
321 8 128 2000 171
322 8 128 1000 114
323 8 32 400 110
324 32 320 5000 196
325 32 320 800 94
326 8 320 400 170
327 8 320 2000 136
328 32 32 800 161
329 32 128 2000 113
330 32 320 5000 175
331 8 128 400 145
332 8 32 800 164
333 32 320 800 99
334 32 128 2000 129
335 8 128 400 115
336 8 128 2000 139
337 8 128 400 123
338 32 128 800 175
339 32 32 1000 152
340 32 32 800 120
341 8 32 2000 124
342 32 128 400 109
343 32 320 2000 122
344 8 320 1000 128
345 32 320 400 170
346 8 128 2000 169
347 8 320 1000 136
348 8 320 800 106
349 32 320 5000 184
350 32 32 400 164
351 8 320 5000 137
352 8 320 5000 103
353 32 128 5000 180
354 32 320 5000 150
355 8 32 1000 192
356 8 128 400 143
357 32 128 800 97
358 8 128 800 160
359 8 320 800 111
360 8 320 800 107
361 32 320 1000 165
362 8 320 2000 123
363 8 320 5000 104
364 8 32 1000 115
365 32 320 800 124
366 8 32 2000 192
367 32 320 800 144
368 32 32 1000 185
369 32 320 1000 148
370 32 128 2000 157
371 8 32 2000 173
372 8 32 5000 167
373 32 128 400 113
374 32 320 2000 173
375 8 32 5000 163
376 32 128 5000 106
377 8 32 5000 95
378 8 320 400 160
379 32 320 1000 165
380 8 32 5000 186
381 32 320 2000 141
382 32 128 5000 187
383 8 128 400 188
384 8 320 5000 116
385 32 128 2000 188
386 32 32 5000 149
387 8 128 1000 101
388 32 128 1000 129
389 32 128 1000 114
390 32 320 2000 136
391 8 320 400 143
392 32 32 800 117
393 8 32 400 136
394 8 32 400 139
395 32 128 400 153
396 8 128 800 178
397 8 128 5000 192
398 8 128 1000 174
399 8 320 400 165
400 32 320 2000 148
401 32 128 800 170
402 32 128 5000 149
403 32 32 800 154
404 32 320 2000 135
405 32 32 1000 142
406 32 128 2000 103
407 32 32 800 184
408 8 32 800 168
409 32 128 5000 189
410 32 128 2000 90
411 8 128 1000 130
412 8 320 1000 176
413 8 32 5000 187
414 8 128 2000 100
415 8 320 5000 170
416 32 320 5000 150
417 8 128 1000 142
418 8 320 800 99
419 8 128 800 195
420 32 320 800 120
421 32 32 400 155
422 32 32 5000 133
423 8 320 800 151
424 8 32 1000 176
425 32 128 5000 136
426 32 128 1000 140
427 32 128 400 167
428 8 320 1000 167
429 8 320 400 159
430 32 32 1000 129
431 8 128 5000 134
432 8 32 1000 137
433 32 128 2000 184
434 8 320 5000 146
435 32 320 5000 97
436 8 320 1000 98
437 32 128 5000 200
438 32 128 800 178
439 32 128 800 158
440 32 32 5000 108
441 8 320 800 112
442 32 128 400 156
443 8 128 1000 178
444 8 128 1000 119
445 8 320 800 151
446 8 32 800 162
447 32 320 5000 108
448 32 320 400 117
449 32 128 5000 101
450 32 320 1000 123
451 32 32 400 169
452 8 320 2000 113
453 32 32 5000 168
454 32 32 400 100
455 8 32 800 180
456 32 320 5000 187
457 32 320 2000 128
458 32 320 2000 178
459 32 320 2000 139
460 32 320 2000 137
461 32 320 400 95
462 8 32 2000 193
463 8 320 1000 158
464 8 320 800 131
465 8 32 5000 100
466 32 320 400 131
467 8 32 5000 139
468 8 320 2000 131
469 8 320 800 153
470 8 128 5000 169
471 32 128 400 166
472 32 128 800 190
473 32 320 2000 162
474 32 32 400 127
475 8 128 1000 164
476 8 320 400 94
477 32 32 5000 198
478 32 320 5000 176
479 32 128 5000 99
480 32 32 2000 152
481 32 128 800 173
482 32 128 2000 160
483 32 320 5000 130
484 8 128 2000 136
485 32 320 400 111
486 32 320 800 106
487 32 128 800 95
488 8 32 2000 191
489 32 128 5000 154
490 32 320 400 120
491 32 32 400 199
492 32 128 2000 179
493 32 128 2000 92
494 8 320 800 188
495 8 128 400 142
496 8 32 5000 120
497 32 320 1000 168
498 8 320 1000 138
499 32 32 2000 104
500 32 32 800 198
501 32 320 2000 137
502 32 32 400 190
503 32 128 1000 195
504 32 32 5000 109
505 32 32 1000 157
506 32 128 400 191
507 32 320 1000 104
508 8 128 1000 90
509 32 128 400 170
510 8 320 400 99
511 8 320 2000 168
512 8 32 2000 105
513 32 32 400 142
514 32 128 400 114
515 32 128 2000 93
516 8 32 400 185
517 32 32 5000 111
518 32 32 5000 173
519 8 320 2000 97
520 8 320 400 94
521 8 128 2000 195
522 32 320 5000 142
523 8 128 5000 146
524 32 320 800 132
525 32 320 2000 169
526 8 32 1000 97
527 8 320 1000 181
528 32 320 5000 127
529 32 128 800 140
530 8 128 2000 190
531 32 128 400 132
532 32 320 800 164
533 32 32 400 149
534 32 320 1000 181
535 8 32 400 110
536 8 128 400 179
537 8 128 5000 185
538 8 32 400 189
539 32 32 1000 107
540 8 128 400 110
541 8 320 800 91
542 8 320 400 198
543 32 320 800 121
544 32 320 1000 107
545 32 32 5000 174
546 32 128 800 170
547 8 320 1000 139
548 8 32 5000 132
549 8 128 800 166
550 8 128 1000 181
551 8 320 800 124
552 8 32 2000 164
553 8 128 1000 200
554 8 128 1000 159
555 8 320 400 134
556 32 128 800 184
557 32 320 800 153
558 32 128 2000 122
144
0 198 55 191
7 300 48 164
8 446 65 125
9 105 65 128
9 119 54 135
13 510 70 138
17 431 50 99
19 98 52 165
23 461 68 165
25 77 60 190
25 488 61 128
34 533 46 142
35 85 57 162
38 433 43 100
39 210 40 97
40 155 57 161
45 453 54 184
45 61 47 100
48 525 60 98
48 491 66 164
48 171 40 102
52 513 61 179
58 346 51 180
64 153 65 94
64 226 42 182
65 75 42 115
70 381 65 166
71 272 46 93
72 266 63 197
73 232 62 130
76 355 50 191
77 274 49 108
79 387 69 170
82 417 42 173
83 488 63 100
84 396 57 196
84 108 46 104
87 281 64 158
89 302 58 94
92 550 43 122
93 461 41 132
95 393 51 97
103 382 62 186
103 428 50 135
104 355 43 180
111 395 50 192
112 228 41 154
114 429 63 190
114 335 51 106
121 514 47 99
122 314 41 195
125 392 43 186
126 157 40 172
126 143 50 135
130 299 66 138
131 167 48 140
131 234 46 94
138 223 53 160
143 514 56 128
146 465 67 128
152 554 40 121
153 449 51 139
155 157 52 143
157 371 65 162
160 468 58 91
160 504 41 135
167 478 40 180
167 175 70 169
168 172 54 117
171 204 66 111
172 500 60 190
178 390 42 116
184 263 49 98
185 489 43 151
187 269 55 141
189 274 60 158
190 378 64 172
192 481 45 90
197 419 44 127
197 434 62 136
198 435 51 132
200 235 70 200
208 429 43 163
212 316 40 119
214 431 45 147
219 528 43 133
226 236 53 170
230 270 69 179
233 483 67 190
233 369 53 137
235 515 62 112
239 478 50 185
241 557 46 100
242 274 48 94
245 362 62 147
245 383 50 147
255 528 58 131
255 265 49 137
258 319 53 139
264 302 64 153
268 446 69 197
269 496 65 95
276 457 41 121
280 296 66 121
282 319 51 94
283 536 51 153
286 313 58 103
288 450 47 96
289 455 46 155
291 411 61 100
291 548 57 174
293 481 40 110
301 435 57 145
309 442 69 101
310 557 67 99
312 313 45 94
313 405 62 128
313 494 67 157
315 536 54 144
320 496 50 198
321 325 53 149
323 486 59 158
324 469 48 119
344 462 43 152
345 525 66 138
348 363 62 196
352 392 48 165
361 468 64 111
373 420 62 140
374 541 64 151
379 403 40 199
396 490 66 200
414 542 63 194
442 480 47 168
446 542 61 200
450 458 51 198
458 520 55 194
465 549 45 199
487 544 48 113
495 541 67 106
496 547 46 196
513 557 51 158
517 529 43 182
535 557 59 176