188
0 8 320 2000 196
1 32 32 1000 172
2 8 32 2000 119
3 8 320 5000 182
4 8 128 5000 110
5 8 128 2000 137
6 8 128 5000 136
7 32 32 2000 170
8 32 320 800 91
9 8 128 5000 155
10 8 320 800 160
11 32 32 5000 186
12 8 128 400 109
13 32 128 800 199
14 8 32 1000 124
15 32 32 2000 99
16 8 128 2000 165
17 8 320 5000 182
18 8 128 2000 100
19 32 320 1000 104
20 8 128 1000 183
21 32 128 5000 168
22 32 32 800 166
23 32 320 400 113
24 8 128 1000 197
25 32 32 1000 184
26 32 32 5000 183
27 32 128 5000 113
28 32 32 800 155
29 32 128 1000 144
30 8 128 800 186
31 8 32 1000 95
32 32 32 5000 100
33 32 128 400 175
34 8 320 2000 189
35 8 320 5000 196
36 32 320 2000 129
37 32 320 1000 93
38 32 128 2000 195
39 32 320 1000 159
40 8 128 2000 125
41 32 32 2000 163
42 8 128 5000 135
43 32 320 5000 181
44 8 128 5000 181
45 32 320 5000 154
46 32 128 400 135
47 32 32 400 134
48 8 32 800 111
49 32 320 2000 121
50 8 320 5000 102
51 8 32 1000 92
52 8 128 400 133
53 32 32 2000 189
54 8 32 400 158
55 32 320 2000 103
56 8 32 2000 108
57 8 128 1000 94
58 8 128 5000 91
59 8 320 800 92
60 8 32 5000 182
61 32 128 800 176
62 8 32 400 170
63 8 320 800 173
64 32 128 1000 185
65 32 128 800 119
66 8 320 2000 95
67 8 320 5000 124
68 32 128 5000 102
69 32 32 5000 170
70 32 128 800 121
71 32 128 5000 125
72 32 32 2000 154
73 32 128 1000 190
74 32 128 5000 110
75 8 320 1000 156
76 8 32 5000 138
77 32 320 2000 133
78 32 32 400 193
79 32 128 1000 194
80 8 128 800 109
81 32 320 800 168
82 8 320 800 111
83 32 320 5000 172
84 32 128 800 142
85 8 128 2000 197
86 32 320 1000 134
87 32 128 2000 111
88 32 128 1000 152
89 32 32 2000 154
90 32 32 1000 112
91 8 320 5000 194
92 8 128 400 148
93 32 32 5000 160
94 32 320 5000 175
95 8 32 400 107
96 8 320 2000 111
97 8 32 1000 129
98 8 32 5000 130
99 32 320 1000 189
100 32 32 800 159
101 32 320 5000 147
102 8 128 1000 110
103 32 128 2000 165
104 8 32 1000 91
105 8 320 800 189
106 8 32 5000 157
107 32 320 5000 117
108 32 320 1000 101
109 32 320 400 161
110 8 320 1000 91
111 32 128 400 189
112 32 320 800 125
113 8 320 800 111
114 8 320 400 158
115 32 320 1000 158
116 32 32 800 154
117 8 320 5000 143
118 32 320 1000 188
119 32 320 800 143
120 32 32 2000 98
121 32 32 400 167
122 8 32 400 102
123 8 128 2000 141
124 8 128 2000 154
125 32 128 400 145
126 32 128 2000 123
127 8 320 2000 134
128 8 128 800 126
129 32 320 5000 117
130 32 320 2000 105
131 32 32 400 95
132 8 320 5000 102
133 32 128 5000 175
134 8 32 5000 93
135 32 128 1000 104
136 32 32 400 177
137 8 320 1000 179
138 32 320 400 141
139 8 32 1000 104
140 32 320 800 196
141 8 320 1000 180
142 32 320 800 195
143 8 320 1000 99
144 8 128 800 186
145 8 320 800 115
146 8 320 400 149
147 32 128 800 145
148 8 320 5000 101
149 8 128 5000 93
150 8 32 2000 91
151 8 320 2000 193
152 32 128 800 170
153 32 128 400 104
154 8 128 2000 174
155 32 128 800 131
156 32 32 1000 122
157 32 320 1000 196
158 32 128 800 187
159 32 320 800 186
160 8 320 800 115
161 32 128 800 192
162 8 320 5000 150
163 32 320 400 109
164 8 128 800 176
165 32 128 1000 124
166 8 32 2000 97
167 8 32 800 100
168 8 128 800 180
169 32 128 1000 199
170 32 32 400 192
171 32 128 5000 199
172 8 128 400 90
173 8 32 800 182
174 8 320 800 137
175 8 128 800 137
176 32 32 5000 95
177 8 128 400 107
178 32 128 800 106
179 32 128 400 143
180 8 32 1000 159
181 8 320 1000 191
182 8 320 800 185
183 32 320 800 197
184 8 320 400 139
185 32 128 2000 121
186 8 128 5000 157
187 8 128 2000 176
71
2 162 49 183
2 128 69 116
3 11 55 198
3 129 48 182
9 148 52 96
10 112 70 165
10 187 68 167
11 159 55 166
11 170 41 109
12 61 58 128
12 150 65 95
16 175 40 179
21 125 62 178
24 111 58 120
25 90 54 106
26 90 68 185
29 80 64 187
30 52 53 94
31 187 58 106
32 98 62 131
32 141 69 112
38 145 70 161
40 123 56 117
40 132 64 169
42 75 55 138
43 117 46 172
45 175 49 103
47 125 64 187
47 78 69 158
47 149 48 127
49 60 67 197
50 118 55 107
50 91 54 147
52 168 43 200
52 77 50 187
60 84 48 184
60 105 64 147
62 132 59 148
62 72 51 138
66 115 59 168
82 148 55 166
83 150 55 185
86 101 65 93
86 171 52 152
87 128 60 161
91 157 62 144
91 156 70 137
92 100 62 139
94 116 70 106
94 146 60 133
100 140 53 104
103 132 60 196
111 139 44 96
112 160 70 151
117 167 59 140
118 156 53 107
120 162 43 133
122 175 45 177
125 131 60 118
127 169 46 160
130 136 54 181
131 182 51 108
134 188 50 111
147 179 52 156
148 187 55 129
151 176 55 171
152 163 59 128
155 171 65 96
155 166 54 164
163 181 67 153
173 183 57 129