28
0 16 128 800 96
1 16 128 500 115
2 64 64 2400 143
3 32 128 5000 114
4 64 128 800 103
5 32 16 800 97
6 16 128 2400 130
7 64 128 5000 155
8 64 256 500 175
9 32 256 500 165
10 64 128 800 107
11 64 16 800 125
12 32 128 2400 165
13 64 16 800 175
14 16 256 1000 164
15 16 128 1000 110
16 64 64 1000 186
17 16 256 800 120
18 64 64 5000 112
19 16 16 5000 199
20 16 16 1000 178
21 16 128 5000 177
22 16 64 5000 157
23 32 16 1000 159
24 32 128 1000 184
25 128 16 5000 187
26 32 16 1000 124
27 128 128 800 99
6
1 11 52 179
2 10 63 116
3 20 67 90
6 21 55 120
8 17 44 169
11 21 54 136