750
0 16 16 1000 85
1 16 16 2000 73
2 64 16 100 76
3 32 128 1000 39
4 32 128 200 60
5 64 64 2000 60
6 16 16 500 32
7 64 8 500 53
8 64 128 1000 41
9 16 64 1000 64
10 4 128 1000 40
11 32 64 200 47
12 64 8 1000 54
13 16 8 200 89
14 16 8 500 56
15 64 64 200 31
16 32 64 500 69
17 32 128 200 82
18 64 128 1000 81
19 4 64 500 92
20 64 64 200 83
21 16 16 500 40
22 32 8 2000 81
23 64 64 100 52
24 4 16 500 97
25 16 64 200 43
26 16 8 500 72
27 4 8 100 81
28 64 128 500 60
29 64 64 100 95
30 32 128 500 78
31 16 8 500 71
32 16 64 100 43
33 16 128 100 90
34 64 64 200 53
35 4 64 500 77
36 64 8 2000 93
37 32 16 100 49
38 32 8 500 34
39 4 16 100 76
40 32 16 100 79
41 16 128 100 100
42 32 8 2000 54
43 32 64 500 36
44 64 128 500 45
45 16 64 100 92
46 64 64 100 46
47 4 128 200 86
48 4 64 2000 60
49 16 16 1000 59
50 4 64 1000 88
51 32 64 1000 93
52 16 64 2000 53
53 16 16 100 84
54 32 64 1000 64
55 32 16 500 84
56 32 8 500 74
57 4 64 100 79
58 32 128 2000 33
59 16 16 2000 87
60 64 64 1000 98
61 4 64 500 76
62 4 8 500 93
63 32 16 200 73
64 32 128 100 80
65 64 128 2000 96
66 64 64 1000 68
67 16 64 200 83
68 4 16 200 97
69 64 64 2000 63
70 16 128 500 98
71 32 128 200 71
72 32 128 500 55
73 32 128 500 74
74 16 64 1000 51
75 16 64 500 72
76 16 128 2000 33
77 32 64 200 67
78 64 64 2000 39
79 16 128 2000 38
80 32 64 1000 88
81 64 16 200 48
82 4 128 1000 96
83 32 16 500 60
84 64 8 200 75
85 32 16 2000 84
86 64 64 2000 51
87 4 8 500 83
88 64 64 100 96
89 4 64 1000 96
90 4 8 100 82
91 32 8 2000 54
92 32 16 200 41
93 64 8 1000 80
94 32 16 500 65
95 32 16 2000 53
96 64 128 1000 72
97 4 16 100 77
98 16 64 1000 83
99 4 16 200 98
100 16 16 500 62
101 64 128 200 98
102 16 16 100 92
103 32 128 200 60
104 16 16 2000 66
105 4 8 1000 91
106 4 16 1000 76
107 16 16 200 30
108 4 128 500 53
109 64 64 2000 76
110 32 64 200 98
111 64 64 200 66
112 4 8 1000 67
113 4 8 500 91
114 64 16 200 44
115 32 128 200 90
116 32 64 1000 57
117 16 16 200 75
118 4 64 500 72
119 4 8 500 62
120 4 16 1000 38
121 64 128 100 81
122 4 8 500 94
123 32 8 100 90
124 32 64 500 82
125 16 8 500 84
126 64 16 2000 38
127 4 64 500 63
128 4 64 500 34
129 32 64 2000 38
130 32 16 2000 93
131 64 128 2000 30
132 16 16 100 61
133 16 64 2000 85
134 16 8 1000 59
135 32 16 2000 65
136 4 64 500 75
137 16 16 500 57
138 16 8 200 43
139 64 8 100 31
140 16 16 200 37
141 64 8 1000 85
142 16 16 200 55
143 16 16 500 45
144 32 8 500 92
145 32 128 1000 62
146 4 8 500 36
147 4 8 2000 77
148 32 8 2000 72
149 16 128 100 47
150 64 8 500 90
151 16 128 200 71
152 16 8 500 87
153 32 64 100 59
154 32 8 100 51
155 16 16 100 98
156 4 64 200 68
157 4 16 200 46
158 32 16 2000 60
159 4 128 100 55
160 32 64 500 97
161 32 128 1000 67
162 32 64 1000 80
163 16 8 2000 79
164 32 8 1000 79
165 4 16 1000 30
166 32 8 200 84
167 64 64 500 59
168 32 16 200 67
169 4 64 2000 60
170 64 128 500 87
171 4 8 1000 39
172 64 16 200 76
173 64 128 1000 30
174 32 16 100 62
175 4 16 1000 40
176 64 16 200 98
177 32 64 1000 67
178 32 128 1000 79
179 4 16 200 34
180 32 16 2000 53
181 4 64 200 69
182 16 16 100 48
183 32 128 200 93
184 32 16 1000 79
185 16 128 2000 52
186 32 64 1000 35
187 16 64 500 100
188 16 16 1000 96
189 32 16 1000 66
190 4 16 200 46
191 32 64 2000 91
192 4 8 1000 43
193 16 16 2000 43
194 64 16 200 95
195 32 64 1000 92
196 64 8 1000 93
197 16 8 200 47
198 64 16 1000 45
199 16 64 100 45
200 4 128 200 91
201 4 64 200 77
202 4 8 1000 61
203 16 8 2000 57
204 4 128 500 97
205 64 128 200 42
206 64 16 500 64
207 64 16 500 99
208 16 16 100 35
209 4 64 100 100
210 16 64 200 35
211 4 128 2000 99
212 16 64 2000 97
213 16 16 2000 38
214 64 8 100 58
215 32 8 200 86
216 64 64 100 84
217 4 64 200 65
218 32 128 1000 99
219 64 128 200 33
220 64 64 500 95
221 32 16 2000 72
222 64 64 500 70
223 4 128 500 81
224 16 16 200 30
225 32 128 500 37
226 64 128 500 41
227 64 8 500 64
228 16 16 100 73
229 16 64 500 51
230 64 8 1000 62
231 4 128 1000 65
232 64 64 200 98
233 4 128 100 80
234 64 8 200 97
235 64 64 100 96
236 16 16 500 81
237 16 16 500 63
238 16 16 1000 38
239 32 128 100 87
240 4 128 100 62
241 16 16 2000 48
242 16 16 100 68
243 32 16 2000 42
244 4 16 500 80
245 64 64 200 83
246 64 128 1000 70
247 16 16 100 93
248 32 8 2000 51
249 16 64 100 58
250 4 64 200 94
251 32 16 1000 31
252 4 64 500 48
253 16 64 2000 74
254 4 8 100 78
255 4 16 100 44
256 64 64 200 58
257 16 128 1000 90
258 64 8 1000 70
259 16 16 2000 43
260 16 16 1000 36
261 64 16 100 67
262 64 64 500 47
263 4 128 500 39
264 32 8 200 84
265 4 64 200 38
266 4 16 200 62
267 4 8 500 52
268 16 16 200 47
269 64 128 2000 51
270 64 128 2000 91
271 64 128 500 95
272 4 8 100 98
273 16 8 1000 53
274 4 8 200 58
275 64 8 100 45
276 64 16 1000 79
277 32 16 200 76
278 16 64 100 83
279 64 64 100 49
280 16 128 2000 35
281 64 8 200 46
282 4 128 100 62
283 4 16 200 81
284 32 128 200 43
285 16 8 2000 49
286 32 16 500 38
287 64 8 200 31
288 16 8 1000 95
289 16 8 2000 100
290 16 8 2000 100
291 4 16 100 63
292 16 64 100 97
293 4 16 200 35
294 64 16 200 49
295 16 8 1000 38
296 4 8 500 78
297 32 8 200 99
298 4 8 2000 80
299 32 128 200 91
300 16 64 200 62
301 32 128 100 88
302 16 16 1000 68
303 16 16 500 69
304 32 64 200 99
305 4 16 500 78
306 32 128 1000 98
307 16 8 1000 95
308 32 64 500 73
309 32 64 100 80
310 16 16 500 49
311 64 16 2000 78
312 32 128 2000 86
313 16 16 1000 37
314 4 128 100 72
315 16 64 2000 49
316 32 16 200 68
317 64 128 2000 63
318 16 16 100 39
319 4 64 100 75
320 16 64 2000 64
321 16 64 500 44
322 32 16 500 44
323 64 16 2000 51
324 4 64 500 91
325 64 64 1000 100
326 64 8 500 95
327 64 8 1000 96
328 64 128 2000 44
329 32 64 200 53
330 4 128 1000 65
331 64 16 2000 72
332 16 128 200 67
333 64 8 500 94
334 64 128 200 74
335 4 16 200 82
336 16 128 500 78
337 16 8 2000 43
338 4 16 200 68
339 4 8 200 76
340 64 64 2000 82
341 64 64 2000 80
342 32 8 2000 46
343 4 64 500 45
344 16 16 100 68
345 16 8 100 48
346 64 64 200 48
347 16 64 1000 72
348 4 8 500 59
349 16 128 1000 87
350 4 16 200 48
351 32 64 2000 40
352 64 8 100 48
353 4 16 500 72
354 16 64 100 33
355 32 64 200 98
356 16 64 2000 55
357 16 128 500 99
358 16 8 2000 70
359 64 8 100 79
360 4 64 100 84
361 16 8 1000 88
362 32 64 500 88
363 4 128 1000 82
364 32 64 500 75
365 16 8 500 83
366 64 16 1000 95
367 32 64 1000 74
368 4 128 100 88
369 64 16 100 100
370 32 64 2000 41
371 4 128 1000 68
372 16 8 2000 72
373 32 8 200 59
374 4 128 100 98
375 64 8 100 70
376 16 64 2000 57
377 32 16 2000 85
378 4 8 1000 34
379 32 128 2000 79
380 32 8 1000 52
381 4 16 100 34
382 4 8 200 37
383 32 128 500 48
384 4 8 2000 52
385 16 128 100 80
386 32 128 200 100
387 64 64 200 47
388 32 8 2000 79
389 32 8 100 58
390 32 8 500 58
391 4 128 100 49
392 32 8 100 34
393 4 64 500 54
394 32 16 2000 92
395 32 16 100 98
396 64 64 100 34
397 16 8 500 36
398 64 8 1000 48
399 32 64 1000 63
400 16 8 1000 99
401 64 16 2000 36
402 64 128 500 53
403 4 128 100 76
404 64 64 1000 92
405 4 128 2000 84
406 32 128 2000 47
407 64 64 200 95
408 64 16 1000 70
409 32 64 2000 54
410 32 16 200 83
411 16 16 200 87
412 32 64 200 47
413 32 64 200 66
414 16 64 500 46
415 64 8 2000 82
416 32 16 500 85
417 64 16 200 99
418 64 128 2000 33
419 4 16 200 93
420 4 16 500 60
421 4 16 200 82
422 32 8 200 79
423 16 8 200 64
424 16 64 500 65
425 64 16 2000 55
426 64 128 500 41
427 32 128 500 49
428 32 8 500 40
429 64 8 100 52
430 64 8 500 89
431 32 128 100 30
432 16 128 200 88
433 16 128 500 66
434 32 8 1000 100
435 32 64 500 33
436 32 64 2000 61
437 32 16 100 95
438 4 16 500 70
439 64 16 500 86
440 64 8 200 45
441 16 8 200 89
442 32 64 2000 72
443 32 8 200 47
444 4 128 1000 93
445 64 8 100 45
446 64 16 200 76
447 64 64 200 68
448 4 8 100 51
449 64 128 500 62
450 32 16 100 78
451 32 8 100 31
452 64 16 100 78
453 16 128 100 50
454 32 16 200 53
455 4 64 2000 44
456 16 64 500 49
457 32 16 500 46
458 16 8 1000 63
459 32 16 2000 87
460 32 64 200 86
461 16 128 1000 96
462 64 128 1000 33
463 4 16 200 95
464 16 128 500 31
465 32 64 200 70
466 16 16 100 53
467 32 8 500 57
468 64 16 2000 82
469 32 16 200 79
470 64 128 100 41
471 16 8 100 57
472 32 128 500 33
473 64 8 1000 34
474 4 128 2000 74
475 4 128 200 93
476 4 16 2000 84
477 32 64 1000 77
478 16 16 200 80
479 4 8 200 45
480 4 64 200 49
481 64 16 500 100
482 4 16 500 52
483 32 64 200 92
484 16 128 100 97
485 64 64 500 32
486 32 16 1000 53
487 16 16 200 32
488 16 64 2000 96
489 4 128 2000 99
490 64 128 2000 86
491 16 8 2000 39
492 64 16 200 56
493 16 128 1000 50
494 32 16 1000 45
495 16 128 500 50
496 64 128 100 65
497 32 64 1000 83
498 4 16 500 100
499 32 128 500 97
500 32 64 100 83
501 64 16 2000 92
502 16 16 100 69
503 16 64 1000 84
504 16 128 2000 54
505 32 8 1000 94
506 32 128 200 83
507 16 64 2000 71
508 4 16 2000 98
509 16 128 1000 31
510 32 64 1000 88
511 16 16 500 40
512 16 128 100 45
513 64 128 500 40
514 64 128 1000 48
515 4 16 100 92
516 4 128 500 53
517 16 64 2000 57
518 16 16 1000 92
519 32 8 200 33
520 4 128 1000 84
521 4 64 1000 33
522 32 128 500 73
523 4 16 2000 51
524 32 8 1000 87
525 32 16 1000 84
526 32 128 1000 97
527 4 8 1000 76
528 64 64 2000 35
529 32 128 500 61
530 32 16 200 56
531 16 64 1000 86
532 16 16 100 42
533 16 128 1000 67
534 16 16 100 31
535 4 8 1000 49
536 64 128 1000 61
537 32 64 1000 41
538 64 64 1000 54
539 16 8 2000 62
540 4 128 2000 61
541 16 16 500 81
542 64 64 100 97
543 64 64 200 48
544 32 128 1000 58
545 32 16 100 48
546 64 16 2000 35
547 4 16 2000 40
548 16 64 2000 38
549 32 64 2000 77
550 4 128 200 67
551 32 128 1000 59
552 64 64 500 88
553 64 8 500 31
554 4 128 200 75
555 32 16 200 100
556 32 64 200 86
557 64 128 500 64
558 4 8 2000 85
559 32 16 200 98
560 64 16 1000 61
561 32 64 200 61
562 4 8 2000 31
563 4 16 100 99
564 4 128 1000 44
565 64 128 1000 40
566 32 128 2000 68
567 64 128 2000 95
568 32 16 1000 53
569 32 64 2000 94
570 32 8 2000 72
571 4 64 500 49
572 64 16 1000 40
573 4 64 200 48
574 64 8 500 72
575 4 128 500 86
576 64 8 2000 30
577 64 8 2000 36
578 64 64 1000 43
579 4 16 2000 46
580 64 128 500 49
581 16 64 1000 89
582 16 64 2000 95
583 16 8 100 66
584 64 128 2000 84
585 16 8 100 73
586 64 8 1000 55
587 32 16 100 63
588 16 128 500 57
589 4 8 200 77
590 4 16 500 64
591 32 8 1000 90
592 4 8 100 37
593 16 8 100 52
594 64 128 2000 53
595 16 128 100 40
596 64 64 1000 100
597 64 8 100 40
598 64 16 2000 85
599 64 128 500 46
600 16 64 100 96
601 16 8 1000 40
602 64 8 2000 88
603 64 8 500 31
604 64 8 1000 37
605 32 8 200 31
606 16 16 1000 44
607 4 8 1000 99
608 16 128 2000 78
609 16 8 100 47
610 16 128 200 75
611 16 16 500 30
612 4 16 200 59
613 4 16 500 79
614 16 64 100 90
615 32 64 100 52
616 4 64 200 73
617 64 16 100 36
618 4 16 1000 40
619 4 128 2000 90
620 64 8 1000 67
621 4 64 500 66
622 32 8 1000 65
623 64 128 100 75
624 32 128 100 40
625 32 128 500 63
626 64 8 1000 95
627 64 128 200 67
628 64 64 200 90
629 16 128 2000 62
630 64 8 200 70
631 64 64 2000 40
632 4 8 100 95
633 32 16 1000 96
634 16 128 200 58
635 32 128 2000 97
636 32 8 2000 78
637 32 8 100 92
638 32 8 1000 79
639 4 128 200 71
640 4 128 200 45
641 16 64 200 63
642 32 16 100 38
643 64 64 200 48
644 32 16 1000 62
645 4 8 2000 63
646 4 8 2000 93
647 4 64 1000 33
648 16 64 2000 51
649 64 8 100 55
650 32 128 200 49
651 16 128 500 55
652 64 128 500 39
653 16 8 500 68
654 16 16 500 83
655 4 8 1000 41
656 32 128 500 30
657 16 128 500 44
658 32 128 200 70
659 4 8 1000 91
660 4 64 200 59
661 64 16 200 30
662 64 128 2000 68
663 4 128 100 62
664 32 8 1000 61
665 64 8 2000 54
666 16 16 100 70
667 64 64 200 58
668 16 64 100 57
669 4 16 1000 30
670 32 8 1000 62
671 32 8 500 63
672 64 128 500 49
673 64 64 2000 38
674 4 64 100 77
675 4 16 500 32
676 4 16 500 58
677 32 64 200 78
678 16 64 1000 51
679 4 16 1000 95
680 64 64 200 64
681 64 8 2000 70
682 4 128 2000 72
683 64 128 100 32
684 16 64 100 61
685 64 16 1000 71
686 64 64 1000 37
687 32 8 1000 32
688 16 16 500 47
689 4 16 500 60
690 32 128 500 74
691 32 8 200 49
692 16 8 200 94
693 16 8 200 55
694 64 8 500 53
695 4 64 200 69
696 16 128 500 50
697 32 128 100 53
698 16 8 2000 91
699 16 16 100 45
700 64 8 200 69
701 4 16 1000 56
702 32 8 1000 62
703 4 16 100 36
704 32 16 2000 100
705 32 8 500 39
706 32 16 200 49
707 16 128 500 64
708 64 16 200 44
709 16 16 500 88
710 32 8 1000 52
711 16 64 100 79
712 64 16 1000 69
713 32 64 200 80
714 64 64 1000 33
715 16 64 100 100
716 32 8 1000 51
717 4 16 200 70
718 16 16 1000 46
719 64 64 200 50
720 32 128 1000 74
721 32 64 2000 70
722 64 8 1000 36
723 16 16 1000 52
724 16 128 200 70
725 32 128 200 44
726 64 16 100 47
727 32 64 1000 69
728 16 8 100 87
729 64 128 1000 57
730 16 8 500 55
731 64 16 500 38
732 16 8 200 33
733 16 128 1000 68
734 16 8 200 30
735 64 8 2000 85
736 16 16 2000 98
737 16 64 200 76
738 32 64 1000 53
739 16 128 500 33
740 64 8 500 91
741 4 64 2000 44
742 32 64 200 71
743 32 16 200 94
744 4 128 1000 77
745 64 8 2000 49
746 64 16 100 61
747 32 8 1000 95
748 16 8 200 97
749 32 128 200 54
156
1 19 42 40
1 68 49 78
1 737 47 38
3 119 19 43
8 287 43 85
15 675 33 83
17 273 45 89
19 221 41 67
19 385 27 70
22 424 10 63
25 417 16 88
32 340 50 64
33 553 22 80
35 144 33 99
35 588 24 51
36 531 33 64
38 695 29 98
39 673 44 100
45 693 30 62
50 479 50 44
52 330 12 87
54 364 13 78
55 339 30 81
63 288 14 76
64 672 21 50
65 192 20 89
69 641 50 71
70 107 29 84
71 639 25 97
72 185 43 85
75 83 32 99
76 327 46 100
76 560 21 85
79 544 40 69
80 608 35 32
80 349 43 47
82 440 42 43
83 350 27 98
85 132 43 94
86 168 18 49
101 526 21 52
105 681 20 51
108 361 43 36
109 596 34 49
113 731 50 52
118 749 14 81
119 400 49 37
126 689 25 68
126 200 36 79
127 558 34 60
128 422 33 100
137 148 27 82
142 523 50 62
146 620 41 75
149 235 40 93
152 255 36 70
152 421 12 61
167 259 13 48
182 513 48 45
184 319 27 64
189 200 26 39
190 728 33 78
203 554 22 80
205 706 33 95
207 296 19 75
208 711 46 86
210 308 42 51
211 632 27 98
214 334 50 49
215 291 21 91
217 613 34 74
219 439 37 82
220 309 23 63
227 533 16 74
230 259 10 30
234 641 25 80
236 549 21 63
238 714 40 42
239 650 28 30
240 469 33 100
240 503 14 65
243 394 13 43
249 435 13 31
252 499 13 36
253 501 49 81
255 647 47 60
271 334 26 89
275 389 12 69
281 303 21 61
283 301 35 35
284 596 48 88
288 362 16 97
289 305 47 33
293 462 16 66
293 351 47 45
294 689 16 45
296 716 41 65
296 331 42 53
298 731 22 39
301 321 31 78
302 536 32 82
320 385 39 59
324 629 20 82
329 405 34 87
336 636 48 42
339 344 26 37
339 501 47 46
340 579 30 35
348 508 41 45
352 618 15 62
358 739 30 37
363 505 24 64
367 425 21 76
376 486 16 53
381 524 24 72
381 416 49 92
383 450 24 78
384 690 38 100
384 520 25 70
389 516 47 70
401 492 46 94
404 525 39 55
404 494 19 94
408 683 47 65
409 636 32 96
412 421 14 41
419 535 21 88
430 603 48 43
435 444 33 33
438 560 26 35
456 587 43 78
457 690 24 80
460 482 25 44
462 476 25 65
481 698 38 97
482 492 11 66
497 551 15 62
498 638 28 65
500 718 43 99
505 684 35 45
517 702 50 67
521 707 38 92
523 611 25 53
540 574 39 47
551 627 13 50
552 729 44 40
577 745 23 93
588 685 16 80
601 710 21 68
619 641 42 39
654 681 50 56
659 689 44 58
675 706 10 47
682 708 17 93
689 697 15 45
736 741 15 72