799
0 32 128 1000 164
1 8 128 1000 92
2 8 320 400 175
3 8 320 400 135
4 32 32 800 163
5 32 320 2000 128
6 32 320 400 101
7 8 128 2000 106
8 8 32 2000 133
9 8 32 400 94
10 32 128 1000 160
11 32 128 5000 95
12 32 320 1000 117
13 32 32 800 167
14 32 128 5000 186
15 32 128 800 92
16 32 320 5000 90
17 32 32 5000 137
18 8 128 5000 105
19 8 128 400 163
20 8 128 800 103
21 32 32 400 152
22 32 32 1000 137
23 32 128 800 120
24 32 320 5000 124
25 8 128 5000 196
26 32 32 5000 130
27 8 128 400 166
28 8 320 2000 110
29 8 32 5000 172
30 8 320 800 118
31 8 128 400 190
32 8 128 800 163
33 32 320 1000 151
34 8 32 2000 146
35 8 128 5000 137
36 32 32 800 109
37 8 32 5000 198
38 8 320 400 163
39 8 320 800 190
40 32 32 2000 195
41 8 32 2000 93
42 8 128 1000 90
43 8 128 400 196
44 8 128 5000 197
45 32 32 5000 146
46 32 320 2000 136
47 8 32 800 123
48 8 128 800 131
49 32 320 1000 108
50 32 320 800 114
51 8 320 1000 179
52 32 128 800 192
53 32 128 400 106
54 32 32 5000 151
55 8 320 2000 163
56 32 128 5000 128
57 8 32 400 151
58 8 32 5000 155
59 32 128 2000 109
60 8 128 800 152
61 8 128 400 137
62 8 128 5000 175
63 32 320 1000 187
64 32 32 800 142
65 8 32 1000 131
66 32 32 5000 197
67 32 32 2000 184
68 8 320 5000 94
69 8 128 2000 146
70 8 128 2000 109
71 8 128 400 137
72 8 320 1000 91
73 8 320 400 179
74 32 320 400 159
75 8 32 400 152
76 8 320 2000 92
77 32 128 1000 157
78 8 128 1000 166
79 32 320 800 101
80 32 32 400 98
81 8 128 800 130
82 8 32 1000 113
83 32 32 5000 176
84 32 32 2000 132
85 32 128 800 139
86 8 128 2000 132
87 8 320 2000 161
88 32 320 2000 177
89 8 128 1000 112
90 32 320 1000 158
91 32 128 5000 178
92 32 128 5000 106
93 32 32 800 187
94 32 32 800 126
95 32 320 2000 150
96 32 128 5000 170
97 8 320 5000 138
98 8 128 5000 193
99 32 128 1000 127
100 32 32 1000 141
101 8 32 1000 160
102 8 128 400 153
103 32 320 5000 182
104 8 320 800 120
105 32 320 2000 143
106 8 320 2000 194
107 8 128 800 186
108 32 128 800 165
109 8 320 1000 183
110 8 320 400 103
111 32 32 400 138
112 32 128 400 165
113 32 320 1000 193
114 32 32 2000 112
115 8 320 800 132
116 8 32 400 197
117 32 128 5000 179
118 32 32 800 119
119 32 320 800 178
120 8 320 5000 97
121 8 32 800 162
122 8 320 1000 190
123 32 320 800 102
124 8 32 5000 183
125 8 128 800 187
126 32 320 2000 118
127 32 32 1000 173
128 32 32 5000 101
129 8 32 5000 103
130 32 32 2000 155
131 8 128 400 158
132 32 32 800 131
133 8 128 800 184
134 8 32 400 145
135 32 32 2000 129
136 32 320 400 178
137 8 128 2000 163
138 8 32 1000 94
139 8 32 400 199
140 8 128 800 108
141 8 320 800 107
142 32 128 5000 156
143 32 128 800 115
144 8 32 1000 127
145 8 32 400 145
146 8 320 400 194
147 8 128 5000 191
148 8 32 5000 165
149 8 128 400 142
150 32 128 400 172
151 32 128 1000 180
152 8 320 800 179
153 8 320 5000 133
154 32 32 1000 165
155 8 32 5000 127
156 8 32 800 175
157 8 128 1000 129
158 32 320 5000 165
159 8 320 5000 169
160 32 32 5000 181
161 32 128 800 171
162 32 320 1000 101
163 8 128 800 115
164 32 32 2000 171
165 8 32 1000 116
166 8 32 800 116
167 8 32 1000 184
168 32 320 2000 159
169 32 320 2000 121
170 32 320 800 122
171 32 128 5000 92
172 32 32 5000 95
173 32 32 400 156
174 32 32 5000 141
175 8 32 400 141
176 8 128 800 111
177 32 128 2000 189
178 32 128 1000 167
179 8 128 800 131
180 8 32 1000 101
181 8 320 5000 159
182 32 320 400 103
183 8 32 800 174
184 8 128 2000 153
185 32 320 2000 158
186 32 320 800 171
187 8 128 400 143
188 32 32 800 100
189 32 320 800 195
190 32 128 2000 117
191 32 320 1000 138
192 32 320 400 166
193 32 32 1000 135
194 8 320 1000 189
195 8 32 5000 102
196 32 320 1000 110
197 8 32 5000 183
198 8 32 400 185
199 32 320 1000 190
200 8 128 5000 151
201 8 32 1000 115
202 32 128 5000 162
203 32 32 5000 159
204 8 32 800 199
205 32 32 1000 164
206 32 32 1000 144
207 32 32 5000 90
208 32 128 400 200
209 8 128 1000 149
210 32 128 5000 168
211 8 320 2000 137
212 32 128 1000 182
213 8 32 5000 125
214 8 320 5000 143
215 32 320 2000 192
216 8 320 1000 163
217 8 32 1000 136
218 32 128 2000 193
219 32 32 1000 150
220 8 128 5000 100
221 32 128 2000 133
222 8 32 800 115
223 8 128 1000 189
224 32 128 400 134
225 8 128 400 183
226 32 32 5000 137
227 32 128 1000 110
228 32 32 400 118
229 32 320 1000 193
230 8 320 5000 107
231 8 320 5000 149
232 32 320 400 95
233 32 320 1000 94
234 8 320 5000 109
235 8 320 800 200
236 8 128 800 124
237 8 128 800 187
238 32 320 1000 122
239 8 320 800 161
240 8 32 1000 165
241 32 128 400 146
242 32 32 1000 182
243 8 32 400 176
244 32 320 2000 185
245 8 128 2000 174
246 32 128 2000 152
247 8 320 2000 155
248 32 320 2000 113
249 32 32 800 175
250 32 128 1000 154
251 8 128 1000 96
252 32 32 800 131
253 8 128 5000 104
254 32 128 1000 163
255 8 128 5000 123
256 8 128 2000 156
257 32 320 400 100
258 32 32 5000 115
259 8 128 400 93
260 32 128 2000 121
261 8 32 1000 183
262 8 32 1000 190
263 32 128 800 197
264 8 320 1000 108
265 32 128 1000 140
266 8 32 5000 192
267 32 320 400 102
268 32 320 5000 122
269 8 320 2000 174
270 8 128 400 113
271 32 32 5000 102
272 32 32 2000 138
273 8 32 2000 199
274 32 128 1000 186
275 32 32 5000 180
276 32 320 800 189
277 32 128 5000 195
278 8 128 400 135
279 8 128 800 110
280 8 128 400 187
281 8 320 400 121
282 8 32 1000 151
283 32 128 1000 125
284 32 128 5000 174
285 8 32 1000 192
286 32 128 2000 105
287 8 128 1000 132
288 8 128 400 191
289 8 320 1000 122
290 8 32 2000 94
291 32 128 800 172
292 8 32 5000 168
293 8 320 1000 111
294 32 128 400 171
295 32 32 5000 94
296 8 320 400 172
297 8 320 400 193
298 32 128 1000 158
299 8 128 400 186
300 8 128 2000 181
301 8 32 5000 122
302 8 320 5000 95
303 8 32 5000 128
304 8 320 400 197
305 32 128 2000 160
306 32 128 400 142
307 8 320 400 102
308 32 320 5000 120
309 32 320 400 198
310 32 128 2000 110
311 32 32 1000 124
312 32 320 5000 128
313 32 320 1000 171
314 8 32 800 147
315 32 128 800 189
316 8 128 5000 169
317 32 320 800 164
318 32 128 400 139
319 8 128 1000 163
320 32 128 2000 100
321 32 32 2000 135
322 32 32 1000 152
323 8 320 5000 104
324 8 320 400 182
325 32 128 2000 141
326 32 320 5000 197
327 8 320 5000 105
328 8 128 1000 100
329 8 320 1000 126
330 32 320 2000 157
331 8 320 1000 117
332 32 320 2000 146
333 32 320 1000 177
334 8 128 400 188
335 32 320 1000 185
336 32 128 5000 150
337 8 320 1000 140
338 32 128 2000 99
339 8 320 1000 132
340 8 320 1000 93
341 32 320 400 186
342 32 32 5000 116
343 32 320 400 123
344 32 32 2000 155
345 8 128 5000 183
346 8 128 2000 145
347 32 32 2000 123
348 8 320 5000 144
349 8 128 5000 187
350 8 32 800 188
351 8 32 800 175
352 8 320 400 124
353 32 320 2000 178
354 32 320 800 134
355 32 128 2000 192
356 8 320 400 155
357 32 320 5000 186
358 32 320 5000 129
359 32 128 1000 168
360 8 128 800 160
361 8 320 400 161
362 32 320 800 134
363 8 320 800 186
364 32 128 400 197
365 32 32 1000 182
366 32 320 1000 172
367 32 320 2000 152
368 32 320 5000 171
369 8 128 2000 103
370 32 32 800 183
371 32 320 2000 124
372 8 320 800 100
373 32 128 400 179
374 32 320 5000 197
375 32 128 400 140
376 32 128 400 126
377 32 320 800 116
378 8 32 800 191
379 8 320 5000 104
380 8 32 2000 148
381 32 128 400 108
382 8 320 400 195
383 8 32 5000 95
384 32 320 800 125
385 8 320 5000 200
386 8 320 5000 144
387 32 128 400 186
388 32 32 400 120
389 8 128 2000 200
390 8 320 400 176
391 8 32 5000 136
392 8 128 800 94
393 8 128 2000 119
394 32 32 400 137
395 8 32 1000 200
396 8 128 400 127
397 32 32 400 174
398 8 32 400 144
399 8 128 2000 166
400 8 128 5000 92
401 8 128 5000 162
402 32 128 800 102
403 8 32 2000 119
404 32 128 400 106
405 8 128 400 141
406 32 128 5000 138
407 8 32 5000 194
408 8 320 400 174
409 8 128 1000 142
410 32 320 1000 193
411 8 32 5000 155
412 8 128 2000 94
413 32 32 2000 98
414 32 32 800 112
415 8 32 800 186
416 8 128 1000 115
417 8 128 2000 116
418 8 32 1000 186
419 8 320 800 190
420 8 320 2000 91
421 8 128 400 138
422 8 128 800 161
423 32 320 800 185
424 8 32 800 143
425 8 128 2000 150
426 32 32 800 107
427 8 32 800 140
428 8 320 5000 123
429 32 320 5000 136
430 32 128 2000 178
431 32 128 400 154
432 32 32 400 177
433 32 32 800 198
434 32 32 800 111
435 8 32 800 183
436 32 128 1000 135
437 8 32 800 134
438 8 128 1000 105
439 32 320 2000 98
440 8 320 800 191
441 32 32 5000 181
442 8 128 5000 103
443 32 32 400 135
444 8 32 400 176
445 32 32 5000 177
446 32 320 5000 133
447 32 128 400 179
448 32 320 5000 134
449 32 320 1000 119
450 8 32 5000 96
451 8 128 5000 126
452 32 32 800 161
453 32 320 1000 112
454 32 320 5000 183
455 32 32 400 110
456 8 32 800 184
457 32 128 2000 113
458 32 32 5000 178
459 32 32 5000 172
460 32 32 2000 121
461 8 32 5000 190
462 32 32 2000 178
463 8 128 800 132
464 8 32 1000 158
465 32 320 1000 104
466 8 320 400 170
467 8 32 1000 182
468 8 128 5000 153
469 32 32 800 173
470 8 128 5000 121
471 32 32 2000 147
472 32 128 800 154
473 32 32 2000 110
474 32 320 400 112
475 8 32 800 142
476 8 32 1000 90
477 32 320 1000 199
478 8 128 2000 197
479 8 128 2000 126
480 32 128 400 174
481 32 32 400 122
482 8 320 2000 99
483 32 128 800 103
484 8 32 400 194
485 32 320 1000 177
486 32 32 2000 113
487 32 320 2000 144
488 8 32 5000 173
489 8 32 2000 150
490 8 128 2000 150
491 32 32 400 153
492 32 128 2000 130
493 32 320 400 150
494 32 320 800 108
495 8 320 2000 159
496 32 320 1000 170
497 8 320 400 98
498 8 320 800 167
499 8 32 400 113
500 8 32 800 137
501 8 320 5000 160
502 8 320 2000 101
503 32 320 800 127
504 8 128 800 177
505 32 320 800 99
506 32 320 5000 187
507 8 32 800 142
508 32 128 5000 165
509 32 320 800 148
510 32 320 400 184
511 32 32 800 187
512 8 320 5000 98
513 8 128 2000 102
514 32 320 2000 193
515 8 128 1000 118
516 32 320 2000 174
517 32 32 2000 133
518 32 32 2000 100
519 32 320 800 184
520 32 32 5000 128
521 8 32 800 140
522 8 320 5000 145
523 8 128 400 142
524 8 128 400 134
525 8 32 1000 139
526 32 320 1000 184
527 32 320 800 122
528 32 32 800 96
529 32 320 5000 128
530 8 320 1000 115
531 32 32 1000 103
532 32 32 2000 164
533 32 32 1000 126
534 8 32 2000 182
535 8 32 2000 150
536 8 320 2000 192
537 32 320 5000 109
538 32 32 400 97
539 8 32 1000 165
540 8 320 2000 106
541 8 128 400 121
542 32 320 800 174
543 32 32 1000 94
544 8 32 2000 109
545 8 32 2000 135
546 8 128 800 157
547 32 320 1000 99
548 8 320 2000 194
549 32 320 1000 157
550 32 32 400 108
551 32 128 400 106
552 8 128 800 198
553 32 320 1000 149
554 8 32 2000 161
555 32 32 800 135
556 8 32 1000 125
557 32 128 5000 162
558 32 32 5000 112
559 32 128 5000 123
560 32 32 800 182
561 32 128 800 114
562 8 128 800 172
563 32 128 800 146
564 8 32 5000 112
565 32 32 1000 139
566 8 32 1000 133
567 8 32 800 91
568 32 32 2000 175
569 8 128 400 200
570 32 32 1000 91
571 8 128 2000 129
572 8 320 400 181
573 8 32 2000 167
574 32 128 400 92
575 8 128 5000 105
576 32 32 1000 135
577 32 128 1000 192
578 32 128 2000 128
579 32 128 2000 123
580 8 128 800 105
581 8 320 2000 169
582 8 320 800 117
583 8 320 1000 175
584 8 32 5000 189
585 8 320 400 158
586 32 128 400 101
587 32 128 1000 175
588 8 32 1000 193
589 8 32 5000 142
590 32 32 400 98
591 32 320 2000 94
592 32 128 5000 186
593 8 32 2000 170
594 8 128 800 155
595 8 128 800 152
596 8 128 2000 164
597 32 320 1000 138
598 8 128 800 171
599 32 320 2000 139
600 8 32 1000 94
601 32 128 800 136
602 8 32 1000 97
603 32 320 800 124
604 8 32 1000 137
605 8 32 400 99
606 32 32 5000 195
607 8 128 2000 177
608 32 128 5000 147
609 8 32 800 169
610 8 128 1000 115
611 8 128 1000 136
612 8 32 800 198
613 8 128 800 133
614 8 128 1000 179
615 8 128 1000 131
616 32 128 1000 146
617 32 320 2000 186
618 8 320 2000 180
619 8 320 400 171
620 32 128 2000 108
621 32 320 400 114
622 8 320 1000 175
623 8 32 5000 153
624 8 320 800 107
625 32 32 5000 145
626 32 320 400 188
627 8 32 5000 115
628 32 320 800 181
629 8 320 5000 110
630 32 32 5000 127
631 8 320 1000 114
632 32 32 1000 139
633 8 32 800 118
634 32 320 1000 162
635 32 128 800 194
636 32 320 2000 113
637 8 320 5000 175
638 8 128 5000 179
639 32 32 800 186
640 8 128 2000 135
641 32 32 800 187
642 32 32 800 133
643 32 320 1000 139
644 32 32 5000 168
645 8 32 400 147
646 32 32 5000 157
647 32 320 1000 160
648 8 32 2000 146
649 32 128 5000 99
650 8 32 1000 156
651 8 320 2000 173
652 8 128 1000 189
653 32 32 800 116
654 32 128 5000 197
655 8 320 1000 155
656 32 320 5000 196
657 32 32 2000 95
658 32 320 800 93
659 8 32 5000 147
660 32 128 400 192
661 32 128 2000 97
662 32 320 400 184
663 32 128 2000 144
664 8 320 400 114
665 8 128 400 109
666 8 128 2000 195
667 32 320 800 115
668 32 32 2000 120
669 32 128 5000 147
670 8 128 5000 192
671 8 32 400 111
672 32 32 1000 169
673 32 32 2000 99
674 8 128 2000 134
675 32 320 1000 135
676 32 320 400 185
677 32 320 1000 139
678 8 128 400 127
679 8 128 400 194
680 8 32 2000 195
681 8 320 2000 176
682 32 320 5000 94
683 32 128 800 111
684 32 320 1000 194
685 8 128 400 176
686 32 32 800 130
687 32 128 5000 173
688 8 32 1000 123
689 8 32 1000 185
690 32 320 2000 197
691 32 128 400 120
692 32 128 400 124
693 8 32 1000 116
694 32 320 5000 200
695 32 320 5000 187
696 32 128 2000 194
697 32 320 1000 94
698 32 128 800 146
699 8 320 1000 199
700 32 128 800 128
701 8 320 2000 104
702 8 128 800 121
703 8 32 800 160
704 32 128 2000 186
705 32 128 400 195
706 32 32 1000 185
707 32 320 800 111
708 32 128 800 181
709 32 128 400 185
710 32 32 400 197
711 8 320 5000 176
712 8 128 5000 186
713 32 128 2000 148
714 32 320 400 175
715 8 32 800 106
716 32 320 400 187
717 32 128 2000 195
718 32 320 5000 100
719 8 32 400 109
720 32 128 2000 132
721 8 320 1000 185
722 32 320 1000 139
723 32 320 5000 175
724 8 320 400 192
725 8 32 2000 158
726 32 320 2000 119
727 8 128 1000 153
728 8 128 5000 150
729 32 320 400 153
730 32 320 400 113
731 8 32 400 93
732 32 128 800 182
733 32 32 2000 135
734 32 320 800 120
735 32 320 1000 109
736 8 32 1000 132
737 8 32 2000 184
738 8 32 400 156
739 8 128 5000 126
740 32 128 1000 99
741 32 32 5000 107
742 8 128 2000 113
743 8 128 1000 96
744 32 32 5000 101
745 32 320 800 126
746 32 32 800 171
747 8 32 1000 122
748 8 128 2000 186
749 32 320 400 116
750 32 128 5000 137
751 32 128 2000 132
752 8 32 1000 117
753 8 128 2000 149
754 32 128 400 173
755 8 32 2000 125
756 32 32 2000 143
757 8 32 800 158
758 32 32 800 183
759 8 32 5000 197
760 32 320 1000 179
761 8 128 2000 197
762 32 128 2000 137
763 8 320 400 160
764 32 128 5000 182
765 32 32 1000 197
766 32 320 2000 195
767 32 128 800 140
768 32 128 5000 176
769 8 32 1000 186
770 8 128 1000 142
771 32 320 1000 151
772 8 128 5000 148
773 8 32 800 191
774 8 128 400 153
775 32 128 2000 186
776 32 128 2000 123
777 32 32 5000 119
778 32 128 1000 171
779 32 320 400 139
780 8 128 800 113
781 32 320 2000 155
782 32 128 800 188
783 8 320 1000 118
784 8 128 5000 180
785 8 128 5000 96
786 32 32 400 132
787 32 128 800 192
788 32 32 5000 190
789 8 32 800 142
790 8 320 2000 113
791 32 320 1000 183
792 32 128 5000 148
793 8 320 800 162
794 32 320 5000 195
795 8 32 800 175
796 8 128 1000 109
797 32 32 2000 102
798 8 320 400 187
204
1 345 60 106
2 279 54 129
8 252 70 105
9 152 44 133
10 414 68 90
11 324 59 190
12 617 40 157
14 71 55 113
15 513 47 163
17 344 53 184
24 138 45 150
25 619 53 193
26 254 43 168
28 106 45 129
28 637 46 120
30 427 43 151
31 161 50 93
35 39 58 97
35 414 47 107
36 289 40 164
38 182 49 189
40 752 66 96
46 635 46 103
47 521 46 187
48 506 57 127
52 736 66 162
56 646 65 119
56 84 55 177
58 345 43 105
58 216 41 142
59 319 42 180
59 560 57 169
62 414 45 149
67 717 67 109
69 133 57 114
72 530 47 108
72 311 51 121
75 500 41 115
77 581 61 198
77 152 44 199
79 267 53 102
79 550 52 167
82 524 51 102
92 103 42 194
92 792 66 169
93 163 57 115
95 187 61 170
97 729 47 99
97 547 47 136
99 280 64 170
99 135 57 92
106 415 64 131
108 632 57 137
111 195 63 175
117 308 61 172
118 160 64 92
118 567 51 139
119 652 67 147
122 675 46 192
123 784 44 165
124 285 51 90
124 559 59 134
125 636 52 115
129 348 56 165
130 798 42 197
130 789 42 115
130 274 48 142
130 677 42 176
130 213 59 145
137 573 53 189
140 224 49 101
143 687 56 181
150 520 62 94
151 566 58 171
151 768 48 102
152 428 64 127
152 716 64 197
153 748 45 98
155 226 60 180
161 566 42 92
163 179 42 175
166 503 60 167
172 188 64 139
174 744 58 189
178 597 65 140
180 648 63 96
182 510 64 114
182 324 64 172
185 370 49 94
185 211 50 128
186 560 62 132
187 661 59 99
189 550 69 123
193 440 51 149
196 403 70 134
198 582 58 183
198 558 57 112
203 745 61 92
207 383 53 197
207 762 51 129
212 333 62 143
215 764 53 107
217 304 54 191
228 458 65 98
230 245 48 127
231 724 61 192
235 354 60 99
237 589 45 190
239 642 67 148
247 323 62 131
249 431 46 127
249 267 51 123
250 626 50 145
251 713 52 101
252 612 48 200
253 454 69 108
257 785 48 151
258 349 66 137
260 316 49 190
261 552 40 130
262 626 63 147
263 572 61 196
269 471 41 183
269 283 53 153
270 336 50 193
277 531 45 150
284 546 41 121
284 434 49 119
289 588 69 93
290 448 67 92
290 608 53 147
292 428 47 136
294 396 63 139
297 759 42 194
299 634 53 176
312 735 56 90
313 744 67 115
313 505 45 176
314 436 62 101
314 585 46 148
314 555 43 154
324 516 51 122
331 378 48 112
336 737 60 186
338 731 58 194
339 539 66 117
340 577 57 149
341 658 46 165
346 486 47 122
349 402 53 97
353 373 44 116
359 404 49 197
362 416 55 180
377 700 64 159
377 598 51 167
379 442 56 161
384 701 64 188
387 507 61 107
402 679 53 94
406 543 69 104
421 578 56 158
422 441 56 179
426 503 59 107
426 530 46 157
430 480 43 100
440 454 49 105
443 502 46 114
448 791 52 141
449 478 51 132
451 575 49 101
453 721 57 161
454 483 51 157
455 496 64 183
457 720 57 162
463 727 60 147
465 657 53 112
500 662 46 133
503 596 51 150
506 731 61 92
522 760 70 139
524 554 41 147
540 546 50 185
545 562 59 93
548 755 61 95
550 626 40 94
554 606 41 135
560 674 53 153
575 689 51 176
579 639 51 114
582 751 40 105
584 661 67 102
602 653 49 161
615 798 66 190
628 673 56 101
639 648 64 185
681 763 59 95
683 715 64 99
685 780 58 121
694 695 55 199
705 733 66 197
707 760 41 100
725 759 56 133
757 758 51 134
762 794 58 175