165
0 32 40 5000 184
1 32 64 800 93
2 32 64 1000 104
3 16 64 2000 96
4 16 96 2000 192
5 16 64 5000 194
6 16 40 400 168
7 32 96 1000 107
8 32 96 800 92
9 32 64 1000 140
10 16 64 800 97
11 32 40 2000 155
12 32 96 800 185
13 32 64 800 187
14 16 64 800 135
15 32 40 800 136
16 16 40 5000 158
17 16 96 400 165
18 16 96 1000 157
19 32 64 5000 105
20 32 40 800 198
21 16 96 800 198
22 16 64 800 123
23 32 64 2000 193
24 16 64 400 196
25 32 96 1000 182
26 32 96 5000 107
27 16 40 1000 115
28 32 40 400 98
29 16 96 400 169
30 32 64 2000 186
31 32 96 5000 158
32 16 96 1000 122
33 16 64 2000 133
34 16 64 2000 200
35 32 64 1000 146
36 32 64 5000 131
37 16 96 2000 101
38 16 40 800 114
39 16 40 400 91
40 16 40 1000 171
41 32 40 1000 142
42 32 96 800 190
43 32 64 5000 158
44 32 40 5000 124
45 32 40 1000 158
46 32 40 1000 116
47 32 64 2000 189
48 32 96 400 105
49 32 64 5000 116
50 16 40 1000 98
51 16 96 1000 112
52 16 96 5000 93
53 16 96 5000 100
54 16 64 5000 137
55 16 96 800 148
56 32 64 800 150
57 32 40 5000 158
58 32 96 800 114
59 16 64 800 177
60 32 40 1000 195
61 16 64 800 177
62 32 64 5000 136
63 32 96 5000 97
64 32 40 2000 175
65 16 64 1000 184
66 16 40 400 175
67 32 96 1000 148
68 16 64 400 172
69 16 64 5000 120
70 16 96 1000 188
71 16 64 5000 117
72 16 40 5000 169
73 32 40 5000 175
74 16 96 2000 188
75 32 96 5000 167
76 32 64 1000 151
77 32 40 1000 105
78 16 64 5000 90
79 32 40 2000 93
80 32 64 5000 91
81 16 96 5000 200
82 32 40 400 187
83 32 40 2000 195
84 16 40 5000 120
85 16 96 5000 139
86 16 64 400 172
87 16 40 2000 185
88 16 96 800 124
89 16 64 5000 131
90 32 96 800 125
91 32 96 800 122
92 16 64 1000 181
93 16 96 400 120
94 32 96 5000 182
95 16 64 800 113
96 16 40 5000 196
97 16 64 2000 96
98 16 96 1000 200
99 32 96 5000 111
100 16 40 400 192
101 32 64 1000 102
102 16 96 2000 200
103 32 64 2000 175
104 16 40 800 153
105 32 96 5000 160
106 32 64 2000 106
107 16 40 400 100
108 32 64 800 99
109 32 40 2000 148
110 32 64 5000 185
111 16 96 2000 144
112 32 96 1000 189
113 32 40 5000 119
114 32 96 400 193
115 32 64 800 150
116 32 96 2000 147
117 16 96 800 117
118 16 40 400 200
119 32 96 800 99
120 32 96 800 129
121 32 64 2000 142
122 32 96 800 177
123 16 96 5000 157
124 32 40 400 158
125 16 40 5000 128
126 16 64 400 193
127 16 64 400 179
128 16 64 800 200
129 16 40 800 153
130 32 64 5000 135
131 32 64 2000 175
132 16 96 1000 152
133 16 40 1000 140
134 16 64 800 99
135 32 64 2000 153
136 32 40 800 162
137 32 64 5000 122
138 32 96 1000 92
139 16 96 400 90
140 16 64 2000 162
141 16 96 5000 102
142 32 64 2000 108
143 16 40 2000 97
144 32 96 5000 129
145 16 40 800 154
146 32 40 5000 135
147 32 40 800 119
148 16 40 2000 96
149 32 40 5000 181
150 32 96 400 142
151 16 96 1000 128
152 32 40 400 186
153 32 96 400 119
154 32 64 5000 139
155 16 64 800 139
156 32 40 2000 141
157 32 40 5000 143
158 32 96 800 168
159 32 64 5000 129
160 32 96 400 160
161 32 40 2000 112
162 32 96 800 166
163 32 96 1000 152
164 32 64 800 164
75
2 52 50 190
2 62 66 92
3 135 51 121
3 96 55 191
3 78 40 168
4 148 64 109
5 123 70 193
6 66 58 100
7 103 43 176
7 124 65 171
9 103 45 124
10 52 52 183
10 34 58 102
11 74 49 115
16 75 50 117
18 155 64 139
20 37 49 171
20 48 66 124
22 29 62 156
22 60 46 194
25 140 41 199
27 142 48 153
28 153 52 190
28 117 59 115
29 98 41 152
29 110 64 185
29 85 57 163
30 147 54 185
33 76 46 140
34 91 66 185
34 59 55 114
34 107 64 173
34 124 46 158
36 62 68 112
37 76 65 130
37 46 69 190
40 90 62 140
40 129 44 189
42 47 62 184
43 153 65 153
44 68 49 172
48 153 62 182
52 145 43 181
55 97 46 198
55 59 44 189
57 63 49 200
58 89 63 152
59 126 55 187
63 76 58 133
72 97 52 168
80 131 49 135
86 92 40 161
86 133 56 132
88 153 42 115
92 111 52 101
92 116 62 136
95 127 42 168
95 97 70 144
96 152 59 96
98 99 65 146
102 158 42 165
105 114 69 164
109 121 59 181
110 123 63 128
111 120 66 139
117 143 41 126
118 147 67 132
124 145 43 173
132 134 44 129
133 135 48 166
134 152 59 99
141 154 47 150
143 144 49 110
146 160 63 137
154 159 58 139