431
0 128 256 2400 153
1 64 64 500 187
2 64 128 800 93
3 64 64 5000 156
4 32 128 500 114
5 128 128 2400 163
6 128 256 5000 164
7 64 256 2400 159
8 64 16 2400 105
9 16 128 2400 132
10 32 16 5000 188
11 128 16 1000 199
12 64 16 500 117
13 128 64 800 114
14 64 64 2400 178
15 16 16 500 116
16 32 16 1000 141
17 32 16 800 182
18 16 256 2400 181
19 128 64 1000 133
20 64 64 1000 138
21 64 64 1000 102
22 128 128 500 195
23 128 16 800 101
24 64 128 1000 169
25 64 64 5000 134
26 128 64 5000 137
27 64 256 500 156
28 32 128 2400 180
29 64 256 800 91
30 16 256 2400 137
31 128 128 5000 160
32 128 256 1000 119
33 16 128 1000 189
34 16 16 800 173
35 64 16 2400 197
36 64 64 5000 99
37 32 256 500 182
38 16 128 500 127
39 32 64 2400 155
40 64 128 2400 128
41 32 64 5000 174
42 16 64 800 194
43 128 16 2400 94
44 32 64 1000 199
45 32 128 2400 127
46 16 128 500 172
47 32 16 5000 142
48 32 64 2400 130
49 64 16 800 97
50 32 256 2400 152
51 128 16 800 196
52 128 64 800 117
53 64 64 2400 167
54 128 16 500 93
55 64 16 500 138
56 128 64 500 90
57 32 64 2400 129
58 16 128 500 198
59 128 128 1000 143
60 32 256 500 98
61 16 16 500 123
62 128 256 2400 157
63 16 256 1000 112
64 16 256 5000 199
65 128 16 800 112
66 16 64 800 192
67 16 128 500 189
68 32 64 2400 102
69 32 16 800 123
70 32 64 5000 161
71 128 256 500 90
72 128 64 1000 141
73 128 16 2400 160
74 16 16 500 166
75 128 256 800 185
76 128 16 5000 136
77 16 128 1000 90
78 16 128 2400 166
79 128 16 2400 180
80 64 256 500 136
81 32 64 800 173
82 32 128 1000 161
83 32 64 1000 144
84 128 64 5000 168
85 32 128 800 119
86 64 16 800 92
87 128 64 1000 184
88 128 64 1000 143
89 16 64 500 155
90 32 16 1000 120
91 16 128 1000 149
92 16 64 500 111
93 16 256 1000 172
94 16 64 5000 194
95 16 64 2400 145
96 32 256 5000 184
97 128 128 1000 149
98 16 256 1000 179
99 16 64 5000 109
100 32 256 500 107
101 16 128 800 172
102 64 16 5000 193
103 128 256 5000 189
104 32 64 5000 144
105 128 256 500 101
106 16 64 5000 138
107 128 64 800 143
108 16 128 2400 108
109 64 128 800 170
110 32 256 5000 177
111 16 128 1000 109
112 128 64 2400 200
113 128 128 5000 140
114 32 16 2400 174
115 64 16 1000 111
116 128 128 5000 181
117 16 64 2400 173
118 32 64 800 146
119 16 16 800 149
120 32 64 5000 123
121 16 256 5000 97
122 64 128 5000 196
123 32 64 800 185
124 128 16 5000 191
125 16 128 5000 103
126 16 64 5000 91
127 64 256 5000 135
128 16 16 1000 90
129 32 16 5000 127
130 16 64 500 138
131 128 256 2400 195
132 128 256 1000 130
133 32 256 500 197
134 128 128 2400 116
135 16 16 2400 165
136 128 256 1000 151
137 16 128 1000 152
138 128 128 1000 174
139 64 16 800 94
140 64 16 800 189
141 128 128 1000 173
142 128 64 500 157
143 32 64 2400 129
144 32 256 1000 144
145 64 128 800 104
146 16 16 5000 104
147 64 128 1000 138
148 32 64 1000 114
149 32 16 5000 92
150 32 256 800 94
151 16 64 800 196
152 128 64 1000 143
153 32 64 500 188
154 16 16 5000 136
155 16 16 500 162
156 16 64 5000 166
157 32 128 500 165
158 16 256 500 130
159 16 64 800 156
160 128 256 1000 122
161 16 16 5000 156
162 128 128 500 174
163 128 16 1000 170
164 32 256 5000 138
165 128 64 1000 129
166 64 256 2400 181
167 64 16 800 196
168 32 256 800 101
169 128 16 1000 176
170 64 64 1000 182
171 32 256 800 93
172 32 128 1000 112
173 16 128 2400 187
174 32 256 800 116
175 64 64 2400 177
176 16 128 800 197
177 128 256 1000 166
178 16 64 2400 187
179 32 16 1000 189
180 16 128 5000 172
181 128 16 2400 130
182 128 16 1000 146
183 16 256 5000 140
184 32 128 5000 115
185 32 64 1000 119
186 128 64 2400 138
187 32 16 1000 124
188 64 16 5000 138
189 128 128 5000 172
190 64 16 500 146
191 32 16 2400 110
192 32 64 5000 165
193 64 16 800 92
194 64 128 500 141
195 16 16 800 90
196 64 16 5000 118
197 32 128 500 176
198 128 128 800 116
199 64 16 1000 154
200 16 256 1000 120
201 32 256 2400 114
202 32 256 500 104
203 64 64 1000 110
204 128 128 800 129
205 64 128 2400 136
206 32 16 500 134
207 16 16 500 162
208 64 16 800 185
209 128 64 500 195
210 16 256 1000 106
211 16 16 2400 106
212 64 256 500 134
213 32 16 5000 111
214 128 128 2400 115
215 16 128 1000 152
216 16 128 500 166
217 16 16 5000 150
218 32 128 800 92
219 32 16 2400 143
220 16 16 800 182
221 128 64 500 134
222 16 256 2400 107
223 128 128 5000 100
224 16 64 500 90
225 64 256 1000 151
226 32 256 1000 131
227 32 256 500 147
228 128 128 2400 142
229 64 16 1000 115
230 128 64 5000 197
231 32 128 500 90
232 128 64 2400 103
233 64 64 2400 128
234 64 16 2400 106
235 16 128 500 196
236 128 256 5000 134
237 32 16 1000 175
238 32 64 5000 100
239 32 128 800 161
240 128 256 800 147
241 16 128 5000 195
242 128 64 800 171
243 16 256 500 109
244 32 64 5000 197
245 64 16 2400 118
246 128 64 500 150
247 64 256 500 133
248 16 128 2400 181
249 16 128 5000 121
250 128 16 500 104
251 16 64 5000 126
252 128 128 800 124
253 16 16 1000 93
254 128 64 1000 162
255 128 256 5000 193
256 16 64 2400 116
257 16 64 800 166
258 64 16 800 104
259 16 16 800 189
260 16 16 1000 105
261 64 16 500 114
262 32 256 2400 183
263 32 256 5000 107
264 64 256 1000 197
265 16 64 800 108
266 128 16 5000 144
267 16 128 800 92
268 32 16 1000 156
269 64 256 1000 138
270 16 256 2400 164
271 16 16 5000 186
272 128 128 5000 134
273 128 16 800 117
274 16 64 500 150
275 128 16 500 174
276 16 64 800 135
277 16 16 800 163
278 16 256 2400 149
279 16 256 800 102
280 16 16 500 172
281 128 256 500 121
282 16 128 1000 97
283 32 128 5000 183
284 16 16 500 121
285 32 64 500 183
286 16 256 800 140
287 32 16 1000 129
288 16 16 5000 188
289 16 256 2400 132
290 16 16 5000 172
291 64 128 1000 104
292 32 128 5000 173
293 128 256 800 199
294 32 128 5000 161
295 128 64 1000 104
296 16 16 5000 102
297 16 16 5000 152
298 128 128 5000 155
299 32 16 5000 99
300 32 256 2400 147
301 128 64 2400 157
302 16 256 5000 148
303 16 64 2400 132
304 64 16 1000 98
305 32 64 800 115
306 128 128 5000 197
307 16 64 2400 142
308 64 256 800 97
309 32 64 800 194
310 32 64 1000 114
311 16 64 500 107
312 32 64 5000 101
313 64 64 800 133
314 128 16 1000 149
315 64 256 2400 173
316 128 256 800 173
317 16 128 1000 91
318 128 16 500 131
319 128 128 1000 157
320 128 128 1000 191
321 64 16 500 93
322 32 128 5000 147
323 16 256 2400 165
324 16 16 1000 91
325 16 128 500 158
326 128 16 5000 119
327 64 128 5000 153
328 32 64 1000 170
329 64 64 1000 185
330 128 64 800 144
331 16 16 1000 168
332 64 128 500 119
333 16 64 5000 154
334 32 256 1000 104
335 32 64 500 100
336 64 128 1000 120
337 64 64 1000 120
338 32 128 800 177
339 16 16 500 179
340 16 128 5000 124
341 32 256 2400 168
342 64 16 1000 111
343 16 64 1000 148
344 64 64 2400 129
345 128 128 1000 174
346 64 64 2400 199
347 16 64 5000 170
348 32 64 2400 142
349 128 64 1000 100
350 32 16 5000 188
351 64 256 500 188
352 128 256 2400 184
353 128 16 5000 144
354 16 16 800 134
355 16 128 800 96
356 128 256 5000 151
357 32 256 800 103
358 32 64 5000 189
359 16 64 5000 184
360 16 16 2400 182
361 16 16 1000 112
362 128 16 2400 119
363 16 128 5000 198
364 128 128 1000 160
365 32 64 800 178
366 128 64 800 96
367 16 256 800 108
368 64 128 2400 144
369 16 16 5000 116
370 128 256 2400 183
371 16 64 1000 157
372 32 16 5000 118
373 64 256 1000 102
374 32 128 2400 178
375 128 16 2400 198
376 64 16 800 186
377 32 64 1000 92
378 16 16 2400 144
379 32 16 1000 123
380 16 16 500 172
381 128 256 1000 130
382 32 128 800 144
383 16 256 500 111
384 32 128 800 172
385 32 256 500 145
386 64 256 1000 123
387 64 16 1000 93
388 128 16 1000 175
389 16 256 2400 123
390 32 256 1000 165
391 128 256 500 100
392 32 256 5000 144
393 64 128 2400 176
394 32 128 5000 134
395 64 64 1000 123
396 16 64 800 152
397 64 256 5000 153
398 32 64 500 160
399 16 128 5000 179
400 32 256 1000 185
401 128 16 2400 142
402 128 16 800 105
403 32 256 2400 150
404 16 128 2400 105
405 128 128 2400 163
406 128 256 2400 196
407 128 128 2400 102
408 128 256 2400 129
409 32 256 2400 139
410 16 128 2400 161
411 32 256 500 132
412 128 64 1000 151
413 32 128 2400 93
414 64 128 500 174
415 64 16 1000 134
416 128 256 2400 99
417 16 128 5000 184
418 32 64 500 180
419 128 256 500 114
420 64 16 5000 102
421 128 64 500 141
422 32 256 1000 164
423 16 16 500 166
424 32 128 1000 110
425 16 64 1000 185
426 32 256 2400 160
427 32 64 500 96
428 128 256 5000 147
429 64 128 5000 101
430 64 64 2400 197
86
9 197 57 101
9 375 56 121
10 250 54 91
12 201 69 143
13 105 57 179
14 394 64 152
16 118 57 95
18 179 58 173
19 24 52 120
20 382 51 144
22 42 52 160
23 195 68 162
23 108 46 155
25 128 47 175
25 258 47 148
30 361 40 165
35 399 66 127
37 78 40 179
39 221 40 90
40 61 66 179
45 244 51 170
51 270 61 142
51 431 53 97
53 369 40 185
56 297 48 125
57 420 40 128
59 285 48 127
59 243 58 165
64 101 68 200
66 286 62 141
74 270 56 141
81 277 69 199
83 153 66 142
93 145 68 160
96 250 61 120
100 151 40 162
101 381 64 190
103 162 45 135
103 111 68 123
104 243 61 171
118 178 43 132
119 183 69 102
122 165 57 96
131 153 49 129
139 191 58 179
140 260 58 172
143 312 49 126
152 406 58 165
153 277 49 173
157 266 61 148
159 281 51 101
160 169 69 158
163 391 45 127
164 185 52 90
168 235 68 98
175 357 55 123
176 208 62 93
178 391 61 193
178 290 58 171
183 310 58 93
183 213 62 177
184 369 49 157
205 420 59 161
214 348 57 200
218 260 65 166
233 398 49 159
243 247 69 136
243 405 64 153
245 429 55 197
245 386 67 142
277 298 58 174
285 359 59 186
298 313 67 140
305 371 40 134
313 356 40 102
331 406 44 91
335 398 56 133
338 389 65 115
349 419 58 190
351 422 44 156
363 395 41 195
370 425 40 126
390 402 54 172
391 421 61 135
393 415 49 185
398 406 54 154