760
0 2 16 200 94
1 2 128 200 119
2 2 16 500 123
3 2 128 1000 132
4 2 64 100 147
5 2 128 100 91
6 8 16 300 143
7 16 64 100 97
8 2 64 100 91
9 16 128 1000 134
10 16 128 200 137
11 2 128 100 90
12 2 64 300 125
13 16 16 300 114
14 16 128 1000 145
15 8 64 200 129
16 16 16 100 136
17 16 128 500 95
18 2 64 1000 116
19 2 64 500 95
20 16 64 500 115
21 16 64 1000 123
22 2 64 200 90
23 16 128 300 127
24 16 128 300 118
25 16 64 300 109
26 2 16 300 131
27 16 64 500 100
28 8 16 100 100
29 8 128 200 122
30 2 64 100 97
31 8 64 200 102
32 16 128 1000 104
33 16 16 1000 119
34 2 64 500 107
35 8 16 1000 142
36 8 16 100 137
37 2 128 100 150
38 8 128 200 122
39 2 16 100 90
40 16 64 300 141
41 8 16 500 148
42 16 64 100 130
43 2 128 500 118
44 8 16 500 111
45 2 128 500 93
46 16 16 1000 117
47 8 128 200 100
48 8 16 200 137
49 2 64 100 133
50 2 16 500 132
51 16 64 100 128
52 16 128 100 105
53 16 128 1000 97
54 8 128 200 93
55 16 128 500 95
56 2 128 1000 148
57 16 64 500 142
58 2 64 500 113
59 8 16 300 90
60 16 128 1000 122
61 8 16 200 142
62 2 128 1000 139
63 2 64 1000 143
64 8 16 100 147
65 8 128 1000 96
66 8 16 500 146
67 16 64 1000 100
68 8 16 200 96
69 16 128 200 120
70 2 128 200 136
71 2 128 200 126
72 16 16 500 147
73 2 128 100 110
74 2 128 100 105
75 16 128 300 111
76 16 64 200 143
77 2 64 100 105
78 2 16 100 134
79 2 128 500 108
80 8 16 100 124
81 16 64 1000 148
82 16 64 1000 137
83 2 16 200 140
84 8 64 1000 96
85 2 64 500 98
86 16 16 300 144
87 8 128 100 148
88 16 16 500 96
89 16 128 200 97
90 16 128 300 129
91 8 16 300 109
92 2 16 100 127
93 16 16 200 113
94 8 128 200 120
95 2 128 300 141
96 16 16 1000 112
97 2 64 1000 120
98 8 16 1000 107
99 8 64 200 113
100 2 16 500 150
101 16 64 1000 117
102 8 128 200 117
103 16 16 300 116
104 8 128 500 150
105 2 128 200 93
106 8 64 1000 97
107 2 16 500 108
108 2 128 100 110
109 16 128 300 113
110 8 64 300 91
111 2 128 1000 127
112 2 16 1000 139
113 2 64 300 144
114 2 16 200 109
115 16 16 300 93
116 2 64 200 105
117 16 16 500 114
118 16 64 300 134
119 2 64 1000 125
120 2 16 100 110
121 8 128 200 118
122 2 16 100 127
123 2 64 1000 102
124 2 64 100 90
125 8 128 500 140
126 8 128 100 120
127 2 64 100 126
128 8 16 1000 115
129 8 128 1000 123
130 8 128 100 135
131 16 128 500 124
132 8 16 200 94
133 16 16 500 134
134 2 64 1000 104
135 8 64 200 119
136 8 64 100 127
137 8 16 200 126
138 8 128 200 139
139 16 16 200 103
140 2 16 100 110
141 16 128 200 147
142 16 16 500 101
143 16 128 100 134
144 16 64 200 92
145 8 16 500 91
146 2 128 1000 121
147 16 128 300 113
148 2 128 1000 149
149 16 64 1000 99
150 8 16 500 118
151 16 16 200 117
152 8 64 200 134
153 8 64 300 120
154 16 64 200 126
155 8 16 1000 141
156 2 16 200 116
157 16 16 100 99
158 8 16 500 136
159 16 128 500 128
160 16 64 200 100
161 16 16 1000 141
162 2 128 200 128
163 16 16 300 104
164 2 64 200 141
165 16 64 100 145
166 8 16 500 130
167 16 16 100 133
168 16 128 300 125
169 16 64 1000 149
170 8 128 1000 146
171 2 64 300 117
172 2 64 300 119
173 2 128 300 130
174 8 64 500 120
175 16 128 500 101
176 16 64 300 113
177 16 64 300 131
178 16 128 200 121
179 2 64 1000 138
180 2 64 1000 137
181 2 16 100 129
182 2 64 200 92
183 16 16 300 135
184 2 16 1000 125
185 8 64 1000 123
186 16 64 1000 125
187 8 128 1000 100
188 2 64 500 111
189 16 128 100 118
190 8 16 200 144
191 2 16 500 135
192 16 16 200 140
193 16 64 100 94
194 8 128 100 94
195 2 128 1000 127
196 8 128 1000 111
197 2 16 500 139
198 2 16 200 101
199 16 128 200 129
200 2 64 500 105
201 8 128 300 145
202 8 128 500 98
203 8 16 500 122
204 16 16 300 142
205 8 64 300 93
206 8 16 1000 101
207 16 16 1000 119
208 8 128 1000 92
209 8 16 200 100
210 16 64 200 140
211 16 16 200 134
212 8 64 500 149
213 8 64 100 101
214 16 16 200 123
215 2 16 200 150
216 2 128 500 104
217 2 64 100 110
218 2 16 1000 93
219 2 16 500 137
220 2 64 500 129
221 16 64 1000 133
222 2 128 200 132
223 16 64 100 126
224 2 64 200 117
225 8 128 500 106
226 2 64 500 146
227 16 64 1000 97
228 2 64 1000 141
229 16 16 500 124
230 16 64 1000 103
231 8 128 200 137
232 2 16 100 141
233 2 128 300 132
234 2 16 500 95
235 2 128 300 109
236 16 64 1000 135
237 8 128 100 136
238 8 128 300 144
239 8 128 500 121
240 16 64 100 142
241 8 128 500 134
242 2 16 100 125
243 16 128 100 142
244 8 128 500 110
245 8 16 500 90
246 2 64 500 114
247 2 128 500 98
248 2 128 300 117
249 2 64 300 95
250 8 64 100 104
251 8 16 100 121
252 16 128 100 95
253 8 64 100 128
254 16 128 100 120
255 2 64 200 147
256 8 128 100 92
257 8 16 200 97
258 2 128 200 117
259 16 128 100 99
260 8 128 1000 143
261 16 64 200 116
262 8 128 200 132
263 2 16 100 133
264 2 16 1000 121
265 16 128 100 132
266 8 64 500 132
267 16 128 300 95
268 2 16 300 135
269 2 64 500 123
270 8 128 300 125
271 16 128 100 147
272 8 64 200 139
273 8 128 500 92
274 8 64 1000 143
275 16 16 100 141
276 16 128 200 116
277 16 16 1000 120
278 16 128 200 97
279 8 64 300 102
280 8 16 300 117
281 2 64 300 113
282 8 64 200 127
283 16 128 1000 113
284 16 128 200 105
285 8 64 1000 105
286 2 64 1000 106
287 16 16 300 106
288 2 16 100 105
289 8 128 300 98
290 2 128 300 104
291 2 128 1000 106
292 16 128 100 96
293 2 64 200 114
294 2 64 200 118
295 2 128 300 131
296 2 128 300 98
297 2 128 100 94
298 16 128 300 97
299 2 64 1000 143
300 2 16 100 112
301 16 16 1000 127
302 2 64 100 109
303 8 64 500 142
304 2 64 1000 149
305 8 128 1000 112
306 8 64 500 145
307 8 128 300 113
308 16 128 1000 106
309 8 16 500 103
310 16 128 200 94
311 8 16 500 93
312 8 16 100 126
313 16 64 500 100
314 2 64 300 97
315 16 16 1000 134
316 8 64 100 101
317 2 16 500 146
318 16 128 200 135
319 2 16 1000 95
320 2 128 200 109
321 16 128 200 127
322 16 64 100 130
323 8 16 200 138
324 2 16 200 119
325 16 64 500 138
326 2 16 200 124
327 2 128 100 134
328 8 16 500 146
329 8 16 1000 150
330 8 64 300 149
331 16 64 1000 103
332 2 64 500 91
333 2 16 300 126
334 2 64 100 137
335 2 16 300 145
336 2 64 1000 111
337 2 64 300 93
338 2 128 1000 149
339 8 64 100 127
340 2 16 300 131
341 2 128 500 133
342 16 64 200 146
343 8 128 500 144
344 16 128 500 120
345 8 128 1000 126
346 8 16 1000 143
347 16 16 1000 140
348 8 64 1000 141
349 8 16 500 134
350 16 128 500 97
351 16 64 300 104
352 2 128 100 118
353 16 16 1000 102
354 16 16 300 129
355 8 16 1000 131
356 8 128 100 113
357 2 128 500 122
358 8 64 100 150
359 2 128 1000 125
360 2 128 200 97
361 2 16 500 118
362 16 128 500 121
363 2 128 200 103
364 16 64 200 92
365 2 16 100 129
366 2 128 100 136
367 16 16 200 128
368 8 64 300 130
369 16 16 1000 148
370 2 64 1000 147
371 8 128 200 130
372 16 16 1000 110
373 16 16 1000 149
374 2 128 1000 128
375 16 16 100 101
376 2 16 100 111
377 8 16 1000 92
378 2 16 100 128
379 16 16 500 117
380 16 16 1000 120
381 2 16 300 122
382 8 64 100 129
383 8 16 500 103
384 8 128 200 109
385 16 128 500 121
386 16 128 200 101
387 2 64 200 112
388 8 64 200 98
389 16 128 300 95
390 2 16 200 123
391 16 128 300 90
392 8 16 1000 99
393 2 128 500 111
394 16 128 300 107
395 8 16 300 119
396 8 64 500 127
397 8 16 200 129
398 8 64 200 142
399 2 128 100 121
400 8 64 200 118
401 16 64 100 116
402 8 16 500 97
403 2 16 100 116
404 2 128 100 143
405 2 16 300 137
406 16 16 1000 136
407 2 16 500 95
408 16 64 500 133
409 2 16 100 147
410 2 64 300 142
411 16 16 300 127
412 8 128 100 146
413 8 16 1000 120
414 8 128 200 143
415 2 64 100 90
416 16 128 100 115
417 16 64 1000 114
418 8 128 100 137
419 16 16 300 125
420 16 16 200 112
421 8 16 200 134
422 8 64 500 108
423 16 128 200 126
424 16 64 100 95
425 2 16 1000 101
426 16 128 1000 140
427 2 128 100 134
428 2 64 100 113
429 2 128 300 120
430 2 128 1000 111
431 8 128 300 97
432 8 64 200 146
433 2 128 200 102
434 16 16 1000 112
435 16 128 200 116
436 2 64 500 93
437 16 128 1000 110
438 2 64 100 112
439 8 16 100 93
440 16 128 100 134
441 2 64 1000 95
442 16 128 200 103
443 2 64 300 111
444 16 16 100 136
445 8 16 1000 117
446 16 16 1000 92
447 16 128 200 98
448 16 16 1000 96
449 16 16 500 128
450 8 64 200 125
451 16 64 1000 150
452 16 64 1000 147
453 2 128 1000 98
454 16 128 200 103
455 2 16 200 128
456 8 64 200 104
457 8 16 1000 130
458 2 16 200 141
459 8 128 200 149
460 16 16 100 136
461 16 16 100 116
462 8 128 200 92
463 2 16 300 122
464 2 128 200 115
465 8 128 200 125
466 2 16 500 126
467 2 128 200 100
468 16 16 100 97
469 8 64 500 101
470 8 16 1000 96
471 2 16 100 109
472 2 128 1000 126
473 16 128 200 149
474 2 128 500 107
475 8 16 1000 127
476 2 16 500 113
477 16 128 300 96
478 8 128 500 113
479 8 16 300 102
480 2 64 500 94
481 2 128 500 137
482 2 128 200 112
483 2 64 200 119
484 16 64 300 147
485 2 128 500 143
486 16 16 300 138
487 16 128 300 90
488 2 128 200 92
489 2 16 100 100
490 16 128 200 102
491 2 128 1000 140
492 16 128 200 126
493 8 16 1000 146
494 2 64 1000 105
495 16 16 500 124
496 16 16 100 109
497 2 16 1000 126
498 2 128 1000 118
499 2 128 100 114
500 2 128 300 132
501 2 16 100 139
502 8 16 1000 94
503 16 64 1000 150
504 16 128 100 117
505 8 16 100 102
506 8 64 300 96
507 16 64 300 94
508 2 16 300 101
509 8 128 100 95
510 2 64 100 96
511 16 128 500 149
512 8 64 1000 102
513 2 64 300 148
514 8 64 500 110
515 8 16 300 102
516 2 16 1000 115
517 2 64 500 132
518 16 128 1000 142
519 2 64 500 115
520 2 128 1000 137
521 8 16 300 137
522 8 128 100 140
523 16 128 200 130
524 8 16 100 122
525 8 128 1000 140
526 16 64 1000 99
527 2 128 200 134
528 16 16 1000 134
529 2 64 1000 134
530 16 16 1000 104
531 16 16 1000 93
532 2 64 1000 91
533 8 16 500 137
534 16 128 1000 142
535 16 64 1000 107
536 16 64 1000 128
537 8 16 100 126
538 16 128 300 108
539 16 128 100 112
540 2 128 100 110
541 2 128 300 142
542 16 16 1000 147
543 16 16 300 123
544 8 16 1000 90
545 2 128 300 97
546 16 64 1000 127
547 8 16 500 141
548 16 128 500 94
549 16 128 100 103
550 2 128 200 130
551 2 64 1000 118
552 2 128 500 98
553 16 64 200 137
554 2 16 100 103
555 2 16 500 149
556 16 16 300 115
557 16 128 1000 133
558 16 64 100 116
559 16 128 300 134
560 16 128 500 108
561 16 64 200 105
562 8 16 200 138
563 16 64 1000 100
564 8 16 1000 92
565 8 64 100 95
566 2 64 100 114
567 2 64 200 143
568 16 128 500 150
569 8 64 300 94
570 2 128 100 102
571 2 16 1000 113
572 8 64 300 132
573 2 16 100 95
574 16 64 1000 133
575 2 64 500 129
576 8 128 200 124
577 8 16 500 131
578 16 16 300 139
579 16 128 100 147
580 16 64 300 97
581 16 128 1000 100
582 16 128 500 116
583 8 64 1000 102
584 2 16 500 100
585 16 128 1000 117
586 16 128 1000 105
587 8 128 200 120
588 8 16 200 132
589 16 128 100 104
590 8 64 500 115
591 2 16 100 138
592 8 128 200 98
593 2 64 200 136
594 8 128 500 102
595 8 16 500 110
596 2 64 300 116
597 8 64 300 117
598 2 128 300 112
599 8 16 200 130
600 16 16 1000 142
601 2 128 300 95
602 16 128 300 120
603 8 128 500 91
604 2 64 300 96
605 2 64 500 139
606 2 64 200 150
607 8 16 200 93
608 16 64 200 123
609 2 16 200 111
610 2 16 1000 146
611 16 64 300 141
612 2 64 300 94
613 16 64 100 94
614 16 128 500 149
615 16 64 200 126
616 2 128 100 148
617 16 16 200 127
618 8 64 500 123
619 2 128 100 112
620 8 128 200 149
621 16 16 200 146
622 2 16 200 96
623 2 16 1000 136
624 16 64 300 127
625 16 16 300 122
626 2 128 100 142
627 2 64 300 108
628 16 16 1000 93
629 16 64 100 105
630 16 128 100 119
631 16 16 100 136
632 8 64 100 113
633 16 16 500 109
634 2 128 100 124
635 2 64 300 146
636 8 64 200 98
637 16 64 200 141
638 8 64 100 114
639 16 128 200 120
640 16 64 300 121
641 2 64 500 121
642 2 128 1000 132
643 16 16 100 103
644 8 16 100 119
645 16 64 200 133
646 8 64 100 131
647 16 128 1000 148
648 8 64 500 102
649 8 16 200 98
650 2 128 500 136
651 16 64 300 141
652 16 64 300 120
653 2 128 200 108
654 2 16 100 139
655 8 16 100 141
656 8 16 300 99
657 8 16 500 107
658 16 16 500 139
659 2 128 300 111
660 8 128 500 132
661 8 128 200 106
662 2 16 200 130
663 2 64 500 116
664 8 16 500 97
665 2 64 300 119
666 8 16 100 97
667 2 16 200 112
668 8 16 200 102
669 8 64 1000 93
670 16 16 100 107
671 16 64 100 93
672 2 64 100 94
673 8 64 1000 149
674 16 16 300 142
675 8 64 200 102
676 2 16 200 107
677 8 64 200 135
678 2 16 500 140
679 2 128 300 125
680 2 128 300 132
681 2 128 100 123
682 2 16 500 139
683 2 64 200 105
684 16 16 200 103
685 2 64 300 101
686 8 16 200 114
687 16 128 500 95
688 2 16 1000 116
689 8 16 1000 105
690 8 64 300 134
691 8 16 500 101
692 8 16 500 132
693 2 128 1000 93
694 2 16 500 137
695 8 128 200 99
696 16 16 500 135
697 2 64 200 141
698 8 64 100 129
699 2 16 200 130
700 2 16 300 123
701 16 64 300 126
702 2 64 200 100
703 8 64 500 118
704 8 64 300 149
705 8 16 1000 97
706 2 64 1000 128
707 2 128 1000 133
708 16 128 100 129
709 16 16 200 133
710 16 16 100 143
711 8 64 300 122
712 8 128 200 118
713 2 16 500 103
714 16 128 200 90
715 16 64 100 91
716 16 16 100 150
717 8 128 300 125
718 8 128 100 149
719 8 64 200 141
720 8 16 500 138
721 2 128 200 92
722 2 16 1000 107
723 8 16 200 149
724 16 16 500 134
725 8 16 1000 133
726 16 16 500 118
727 16 64 1000 125
728 8 128 100 113
729 16 16 200 119
730 8 128 1000 136
731 2 64 300 101
732 16 128 500 141
733 2 16 1000 97
734 8 16 500 148
735 16 64 1000 103
736 2 16 100 96
737 8 16 1000 114
738 16 16 100 96
739 8 16 500 116
740 8 128 200 114
741 16 128 300 118
742 2 16 200 114
743 2 16 500 99
744 16 64 100 117
745 2 64 500 108
746 2 128 100 117
747 8 16 1000 135
748 8 128 200 91
749 16 128 1000 147
750 8 16 100 99
751 2 64 500 128
752 16 64 100 94
753 2 128 200 101
754 16 128 500 111
755 2 16 500 100
756 8 64 200 125
757 8 128 100 133
758 8 64 1000 147
759 16 64 100 115
230
1 70 64 198
3 485 63 161
8 326 62 150
8 630 70 146
9 43 67 100
9 88 56 121
9 36 41 181
14 161 41 104
15 107 53 92
18 667 63 180
19 536 66 165
19 652 58 173
20 630 63 95
20 602 63 135
20 299 52 136
20 506 63 90
23 185 58 193
29 738 52 135
32 164 57 190
33 497 57 90
37 236 47 90
40 128 62 183
42 208 61 189
43 512 66 108
45 608 70 186
48 517 64 138
54 367 63 140
55 59 45 176
55 519 50 143
56 496 69 111
57 366 53 126
57 298 69 140
62 651 43 118
62 65 43 149
64 432 40 109
67 216 50 100
70 732 64 181
73 317 43 154
74 440 63 114
75 219 61 108
75 311 50 175
76 127 70 121
77 111 58 166
77 105 67 167
78 422 50 159
78 698 53 122
78 247 64 104
79 312 61 143
80 222 61 109
80 257 46 98
80 377 61 93
80 643 41 129
80 665 63 192
82 600 64 111
83 656 46 197
86 451 42 158
86 449 46 173
88 627 51 127
90 252 41 111
90 182 42 151
94 400 48 179
103 563 44 145
104 464 69 190
109 532 62 190
111 551 44 186
111 533 64 112
112 229 66 92
112 179 53 146
113 457 56 199
118 592 47 146
121 633 47 182
123 219 61 119
126 455 54 113
127 133 48 168
129 384 64 192
130 206 63 161
130 261 53 147
133 136 43 110
138 627 49 191
138 296 67 118
140 146 66 183
144 326 55 131
144 445 70 136
145 277 47 130
151 750 57 98
153 544 46 193
156 160 52 119
157 379 69 142
158 587 54 151
159 233 40 195
165 513 58 111
166 511 42 106
173 512 55 127
174 656 66 100
174 214 69 121
178 266 66 129
180 432 53 156
181 369 65 143
181 214 44 104
183 699 59 180
185 576 60 135
186 445 58 146
187 516 67 153
188 565 43 126
189 443 61 109
191 731 60 103
192 348 55 188
193 676 69 128
194 216 42 196
195 737 50 127
198 269 42 127
200 642 68 169
201 293 61 101
201 444 58 102
203 207 70 124
203 714 60 111
204 230 55 97
210 496 42 128
211 420 70 111
213 549 46 180
215 657 60 155
216 750 67 159
221 425 43 138
224 274 41 90
229 337 60 173
234 460 52 132
244 581 59 180
244 604 64 194
247 250 62 114
249 434 44 137
249 284 53 146
251 252 59 116
252 538 49 101
256 486 45 159
259 352 52 167
264 302 55 112
267 570 53 170
272 648 55 187
272 364 46 198
273 698 68 158
273 394 49 98
275 511 61 105
277 485 52 195
279 564 59 126
280 542 68 149
282 488 69 146
285 349 65 109
290 693 60 114
290 298 64 113
291 678 42 122
294 369 46 137
294 391 60 139
295 377 54 200
296 379 60 118
297 681 44 196
301 336 43 108
302 623 63 162
306 391 62 90
308 580 69 149
323 532 55 170
323 651 64 95
324 367 64 92
332 412 41 100
334 604 47 198
344 668 41 90
345 419 58 106
348 743 65 128
350 486 63 141
351 716 60 184
352 439 55 184
369 531 67 107
370 498 64 161
372 694 42 177
373 444 57 99
380 694 47 96
380 728 67 144
387 539 65 179
397 496 64 130
406 582 42 102
407 472 64 113
416 425 58 120
422 472 65 177
422 552 52 140
422 760 67 183
425 575 44 124
425 728 65 177
427 595 61 127
432 591 58 114
444 623 43 159
446 481 42 151
452 471 62 117
453 576 42 115
457 584 57 139
464 636 66 145
464 556 44 177
468 614 70 133
473 750 42 179
477 572 64 161
479 746 48 120
496 687 58 133
496 732 58 111
498 511 63 157
499 558 50 126
507 559 65 196
513 605 61 104
533 666 44 166
537 604 59 112
541 587 41 178
542 640 40 200
554 591 59 122
555 662 64 196
558 651 58 117
558 645 63 90
558 689 43 182
568 684 62 118
577 632 48 139
591 721 49 153
597 630 69 144
598 659 54 105
603 615 52 183
605 617 70 153
618 622 49 140
619 658 65 147
620 670 47 183
640 641 68 147
643 744 48 92
649 692 67 190
651 711 64 130
662 684 54 191
740 755 41 112