49
0 32 128 1000 64
1 32 16 200 72
2 4 8 2000 72
3 64 16 100 83
4 64 8 200 64
5 4 128 200 33
6 16 8 100 92
7 64 64 100 41
8 16 16 200 59
9 32 128 200 46
10 32 16 1000 52
11 4 8 200 90
12 4 64 100 96
13 4 128 200 44
14 64 16 500 72
15 64 8 2000 57
16 64 16 500 95
17 4 8 500 59
18 4 64 2000 40
19 32 8 1000 87
20 4 128 100 86
21 32 128 500 67
22 4 128 2000 66
23 64 16 1000 98
24 16 16 1000 97
25 32 64 1000 50
26 64 128 100 73
27 32 16 500 87
28 32 64 2000 36
29 32 64 500 51
30 64 16 500 71
31 64 8 100 45
32 64 8 100 57
33 16 64 1000 68
34 32 64 200 38
35 16 8 100 99
36 64 8 2000 32
37 64 8 1000 64
38 64 8 100 68
39 64 16 500 95
40 16 128 100 80
41 64 128 200 49
42 4 16 2000 80
43 64 8 1000 100
44 32 8 1000 85
45 4 16 2000 61
46 32 8 100 70
47 4 8 100 35
48 32 16 2000 58
20
0 33 47 81
1 13 34 73
1 9 36 100
2 23 32 79
4 12 37 86
5 37 45 95
7 40 40 57
7 44 43 64
8 41 25 46
10 28 16 37
13 39 23 47
17 39 12 69
18 37 46 33
21 23 47 61
22 41 32 51
23 47 47 39
23 28 41 59
24 42 12 77
27 39 23 57
38 40 36 81