873
0 128 16 500 153
1 16 128 500 121
2 32 16 2400 146
3 32 128 5000 131
4 64 64 5000 163
5 128 128 2400 143
6 64 16 500 189
7 128 16 5000 143
8 128 256 2400 151
9 16 16 500 122
10 16 256 2400 161
11 128 256 5000 144
12 16 128 5000 109
13 64 128 2400 132
14 16 128 500 132
15 64 128 2400 120
16 32 256 800 182
17 64 16 1000 143
18 32 128 1000 138
19 32 256 800 112
20 64 256 500 118
21 128 64 500 108
22 32 16 2400 94
23 16 256 2400 131
24 16 64 1000 134
25 16 64 800 159
26 128 128 800 165
27 32 128 5000 138
28 128 256 2400 153
29 64 16 5000 166
30 64 256 5000 199
31 128 16 2400 94
32 16 16 1000 148
33 128 256 2400 135
34 64 16 800 137
35 32 256 500 174
36 16 128 2400 135
37 16 256 800 95
38 128 128 500 116
39 128 128 800 194
40 128 16 1000 185
41 128 64 500 106
42 128 256 500 169
43 64 64 5000 126
44 16 128 500 101
45 64 64 1000 178
46 32 16 1000 97
47 32 256 800 90
48 64 16 1000 90
49 32 16 800 190
50 16 64 1000 182
51 64 64 800 119
52 16 16 5000 170
53 32 256 5000 142
54 32 128 800 142
55 64 128 500 196
56 64 256 5000 145
57 64 256 2400 183
58 32 128 1000 164
59 64 256 1000 196
60 32 16 500 194
61 32 64 2400 99
62 32 256 1000 144
63 64 256 2400 165
64 32 16 2400 185
65 32 16 500 100
66 16 128 2400 111
67 64 64 2400 148
68 16 16 500 140
69 16 256 1000 139
70 128 16 500 121
71 128 128 1000 145
72 64 16 5000 165
73 16 64 500 106
74 64 16 800 194
75 32 64 800 118
76 128 256 500 165
77 32 256 5000 132
78 32 256 2400 150
79 16 16 5000 131
80 64 64 1000 161
81 16 64 2400 136
82 32 256 2400 187
83 16 128 1000 160
84 32 256 500 163
85 128 16 800 97
86 32 64 1000 148
87 32 64 1000 184
88 32 128 800 175
89 16 256 500 194
90 128 128 2400 174
91 64 128 500 120
92 16 128 1000 97
93 16 256 2400 159
94 16 16 5000 90
95 64 128 1000 152
96 64 128 2400 114
97 128 128 5000 199
98 64 256 1000 178
99 16 64 5000 185
100 128 64 800 165
101 32 128 1000 94
102 128 256 2400 170
103 128 256 1000 151
104 64 64 1000 119
105 64 128 2400 156
106 16 128 1000 190
107 32 64 500 110
108 128 256 500 113
109 16 128 2400 133
110 32 16 5000 133
111 64 64 1000 125
112 64 16 5000 94
113 64 128 800 108
114 16 64 800 91
115 128 256 2400 107
116 16 256 1000 181
117 16 64 2400 195
118 32 16 2400 111
119 16 256 1000 131
120 128 64 5000 185
121 32 256 2400 154
122 128 256 1000 154
123 32 128 1000 104
124 32 16 800 120
125 32 128 500 152
126 128 64 2400 152
127 16 256 800 177
128 32 128 800 194
129 64 64 500 140
130 64 128 500 97
131 32 128 800 167
132 64 16 500 178
133 64 256 5000 182
134 128 16 800 156
135 16 64 500 127
136 64 64 1000 95
137 32 128 1000 159
138 64 256 5000 179
139 128 128 5000 132
140 128 256 800 118
141 16 64 500 96
142 16 16 2400 183
143 16 128 5000 185
144 16 256 2400 114
145 128 64 800 108
146 128 256 1000 179
147 16 16 5000 158
148 128 256 1000 180
149 64 64 1000 96
150 128 128 500 142
151 64 16 5000 127
152 64 128 500 194
153 64 16 800 127
154 64 16 800 108
155 32 16 800 108
156 16 128 500 135
157 32 64 5000 187
158 16 16 5000 108
159 128 16 5000 131
160 32 256 2400 94
161 64 16 800 104
162 64 128 1000 110
163 32 64 500 134
164 64 16 500 100
165 64 128 500 189
166 64 64 800 92
167 64 256 5000 93
168 32 64 800 105
169 128 64 2400 141
170 16 256 800 135
171 64 16 2400 147
172 64 16 800 175
173 64 256 5000 104
174 16 256 1000 121
175 32 128 500 139
176 64 128 800 185
177 32 128 500 162
178 64 16 800 151
179 128 16 500 129
180 128 64 500 177
181 64 128 500 110
182 16 256 800 159
183 128 16 800 190
184 32 256 800 181
185 32 128 5000 129
186 64 16 1000 193
187 128 16 500 159
188 128 128 500 111
189 16 128 2400 146
190 16 16 5000 111
191 128 256 500 117
192 64 16 1000 115
193 128 128 5000 111
194 16 256 5000 122
195 128 128 500 97
196 16 256 800 91
197 64 16 500 126
198 64 64 500 92
199 128 128 1000 127
200 128 256 500 116
201 32 256 800 183
202 32 256 2400 152
203 64 256 500 99
204 16 128 500 121
205 64 16 5000 110
206 128 128 5000 176
207 128 128 800 188
208 32 128 2400 188
209 16 16 800 97
210 16 256 2400 180
211 64 16 1000 92
212 16 16 2400 183
213 32 128 5000 162
214 32 128 1000 191
215 128 16 5000 134
216 64 16 500 147
217 64 16 800 188
218 16 16 2400 98
219 16 16 500 157
220 16 128 2400 172
221 64 128 5000 135
222 16 16 500 172
223 32 64 500 159
224 64 256 5000 200
225 16 256 500 160
226 64 128 1000 186
227 64 16 1000 144
228 128 64 5000 133
229 64 128 500 100
230 64 64 1000 188
231 64 256 500 130
232 64 128 500 157
233 16 128 500 161
234 64 16 2400 139
235 64 16 2400 94
236 32 128 5000 194
237 16 64 2400 108
238 64 256 800 123
239 32 16 2400 179
240 32 128 800 198
241 32 64 500 155
242 32 256 5000 123
243 16 256 1000 115
244 64 64 500 94
245 32 64 500 178
246 32 64 800 140
247 64 128 1000 193
248 64 16 2400 106
249 16 16 1000 97
250 64 128 500 98
251 128 128 800 166
252 16 16 1000 164
253 128 256 800 106
254 32 16 500 115
255 128 256 5000 157
256 64 64 2400 178
257 128 256 500 117
258 16 64 5000 132
259 64 256 2400 105
260 64 64 5000 187
261 32 16 2400 95
262 16 64 2400 187
263 32 256 800 168
264 16 128 800 142
265 64 256 2400 168
266 128 256 800 108
267 64 128 500 147
268 64 256 800 147
269 128 16 1000 119
270 32 64 500 167
271 16 128 5000 95
272 64 16 2400 133
273 64 128 2400 125
274 64 64 800 129
275 16 64 2400 156
276 128 256 5000 103
277 16 128 1000 97
278 32 256 5000 94
279 16 128 800 196
280 64 16 2400 184
281 16 16 2400 123
282 16 128 5000 117
283 64 256 1000 188
284 64 256 5000 179
285 16 16 5000 148
286 16 16 500 104
287 16 128 1000 129
288 64 256 800 130
289 16 16 800 118
290 16 128 800 189
291 32 128 800 157
292 64 16 800 147
293 16 256 1000 179
294 32 256 2400 169
295 64 64 5000 151
296 32 64 5000 163
297 32 64 5000 129
298 16 16 500 159
299 16 64 2400 180
300 32 256 800 179
301 16 64 800 124
302 32 128 500 166
303 32 64 5000 135
304 16 16 500 131
305 32 16 2400 183
306 128 64 2400 102
307 16 256 2400 191
308 16 16 2400 146
309 128 64 500 175
310 32 256 2400 144
311 32 128 5000 113
312 16 128 1000 196
313 16 128 1000 126
314 64 16 5000 95
315 32 16 500 112
316 16 128 2400 172
317 16 64 2400 199
318 64 64 1000 100
319 64 16 500 158
320 128 64 1000 109
321 16 16 500 174
322 32 256 5000 153
323 16 16 800 187
324 64 64 2400 168
325 32 256 500 186
326 16 128 800 132
327 128 128 5000 164
328 16 256 5000 150
329 16 64 2400 116
330 128 64 1000 124
331 128 64 800 112
332 16 64 800 117
333 64 16 500 172
334 64 64 1000 198
335 64 128 2400 178
336 128 256 5000 124
337 128 128 800 171
338 16 256 5000 171
339 16 64 1000 133
340 64 16 500 157
341 128 128 5000 177
342 16 64 500 110
343 128 256 2400 97
344 128 128 1000 134
345 128 16 5000 122
346 16 16 5000 99
347 64 64 2400 180
348 16 16 800 186
349 64 128 5000 114
350 32 16 500 138
351 16 256 5000 158
352 32 64 5000 198
353 32 128 1000 104
354 32 64 800 161
355 128 256 1000 145
356 32 16 2400 110
357 16 64 2400 161
358 32 64 1000 96
359 128 256 500 147
360 128 64 500 186
361 16 256 800 173
362 32 128 5000 98
363 16 128 800 152
364 32 256 5000 128
365 64 64 5000 131
366 32 16 500 182
367 64 128 800 149
368 16 16 2400 94
369 16 256 500 101
370 32 64 800 118
371 16 256 5000 152
372 32 128 1000 151
373 32 16 500 129
374 128 64 1000 192
375 128 128 2400 134
376 16 256 2400 90
377 32 128 500 93
378 128 256 5000 145
379 128 64 800 103
380 32 256 2400 162
381 32 16 800 108
382 32 64 800 109
383 128 16 500 183
384 16 256 800 177
385 16 16 5000 174
386 32 16 800 112
387 128 256 5000 161
388 64 16 500 119
389 32 16 2400 132
390 32 128 500 132
391 16 256 5000 104
392 32 256 2400 175
393 32 256 5000 178
394 32 128 1000 174
395 128 16 1000 136
396 16 256 5000 115
397 128 16 5000 109
398 16 64 500 102
399 32 16 5000 182
400 32 64 2400 190
401 64 16 5000 107
402 64 64 500 96
403 128 64 5000 91
404 32 64 1000 172
405 128 128 5000 151
406 16 16 5000 102
407 32 16 800 156
408 128 256 800 102
409 64 128 500 110
410 16 128 2400 95
411 32 256 800 140
412 16 256 2400 117
413 16 64 2400 170
414 128 128 800 137
415 16 16 1000 123
416 32 128 5000 111
417 32 128 1000 170
418 32 128 2400 103
419 128 16 2400 149
420 128 256 500 96
421 16 16 1000 154
422 32 128 500 143
423 64 128 1000 119
424 64 16 5000 199
425 32 64 1000 147
426 16 16 1000 173
427 16 128 800 164
428 128 128 800 97
429 32 256 2400 161
430 64 16 5000 139
431 32 16 1000 129
432 32 128 1000 95
433 128 16 800 170
434 16 128 1000 158
435 128 64 1000 94
436 64 256 1000 195
437 64 128 5000 90
438 16 64 2400 157
439 128 256 5000 127
440 16 256 5000 187
441 16 256 800 131
442 32 128 1000 182
443 16 256 500 170
444 128 16 500 191
445 128 128 1000 157
446 64 64 2400 165
447 128 64 2400 147
448 16 16 5000 130
449 128 128 2400 135
450 64 64 800 134
451 16 64 800 148
452 64 16 5000 126
453 128 64 1000 101
454 32 16 1000 98
455 128 256 2400 91
456 16 64 5000 95
457 128 256 2400 192
458 128 128 2400 177
459 32 16 1000 195
460 32 16 800 128
461 32 64 5000 115
462 16 64 500 101
463 16 256 2400 138
464 32 128 800 155
465 64 16 2400 199
466 64 64 2400 143
467 64 128 5000 145
468 64 16 800 127
469 16 64 2400 121
470 64 128 2400 157
471 128 16 500 183
472 64 16 1000 123
473 32 16 2400 121
474 64 128 2400 150
475 64 256 5000 143
476 64 256 500 160
477 32 128 1000 159
478 64 16 500 193
479 64 128 5000 161
480 16 16 500 147
481 32 16 2400 127
482 128 128 2400 197
483 32 16 800 125
484 64 256 800 186
485 16 256 1000 165
486 16 256 2400 200
487 16 16 800 180
488 64 64 2400 147
489 32 128 1000 106
490 128 128 5000 104
491 32 256 500 149
492 32 16 5000 108
493 64 256 5000 177
494 32 16 500 116
495 64 64 800 197
496 16 64 500 126
497 64 16 500 147
498 128 128 2400 200
499 64 256 800 166
500 128 128 2400 172
501 128 64 5000 148
502 128 64 500 163
503 128 16 500 197
504 32 128 800 172
505 32 256 5000 192
506 16 64 5000 156
507 32 256 2400 200
508 128 16 500 125
509 32 128 1000 103
510 16 256 800 128
511 16 256 5000 136
512 128 16 2400 157
513 64 64 2400 143
514 64 128 5000 131
515 128 256 1000 131
516 32 128 1000 141
517 32 128 500 182
518 64 64 5000 187
519 16 128 500 95
520 16 128 5000 132
521 32 128 800 147
522 32 128 500 197
523 64 16 800 161
524 32 64 500 171
525 128 128 5000 173
526 16 16 2400 102
527 64 128 1000 143
528 128 64 1000 123
529 32 256 1000 196
530 32 16 1000 158
531 64 256 1000 159
532 32 16 2400 198
533 32 256 800 154
534 32 128 2400 96
535 32 128 800 116
536 64 64 5000 171
537 64 64 2400 138
538 64 64 1000 144
539 64 128 5000 196
540 64 256 500 145
541 128 64 800 168
542 64 256 2400 92
543 128 16 5000 195
544 16 16 800 162
545 16 16 800 136
546 128 64 5000 107
547 128 64 800 123
548 64 256 500 132
549 64 16 500 139
550 128 64 1000 146
551 64 256 500 135
552 64 128 2400 189
553 16 256 500 98
554 64 256 5000 160
555 32 16 1000 191
556 64 16 1000 156
557 16 128 2400 130
558 16 64 2400 151
559 32 128 2400 103
560 32 256 500 121
561 32 16 2400 165
562 128 256 800 172
563 16 16 5000 133
564 32 16 5000 129
565 128 16 5000 145
566 32 16 5000 104
567 16 128 1000 189
568 128 16 2400 140
569 64 128 2400 198
570 32 128 2400 101
571 32 64 800 200
572 16 256 5000 200
573 32 256 500 154
574 16 128 500 110
575 32 256 500 144
576 128 64 500 130
577 16 16 500 114
578 32 256 1000 175
579 64 64 2400 182
580 64 16 2400 158
581 32 128 5000 164
582 64 16 5000 95
583 16 16 5000 116
584 128 128 2400 200
585 32 256 2400 190
586 128 64 1000 129
587 32 128 5000 109
588 16 128 2400 160
589 64 64 5000 173
590 16 16 800 199
591 16 16 2400 91
592 16 64 5000 171
593 32 256 1000 124
594 128 128 800 153
595 32 64 500 110
596 32 64 500 180
597 16 256 800 126
598 128 16 800 196
599 64 16 2400 178
600 32 64 800 140
601 128 16 2400 194
602 16 128 500 186
603 128 256 1000 124
604 128 64 5000 192
605 64 64 5000 144
606 16 256 500 120
607 128 256 2400 115
608 16 16 5000 144
609 64 128 1000 163
610 16 16 2400 119
611 32 128 2400 113
612 32 128 800 171
613 128 16 800 166
614 64 16 500 126
615 64 64 800 186
616 64 64 800 120
617 64 128 500 178
618 128 256 5000 181
619 16 16 500 119
620 32 64 5000 200
621 128 256 800 195
622 64 16 2400 100
623 32 128 1000 125
624 64 256 2400 170
625 32 64 500 147
626 128 16 5000 158
627 128 64 2400 98
628 64 128 5000 118
629 128 256 500 141
630 32 64 5000 150
631 128 16 1000 159
632 64 128 2400 158
633 32 64 2400 95
634 16 64 5000 94
635 16 64 5000 91
636 16 64 1000 186
637 16 16 2400 147
638 64 16 500 196
639 16 64 1000 117
640 32 128 2400 178
641 64 64 5000 101
642 16 128 2400 107
643 128 128 500 186
644 32 128 800 99
645 64 256 1000 160
646 32 16 500 103
647 64 64 800 167
648 16 128 2400 135
649 128 256 500 115
650 32 256 500 153
651 64 16 2400 138
652 16 16 2400 195
653 16 16 2400 166
654 128 16 2400 181
655 128 64 2400 183
656 64 16 1000 149
657 16 256 2400 196
658 32 256 5000 92
659 16 64 5000 166
660 16 16 1000 175
661 128 16 1000 101
662 16 64 5000 138
663 64 64 800 151
664 128 128 800 97
665 16 16 2400 103
666 32 64 800 135
667 64 64 800 95
668 32 64 800 90
669 128 64 5000 152
670 64 128 800 197
671 64 128 5000 120
672 128 16 5000 139
673 32 256 1000 138
674 16 16 500 148
675 64 64 2400 177
676 64 256 1000 191
677 16 16 2400 197
678 16 256 1000 159
679 32 16 2400 122
680 16 64 500 179
681 16 16 5000 143
682 64 64 2400 197
683 64 128 5000 142
684 16 128 500 170
685 16 64 800 189
686 128 64 2400 140
687 32 64 1000 97
688 128 128 5000 133
689 32 128 800 106
690 128 128 5000 130
691 128 64 1000 114
692 16 256 5000 199
693 16 16 500 189
694 64 128 1000 161
695 64 256 5000 153
696 64 256 1000 147
697 64 256 2400 131
698 32 128 500 129
699 32 64 2400 135
700 32 16 500 116
701 64 256 500 92
702 16 16 500 131
703 128 16 1000 178
704 128 16 5000 156
705 64 256 5000 144
706 32 64 2400 141
707 16 128 1000 148
708 32 16 500 172
709 128 64 5000 196
710 64 128 2400 97
711 16 16 800 103
712 32 64 800 114
713 128 256 2400 147
714 128 64 800 97
715 16 256 1000 194
716 32 64 2400 129
717 16 128 5000 112
718 16 64 5000 176
719 16 128 800 126
720 16 64 2400 186
721 16 128 5000 128
722 16 16 2400 131
723 32 128 5000 134
724 128 64 5000 171
725 64 128 2400 183
726 16 16 2400 160
727 32 16 1000 117
728 32 64 800 92
729 128 64 800 99
730 32 16 1000 183
731 128 64 5000 185
732 32 16 500 149
733 64 64 1000 103
734 128 16 2400 163
735 32 64 1000 99
736 64 256 800 136
737 64 256 5000 99
738 16 64 5000 193
739 128 128 800 94
740 32 64 500 173
741 64 16 1000 182
742 32 256 5000 178
743 128 64 5000 195
744 64 128 500 156
745 16 256 500 90
746 128 128 2400 120
747 16 16 5000 103
748 128 128 1000 176
749 32 256 1000 171
750 16 128 500 135
751 16 16 1000 129
752 32 64 1000 112
753 128 128 800 164
754 32 256 800 192
755 16 128 2400 159
756 32 16 5000 127
757 32 16 5000 123
758 32 128 5000 153
759 32 64 5000 185
760 16 64 500 163
761 32 256 5000 139
762 128 128 2400 117
763 128 64 500 196
764 128 16 800 170
765 16 128 5000 91
766 128 128 800 157
767 64 256 5000 141
768 32 64 5000 139
769 64 256 2400 90
770 32 256 2400 116
771 16 64 800 131
772 32 256 500 159
773 32 16 800 116
774 64 256 1000 159
775 16 16 5000 151
776 16 128 500 173
777 64 64 5000 111
778 64 256 800 97
779 64 16 500 108
780 128 16 500 138
781 16 16 800 118
782 64 128 1000 158
783 32 128 1000 200
784 16 128 2400 93
785 128 64 1000 136
786 128 256 1000 112
787 16 256 5000 172
788 32 16 5000 195
789 16 256 1000 176
790 64 16 1000 124
791 64 128 1000 195
792 32 128 1000 136
793 64 64 2400 175
794 32 128 1000 102
795 32 64 5000 136
796 128 16 1000 172
797 32 256 5000 192
798 32 16 2400 184
799 128 256 500 102
800 16 128 500 197
801 64 256 500 160
802 64 16 1000 170
803 32 128 500 122
804 128 64 800 116
805 16 128 2400 125
806 64 16 500 147
807 16 64 1000 179
808 64 64 1000 99
809 64 256 1000 113
810 16 64 2400 172
811 16 128 800 146
812 32 128 2400 102
813 16 128 500 155
814 64 16 5000 125
815 16 16 800 151
816 128 256 1000 176
817 64 16 2400 130
818 128 256 500 167
819 64 64 5000 126
820 64 128 5000 90
821 32 256 500 169
822 32 64 1000 168
823 128 256 500 181
824 64 256 800 194
825 16 16 800 115
826 16 256 5000 145
827 128 64 2400 193
828 128 64 800 139
829 128 256 800 195
830 32 64 5000 149
831 128 128 5000 90
832 64 256 2400 171
833 16 256 1000 113
834 16 256 2400 192
835 32 128 2400 111
836 128 64 800 140
837 64 256 2400 161
838 32 256 800 116
839 16 256 2400 171
840 64 128 800 152
841 16 16 2400 180
842 16 128 2400 129
843 128 16 500 166
844 128 256 800 99
845 16 16 1000 200
846 128 128 2400 191
847 16 128 5000 196
848 16 128 800 128
849 128 16 1000 183
850 16 64 800 170
851 64 16 800 160
852 64 64 1000 151
853 128 64 1000 155
854 16 64 5000 133
855 64 256 5000 122
856 16 128 500 140
857 32 256 1000 134
858 32 128 1000 104
859 16 16 500 165
860 128 256 2400 195
861 32 256 500 94
862 64 256 1000 95
863 64 16 5000 157
864 128 128 1000 194
865 64 256 2400 197
866 16 64 5000 189
867 32 64 800 125
868 128 64 500 144
869 64 128 2400 191
870 32 256 1000 194
871 128 256 800 119
872 16 128 800 127
309
5 790 64 163
6 752 56 165
9 70 63 191
10 79 64 104
11 721 50 165
11 615 52 181
11 477 62 188
13 291 60 154
17 88 57 107
19 223 70 143
19 745 48 161
20 655 50 173
21 392 56 187
21 816 42 130
21 81 53 118
25 666 44 110
26 240 64 153
26 615 52 177
27 780 46 105
27 850 70 188
28 260 51 155
29 279 42 157
29 54 52 195
29 140 41 99
29 500 43 129
32 324 69 198
33 674 68 173
35 69 62 176
35 261 51 125
37 271 45 164
38 346 44 168
38 832 63 122
41 580 52 96
45 209 40 112
47 140 68 106
47 335 56 94
47 845 49 127
49 486 59 106
50 129 44 116
53 694 61 195
53 526 58 178
55 809 44 177
55 503 44 190
56 219 66 168
60 671 44 134
61 864 65 130
62 247 40 160
63 606 42 192
63 687 52 187
64 713 64 136
65 279 40 117
68 793 54 156
68 505 66 100
70 773 43 131
70 246 43 117
72 693 54 169
73 100 63 144
73 377 41 112
76 636 44 152
76 458 67 160
80 714 60 195
86 495 43 142
86 173 43 131
87 826 65 194
91 538 48 176
91 513 42 129
96 280 63 156
97 201 63 149
99 193 62 185
100 134 46 117
102 232 55 143
103 470 56 189
104 194 66 103
105 588 48 131
106 182 40 158
106 853 62 191
106 198 70 183
107 365 68 178
108 647 41 135
110 601 68 150
110 436 55 170
110 322 68 158
113 723 40 106
116 825 53 139
120 762 68 133
121 868 40 197
122 555 62 183
122 811 63 124
130 705 51 183
131 690 41 100
131 803 44 108
136 702 66 195
136 378 68 190
137 689 64 153
140 477 40 171
141 743 66 91
144 435 55 144
145 181 44 173
146 220 58 100
146 596 52 186
147 173 68 101
147 503 46 125
147 773 59 185
150 438 55 132
151 211 54 106
151 698 54 116
151 286 51 160
154 616 65 112
154 452 52 149
157 866 58 129
161 329 47 177
161 872 58 96
166 687 55 134
168 801 59 197
171 521 52 162
173 302 43 106
173 581 58 178
173 868 53 148
174 546 67 191
176 252 46 147
176 289 60 131
177 232 42 178
178 862 41 143
179 692 65 153
179 275 50 142
179 758 59 182
180 360 48 172
183 800 62 162
185 307 48 192
186 617 61 170
188 723 65 130
189 844 59 112
190 652 56 136
191 732 61 109
195 301 55 118
197 519 61 121
198 217 44 118
204 263 51 105
205 759 50 97
208 444 49 131
211 556 52 124
212 739 42 130
213 370 41 170
214 219 57 134
216 563 40 101
219 259 52 122
223 426 55 123
229 332 69 179
233 267 53 184
235 552 69 129
237 504 48 171
238 861 60 171
239 539 69 160
240 556 43 129
241 593 67 196
242 811 65 102
242 825 67 114
243 302 60 120
245 775 61 121
247 542 65 151
248 753 59 144
249 261 50 129
249 729 42 173
250 363 66 188
254 713 65 176
254 758 63 160
256 518 64 149
257 599 48 154
257 799 62 160
258 451 65 174
259 866 44 155
260 291 42 99
261 327 40 159
262 731 41 102
267 632 42 167
275 589 63 90
277 548 45 176
283 331 52 123
284 842 60 158
285 728 56 133
294 371 40 166
295 470 64 165
298 308 50 94
298 364 52 166
304 418 70 122
306 812 51 115
307 589 62 116
310 744 68 129
313 852 43 130
318 810 43 179
318 395 67 147
319 643 54 129
319 801 43 149
321 419 70 175
323 847 45 169
323 643 64 153
328 857 45 183
329 697 52 170
333 524 47 90
334 522 62 184
335 658 66 97
335 579 53 112
336 351 44 140
343 685 60 109
343 644 42 133
343 582 44 177
348 663 43 153
348 651 61 96
352 720 48 156
354 748 58 150
355 795 55 131
358 424 41 99
361 372 48 195
365 750 41 110
367 446 53 172
369 433 54 131
370 783 55 197
371 553 59 183
372 855 65 196
375 746 46 96
377 439 59 92
383 509 40 145
384 566 62 192
385 442 61 175
386 694 43 200
388 454 56 143
396 602 63 165
400 482 45 134
401 833 54 114
402 606 46 115
408 779 43 181
411 663 63 124
415 576 64 142
415 509 62 122
418 807 58 121
418 851 43 97
424 440 50 188
426 618 49 172
427 481 57 130
429 753 55 93
432 706 46 114
436 492 55 159
438 641 68 172
441 692 58 100
444 448 67 198
447 623 60 197
452 493 64 138
471 740 63 183
481 662 65 143
483 697 44 96
485 691 46 126
487 675 47 153
496 623 68 199
499 633 68 188
505 654 48 101
505 845 63 188
513 581 69 187
517 621 65 112
519 771 44 193
519 665 43 94
521 531 60 133
523 759 65 93
528 581 58 114
529 858 42 144
530 766 46 158
538 732 53 194
539 738 69 121
540 815 57 187
547 807 41 109
548 863 59 164
549 732 43 156
551 673 61 141
553 769 42 134
553 662 44 175
557 613 48 198
559 812 48 154
562 747 40 186
565 822 44 185
565 776 66 133
578 670 64 183
585 598 52 113
586 777 45 141
596 669 60 135
596 867 61 156
620 650 55 148
623 743 55 199
624 634 62 199
629 696 62 141
630 809 50 171
632 837 68 180
633 655 68 148
663 860 48 95
665 808 49 122
673 803 67 155
674 709 50 107
679 807 43 113
688 738 65 180
692 724 44 149
699 765 48 98
712 737 65 169
715 730 49 127
731 801 49 193
743 838 52 133
766 819 47 155
782 803 48 123
784 853 44 127
787 793 44 118
825 846 67 100
844 848 68 99