228
0 8 320 5000 148
1 8 128 800 198
2 32 32 1000 121
3 32 32 400 158
4 32 320 1000 147
5 8 128 800 184
6 8 128 400 169
7 32 320 800 117
8 32 320 400 161
9 32 32 400 108
10 32 32 2000 113
11 8 128 1000 181
12 32 320 2000 105
13 32 32 800 179
14 32 128 800 126
15 8 32 2000 98
16 8 320 800 156
17 8 320 400 174
18 8 32 2000 112
19 32 32 5000 108
20 8 128 1000 95
21 8 32 1000 200
22 8 128 2000 127
23 32 128 5000 131
24 8 32 400 165
25 8 128 5000 111
26 32 320 5000 166
27 32 32 800 94
28 8 320 2000 124
29 32 320 800 121
30 8 128 800 125
31 8 320 400 142
32 32 32 1000 188
33 8 320 5000 137
34 8 32 800 164
35 8 32 5000 151
36 8 32 1000 197
37 32 32 1000 117
38 32 32 800 162
39 8 32 2000 92
40 8 128 800 106
41 8 320 1000 114
42 32 128 1000 151
43 32 320 5000 139
44 8 320 2000 180
45 8 320 5000 133
46 32 128 400 179
47 32 320 1000 109
48 32 128 1000 140
49 32 128 400 98
50 8 32 2000 148
51 32 32 1000 110
52 8 32 5000 188
53 32 128 400 166
54 32 320 5000 100
55 32 32 5000 106
56 8 128 5000 194
57 8 32 1000 140
58 8 320 1000 169
59 8 128 400 149
60 8 32 1000 113
61 32 320 1000 147
62 8 320 2000 115
63 8 128 400 124
64 8 320 2000 169
65 32 32 1000 127
66 8 128 1000 107
67 8 32 5000 135
68 8 320 2000 133
69 32 320 1000 153
70 8 32 800 99
71 32 128 800 200
72 32 320 400 175
73 8 128 400 168
74 8 32 800 165
75 32 32 5000 94
76 32 128 400 106
77 8 32 800 171
78 8 320 400 123
79 8 320 800 177
80 32 32 400 155
81 32 128 2000 93
82 8 320 800 149
83 32 32 1000 121
84 32 320 5000 196
85 32 320 400 129
86 32 32 5000 99
87 8 320 800 138
88 32 320 800 188
89 8 128 1000 138
90 8 320 2000 149
91 8 128 1000 142
92 8 32 5000 176
93 8 32 2000 105
94 8 320 2000 135
95 32 128 1000 141
96 8 32 800 97
97 32 320 2000 193
98 32 320 1000 142
99 32 32 800 151
100 8 128 1000 190
101 8 32 2000 180
102 8 320 400 123
103 8 128 1000 163
104 8 32 400 101
105 32 128 5000 163
106 8 128 800 148
107 8 128 1000 112
108 8 32 5000 163
109 8 320 2000 159
110 32 128 1000 181
111 8 32 2000 120
112 8 128 5000 152
113 8 32 5000 114
114 8 128 400 130
115 32 32 5000 190
116 32 320 5000 189
117 32 32 800 174
118 32 128 2000 95
119 8 32 5000 97
120 8 32 800 112
121 32 320 1000 144
122 32 128 1000 133
123 32 320 800 146
124 32 32 5000 194
125 8 128 1000 162
126 8 128 800 150
127 32 32 400 162
128 32 320 400 109
129 8 320 5000 135
130 8 32 1000 98
131 8 128 800 200
132 8 32 400 103
133 8 32 400 174
134 32 320 400 186
135 32 32 1000 111
136 8 128 5000 102
137 8 128 2000 147
138 8 32 400 100
139 8 32 2000 110
140 32 128 1000 182
141 32 320 1000 153
142 32 320 2000 135
143 8 320 5000 196
144 32 128 800 93
145 32 320 400 141
146 32 320 2000 104
147 32 320 5000 90
148 32 128 400 91
149 32 32 400 190
150 32 128 800 190
151 8 128 800 151
152 8 320 5000 126
153 8 32 1000 121
154 8 320 2000 152
155 8 32 800 148
156 8 32 5000 156
157 32 320 2000 146
158 32 128 5000 158
159 8 32 2000 90
160 32 128 5000 142
161 32 320 400 178
162 32 128 400 107
163 8 32 400 114
164 8 32 5000 195
165 8 320 1000 193
166 32 32 5000 181
167 32 32 2000 183
168 32 32 5000 128
169 8 320 5000 152
170 8 32 800 151
171 8 32 400 169
172 32 128 5000 178
173 32 32 400 91
174 8 320 800 105
175 32 128 400 122
176 32 32 2000 143
177 32 32 5000 192
178 32 128 1000 93
179 8 128 5000 136
180 32 32 2000 98
181 8 320 400 157
182 32 32 5000 170
183 8 320 1000 135
184 8 128 2000 90
185 8 32 400 113
186 8 32 2000 102
187 32 32 800 119
188 32 320 2000 173
189 8 320 800 129
190 8 128 5000 104
191 8 128 1000 116
192 8 32 5000 118
193 8 32 1000 134
194 8 128 1000 129
195 8 32 5000 174
196 32 32 800 125
197 8 32 5000 196
198 8 128 5000 188
199 8 32 800 94
200 8 320 5000 114
201 32 320 5000 148
202 32 320 800 168
203 32 32 1000 171
204 32 128 800 173
205 8 320 1000 200
206 32 128 400 134
207 32 32 1000 135
208 32 128 2000 131
209 32 32 2000 200
210 32 320 400 119
211 32 320 1000 181
212 32 128 800 150
213 8 128 400 92
214 8 32 5000 116
215 8 320 1000 103
216 8 32 2000 176
217 32 320 800 125
218 32 320 2000 117
219 32 128 5000 154
220 32 32 1000 127
221 32 32 400 155
222 8 32 2000 194
223 32 320 5000 166
224 32 128 800 188
225 8 32 2000 162
226 8 320 1000 178
227 32 32 400 133
118
1 30 59 130
3 119 44 138
4 101 61 192
4 181 66 181
6 176 44 177
10 159 44 118
10 84 55 181
11 15 59 168
12 168 56 169
14 184 53 197
15 205 48 138
16 226 68 196
17 190 63 110
18 183 57 164
19 145 68 162
19 175 46 168
19 161 58 186
21 60 62 197
23 150 51 183
23 83 68 156
24 218 51 171
25 148 54 148
26 130 59 105
28 171 60 131
28 112 58 137
31 36 54 141
34 91 49 98
35 140 44 106
35 85 41 124
37 49 50 111
37 134 58 180
37 210 56 148
38 119 50 188
38 200 62 177
38 83 56 191
40 64 69 189
43 100 48 103
43 73 46 145
43 215 63 113
45 103 58 132
45 201 49 136
45 188 70 168
45 48 70 133
50 119 65 116
51 94 61 151
52 88 51 97
53 81 57 105
54 180 55 178
54 218 51 139
55 203 67 165
55 80 66 129
57 140 41 126
61 83 61 185
61 139 63 101
61 213 60 188
64 118 67 113
64 186 45 140
65 192 44 99
65 90 50 169
66 142 50 145
67 194 47 114
68 190 58 138
69 128 50 132
77 89 61 177
78 151 41 133
79 175 44 181
80 185 55 118
82 84 42 179
90 153 51 196
93 196 52 168
95 192 43 93
95 117 56 184
96 106 61 140
100 145 47 108
101 132 65 131
103 160 50 153
104 214 55 162
105 224 55 139
105 153 54 143
107 209 67 152
108 146 45 129
109 199 50 176
110 179 42 193
110 158 52 99
112 141 40 125
112 187 59 178
113 173 57 167
113 114 44 196
123 147 45 149
123 212 56 101
126 149 59 178
127 191 52 115
128 226 50 195
128 197 58 188
129 171 68 171
132 146 43 200
133 147 41 127
135 198 47 172
137 167 68 114
140 168 42 173
151 189 41 200
152 173 50 172
154 173 68 143
157 210 47 90
160 200 50 114
160 202 44 189
163 216 47 120
164 185 57 101
167 207 44 177
168 170 64 144
175 227 42 133
175 176 41 187
178 208 57 111
179 197 45 194
180 195 61 126
192 199 47 185
196 199 43 138
202 222 53 169