274
0 16 2 100 92
1 8 16 200 96
2 16 4 150 79
3 2 64 50 88
4 2 4 100 78
5 8 64 200 73
6 16 2 50 81
7 16 2 150 98
8 2 16 50 100
9 16 16 100 81
10 16 64 50 96
11 16 4 150 56
12 2 16 200 64
13 8 4 200 52
14 8 4 50 68
15 16 4 100 76
16 8 4 200 81
17 16 16 50 53
18 2 64 200 71
19 2 16 200 64
20 8 64 100 79
21 16 16 200 80
22 2 4 100 63
23 8 16 50 52
24 16 4 150 65
25 8 16 100 86
26 8 4 200 96
27 16 64 50 69
28 8 2 150 87
29 8 16 150 89
30 2 4 150 89
31 2 16 150 81
32 8 16 100 75
33 2 4 200 51
34 2 2 50 72
35 8 2 200 58
36 2 2 150 50
37 8 2 200 59
38 16 4 200 75
39 16 64 150 69
40 16 64 100 92
41 8 64 100 70
42 16 16 200 65
43 16 4 100 70
44 16 64 50 90
45 2 64 100 89
46 8 16 200 75
47 16 64 200 75
48 16 16 150 54
49 2 4 100 90
50 2 64 200 84
51 8 16 200 50
52 8 64 150 74
53 16 2 100 100
54 2 2 50 65
55 8 2 150 76
56 8 4 200 50
57 16 4 100 74
58 16 64 200 50
59 2 64 150 67
60 2 2 200 54
61 8 64 150 71
62 2 2 200 97
63 8 16 50 51
64 16 4 150 97
65 16 4 50 80
66 16 4 50 65
67 8 2 200 77
68 2 16 50 82
69 16 4 150 59
70 2 16 100 61
71 2 64 150 56
72 2 16 150 88
73 2 2 200 57
74 16 4 200 85
75 2 2 50 87
76 2 64 200 91
77 16 2 200 65
78 2 2 150 51
79 2 2 100 99
80 16 64 150 80
81 8 64 50 89
82 8 4 200 53
83 2 2 50 85
84 2 2 150 60
85 8 16 100 76
86 2 64 150 65
87 8 64 50 61
88 2 64 50 61
89 2 2 50 53
90 8 64 150 88
91 16 2 200 83
92 8 64 200 54
93 8 2 50 55
94 16 2 50 83
95 2 2 150 90
96 8 2 100 82
97 16 4 200 60
98 16 64 200 85
99 8 2 100 57
100 16 64 200 56
101 8 4 150 54
102 16 2 200 55
103 8 2 150 84
104 16 16 100 51
105 16 4 50 84
106 16 16 200 94
107 8 2 150 75
108 2 2 200 73
109 2 2 50 50
110 8 2 50 61
111 2 64 50 67
112 2 64 100 63
113 2 4 200 89
114 2 64 150 94
115 2 16 200 52
116 8 64 200 90
117 16 16 50 68
118 2 2 100 86
119 8 2 200 56
120 2 2 100 60
121 2 16 200 92
122 8 4 100 68
123 16 64 200 76
124 8 4 200 61
125 16 4 150 77
126 16 16 150 95
127 2 64 100 59
128 2 64 200 68
129 2 16 200 67
130 16 4 200 67
131 16 16 150 98
132 2 64 150 71
133 8 64 100 94
134 8 4 150 51
135 8 64 200 81
136 2 2 200 50
137 16 16 150 85
138 2 4 50 83
139 8 4 150 86
140 2 2 100 80
141 16 4 100 54
142 8 16 150 52
143 8 64 150 52
144 2 4 200 98
145 2 4 200 56
146 2 16 200 87
147 8 4 100 94
148 2 2 100 76
149 16 4 150 57
150 2 16 100 50
151 16 64 150 52
152 2 16 200 75
153 16 64 150 67
154 8 4 200 79
155 8 4 100 51
156 16 2 100 97
157 8 2 50 96
158 8 64 50 62
159 8 64 100 53
160 8 64 200 93
161 16 64 200 58
162 2 16 50 58
163 16 4 200 100
164 16 16 100 91
165 16 2 200 79
166 8 64 100 96
167 16 4 50 50
168 2 2 50 86
169 2 2 50 83
170 16 16 50 51
171 8 2 200 98
172 2 64 50 58
173 16 64 50 73
174 2 2 200 56
175 2 4 150 58
176 16 16 150 87
177 2 16 100 93
178 2 64 150 72
179 16 4 50 93
180 8 64 200 72
181 8 64 50 69
182 16 2 200 88
183 2 4 150 88
184 8 16 150 56
185 16 2 50 62
186 16 2 150 60
187 16 64 200 77
188 2 4 50 92
189 8 4 100 94
190 8 4 200 53
191 2 2 200 58
192 16 64 200 52
193 8 16 50 77
194 2 64 100 84
195 2 16 100 60
196 8 64 200 59
197 8 4 100 83
198 8 64 100 81
199 2 64 100 71
200 8 64 100 55
201 8 16 50 95
202 2 16 100 51
203 2 2 50 65
204 16 4 200 88
205 2 4 50 93
206 8 2 200 88
207 8 4 150 98
208 2 2 150 92
209 16 2 100 57
210 8 16 50 64
211 16 2 150 88
212 2 4 150 82
213 2 64 150 91
214 16 64 50 68
215 8 16 150 51
216 2 2 200 54
217 8 64 100 74
218 16 16 100 81
219 16 64 50 88
220 2 4 50 57
221 16 2 50 91
222 8 16 100 93
223 2 4 100 63
224 16 2 150 80
225 2 2 50 76
226 2 64 50 52
227 2 64 150 84
228 16 16 200 74
229 2 16 100 74
230 2 4 200 99
231 16 2 200 65
232 2 2 150 84
233 8 4 200 97
234 16 64 200 55
235 2 2 100 54
236 16 4 50 89
237 2 4 150 73
238 16 64 50 99
239 2 16 150 65
240 2 16 50 79
241 8 4 200 78
242 8 64 100 78
243 16 2 150 89
244 16 16 100 86
245 2 4 150 78
246 8 2 100 91
247 8 4 200 77
248 8 4 200 66
249 16 4 150 55
250 8 2 150 68
251 16 2 150 60
252 8 4 200 90
253 2 16 50 58
254 16 4 150 70
255 8 2 100 65
256 16 64 200 67
257 16 2 150 87
258 2 16 150 86
259 8 4 100 93
260 16 4 200 97
261 16 2 150 75
262 2 4 200 83
263 8 64 50 52
264 8 4 50 82
265 16 16 150 62
266 8 16 200 69
267 16 16 100 65
268 16 4 50 63
269 2 4 200 64
270 16 4 150 96
271 8 16 200 84
272 2 2 150 93
273 8 16 200 82
38
4 13 53 161
10 177 60 154
11 233 55 199
13 216 41 120
18 261 46 119
23 59 40 90
25 268 62 171
28 179 50 149
34 98 41 194
34 232 49 110
43 134 67 162
44 190 47 132
45 154 66 168
46 170 57 178
49 227 65 137
49 76 48 93
54 264 55 106
56 66 48 143
61 227 47 119
68 237 70 94
72 161 61 197
73 143 45 158
79 200 67 161
88 124 55 180
101 158 52 168
104 113 40 93
104 110 47 170
108 240 66 103
112 233 49 141
117 154 49 198
128 222 66 140
139 149 69 100
164 176 50 166
169 253 48 147
186 217 55 133
196 223 51 120
199 247 62 128
209 268 68 109