748
0 16 256 500 154
1 16 128 500 133
2 16 16 800 127
3 128 64 1000 142
4 128 16 2400 185
5 32 16 2400 102
6 16 128 800 157
7 128 16 2400 192
8 64 256 2400 160
9 32 64 800 160
10 16 256 500 124
11 128 128 800 141
12 128 64 1000 194
13 16 256 500 181
14 128 256 800 200
15 32 256 1000 161
16 16 128 500 124
17 64 16 800 106
18 128 64 800 191
19 128 128 2400 184
20 64 256 2400 197
21 128 16 800 166
22 128 128 2400 95
23 32 16 800 140
24 32 16 5000 137
25 16 128 1000 132
26 32 64 5000 105
27 128 16 800 188
28 64 128 800 175
29 64 64 2400 124
30 32 64 800 147
31 128 128 800 143
32 32 256 1000 114
33 64 256 5000 145
34 16 256 2400 113
35 32 128 500 167
36 64 16 500 107
37 32 64 2400 189
38 16 64 500 162
39 64 16 800 135
40 128 16 2400 168
41 128 16 5000 190
42 16 64 500 166
43 16 256 5000 184
44 32 128 2400 111
45 16 64 500 178
46 128 128 5000 142
47 64 256 2400 123
48 64 16 800 144
49 32 64 800 129
50 64 128 5000 107
51 128 128 2400 165
52 64 128 5000 198
53 128 256 1000 182
54 64 64 1000 159
55 64 128 800 94
56 32 16 2400 94
57 16 256 800 106
58 32 64 5000 170
59 64 128 2400 107
60 16 64 500 141
61 64 64 2400 156
62 32 64 1000 109
63 32 64 2400 112
64 32 16 5000 97
65 128 64 2400 122
66 32 16 500 144
67 64 256 2400 109
68 16 128 1000 175
69 16 256 800 122
70 16 256 500 114
71 64 16 800 167
72 64 256 2400 107
73 64 128 2400 114
74 128 128 800 116
75 16 256 800 193
76 64 128 5000 183
77 128 256 2400 165
78 16 64 1000 155
79 16 128 500 161
80 64 128 2400 173
81 16 16 800 99
82 32 256 800 140
83 64 256 1000 93
84 16 16 5000 166
85 16 256 500 135
86 64 128 800 152
87 32 64 2400 116
88 32 16 5000 176
89 16 256 5000 165
90 64 64 500 95
91 128 128 500 121
92 128 128 2400 144
93 16 128 800 190
94 128 64 1000 131
95 32 16 500 192
96 32 128 5000 164
97 128 128 1000 158
98 64 256 500 191
99 32 64 500 188
100 128 256 800 199
101 32 256 500 187
102 16 64 1000 103
103 16 16 1000 181
104 64 16 800 117
105 32 16 800 149
106 128 128 2400 133
107 64 128 5000 127
108 16 256 800 161
109 16 64 2400 163
110 128 16 1000 151
111 128 64 800 114
112 32 16 800 108
113 16 16 5000 162
114 32 16 1000 146
115 64 256 2400 109
116 64 256 2400 100
117 128 256 1000 111
118 32 64 800 133
119 128 64 500 100
120 64 64 2400 178
121 128 256 1000 120
122 16 256 800 120
123 16 256 1000 183
124 32 128 800 141
125 32 256 5000 196
126 128 256 800 144
127 16 64 5000 200
128 32 256 2400 159
129 128 128 800 195
130 64 64 500 155
131 32 16 800 150
132 128 64 2400 171
133 64 64 500 134
134 64 16 1000 135
135 32 16 5000 122
136 64 256 5000 115
137 16 16 500 101
138 64 256 1000 190
139 32 16 1000 142
140 128 256 800 110
141 16 128 1000 149
142 32 256 500 165
143 64 64 1000 159
144 16 256 2400 138
145 16 16 800 131
146 32 64 800 119
147 16 64 2400 168
148 16 16 500 96
149 64 128 500 190
150 32 16 500 119
151 128 128 5000 175
152 16 256 2400 113
153 64 16 2400 132
154 128 128 800 192
155 128 64 800 156
156 16 256 2400 186
157 64 128 2400 143
158 128 256 5000 97
159 128 16 5000 159
160 16 64 800 170
161 16 256 1000 100
162 64 64 800 125
163 128 64 2400 123
164 128 128 2400 114
165 128 64 1000 178
166 32 128 500 133
167 32 64 800 175
168 32 128 800 120
169 64 64 500 123
170 16 64 5000 142
171 16 64 2400 96
172 128 16 2400 101
173 64 16 1000 167
174 32 256 500 160
175 16 128 1000 193
176 128 64 500 146
177 32 16 800 166
178 128 16 2400 156
179 32 256 800 142
180 64 64 1000 173
181 32 64 500 141
182 16 128 2400 152
183 16 256 1000 114
184 32 16 500 190
185 16 16 5000 146
186 16 256 2400 165
187 64 64 800 136
188 128 128 500 121
189 64 256 800 101
190 32 64 5000 141
191 32 64 2400 103
192 32 16 800 144
193 32 256 500 93
194 128 128 5000 175
195 16 256 800 111
196 16 16 2400 195
197 128 16 500 142
198 16 128 800 153
199 128 16 5000 180
200 128 128 1000 152
201 64 128 500 147
202 32 256 800 152
203 32 128 1000 150
204 64 128 2400 172
205 128 128 800 108
206 128 64 2400 105
207 64 16 5000 177
208 64 16 800 139
209 32 256 2400 118
210 128 16 2400 144
211 16 16 500 192
212 128 64 800 140
213 32 64 5000 172
214 32 16 5000 131
215 16 256 1000 186
216 64 128 800 90
217 16 256 2400 91
218 64 64 800 146
219 16 128 500 119
220 64 256 500 159
221 64 128 1000 178
222 32 16 800 106
223 16 256 2400 164
224 128 256 1000 196
225 64 16 800 107
226 128 64 2400 138
227 128 16 800 107
228 128 256 500 186
229 16 128 1000 164
230 64 16 800 196
231 128 128 2400 143
232 128 64 5000 131
233 64 256 2400 134
234 128 128 800 90
235 16 256 1000 181
236 64 16 500 150
237 64 256 800 174
238 64 64 2400 184
239 128 64 800 96
240 16 128 800 165
241 16 256 2400 145
242 128 256 5000 132
243 64 128 2400 152
244 64 64 1000 113
245 128 128 500 92
246 32 64 1000 179
247 16 256 5000 112
248 32 64 800 131
249 128 128 2400 132
250 128 128 1000 144
251 16 64 800 179
252 64 128 5000 140
253 16 16 2400 105
254 128 16 800 117
255 16 128 2400 167
256 128 256 500 194
257 128 256 1000 149
258 16 128 2400 194
259 64 128 5000 101
260 64 256 1000 133
261 128 256 1000 92
262 128 128 1000 125
263 32 16 1000 176
264 64 128 1000 92
265 64 128 2400 128
266 64 64 800 135
267 16 64 500 126
268 32 256 800 92
269 128 256 1000 120
270 16 64 500 171
271 16 256 2400 167
272 64 64 2400 128
273 64 64 2400 142
274 128 256 5000 126
275 64 128 500 169
276 16 256 500 109
277 128 64 800 189
278 64 256 5000 136
279 64 16 500 159
280 32 16 500 101
281 32 64 2400 109
282 128 128 5000 135
283 64 16 800 125
284 32 256 5000 197
285 32 256 500 103
286 32 64 800 101
287 32 128 1000 190
288 32 16 1000 124
289 128 128 500 190
290 128 128 800 151
291 16 16 800 122
292 16 64 2400 135
293 128 16 2400 124
294 64 16 800 170
295 64 64 2400 173
296 32 128 5000 198
297 32 16 800 180
298 128 64 800 192
299 16 256 2400 97
300 128 16 1000 129
301 64 16 1000 173
302 64 256 800 148
303 32 256 800 179
304 32 128 5000 193
305 128 256 5000 191
306 16 64 2400 168
307 64 256 2400 199
308 16 64 2400 101
309 16 16 1000 194
310 32 16 800 123
311 16 256 500 177
312 32 256 800 195
313 128 128 500 135
314 128 16 500 177
315 128 64 500 174
316 16 64 500 141
317 32 128 2400 106
318 128 128 2400 160
319 32 128 2400 165
320 32 128 800 165
321 32 128 800 164
322 128 16 5000 107
323 16 256 2400 152
324 128 256 1000 188
325 64 16 2400 133
326 16 128 5000 159
327 64 64 2400 118
328 128 64 500 198
329 128 16 2400 144
330 128 128 800 127
331 64 16 500 191
332 64 64 1000 170
333 32 64 5000 144
334 64 256 1000 113
335 16 16 800 183
336 16 256 2400 93
337 64 256 800 158
338 64 16 800 142
339 32 64 2400 178
340 64 128 5000 108
341 128 256 500 140
342 16 128 500 108
343 32 16 500 128
344 128 16 5000 197
345 16 16 800 148
346 64 256 800 173
347 32 16 500 164
348 128 64 2400 111
349 32 128 2400 94
350 64 64 500 97
351 16 128 5000 193
352 64 16 500 172
353 16 16 500 161
354 128 64 500 126
355 64 16 5000 184
356 32 256 5000 167
357 64 16 800 160
358 128 16 800 118
359 32 16 2400 176
360 128 16 2400 116
361 64 256 2400 97
362 128 64 500 151
363 16 16 800 161
364 16 256 5000 95
365 32 16 500 188
366 64 128 800 197
367 64 256 800 136
368 16 256 5000 106
369 128 128 2400 145
370 16 64 800 197
371 128 16 5000 100
372 128 16 1000 170
373 32 16 2400 124
374 16 128 2400 192
375 16 256 500 197
376 16 128 5000 126
377 16 16 1000 187
378 64 128 2400 142
379 64 16 1000 165
380 32 128 2400 140
381 16 16 5000 198
382 16 16 5000 146
383 32 16 2400 97
384 32 64 500 144
385 128 16 1000 125
386 32 64 2400 155
387 64 256 5000 182
388 32 16 1000 195
389 128 128 2400 172
390 32 64 800 101
391 64 256 1000 154
392 16 256 5000 190
393 64 128 1000 173
394 64 128 500 144
395 128 256 1000 92
396 16 16 2400 169
397 32 16 800 190
398 16 128 800 191
399 32 64 1000 96
400 16 16 800 162
401 64 16 5000 117
402 64 64 800 158
403 16 256 800 117
404 16 256 800 193
405 32 128 1000 177
406 16 256 2400 90
407 16 64 800 189
408 64 256 800 197
409 16 64 1000 179
410 32 256 1000 130
411 64 16 5000 187
412 64 64 800 109
413 64 16 1000 146
414 32 128 800 192
415 16 16 500 103
416 64 128 2400 136
417 64 256 800 103
418 32 256 1000 121
419 64 16 2400 131
420 16 128 500 112
421 64 128 5000 115
422 64 256 500 170
423 64 16 5000 186
424 32 128 2400 189
425 32 256 500 107
426 128 64 800 130
427 32 64 1000 113
428 128 128 800 100
429 16 16 500 137
430 16 16 500 153
431 64 64 1000 129
432 64 256 500 109
433 16 128 1000 101
434 32 256 800 190
435 128 128 800 137
436 128 64 500 160
437 128 256 1000 127
438 16 256 800 124
439 16 16 500 112
440 64 256 2400 112
441 64 16 2400 197
442 128 256 500 192
443 32 256 800 92
444 128 128 2400 139
445 16 128 800 141
446 64 256 5000 187
447 128 128 800 103
448 64 256 500 134
449 128 128 800 92
450 32 256 1000 144
451 16 64 800 177
452 16 16 800 140
453 32 64 1000 96
454 16 64 800 111
455 16 256 2400 189
456 32 128 2400 146
457 64 128 2400 160
458 32 16 800 199
459 32 64 2400 100
460 128 64 5000 178
461 64 64 500 164
462 128 16 5000 153
463 64 128 500 143
464 32 64 800 121
465 32 16 5000 189
466 32 256 800 194
467 16 256 2400 139
468 32 64 2400 177
469 16 128 500 98
470 128 16 500 178
471 16 256 500 118
472 128 128 800 156
473 64 64 500 152
474 16 64 5000 107
475 64 64 2400 178
476 128 128 500 126
477 32 64 5000 130
478 32 64 2400 155
479 16 256 800 172
480 32 128 2400 199
481 128 256 5000 192
482 32 16 1000 120
483 128 128 800 139
484 16 16 500 184
485 128 128 500 145
486 32 128 1000 152
487 64 64 500 194
488 64 64 500 133
489 64 256 2400 130
490 16 128 2400 128
491 32 128 800 132
492 64 256 5000 94
493 64 128 500 133
494 64 16 800 188
495 64 64 1000 154
496 64 16 1000 99
497 64 64 5000 147
498 128 16 800 95
499 64 256 500 110
500 32 16 500 167
501 32 16 5000 133
502 32 64 1000 100
503 32 128 800 122
504 32 64 1000 190
505 128 256 800 153
506 16 256 2400 167
507 16 64 500 97
508 32 16 500 166
509 64 128 2400 154
510 16 128 5000 136
511 32 16 5000 197
512 128 16 800 164
513 16 64 5000 152
514 16 64 5000 183
515 64 64 5000 200
516 64 256 500 185
517 64 128 5000 175
518 64 16 500 161
519 64 128 5000 106
520 32 64 2400 181
521 64 16 800 151
522 128 256 1000 92
523 64 16 2400 155
524 32 16 2400 122
525 16 64 5000 175
526 16 16 800 131
527 32 128 5000 129
528 64 64 1000 164
529 32 16 5000 165
530 32 16 1000 96
531 64 64 500 145
532 64 256 500 163
533 128 128 5000 129
534 16 16 500 142
535 128 128 800 142
536 32 64 500 194
537 32 64 2400 178
538 16 16 500 114
539 64 64 500 103
540 32 128 800 97
541 32 256 1000 117
542 128 64 5000 118
543 32 16 1000 154
544 128 64 800 104
545 32 64 5000 161
546 16 256 500 133
547 32 256 500 154
548 64 128 1000 130
549 128 128 2400 154
550 128 128 1000 107
551 64 16 2400 140
552 32 128 500 107
553 16 16 1000 144
554 16 16 500 131
555 128 16 800 161
556 64 16 800 143
557 32 64 500 108
558 16 256 2400 187
559 64 64 2400 100
560 64 64 500 91
561 32 16 2400 113
562 32 64 500 119
563 32 64 2400 146
564 16 256 800 147
565 16 16 500 90
566 32 128 500 122
567 16 128 5000 180
568 32 64 5000 94
569 64 256 2400 140
570 32 64 800 190
571 128 128 2400 194
572 128 256 500 116
573 32 64 1000 139
574 32 128 500 195
575 128 256 5000 150
576 128 128 1000 101
577 128 128 2400 91
578 128 16 2400 185
579 16 128 800 94
580 128 64 500 152
581 64 64 5000 109
582 128 256 5000 161
583 128 256 800 195
584 128 16 1000 116
585 64 16 2400 178
586 16 128 500 96
587 64 64 5000 152
588 32 128 500 130
589 32 16 2400 183
590 64 16 1000 115
591 128 64 2400 191
592 16 64 1000 142
593 16 256 1000 101
594 64 64 500 126
595 16 64 500 183
596 16 64 800 104
597 64 64 500 147
598 32 128 500 137
599 64 64 2400 178
600 16 128 500 157
601 16 128 800 166
602 32 128 2400 109
603 64 128 2400 175
604 128 16 2400 148
605 16 128 800 179
606 16 16 800 154
607 128 128 500 122
608 16 256 500 128
609 32 128 800 158
610 128 128 5000 118
611 32 16 500 165
612 64 256 1000 156
613 128 16 500 106
614 32 16 1000 141
615 128 16 1000 122
616 128 128 800 99
617 64 256 800 124
618 16 16 800 124
619 32 16 500 136
620 128 16 500 192
621 128 16 500 142
622 128 16 5000 140
623 64 256 2400 172
624 16 16 800 179
625 128 16 5000 134
626 128 128 800 166
627 64 64 1000 127
628 32 64 5000 135
629 16 64 1000 186
630 16 16 1000 191
631 128 128 800 149
632 128 16 800 108
633 16 64 1000 118
634 64 16 1000 115
635 32 256 800 174
636 32 64 800 95
637 16 16 2400 94
638 128 64 5000 195
639 64 128 2400 178
640 16 64 1000 163
641 16 256 800 95
642 64 16 1000 120
643 64 256 5000 135
644 32 128 5000 141
645 16 256 5000 190
646 64 16 5000 116
647 16 128 500 166
648 64 16 2400 158
649 128 128 800 166
650 32 64 2400 112
651 128 64 5000 126
652 64 128 1000 138
653 16 256 1000 132
654 16 16 500 191
655 128 128 2400 177
656 32 128 800 121
657 64 64 500 95
658 32 128 5000 177
659 128 16 1000 190
660 128 16 1000 158
661 16 64 1000 90
662 16 64 1000 92
663 64 128 500 100
664 16 128 5000 127
665 64 128 5000 110
666 32 128 800 109
667 16 64 1000 128
668 128 128 800 129
669 32 64 1000 100
670 32 16 1000 172
671 32 256 5000 141
672 128 16 2400 192
673 128 128 2400 174
674 64 64 2400 111
675 128 128 5000 126
676 128 128 2400 143
677 128 256 1000 137
678 32 64 5000 116
679 16 64 1000 162
680 64 128 500 177
681 16 16 500 124
682 128 256 1000 97
683 32 128 2400 166
684 32 256 1000 142
685 64 64 1000 106
686 32 64 5000 91
687 64 256 2400 102
688 32 64 800 97
689 32 64 2400 99
690 128 128 5000 154
691 64 128 5000 158
692 32 128 500 171
693 64 64 2400 110
694 16 128 2400 142
695 16 128 800 118
696 128 16 500 147
697 32 128 2400 140
698 16 256 1000 149
699 64 64 2400 140
700 16 64 800 170
701 32 16 800 146
702 32 64 500 102
703 128 16 800 139
704 16 16 2400 171
705 64 256 1000 193
706 16 16 800 104
707 128 128 800 118
708 32 64 2400 147
709 32 64 1000 182
710 64 256 1000 153
711 32 128 1000 193
712 64 128 5000 134
713 64 128 5000 160
714 16 16 5000 126
715 64 64 1000 159
716 64 128 5000 122
717 32 128 5000 120
718 64 128 2400 185
719 128 64 800 95
720 128 16 2400 181
721 16 256 500 96
722 32 128 2400 151
723 16 16 800 168
724 128 256 5000 103
725 128 256 2400 196
726 32 128 5000 177
727 32 256 1000 198
728 32 16 500 182
729 32 128 5000 162
730 128 64 800 90
731 16 128 500 105
732 32 64 1000 161
733 16 128 5000 115
734 16 256 5000 158
735 64 64 2400 191
736 32 128 500 173
737 16 64 800 107
738 16 256 1000 95
739 32 256 1000 166
740 32 256 5000 141
741 16 64 500 168
742 16 16 800 91
743 64 64 500 189
744 128 16 500 139
745 128 256 1000 154
746 128 64 5000 102
747 64 128 500 164
157
0 486 66 144
4 660 61 112
6 350 42 91
7 743 43 193
9 126 46 124
12 743 54 150
13 714 69 105
15 112 41 138
15 229 43 138
21 325 68 99
23 625 69 197
23 444 52 189
24 381 53 164
29 57 51 166
34 313 46 112
36 694 43 123
40 457 64 111
41 469 48 161
41 488 64 186
42 83 47 198
44 188 42 97
52 526 46 140
67 367 61 138
70 192 50 93
77 384 63 173
77 498 43 163
79 430 44 171
83 597 68 127
84 697 69 111
90 195 54 116
90 211 41 155
92 465 45 133
92 169 66 196
93 693 46 165
94 569 67 96
95 611 66 169
98 460 43 197
100 229 52 198
101 247 66 115
102 690 59 174
106 406 44 183
109 691 48 176
112 308 66 169
114 432 43 130
115 479 42 160
115 215 66 111
117 494 67 132
121 511 47 144
130 709 53 97
131 307 68 191
142 620 61 107
146 295 55 133
146 617 58 146
166 500 48 183
167 670 61 95
168 376 58 115
172 487 70 122
174 493 54 94
176 524 65 159
178 482 49 145
189 253 44 144
190 227 58 194
192 631 59 162
195 300 64 139
196 226 41 152
197 614 46 179
199 458 40 177
199 600 55 170
203 526 64 199
203 544 68 196
206 599 70 107
207 285 50 158
217 642 44 93
220 412 53 136
221 661 48 188
223 686 58 174
242 650 64 136
246 551 57 196
248 619 65 170
249 655 46 152
250 585 43 108
251 546 45 92
253 327 51 129
254 714 66 147
258 523 69 184
262 632 41 148
265 411 55 155
270 421 63 163
273 512 59 102
275 727 61 160
280 319 45 133
282 486 70 142
285 407 63 95
294 298 57 138
294 311 51 188
300 666 68 167
301 592 53 188
302 655 43 93
305 524 51 106
306 570 51 186
311 660 45 155
314 430 43 93
317 338 51 111
319 743 42 107
321 746 59 97
321 519 68 161
325 605 69 132
329 370 40 168
330 587 48 180
332 486 69 196
339 714 50 195
344 704 58 174
349 467 49 94
351 671 43 166
351 469 42 111
354 741 51 123
354 372 62 111
356 474 47 94
359 484 63 120
366 581 53 97
373 490 62 128
380 740 70 171
383 650 64 176
384 515 40 192
387 518 68 194
397 740 66 148
399 514 51 126
408 416 65 141
434 680 53 153
435 551 42 105
443 614 47 185
446 680 69 177
452 631 67 162
459 669 64 173
466 720 44 104
469 593 60 153
471 644 60 141
476 660 63 147
477 508 41 191
491 549 57 162
513 530 42 163
518 729 61 112
523 737 59 167
538 594 51 92
540 643 60 149
547 624 52 135
551 654 44 98
571 671 43 124
575 662 40 111
595 721 60 184
612 630 45 164
628 649 70 181
632 728 45 190
634 695 40 122
667 724 55 122
692 729 56 172
743 745 47 124