761
0 16 64 800 144
1 16 64 1000 154
2 16 96 800 101
3 32 64 1000 153
4 16 40 800 157
5 16 40 400 120
6 16 40 800 172
7 16 40 800 94
8 16 40 5000 146
9 32 40 1000 101
10 16 40 800 159
11 32 64 400 163
12 16 64 1000 178
13 16 96 800 118
14 16 40 1000 127
15 16 40 400 167
16 32 40 400 164
17 16 64 800 163
18 16 96 800 155
19 32 96 5000 130
20 16 96 400 200
21 16 96 2000 145
22 16 64 800 140
23 16 96 800 132
24 32 64 5000 136
25 32 40 2000 100
26 16 64 5000 129
27 16 40 2000 106
28 32 96 800 169
29 32 40 5000 141
30 32 64 1000 145
31 32 40 800 166
32 16 40 1000 137
33 32 40 800 91
34 32 96 2000 156
35 32 40 400 146
36 32 64 800 136
37 16 64 5000 184
38 16 64 800 193
39 32 64 2000 190
40 16 64 400 132
41 32 96 5000 123
42 16 40 400 151
43 16 64 1000 117
44 32 40 1000 94
45 32 40 2000 143
46 16 40 400 98
47 16 64 5000 109
48 32 40 400 120
49 16 40 800 141
50 32 96 2000 190
51 32 64 400 147
52 32 96 1000 176
53 16 64 800 122
54 16 40 5000 164
55 16 40 5000 95
56 16 64 400 162
57 32 64 1000 106
58 32 96 800 200
59 16 64 5000 193
60 32 40 1000 97
61 16 40 2000 167
62 16 96 400 98
63 16 96 2000 177
64 32 40 2000 169
65 16 40 5000 125
66 16 40 1000 102
67 16 40 400 154
68 32 40 800 125
69 32 96 1000 142
70 32 64 5000 171
71 32 64 5000 157
72 16 40 800 174
73 32 96 400 107
74 32 40 400 195
75 16 40 2000 173
76 16 64 2000 163
77 32 64 400 185
78 32 96 1000 161
79 16 64 1000 103
80 16 64 800 197
81 32 40 800 148
82 16 40 1000 160
83 16 96 800 167
84 32 64 800 142
85 32 64 1000 122
86 16 96 1000 189
87 32 96 400 172
88 16 40 400 174
89 16 64 1000 179
90 32 96 2000 151
91 32 64 2000 92
92 16 64 400 146
93 32 40 1000 180
94 16 64 800 132
95 32 64 5000 124
96 16 96 800 142
97 16 96 2000 179
98 32 40 2000 91
99 32 96 5000 188
100 32 64 2000 177
101 32 64 400 113
102 16 64 1000 193
103 32 64 400 160
104 16 96 800 180
105 32 40 400 127
106 32 40 2000 92
107 32 64 2000 125
108 16 64 1000 159
109 32 40 1000 105
110 32 64 1000 115
111 16 96 5000 156
112 32 64 2000 185
113 16 40 1000 155
114 16 40 400 136
115 16 96 5000 119
116 32 96 5000 120
117 16 64 5000 121
118 32 64 400 90
119 32 40 2000 195
120 32 96 1000 108
121 16 96 800 197
122 32 96 1000 101
123 32 96 800 112
124 32 40 5000 186
125 32 64 5000 163
126 16 40 1000 132
127 32 40 1000 139
128 32 96 800 112
129 32 96 1000 175
130 16 96 400 190
131 16 96 2000 149
132 32 40 5000 169
133 16 96 1000 106
134 32 40 2000 191
135 32 96 800 174
136 32 64 2000 131
137 32 96 1000 156
138 16 40 2000 100
139 16 64 1000 91
140 16 64 1000 165
141 32 40 1000 129
142 32 40 2000 193
143 16 96 1000 133
144 16 40 1000 112
145 16 64 800 151
146 32 64 5000 95
147 16 64 800 144
148 16 64 800 186
149 32 64 400 151
150 16 64 800 197
151 16 40 800 145
152 32 40 2000 178
153 32 64 400 176
154 32 96 2000 107
155 16 40 400 104
156 32 64 400 143
157 16 40 800 154
158 32 96 800 175
159 16 40 400 151
160 32 40 400 129
161 16 40 1000 110
162 32 64 5000 147
163 16 64 2000 171
164 16 64 400 180
165 32 96 400 183
166 16 96 2000 194
167 32 96 2000 137
168 32 96 2000 171
169 16 96 5000 147
170 32 40 800 121
171 16 40 1000 103
172 16 96 1000 132
173 32 40 400 106
174 32 40 5000 167
175 16 64 800 184
176 16 96 1000 139
177 32 96 800 119
178 16 64 2000 94
179 16 96 800 114
180 16 40 1000 164
181 32 96 400 139
182 32 96 400 155
183 16 40 800 129
184 16 64 400 173
185 16 64 1000 181
186 16 96 400 156
187 16 96 400 132
188 16 64 1000 125
189 16 96 5000 116
190 16 64 2000 190
191 32 64 400 140
192 16 64 5000 149
193 16 96 400 93
194 16 96 2000 144
195 32 40 1000 198
196 32 64 800 198
197 16 64 400 163
198 16 96 800 105
199 16 64 800 127
200 32 64 1000 105
201 32 40 2000 113
202 16 64 400 131
203 16 96 5000 107
204 16 64 400 182
205 16 64 400 151
206 32 96 1000 172
207 16 64 2000 95
208 32 40 400 126
209 16 96 800 92
210 16 64 5000 186
211 32 64 5000 155
212 32 64 800 171
213 16 40 400 157
214 32 96 400 182
215 32 96 5000 183
216 32 96 2000 129
217 32 64 400 167
218 32 40 400 102
219 32 40 5000 94
220 16 96 5000 143
221 32 96 400 144
222 16 96 800 187
223 16 64 800 185
224 32 64 800 174
225 32 64 800 106
226 32 64 2000 140
227 16 40 2000 149
228 16 40 2000 95
229 32 64 400 126
230 32 40 400 108
231 32 40 2000 151
232 32 96 2000 128
233 16 64 1000 197
234 16 40 2000 174
235 32 64 800 137
236 16 96 5000 112
237 32 64 400 196
238 16 40 5000 169
239 16 64 1000 108
240 16 64 1000 94
241 32 64 800 181
242 16 40 400 178
243 32 64 1000 126
244 16 64 2000 164
245 16 40 1000 177
246 32 64 1000 132
247 32 96 5000 109
248 16 40 1000 160
249 32 96 1000 197
250 16 40 1000 120
251 16 96 5000 189
252 32 96 800 189
253 32 96 2000 163
254 16 96 800 144
255 16 64 400 186
256 32 64 1000 154
257 16 64 400 126
258 16 64 800 200
259 32 40 800 124
260 32 40 2000 170
261 32 64 5000 194
262 16 64 1000 115
263 16 64 400 151
264 32 64 5000 90
265 16 96 800 184
266 32 96 400 170
267 32 64 2000 156
268 32 96 800 121
269 16 64 2000 200
270 32 64 5000 120
271 16 64 800 112
272 16 96 2000 170
273 16 96 5000 110
274 32 40 1000 109
275 16 64 5000 122
276 16 40 400 98
277 16 96 1000 132
278 16 40 800 163
279 16 64 400 157
280 32 64 5000 190
281 16 64 800 167
282 16 40 400 116
283 32 96 5000 91
284 16 96 2000 139
285 16 96 5000 182
286 32 40 2000 144
287 16 64 400 153
288 16 96 400 142
289 16 64 400 156
290 32 64 2000 173
291 16 96 800 187
292 16 64 5000 192
293 16 96 5000 164
294 32 64 5000 166
295 16 40 2000 126
296 32 64 400 105
297 32 40 5000 110
298 32 40 5000 103
299 16 40 800 129
300 32 64 400 162
301 16 64 800 195
302 32 64 5000 136
303 16 40 5000 161
304 32 64 2000 152
305 16 40 1000 152
306 32 64 1000 189
307 32 40 5000 115
308 32 64 400 169
309 16 40 2000 158
310 32 64 400 95
311 32 96 800 143
312 16 40 1000 113
313 16 64 2000 155
314 32 40 800 145
315 32 64 1000 90
316 16 40 1000 170
317 32 96 1000 96
318 32 64 800 151
319 16 64 1000 170
320 32 96 800 136
321 32 64 400 106
322 32 64 2000 98
323 16 40 1000 100
324 16 64 1000 159
325 32 64 1000 98
326 32 64 800 133
327 32 40 1000 107
328 32 40 400 145
329 16 96 800 101
330 32 64 2000 136
331 32 96 2000 113
332 16 40 1000 102
333 32 64 800 125
334 32 96 1000 143
335 16 40 1000 142
336 32 96 800 110
337 16 96 5000 144
338 32 96 800 183
339 16 64 800 94
340 32 40 2000 154
341 16 40 2000 117
342 32 96 1000 157
343 16 96 400 116
344 16 96 1000 98
345 32 96 1000 128
346 32 64 5000 197
347 32 40 2000 167
348 16 40 1000 176
349 32 64 5000 102
350 16 96 5000 186
351 16 64 2000 135
352 16 40 800 123
353 16 96 800 128
354 32 64 5000 197
355 16 96 400 179
356 16 96 400 110
357 16 96 2000 93
358 32 40 400 145
359 16 64 5000 123
360 16 96 5000 109
361 16 96 400 117
362 32 40 800 156
363 16 64 2000 133
364 16 40 800 120
365 32 40 1000 150
366 32 40 2000 103
367 16 96 400 190
368 32 40 5000 170
369 32 64 800 106
370 16 64 5000 198
371 32 64 400 127
372 16 64 400 110
373 16 64 5000 132
374 16 40 400 110
375 16 64 2000 93
376 16 64 800 186
377 16 40 5000 189
378 32 64 400 92
379 32 64 1000 112
380 32 64 1000 161
381 16 40 2000 174
382 16 64 1000 167
383 32 96 1000 103
384 16 96 1000 164
385 16 64 5000 105
386 32 40 1000 139
387 32 40 1000 197
388 32 96 2000 129
389 32 64 400 131
390 32 40 400 160
391 32 96 5000 144
392 32 96 800 178
393 16 96 5000 91
394 16 96 5000 115
395 16 40 2000 159
396 32 64 1000 190
397 16 40 400 164
398 16 64 5000 141
399 32 96 2000 118
400 16 96 800 164
401 32 96 800 162
402 16 40 800 101
403 32 64 800 165
404 16 96 800 158
405 16 96 2000 158
406 16 96 800 165
407 32 96 800 141
408 16 96 2000 168
409 32 40 400 162
410 32 96 400 101
411 16 64 5000 116
412 16 64 800 103
413 32 64 400 99
414 32 96 400 142
415 32 40 5000 110
416 32 40 400 138
417 16 64 800 104
418 32 40 400 147
419 32 64 5000 160
420 32 40 5000 129
421 32 64 5000 144
422 16 96 800 154
423 16 64 800 152
424 32 64 5000 165
425 32 96 5000 122
426 32 40 400 169
427 32 96 800 101
428 32 64 1000 169
429 16 64 800 111
430 16 96 800 150
431 32 40 5000 150
432 16 64 5000 174
433 32 40 2000 196
434 16 96 400 167
435 16 96 5000 121
436 16 64 5000 106
437 16 40 1000 174
438 16 40 1000 125
439 32 64 5000 94
440 32 40 800 148
441 16 96 400 168
442 16 96 5000 90
443 32 40 5000 121
444 16 96 800 181
445 16 64 400 119
446 16 96 800 180
447 32 96 5000 171
448 16 64 400 126
449 32 64 2000 118
450 16 96 2000 136
451 32 40 800 99
452 32 40 1000 159
453 32 96 800 184
454 16 64 5000 142
455 32 96 2000 166
456 32 40 800 186
457 32 64 1000 144
458 32 40 400 160
459 16 64 1000 128
460 16 64 400 95
461 16 64 400 193
462 16 40 400 159
463 16 64 400 121
464 16 40 800 124
465 32 40 800 94
466 16 40 1000 93
467 16 40 5000 96
468 16 64 400 175
469 16 64 400 125
470 32 40 800 139
471 16 40 400 194
472 16 40 400 167
473 16 64 5000 94
474 32 96 2000 197
475 16 96 2000 166
476 16 40 1000 113
477 32 40 2000 102
478 16 64 2000 178
479 32 96 5000 115
480 16 64 800 179
481 32 96 400 120
482 32 96 400 92
483 16 96 400 187
484 32 40 1000 126
485 32 64 2000 147
486 16 40 5000 131
487 32 96 800 162
488 16 40 1000 175
489 32 40 5000 139
490 32 64 1000 196
491 32 96 400 144
492 16 40 1000 148
493 32 40 1000 145
494 16 64 800 140
495 32 96 5000 125
496 32 64 400 198
497 32 64 800 149
498 32 40 1000 110
499 32 40 1000 194
500 32 64 1000 195
501 32 40 1000 119
502 16 40 2000 106
503 32 40 800 176
504 16 40 1000 163
505 16 64 800 118
506 16 96 2000 161
507 16 64 800 117
508 16 40 800 103
509 32 64 2000 173
510 32 40 800 101
511 32 64 800 147
512 16 64 2000 131
513 32 96 5000 158
514 16 96 2000 134
515 16 96 5000 174
516 16 40 1000 182
517 16 96 5000 161
518 32 40 1000 114
519 32 64 400 165
520 16 96 400 176
521 32 40 800 164
522 16 96 5000 180
523 16 96 800 102
524 32 40 1000 126
525 16 64 2000 90
526 16 40 800 179
527 32 64 400 200
528 32 96 1000 96
529 32 40 1000 170
530 32 64 1000 182
531 32 40 5000 174
532 32 40 5000 98
533 16 40 2000 146
534 32 96 2000 115
535 32 96 800 111
536 16 96 400 169
537 32 64 5000 97
538 32 64 1000 179
539 32 64 5000 93
540 16 40 800 135
541 16 96 5000 104
542 16 64 800 198
543 32 40 5000 114
544 32 96 800 160
545 32 40 800 124
546 32 96 2000 145
547 32 96 800 185
548 32 40 5000 146
549 16 64 2000 97
550 32 40 400 102
551 32 64 400 125
552 16 96 400 181
553 32 40 400 118
554 16 40 5000 154
555 32 64 2000 198
556 32 96 5000 186
557 16 96 2000 134
558 16 64 2000 119
559 16 64 5000 91
560 16 40 5000 132
561 32 96 800 96
562 16 40 800 178
563 32 40 2000 96
564 32 64 1000 90
565 32 96 1000 192
566 32 64 1000 114
567 32 64 400 189
568 16 96 800 135
569 32 40 400 197
570 16 40 1000 129
571 16 96 2000 159
572 16 96 1000 152
573 16 96 400 146
574 32 40 400 93
575 16 40 2000 145
576 16 40 2000 199
577 16 96 5000 170
578 16 64 1000 110
579 32 64 5000 143
580 32 64 400 152
581 16 40 1000 140
582 32 40 400 94
583 16 64 2000 154
584 32 64 400 154
585 32 40 2000 130
586 32 40 400 196
587 16 40 2000 157
588 16 40 1000 127
589 32 64 5000 160
590 16 40 400 149
591 16 64 2000 190
592 32 64 5000 92
593 32 96 1000 198
594 16 40 800 182
595 32 64 400 90
596 32 64 800 101
597 16 96 800 116
598 32 40 1000 101
599 32 40 400 175
600 32 64 5000 177
601 32 40 400 153
602 32 64 2000 150
603 32 40 2000 99
604 32 40 400 146
605 32 64 5000 164
606 16 40 1000 151
607 32 40 800 143
608 32 40 400 150
609 16 40 400 94
610 16 64 1000 148
611 16 64 1000 153
612 16 96 800 136
613 16 40 2000 189
614 16 40 800 168
615 16 96 2000 194
616 16 64 2000 124
617 16 96 400 103
618 16 96 400 194
619 16 40 800 190
620 16 40 1000 140
621 16 40 5000 154
622 32 64 800 165
623 32 96 5000 166
624 32 96 5000 147
625 32 40 400 131
626 32 96 800 119
627 32 40 1000 118
628 32 64 5000 129
629 16 96 2000 166
630 32 64 1000 128
631 32 64 800 124
632 32 40 800 112
633 32 96 400 130
634 32 96 1000 184
635 16 64 400 101
636 16 96 1000 178
637 16 96 800 160
638 32 40 5000 170
639 32 40 800 97
640 16 40 1000 181
641 16 40 800 192
642 16 64 2000 147
643 16 64 1000 111
644 16 96 400 142
645 16 40 2000 158
646 32 40 2000 190
647 16 96 2000 104
648 32 96 400 135
649 16 40 800 156
650 16 40 1000 92
651 16 64 400 102
652 16 64 1000 142
653 32 40 1000 182
654 32 96 5000 94
655 16 40 1000 152
656 16 40 400 147
657 32 96 400 109
658 16 64 5000 156
659 16 64 2000 129
660 16 64 2000 151
661 16 96 400 113
662 32 40 800 97
663 32 64 400 98
664 32 64 2000 195
665 16 40 400 95
666 32 40 400 165
667 32 64 1000 193
668 32 64 800 93
669 16 64 400 117
670 16 96 5000 177
671 32 40 1000 154
672 32 40 800 190
673 32 64 5000 158
674 16 96 400 137
675 32 96 5000 144
676 16 64 2000 172
677 32 64 1000 155
678 32 96 400 120
679 32 96 800 154
680 16 64 5000 162
681 16 96 5000 136
682 32 96 400 169
683 16 96 1000 197
684 16 40 800 178
685 16 96 400 192
686 16 96 800 95
687 32 40 5000 100
688 16 40 2000 92
689 16 64 800 164
690 32 64 2000 200
691 32 96 2000 104
692 32 64 800 100
693 16 40 5000 184
694 32 96 5000 117
695 32 96 800 169
696 32 64 800 166
697 16 96 400 137
698 16 64 800 107
699 32 96 5000 200
700 32 40 5000 188
701 16 96 400 123
702 16 96 1000 135
703 32 64 400 111
704 32 64 400 144
705 32 40 2000 128
706 16 40 5000 124
707 16 96 5000 114
708 32 96 5000 134
709 16 64 2000 192
710 16 96 400 152
711 32 40 1000 169
712 32 96 1000 129
713 16 96 2000 95
714 16 96 1000 140
715 32 96 1000 93
716 16 96 1000 149
717 32 40 400 153
718 16 64 400 111
719 32 96 2000 149
720 32 64 400 167
721 32 64 1000 123
722 32 40 400 101
723 32 96 1000 182
724 16 64 2000 148
725 32 96 5000 151
726 16 64 2000 118
727 16 64 5000 130
728 16 40 400 183
729 16 96 1000 109
730 16 96 1000 163
731 16 96 1000 175
732 16 96 5000 152
733 32 64 1000 196
734 32 40 5000 111
735 16 64 1000 182
736 32 96 1000 130
737 32 64 400 144
738 16 40 2000 91
739 32 40 1000 188
740 16 64 1000 127
741 16 40 400 183
742 16 40 1000 144
743 16 40 2000 165
744 32 40 2000 153
745 16 64 400 105
746 16 96 5000 172
747 16 96 5000 154
748 32 64 5000 141
749 32 96 1000 197
750 16 40 800 111
751 32 40 5000 184
752 16 96 1000 146
753 16 40 400 100
754 32 96 1000 192
755 16 40 1000 125
756 16 64 400 94
757 16 96 800 194
758 32 64 5000 172
759 16 40 400 175
760 16 96 800 136
219
2 198 45 168
4 232 58 175
8 622 42 169
10 319 42 135
12 317 60 98
16 84 57 102
16 626 47 118
18 504 60 168
20 612 52 146
23 489 57 171
24 551 68 174
25 124 42 179
25 651 64 161
26 758 47 176
33 435 42 168
37 123 48 101
38 340 55 191
41 185 56 102
42 245 45 179
46 440 63 101
49 685 57 185
49 756 60 132
51 344 68 102
54 445 66 90
54 255 47 182
55 547 51 145
55 521 56 160
56 442 60 171
58 577 58 172
60 717 48 132
60 423 59 186
62 172 57 159
67 400 52 170
67 203 68 163
67 75 44 149
68 542 45 131
71 530 54 123
79 318 53 90
80 511 47 100
80 437 47 179
81 364 44 148
82 140 44 135
82 581 48 126
85 515 68 95
86 234 47 101
88 570 49 142
89 670 61 161
90 158 46 139
93 552 44 95
94 167 53 115
98 384 48 192
99 545 49 127
101 681 45 105
101 695 64 170
105 687 60 156
110 379 59 140
110 716 49 114
118 746 59 167
119 591 60 143
121 234 54 95
121 367 49 156
121 265 65 200
124 322 50 196
125 141 67 96
128 735 40 175
128 347 65 172
133 518 48 158
134 753 47 172
136 413 63 102
138 595 70 126
139 256 64 98
141 391 60 187
145 604 48 117
146 234 65 90
146 152 47 96
149 605 41 126
151 322 45 151
151 316 41 162
152 380 48 156
157 362 70 125
161 427 59 186
162 688 67 144
163 222 51 171
163 596 40 118
166 436 68 180
167 654 59 117
167 169 46 99
173 402 57 94
174 355 67 180
181 723 46 167
181 279 61 114
183 743 52 154
186 196 68 93
190 733 42 97
196 319 70 196
199 739 55 120
199 485 41 157
199 310 61 111
202 477 45 169
205 559 61 101
209 682 54 138
212 531 50 134
216 451 64 115
216 318 41 111
216 585 42 125
219 488 50 145
219 371 56 187
226 604 63 194
229 279 65 199
232 260 55 111
235 324 61 103
238 383 67 100
239 296 60 191
240 372 43 100
241 375 45 176
242 654 40 116
243 536 70 126
246 388 52 108
249 561 54 130
251 371 65 112
256 654 55 127
256 497 46 150
256 739 67 101
263 336 59 137
266 644 60 185
272 717 65 189
276 312 60 130
276 462 68 145
277 454 60 189
279 566 47 175
282 664 56 134
284 593 68 91
285 568 54 113
286 565 44 117
287 707 48 188
287 720 49 180
290 677 40 164
292 526 57 135
295 352 60 198
296 695 43 167
297 431 52 191
301 607 44 147
305 740 45 129
307 680 60 114
308 637 59 200
311 428 51 188
315 401 65 105
318 605 56 187
324 728 48 199
327 509 64 149
341 564 69 158
342 478 52 187
343 677 65 156
357 563 68 98
360 486 60 161
360 681 44 199
363 570 59 148
364 380 45 108
364 442 57 109
365 506 57 108
371 677 49 112
379 590 68 114
389 710 51 174
394 415 53 196
399 582 69 119
406 412 56 119
406 652 43 116
410 471 42 110
411 478 41 145
411 588 43 163
416 671 63 150
418 669 65 101
420 597 53 99
431 626 52 190
435 547 70 100
441 483 53 107
441 463 60 106
450 542 70 181
452 747 58 125
454 475 62 126
454 664 49 173
461 637 60 102
465 617 40 179
465 553 69 111
466 592 51 175
472 758 51 95
474 553 55 124
477 511 44 135
479 572 41 148
480 696 64 151
489 490 49 105
491 511 53 167
495 689 54 132
501 635 63 179
502 731 70 136
512 585 56 198
527 639 47 152
543 608 66 175
545 554 47 167
551 753 42 112
553 706 70 141
553 700 47 102
558 643 63 103
560 609 45 170
567 670 43 154
569 615 44 193
572 633 69 167
584 696 60 102
588 644 42 156
589 613 56 90
594 753 55 111
606 629 63 156
609 685 50 94
615 745 47 175
646 722 54 123
675 679 61 115
683 699 49 169
691 729 65 157
719 745 62 185