386
0 16 64 1000 136
1 64 16 2400 135
2 64 64 2400 149
3 64 128 2400 166
4 64 16 2400 181
5 16 128 500 121
6 16 256 2400 125
7 16 256 2400 173
8 64 128 500 197
9 64 64 1000 175
10 16 16 800 134
11 128 128 5000 194
12 128 256 5000 192
13 128 16 5000 110
14 16 256 5000 106
15 128 128 800 132
16 64 128 1000 111
17 64 64 2400 143
18 16 128 5000 187
19 16 64 800 97
20 32 64 800 151
21 16 64 800 123
22 64 256 5000 152
23 32 128 500 182
24 64 64 500 197
25 16 256 500 126
26 128 64 5000 196
27 128 128 1000 109
28 16 16 500 99
29 32 128 800 106
30 128 128 500 120
31 16 128 1000 165
32 32 64 2400 111
33 128 64 1000 180
34 64 64 5000 116
35 32 256 1000 170
36 128 128 5000 184
37 128 16 1000 185
38 16 128 500 146
39 32 64 500 156
40 32 16 2400 173
41 32 16 500 178
42 32 16 2400 116
43 128 64 500 113
44 64 256 800 97
45 32 256 500 164
46 64 64 5000 96
47 32 256 5000 164
48 16 128 2400 196
49 128 128 5000 175
50 32 64 5000 168
51 32 256 1000 166
52 128 256 800 153
53 128 256 500 135
54 64 256 500 140
55 64 128 800 192
56 128 256 800 166
57 64 16 500 108
58 32 128 500 97
59 128 16 500 145
60 16 16 2400 99
61 128 64 500 120
62 128 64 800 163
63 64 128 500 188
64 64 64 800 142
65 64 128 800 119
66 64 256 500 157
67 64 256 5000 153
68 64 64 1000 94
69 32 16 2400 182
70 64 128 2400 129
71 32 128 800 186
72 32 64 5000 167
73 16 128 2400 92
74 128 16 800 162
75 32 64 500 159
76 16 16 1000 190
77 128 64 1000 148
78 32 16 800 197
79 16 16 1000 122
80 16 256 800 166
81 64 128 1000 172
82 16 256 800 176
83 16 128 1000 102
84 128 128 1000 180
85 16 128 2400 164
86 32 256 2400 121
87 16 256 5000 191
88 32 64 500 184
89 32 16 2400 157
90 16 128 800 159
91 32 16 5000 115
92 64 128 2400 135
93 16 64 5000 141
94 128 256 800 111
95 64 128 2400 104
96 128 128 2400 118
97 32 256 800 179
98 16 64 500 171
99 32 256 800 131
100 128 64 800 198
101 32 16 500 184
102 32 256 500 170
103 64 128 500 199
104 128 16 800 119
105 64 256 800 116
106 128 16 500 91
107 16 16 2400 141
108 128 128 2400 116
109 128 128 1000 137
110 32 64 500 133
111 64 16 5000 123
112 16 256 5000 189
113 16 128 500 114
114 128 128 1000 104
115 16 64 500 115
116 128 256 5000 105
117 64 64 800 173
118 64 16 2400 130
119 32 16 800 149
120 128 128 2400 159
121 16 256 5000 171
122 128 256 800 194
123 32 64 2400 145
124 16 16 2400 153
125 128 64 500 127
126 16 128 500 177
127 32 128 5000 98
128 128 64 500 194
129 16 256 800 181
130 16 256 800 199
131 32 256 1000 159
132 16 16 800 182
133 128 128 2400 155
134 128 256 500 170
135 32 256 500 153
136 128 256 2400 188
137 16 64 500 174
138 16 64 5000 119
139 16 128 2400 101
140 16 16 1000 186
141 16 256 500 129
142 64 64 500 126
143 64 64 1000 190
144 128 64 500 151
145 16 16 800 166
146 16 64 1000 175
147 128 128 5000 141
148 64 256 2400 126
149 32 64 2400 146
150 32 128 5000 130
151 128 16 500 138
152 64 16 1000 188
153 32 64 2400 97
154 16 256 2400 179
155 128 16 1000 190
156 128 256 500 154
157 16 128 5000 136
158 32 16 2400 128
159 32 64 800 104
160 128 64 800 188
161 128 128 500 127
162 32 128 1000 91
163 32 128 5000 162
164 32 16 800 139
165 32 128 800 177
166 16 128 1000 189
167 32 256 1000 112
168 16 128 1000 162
169 32 256 5000 148
170 128 128 500 193
171 16 128 5000 164
172 16 64 800 190
173 128 256 800 166
174 32 64 1000 182
175 32 128 1000 93
176 128 128 2400 199
177 16 128 1000 194
178 32 128 500 184
179 16 64 500 169
180 128 256 5000 172
181 16 16 1000 167
182 64 64 2400 194
183 128 128 800 154
184 16 256 500 152
185 32 256 800 94
186 16 64 2400 131
187 128 16 500 104
188 64 256 1000 98
189 128 64 800 102
190 128 16 1000 171
191 64 16 800 180
192 32 256 2400 192
193 32 128 5000 114
194 128 256 2400 122
195 64 64 1000 125
196 64 64 500 118
197 16 16 2400 174
198 128 64 800 135
199 128 256 1000 115
200 64 256 800 197
201 64 128 2400 128
202 16 16 1000 177
203 16 256 800 97
204 32 16 5000 126
205 64 16 800 136
206 64 256 800 181
207 16 64 800 111
208 16 64 500 193
209 64 256 800 100
210 128 256 5000 151
211 64 64 2400 153
212 16 16 5000 121
213 16 256 1000 107
214 16 256 1000 153
215 64 64 500 108
216 16 16 1000 177
217 128 128 500 191
218 128 64 800 188
219 32 64 1000 197
220 64 16 5000 135
221 64 64 800 130
222 128 64 2400 185
223 64 16 500 183
224 32 128 800 93
225 32 256 5000 176
226 64 256 1000 196
227 64 64 500 151
228 64 128 2400 189
229 16 16 800 182
230 32 128 1000 174
231 128 128 800 149
232 32 16 5000 112
233 64 64 5000 154
234 32 16 500 115
235 128 64 2400 94
236 32 128 500 150
237 64 256 500 153
238 128 16 800 120
239 128 128 500 190
240 32 128 2400 102
241 128 256 5000 142
242 16 64 5000 153
243 16 16 500 178
244 16 16 1000 170
245 32 256 2400 143
246 16 256 800 129
247 32 128 500 148
248 128 256 1000 149
249 64 64 1000 95
250 128 64 2400 141
251 128 16 2400 115
252 16 256 800 96
253 32 256 500 101
254 128 128 800 199
255 16 64 800 115
256 32 16 500 92
257 32 64 500 165
258 16 128 5000 175
259 32 256 5000 135
260 128 256 800 142
261 32 128 2400 122
262 64 16 500 120
263 32 128 500 150
264 64 64 5000 190
265 128 16 2400 143
266 128 256 5000 118
267 32 64 800 121
268 16 64 500 150
269 16 64 800 158
270 32 64 2400 116
271 32 256 800 118
272 64 128 500 97
273 128 16 2400 156
274 128 16 2400 113
275 128 128 1000 132
276 16 256 1000 156
277 64 128 1000 180
278 128 64 500 136
279 64 16 500 114
280 128 256 500 112
281 128 256 800 179
282 32 64 800 117
283 128 16 2400 187
284 16 16 5000 174
285 32 128 800 112
286 32 16 1000 185
287 64 128 2400 122
288 128 256 800 158
289 16 16 500 165
290 32 128 2400 108
291 16 256 1000 196
292 128 16 2400 152
293 16 16 500 117
294 32 64 5000 167
295 32 16 800 140
296 64 128 800 179
297 16 16 5000 161
298 64 16 500 191
299 64 64 500 125
300 16 128 2400 136
301 16 128 2400 186
302 16 64 5000 90
303 32 64 1000 120
304 128 128 2400 182
305 64 256 800 91
306 64 128 800 154
307 16 128 2400 121
308 64 16 1000 172
309 128 64 1000 133
310 32 16 800 158
311 32 64 1000 133
312 16 256 800 152
313 128 16 800 167
314 32 256 800 196
315 128 256 5000 154
316 16 16 500 137
317 64 16 500 200
318 64 256 500 106
319 128 64 800 177
320 32 16 5000 166
321 64 64 2400 195
322 32 16 500 157
323 32 16 5000 134
324 32 64 1000 109
325 64 256 500 130
326 16 64 1000 111
327 16 64 800 93
328 128 256 5000 162
329 64 64 500 96
330 32 16 2400 138
331 64 16 500 150
332 128 128 500 94
333 16 64 2400 131
334 64 64 5000 126
335 128 128 500 91
336 128 64 2400 116
337 16 16 5000 131
338 128 128 800 92
339 16 256 5000 159
340 128 128 2400 198
341 128 16 2400 146
342 32 64 500 118
343 64 256 800 121
344 16 128 5000 107
345 16 256 5000 93
346 128 128 5000 122
347 128 128 1000 200
348 32 256 1000 164
349 16 128 2400 180
350 64 64 500 186
351 16 128 800 186
352 64 128 500 147
353 128 64 2400 149
354 16 64 500 198
355 64 128 2400 169
356 16 256 5000 151
357 128 64 500 121
358 128 256 5000 96
359 64 128 2400 200
360 32 64 2400 99
361 32 128 800 147
362 16 128 5000 125
363 32 64 500 98
364 64 16 5000 139
365 32 64 800 114
366 128 128 5000 147
367 32 16 5000 175
368 16 128 1000 148
369 32 128 500 107
370 16 256 800 91
371 16 64 5000 118
372 32 128 800 90
373 128 16 5000 199
374 32 256 2400 143
375 128 128 800 197
376 32 16 2400 139
377 16 64 800 122
378 64 16 800 109
379 128 64 2400 146
380 128 64 2400 163
381 16 256 500 94
382 64 256 500 144
383 16 16 1000 165
384 16 16 800 168
385 128 16 1000 133
175
5 45 55 97
6 218 68 121
6 140 67 136
7 126 42 175
8 376 60 176
8 217 64 154
10 136 50 192
11 100 56 183
11 256 65 103
12 259 55 102
13 290 57 154
13 333 64 145
18 315 57 182
18 49 42 162
18 337 55 180
19 206 50 197
22 202 43 190
23 275 54 130
24 159 52 135
24 164 54 192
24 177 42 190
26 255 64 103
26 178 59 165
27 108 57 179
27 126 47 155
28 53 66 167
29 56 66 185
31 300 43 160
34 304 58 137
34 365 66 192
35 216 56 94
36 219 50 90
37 213 67 187
37 235 48 146
37 341 50 171
38 179 47 160
38 243 52 125
39 84 40 196
40 257 40 182
41 117 43 163
44 252 56 114
46 302 51 136
46 367 62 179
47 368 69 186
48 174 46 141
48 62 60 166
49 59 50 175
50 359 49 139
52 102 70 181
54 360 43 158
55 234 51 177
57 122 47 112
57 217 60 158
57 268 59 126
57 266 59 133
58 223 62 148
58 167 51 165
59 343 70 189
61 107 70 141
64 134 65 180
67 130 68 181
68 284 70 155
68 161 60 102
69 379 53 133
70 116 67 129
72 95 49 161
77 136 65 114
77 258 68 132
79 269 58 190
80 167 58 107
80 91 40 128
83 281 57 103
84 228 57 146
86 261 59 196
87 157 46 107
89 94 57 96
93 328 56 190
94 355 49 175
95 286 60 102
100 349 59 132
100 137 42 148
103 149 55 125
104 147 53 177
104 191 41 184
110 346 40 115
114 118 43 93
114 339 48 167
119 169 58 122
120 315 51 137
120 331 58 118
120 220 58 185
121 337 55 191
125 183 55 192
125 174 42 149
127 308 55 139
128 306 51 122
129 325 45 103
129 284 62 148
131 140 45 110
131 351 58 98
135 311 54 122
138 158 66 122
142 200 54 112
147 330 50 129
148 264 56 178
148 258 41 193
151 328 40 140
152 224 48 162
154 227 40 127
158 279 53 110
168 372 66 97
171 326 55 151
174 337 51 186
175 181 62 109
175 230 68 114
175 316 50 101
175 247 61 166
176 342 43 177
181 276 55 197
182 333 54 127
182 231 68 117
185 222 40 133
185 230 50 108
188 364 50 149
201 268 60 128
201 303 50 141
201 359 54 113
202 255 55 147
205 337 54 114
206 240 45 155
206 368 51 168
207 304 61 133
209 385 55 196
210 337 56 96
217 239 63 156
218 343 64 182
219 253 40 104
220 250 54 111
223 284 54 111
224 229 64 181
225 230 65 168
225 230 50 146
233 265 50 127
236 314 63 100
237 298 66 190
241 319 58 150
244 319 40 153
246 378 44 141
251 369 49 124
255 278 55 99
258 272 61 154
258 381 51 94
259 300 40 103
264 335 59 145
264 296 58 121
267 381 53 91
269 329 44 106
269 312 70 169
270 362 61 132
271 342 62 116
277 366 46 117
278 382 64 170
286 356 63 126
290 332 49 159
297 345 69 134
298 336 41 103
299 378 44 127
307 317 57 150
313 331 55 140
322 333 58 96
333 384 46 101
334 359 43 102
346 385 51 92
362 382 61 186
364 380 65 92