293
0 8 32 1000 93
1 32 320 400 107
2 32 320 2000 93
3 8 320 800 112
4 32 128 1000 130
5 32 128 5000 167
6 32 128 1000 167
7 32 320 400 140
8 8 32 800 156
9 32 128 5000 183
10 32 320 800 168
11 32 320 2000 188
12 8 128 2000 177
13 8 320 800 168
14 8 320 2000 134
15 8 128 1000 160
16 32 320 800 156
17 32 32 400 173
18 32 32 1000 169
19 8 32 1000 91
20 32 32 800 167
21 8 32 1000 191
22 8 320 400 113
23 8 128 1000 198
24 32 32 5000 104
25 32 32 5000 168
26 32 128 5000 195
27 8 320 5000 137
28 32 320 800 128
29 32 32 1000 111
30 8 32 400 156
31 32 32 1000 174
32 8 320 2000 168
33 32 128 800 100
34 32 128 400 140
35 32 320 800 192
36 8 128 800 135
37 8 32 800 140
38 8 320 1000 165
39 8 128 2000 174
40 8 320 800 128
41 8 128 800 113
42 8 128 800 116
43 8 320 5000 118
44 32 128 5000 122
45 32 128 1000 92
46 32 32 800 129
47 32 320 5000 121
48 8 320 800 174
49 32 32 800 193
50 8 32 5000 168
51 8 32 1000 186
52 8 320 400 190
53 32 320 1000 150
54 8 320 800 167
55 8 320 800 102
56 8 32 2000 124
57 32 320 5000 160
58 8 128 5000 176
59 32 128 1000 139
60 32 320 800 149
61 32 128 800 188
62 32 128 400 128
63 8 128 2000 136
64 32 128 400 119
65 8 128 800 123
66 32 320 2000 130
67 32 32 2000 173
68 8 128 800 120
69 32 32 5000 98
70 8 128 800 161
71 32 32 2000 117
72 8 320 1000 117
73 32 128 2000 182
74 8 32 400 165
75 8 320 1000 125
76 8 32 1000 118
77 32 320 1000 163
78 8 320 1000 189
79 32 32 800 179
80 32 128 800 199
81 8 32 400 196
82 32 320 400 153
83 32 128 400 100
84 8 32 400 167
85 32 320 800 179
86 32 128 800 107
87 8 32 1000 181
88 8 128 5000 149
89 32 320 2000 115
90 8 320 2000 126
91 8 320 1000 116
92 32 128 400 91
93 32 128 800 103
94 8 128 1000 167
95 8 128 800 91
96 32 320 2000 107
97 8 128 1000 125
98 32 128 800 107
99 32 128 5000 170
100 32 128 5000 138
101 8 320 5000 158
102 32 320 5000 112
103 8 32 800 192
104 32 320 2000 100
105 8 128 2000 168
106 8 128 5000 115
107 8 320 5000 134
108 32 320 5000 98
109 32 128 400 151
110 8 128 800 159
111 8 320 400 113
112 8 320 2000 190
113 32 128 1000 91
114 8 320 5000 148
115 32 320 400 191
116 32 32 400 185
117 8 320 1000 184
118 8 32 800 118
119 32 320 2000 125
120 32 320 400 138
121 8 320 2000 116
122 8 128 2000 143
123 8 320 5000 122
124 8 32 400 113
125 8 320 400 164
126 32 32 5000 174
127 32 32 5000 198
128 32 320 400 162
129 32 32 5000 100
130 8 128 400 164
131 8 128 1000 111
132 32 320 5000 122
133 32 128 1000 135
134 32 320 400 106
135 8 320 800 189
136 8 128 2000 161
137 8 128 2000 110
138 32 320 5000 117
139 8 32 800 187
140 8 320 1000 138
141 8 320 5000 94
142 32 320 2000 142
143 8 32 1000 189
144 32 32 400 161
145 32 128 1000 104
146 32 32 800 161
147 8 128 2000 173
148 32 320 2000 142
149 8 128 5000 165
150 32 320 800 108
151 32 320 400 115
152 8 128 800 126
153 32 32 400 189
154 32 320 2000 174
155 8 32 5000 165
156 32 128 1000 133
157 8 32 400 124
158 32 320 5000 154
159 32 32 2000 113
160 32 32 5000 187
161 8 320 5000 185
162 8 32 5000 153
163 32 320 400 123
164 32 32 5000 200
165 8 128 2000 142
166 8 32 1000 113
167 8 320 400 123
168 32 32 800 149
169 8 320 400 96
170 8 32 400 178
171 32 320 400 123
172 8 32 2000 146
173 32 128 800 122
174 8 32 400 171
175 32 32 800 164
176 8 32 5000 200
177 8 128 2000 195
178 8 320 5000 93
179 8 32 800 142
180 8 320 1000 192
181 32 128 800 199
182 8 128 5000 92
183 8 32 800 132
184 32 32 800 102
185 8 128 800 171
186 32 32 1000 136
187 8 320 400 183
188 32 128 5000 158
189 32 32 2000 130
190 32 320 1000 120
191 8 128 5000 94
192 32 320 1000 107
193 32 32 2000 97
194 32 128 800 187
195 8 128 1000 200
196 32 32 2000 163
197 8 320 5000 174
198 8 32 800 179
199 32 32 800 158
200 8 320 2000 91
201 8 320 400 133
202 32 320 2000 183
203 8 320 800 175
204 32 320 1000 155
205 32 128 2000 198
206 32 128 1000 197
207 8 320 800 132
208 32 128 800 171
209 32 320 1000 113
210 32 320 1000 129
211 8 32 1000 141
212 8 128 2000 194
213 8 320 5000 137
214 32 32 1000 190
215 8 32 400 116
216 32 32 400 173
217 8 128 2000 115
218 32 320 5000 100
219 32 320 400 153
220 8 32 400 192
221 8 320 5000 137
222 8 32 1000 104
223 32 320 5000 160
224 8 128 800 121
225 8 32 800 95
226 8 32 2000 177
227 32 128 400 161
228 8 320 800 148
229 32 320 2000 177
230 8 32 400 92
231 8 320 2000 136
232 32 128 1000 123
233 32 320 1000 119
234 32 320 800 90
235 8 128 400 175
236 8 320 2000 183
237 8 32 1000 189
238 8 32 2000 135
239 8 128 800 161
240 32 128 800 96
241 32 32 400 182
242 32 320 400 125
243 8 320 2000 154
244 8 320 5000 137
245 32 320 800 110
246 32 320 2000 175
247 8 32 2000 194
248 32 128 2000 174
249 32 128 2000 159
250 32 320 800 161
251 8 32 1000 124
252 32 32 2000 182
253 8 128 5000 149
254 8 320 1000 102
255 8 320 2000 121
256 32 320 2000 196
257 32 32 400 185
258 32 320 5000 101
259 8 320 800 106
260 32 320 2000 98
261 32 320 800 199
262 8 128 1000 163
263 8 32 1000 189
264 8 128 1000 176
265 32 128 2000 134
266 8 32 1000 179
267 32 128 2000 95
268 32 32 1000 132
269 32 320 400 168
270 32 320 1000 184
271 8 32 2000 180
272 32 32 5000 173
273 8 320 5000 172
274 8 320 800 175
275 8 128 2000 128
276 8 320 1000 177
277 8 320 5000 96
278 8 320 800 149
279 32 320 800 90
280 8 128 800 182
281 8 128 400 156
282 8 32 1000 144
283 32 320 400 136
284 32 320 800 153
285 8 128 2000 198
286 32 128 400 120
287 32 320 1000 138
288 32 32 1000 152
289 32 320 2000 171
290 32 32 400 163
291 32 320 5000 157
292 8 32 1000 92
130
0 248 51 192
1 30 60 130
2 170 64 96
2 67 41 187
3 215 55 165
4 117 53 131
5 229 65 179
6 252 64 148
7 67 59 95
8 271 65 157
8 114 66 97
9 162 50 130
10 178 42 176
14 149 46 93
15 102 58 112
16 284 42 200
16 124 64 180
17 246 62 92
18 246 40 162
18 149 49 185
19 213 48 113
24 233 59 140
28 201 41 168
28 39 43 187
31 218 69 139
33 86 59 107
34 99 55 129
35 111 55 137
35 238 70 152
38 243 59 169
40 233 52 118
41 115 45 183
41 99 62 137
41 154 59 145
44 226 65 194
46 50 57 139
47 281 68 160
49 126 62 165
50 259 64 135
51 211 61 104
52 78 40 150
54 90 53 182
55 91 44 137
55 135 51 123
57 98 43 141
57 211 44 151
60 116 62 100
60 135 43 193
60 160 44 118
62 190 64 135
62 266 42 153
62 148 45 103
63 283 43 163
63 136 70 192
65 283 70 94
65 222 67 102
67 157 45 159
69 192 58 121
69 162 59 136
71 119 55 181
71 251 68 115
73 271 49 114
73 238 46 135
73 261 44 140
76 277 58 194
76 133 46 154
78 208 42 174
82 165 42 123
87 218 58 137
87 115 65 180
89 291 49 107
94 163 49 128
95 151 57 168
95 214 63 180
95 120 55 180
95 293 49 185
98 208 42 101
99 168 61 157
100 105 62 188
102 280 68 175
107 159 46 106
109 117 43 168
118 234 70 183
118 121 60 157
119 259 48 144
126 240 58 136
126 134 40 178
127 198 57 93
131 174 66 124
134 272 52 181
141 289 52 116
145 205 68 100
145 226 43 173
151 230 52 149
151 162 43 193
154 266 50 114
156 279 63 120
159 224 54 123
160 233 53 182
165 166 59 133
165 222 50 199
168 243 48 167
172 251 49 133
175 185 44 141
175 285 61 130
175 204 60 192
184 285 57 137
190 229 70 155
192 249 60 112
193 275 51 95
194 199 52 123
199 260 69 130
201 204 56 114
204 284 60 198
205 264 70 149
210 281 55 189
211 246 66 121
214 216 54 100
215 217 65 145
219 250 45 191
225 267 48 133
227 256 50 137
228 290 43 194
235 287 40 98
238 279 47 146
239 289 45 168
245 265 58 185
249 283 54 147
259 275 68 146
270 286 53 152