321
0 8 2 100 82
1 2 2 150 67
2 2 4 200 95
3 2 16 100 95
4 2 2 100 73
5 2 64 150 80
6 8 4 50 70
7 8 16 100 72
8 2 64 150 51
9 8 4 100 71
10 8 4 50 80
11 2 16 100 90
12 2 16 150 64
13 2 64 200 53
14 16 2 150 79
15 16 16 100 95
16 2 2 100 56
17 8 2 150 72
18 16 16 50 100
19 2 16 50 79
20 2 64 100 78
21 8 2 150 88
22 8 2 150 94
23 2 4 150 82
24 16 64 50 73
25 8 64 150 67
26 2 4 150 70
27 8 16 50 81
28 8 64 50 62
29 8 16 100 79
30 2 2 100 71
31 8 2 100 87
32 16 16 200 94
33 16 16 150 58
34 2 64 100 79
35 16 4 50 100
36 16 64 150 70
37 16 16 100 58
38 2 64 50 83
39 16 2 50 59
40 8 64 50 59
41 8 16 200 55
42 16 4 100 69
43 2 2 200 85
44 2 16 50 53
45 2 64 100 55
46 8 4 100 89
47 16 64 150 78
48 8 2 200 73
49 2 16 150 63
50 8 16 100 90
51 2 16 100 74
52 2 16 50 62
53 16 4 50 52
54 2 4 150 54
55 16 64 50 99
56 2 64 150 94
57 16 16 100 71
58 2 2 50 76
59 8 64 200 53
60 2 64 150 89
61 16 2 200 63
62 2 4 100 78
63 2 4 150 82
64 2 2 200 58
65 2 2 100 71
66 2 64 100 65
67 16 2 50 92
68 16 2 50 60
69 16 4 100 68
70 16 2 100 87
71 16 4 150 74
72 2 16 50 80
73 8 4 100 71
74 8 64 100 72
75 8 16 200 89
76 8 4 200 82
77 16 16 150 58
78 2 2 50 60
79 2 64 200 62
80 8 64 200 65
81 8 64 200 92
82 16 64 150 66
83 8 64 200 73
84 2 2 50 66
85 16 16 150 67
86 2 2 50 99
87 2 16 200 98
88 8 4 200 89
89 16 4 50 51
90 16 64 150 57
91 2 4 100 78
92 2 4 150 63
93 16 64 150 83
94 8 2 50 91
95 16 16 100 76
96 2 16 100 53
97 16 2 150 50
98 2 16 150 77
99 16 2 200 80
100 8 16 50 74
101 2 64 50 97
102 16 4 200 68
103 16 64 100 67
104 16 64 150 87
105 2 2 50 50
106 2 2 100 88
107 16 16 200 99
108 2 64 150 80
109 16 16 150 63
110 8 64 200 72
111 2 16 100 56
112 8 4 50 53
113 2 4 50 93
114 8 4 150 100
115 16 2 100 99
116 2 2 200 60
117 2 16 150 63
118 8 4 50 94
119 8 2 50 74
120 8 16 200 67
121 16 4 50 52
122 8 4 200 85
123 16 16 200 96
124 8 16 200 92
125 16 4 50 100
126 16 16 200 58
127 16 2 150 75
128 8 2 200 74
129 16 16 100 93
130 8 4 100 92
131 2 64 100 73
132 2 4 50 88
133 8 2 200 89
134 16 4 150 61
135 2 4 100 81
136 8 64 150 69
137 2 4 50 92
138 8 16 150 95
139 8 2 200 77
140 16 16 50 65
141 16 64 150 61
142 16 4 200 81
143 16 64 100 77
144 2 16 100 56
145 8 4 150 91
146 2 16 200 58
147 16 4 50 75
148 2 4 50 100
149 16 4 150 62
150 8 64 50 68
151 8 16 100 90
152 16 64 50 57
153 2 16 150 74
154 2 64 100 63
155 8 16 100 95
156 2 64 150 95
157 8 2 200 90
158 2 2 200 79
159 16 4 150 66
160 16 64 200 73
161 2 16 200 53
162 2 16 50 100
163 8 2 200 75
164 8 16 100 58
165 8 4 150 88
166 2 2 200 93
167 16 16 50 90
168 2 4 200 54
169 2 64 50 86
170 8 64 150 50
171 2 2 200 100
172 2 2 200 63
173 2 4 150 98
174 2 4 50 66
175 8 64 100 61
176 8 4 50 63
177 2 2 50 57
178 16 64 100 62
179 16 4 200 94
180 8 4 100 91
181 8 64 150 68
182 16 2 150 80
183 16 64 100 57
184 16 2 50 93
185 16 2 200 65
186 2 2 50 50
187 16 2 150 100
188 8 16 150 60
189 16 16 200 85
190 16 4 200 77
191 8 2 50 97
192 16 4 150 59
193 8 2 150 50
194 2 2 200 82
195 2 64 100 74
196 2 4 150 57
197 2 4 100 62
198 2 2 150 57
199 16 4 150 87
200 2 64 200 94
201 2 16 200 99
202 8 2 100 82
203 2 64 50 76
204 16 2 200 63
205 16 2 50 79
206 2 16 50 61
207 2 2 100 90
208 16 16 150 75
209 16 2 100 81
210 2 2 50 79
211 8 2 50 72
212 2 64 150 83
213 16 4 150 83
214 2 16 150 76
215 16 16 100 65
216 2 2 150 87
217 16 2 100 52
218 2 16 100 60
219 16 64 200 89
220 16 64 100 75
221 2 4 150 74
222 8 16 50 72
223 16 16 100 96
224 16 2 150 76
225 8 4 150 84
226 2 4 200 70
227 8 64 200 90
228 8 4 150 67
229 16 64 150 71
230 2 64 200 67
231 2 4 100 53
232 2 64 150 92
233 16 16 200 74
234 2 2 50 87
235 16 16 150 95
236 2 4 150 89
237 8 16 100 71
238 16 2 150 95
239 16 4 200 79
240 2 4 200 79
241 16 2 100 76
242 16 64 150 55
243 16 16 100 54
244 8 4 150 77
245 8 4 50 64
246 8 16 200 71
247 2 4 50 55
248 8 4 150 69
249 8 16 50 92
250 2 64 150 97
251 8 4 50 73
252 16 4 150 67
253 8 4 50 69
254 2 2 200 82
255 2 16 100 83
256 2 2 150 90
257 16 2 200 72
258 8 4 50 80
259 2 16 200 93
260 16 4 200 55
261 8 16 150 77
262 16 16 200 56
263 16 64 150 55
264 16 64 200 55
265 8 4 200 95
266 16 16 150 79
267 8 16 200 93
268 16 4 100 96
269 2 4 100 51
270 8 16 50 90
271 2 2 100 89
272 8 4 150 69
273 8 4 100 56
274 8 64 150 91
275 16 64 100 77
276 16 4 200 67
277 2 16 200 71
278 16 16 200 76
279 16 2 50 58
280 16 4 200 92
281 2 16 50 74
282 2 64 200 80
283 16 64 150 59
284 2 64 150 53
285 16 64 100 94
286 8 2 150 85
287 8 2 50 60
288 16 16 200 90
289 2 16 50 70
290 2 64 200 100
291 16 16 200 53
292 2 2 50 64
293 16 2 50 54
294 8 2 150 51
295 16 2 200 53
296 2 2 50 56
297 8 2 50 89
298 8 64 100 72
299 16 2 50 96
300 16 4 150 77
301 16 16 100 84
302 2 16 200 94
303 16 16 150 57
304 8 4 200 78
305 2 4 150 91
306 16 2 100 96
307 16 64 150 64
308 8 2 50 89
309 16 4 50 54
310 2 16 150 84
311 16 2 200 74
312 8 64 50 64
313 16 4 50 69
314 16 16 150 66
315 2 16 50 96
316 2 2 100 75
317 8 4 50 56
318 2 4 100 64
319 16 16 150 70
320 8 16 100 66
146
0 85 53 100
1 13 65 90
1 83 65 189
2 83 67 190
2 297 57 132
3 206 68 166
3 176 47 177
7 141 68 187
10 121 53 106
10 160 57 125
10 321 47 188
13 51 40 178
16 42 50 127
18 212 64 148
19 128 49 140
20 177 60 102
20 183 67 156
21 85 58 141
23 183 53 106
23 25 62 186
24 61 61 118
25 235 58 182
28 93 63 130
28 186 52 162
30 76 52 190
32 48 55 93
32 52 70 99
33 84 42 184
34 74 64 178
34 117 40 103
34 243 59 161
36 195 54 92
37 51 56 160
39 148 69 100
40 321 41 154
46 123 67 163
50 172 45 184
51 222 64 163
52 189 67 152
53 69 66 167
55 256 68 107
55 299 47 175
55 59 43 154
57 201 59 195
57 122 63 134
59 116 58 122
60 183 65 106
61 295 47 160
63 269 62 160
67 69 51 193
67 219 57 182
68 182 57 151
68 259 59 138
71 250 49 172
72 315 52 100
74 248 40 196
77 220 56 139
82 102 67 183
85 295 47 153
86 120 48 128
87 290 63 93
88 265 53 148
91 126 62 177
92 265 41 184
93 250 53 111
93 265 60 114
93 267 42 131
93 220 65 146
94 116 68 195
97 302 46 191
99 262 40 163
105 259 55 189
106 248 67 132
109 308 69 180
110 314 61 131
110 172 62 94
112 259 55 191
112 271 44 119
113 180 57 171
114 150 57 137
114 261 60 151
116 118 41 154
121 231 43 161
121 160 53 132
123 225 67 185
126 313 60 91
127 278 49 182
127 284 66 168
128 262 50 125
133 320 60 194
133 269 45 149
134 149 58 199
136 279 54 155
136 139 48 100
141 147 41 162
142 267 60 104
142 265 56 191
144 214 54 121
145 205 57 159
146 316 60 100
146 208 61 178
150 169 70 168
155 163 69 130
158 216 52 162
160 279 55 129
163 188 67 197
166 313 57 170
167 175 47 109
169 301 64 93
171 251 48 169
175 302 54 155
176 269 44 132
177 277 55 179
182 222 65 103
186 261 56 96
187 313 45 192
191 244 59 158
192 292 54 181
193 317 44 126
196 209 51 148
196 209 49 109
197 302 63 175
198 310 64 160
199 318 65 113
204 280 60 160
207 223 67 143
208 292 41 186
209 288 56 183
211 248 47 185
218 265 56 95
220 258 45 175
223 252 62 132
224 314 68 137
227 264 66 126
242 276 45 181
246 268 47 116
253 282 65 100
259 265 66 198
260 297 66 111
263 288 58 169
263 314 49 136
274 300 50 187
276 282 40 182
287 290 61 157
292 299 41 174
298 313 50 123