836
0 8 2 100 54
1 2 2 100 82
2 8 64 200 86
3 8 64 100 70
4 8 16 100 88
5 8 16 150 99
6 16 64 100 58
7 8 16 50 70
8 16 16 200 59
9 8 16 150 80
10 2 16 50 68
11 2 16 100 52
12 16 16 150 81
13 16 64 50 56
14 8 64 100 82
15 2 2 100 92
16 2 16 150 95
17 8 2 100 79
18 16 64 100 92
19 2 64 200 100
20 2 2 100 74
21 16 2 50 91
22 16 64 50 67
23 8 64 150 94
24 8 64 50 80
25 16 16 100 76
26 16 64 50 74
27 8 2 150 63
28 16 4 100 60
29 16 4 50 90
30 8 4 150 96
31 8 64 200 99
32 16 16 50 65
33 2 2 100 53
34 2 16 100 68
35 2 16 50 83
36 16 2 150 79
37 8 2 200 83
38 8 64 150 73
39 8 64 100 85
40 8 2 200 90
41 8 4 150 80
42 16 64 100 55
43 16 16 100 74
44 16 4 150 55
45 8 4 50 91
46 16 64 150 82
47 8 64 150 97
48 16 64 150 69
49 16 4 50 90
50 2 16 150 82
51 2 16 100 82
52 16 2 200 89
53 2 64 50 72
54 2 4 150 92
55 16 16 100 69
56 16 4 100 98
57 2 4 150 62
58 8 2 150 85
59 16 2 100 76
60 2 16 200 65
61 16 4 200 63
62 16 4 150 97
63 2 64 50 79
64 2 4 150 58
65 8 16 200 92
66 16 64 150 57
67 16 16 200 63
68 8 64 200 71
69 2 64 50 95
70 8 64 100 98
71 16 16 150 98
72 16 4 50 98
73 2 64 50 89
74 2 2 50 52
75 8 4 100 59
76 8 2 150 67
77 2 16 200 52
78 16 4 50 75
79 2 4 150 93
80 8 64 100 62
81 2 2 50 89
82 8 64 50 66
83 8 64 150 57
84 16 16 50 50
85 8 16 100 90
86 2 64 200 93
87 8 64 100 96
88 8 4 100 56
89 2 2 50 61
90 2 64 150 62
91 2 16 150 62
92 8 2 50 83
93 8 16 50 93
94 2 64 100 51
95 8 4 150 64
96 16 16 150 96
97 16 2 100 73
98 16 16 50 82
99 2 64 100 70
100 8 4 200 85
101 16 16 50 89
102 2 64 50 84
103 2 4 200 71
104 8 2 150 64
105 16 16 100 67
106 16 16 50 84
107 2 64 100 87
108 8 4 150 52
109 2 2 100 95
110 2 2 200 51
111 16 4 50 86
112 8 16 50 96
113 2 4 200 57
114 16 64 100 99
115 2 2 50 93
116 8 2 50 52
117 2 16 200 87
118 2 4 150 84
119 2 2 50 83
120 8 64 50 79
121 16 2 50 64
122 8 64 150 95
123 16 4 50 81
124 8 64 100 94
125 8 4 150 51
126 8 64 100 51
127 2 4 50 100
128 2 64 150 72
129 2 16 200 69
130 2 4 100 76
131 8 64 100 70
132 8 2 50 51
133 16 4 150 56
134 8 16 200 96
135 16 64 100 62
136 16 2 50 95
137 2 4 100 71
138 8 64 100 89
139 16 2 200 75
140 2 64 150 71
141 8 4 150 61
142 8 16 50 75
143 8 64 50 83
144 16 4 50 93
145 8 64 150 65
146 8 64 50 96
147 16 2 50 64
148 16 4 100 87
149 8 64 100 77
150 16 16 150 52
151 2 16 150 71
152 16 64 150 84
153 8 16 200 90
154 8 2 50 70
155 16 64 200 60
156 8 2 50 87
157 8 16 200 63
158 16 64 200 58
159 8 64 200 68
160 8 64 150 96
161 2 16 150 87
162 8 64 50 100
163 8 4 150 91
164 8 4 100 54
165 8 64 150 70
166 2 2 50 100
167 16 64 100 83
168 16 16 150 91
169 16 64 100 87
170 2 4 50 81
171 8 2 100 64
172 2 64 150 75
173 8 4 150 50
174 8 64 100 83
175 2 16 100 83
176 2 4 100 93
177 8 2 150 55
178 16 64 100 79
179 2 2 100 84
180 8 64 50 100
181 8 4 200 87
182 8 16 100 64
183 8 16 150 72
184 8 16 200 52
185 16 2 50 75
186 2 64 50 88
187 16 4 150 89
188 2 64 150 72
189 16 16 200 78
190 8 16 150 51
191 8 2 150 93
192 16 16 100 85
193 16 16 100 52
194 8 4 200 60
195 16 2 50 65
196 16 64 100 73
197 16 16 200 78
198 8 16 50 86
199 8 64 150 67
200 16 2 150 66
201 16 16 200 79
202 2 64 200 64
203 8 2 150 68
204 8 16 150 53
205 16 64 150 86
206 2 4 50 87
207 8 4 50 88
208 16 2 200 61
209 16 64 50 69
210 2 2 50 92
211 8 4 200 70
212 16 64 150 76
213 2 4 50 95
214 8 4 150 58
215 16 16 150 59
216 16 16 150 84
217 16 2 50 72
218 16 4 200 55
219 16 16 200 65
220 8 16 100 64
221 8 64 50 56
222 16 2 150 84
223 8 4 50 93
224 2 64 200 84
225 2 64 100 60
226 2 64 150 60
227 16 4 200 69
228 8 16 100 64
229 8 4 200 98
230 16 2 50 79
231 8 16 200 98
232 8 2 200 77
233 2 4 100 65
234 8 64 100 70
235 16 64 100 78
236 8 2 50 85
237 16 16 100 92
238 8 64 150 80
239 16 2 200 50
240 2 16 50 87
241 16 4 100 50
242 16 16 50 77
243 2 4 50 90
244 8 16 100 55
245 16 4 200 65
246 2 16 200 53
247 2 16 50 87
248 8 4 50 86
249 2 4 200 100
250 16 2 200 64
251 2 4 150 88
252 8 64 100 87
253 8 2 50 62
254 8 64 150 81
255 8 4 200 60
256 8 2 200 98
257 8 16 150 64
258 8 16 200 95
259 2 64 50 89
260 8 4 150 57
261 2 16 200 82
262 16 2 50 62
263 2 2 100 80
264 16 64 200 85
265 16 4 50 73
266 8 16 150 86
267 8 2 50 94
268 8 16 100 66
269 16 4 50 62
270 2 16 150 64
271 8 16 150 88
272 16 64 100 82
273 8 64 150 54
274 16 64 50 82
275 8 2 150 89
276 16 64 100 89
277 2 2 200 62
278 2 64 200 56
279 2 4 50 59
280 8 4 100 65
281 8 16 200 84
282 2 64 50 68
283 2 4 150 54
284 8 64 150 63
285 2 2 200 82
286 16 16 100 52
287 16 4 200 85
288 8 2 100 65
289 2 16 150 100
290 16 16 100 78
291 16 16 200 67
292 16 16 200 52
293 16 64 100 74
294 8 4 50 94
295 8 2 50 55
296 16 4 100 97
297 2 2 200 58
298 2 16 150 90
299 8 64 150 90
300 16 4 200 83
301 8 64 150 50
302 8 2 50 68
303 8 64 50 51
304 2 64 100 68
305 2 2 200 64
306 16 4 200 89
307 16 2 100 54
308 2 16 200 99
309 16 64 200 88
310 8 4 100 74
311 16 2 200 70
312 2 2 100 88
313 16 16 150 56
314 8 64 150 87
315 8 64 100 60
316 2 2 200 100
317 2 2 200 66
318 16 16 50 83
319 2 4 50 77
320 8 4 100 90
321 8 64 200 76
322 8 4 50 63
323 16 4 50 83
324 2 16 50 54
325 8 2 150 52
326 8 4 150 87
327 8 16 100 52
328 16 2 50 60
329 8 16 100 98
330 8 4 50 94
331 8 64 150 81
332 2 16 150 96
333 2 16 50 83
334 2 2 150 59
335 2 4 50 51
336 8 64 50 67
337 2 64 200 72
338 16 64 100 54
339 8 4 200 83
340 8 64 200 98
341 2 4 150 94
342 16 2 200 79
343 16 4 150 65
344 2 2 100 77
345 8 16 150 60
346 8 64 200 71
347 2 2 100 74
348 16 4 200 95
349 8 4 150 70
350 16 64 50 97
351 2 64 200 85
352 8 64 200 95
353 8 2 50 67
354 8 64 100 55
355 2 2 200 72
356 2 4 200 84
357 16 4 150 83
358 8 16 200 63
359 16 2 100 61
360 16 2 50 93
361 16 16 200 89
362 16 16 50 60
363 8 64 150 100
364 16 2 150 55
365 16 2 150 83
366 2 4 150 50
367 16 2 50 56
368 8 4 200 74
369 16 64 200 100
370 16 2 50 83
371 16 2 50 87
372 16 2 50 55
373 16 2 50 95
374 8 16 150 67
375 2 2 50 100
376 16 16 50 100
377 2 64 100 96
378 2 64 200 73
379 2 4 200 67
380 16 16 200 90
381 16 4 100 58
382 16 4 50 83
383 2 64 50 95
384 8 64 200 89
385 16 64 150 92
386 2 2 50 53
387 16 4 150 100
388 16 2 100 82
389 8 2 50 89
390 16 2 200 68
391 2 16 100 64
392 16 4 200 68
393 16 16 150 60
394 8 2 50 80
395 8 64 100 68
396 2 4 150 67
397 8 2 100 79
398 2 4 100 76
399 8 4 200 91
400 2 64 200 93
401 2 4 50 85
402 8 16 200 59
403 8 16 200 83
404 2 2 50 95
405 2 2 50 77
406 8 64 150 51
407 2 4 50 97
408 8 4 200 95
409 16 4 100 93
410 8 2 100 83
411 8 2 150 99
412 16 4 100 76
413 8 4 150 51
414 16 4 200 53
415 8 64 150 92
416 16 64 100 58
417 16 4 200 80
418 16 2 100 94
419 16 4 100 99
420 8 2 50 60
421 16 4 200 96
422 8 64 50 94
423 2 4 150 89
424 2 2 150 88
425 8 4 50 51
426 2 16 150 60
427 8 4 100 92
428 16 16 200 52
429 8 2 150 64
430 2 16 50 52
431 8 4 100 72
432 2 64 50 95
433 2 64 150 90
434 2 2 100 73
435 16 64 100 72
436 8 2 200 81
437 8 16 150 58
438 2 2 50 66
439 16 64 200 72
440 16 2 200 54
441 16 16 200 84
442 2 4 50 95
443 2 4 100 97
444 16 2 50 86
445 16 16 150 82
446 16 4 100 60
447 2 64 50 91
448 2 4 100 76
449 8 2 100 88
450 2 64 150 62
451 16 2 100 97
452 8 2 200 63
453 16 16 200 70
454 2 64 100 87
455 8 16 50 100
456 16 64 100 87
457 2 16 100 93
458 16 2 50 70
459 8 4 50 75
460 2 4 100 59
461 8 4 150 68
462 16 2 50 59
463 2 16 200 86
464 16 4 200 83
465 16 4 200 84
466 16 64 150 66
467 8 64 150 69
468 8 2 50 73
469 16 16 100 59
470 16 4 50 98
471 16 16 200 66
472 8 2 50 87
473 8 64 200 58
474 8 64 50 59
475 8 4 50 92
476 16 2 150 83
477 2 16 150 65
478 8 64 200 86
479 8 16 50 72
480 2 16 50 54
481 2 16 200 64
482 16 64 200 75
483 8 64 50 78
484 8 4 100 99
485 2 16 150 62
486 8 64 200 65
487 8 64 150 52
488 16 64 100 61
489 16 2 50 76
490 2 4 150 75
491 16 64 50 56
492 2 16 150 68
493 16 2 150 91
494 16 64 100 63
495 16 2 200 63
496 8 2 50 59
497 8 4 100 99
498 16 4 150 53
499 16 4 150 63
500 2 4 50 55
501 16 64 50 69
502 16 2 200 76
503 8 64 100 64
504 8 16 200 68
505 8 64 50 52
506 8 64 150 99
507 2 2 100 91
508 8 64 150 96
509 8 16 150 69
510 2 4 100 92
511 8 4 50 61
512 2 2 150 72
513 8 64 200 88
514 16 16 100 99
515 2 4 150 82
516 2 2 50 58
517 16 2 200 88
518 8 64 150 90
519 16 64 200 84
520 8 16 100 89
521 16 4 50 59
522 8 2 50 80
523 16 2 150 58
524 16 4 200 54
525 8 64 100 63
526 8 64 50 57
527 8 4 200 56
528 16 4 50 89
529 2 2 50 53
530 8 64 150 100
531 8 64 100 57
532 16 4 150 62
533 16 64 150 71
534 8 16 50 50
535 2 16 50 96
536 16 2 200 50
537 16 4 100 78
538 2 2 200 73
539 16 4 100 84
540 16 2 200 95
541 16 16 200 56
542 2 4 50 59
543 8 64 150 62
544 16 64 200 95
545 2 4 150 95
546 16 4 200 54
547 16 4 100 59
548 2 4 100 89
549 2 2 50 70
550 8 4 50 55
551 16 16 100 99
552 16 4 100 51
553 16 64 200 79
554 8 64 150 73
555 2 64 100 50
556 2 2 50 93
557 8 4 150 92
558 2 2 100 61
559 2 2 200 94
560 8 2 150 71
561 16 64 100 72
562 8 16 150 90
563 2 16 100 71
564 16 4 200 81
565 2 4 150 77
566 8 4 50 99
567 2 64 100 63
568 8 4 200 64
569 16 64 100 100
570 16 16 200 92
571 8 16 150 56
572 16 4 50 52
573 2 2 100 79
574 8 2 50 62
575 16 4 200 69
576 16 16 100 97
577 8 16 50 59
578 8 16 100 99
579 8 64 100 69
580 2 2 200 63
581 8 16 200 93
582 2 4 50 88
583 16 64 200 82
584 8 4 50 70
585 16 2 150 92
586 16 64 150 87
587 8 2 50 50
588 16 64 50 84
589 16 4 150 76
590 8 64 200 70
591 8 4 200 64
592 16 2 100 51
593 16 4 100 79
594 2 2 200 68
595 2 64 200 54
596 16 4 200 53
597 8 4 150 72
598 2 4 150 59
599 8 64 50 83
600 8 16 50 92
601 2 2 50 59
602 2 16 150 85
603 8 4 50 61
604 2 16 100 100
605 8 2 100 74
606 2 16 200 82
607 16 16 100 64
608 8 4 50 83
609 16 4 150 71
610 8 2 50 90
611 8 2 50 87
612 2 4 200 72
613 16 64 100 67
614 2 64 150 52
615 16 64 200 82
616 2 4 200 91
617 2 2 150 68
618 8 16 200 91
619 2 4 50 55
620 2 16 150 57
621 2 64 150 93
622 8 64 150 94
623 8 2 150 79
624 2 2 50 79
625 16 4 200 65
626 2 2 100 95
627 16 16 50 75
628 2 16 200 74
629 16 2 100 69
630 16 16 200 65
631 2 2 100 71
632 2 16 100 54
633 16 64 200 84
634 2 4 200 86
635 2 2 150 63
636 8 4 100 57
637 2 4 150 64
638 2 2 50 56
639 8 64 200 86
640 8 4 50 63
641 16 16 200 81
642 16 64 150 96
643 2 2 200 59
644 8 16 50 67
645 2 2 200 97
646 8 16 200 71
647 8 4 200 86
648 16 4 50 83
649 2 2 150 76
650 16 4 50 70
651 16 4 50 60
652 2 2 50 100
653 16 2 200 86
654 2 4 150 53
655 8 16 200 62
656 8 2 50 57
657 2 16 100 83
658 16 64 50 79
659 8 64 200 67
660 16 2 150 95
661 8 2 200 85
662 8 4 200 82
663 16 4 50 79
664 2 4 50 95
665 16 16 200 66
666 8 16 100 100
667 2 64 200 56
668 2 64 50 84
669 2 16 50 54
670 2 64 200 88
671 16 64 150 100
672 2 16 100 63
673 16 64 100 51
674 2 64 100 87
675 16 16 150 84
676 8 64 100 85
677 8 2 150 88
678 8 16 50 72
679 8 16 150 89
680 16 2 50 78
681 16 4 200 69
682 2 2 200 58
683 8 16 150 78
684 8 64 200 66
685 16 64 50 80
686 16 2 50 67
687 8 64 150 50
688 2 2 200 76
689 2 4 50 91
690 16 16 200 55
691 2 16 200 59
692 2 64 100 90
693 8 64 200 97
694 16 4 50 68
695 8 16 200 50
696 16 2 200 95
697 16 2 50 88
698 8 64 200 85
699 2 16 150 89
700 8 64 200 61
701 2 4 150 98
702 16 64 200 63
703 16 16 50 64
704 16 4 200 90
705 8 16 200 62
706 16 16 100 79
707 2 4 150 51
708 2 2 150 74
709 2 16 150 57
710 16 2 200 57
711 16 64 50 76
712 16 64 50 77
713 16 4 200 93
714 16 64 100 64
715 8 2 150 95
716 8 16 50 66
717 2 64 200 92
718 8 16 200 84
719 8 16 200 81
720 8 64 200 62
721 8 16 200 71
722 2 64 100 60
723 2 64 200 90
724 16 64 100 93
725 8 64 50 65
726 8 4 150 69
727 2 4 150 91
728 2 2 200 72
729 16 4 150 89
730 8 16 100 74
731 16 64 50 83
732 2 2 100 91
733 2 64 100 87
734 2 2 200 50
735 2 64 150 92
736 16 16 150 74
737 2 4 100 70
738 2 16 100 90
739 2 64 150 65
740 2 16 50 89
741 16 2 100 70
742 2 4 100 78
743 16 64 50 72
744 16 4 50 81
745 16 64 50 60
746 8 64 150 50
747 2 64 50 66
748 2 2 50 52
749 2 64 200 72
750 8 4 200 77
751 8 2 50 70
752 8 4 200 72
753 16 4 150 81
754 16 4 50 86
755 16 2 100 53
756 8 4 50 69
757 16 4 200 64
758 16 64 100 100
759 2 64 200 59
760 8 64 100 86
761 2 16 50 96
762 8 64 100 66
763 16 64 50 84
764 8 4 150 53
765 16 4 50 100
766 16 16 150 63
767 16 16 50 88
768 2 16 100 58
769 2 4 200 63
770 8 2 200 89
771 16 64 50 69
772 8 16 200 74
773 16 2 50 59
774 8 64 50 98
775 8 16 200 93
776 2 64 50 100
777 2 16 150 54
778 8 4 100 92
779 16 16 150 66
780 16 2 200 90
781 2 2 150 87
782 8 4 50 93
783 8 2 150 80
784 2 64 150 59
785 2 4 150 92
786 16 16 100 72
787 2 4 100 95
788 2 16 150 70
789 8 16 100 76
790 8 4 150 99
791 8 64 100 56
792 8 4 150 96
793 8 4 100 55
794 16 2 100 58
795 16 16 100 66
796 8 16 100 82
797 8 2 150 72
798 2 2 100 75
799 8 64 200 73
800 2 2 50 70
801 2 4 150 86
802 8 64 200 59
803 8 64 50 96
804 16 64 200 86
805 16 4 200 77
806 8 16 50 79
807 16 16 100 56
808 16 4 150 60
809 16 16 100 54
810 8 4 50 86
811 2 2 150 91
812 16 16 200 56
813 2 2 100 97
814 2 64 50 89
815 2 64 200 86
816 16 64 100 60
817 16 64 50 94
818 16 2 50 86
819 2 2 50 74
820 2 4 200 52
821 2 2 50 69
822 2 4 150 67
823 2 64 200 86
824 16 2 100 83
825 16 16 200 54
826 8 2 50 64
827 8 16 50 62
828 8 64 150 61
829 16 4 200 94
830 16 2 150 64
831 8 2 200 87
832 16 16 200 65
833 16 16 200 97
834 8 4 150 53
835 16 4 200 94
258
1 769 42 96
2 98 68 117
3 144 60 150
3 827 45 97
3 335 65 173
5 711 42 113
8 766 49 191
9 818 48 138
12 518 51 104
16 728 41 109
16 71 56 180
17 162 60 107
20 384 49 162
22 652 53 132
26 581 46 146
26 312 44 159
26 386 70 172
27 772 55 138
27 278 45 119
29 484 44 173
31 716 43 170
32 602 48 168
36 74 44 159
37 45 62 109
39 312 45 135
43 429 51 148
44 182 49 100
47 283 45 179
47 782 44 116
48 114 61 97
48 690 67 174
50 253 53 118
50 757 45 125
50 762 59 91
51 835 58 117
53 574 60 194
53 536 62 199
55 477 55 120
57 519 70 125
59 692 57 96
59 395 59 163
63 538 68 178
66 385 66 91
70 129 44 187
70 654 46 122
72 401 45 143
72 325 51 131
73 615 69 162
73 827 63 110
74 617 61 187
76 306 50 172
76 212 47 172
77 155 56 125
84 399 51 112
85 779 60 185
88 262 42 200
89 723 44 151
95 677 48 152
97 716 67 99
97 171 62 114
99 205 52 196
99 835 48 117
103 735 51 108
104 791 62 106
106 202 49 92
107 278 66 173
107 498 44 200
108 824 62 121
108 277 67 162
111 709 43 123
111 360 41 184
112 810 47 156
114 726 57 164
117 638 60 113
117 791 41 187
117 589 62 198
120 792 51 117
121 265 49 140
123 830 58 186
124 219 56 172
125 643 55 161
125 212 69 138
129 777 40 113
130 132 41 130
130 141 57 136
132 393 44 128
133 665 70 161
133 391 43 180
135 662 43 103
139 698 46 127
142 309 53 124
143 808 49 158
156 728 43 179
157 722 67 105
161 507 55 101
164 568 65 139
165 441 60 159
166 685 46 111
167 823 54 99
169 673 51 144
171 660 51 124
175 377 54 131
176 478 55 141
176 517 58 119
179 676 52 105
180 600 58 170
188 423 57 127
192 230 51 106
194 639 65 197
198 321 60 95
198 637 42 182
199 542 70 193
203 250 64 94
212 782 56 161
213 817 43 188
213 591 66 184
214 359 62 138
216 544 51 107
221 350 68 178
221 810 47 168
222 660 40 155
228 770 40 126
232 628 44 91
234 397 65 124
235 328 49 144
241 388 41 128
243 771 52 195
243 285 68 148
248 797 54 179
249 476 54 133
251 491 63 155
252 791 44 196
260 681 45 158
261 558 40 161
261 800 43 180
262 787 65 195
267 693 59 163
271 796 70 119
278 622 54 198
281 701 51 178
285 370 56 190
288 346 46 99
290 480 59 124
290 505 40 133
295 584 49 145
296 332 45 178
297 384 49 99
306 575 66 107
311 716 54 106
315 469 63 132
317 790 41 129
318 441 41 92
318 507 58 105
322 494 46 148
324 552 69 131
327 568 44 149
333 513 51 104
337 764 56 124
338 773 48 98
343 602 68 170
345 390 58 162
346 373 59 175
347 489 55 144
348 738 48 99
353 364 58 183
354 823 40 147
364 802 70 152
366 746 53 192
371 626 52 178
376 560 54 168
378 800 51 129
387 567 55 181
390 637 62 146
391 670 59 135
391 539 54 185
392 424 59 125
397 596 56 133
398 561 55 184
402 649 51 92
403 409 42 172
404 491 62 105
406 497 69 113
407 641 42 115
410 816 43 112
412 682 66 180
416 609 45 108
417 835 57 119
418 699 55 114
421 538 58 179
428 522 69 190
429 613 42 125
430 747 40 194
430 698 49 135
436 721 57 161
436 722 62 117
436 813 42 109
437 776 55 102
439 779 57 93
458 729 67 132
460 763 44 172
466 482 65 171
472 526 51 122
499 726 64 147
501 805 44 105
506 710 68 166
507 582 42 139
513 661 70 99
516 684 49 156
516 682 54 117
525 541 43 98
529 556 57 168
530 834 49 170
531 622 40 113
536 553 49 181
537 754 55 164
541 555 68 106
543 655 70 132
549 672 63 163
549 817 69 160
556 640 51 196
562 808 63 152
563 776 42 107
566 774 51 102
574 694 54 98
575 740 68 128
577 803 67 142
587 751 67 155
589 736 68 186
593 765 64 148
594 651 57 160
595 700 65 120
595 730 67 195
601 677 45 113
606 766 49 168
626 820 52 170
630 797 49 92
637 778 60 101
647 745 42 127
654 784 65 184
668 706 59 130
669 720 57 186
672 679 64 169
676 742 52 147
682 734 40 186
685 775 58 199
689 725 66 95
709 812 65 118
711 772 61 189
712 819 63 186
722 733 62 200
726 783 49 106
731 798 44 128
737 755 52 191
742 798 46 148
742 832 66 132
744 745 64 161
761 828 51 152
803 819 47 128