811
0 16 64 2000 158
1 16 96 800 128
2 16 64 2000 91
3 16 96 400 163
4 32 40 5000 164
5 32 96 1000 90
6 32 96 5000 165
7 16 96 2000 171
8 32 64 2000 182
9 16 64 1000 162
10 32 64 400 150
11 16 96 800 173
12 32 40 5000 120
13 16 96 400 108
14 16 96 1000 189
15 32 40 800 185
16 32 64 5000 155
17 16 64 800 168
18 32 40 800 121
19 32 96 400 94
20 32 64 400 109
21 32 40 2000 154
22 16 40 2000 115
23 32 64 1000 145
24 32 64 1000 119
25 32 96 2000 101
26 32 64 2000 137
27 32 96 2000 109
28 32 40 800 98
29 32 96 2000 184
30 16 96 2000 104
31 16 40 1000 125
32 16 40 2000 144
33 16 96 400 116
34 16 64 5000 129
35 32 96 800 149
36 32 96 5000 113
37 16 96 5000 90
38 16 96 800 93
39 32 40 400 118
40 32 40 5000 141
41 16 64 800 100
42 16 64 400 122
43 16 40 800 193
44 32 64 1000 110
45 16 40 1000 177
46 32 40 2000 92
47 32 64 400 140
48 16 64 400 92
49 16 64 400 179
50 32 96 1000 141
51 16 64 1000 165
52 32 40 5000 109
53 32 40 1000 132
54 32 40 2000 104
55 16 64 5000 144
56 32 96 2000 169
57 32 96 800 98
58 16 40 2000 130
59 32 64 2000 145
60 32 40 2000 96
61 16 96 400 164
62 32 96 400 172
63 16 40 1000 168
64 16 96 1000 119
65 32 96 1000 93
66 32 96 5000 140
67 32 40 2000 142
68 16 64 5000 94
69 32 40 2000 139
70 16 40 2000 144
71 16 64 1000 134
72 16 96 800 166
73 32 96 2000 110
74 16 64 5000 152
75 16 64 2000 106
76 16 96 400 113
77 32 96 400 130
78 32 64 5000 106
79 32 64 400 127
80 16 40 1000 188
81 16 96 1000 128
82 32 64 1000 137
83 32 40 800 113
84 16 40 2000 172
85 32 64 5000 121
86 32 64 5000 116
87 16 64 5000 197
88 16 64 2000 132
89 32 64 1000 111
90 32 64 1000 117
91 32 96 400 134
92 16 96 1000 195
93 32 40 400 143
94 32 64 5000 125
95 16 96 800 93
96 16 96 5000 200
97 32 40 5000 173
98 32 64 1000 141
99 32 64 5000 150
100 32 96 2000 107
101 16 40 5000 166
102 32 40 400 162
103 32 64 800 131
104 32 40 400 141
105 16 96 800 157
106 16 96 2000 103
107 16 40 800 168
108 16 96 800 125
109 16 64 400 184
110 16 96 400 148
111 16 64 1000 193
112 16 96 800 174
113 16 40 1000 129
114 16 64 1000 162
115 32 64 1000 139
116 16 40 2000 156
117 16 64 2000 185
118 16 64 400 102
119 16 40 1000 92
120 16 64 1000 178
121 32 64 1000 160
122 32 40 2000 195
123 16 40 5000 128
124 32 40 2000 121
125 16 96 2000 126
126 16 64 400 137
127 16 96 400 95
128 32 64 400 139
129 32 40 800 142
130 32 40 1000 97
131 16 96 400 108
132 16 40 2000 165
133 32 96 2000 99
134 16 40 1000 90
135 32 40 1000 94
136 32 64 400 153
137 32 64 400 186
138 16 64 400 179
139 32 96 1000 153
140 16 64 1000 194
141 16 40 400 101
142 32 96 2000 126
143 16 64 1000 117
144 16 40 2000 156
145 32 96 400 199
146 32 96 5000 113
147 16 64 2000 178
148 16 64 5000 163
149 16 64 5000 166
150 16 40 800 169
151 32 64 1000 159
152 16 40 1000 122
153 32 64 400 145
154 16 40 2000 180
155 16 64 1000 198
156 16 40 5000 90
157 32 64 5000 92
158 32 40 5000 185
159 32 64 5000 120
160 32 40 400 94
161 32 40 800 165
162 16 96 2000 106
163 32 40 800 182
164 16 64 2000 125
165 32 64 400 111
166 16 64 2000 148
167 16 40 400 133
168 32 40 400 167
169 32 96 2000 178
170 32 64 5000 111
171 32 40 1000 97
172 32 64 1000 110
173 16 64 800 177
174 32 64 5000 91
175 16 64 5000 153
176 16 40 800 181
177 32 40 800 158
178 32 40 5000 197
179 16 40 5000 149
180 32 64 1000 127
181 32 96 2000 131
182 16 64 800 169
183 32 40 800 164
184 16 40 2000 90
185 32 40 400 191
186 32 96 5000 178
187 16 40 1000 175
188 16 64 400 162
189 16 96 5000 122
190 32 96 400 159
191 16 64 1000 132
192 32 40 2000 102
193 16 96 800 164
194 32 64 1000 113
195 32 96 1000 173
196 16 40 5000 133
197 32 40 1000 200
198 32 64 400 106
199 32 40 2000 105
200 16 64 400 199
201 16 40 800 181
202 16 96 5000 123
203 16 40 400 104
204 32 40 5000 183
205 16 64 400 114
206 16 96 800 196
207 16 40 400 179
208 32 64 5000 127
209 32 40 2000 90
210 32 96 400 153
211 32 40 5000 127
212 16 40 400 199
213 32 96 800 192
214 16 64 400 113
215 32 40 2000 109
216 16 40 1000 135
217 16 96 1000 102
218 16 64 1000 125
219 32 96 2000 188
220 16 64 800 162
221 32 64 2000 177
222 32 40 2000 173
223 16 64 5000 198
224 16 96 800 186
225 32 40 400 183
226 32 64 1000 126
227 16 96 5000 174
228 16 40 400 128
229 16 96 2000 196
230 16 40 5000 143
231 16 96 1000 135
232 32 64 400 151
233 16 40 400 121
234 32 40 1000 145
235 32 96 400 100
236 32 96 400 184
237 32 64 1000 106
238 16 96 2000 164
239 32 40 1000 93
240 32 40 1000 136
241 16 64 2000 126
242 16 40 800 156
243 32 40 2000 142
244 16 40 400 98
245 16 64 2000 168
246 16 96 5000 144
247 16 64 800 141
248 16 64 400 187
249 32 64 800 108
250 32 40 2000 114
251 32 96 2000 114
252 32 40 2000 118
253 16 96 2000 124
254 32 64 5000 90
255 16 40 800 163
256 16 64 1000 111
257 16 96 2000 126
258 16 40 800 120
259 32 64 800 94
260 16 40 800 102
261 32 96 2000 172
262 32 40 400 114
263 16 64 800 150
264 16 96 2000 184
265 16 40 2000 186
266 32 40 1000 134
267 16 64 1000 156
268 16 64 5000 121
269 32 96 5000 170
270 16 64 400 150
271 32 64 1000 158
272 32 96 800 120
273 32 64 2000 128
274 16 96 400 113
275 32 64 1000 103
276 32 40 800 198
277 32 96 5000 183
278 32 64 5000 157
279 16 40 1000 176
280 32 40 2000 164
281 16 96 1000 176
282 32 96 5000 128
283 16 96 800 98
284 32 64 800 156
285 32 96 5000 91
286 32 40 400 125
287 16 96 5000 141
288 32 96 1000 91
289 16 96 5000 107
290 16 96 1000 197
291 16 64 1000 170
292 16 64 1000 114
293 16 40 2000 189
294 32 40 5000 147
295 16 40 400 198
296 16 40 1000 102
297 32 64 400 173
298 16 40 400 165
299 32 40 2000 105
300 32 40 2000 141
301 32 40 5000 196
302 16 96 800 91
303 16 64 400 125
304 32 40 400 184
305 32 96 400 182
306 32 96 1000 117
307 16 96 800 145
308 16 40 1000 93
309 16 40 400 131
310 16 40 2000 196
311 32 96 2000 193
312 32 64 2000 121
313 32 40 400 113
314 32 40 5000 146
315 32 64 400 104
316 16 64 2000 121
317 32 96 400 159
318 32 40 400 175
319 32 96 400 102
320 16 96 2000 193
321 32 40 2000 124
322 32 96 1000 171
323 32 96 1000 163
324 32 40 1000 131
325 16 96 400 99
326 16 40 5000 169
327 32 64 5000 154
328 32 96 5000 178
329 32 64 2000 159
330 16 96 5000 130
331 16 40 800 190
332 16 96 1000 127
333 32 40 400 150
334 32 40 1000 161
335 32 96 1000 110
336 16 64 1000 179
337 32 64 1000 94
338 32 64 2000 97
339 16 96 5000 162
340 32 96 5000 197
341 32 64 1000 186
342 32 96 2000 120
343 32 64 5000 184
344 32 40 5000 191
345 16 40 800 132
346 32 40 2000 123
347 32 64 2000 189
348 16 40 400 180
349 32 64 800 177
350 32 96 1000 156
351 32 40 1000 91
352 16 64 800 163
353 16 96 1000 193
354 32 96 400 107
355 32 40 2000 94
356 32 96 1000 160
357 16 64 800 188
358 16 40 800 100
359 16 64 2000 190
360 32 96 1000 157
361 32 64 400 140
362 16 40 1000 144
363 16 64 1000 102
364 16 96 1000 141
365 32 96 1000 120
366 32 96 1000 152
367 16 64 400 178
368 16 64 5000 137
369 32 40 400 137
370 32 40 5000 93
371 32 96 1000 98
372 32 64 5000 120
373 32 96 1000 167
374 32 64 5000 165
375 32 40 5000 145
376 16 40 2000 180
377 32 96 2000 100
378 32 96 400 116
379 16 40 1000 147
380 16 40 1000 138
381 32 64 5000 150
382 16 64 1000 198
383 16 96 800 182
384 16 64 800 170
385 32 96 400 159
386 16 96 800 122
387 16 96 800 187
388 16 96 800 105
389 32 96 400 169
390 16 40 1000 154
391 32 64 5000 92
392 32 96 1000 178
393 32 40 800 145
394 16 64 5000 137
395 32 64 1000 130
396 16 40 5000 161
397 32 64 2000 157
398 32 96 800 177
399 16 40 1000 160
400 32 40 2000 114
401 32 40 400 180
402 32 96 800 148
403 16 40 800 90
404 16 64 2000 134
405 16 40 5000 154
406 32 40 1000 169
407 32 64 1000 198
408 32 64 2000 198
409 32 96 5000 197
410 16 40 400 157
411 16 64 800 120
412 32 64 1000 190
413 16 40 800 108
414 16 40 800 185
415 16 40 400 138
416 16 64 2000 170
417 16 96 5000 177
418 16 64 1000 178
419 16 40 800 141
420 16 96 2000 174
421 32 64 5000 106
422 32 96 1000 115
423 16 96 800 119
424 32 64 800 115
425 32 64 800 171
426 32 64 2000 145
427 16 64 2000 93
428 32 64 5000 177
429 32 64 800 95
430 32 40 2000 171
431 16 64 800 196
432 16 96 400 156
433 32 40 800 171
434 32 96 400 92
435 16 64 400 165
436 32 40 400 131
437 16 40 400 171
438 32 64 1000 134
439 16 40 400 161
440 16 96 1000 121
441 32 40 400 176
442 16 64 2000 197
443 32 40 1000 154
444 16 64 2000 99
445 16 40 400 146
446 16 96 400 156
447 16 40 400 98
448 16 64 800 99
449 32 40 800 112
450 32 96 5000 148
451 32 64 5000 199
452 16 40 400 197
453 32 96 800 182
454 32 40 1000 131
455 32 96 1000 163
456 16 64 1000 180
457 16 64 400 188
458 32 64 5000 179
459 32 64 800 155
460 32 96 2000 152
461 16 64 400 140
462 32 96 2000 143
463 32 96 800 152
464 16 96 2000 119
465 32 40 1000 153
466 32 96 5000 154
467 16 64 5000 172
468 32 96 5000 127
469 32 64 2000 135
470 16 96 2000 147
471 32 40 400 129
472 32 96 400 187
473 32 40 400 140
474 32 40 1000 130
475 16 64 1000 102
476 16 96 400 172
477 16 64 5000 179
478 32 40 400 152
479 16 96 2000 141
480 16 64 400 147
481 16 40 2000 93
482 16 40 1000 109
483 32 96 800 114
484 16 64 5000 103
485 16 96 2000 151
486 32 96 2000 170
487 16 96 2000 114
488 16 64 1000 130
489 32 96 400 196
490 32 96 2000 112
491 16 40 2000 191
492 32 64 400 167
493 16 96 1000 164
494 16 96 800 114
495 32 64 5000 112
496 16 64 2000 155
497 16 64 800 138
498 16 40 1000 130
499 32 64 2000 93
500 32 40 5000 96
501 32 40 2000 200
502 16 40 2000 178
503 32 64 400 127
504 16 40 5000 90
505 16 96 800 118
506 32 96 400 129
507 16 64 2000 188
508 32 64 400 180
509 32 96 400 157
510 16 40 800 126
511 16 40 1000 112
512 16 96 400 113
513 16 64 2000 169
514 32 64 1000 141
515 16 40 400 161
516 32 96 1000 122
517 32 96 400 198
518 32 64 5000 141
519 32 64 1000 193
520 16 40 5000 199
521 32 64 1000 190
522 16 64 1000 147
523 32 40 2000 125
524 32 64 2000 116
525 16 96 2000 150
526 32 96 400 137
527 16 96 400 127
528 32 96 400 112
529 16 64 1000 127
530 16 40 2000 182
531 16 40 400 136
532 32 96 1000 169
533 32 40 5000 164
534 16 40 800 132
535 16 64 1000 123
536 16 64 2000 150
537 32 40 5000 116
538 16 96 800 146
539 32 40 5000 143
540 32 64 400 177
541 32 96 400 133
542 16 96 5000 165
543 16 64 2000 93
544 32 40 2000 175
545 32 96 5000 157
546 32 96 5000 156
547 32 64 1000 166
548 16 64 5000 95
549 16 64 400 161
550 32 40 400 180
551 16 64 1000 178
552 16 64 1000 180
553 32 64 400 156
554 32 40 1000 124
555 32 96 5000 144
556 16 96 800 130
557 32 40 5000 148
558 32 64 800 109
559 32 40 5000 196
560 32 40 800 181
561 32 64 400 187
562 16 96 1000 200
563 32 96 2000 135
564 16 40 2000 163
565 16 64 2000 121
566 32 64 1000 166
567 32 96 5000 90
568 16 64 1000 120
569 32 40 400 142
570 16 40 5000 168
571 32 64 1000 187
572 16 64 2000 140
573 32 64 1000 175
574 16 96 800 91
575 32 40 400 151
576 32 64 5000 177
577 32 64 2000 175
578 32 40 400 197
579 32 40 400 186
580 16 96 1000 190
581 32 96 800 190
582 16 40 5000 181
583 32 40 800 147
584 32 96 5000 175
585 32 40 5000 190
586 32 64 5000 100
587 32 64 800 160
588 16 64 1000 198
589 32 96 2000 90
590 16 96 800 179
591 32 96 2000 165
592 16 40 1000 95
593 16 64 5000 169
594 32 40 2000 90
595 16 64 800 118
596 32 96 800 116
597 32 64 800 91
598 16 96 400 118
599 32 96 800 114
600 16 96 800 178
601 32 40 800 176
602 32 96 5000 179
603 32 64 1000 129
604 32 40 1000 185
605 16 96 1000 128
606 32 40 1000 102
607 16 64 400 119
608 32 40 400 172
609 32 96 5000 122
610 32 96 5000 145
611 32 96 5000 135
612 32 64 5000 167
613 16 96 400 145
614 16 64 1000 154
615 32 40 800 119
616 16 40 400 111
617 32 96 1000 97
618 16 64 800 93
619 16 96 5000 150
620 32 64 5000 196
621 16 96 2000 159
622 32 64 2000 188
623 32 64 400 193
624 16 40 5000 134
625 32 64 1000 173
626 16 40 1000 93
627 16 40 400 126
628 16 40 2000 153
629 32 64 2000 198
630 32 64 400 123
631 16 40 800 122
632 16 64 5000 149
633 32 64 1000 146
634 16 40 800 144
635 16 96 2000 129
636 32 64 400 153
637 16 64 800 149
638 32 40 2000 134
639 32 96 5000 169
640 16 64 2000 125
641 32 40 400 196
642 16 64 5000 123
643 16 40 400 176
644 32 40 800 143
645 32 96 5000 124
646 32 64 5000 110
647 32 96 400 188
648 32 96 400 131
649 32 40 800 153
650 32 96 1000 112
651 16 64 2000 163
652 16 64 800 106
653 16 96 800 143
654 32 64 1000 138
655 32 64 1000 92
656 32 64 1000 155
657 32 96 5000 158
658 32 40 400 192
659 32 40 800 159
660 32 96 1000 160
661 16 40 2000 90
662 32 96 1000 194
663 16 96 400 95
664 32 96 2000 119
665 16 64 400 110
666 16 96 800 147
667 32 40 2000 125
668 16 96 1000 177
669 32 40 800 114
670 32 64 5000 123
671 32 64 5000 182
672 32 40 400 128
673 32 40 1000 171
674 32 64 2000 178
675 16 96 2000 100
676 32 96 5000 188
677 32 64 1000 115
678 32 64 400 98
679 32 40 5000 108
680 32 64 1000 101
681 32 64 400 117
682 16 96 800 172
683 16 96 5000 138
684 16 64 5000 113
685 32 96 400 184
686 16 96 2000 115
687 32 40 5000 181
688 16 40 800 107
689 32 96 800 145
690 32 40 1000 140
691 32 96 800 127
692 32 64 1000 157
693 16 96 5000 121
694 16 40 5000 124
695 32 40 800 162
696 32 96 2000 139
697 16 96 2000 168
698 16 64 5000 90
699 32 40 1000 161
700 32 96 5000 141
701 32 96 5000 194
702 32 96 400 100
703 16 96 800 127
704 32 96 800 103
705 32 96 1000 139
706 32 40 400 93
707 16 64 400 166
708 16 40 1000 118
709 16 96 400 195
710 32 96 2000 110
711 32 96 1000 159
712 32 40 1000 120
713 16 64 5000 128
714 32 64 5000 178
715 32 64 2000 93
716 16 96 800 97
717 32 40 400 94
718 16 64 2000 150
719 32 96 400 98
720 16 64 1000 173
721 32 40 400 120
722 16 96 5000 179
723 32 64 400 183
724 16 40 5000 186
725 32 96 2000 101
726 32 96 2000 102
727 32 40 5000 112
728 32 96 1000 191
729 16 64 2000 111
730 32 96 5000 110
731 16 96 1000 193
732 16 96 400 123
733 32 96 400 120
734 16 96 2000 179
735 32 40 800 136
736 32 40 1000 167
737 16 64 800 194
738 16 40 800 159
739 32 64 1000 131
740 32 40 1000 148
741 16 40 2000 129
742 16 64 2000 136
743 32 64 1000 108
744 32 64 800 95
745 16 40 1000 195
746 32 40 400 151
747 16 96 2000 96
748 32 40 800 153
749 32 64 2000 137
750 32 96 800 193
751 16 40 2000 138
752 16 96 800 180
753 32 96 400 182
754 32 40 1000 135
755 16 96 800 90
756 32 64 5000 108
757 16 40 800 168
758 32 40 5000 131
759 32 64 1000 154
760 16 64 400 168
761 32 96 1000 157
762 32 40 800 111
763 16 96 400 122
764 32 40 5000 186
765 16 96 400 117
766 16 64 2000 157
767 16 40 1000 180
768 32 96 400 187
769 16 40 5000 137
770 32 40 1000 174
771 32 96 800 142
772 16 40 2000 94
773 16 64 5000 171
774 16 40 400 178
775 16 64 800 113
776 32 40 5000 169
777 32 96 1000 161
778 16 64 5000 126
779 16 40 800 145
780 16 64 2000 166
781 16 96 2000 153
782 32 96 800 140
783 16 64 800 177
784 32 64 2000 146
785 16 64 400 102
786 32 64 1000 182
787 16 40 800 194
788 32 64 1000 170
789 32 40 400 176
790 32 96 2000 164
791 32 40 2000 155
792 16 64 5000 129
793 32 64 2000 137
794 16 40 2000 108
795 32 40 5000 98
796 16 64 400 152
797 32 64 400 167
798 16 64 2000 186
799 16 64 5000 172
800 16 96 5000 148
801 16 40 1000 133
802 32 96 400 171
803 32 40 800 161
804 16 96 800 182
805 32 40 400 128
806 32 96 1000 156
807 32 64 400 179
808 16 96 1000 114
809 32 40 400 177
810 16 64 1000 149
121
1 273 58 108
7 68 53 139
16 659 57 169
19 623 67 135
23 673 64 90
23 567 62 104
23 97 56 115
24 410 54 152
30 675 70 139
31 49 62 106
32 639 56 170
36 614 66 126
38 298 56 129
47 761 48 104
48 197 66 118
60 708 49 174
66 364 57 198
80 436 62 177
83 418 61 171
91 557 63 124
92 163 61 120
94 700 58 106
95 298 46 119
99 668 52 156
107 518 52 119
113 212 61 102
115 459 68 94
122 517 47 147
126 622 55 121
128 348 69 167
129 411 49 113
133 145 45 171
137 447 67 115
140 751 46 116
149 389 68 171
153 714 44 109
155 783 55 131
162 628 64 129
167 615 48 193
167 434 66 195
175 288 43 98
191 637 49 116
192 403 55 153
194 363 62 151
202 310 62 126
205 588 57 136
209 608 53 103
232 640 48 99
241 569 48 94
244 447 53 132
245 418 61 142
253 730 51 182
253 421 56 92
261 441 57 140
278 604 70 171
281 567 65 130
286 322 55 148
286 450 46 196
286 287 66 136
287 720 47 104
288 508 57 116
290 470 60 93
295 586 57 180
299 530 41 146
299 427 40 169
304 437 48 179
316 559 46 93
317 425 55 115
319 392 53 173
322 780 42 128
334 636 61 146
339 716 49 147
341 757 66 187
344 453 50 191
346 357 66 125
352 671 47 125
354 658 61 136
355 549 57 142
367 587 51 143
369 421 67 109
373 515 55 90
383 579 46 121
386 800 70 119
392 436 69 133
396 700 50 104
414 418 67 177
421 475 42 165
428 776 52 175
432 617 61 116
432 732 44 147
433 470 42 137
436 522 67 114
442 449 64 92
446 674 68 137
461 558 47 134
466 495 62 150
473 745 62 197
474 644 66 116
483 810 51 147
489 504 46 173
489 759 63 92
490 809 60 148
494 522 68 109
506 579 58 91
513 741 55 119
513 707 45 103
525 650 40 98
559 782 55 157
562 565 51 139
562 647 42 106
574 669 65 134
574 648 64 142
580 758 46 103
584 674 51 123
597 773 42 127
597 805 65 91
623 794 63 108
630 670 59 107
653 740 57 140
667 669 69 145
777 780 46 165