85
0 128 256 5000 102
1 64 64 800 140
2 32 256 5000 157
3 128 16 2400 191
4 32 256 5000 94
5 16 16 2400 177
6 16 16 1000 140
7 32 128 1000 154
8 16 64 1000 159
9 16 128 2400 101
10 16 256 800 135
11 32 64 500 194
12 64 16 1000 111
13 32 256 800 125
14 16 256 1000 129
15 32 64 800 154
16 64 64 5000 107
17 32 256 1000 106
18 32 16 2400 112
19 16 256 800 128
20 16 64 500 123
21 16 256 5000 136
22 128 64 5000 195
23 16 256 2400 140
24 128 128 5000 111
25 128 64 2400 127
26 32 64 1000 93
27 64 64 500 119
28 128 256 500 186
29 128 128 500 189
30 16 256 500 146
31 16 256 2400 97
32 16 16 2400 199
33 64 128 1000 139
34 16 128 5000 137
35 64 256 800 150
36 64 256 2400 107
37 32 16 5000 103
38 64 64 2400 187
39 16 16 1000 139
40 16 128 800 155
41 128 128 5000 91
42 64 128 5000 122
43 16 128 1000 95
44 32 16 500 161
45 128 16 5000 197
46 64 128 800 180
47 128 256 5000 140
48 32 256 500 126
49 64 16 2400 167
50 16 256 500 123
51 16 128 1000 108
52 16 256 1000 102
53 16 16 800 183
54 32 128 2400 179
55 128 256 500 154
56 32 16 800 165
57 16 16 2400 131
58 128 128 800 105
59 128 64 5000 189
60 32 64 1000 116
61 128 64 1000 140
62 16 128 5000 173
63 64 64 1000 177
64 16 256 2400 175
65 16 64 1000 121
66 64 16 2400 141
67 128 16 1000 135
68 16 128 2400 143
69 32 64 2400 111
70 16 16 500 127
71 16 64 1000 135
72 128 64 1000 90
73 32 64 800 184
74 32 16 800 188
75 16 64 800 183
76 16 64 5000 185
77 64 256 800 103
78 16 16 2400 169
79 16 256 800 105
80 64 16 2400 197
81 16 256 800 200
82 32 256 5000 114
83 64 64 2400 102
84 128 16 5000 178
19
4 78 52 127
6 16 66 107
6 59 68 194
8 66 50 173
8 75 63 144
11 47 43 163
24 27 49 140
25 66 66 182
31 34 63 142
31 81 68 197
32 80 47 190
40 43 44 139
40 56 59 105
44 72 41 102
62 85 58 118
65 69 60 105
66 78 60 120
71 81 51 144
74 80 69 194