182
0 16 64 1000 98
1 8 64 1000 134
2 8 64 500 114
3 2 64 500 130
4 16 16 300 103
5 16 16 500 114
6 2 16 500 125
7 8 128 500 112
8 16 16 1000 99
9 16 128 200 135
10 8 64 100 132
11 8 64 100 114
12 16 16 300 105
13 16 64 300 134
14 2 128 500 117
15 16 16 100 96
16 8 128 500 122
17 8 64 1000 103
18 2 128 1000 146
19 8 16 100 113
20 2 64 300 111
21 2 128 200 98
22 8 64 1000 109
23 2 128 100 123
24 2 128 100 121
25 16 128 200 93
26 8 16 300 103
27 2 64 1000 119
28 16 64 100 144
29 2 16 100 139
30 16 16 300 120
31 16 16 200 110
32 2 16 100 98
33 8 64 200 116
34 16 16 500 125
35 16 16 200 97
36 8 128 100 92
37 16 16 200 114
38 8 128 1000 146
39 8 64 100 112
40 2 16 1000 120
41 8 64 1000 100
42 16 16 500 109
43 8 64 200 101
44 16 64 1000 107
45 2 128 1000 90
46 2 16 500 124
47 8 64 300 137
48 16 128 500 131
49 8 128 500 148
50 2 64 200 150
51 16 64 100 148
52 8 64 200 107
53 16 128 500 116
54 8 64 300 143
55 8 16 200 113
56 2 16 300 101
57 8 128 500 129
58 8 128 1000 127
59 8 16 500 127
60 2 64 200 99
61 16 64 1000 148
62 2 64 1000 128
63 8 64 300 142
64 2 16 100 132
65 16 64 500 142
66 2 64 300 129
67 2 128 500 128
68 8 16 100 93
69 16 128 1000 138
70 8 128 200 101
71 8 64 100 94
72 8 64 300 141
73 8 64 500 126
74 8 64 100 116
75 2 16 500 93
76 16 64 100 145
77 2 16 100 130
78 16 16 100 101
79 16 64 200 138
80 8 16 300 142
81 2 64 1000 141
82 16 64 300 114
83 16 16 500 114
84 8 16 1000 144
85 8 16 1000 119
86 16 16 100 126
87 8 16 500 95
88 2 16 1000 95
89 2 128 200 122
90 2 16 1000 96
91 8 16 100 118
92 8 16 100 129
93 8 64 500 115
94 2 128 100 135
95 8 16 200 132
96 16 128 100 139
97 8 128 200 145
98 16 128 1000 134
99 8 128 1000 96
100 2 16 1000 129
101 16 16 100 124
102 16 64 300 109
103 2 16 500 103
104 8 64 500 121
105 16 64 1000 140
106 16 128 1000 99
107 16 128 100 105
108 8 128 200 133
109 2 128 1000 99
110 8 64 300 146
111 2 16 100 140
112 8 128 200 106
113 2 16 100 114
114 16 16 500 101
115 16 16 300 107
116 8 128 500 126
117 2 128 1000 137
118 2 64 100 150
119 2 64 1000 128
120 16 16 200 119
121 8 16 200 104
122 16 128 200 139
123 8 128 300 146
124 16 128 300 100
125 8 64 100 134
126 8 128 300 95
127 2 128 1000 129
128 8 64 1000 102
129 8 128 200 143
130 16 16 200 96
131 16 16 200 131
132 2 128 500 123
133 8 128 1000 114
134 2 64 1000 140
135 2 128 1000 140
136 8 16 300 116
137 8 16 200 122
138 16 128 1000 149
139 8 16 500 147
140 2 128 1000 102
141 16 16 100 145
142 2 64 100 150
143 8 128 300 99
144 2 128 500 92
145 8 64 500 99
146 16 64 100 102
147 2 64 100 130
148 8 128 100 92
149 2 128 1000 125
150 8 16 100 113
151 8 16 1000 134
152 8 128 500 149
153 2 64 500 128
154 2 16 100 127
155 2 64 500 132
156 2 16 200 91
157 8 128 100 103
158 16 16 1000 125
159 2 64 200 146
160 2 64 500 150
161 2 16 300 143
162 8 64 100 136
163 8 128 500 129
164 16 64 300 146
165 8 64 100 140
166 2 16 300 144
167 8 16 500 145
168 2 128 100 131
169 2 128 100 109
170 16 64 100 108
171 2 64 1000 141
172 8 128 500 98
173 8 16 300 113
174 8 64 200 101
175 2 64 500 93
176 2 64 100 130
177 8 16 100 120
178 16 128 500 109
179 16 128 300 122
180 2 16 500 137
181 8 128 100 102
1
0 129 70 111