709
0 16 40 2000 113
1 16 40 5000 138
2 16 96 5000 118
3 32 64 400 174
4 16 40 1000 192
5 32 96 5000 130
6 32 96 800 145
7 32 40 5000 173
8 32 40 800 118
9 16 64 1000 163
10 32 96 1000 191
11 16 64 800 162
12 32 40 5000 94
13 32 40 400 119
14 32 64 2000 102
15 32 96 400 190
16 32 40 800 125
17 16 96 800 109
18 16 40 400 115
19 32 64 400 186
20 16 40 5000 172
21 16 96 800 131
22 32 40 5000 151
23 16 96 800 125
24 16 64 400 198
25 32 40 800 125
26 32 96 1000 140
27 16 96 2000 145
28 32 40 400 138
29 32 64 1000 165
30 32 40 1000 162
31 16 40 1000 187
32 32 96 800 146
33 16 40 800 92
34 16 64 800 179
35 32 64 800 181
36 16 40 2000 98
37 32 40 2000 184
38 16 64 800 102
39 32 40 400 151
40 32 96 1000 198
41 16 64 1000 197
42 16 64 1000 119
43 32 40 800 99
44 16 64 1000 129
45 16 96 5000 93
46 16 64 5000 175
47 16 40 1000 169
48 16 64 1000 94
49 16 96 5000 127
50 32 64 2000 131
51 32 96 2000 179
52 16 40 5000 92
53 32 64 5000 199
54 16 96 400 128
55 32 40 5000 193
56 32 96 800 184
57 16 96 2000 145
58 32 40 5000 174
59 16 64 5000 97
60 32 40 1000 122
61 16 40 5000 100
62 16 96 800 185
63 16 40 1000 194
64 32 40 1000 149
65 32 96 800 181
66 16 40 1000 157
67 16 40 1000 101
68 16 64 1000 156
69 32 64 400 154
70 16 64 5000 124
71 32 40 5000 191
72 32 96 5000 137
73 32 64 5000 182
74 32 40 400 161
75 32 40 400 100
76 32 40 800 136
77 16 96 1000 125
78 32 64 5000 188
79 16 64 5000 161
80 32 96 5000 191
81 16 40 800 169
82 32 96 2000 151
83 32 40 2000 181
84 32 96 800 124
85 32 96 5000 199
86 32 40 1000 138
87 32 40 5000 153
88 16 96 5000 118
89 16 64 800 197
90 32 64 800 156
91 16 96 2000 184
92 32 96 2000 115
93 16 64 400 180
94 32 96 400 152
95 32 96 400 128
96 16 96 5000 173
97 32 96 400 112
98 32 64 1000 136
99 32 64 1000 97
100 32 64 2000 191
101 32 64 400 186
102 16 96 400 91
103 32 64 1000 183
104 16 96 5000 143
105 16 64 2000 124
106 32 64 800 100
107 32 40 1000 179
108 16 64 2000 149
109 32 40 5000 122
110 16 96 400 93
111 32 40 400 179
112 32 64 5000 175
113 32 40 5000 93
114 32 64 1000 130
115 16 96 2000 142
116 16 64 1000 128
117 16 40 5000 151
118 16 96 400 147
119 16 96 400 200
120 16 96 1000 104
121 16 40 2000 162
122 16 96 5000 140
123 32 64 2000 130
124 32 64 400 196
125 16 96 800 104
126 32 40 800 125
127 16 96 800 110
128 32 64 800 124
129 32 96 5000 166
130 16 96 1000 193
131 32 96 2000 156
132 32 64 5000 126
133 32 40 400 137
134 16 64 5000 167
135 32 40 1000 111
136 16 64 800 108
137 32 64 400 183
138 16 40 5000 158
139 16 64 2000 138
140 32 64 1000 185
141 32 96 800 161
142 32 64 2000 106
143 16 40 1000 126
144 16 64 2000 142
145 16 64 800 178
146 16 64 400 193
147 32 96 1000 183
148 16 64 400 104
149 16 96 800 181
150 16 96 1000 144
151 16 96 2000 132
152 32 40 2000 155
153 32 64 1000 163
154 32 96 2000 126
155 32 96 2000 140
156 32 96 1000 138
157 32 96 400 106
158 32 64 1000 136
159 16 96 5000 157
160 16 40 2000 115
161 16 96 800 172
162 32 64 2000 177
163 32 40 5000 133
164 32 64 1000 140
165 16 96 800 90
166 16 96 1000 116
167 16 40 2000 162
168 32 40 5000 113
169 32 40 2000 181
170 32 96 2000 188
171 16 64 400 94
172 32 40 5000 158
173 16 96 5000 141
174 32 40 800 106
175 32 64 800 146
176 32 40 2000 184
177 16 96 1000 99
178 32 40 800 175
179 32 96 5000 144
180 32 96 2000 131
181 16 40 2000 118
182 16 40 2000 111
183 16 96 400 145
184 32 40 5000 170
185 32 64 400 154
186 32 64 800 157
187 16 96 2000 131
188 16 96 5000 104
189 32 96 5000 183
190 16 64 800 149
191 32 96 1000 154
192 32 64 2000 127
193 32 64 800 142
194 16 64 1000 191
195 32 64 5000 105
196 16 40 800 113
197 32 40 400 129
198 16 64 5000 198
199 16 96 2000 127
200 16 40 2000 158
201 16 40 1000 97
202 16 40 2000 187
203 16 40 800 194
204 16 40 400 165
205 32 40 2000 145
206 32 96 2000 155
207 32 64 1000 150
208 16 96 2000 146
209 16 96 800 184
210 32 64 2000 120
211 32 40 2000 122
212 16 64 2000 138
213 16 96 5000 107
214 16 40 400 130
215 16 96 1000 99
216 32 96 1000 116
217 32 64 800 159
218 16 96 800 100
219 32 40 1000 114
220 16 40 2000 108
221 16 96 800 129
222 32 96 1000 93
223 32 40 5000 168
224 16 64 5000 166
225 16 96 2000 198
226 16 96 2000 160
227 16 64 5000 114
228 32 40 400 170
229 16 40 800 172
230 32 64 2000 115
231 32 40 400 183
232 32 96 5000 177
233 16 96 800 157
234 32 40 2000 135
235 16 96 2000 176
236 16 96 400 189
237 32 96 1000 112
238 32 40 5000 94
239 32 64 2000 95
240 32 96 1000 133
241 32 96 400 122
242 16 64 400 196
243 32 96 400 118
244 32 40 1000 153
245 32 64 1000 144
246 32 40 400 107
247 32 40 1000 146
248 32 96 800 135
249 32 64 5000 196
250 16 96 5000 118
251 16 64 800 129
252 32 40 800 198
253 16 96 400 199
254 16 64 400 171
255 32 96 400 125
256 16 64 400 103
257 16 96 1000 110
258 16 64 5000 140
259 16 96 800 193
260 32 40 800 188
261 32 40 2000 165
262 32 64 2000 190
263 16 96 1000 188
264 16 40 5000 102
265 16 96 800 170
266 16 96 400 101
267 16 64 400 126
268 32 64 400 192
269 16 96 5000 150
270 16 40 2000 97
271 16 96 5000 173
272 32 40 800 153
273 32 40 5000 116
274 32 96 1000 185
275 32 64 2000 127
276 32 40 2000 160
277 16 40 800 123
278 16 40 800 191
279 32 40 1000 91
280 32 64 2000 136
281 32 40 1000 144
282 16 64 5000 132
283 16 64 800 171
284 16 96 800 153
285 32 96 1000 149
286 16 64 2000 183
287 16 40 1000 155
288 32 96 5000 187
289 16 96 1000 178
290 32 96 5000 191
291 16 40 800 174
292 32 40 400 104
293 32 64 2000 176
294 16 40 800 153
295 16 40 1000 98
296 16 96 400 128
297 16 64 1000 96
298 32 40 400 179
299 16 96 1000 134
300 32 40 800 135
301 32 64 2000 194
302 16 40 5000 184
303 32 40 5000 132
304 32 96 800 92
305 32 96 5000 144
306 16 40 5000 91
307 32 40 2000 197
308 32 96 800 159
309 32 96 400 152
310 32 40 400 163
311 16 40 800 104
312 32 96 5000 104
313 16 96 800 123
314 32 64 2000 110
315 16 64 5000 112
316 32 64 2000 116
317 16 96 1000 179
318 32 40 2000 162
319 16 64 800 137
320 16 64 5000 189
321 16 96 5000 165
322 32 40 5000 152
323 32 64 1000 113
324 32 40 1000 123
325 32 64 2000 99
326 32 40 800 133
327 32 40 5000 181
328 32 96 800 164
329 16 64 5000 131
330 16 64 5000 112
331 32 96 400 190
332 16 64 400 143
333 32 40 2000 117
334 16 64 2000 115
335 32 40 800 154
336 32 96 800 164
337 16 64 400 94
338 32 64 800 152
339 16 40 5000 115
340 16 64 2000 198
341 16 96 800 146
342 16 64 400 123
343 16 64 400 200
344 32 64 2000 151
345 16 96 5000 200
346 32 96 800 154
347 32 96 800 95
348 16 64 2000 97
349 32 96 1000 157
350 32 64 400 154
351 16 40 1000 132
352 16 96 5000 165
353 16 96 1000 137
354 16 96 5000 171
355 32 64 800 103
356 16 64 800 120
357 32 96 2000 180
358 16 64 5000 166
359 32 40 1000 156
360 16 40 400 144
361 32 96 2000 127
362 32 96 800 142
363 32 96 400 95
364 32 40 800 115
365 16 40 1000 178
366 32 64 1000 135
367 32 64 400 91
368 16 64 1000 137
369 32 40 5000 92
370 16 40 1000 188
371 32 64 1000 114
372 16 96 5000 128
373 16 64 400 145
374 16 40 1000 190
375 16 96 400 156
376 32 40 800 170
377 32 96 400 136
378 32 96 2000 158
379 16 96 1000 145
380 32 96 400 177
381 32 40 400 111
382 16 96 800 131
383 32 96 1000 94
384 32 64 1000 161
385 16 96 5000 104
386 32 96 2000 142
387 32 40 800 190
388 32 40 2000 116
389 16 64 800 147
390 32 64 1000 112
391 16 40 1000 184
392 16 40 1000 91
393 16 64 2000 130
394 16 64 5000 193
395 32 96 5000 141
396 16 96 1000 190
397 16 64 2000 162
398 32 64 1000 125
399 32 64 800 165
400 32 64 1000 176
401 32 40 800 159
402 32 64 2000 164
403 32 64 400 135
404 32 40 5000 114
405 16 40 400 173
406 16 40 1000 117
407 32 64 2000 103
408 32 64 800 128
409 32 64 2000 90
410 32 40 400 149
411 16 64 2000 156
412 16 64 800 115
413 16 96 5000 179
414 32 64 2000 173
415 32 64 400 181
416 16 40 1000 142
417 32 40 5000 95
418 32 40 5000 92
419 32 96 2000 104
420 16 40 400 90
421 16 40 1000 197
422 16 40 800 123
423 32 40 800 155
424 32 40 1000 191
425 32 40 2000 150
426 16 64 2000 94
427 16 40 400 196
428 16 64 400 170
429 32 64 2000 138
430 32 96 2000 140
431 16 64 400 125
432 16 40 2000 97
433 16 96 2000 182
434 32 64 2000 136
435 16 96 2000 140
436 32 64 2000 163
437 32 96 800 140
438 32 96 1000 93
439 32 64 400 198
440 16 64 800 174
441 16 64 2000 117
442 32 40 400 134
443 16 40 400 96
444 32 40 2000 154
445 16 40 5000 181
446 16 96 5000 160
447 16 96 2000 176
448 32 40 2000 190
449 32 64 400 174
450 16 64 5000 162
451 32 96 800 103
452 16 96 1000 184
453 16 96 2000 197
454 32 64 800 119
455 32 40 400 133
456 16 40 2000 91
457 16 64 5000 194
458 16 64 2000 186
459 16 40 2000 112
460 32 96 1000 145
461 16 40 1000 174
462 16 96 2000 96
463 32 40 5000 191
464 16 64 1000 131
465 32 40 800 185
466 16 40 5000 188
467 16 64 5000 200
468 32 40 400 182
469 16 64 1000 158
470 32 64 5000 150
471 16 96 800 101
472 32 96 400 109
473 32 64 1000 159
474 16 96 800 177
475 16 96 2000 144
476 32 96 1000 95
477 16 96 2000 117
478 32 96 5000 133
479 16 96 800 94
480 32 64 1000 198
481 32 64 400 168
482 16 96 2000 140
483 32 64 2000 163
484 32 64 2000 98
485 16 40 1000 178
486 32 64 2000 164
487 16 40 400 122
488 16 96 800 192
489 32 96 1000 163
490 32 64 2000 145
491 32 64 2000 149
492 32 40 2000 151
493 16 40 400 179
494 16 64 400 110
495 32 96 2000 161
496 16 64 1000 140
497 16 96 800 135
498 32 96 1000 157
499 32 40 400 153
500 16 96 400 133
501 32 64 1000 192
502 16 40 800 175
503 32 64 1000 123
504 16 96 800 172
505 16 40 1000 142
506 16 40 1000 159
507 16 64 5000 134
508 32 96 400 172
509 32 40 2000 151
510 32 96 2000 164
511 16 40 800 105
512 16 64 5000 200
513 16 96 800 102
514 32 96 800 161
515 32 64 400 122
516 16 96 400 99
517 32 64 400 125
518 16 96 2000 95
519 32 64 5000 191
520 32 64 2000 120
521 32 96 400 120
522 16 96 5000 159
523 32 96 1000 145
524 16 40 5000 142
525 16 40 800 142
526 16 96 1000 123
527 16 64 1000 125
528 16 64 1000 117
529 32 40 5000 134
530 32 40 1000 172
531 16 40 5000 177
532 16 64 800 163
533 32 40 1000 125
534 32 64 800 157
535 32 96 400 122
536 32 64 800 107
537 16 96 5000 177
538 16 96 2000 149
539 16 64 2000 151
540 32 40 800 162
541 16 64 2000 176
542 16 64 2000 141
543 32 64 5000 145
544 16 64 2000 182
545 32 64 400 108
546 32 96 1000 139
547 32 64 2000 92
548 16 64 2000 170
549 16 40 1000 187
550 16 64 1000 189
551 32 64 1000 181
552 32 64 5000 155
553 16 64 400 181
554 32 40 5000 112
555 16 96 400 129
556 32 64 2000 191
557 32 96 400 192
558 16 64 400 144
559 16 96 400 152
560 16 64 800 143
561 32 40 1000 155
562 32 96 5000 197
563 16 40 5000 183
564 32 40 2000 111
565 16 96 800 123
566 32 64 1000 189
567 32 40 800 105
568 16 40 400 150
569 32 40 800 93
570 16 40 1000 174
571 16 40 1000 131
572 32 64 800 144
573 16 64 400 109
574 16 64 400 93
575 32 96 2000 128
576 32 40 2000 119
577 32 96 5000 121
578 16 64 400 134
579 16 96 2000 179
580 16 64 2000 96
581 32 96 400 151
582 16 96 2000 179
583 32 96 800 181
584 32 40 400 105
585 16 96 5000 158
586 32 96 2000 139
587 32 40 800 131
588 16 64 2000 126
589 32 40 1000 174
590 16 40 800 187
591 32 96 400 130
592 32 96 2000 96
593 16 96 1000 122
594 16 96 2000 136
595 16 40 400 188
596 16 40 400 117
597 16 96 800 155
598 32 40 400 172
599 16 40 1000 110
600 32 64 400 145
601 32 96 2000 171
602 32 40 5000 140
603 32 64 1000 121
604 16 64 800 140
605 16 40 5000 175
606 16 40 5000 170
607 32 96 5000 195
608 32 64 400 179
609 16 96 1000 137
610 32 40 5000 98
611 16 40 1000 134
612 16 96 5000 127
613 32 40 400 147
614 16 40 2000 189
615 16 96 2000 93
616 32 40 800 115
617 32 96 800 197
618 32 96 400 178
619 32 40 400 175
620 32 40 2000 180
621 32 64 800 148
622 32 40 800 141
623 16 96 2000 188
624 16 64 2000 147
625 16 40 400 108
626 16 40 2000 95
627 16 96 2000 99
628 32 64 800 94
629 32 40 800 127
630 16 40 1000 185
631 32 96 5000 110
632 32 64 1000 180
633 16 96 1000 139
634 16 96 5000 102
635 32 96 1000 133
636 32 64 400 199
637 16 96 400 101
638 32 96 1000 107
639 16 96 2000 166
640 16 64 2000 103
641 32 40 5000 146
642 32 64 5000 157
643 16 96 2000 138
644 32 40 800 178
645 32 64 2000 143
646 32 40 5000 174
647 32 40 5000 175
648 16 40 1000 127
649 16 40 400 163
650 32 64 800 166
651 32 40 5000 198
652 32 40 5000 116
653 16 64 400 106
654 32 96 5000 156
655 16 40 400 175
656 16 40 400 174
657 32 96 1000 128
658 16 40 2000 192
659 32 40 5000 140
660 16 96 400 143
661 16 96 2000 152
662 32 40 5000 100
663 16 64 2000 197
664 16 96 2000 93
665 32 40 800 107
666 32 64 400 162
667 32 40 2000 111
668 16 64 5000 123
669 16 96 800 196
670 32 64 400 199
671 32 64 1000 190
672 16 96 400 180
673 32 64 1000 105
674 16 96 2000 141
675 16 64 800 143
676 16 40 5000 91
677 32 96 1000 115
678 32 96 1000 181
679 16 40 5000 167
680 16 64 1000 146
681 32 40 800 151
682 32 96 2000 157
683 16 64 1000 198
684 16 96 5000 190
685 32 64 800 149
686 16 96 5000 152
687 32 64 400 187
688 32 64 1000 154
689 16 64 800 119
690 16 96 2000 98
691 32 40 400 139
692 16 96 5000 172
693 16 40 2000 111
694 16 40 800 178
695 32 64 1000 178
696 16 40 800 142
697 16 40 1000 124
698 16 40 400 132
699 16 96 400 140
700 16 96 400 174
701 16 64 5000 181
702 16 40 2000 185
703 32 40 1000 159
704 16 40 800 192
705 16 40 5000 151
706 16 64 400 104
707 32 64 400 182
708 32 40 2000 133
271
0 515 51 90
0 316 42 107
3 27 53 150
7 278 54 156
7 224 43 178
7 597 68 189
9 659 43 164
11 32 58 147
13 691 65 143
14 674 52 111
18 490 45 164
20 185 42 109
20 382 40 148
22 39 57 143
24 334 56 108
25 68 47 192
28 122 40 157
28 265 63 187
31 591 47 148
31 70 47 92
31 79 69 150
32 467 42 94
33 269 54 113
34 304 48 98
35 696 49 186
37 131 70 103
37 197 52 147
37 609 43 127
41 437 70 96
44 537 67 155
44 490 53 189
44 527 53 190
46 190 41 141
46 471 65 196
48 265 70 144
48 284 48 171
49 206 43 114
49 483 50 136
50 614 63 168
51 350 49 130
51 558 42 149
52 72 63 154
53 518 67 164
53 706 53 187
54 601 64 198
54 504 64 105
55 673 48 161
56 60 45 117
60 242 40 199
62 336 44 147
63 273 62 175
63 670 41 194
63 569 66 146
64 498 70 161
70 439 65 194
78 546 59 91
79 585 57 130
80 615 61 130
80 545 50 135
80 460 70 195
82 458 42 175
83 276 61 177
88 638 68 154
89 669 52 95
90 590 65 90
91 519 55 127
92 148 41 199
94 165 67 154
94 356 54 129
97 541 63 194
100 443 54 140
100 594 55 114
101 338 59 192
103 440 68 175
103 319 69 154
105 165 61 102
105 595 65 158
106 570 47 163
109 572 46 116
110 508 63 174
110 367 53 146
112 696 64 96
112 139 59 197
116 146 68 106
116 565 62 168
117 125 50 185
118 579 49 109
120 336 59 99
126 184 47 180
126 516 55 113
128 590 67 173
129 403 57 94
130 347 65 115
138 177 61 122
139 572 68 131
140 207 64 163
145 454 66 93
145 518 52 198
149 407 56 152
150 482 44 105
150 664 41 188
155 372 56 119
156 466 64 191
156 217 58 92
156 521 60 107
156 659 65 141
157 397 41 99
163 600 50 127
166 668 49 108
167 170 65 194
167 504 41 144
169 378 40 150
172 426 64 101
172 487 66 151
174 467 66 133
176 455 43 117
179 675 54 175
180 621 57 156
180 686 50 184
180 451 59 199
181 517 65 148
182 453 66 161
183 213 40 107
183 445 46 199
184 577 40 132
185 697 48 129
187 634 41 110
189 672 51 176
190 610 63 174
190 233 51 178
191 336 51 185
192 685 63 150
193 293 65 139
197 438 41 126
198 687 46 101
200 354 50 183
203 433 58 100
212 287 67 160
212 251 64 152
213 586 70 99
214 242 42 175
214 683 40 169
220 339 64 196
221 453 46 158
221 377 49 200
222 526 54 91
223 418 63 102
223 566 70 178
225 242 67 102
226 613 69 127
227 544 50 122
228 297 44 200
228 460 65 122
228 242 42 97
230 519 70 145
233 251 54 131
236 279 40 123
241 446 42 149
243 401 47 131
244 294 51 152
246 491 42 96
248 356 47 114
253 622 48 126
256 606 48 99
256 638 60 150
258 291 62 107
258 291 66 160
258 526 54 195
258 685 46 96
260 380 63 166
263 509 48 130
263 388 45 151
265 327 69 196
269 652 47 187
269 576 61 90
270 544 69 94
271 516 59 196
275 316 51 177
278 466 70 100
281 360 49 185
283 346 51 192
285 419 68 97
287 609 62 177
293 522 40 132
294 512 62 95
296 665 46 129
296 501 65 196
298 356 60 96
298 643 53 158
299 302 55 153
304 670 50 168
305 657 49 143
305 669 51 119
306 435 60 129
307 684 56 133
307 325 62 139
310 674 44 118
311 601 61 134
315 493 65 129
317 612 49 152
318 673 45 149
320 699 66 182
321 482 58 176
322 592 55 94
322 376 57 96
323 613 40 117
324 499 60 139
324 664 40 155
328 471 52 146
340 591 49 175
340 567 57 198
347 675 49 171
349 559 48 96
349 589 70 169
359 565 56 148
364 707 40 174
364 657 62 167
364 692 48 200
366 676 47 181
369 622 43 96
371 529 51 96
374 691 44 146
374 514 55 157
378 504 46 163
380 447 60 181
380 656 55 178
382 518 54 189
386 393 69 149
391 635 69 149
391 454 54 123
396 648 57 123
398 614 64 179
398 655 56 100
404 629 69 179
407 517 45 121
408 657 40 98
413 444 48 187
414 456 47 121
421 705 41 155
421 588 63 186
429 633 40 131
432 436 68 165
435 642 60 125
441 480 48 130
443 473 53 137
446 651 69 153
459 478 55 97
465 585 59 164
466 569 70 105
467 477 56 180
468 671 67 135
476 581 47 178
494 706 59 198
501 536 62 139
503 570 40 109
516 575 46 173
522 576 51 106
533 579 58 184
536 568 54 190
538 608 53 102
545 610 51 118
558 593 59 96
571 695 70 96
584 703 44 91
585 680 48 95
604 620 52 151
607 622 53 96
631 708 70 191
636 640 61 148
681 686 42 129
690 707 70 98