882
0 2 64 200 92
1 2 64 200 112
2 16 128 200 112
3 2 64 200 114
4 16 128 300 122
5 16 64 1000 105
6 16 128 1000 103
7 16 64 300 110
8 16 16 500 109
9 16 128 200 131
10 16 128 500 107
11 2 16 1000 97
12 8 128 1000 125
13 2 16 500 143
14 16 16 500 143
15 2 128 300 108
16 8 16 200 126
17 2 128 1000 141
18 2 128 300 96
19 2 16 300 119
20 16 16 100 133
21 16 16 100 94
22 8 64 300 131
23 8 64 100 125
24 2 64 1000 114
25 2 16 500 142
26 8 16 100 146
27 2 64 200 102
28 16 128 300 112
29 8 16 300 125
30 2 64 300 119
31 8 64 200 105
32 8 16 500 103
33 2 128 100 127
34 8 16 200 126
35 8 128 500 104
36 8 64 300 93
37 2 128 500 109
38 16 128 300 105
39 8 128 100 115
40 8 64 500 102
41 2 64 500 100
42 2 16 100 146
43 2 16 300 147
44 16 64 300 95
45 16 16 1000 115
46 8 64 1000 122
47 8 128 200 91
48 2 128 100 109
49 8 64 300 133
50 2 16 500 142
51 8 64 100 149
52 8 128 300 150
53 8 16 200 97
54 8 128 100 97
55 2 128 200 95
56 16 16 500 146
57 2 64 200 127
58 2 16 300 123
59 8 128 500 104
60 2 128 200 130
61 2 128 100 106
62 8 128 100 122
63 8 128 500 115
64 2 16 300 131
65 16 128 300 123
66 2 128 200 118
67 2 16 1000 124
68 16 16 500 118
69 2 128 500 137
70 16 64 1000 137
71 16 64 500 97
72 2 16 1000 120
73 8 64 1000 134
74 8 64 1000 106
75 2 16 200 136
76 8 128 200 125
77 2 128 300 120
78 8 16 200 91
79 2 64 1000 112
80 8 128 200 106
81 8 128 100 122
82 16 16 100 99
83 2 16 300 149
84 2 64 200 107
85 8 64 500 146
86 16 64 300 108
87 16 16 500 106
88 2 16 1000 143
89 2 64 300 104
90 16 128 1000 147
91 2 128 200 133
92 8 64 500 111
93 2 128 500 122
94 16 16 100 150
95 8 64 500 139
96 16 16 200 145
97 2 16 100 124
98 8 64 100 122
99 2 128 200 142
100 16 64 500 97
101 8 128 100 126
102 2 16 100 96
103 2 16 1000 118
104 2 128 200 131
105 16 128 1000 139
106 16 16 500 119
107 8 16 200 97
108 2 16 500 105
109 2 64 300 139
110 16 16 500 142
111 2 64 300 127
112 16 128 500 122
113 16 16 1000 132
114 2 16 500 137
115 8 16 200 96
116 2 16 1000 115
117 2 64 300 141
118 8 16 200 113
119 2 64 1000 146
120 16 16 100 146
121 2 16 500 104
122 8 64 1000 144
123 2 128 100 144
124 2 16 200 132
125 8 16 1000 131
126 8 64 1000 111
127 8 64 300 112
128 16 64 100 138
129 16 64 100 131
130 8 16 100 96
131 16 64 500 91
132 2 128 300 99
133 16 16 300 140
134 2 16 500 126
135 8 64 1000 115
136 2 64 100 108
137 8 16 100 95
138 2 64 300 136
139 16 16 100 135
140 8 64 1000 104
141 8 128 300 95
142 2 128 100 134
143 2 16 300 143
144 8 128 500 105
145 2 128 200 99
146 2 16 200 104
147 2 64 300 105
148 2 64 100 111
149 8 16 200 118
150 8 128 200 122
151 2 128 300 142
152 16 64 200 93
153 16 16 200 137
154 2 16 100 124
155 2 64 100 145
156 16 64 100 125
157 2 64 500 91
158 8 64 200 107
159 16 128 500 123
160 8 128 100 129
161 16 128 500 127
162 2 64 1000 106
163 16 64 500 142
164 16 16 200 96
165 2 16 300 114
166 16 64 1000 145
167 8 16 1000 124
168 2 16 100 121
169 2 64 200 115
170 2 64 100 104
171 16 64 500 109
172 8 16 1000 119
173 8 16 200 129
174 2 16 200 140
175 2 128 200 146
176 8 64 300 99
177 16 16 100 133
178 16 64 200 113
179 8 128 1000 128
180 8 128 500 145
181 8 64 100 98
182 8 64 300 125
183 16 64 1000 146
184 8 16 1000 131
185 2 128 500 145
186 2 64 200 131
187 2 128 200 122
188 16 16 1000 122
189 16 16 500 123
190 16 64 300 119
191 16 128 300 97
192 16 128 300 121
193 2 128 1000 93
194 16 16 300 119
195 16 128 1000 90
196 16 64 1000 108
197 16 128 500 94
198 2 16 300 142
199 16 64 500 133
200 16 128 500 129
201 16 64 300 147
202 8 16 300 114
203 8 16 300 118
204 8 16 500 96
205 2 16 300 139
206 8 64 1000 145
207 16 64 500 138
208 8 16 100 130
209 8 128 300 128
210 8 64 1000 145
211 2 16 200 119
212 16 128 300 150
213 16 64 500 120
214 8 128 200 113
215 8 128 300 110
216 2 16 500 92
217 16 128 500 142
218 8 64 300 100
219 8 64 300 111
220 16 64 1000 140
221 16 128 1000 110
222 2 16 500 142
223 8 64 300 128
224 8 64 300 101
225 2 128 300 101
226 2 128 300 105
227 16 64 500 102
228 2 64 200 104
229 2 64 1000 131
230 16 16 300 130
231 16 64 300 94
232 8 16 100 119
233 8 16 500 140
234 2 128 300 102
235 2 128 100 142
236 16 128 500 107
237 16 16 200 147
238 8 64 300 103
239 8 16 100 98
240 2 16 1000 150
241 8 16 1000 133
242 16 128 500 107
243 8 64 1000 126
244 2 16 300 100
245 16 64 200 145
246 2 16 300 146
247 2 128 300 116
248 2 64 100 104
249 8 64 300 105
250 8 16 300 116
251 16 16 300 143
252 8 64 1000 137
253 8 16 100 144
254 2 128 300 132
255 2 128 1000 139
256 16 16 1000 90
257 2 128 1000 124
258 2 16 300 114
259 8 16 1000 138
260 8 128 100 99
261 2 128 300 116
262 8 128 1000 98
263 2 64 200 102
264 8 64 500 96
265 16 128 300 101
266 8 128 300 106
267 8 16 100 109
268 16 64 1000 119
269 2 64 500 131
270 2 64 300 107
271 2 16 300 96
272 2 128 200 143
273 8 128 300 147
274 16 64 1000 115
275 2 64 200 128
276 2 16 1000 117
277 8 128 200 140
278 8 64 300 106
279 16 16 300 129
280 16 128 200 104
281 16 64 500 132
282 8 64 200 140
283 16 64 200 92
284 2 16 500 96
285 2 64 300 140
286 16 64 1000 103
287 16 16 500 139
288 8 16 100 137
289 8 64 200 133
290 2 128 300 114
291 2 64 200 96
292 2 128 100 148
293 2 64 200 138
294 2 64 200 114
295 2 16 1000 114
296 2 128 200 134
297 16 128 100 143
298 16 16 1000 149
299 16 128 500 101
300 8 128 300 105
301 2 64 500 105
302 8 128 500 113
303 2 16 1000 124
304 16 128 200 144
305 16 16 200 121
306 8 64 1000 127
307 2 128 300 109
308 8 128 200 103
309 2 16 1000 122
310 2 128 300 132
311 8 128 100 121
312 8 64 500 94
313 8 128 300 99
314 16 64 1000 128
315 2 64 200 110
316 16 64 300 126
317 16 64 100 144
318 16 64 500 104
319 16 16 1000 101
320 8 16 500 148
321 16 64 500 129
322 8 128 500 115
323 2 64 500 130
324 8 64 1000 136
325 2 16 500 98
326 16 64 1000 121
327 8 128 1000 90
328 8 64 200 110
329 16 16 100 94
330 16 16 200 128
331 2 16 300 111
332 2 128 100 126
333 8 64 500 101
334 2 64 500 116
335 16 64 500 109
336 2 128 300 148
337 8 16 200 124
338 8 64 300 120
339 2 16 500 137
340 16 128 300 124
341 8 128 100 101
342 8 16 200 122
343 16 64 500 108
344 8 64 200 124
345 2 64 1000 110
346 8 16 1000 92
347 8 64 300 93
348 2 64 300 128
349 16 16 500 148
350 8 16 1000 130
351 2 128 100 98
352 8 64 1000 108
353 16 16 1000 107
354 8 64 100 122
355 16 128 500 95
356 2 128 300 149
357 8 16 1000 114
358 16 64 300 147
359 8 16 100 91
360 8 128 500 112
361 16 64 500 148
362 8 64 200 115
363 8 128 500 94
364 16 128 200 134
365 16 16 100 93
366 2 16 1000 126
367 16 128 100 123
368 16 16 100 126
369 8 16 1000 149
370 2 128 500 95
371 2 64 1000 143
372 16 64 300 145
373 8 64 100 134
374 16 16 300 90
375 8 16 1000 123
376 8 16 300 125
377 2 16 200 104
378 8 64 100 125
379 16 128 100 100
380 16 64 500 110
381 2 128 1000 134
382 8 64 1000 145
383 2 16 1000 150
384 8 64 500 116
385 16 64 1000 128
386 16 16 1000 149
387 16 16 200 107
388 16 64 200 149
389 16 64 1000 98
390 8 16 200 134
391 16 64 500 147
392 16 128 1000 134
393 2 128 1000 124
394 2 64 500 114
395 2 16 500 128
396 16 16 300 128
397 16 16 1000 104
398 16 64 500 109
399 16 128 200 113
400 2 64 1000 109
401 16 128 500 119
402 16 16 300 90
403 8 128 1000 121
404 8 64 200 113
405 16 64 100 119
406 8 128 500 135
407 2 64 1000 119
408 8 16 100 121
409 8 16 100 111
410 8 128 200 122
411 8 16 1000 119
412 8 64 1000 111
413 2 16 500 132
414 16 16 100 112
415 2 64 200 150
416 2 16 300 116
417 8 64 100 140
418 16 16 1000 100
419 8 16 500 109
420 16 128 500 125
421 2 16 300 140
422 8 128 1000 141
423 2 16 500 91
424 2 16 500 97
425 16 64 500 95
426 8 64 1000 129
427 16 64 1000 123
428 2 64 1000 126
429 16 16 100 97
430 16 16 100 121
431 8 16 200 131
432 16 128 500 143
433 8 64 1000 127
434 16 64 300 99
435 2 128 1000 133
436 16 128 200 102
437 2 64 300 108
438 8 16 100 124
439 16 16 300 130
440 2 64 200 115
441 16 16 300 145
442 16 16 1000 92
443 8 128 300 138
444 16 16 500 134
445 8 128 500 123
446 8 16 1000 118
447 2 128 500 108
448 8 64 1000 118
449 16 128 300 146
450 16 16 200 122
451 16 16 200 144
452 16 128 100 124
453 16 128 100 136
454 2 128 200 122
455 8 64 100 101
456 8 16 100 126
457 8 64 1000 124
458 2 128 500 118
459 8 16 100 149
460 8 16 300 135
461 16 16 1000 141
462 2 16 200 100
463 16 64 1000 92
464 2 16 200 126
465 16 128 1000 127
466 8 64 300 98
467 2 64 100 133
468 2 16 200 133
469 2 128 300 114
470 16 16 1000 108
471 2 16 200 134
472 16 64 100 105
473 2 16 100 126
474 16 128 500 103
475 8 16 200 93
476 16 64 500 104
477 8 16 200 99
478 16 128 500 110
479 16 128 300 94
480 2 128 100 120
481 2 16 200 131
482 16 64 100 147
483 8 16 500 107
484 2 16 1000 110
485 8 128 300 110
486 8 16 1000 92
487 16 64 200 134
488 16 16 200 142
489 16 128 200 114
490 2 64 200 116
491 2 16 100 143
492 8 128 1000 109
493 2 64 100 121
494 8 128 100 119
495 2 128 100 125
496 8 64 500 135
497 2 64 300 134
498 8 64 1000 127
499 8 128 300 103
500 8 16 300 105
501 8 64 100 123
502 2 16 100 127
503 2 64 100 131
504 16 64 1000 146
505 8 16 200 91
506 8 64 1000 113
507 8 16 500 143
508 16 128 300 106
509 16 16 1000 146
510 8 128 300 105
511 8 64 1000 118
512 8 128 500 95
513 2 64 1000 149
514 16 16 300 145
515 16 64 100 125
516 2 16 100 107
517 16 64 1000 150
518 8 128 500 150
519 16 128 500 98
520 8 128 500 92
521 16 128 300 136
522 16 64 200 130
523 8 128 200 117
524 16 128 200 145
525 16 16 200 142
526 2 64 100 114
527 8 64 500 139
528 2 64 300 115
529 8 16 300 132
530 16 64 300 97
531 8 64 300 101
532 8 16 100 91
533 16 16 200 91
534 8 64 100 123
535 16 128 300 113
536 2 64 300 123
537 16 128 500 94
538 16 16 200 124
539 8 16 300 117
540 2 16 500 92
541 2 128 1000 107
542 8 16 200 131
543 2 128 200 148
544 16 64 200 145
545 16 128 1000 102
546 16 16 100 100
547 8 64 1000 129
548 2 64 300 108
549 8 16 200 109
550 8 64 1000 103
551 2 16 300 112
552 8 64 200 119
553 2 64 200 99
554 8 128 200 124
555 16 16 100 108
556 16 64 200 142
557 8 128 500 128
558 8 128 200 110
559 2 128 500 138
560 8 128 100 107
561 8 16 100 101
562 2 16 300 98
563 2 16 1000 94
564 2 64 1000 117
565 16 16 300 96
566 2 128 1000 124
567 8 128 100 130
568 8 128 500 101
569 8 128 100 134
570 16 64 100 113
571 2 128 1000 144
572 16 128 1000 90
573 16 16 200 141
574 2 128 1000 122
575 16 64 300 93
576 8 16 200 112
577 2 64 100 102
578 16 64 1000 95
579 2 16 500 97
580 16 16 1000 134
581 16 128 500 91
582 2 128 200 125
583 16 128 300 90
584 8 128 100 106
585 2 128 300 149
586 8 16 500 103
587 8 64 1000 125
588 16 64 100 97
589 8 128 200 97
590 8 128 200 103
591 8 128 300 105
592 8 16 200 92
593 16 128 1000 140
594 8 64 500 96
595 8 128 300 137
596 8 16 300 149
597 16 64 300 128
598 2 128 100 129
599 8 16 1000 112
600 8 128 300 129
601 8 64 200 149
602 2 64 1000 107
603 16 128 1000 143
604 2 128 300 94
605 16 128 200 131
606 2 128 100 121
607 2 16 100 97
608 2 16 1000 140
609 2 16 1000 119
610 2 128 300 121
611 8 128 500 142
612 8 128 100 124
613 8 128 500 107
614 2 16 500 114
615 16 16 200 101
616 16 16 500 126
617 2 128 500 91
618 16 128 300 112
619 16 128 200 134
620 2 16 1000 120
621 8 16 300 140
622 8 64 300 92
623 16 64 300 148
624 2 64 1000 131
625 16 64 500 124
626 2 64 500 103
627 16 64 300 137
628 2 64 1000 96
629 8 64 100 139
630 8 128 200 111
631 2 128 1000 114
632 2 16 500 140
633 16 64 300 103
634 8 64 500 104
635 2 64 100 135
636 8 128 100 138
637 2 64 500 118
638 16 64 200 144
639 8 128 100 138
640 2 64 300 99
641 2 128 300 112
642 2 64 300 114
643 16 64 200 98
644 2 64 100 127
645 2 128 200 93
646 2 16 100 150
647 8 64 100 99
648 8 128 1000 128
649 2 16 100 90
650 8 16 100 124
651 8 128 200 133
652 16 16 1000 113
653 2 16 200 124
654 8 128 500 94
655 16 16 300 121
656 2 16 100 143
657 8 128 300 136
658 2 16 1000 129
659 2 16 500 144
660 16 16 1000 115
661 2 128 500 140
662 16 128 1000 112
663 8 16 1000 148
664 2 64 1000 121
665 8 16 500 119
666 2 64 200 136
667 16 128 1000 138
668 8 128 1000 119
669 2 16 200 98
670 8 64 100 145
671 16 128 200 91
672 2 16 1000 113
673 2 128 500 127
674 2 64 200 120
675 16 64 100 140
676 16 128 300 140
677 2 128 300 132
678 2 128 100 147
679 8 128 300 96
680 16 128 200 142
681 2 128 1000 128
682 2 128 1000 93
683 2 16 1000 135
684 8 16 500 129
685 8 64 300 112
686 2 64 500 138
687 16 64 500 100
688 2 16 100 102
689 16 128 1000 93
690 2 128 100 130
691 2 128 1000 100
692 2 64 300 139
693 16 64 300 147
694 2 16 500 107
695 16 16 500 94
696 16 64 100 110
697 16 64 200 127
698 8 16 500 91
699 16 128 500 133
700 2 64 100 102
701 8 64 300 147
702 8 16 300 148
703 8 64 200 124
704 8 128 200 132
705 16 64 300 128
706 2 16 100 147
707 16 128 300 120
708 16 64 300 129
709 2 128 1000 138
710 2 16 500 130
711 16 128 200 136
712 8 16 100 149
713 8 128 200 99
714 16 64 500 117
715 8 64 100 135
716 2 16 200 93
717 2 16 300 91
718 8 16 500 96
719 2 64 300 115
720 2 16 200 95
721 16 64 500 109
722 16 128 500 131
723 2 16 200 129
724 8 16 500 97
725 2 128 1000 115
726 16 16 300 107
727 8 64 500 143
728 2 128 200 92
729 8 128 1000 145
730 8 128 1000 109
731 16 16 100 116
732 16 64 200 120
733 16 16 300 115
734 16 64 200 99
735 16 16 300 137
736 8 16 500 135
737 2 16 300 138
738 16 16 500 121
739 16 64 1000 90
740 8 64 200 140
741 8 64 1000 133
742 8 16 100 119
743 8 128 1000 97
744 8 128 500 105
745 2 128 1000 126
746 2 64 300 115
747 16 16 100 99
748 2 16 100 125
749 2 64 500 93
750 2 64 500 115
751 8 128 500 129
752 8 16 500 98
753 8 16 500 98
754 16 64 1000 92
755 8 16 300 95
756 2 64 500 108
757 16 128 100 90
758 16 64 1000 103
759 2 128 500 104
760 16 128 300 148
761 16 128 500 104
762 2 128 100 94
763 2 64 300 115
764 8 128 200 129
765 8 16 500 98
766 2 64 200 126
767 2 128 500 135
768 8 128 1000 122
769 8 64 300 141
770 2 64 100 135
771 2 64 200 134
772 8 128 200 129
773 2 16 300 147
774 2 128 200 90
775 2 128 500 122
776 8 64 200 144
777 2 128 100 114
778 8 16 100 114
779 2 16 1000 91
780 2 128 500 126
781 8 64 1000 121
782 2 64 500 142
783 2 64 1000 97
784 16 64 100 100
785 8 16 200 131
786 8 128 500 132
787 2 64 200 148
788 16 16 200 121
789 2 128 300 150
790 2 16 300 107
791 16 64 200 133
792 2 64 500 108
793 16 64 100 141
794 8 128 200 136
795 16 64 500 120
796 8 128 100 128
797 2 128 500 105
798 2 16 200 130
799 2 64 1000 100
800 16 64 100 97
801 16 64 1000 112
802 2 16 300 143
803 2 16 100 127
804 8 128 1000 148
805 2 16 100 146
806 16 64 200 110
807 8 64 500 112
808 2 64 300 116
809 8 16 500 139
810 2 64 1000 148
811 8 16 1000 124
812 16 128 500 135
813 8 16 300 135
814 8 64 300 116
815 16 16 300 136
816 8 64 200 91
817 16 128 200 106
818 2 64 500 140
819 2 64 200 103
820 2 16 1000 150
821 8 16 500 133
822 16 64 200 133
823 16 64 500 99
824 16 16 1000 140
825 8 64 500 114
826 16 128 200 119
827 16 16 1000 123
828 8 64 300 143
829 8 128 300 148
830 2 16 1000 131
831 2 128 1000 102
832 8 128 100 107
833 16 64 500 97
834 8 16 200 103
835 8 16 200 94
836 16 128 100 111
837 8 16 1000 143
838 8 64 100 128
839 16 64 100 138
840 2 64 200 100
841 8 64 1000 110
842 8 128 100 143
843 2 64 100 127
844 2 16 100 125
845 8 128 300 116
846 8 128 1000 144
847 8 64 300 105
848 2 16 100 92
849 8 128 300 143
850 16 128 100 109
851 16 64 300 138
852 2 64 300 135
853 2 16 200 132
854 2 16 300 145
855 2 128 300 143
856 16 64 300 114
857 2 64 100 115
858 2 128 300 138
859 2 64 500 148
860 16 16 200 100
861 16 128 300 112
862 16 128 200 108
863 8 16 500 131
864 2 128 300 141
865 16 128 500 96
866 16 128 100 91
867 2 64 200 124
868 8 128 500 133
869 16 16 200 98
870 8 64 1000 148
871 2 128 500 130
872 16 128 1000 140
873 2 64 200 104
874 2 64 100 144
875 8 16 500 136
876 8 128 100 123
877 2 16 500 146
878 16 16 200 96
879 16 16 200 140
880 2 16 200 103
881 16 16 100 128
154
3 794 69 118
5 580 43 119
7 356 53 110
10 233 49 107
11 173 53 175
13 573 48 153
13 864 42 162
21 518 56 147
25 386 57 187
26 541 61 142
30 362 53 122
31 704 69 92
32 743 65 179
34 519 51 106
34 545 61 101
36 499 67 159
36 200 41 185
37 679 63 142
44 515 41 188
44 608 49 167
46 867 41 160
46 745 54 103
46 451 59 180
55 801 48 184
63 748 49 91
67 542 50 198
68 311 53 119
68 139 56 189
68 573 42 110
68 417 46 110
75 421 66 123
78 728 48 147
80 440 69 101
85 118 59 142
87 370 62 119
89 157 70 192
96 575 60 97
101 216 40 189
104 390 53 133
104 562 64 158
111 716 58 153
113 379 47 90
116 520 67 137
118 790 64 101
118 222 61 197
118 163 45 163
123 146 65 199
123 500 67 165
137 628 52 171
141 780 66 115
150 191 50 159
151 591 60 95
154 636 59 153
154 599 49 133
154 249 44 169
164 869 58 126
165 861 46 148
165 535 51 92
168 746 62 176
180 313 56 104
182 279 68 133
183 219 62 105
185 466 47 183
189 231 64 167
190 315 45 90
192 499 69 140
193 223 50 188
196 413 55 162
196 428 53 122
196 664 60 111
203 564 64 97
208 567 48 99
209 224 56 181
209 313 55 124
214 417 68 169
216 784 65 127
223 836 48 138
233 834 51 104
233 625 42 178
233 755 48 157
246 504 61 90
247 275 47 163
247 318 44 139
251 765 60 92
254 608 59 187
258 674 58 185
260 599 65 148
267 425 67 99
269 512 51 173
270 538 46 159
273 822 60 192
273 766 65 111
274 543 68 126
276 616 69 105
277 402 60 138
297 376 58 195
311 716 51 133
328 852 56 109
332 496 68 171
339 520 51 159
349 648 44 128
352 566 49 167
367 472 62 133
372 700 44 161
378 721 40 111
396 544 45 136
402 406 57 156
420 567 45 154
421 474 66 120
436 642 58 147
438 850 70 178
441 648 63 186
447 595 55 156
455 482 58 109
465 690 67 140
475 723 55 189
493 662 55 176
501 881 70 141
511 577 63 93
512 548 63 178
516 735 43 90
558 811 60 190
562 867 65 183
565 576 43 164
592 810 69 96
593 858 46 186
603 657 63 171
604 860 40 187
614 831 62 130
614 826 68 98
616 814 49 146
628 876 50 119
632 791 54 179
635 651 60 169
640 880 67 185
646 708 61 110
651 713 50 109
661 696 40 188
677 740 54 95
681 804 67 184
693 861 41 132
696 806 52 199
705 848 54 108
713 878 55 133
715 755 66 109
724 748 62 110
730 781 62 172
737 791 46 129
751 753 69 179
781 785 57 164
789 809 67 130
800 822 42 180
832 836 66 142
855 860 60 124