254
0 32 64 400 140
1 16 96 800 174
2 32 96 1000 112
3 16 96 5000 124
4 32 40 2000 157
5 32 96 1000 187
6 32 96 5000 106
7 16 64 2000 143
8 32 96 1000 158
9 16 96 800 183
10 16 64 800 106
11 32 64 800 166
12 16 96 800 199
13 16 96 5000 200
14 32 64 1000 135
15 32 40 800 142
16 16 40 5000 171
17 32 64 800 179
18 16 40 5000 190
19 16 96 800 170
20 16 64 2000 139
21 32 40 800 192
22 32 96 800 102
23 32 64 5000 91
24 32 40 800 120
25 32 64 800 156
26 16 64 5000 132
27 32 96 5000 109
28 16 64 1000 183
29 16 40 800 108
30 16 40 1000 154
31 32 96 400 108
32 32 40 800 164
33 16 96 400 159
34 32 40 400 179
35 32 64 800 166
36 16 64 2000 138
37 16 64 2000 98
38 32 40 400 175
39 32 40 800 190
40 32 64 400 141
41 32 40 5000 114
42 16 96 1000 189
43 32 40 800 158
44 16 40 1000 167
45 16 96 2000 129
46 32 64 400 200
47 16 40 400 105
48 32 64 2000 107
49 32 64 1000 109
50 32 64 400 164
51 16 96 2000 159
52 32 96 800 195
53 32 40 1000 99
54 32 96 800 159
55 16 40 5000 96
56 16 96 1000 150
57 32 40 1000 107
58 16 40 2000 176
59 32 96 400 197
60 16 40 800 195
61 16 96 800 115
62 16 40 2000 134
63 16 96 800 173
64 16 64 1000 144
65 32 96 800 183
66 16 64 2000 90
67 16 40 5000 100
68 32 64 2000 114
69 32 64 400 178
70 16 96 400 199
71 32 64 5000 135
72 16 64 400 176
73 16 64 5000 166
74 16 96 2000 147
75 32 96 1000 193
76 16 64 2000 199
77 32 96 5000 166
78 32 40 800 164
79 16 64 400 106
80 32 40 2000 92
81 16 40 1000 100
82 32 96 5000 159
83 32 40 400 146
84 32 96 800 148
85 32 64 2000 198
86 16 96 2000 150
87 32 40 1000 132
88 16 64 400 95
89 32 40 400 122
90 32 40 5000 123
91 32 96 800 166
92 32 40 2000 152
93 32 40 800 169
94 16 64 800 102
95 32 40 800 153
96 16 40 800 112
97 32 40 400 93
98 16 40 2000 147
99 32 40 5000 101
100 32 40 1000 146
101 32 64 800 194
102 32 96 400 134
103 16 40 400 123
104 32 40 2000 174
105 16 40 5000 105
106 16 40 5000 104
107 16 64 800 181
108 32 40 5000 199
109 32 64 400 119
110 32 40 5000 98
111 32 96 800 199
112 16 96 1000 108
113 32 40 1000 188
114 32 40 400 116
115 16 40 400 165
116 16 64 5000 117
117 32 64 800 95
118 16 40 800 136
119 16 64 800 174
120 32 40 2000 185
121 32 64 400 196
122 16 64 2000 116
123 32 40 5000 113
124 16 96 800 179
125 16 40 800 199
126 32 40 1000 180
127 32 96 1000 95
128 16 40 2000 139
129 32 64 5000 97
130 32 64 800 161
131 32 96 800 136
132 32 96 400 136
133 16 96 400 161
134 32 40 800 172
135 16 96 400 92
136 16 96 5000 195
137 16 64 400 127
138 16 96 400 141
139 16 96 1000 187
140 32 96 5000 150
141 32 96 5000 117
142 16 64 5000 166
143 32 64 2000 200
144 32 64 5000 94
145 16 64 2000 193
146 32 96 2000 166
147 32 40 800 93
148 16 40 2000 192
149 16 96 5000 171
150 16 64 1000 166
151 32 40 5000 133
152 32 64 2000 147
153 16 96 5000 175
154 32 40 400 159
155 32 96 1000 137
156 16 40 800 188
157 32 40 2000 98
158 32 40 400 109
159 32 96 5000 131
160 16 64 800 176
161 16 40 1000 102
162 32 40 1000 139
163 16 64 5000 200
164 32 40 400 125
165 16 64 1000 117
166 16 64 2000 102
167 16 96 1000 135
168 16 64 2000 170
169 32 64 5000 127
170 16 96 800 113
171 16 64 400 176
172 32 40 2000 151
173 32 64 5000 131
174 32 64 5000 161
175 16 64 2000 168
176 16 40 400 167
177 32 40 2000 169
178 32 64 5000 177
179 16 96 800 136
180 16 96 2000 154
181 32 64 400 167
182 16 40 1000 163
183 32 40 800 127
184 32 64 1000 193
185 16 96 800 121
186 32 64 5000 101
187 16 96 2000 150
188 16 96 400 115
189 16 40 1000 190
190 32 40 1000 119
191 32 40 800 136
192 16 64 5000 161
193 16 64 1000 97
194 16 40 800 116
195 16 96 400 195
196 32 64 1000 188
197 16 64 400 193
198 32 64 2000 153
199 16 40 5000 100
200 32 40 1000 200
201 32 64 5000 120
202 32 96 5000 106
203 32 64 400 192
204 16 40 400 96
205 16 96 2000 192
206 32 40 2000 98
207 32 96 2000 182
208 16 96 5000 149
209 16 96 400 154
210 32 64 5000 130
211 32 64 5000 135
212 16 40 800 108
213 32 64 2000 114
214 32 96 5000 113
215 32 40 800 133
216 16 40 2000 178
217 32 96 1000 164
218 32 40 5000 174
219 16 40 2000 194
220 32 96 5000 190
221 32 40 2000 114
222 32 96 400 177
223 32 64 5000 144
224 32 96 400 152
225 32 96 2000 177
226 32 40 400 145
227 32 96 800 177
228 16 64 2000 163
229 16 96 5000 102
230 32 96 2000 105
231 32 64 2000 121
232 16 40 2000 122
233 32 96 5000 121
234 32 40 800 179
235 32 40 800 140
236 16 64 400 136
237 32 96 1000 174
238 16 96 1000 158
239 16 64 5000 106
240 16 96 400 151
241 16 96 400 102
242 16 64 1000 147
243 32 40 2000 172
244 16 64 1000 108
245 32 64 800 161
246 16 40 2000 92
247 32 96 5000 92
248 32 96 5000 180
249 16 96 1000 157
250 16 64 400 99
251 32 64 400 159
252 32 64 1000 108
253 32 40 2000 96
33
6 156 66 104
7 182 59 117
9 41 68 135
14 207 51 149
15 93 55 114
15 152 67 196
27 180 62 90
28 68 48 185
31 86 40 197
40 45 61 94
58 218 67 113
63 112 46 165
67 171 48 179
68 119 43 151
76 104 52 178
77 163 41 153
82 92 53 99
84 152 63 168
110 204 41 166
110 173 50 194
114 134 62 122
116 228 63 148
118 175 69 124
141 237 58 163
151 169 40 174
154 168 70 191
154 167 58 137
171 217 53 96
173 235 51 195
183 224 64 176
195 237 44 153
212 223 41 129
221 242 49 200