639
0 64 16 1000 164
1 32 256 1000 136
2 16 128 2400 165
3 64 128 5000 174
4 32 256 800 184
5 32 128 500 173
6 64 16 2400 187
7 128 16 500 125
8 128 256 500 186
9 128 16 800 115
10 32 16 500 191
11 16 256 500 183
12 16 128 1000 109
13 16 16 2400 135
14 128 16 1000 161
15 64 16 500 156
16 32 128 5000 144
17 32 16 500 153
18 16 16 800 141
19 64 16 1000 189
20 64 16 500 177
21 128 128 500 154
22 32 64 5000 114
23 128 64 1000 190
24 32 16 500 168
25 32 256 2400 112
26 64 16 1000 144
27 128 256 2400 92
28 128 16 500 146
29 128 128 1000 184
30 64 256 5000 111
31 128 128 1000 167
32 16 16 500 115
33 32 128 800 194
34 64 128 800 132
35 32 256 800 151
36 128 64 500 152
37 16 64 1000 176
38 16 128 800 166
39 16 16 800 187
40 64 256 5000 90
41 128 256 800 172
42 128 128 500 182
43 128 64 800 142
44 128 64 1000 146
45 64 16 2400 90
46 16 64 500 167
47 32 128 5000 128
48 32 128 500 112
49 64 64 5000 124
50 64 16 2400 169
51 128 64 500 100
52 128 128 1000 104
53 32 128 500 182
54 16 16 800 195
55 16 128 5000 94
56 128 256 1000 166
57 16 256 5000 143
58 128 256 5000 174
59 128 16 800 180
60 64 256 5000 183
61 16 128 1000 147
62 16 128 500 148
63 64 16 5000 170
64 64 256 2400 179
65 16 256 1000 160
66 128 256 800 172
67 16 128 1000 152
68 64 16 5000 175
69 32 64 2400 139
70 16 256 5000 140
71 64 64 5000 163
72 32 16 500 185
73 32 16 1000 92
74 16 128 2400 159
75 128 128 2400 181
76 128 128 800 140
77 32 128 2400 157
78 128 64 2400 146
79 16 256 2400 181
80 64 128 2400 102
81 128 256 800 192
82 32 128 800 141
83 128 128 800 133
84 32 16 2400 126
85 32 128 1000 125
86 64 64 500 148
87 16 128 5000 125
88 128 64 5000 168
89 32 256 800 141
90 32 128 2400 132
91 64 256 800 125
92 64 16 500 150
93 64 256 5000 137
94 128 16 800 190
95 32 256 500 119
96 64 64 1000 141
97 128 256 500 121
98 16 128 800 109
99 128 256 1000 102
100 64 128 5000 120
101 128 128 800 118
102 32 16 500 178
103 16 64 1000 104
104 64 16 500 124
105 64 256 2400 104
106 64 16 800 193
107 16 64 2400 192
108 128 256 2400 111
109 64 256 2400 186
110 64 128 500 149
111 16 128 500 147
112 128 64 1000 164
113 128 128 1000 150
114 32 16 1000 116
115 16 64 1000 166
116 32 256 5000 140
117 32 16 2400 169
118 32 128 800 105
119 16 64 500 109
120 32 16 1000 178
121 16 64 1000 141
122 64 16 2400 110
123 32 64 500 97
124 128 128 5000 141
125 32 128 800 147
126 128 128 5000 186
127 128 128 500 147
128 32 128 800 154
129 32 16 5000 133
130 64 16 2400 167
131 128 16 5000 102
132 16 128 5000 145
133 16 16 1000 91
134 16 128 2400 162
135 32 128 800 94
136 16 256 5000 164
137 16 16 2400 122
138 32 16 500 99
139 128 128 500 102
140 64 16 800 124
141 64 128 2400 167
142 32 64 2400 105
143 128 128 800 169
144 16 64 500 179
145 16 128 5000 92
146 32 64 5000 102
147 128 256 1000 166
148 32 256 2400 142
149 64 16 800 131
150 16 128 5000 149
151 128 64 5000 96
152 64 128 5000 127
153 64 64 5000 101
154 128 16 1000 123
155 32 16 1000 169
156 32 16 5000 97
157 16 64 5000 186
158 64 16 500 99
159 16 64 500 199
160 64 16 800 191
161 128 128 800 168
162 16 256 800 159
163 32 128 1000 156
164 64 16 800 162
165 64 128 5000 167
166 32 16 5000 140
167 32 128 1000 191
168 128 16 500 131
169 64 128 800 115
170 64 64 500 194
171 32 64 5000 94
172 128 128 500 148
173 64 16 5000 196
174 64 128 800 124
175 128 128 2400 159
176 16 256 800 183
177 16 16 2400 96
178 64 128 800 122
179 64 256 2400 176
180 16 256 500 166
181 16 128 800 190
182 128 256 800 182
183 16 128 5000 194
184 64 128 5000 177
185 64 64 500 93
186 64 64 500 93
187 16 16 2400 121
188 64 256 5000 199
189 64 256 800 161
190 64 64 1000 114
191 32 16 1000 105
192 64 16 800 174
193 32 16 5000 135
194 16 256 800 102
195 128 64 2400 128
196 32 64 800 168
197 128 16 800 115
198 64 16 500 194
199 64 16 800 198
200 64 256 800 109
201 32 256 2400 115
202 64 64 1000 105
203 32 16 5000 164
204 16 128 500 198
205 64 128 500 136
206 128 16 800 187
207 16 256 800 134
208 16 256 2400 142
209 16 16 5000 96
210 128 128 500 175
211 16 16 1000 128
212 16 16 500 128
213 32 64 500 196
214 16 64 2400 131
215 16 256 2400 176
216 16 16 2400 186
217 16 256 2400 95
218 32 64 500 176
219 128 256 2400 180
220 32 64 800 186
221 64 16 5000 140
222 16 256 500 184
223 16 64 2400 101
224 16 16 5000 151
225 16 256 800 180
226 64 256 500 165
227 64 16 500 120
228 128 128 2400 150
229 64 128 2400 151
230 64 128 1000 112
231 16 256 500 160
232 16 16 800 101
233 64 64 5000 91
234 32 64 5000 133
235 64 16 800 179
236 32 64 1000 190
237 16 256 500 188
238 16 64 500 112
239 32 256 800 191
240 64 16 800 115
241 128 128 800 112
242 64 128 5000 159
243 32 64 800 111
244 32 256 5000 172
245 32 128 2400 190
246 64 64 1000 174
247 64 128 1000 166
248 16 64 800 169
249 16 16 500 135
250 16 64 2400 104
251 64 16 500 179
252 16 16 800 162
253 64 16 2400 173
254 64 256 500 122
255 128 16 2400 186
256 64 64 1000 93
257 128 64 800 157
258 32 256 500 129
259 32 256 800 170
260 128 64 1000 118
261 32 16 5000 144
262 32 128 1000 106
263 16 64 1000 95
264 64 16 1000 178
265 64 64 5000 109
266 128 128 800 104
267 16 64 800 109
268 32 128 2400 116
269 32 16 5000 131
270 32 16 1000 160
271 32 128 5000 164
272 16 64 500 174
273 32 128 800 94
274 64 256 1000 165
275 16 64 2400 165
276 32 64 1000 143
277 16 64 5000 194
278 16 16 500 169
279 32 128 1000 168
280 128 16 1000 136
281 128 16 2400 100
282 32 16 5000 184
283 128 128 5000 137
284 128 64 2400 143
285 64 256 2400 126
286 16 128 500 148
287 16 256 1000 126
288 128 128 800 104
289 128 128 500 182
290 32 128 800 98
291 128 256 500 159
292 16 16 2400 130
293 64 16 5000 187
294 64 64 500 122
295 64 64 5000 155
296 16 256 500 129
297 16 64 1000 109
298 16 256 800 102
299 16 128 5000 168
300 32 64 500 136
301 16 16 2400 98
302 16 16 2400 154
303 16 16 800 92
304 32 64 500 97
305 128 256 500 192
306 32 256 5000 113
307 32 128 5000 100
308 16 16 1000 122
309 64 64 800 102
310 16 64 2400 109
311 128 256 5000 119
312 32 16 800 195
313 128 16 1000 174
314 128 16 500 189
315 16 256 800 113
316 32 128 500 122
317 64 128 5000 142
318 16 256 800 162
319 128 16 500 117
320 128 16 5000 130
321 16 128 2400 94
322 32 16 2400 130
323 64 16 2400 159
324 16 16 2400 169
325 16 256 1000 91
326 32 64 2400 160
327 16 256 5000 170
328 64 16 5000 106
329 128 64 5000 115
330 64 16 500 155
331 64 128 800 124
332 64 16 2400 140
333 64 64 1000 134
334 16 16 2400 189
335 16 64 5000 194
336 16 64 2400 131
337 128 128 5000 102
338 32 16 800 163
339 128 16 5000 172
340 16 64 2400 112
341 16 16 1000 106
342 64 16 500 109
343 128 256 500 122
344 128 16 1000 183
345 16 16 1000 182
346 16 128 1000 171
347 64 128 500 151
348 128 16 2400 129
349 64 256 500 109
350 32 64 1000 144
351 16 128 2400 124
352 64 128 5000 99
353 16 64 2400 98
354 128 64 800 186
355 16 128 2400 166
356 16 128 1000 110
357 64 256 1000 197
358 32 64 1000 169
359 128 128 1000 102
360 16 16 500 138
361 32 64 2400 172
362 64 64 1000 171
363 128 16 1000 160
364 16 256 800 122
365 128 128 1000 159
366 128 16 800 151
367 16 128 500 186
368 16 64 500 94
369 16 256 2400 183
370 64 16 500 144
371 128 64 2400 137
372 128 64 1000 159
373 16 16 5000 106
374 128 16 800 198
375 32 16 800 137
376 64 64 1000 159
377 32 16 2400 147
378 16 16 800 181
379 16 256 500 98
380 64 128 2400 178
381 16 128 500 175
382 128 64 2400 137
383 32 64 800 159
384 128 256 1000 125
385 16 256 2400 159
386 64 16 2400 121
387 128 256 500 155
388 128 16 1000 199
389 32 16 5000 154
390 128 256 800 181
391 128 256 1000 145
392 32 16 500 158
393 128 16 800 192
394 128 64 800 164
395 64 128 2400 143
396 32 128 1000 139
397 128 256 1000 105
398 128 128 2400 118
399 16 256 1000 92
400 32 256 5000 167
401 64 256 1000 120
402 32 128 2400 141
403 32 64 800 141
404 128 128 800 159
405 16 64 500 181
406 64 128 800 158
407 64 256 1000 92
408 128 64 1000 169
409 128 128 800 170
410 32 256 800 102
411 128 64 800 113
412 32 64 500 196
413 64 256 5000 103
414 16 256 800 197
415 16 64 5000 195
416 32 256 800 187
417 32 64 500 146
418 64 64 800 124
419 64 16 2400 162
420 64 16 500 161
421 64 256 800 152
422 32 64 500 138
423 128 128 800 100
424 64 16 2400 93
425 16 128 800 122
426 32 256 500 195
427 128 256 2400 130
428 32 64 500 195
429 16 64 1000 189
430 128 256 1000 128
431 16 16 500 116
432 32 256 500 143
433 64 64 1000 193
434 32 128 5000 158
435 128 128 5000 128
436 16 256 1000 195
437 64 128 5000 177
438 128 64 2400 105
439 128 64 5000 170
440 64 64 2400 155
441 64 128 800 183
442 32 128 2400 155
443 64 16 2400 143
444 64 16 5000 120
445 16 64 500 121
446 16 64 1000 171
447 64 64 2400 195
448 128 16 2400 122
449 128 64 1000 143
450 64 128 800 102
451 16 64 500 163
452 32 64 1000 192
453 32 64 2400 166
454 128 128 2400 190
455 128 128 800 199
456 128 128 5000 183
457 32 256 800 101
458 128 128 1000 109
459 32 256 500 193
460 16 64 500 111
461 128 16 500 145
462 128 256 1000 118
463 64 128 500 135
464 32 64 1000 97
465 64 256 500 196
466 64 256 500 184
467 128 128 5000 107
468 32 64 800 93
469 16 64 800 198
470 16 16 5000 171
471 32 16 2400 110
472 64 16 2400 96
473 32 16 2400 124
474 64 256 2400 159
475 64 128 1000 137
476 16 64 800 161
477 128 64 5000 91
478 128 128 5000 185
479 16 256 800 146
480 64 256 800 91
481 128 128 1000 161
482 32 256 2400 169
483 32 16 800 200
484 32 128 1000 170
485 16 256 5000 120
486 128 256 2400 165
487 64 64 800 133
488 16 128 5000 111
489 128 128 500 164
490 16 256 800 184
491 64 64 500 101
492 32 16 2400 129
493 64 256 2400 137
494 16 64 1000 200
495 64 16 5000 152
496 64 16 500 97
497 128 128 5000 111
498 16 128 500 107
499 16 128 2400 189
500 16 128 2400 194
501 128 256 5000 151
502 16 16 1000 116
503 64 128 5000 154
504 64 16 1000 189
505 128 16 2400 192
506 64 64 800 200
507 16 64 800 123
508 16 128 800 106
509 128 64 500 109
510 16 128 1000 164
511 16 128 800 168
512 16 256 500 149
513 128 128 5000 147
514 32 64 2400 180
515 16 16 5000 191
516 128 256 5000 196
517 32 128 2400 95
518 16 256 5000 125
519 128 128 5000 184
520 32 256 800 108
521 32 16 2400 150
522 128 256 1000 93
523 128 128 2400 179
524 16 256 2400 137
525 64 64 1000 103
526 32 128 500 111
527 16 64 5000 121
528 32 128 1000 184
529 32 256 1000 115
530 16 16 2400 177
531 128 128 800 158
532 64 16 500 127
533 32 16 5000 172
534 128 128 800 199
535 16 128 500 142
536 64 64 5000 176
537 64 256 2400 193
538 64 256 1000 186
539 16 64 800 119
540 64 16 800 139
541 16 128 5000 153
542 16 256 500 144
543 64 64 1000 179
544 128 16 1000 126
545 64 128 800 139
546 16 64 800 135
547 128 128 1000 124
548 128 16 800 144
549 128 16 500 193
550 16 64 5000 176
551 128 64 2400 184
552 32 128 5000 176
553 64 16 2400 122
554 16 128 5000 106
555 128 256 2400 107
556 32 64 500 146
557 16 16 5000 131
558 128 256 1000 184
559 64 128 500 141
560 128 128 1000 177
561 32 16 2400 144
562 16 128 5000 144
563 64 256 5000 103
564 16 64 5000 199
565 16 16 5000 181
566 32 256 1000 146
567 128 256 500 158
568 64 128 500 129
569 128 128 500 162
570 128 64 800 150
571 16 16 5000 96
572 32 16 800 125
573 64 128 500 109
574 128 16 2400 181
575 128 64 500 197
576 16 256 500 90
577 32 128 800 115
578 32 16 1000 167
579 32 128 800 197
580 16 256 2400 92
581 32 256 5000 99
582 32 128 1000 144
583 64 16 2400 95
584 128 128 800 166
585 16 16 5000 100
586 32 16 500 104
587 128 64 5000 156
588 64 16 5000 107
589 16 256 2400 158
590 16 16 1000 159
591 128 64 5000 115
592 32 64 5000 155
593 16 256 5000 130
594 64 256 500 120
595 64 256 1000 188
596 64 64 800 108
597 64 16 2400 143
598 128 256 5000 153
599 32 16 800 154
600 32 16 1000 119
601 128 64 5000 160
602 128 256 800 152
603 64 64 1000 138
604 32 16 2400 188
605 128 128 5000 129
606 16 128 2400 138
607 32 128 1000 145
608 64 64 500 141
609 64 256 800 158
610 16 256 2400 98
611 32 16 1000 171
612 128 256 1000 148
613 16 128 800 170
614 16 256 2400 124
615 128 128 5000 194
616 32 16 1000 137
617 16 64 5000 175
618 32 256 2400 130
619 16 16 500 175
620 64 128 1000 195
621 128 64 800 188
622 64 64 800 92
623 16 16 1000 127
624 32 64 800 170
625 16 128 1000 118
626 16 256 500 165
627 16 16 5000 133
628 64 16 5000 142
629 64 64 500 145
630 64 256 500 180
631 16 64 2400 120
632 128 128 5000 133
633 16 256 500 200
634 32 128 800 200
635 128 128 800 164
636 128 16 1000 163
637 128 128 500 103
638 16 16 1000 97
155
1 602 43 134
3 140 46 184
5 623 48 143
6 319 44 114
6 368 69 181
6 341 46 153
7 151 41 158
8 574 49 189
8 198 44 121
10 130 51 160
10 593 55 109
11 236 66 125
11 612 65 119
12 257 41 97
13 412 64 101
13 330 64 93
15 527 59 161
16 574 70 196
18 256 63 170
23 51 51 111
26 609 48 131
28 516 64 108
29 283 66 197
29 606 44 99
31 226 48 121
32 261 60 153
36 379 56 155
37 71 61 110
37 315 48 125
42 576 70 163
42 272 61 93
46 100 46 94
49 402 41 102
49 207 54 187
50 584 57 123
55 157 41 115
58 357 47 131
59 71 68 149
61 106 59 157
64 639 40 135
65 299 47 187
68 417 62 181
69 423 57 200
74 356 51 94
76 113 46 184
77 629 41 181
79 514 69 194
79 98 50 134
80 308 43 105
81 266 56 193
81 94 52 91
83 187 41 128
89 593 55 128
92 607 56 106
96 118 43 167
100 410 46 166
102 554 66 100
105 207 41 144
107 247 45 139
110 462 48 154
110 595 61 92
111 611 58 137
115 523 52 115
116 576 68 163
120 179 62 125
125 405 68 107
128 412 47 165
130 214 41 170
130 319 69 147
133 163 46 101
134 631 68 158
140 314 42 153
144 581 48 122
147 597 47 176
147 406 43 184
148 526 60 173
148 231 61 108
148 414 65 152
148 293 54 192
153 312 66 131
160 377 56 146
161 488 57 191
173 241 45 136
174 457 57 172
179 558 58 162
179 581 52 94
185 442 47 162
193 548 60 137
195 395 65 122
202 205 70 94
207 250 54 163
208 292 67 101
215 385 69 114
217 611 58 191
221 384 40 135
233 614 57 98
237 474 64 137
240 563 54 129
246 355 42 167
250 388 58 90
252 524 44 154
256 595 45 132
257 557 63 179
263 501 48 173
265 544 51 160
268 555 68 121
270 280 57 170
274 602 68 176
282 292 57 167
291 637 61 199
300 617 51 158
300 382 54 197
302 528 43 155
302 634 57 133
304 626 50 111
309 358 61 144
309 332 61 111
309 475 47 196
321 455 51 131
326 548 61 108
336 561 62 179
341 503 46 96
343 360 53 106
344 578 66 174
347 568 47 128
356 477 60 135
360 362 53 199
360 629 68 161
365 456 59 128
370 375 55 194
382 532 49 195
385 495 65 179
385 423 45 114
388 570 65 95
390 624 61 107
395 553 46 102
421 542 54 159
424 619 53 166
425 587 46 127
427 485 67 136
437 475 54 112
439 477 44 148
444 625 59 108
445 518 44 120
456 478 67 189
467 546 60 184
477 517 42 187
495 584 50 124
497 503 70 135
518 554 66 106
526 573 58 141
529 625 64 182
539 594 67 151
574 593 51 200
585 617 65 105