730
0 32 64 1000 148
1 32 64 800 159
2 32 40 800 155
3 32 96 5000 182
4 16 40 800 128
5 32 64 800 142
6 16 96 400 191
7 32 40 5000 98
8 16 40 5000 125
9 16 64 400 105
10 16 40 5000 159
11 32 64 5000 126
12 32 96 400 122
13 32 40 800 125
14 32 96 400 184
15 16 64 800 183
16 32 96 800 177
17 32 40 400 119
18 16 40 800 127
19 32 64 5000 166
20 32 96 2000 185
21 32 40 1000 130
22 32 64 2000 184
23 32 96 5000 145
24 16 96 5000 158
25 16 96 800 157
26 32 40 5000 198
27 32 64 1000 170
28 16 40 1000 100
29 16 40 2000 196
30 16 96 5000 157
31 16 40 400 183
32 32 40 800 129
33 32 40 800 92
34 32 64 800 97
35 32 40 800 152
36 32 64 2000 170
37 16 40 400 121
38 32 96 2000 168
39 16 40 2000 91
40 32 64 2000 198
41 32 64 800 160
42 16 96 5000 139
43 16 96 5000 94
44 16 40 400 153
45 32 40 5000 98
46 32 64 2000 93
47 32 40 1000 168
48 16 64 2000 112
49 32 40 800 133
50 32 64 5000 165
51 32 40 400 138
52 16 64 1000 109
53 16 96 400 151
54 16 40 5000 153
55 16 96 5000 162
56 32 96 800 97
57 32 96 5000 176
58 32 64 1000 187
59 16 64 800 172
60 16 96 800 143
61 16 40 800 128
62 16 96 800 152
63 16 40 5000 132
64 32 96 400 116
65 16 96 800 133
66 32 64 800 125
67 16 96 5000 137
68 32 40 400 162
69 16 40 2000 191
70 32 40 5000 101
71 32 96 1000 138
72 32 40 5000 159
73 16 64 1000 133
74 32 96 400 126
75 16 64 400 175
76 16 64 800 145
77 32 96 800 97
78 32 40 800 123
79 16 64 400 147
80 16 64 400 190
81 32 64 2000 168
82 16 40 1000 151
83 32 96 1000 154
84 16 40 2000 199
85 16 40 1000 122
86 16 40 800 183
87 32 96 400 127
88 32 96 800 191
89 32 40 800 199
90 16 64 400 200
91 32 96 1000 108
92 16 64 5000 175
93 32 96 1000 99
94 16 96 800 161
95 16 40 2000 160
96 16 64 1000 156
97 32 96 1000 149
98 32 96 5000 105
99 16 64 1000 158
100 16 64 2000 181
101 32 96 1000 135
102 16 64 1000 174
103 32 64 5000 148
104 16 64 400 175
105 32 64 1000 175
106 16 64 2000 140
107 16 64 800 129
108 32 96 2000 122
109 32 40 800 192
110 32 40 5000 117
111 16 40 1000 163
112 16 64 400 152
113 32 64 5000 161
114 32 64 5000 180
115 16 64 800 115
116 32 64 1000 171
117 16 64 2000 190
118 16 64 800 126
119 32 64 800 147
120 32 64 2000 109
121 32 40 1000 174
122 32 64 400 122
123 32 40 800 190
124 32 40 5000 157
125 32 40 5000 170
126 32 64 400 185
127 32 64 400 151
128 32 96 1000 158
129 32 40 1000 138
130 32 40 5000 112
131 16 96 5000 186
132 32 64 800 114
133 16 40 2000 165
134 16 64 5000 173
135 32 96 1000 159
136 16 64 800 146
137 32 40 5000 166
138 32 40 800 172
139 16 96 2000 97
140 16 64 5000 195
141 16 96 400 101
142 32 64 400 135
143 32 96 800 132
144 32 96 400 132
145 16 40 5000 182
146 16 64 400 160
147 32 40 1000 191
148 32 96 5000 95
149 32 40 1000 171
150 16 96 1000 108
151 16 96 2000 149
152 32 40 400 180
153 32 40 400 139
154 32 96 5000 112
155 16 96 800 130
156 16 64 5000 108
157 32 40 5000 139
158 16 96 5000 104
159 32 40 800 164
160 32 40 1000 135
161 16 96 400 163
162 32 64 5000 130
163 16 64 2000 113
164 32 96 800 99
165 32 40 2000 151
166 32 64 400 197
167 32 40 2000 175
168 32 64 400 103
169 16 40 5000 94
170 32 40 800 133
171 16 64 1000 124
172 32 40 800 180
173 32 40 5000 122
174 16 96 1000 142
175 32 96 800 199
176 16 40 400 200
177 16 96 800 178
178 16 64 1000 151
179 16 40 2000 105
180 16 64 800 188
181 16 96 800 95
182 32 64 400 174
183 32 64 400 193
184 16 40 400 152
185 32 64 1000 96
186 32 96 5000 150
187 16 96 800 127
188 16 96 400 164
189 32 40 1000 194
190 16 40 400 116
191 32 96 5000 116
192 16 64 800 136
193 16 64 2000 104
194 32 64 2000 141
195 32 64 800 117
196 32 40 1000 198
197 32 40 2000 99
198 16 40 5000 110
199 32 64 400 144
200 16 96 5000 122
201 32 96 1000 197
202 16 96 2000 194
203 32 96 800 121
204 16 40 1000 110
205 16 64 2000 193
206 32 40 2000 130
207 32 96 1000 189
208 32 96 2000 198
209 32 40 400 104
210 16 40 800 145
211 32 64 400 148
212 16 40 5000 199
213 32 96 2000 102
214 32 96 800 184
215 32 40 1000 190
216 16 64 1000 189
217 32 64 2000 147
218 16 40 1000 139
219 32 64 5000 98
220 16 96 2000 193
221 16 64 2000 135
222 16 64 400 123
223 16 64 400 140
224 32 64 400 95
225 16 64 400 115
226 16 40 2000 181
227 16 64 400 141
228 16 64 1000 92
229 32 96 1000 195
230 16 96 5000 173
231 16 40 800 110
232 32 64 2000 173
233 32 64 5000 117
234 16 40 2000 150
235 32 96 5000 120
236 16 40 400 102
237 16 40 400 117
238 32 96 800 171
239 16 40 2000 111
240 16 64 5000 190
241 16 40 1000 117
242 32 64 2000 90
243 32 40 800 138
244 16 40 5000 187
245 32 40 1000 122
246 32 40 5000 182
247 16 40 5000 102
248 16 40 1000 96
249 16 40 2000 165
250 32 64 5000 171
251 16 64 800 165
252 16 40 5000 170
253 16 64 2000 137
254 16 64 400 141
255 16 96 5000 146
256 32 96 400 135
257 16 40 800 133
258 16 64 1000 197
259 16 96 2000 153
260 16 96 400 158
261 32 96 800 161
262 16 64 5000 95
263 16 64 1000 146
264 16 96 400 141
265 16 64 800 156
266 16 40 1000 162
267 32 64 5000 170
268 32 64 400 90
269 16 64 800 107
270 32 40 1000 91
271 16 40 400 158
272 32 64 2000 185
273 16 40 1000 110
274 32 40 800 131
275 16 96 400 182
276 32 40 400 196
277 32 96 400 195
278 16 96 800 95
279 32 96 1000 114
280 32 96 5000 197
281 16 96 1000 90
282 32 40 800 116
283 16 96 800 127
284 32 40 2000 194
285 16 40 800 166
286 32 96 5000 118
287 16 64 1000 101
288 32 96 5000 173
289 32 64 800 181
290 16 96 800 131
291 32 40 400 106
292 16 64 2000 180
293 16 96 800 182
294 16 64 2000 106
295 16 96 800 91
296 32 64 800 173
297 32 96 400 93
298 32 40 800 174
299 16 40 1000 108
300 16 64 2000 169
301 16 64 1000 197
302 32 96 800 124
303 32 96 800 175
304 16 96 800 131
305 16 96 2000 122
306 16 96 800 147
307 16 40 2000 112
308 16 40 5000 154
309 32 40 5000 187
310 32 96 5000 157
311 32 64 800 159
312 16 40 800 140
313 16 96 1000 196
314 32 40 5000 104
315 32 40 1000 151
316 16 96 1000 174
317 16 96 800 159
318 32 40 1000 108
319 16 96 800 143
320 16 40 2000 107
321 16 96 2000 118
322 32 64 1000 186
323 16 64 2000 168
324 16 40 5000 170
325 32 64 400 197
326 32 64 800 175
327 16 96 400 186
328 32 96 1000 134
329 16 96 800 116
330 16 96 5000 134
331 32 96 800 152
332 32 64 400 188
333 32 40 800 176
334 16 40 2000 138
335 32 64 400 128
336 16 40 400 106
337 16 40 800 126
338 32 96 1000 95
339 32 64 1000 107
340 32 96 400 157
341 32 40 800 105
342 32 40 1000 95
343 32 64 400 107
344 16 40 400 117
345 32 64 400 99
346 16 64 1000 136
347 16 40 5000 189
348 32 64 2000 119
349 16 40 5000 179
350 16 64 5000 137
351 16 40 800 122
352 16 64 800 178
353 32 40 800 175
354 32 64 5000 102
355 32 96 2000 100
356 16 40 1000 99
357 32 96 800 149
358 32 64 2000 180
359 16 64 2000 181
360 16 64 800 151
361 16 40 2000 127
362 32 96 800 121
363 32 96 400 91
364 32 96 400 97
365 16 64 2000 94
366 32 40 400 185
367 16 96 5000 146
368 32 40 1000 128
369 32 40 2000 168
370 16 96 400 194
371 32 96 800 167
372 32 96 1000 149
373 16 40 400 97
374 16 64 1000 143
375 32 40 400 180
376 16 40 2000 98
377 16 64 5000 123
378 16 96 800 148
379 16 64 800 154
380 16 40 5000 178
381 16 40 400 94
382 32 64 400 143
383 32 64 1000 115
384 16 96 800 123
385 16 96 1000 115
386 32 40 5000 161
387 32 64 1000 179
388 32 96 800 191
389 16 96 5000 167
390 32 40 2000 97
391 16 96 2000 130
392 32 96 2000 157
393 32 96 5000 175
394 16 96 5000 110
395 16 64 400 190
396 32 64 400 98
397 16 64 1000 124
398 32 64 2000 150
399 32 40 2000 124
400 16 96 2000 108
401 32 40 800 176
402 16 40 2000 150
403 16 40 800 93
404 16 40 800 107
405 16 64 5000 91
406 16 96 800 123
407 16 96 5000 194
408 32 64 800 172
409 16 40 800 182
410 32 64 2000 125
411 16 96 2000 108
412 16 64 5000 123
413 16 96 400 174
414 16 40 400 155
415 16 64 1000 99
416 16 96 800 119
417 16 64 800 189
418 32 64 2000 142
419 32 40 2000 130
420 16 64 1000 150
421 16 64 800 133
422 16 64 1000 167
423 16 64 400 114
424 32 40 400 144
425 32 96 5000 109
426 16 96 5000 109
427 16 40 5000 104
428 32 96 800 128
429 16 64 2000 192
430 32 64 5000 193
431 16 40 800 177
432 32 96 400 178
433 32 96 1000 140
434 16 96 2000 117
435 32 64 2000 98
436 32 96 800 116
437 32 40 800 118
438 16 40 2000 186
439 16 40 1000 123
440 32 96 1000 165
441 16 40 2000 113
442 32 64 1000 197
443 16 96 800 126
444 32 96 2000 92
445 32 96 5000 126
446 32 40 5000 185
447 16 64 1000 139
448 32 96 2000 179
449 16 96 800 133
450 32 96 800 98
451 16 40 400 120
452 32 40 400 179
453 32 96 800 180
454 16 64 5000 189
455 16 96 1000 195
456 16 64 2000 99
457 32 64 5000 171
458 32 64 400 122
459 16 40 5000 108
460 32 96 2000 190
461 16 96 400 157
462 16 96 800 194
463 32 40 1000 163
464 16 64 5000 177
465 16 64 5000 94
466 32 64 2000 174
467 16 40 1000 94
468 32 40 2000 119
469 16 40 2000 90
470 32 64 800 111
471 32 40 5000 146
472 32 96 1000 137
473 16 64 1000 169
474 16 40 1000 146
475 16 64 800 97
476 16 64 400 187
477 16 96 400 133
478 32 96 2000 138
479 32 96 400 126
480 16 96 400 151
481 16 40 2000 178
482 16 64 1000 112
483 16 64 800 128
484 16 96 5000 108
485 32 64 2000 133
486 16 40 5000 139
487 16 96 1000 126
488 16 96 5000 167
489 16 64 400 139
490 32 96 800 99
491 32 64 1000 187
492 32 40 400 94
493 32 96 5000 131
494 32 64 800 135
495 16 96 400 160
496 16 40 2000 154
497 16 40 800 176
498 16 40 400 118
499 32 96 400 199
500 16 64 5000 164
501 16 40 800 185
502 16 96 1000 143
503 32 40 1000 126
504 16 40 2000 123
505 16 40 800 200
506 32 96 800 173
507 32 40 2000 185
508 32 64 5000 135
509 32 40 400 128
510 32 40 2000 145
511 32 96 800 192
512 32 40 1000 120
513 16 64 2000 119
514 16 64 2000 199
515 16 96 800 159
516 16 96 2000 173
517 16 64 800 196
518 32 64 2000 175
519 16 40 800 170
520 16 64 5000 186
521 16 96 2000 183
522 16 96 2000 98
523 16 96 5000 110
524 16 96 1000 195
525 16 96 800 134
526 16 40 1000 134
527 16 96 1000 114
528 32 40 5000 94
529 16 96 1000 132
530 32 96 5000 94
531 16 96 2000 95
532 16 96 2000 159
533 32 96 400 155
534 16 40 400 102
535 16 96 2000 134
536 16 40 5000 128
537 32 40 5000 184
538 32 40 2000 152
539 32 96 5000 165
540 16 40 1000 129
541 32 64 1000 156
542 32 64 2000 178
543 32 96 5000 184
544 16 40 800 120
545 16 96 400 131
546 16 40 400 128
547 32 96 800 159
548 32 40 800 99
549 16 96 400 179
550 16 40 400 117
551 16 64 800 181
552 16 40 400 140
553 32 40 800 185
554 32 40 5000 102
555 32 64 800 140
556 16 40 400 177
557 16 96 5000 117
558 32 40 800 108
559 16 40 800 198
560 16 40 1000 125
561 16 96 800 117
562 32 40 800 136
563 16 96 400 138
564 32 40 400 177
565 16 40 400 167
566 32 64 800 178
567 32 64 5000 133
568 32 96 1000 97
569 16 64 1000 120
570 32 96 1000 102
571 16 40 1000 99
572 32 40 400 163
573 16 96 5000 136
574 16 40 400 119
575 16 64 1000 186
576 32 40 2000 90
577 32 64 2000 120
578 16 96 400 199
579 16 40 400 129
580 32 96 5000 152
581 16 40 2000 167
582 32 96 2000 166
583 32 64 2000 129
584 32 96 800 94
585 32 40 400 131
586 16 96 1000 197
587 16 96 1000 196
588 16 40 1000 132
589 32 64 2000 124
590 16 64 5000 193
591 32 40 5000 156
592 16 96 800 181
593 32 40 5000 176
594 32 64 1000 199
595 32 40 800 133
596 16 64 800 148
597 16 40 800 170
598 16 64 800 169
599 32 64 2000 180
600 16 40 2000 168
601 16 96 2000 167
602 32 64 400 134
603 16 96 1000 134
604 32 96 2000 163
605 32 96 5000 181
606 16 40 400 131
607 32 96 800 159
608 16 96 2000 130
609 16 40 5000 128
610 32 40 800 170
611 32 96 1000 196
612 32 64 2000 191
613 32 64 1000 125
614 16 64 2000 118
615 16 40 2000 148
616 32 64 1000 111
617 32 64 400 113
618 32 96 1000 166
619 32 96 2000 191
620 32 64 800 96
621 16 96 2000 137
622 32 40 800 144
623 16 64 800 122
624 32 40 2000 128
625 16 96 2000 108
626 32 40 5000 172
627 32 96 1000 133
628 16 64 1000 174
629 16 96 5000 95
630 16 96 1000 165
631 16 40 800 170
632 16 40 2000 100
633 32 64 5000 144
634 32 40 800 147
635 32 64 800 163
636 16 40 800 142
637 32 96 5000 122
638 32 96 5000 174
639 32 64 5000 110
640 16 96 2000 195
641 16 96 400 110
642 16 96 5000 105
643 32 64 400 171
644 32 64 400 199
645 32 64 5000 122
646 16 64 2000 189
647 16 64 400 99
648 32 96 1000 101
649 16 40 400 161
650 32 40 5000 160
651 32 64 5000 182
652 16 96 2000 156
653 32 40 800 107
654 16 40 1000 97
655 32 64 2000 104
656 32 96 5000 164
657 16 64 5000 150
658 32 96 2000 138
659 32 64 800 90
660 32 40 2000 200
661 16 40 400 148
662 32 64 400 105
663 32 96 5000 178
664 16 64 800 134
665 16 96 1000 164
666 16 96 800 134
667 16 64 1000 110
668 16 40 800 103
669 16 40 2000 113
670 32 64 2000 143
671 16 96 400 158
672 32 40 5000 184
673 32 96 5000 197
674 32 64 1000 95
675 32 40 2000 152
676 32 40 400 188
677 32 96 400 167
678 16 40 5000 129
679 32 64 5000 121
680 32 96 5000 152
681 32 40 1000 151
682 16 96 1000 135
683 16 96 5000 140
684 16 64 400 176
685 16 64 1000 114
686 16 40 800 178
687 32 40 800 125
688 32 64 5000 130
689 16 40 2000 136
690 32 40 5000 106
691 32 96 400 91
692 16 96 1000 147
693 32 96 2000 179
694 16 40 2000 159
695 16 40 1000 104
696 16 96 800 149
697 32 64 2000 149
698 32 96 2000 189
699 32 64 5000 146
700 32 96 2000 180
701 16 64 2000 126
702 16 40 2000 198
703 16 40 800 109
704 32 96 400 154
705 16 96 2000 115
706 16 64 5000 190
707 16 96 400 176
708 16 64 2000 91
709 32 40 800 157
710 16 64 800 196
711 32 96 800 154
712 16 96 5000 96
713 32 96 5000 175
714 16 96 5000 164
715 32 96 1000 170
716 16 96 800 145
717 32 40 5000 186
718 32 64 400 131
719 32 96 5000 130
720 32 40 5000 125
721 16 40 5000 133
722 16 96 5000 142
723 32 40 2000 156
724 16 40 800 114
725 16 96 2000 94
726 32 40 800 124
727 16 96 1000 98
728 32 40 800 145
729 32 64 2000 130
202
0 364 58 135
0 484 45 122
0 315 68 122
0 714 62 115
2 326 48 134
2 562 53 159
5 464 43 114
6 310 54 109
7 510 57 101
12 607 48 103
13 356 62 114
20 724 44 134
22 64 62 135
26 349 56 179
27 315 52 189
29 627 57 199
31 726 62 196
31 679 51 151
33 347 55 183
34 415 41 176
34 501 63 172
36 674 51 123
40 571 69 95
41 654 56 143
43 489 55 140
45 554 41 137
46 669 50 131
46 412 68 142
47 553 66 104
47 181 64 131
50 147 40 176
51 65 52 175
51 180 58 98
52 262 68 125
55 96 48 129
58 72 60 139
59 579 54 196
60 369 43 190
65 564 56 137
65 218 60 191
66 539 60 100
66 577 65 195
66 575 55 104
67 78 44 130
68 588 70 117
74 162 59 90
75 694 54 191
76 124 68 193
77 306 60 183
78 112 66 136
83 535 52 160
86 179 57 147
87 322 53 90
98 311 46 183
101 708 56 142
105 560 52 119
106 248 41 182
108 332 46 105
108 383 41 161
108 171 42 188
110 381 57 98
113 424 49 153
115 146 43 165
115 210 55 97
117 405 60 188
122 703 64 106
122 592 61 170
122 533 61 121
126 700 70 135
127 617 46 107
128 336 66 200
132 706 69 112
132 210 67 90
135 700 45 141
137 156 69 194
138 386 54 119
138 291 42 148
139 711 52 126
142 221 59 129
142 232 66 101
147 697 70 164
147 423 68 132
150 314 64 155
159 407 67 90
160 498 65 137
160 713 61 183
164 522 68 192
169 589 56 121
170 271 53 144
173 350 50 149
173 684 56 178
174 551 46 155
174 587 49 137
174 691 63 150
178 219 44 127
178 679 54 200
180 576 59 144
181 440 48 175
182 661 47 142
186 456 68 123
188 253 49 115
191 406 48 162
193 196 64 190
195 375 65 115
197 225 42 157
198 420 57 128
199 727 57 133
201 667 56 165
203 432 51 164
205 428 69 172
222 718 40 194
226 392 54 99
226 708 46 151
233 722 68 130
242 603 42 156
244 350 49 119
251 430 52 93
256 597 46 174
258 452 51 124
259 583 51 129
262 314 46 157
262 445 63 191
266 576 59 169
270 722 56 96
284 613 66 91
290 417 51 118
291 587 52 101
292 529 40 159
294 691 53 117
300 683 68 178
302 383 65 158
303 540 50 136
310 676 58 94
312 435 43 113
315 355 60 152
320 451 49 118
324 564 41 121
327 656 64 163
334 725 53 162
334 350 42 194
334 523 45 113
336 573 49 173
346 666 42 153
348 426 44 105
361 649 64 182
362 580 58 121
363 548 65 170
364 474 52 165
367 397 43 168
368 621 65 164
371 546 48 94
373 479 43 123
377 716 57 169
378 539 46 182
380 562 69 92
381 654 55 181
385 547 53 160
386 679 68 160
386 680 53 190
387 678 61 116
395 708 59 161
397 696 47 146
399 715 60 187
400 459 56 183
405 448 58 127
407 674 50 103
411 479 46 161
419 461 64 163
419 554 45 125
422 519 58 187
425 600 58 157
426 495 48 155
426 727 52 180
432 617 50 120
437 721 59 175
438 717 54 177
468 637 65 177
473 532 43 125
477 495 48 92
482 683 65 106
484 625 53 160
492 630 50 168
495 675 64 116
503 535 59 195
504 565 40 157
505 514 55 182
509 703 46 174
513 554 68 184
533 588 61 151
534 609 56 97
537 561 56 169
537 564 44 100
550 639 65 163
586 719 53 171
593 684 50 127
602 728 69 148
618 716 59 174
636 654 50 94
643 645 61 93
644 650 64 104
653 671 48 102
685 719 51 181