572
0 16 40 5000 197
1 32 64 1000 165
2 32 96 800 127
3 16 64 800 137
4 16 40 2000 152
5 16 64 5000 124
6 32 40 2000 177
7 32 40 1000 118
8 32 40 800 102
9 32 40 2000 131
10 16 64 5000 161
11 32 64 2000 109
12 16 96 1000 177
13 32 64 800 152
14 32 96 400 155
15 32 96 400 106
16 32 40 2000 171
17 16 96 2000 194
18 16 40 800 96
19 32 96 1000 184
20 16 96 2000 177
21 32 96 5000 125
22 16 40 400 156
23 16 96 800 126
24 32 40 400 103
25 32 40 400 127
26 16 64 2000 158
27 32 40 800 108
28 32 64 400 122
29 16 64 800 97
30 16 96 2000 139
31 32 64 2000 162
32 16 64 400 105
33 16 96 800 101
34 32 96 1000 111
35 32 64 400 106
36 16 96 5000 147
37 16 96 2000 200
38 16 64 800 155
39 32 64 800 122
40 16 64 800 168
41 32 64 5000 119
42 16 40 5000 181
43 16 40 1000 149
44 32 40 400 94
45 16 96 5000 162
46 32 40 5000 197
47 16 64 400 136
48 16 40 2000 172
49 32 96 800 110
50 32 96 2000 179
51 16 64 800 135
52 32 40 400 102
53 16 40 1000 141
54 16 96 800 121
55 16 96 5000 155
56 16 40 400 171
57 16 40 5000 92
58 32 96 1000 141
59 16 64 1000 127
60 32 96 1000 174
61 16 96 800 102
62 16 64 1000 114
63 32 96 800 156
64 32 64 5000 128
65 16 40 1000 116
66 32 96 800 95
67 16 64 1000 192
68 32 96 1000 162
69 16 96 400 136
70 32 64 400 166
71 16 96 400 151
72 32 40 2000 193
73 16 40 400 103
74 16 64 5000 158
75 32 96 800 132
76 16 96 400 97
77 32 64 1000 179
78 32 64 1000 135
79 32 64 2000 126
80 32 40 1000 102
81 32 40 2000 167
82 32 40 800 92
83 32 96 800 180
84 16 96 5000 134
85 16 40 1000 110
86 16 64 2000 120
87 32 40 2000 123
88 16 96 5000 155
89 16 96 1000 133
90 32 40 2000 123
91 32 40 1000 122
92 32 96 5000 198
93 32 96 400 118
94 16 40 800 114
95 32 40 5000 123
96 16 64 5000 92
97 32 40 5000 139
98 16 40 5000 164
99 16 96 1000 172
100 32 96 400 136
101 32 96 1000 144
102 32 40 400 117
103 32 96 800 187
104 16 96 800 164
105 32 64 800 105
106 16 40 400 116
107 32 96 5000 146
108 16 96 2000 200
109 32 40 5000 114
110 16 40 5000 108
111 32 40 5000 174
112 16 64 400 119
113 16 96 5000 145
114 32 96 400 199
115 32 96 5000 169
116 16 96 2000 179
117 16 64 5000 126
118 32 96 5000 131
119 16 96 400 157
120 16 64 800 124
121 16 64 2000 108
122 32 64 400 163
123 16 64 1000 129
124 16 96 5000 96
125 32 40 2000 161
126 16 64 2000 137
127 32 96 5000 107
128 32 40 5000 147
129 16 96 400 167
130 32 64 800 129
131 32 64 5000 106
132 32 96 2000 178
133 16 96 5000 139
134 32 64 800 161
135 16 64 400 114
136 32 40 400 196
137 16 64 2000 133
138 16 64 800 93
139 32 96 5000 124
140 32 40 800 95
141 16 96 1000 184
142 32 96 800 159
143 16 40 2000 112
144 32 96 5000 139
145 16 96 5000 163
146 16 40 2000 103
147 32 64 2000 198
148 32 96 1000 129
149 16 96 2000 157
150 32 64 1000 172
151 32 64 400 119
152 16 96 5000 177
153 16 64 400 153
154 16 40 800 97
155 32 40 5000 133
156 32 96 2000 103
157 32 96 400 126
158 32 64 1000 186
159 16 64 5000 169
160 16 96 1000 99
161 16 96 1000 181
162 16 40 400 134
163 32 64 2000 92
164 32 64 2000 177
165 16 96 1000 90
166 16 40 5000 116
167 32 96 1000 169
168 16 64 800 159
169 16 64 1000 163
170 32 40 800 90
171 16 96 1000 121
172 16 96 1000 191
173 16 64 1000 115
174 32 40 1000 169
175 16 64 2000 144
176 32 96 800 165
177 32 40 5000 185
178 32 96 5000 93
179 16 96 2000 171
180 32 40 400 124
181 16 40 2000 146
182 32 40 2000 161
183 16 40 1000 199
184 32 64 800 161
185 32 96 5000 170
186 16 64 800 117
187 16 96 1000 141
188 16 64 5000 158
189 32 40 2000 144
190 16 64 800 176
191 16 64 400 170
192 16 64 800 153
193 16 64 400 189
194 16 64 1000 200
195 32 40 800 199
196 32 96 5000 174
197 16 40 800 113
198 16 64 800 162
199 32 64 1000 100
200 32 40 400 110
201 32 40 5000 165
202 32 64 5000 96
203 16 64 2000 163
204 32 96 800 182
205 32 64 1000 160
206 32 96 1000 190
207 16 64 2000 175
208 16 64 2000 181
209 16 96 5000 144
210 32 64 5000 98
211 32 40 1000 144
212 32 96 2000 125
213 16 64 800 110
214 16 64 2000 170
215 32 40 800 187
216 32 64 5000 159
217 16 40 800 192
218 32 40 1000 115
219 16 96 2000 188
220 32 40 800 200
221 32 40 1000 144
222 16 96 400 174
223 32 96 800 110
224 32 40 800 166
225 16 64 800 137
226 32 96 2000 151
227 32 64 400 144
228 32 40 400 140
229 16 64 2000 186
230 32 64 400 157
231 16 64 5000 92
232 16 40 800 143
233 16 64 5000 200
234 16 96 400 113
235 16 64 5000 167
236 16 96 800 147
237 32 96 400 187
238 32 96 1000 153
239 16 64 2000 90
240 16 40 5000 165
241 16 40 5000 142
242 32 64 400 124
243 16 40 400 107
244 16 40 800 116
245 32 64 5000 129
246 16 40 800 95
247 16 96 1000 159
248 32 64 400 114
249 16 96 1000 92
250 32 40 2000 108
251 32 40 5000 162
252 32 64 400 100
253 16 40 5000 191
254 32 96 5000 100
255 32 40 400 156
256 16 40 1000 133
257 16 64 800 183
258 32 40 1000 188
259 16 64 5000 189
260 32 96 1000 128
261 16 40 400 110
262 16 64 1000 133
263 32 40 1000 138
264 32 96 400 129
265 16 64 2000 100
266 32 64 800 144
267 32 64 800 188
268 16 96 400 139
269 32 40 1000 192
270 32 64 800 114
271 32 40 400 125
272 16 96 400 110
273 32 96 5000 175
274 16 40 5000 127
275 32 40 1000 92
276 32 40 2000 185
277 16 64 400 173
278 32 96 5000 149
279 32 96 2000 115
280 32 40 800 177
281 16 96 5000 108
282 32 96 800 164
283 32 64 5000 130
284 16 64 5000 101
285 16 64 400 185
286 32 40 2000 193
287 32 40 5000 155
288 32 96 5000 170
289 32 96 2000 170
290 16 64 5000 176
291 32 40 400 180
292 16 64 800 91
293 32 96 5000 152
294 32 96 1000 115
295 16 40 800 174
296 16 40 400 174
297 32 40 5000 117
298 32 40 5000 145
299 32 64 2000 182
300 32 96 1000 105
301 16 64 800 137
302 16 40 400 173
303 16 96 1000 94
304 16 96 1000 199
305 16 64 800 200
306 32 40 800 114
307 16 64 1000 136
308 16 64 1000 115
309 32 40 1000 111
310 16 64 5000 199
311 32 40 2000 184
312 16 96 2000 161
313 32 40 800 162
314 16 40 2000 139
315 16 96 1000 169
316 32 96 2000 133
317 16 96 800 193
318 32 64 800 128
319 32 96 5000 197
320 16 96 1000 128
321 16 64 5000 127
322 16 40 5000 136
323 32 64 5000 113
324 16 96 5000 148
325 32 40 5000 172
326 32 64 800 97
327 32 64 800 124
328 16 40 800 147
329 16 96 800 93
330 16 40 400 200
331 32 96 5000 133
332 16 40 1000 134
333 16 64 1000 131
334 16 64 1000 150
335 32 96 800 171
336 16 64 800 163
337 16 64 2000 194
338 16 40 800 112
339 32 96 1000 191
340 32 40 2000 164
341 16 96 2000 167
342 32 64 5000 176
343 16 64 1000 108
344 16 96 800 138
345 16 64 2000 132
346 32 96 1000 169
347 32 96 800 143
348 16 96 2000 178
349 32 64 400 158
350 16 64 1000 143
351 32 96 1000 173
352 32 40 5000 105
353 32 40 1000 166
354 32 40 2000 132
355 32 40 800 147
356 32 40 2000 124
357 16 96 400 200
358 16 40 1000 171
359 32 40 2000 191
360 16 64 800 179
361 16 40 400 197
362 16 40 800 186
363 16 96 800 140
364 16 40 2000 101
365 16 40 2000 184
366 32 96 800 163
367 32 40 1000 123
368 16 96 1000 151
369 16 64 400 168
370 32 40 1000 171
371 16 96 1000 130
372 32 96 1000 166
373 16 96 400 176
374 32 96 800 177
375 32 64 5000 125
376 16 40 1000 153
377 32 64 2000 133
378 32 40 1000 135
379 16 96 800 91
380 16 96 800 150
381 16 96 1000 94
382 16 64 400 196
383 32 40 5000 136
384 32 40 5000 177
385 16 40 5000 102
386 32 64 800 118
387 16 96 2000 123
388 16 40 400 111
389 16 40 1000 121
390 32 64 5000 98
391 16 64 2000 98
392 16 40 1000 182
393 16 96 800 135
394 16 40 1000 115
395 16 40 400 111
396 32 64 1000 99
397 16 40 1000 172
398 32 96 800 97
399 16 64 5000 165
400 16 64 5000 193
401 16 64 400 103
402 16 40 2000 144
403 32 64 5000 111
404 16 96 1000 150
405 16 64 5000 140
406 32 96 800 103
407 16 40 2000 145
408 16 40 400 150
409 32 64 2000 120
410 32 96 2000 179
411 16 40 2000 192
412 16 40 400 184
413 16 96 400 141
414 32 64 1000 129
415 32 96 2000 151
416 16 64 400 166
417 16 96 800 122
418 32 96 800 149
419 32 96 800 140
420 32 64 800 156
421 32 40 2000 153
422 16 40 800 198
423 16 40 5000 178
424 16 96 1000 184
425 16 64 800 173
426 32 96 5000 185
427 32 40 2000 175
428 32 96 1000 100
429 16 64 2000 130
430 16 64 2000 112
431 32 64 400 184
432 16 40 800 169
433 16 64 1000 200
434 16 40 800 159
435 16 40 5000 119
436 32 64 1000 161
437 32 64 1000 164
438 32 40 5000 90
439 32 96 2000 180
440 32 64 400 127
441 32 96 1000 176
442 16 96 5000 150
443 32 96 800 147
444 16 64 2000 140
445 16 96 800 168
446 16 40 400 199
447 32 64 800 153
448 16 40 2000 165
449 32 96 1000 146
450 16 64 5000 94
451 32 40 5000 175
452 16 40 1000 104
453 32 64 400 125
454 16 64 1000 102
455 16 40 5000 158
456 16 40 5000 181
457 32 40 1000 180
458 32 96 2000 129
459 16 96 800 152
460 32 64 2000 151
461 32 96 1000 174
462 32 64 400 117
463 16 40 5000 129
464 16 40 400 104
465 16 96 2000 117
466 16 40 800 118
467 16 40 2000 185
468 32 96 800 124
469 16 40 1000 91
470 16 40 5000 172
471 16 96 5000 199
472 16 64 1000 182
473 16 40 1000 190
474 32 40 5000 153
475 32 64 400 158
476 32 96 1000 188
477 32 40 400 186
478 32 96 400 175
479 16 96 2000 163
480 32 96 800 118
481 32 40 800 123
482 16 40 400 182
483 32 96 1000 189
484 32 96 400 172
485 16 96 2000 166
486 32 96 1000 151
487 16 40 1000 189
488 16 96 2000 137
489 16 64 800 102
490 32 40 2000 182
491 16 40 5000 96
492 16 40 5000 120
493 32 40 400 174
494 32 64 400 179
495 16 96 800 146
496 16 96 2000 157
497 32 64 1000 95
498 16 40 2000 154
499 16 96 5000 127
500 16 40 5000 197
501 32 40 2000 93
502 32 96 2000 183
503 32 96 400 195
504 16 64 800 120
505 16 96 1000 124
506 32 96 800 106
507 16 96 1000 150
508 32 40 2000 170
509 32 96 2000 158
510 16 64 5000 125
511 32 96 5000 187
512 32 40 5000 106
513 32 96 400 149
514 16 96 400 132
515 32 64 2000 176
516 32 64 5000 154
517 32 96 2000 103
518 16 40 1000 186
519 16 64 1000 162
520 16 40 1000 142
521 16 64 800 147
522 32 64 5000 135
523 32 64 2000 186
524 16 40 800 183
525 16 40 2000 188
526 32 64 800 178
527 32 40 2000 128
528 32 96 800 137
529 32 96 800 159
530 32 96 800 124
531 16 40 1000 157
532 16 64 800 99
533 16 64 2000 142
534 16 96 5000 118
535 32 40 400 165
536 32 64 800 118
537 16 64 1000 129
538 32 64 5000 129
539 32 64 2000 127
540 32 40 2000 150
541 16 64 1000 198
542 32 64 1000 107
543 32 64 1000 93
544 32 64 400 131
545 32 40 1000 173
546 32 40 2000 133
547 16 64 400 93
548 32 40 400 115
549 32 40 5000 151
550 16 64 5000 152
551 32 40 2000 187
552 32 40 5000 121
553 32 96 2000 105
554 32 40 5000 184
555 16 40 2000 180
556 16 40 800 137
557 32 40 400 142
558 16 96 5000 152
559 16 96 2000 115
560 16 40 2000 196
561 16 64 800 91
562 16 40 5000 104
563 16 96 800 182
564 32 40 800 104
565 32 96 800 198
566 16 96 5000 102
567 16 40 800 142
568 16 40 2000 184
569 16 96 400 198
570 16 64 1000 141
571 16 40 1000 130
172
0 191 49 183
0 301 70 133
2 456 40 94
3 242 42 108
4 115 66 94
5 340 52 105
7 388 62 188
7 270 57 188
8 436 67 93
9 58 69 178
9 337 45 114
13 182 43 107
17 395 58 91
17 494 65 198
24 84 70 157
24 456 53 100
27 304 48 110
28 477 48 137
28 312 67 117
29 287 70 162
29 407 50 149
30 186 47 115
33 424 64 192
33 256 59 172
36 242 68 181
37 162 70 178
39 529 66 195
42 218 48 98
51 103 40 102
52 233 59 91
56 265 70 120
59 339 53 158
59 504 63 103
63 262 66 178
65 308 68 172
65 136 50 123
67 477 66 142
69 184 63 175
72 554 40 148
72 370 67 92
74 201 46 98
79 488 55 150
80 319 68 161
82 185 47 146
85 316 50 177
89 152 70 190
89 545 50 142
91 314 49 151
95 544 65 138
95 319 63 106
95 553 59 99
97 338 45 142
98 387 52 184
104 534 43 179
106 332 54 114
109 280 44 173
111 185 62 191
112 407 65 145
114 540 58 156
121 193 51 120
122 505 42 141
126 318 62 120
127 365 53 110
127 140 69 119
127 454 54 138
128 424 41 95
129 183 55 101
129 471 60 132
131 394 44 109
133 500 54 134
135 541 47 176
136 242 68 163
144 438 61 188
145 460 70 155
146 386 66 195
156 316 49 127
156 395 68 177
156 253 68 194
158 370 42 155
160 191 56 140
162 217 44 105
163 359 47 152
163 560 64 149
164 321 44 141
168 520 54 169
169 200 40 141
172 275 59 189
173 488 54 150
173 191 40 176
174 220 51 164
176 533 64 186
176 446 67 127
177 407 40 197
180 569 61 191
180 384 56 177
185 556 54 139
186 229 48 177
186 275 52 130
190 494 61 95
191 323 46 97
192 332 69 136
192 218 41 100
192 344 63 119
197 413 66 119
199 472 45 98
202 423 65 181
204 280 46 192
209 569 58 149
211 508 46 185
212 556 43 176
214 540 66 188
214 556 40 94
218 402 58 154
218 402 45 128
219 563 48 148
220 562 47 144
221 336 40 153
221 385 51 121
226 476 68 186
226 548 62 185
228 312 46 167
233 287 57 104
235 547 56 167
236 545 46 100
243 421 70 186
245 506 54 171
246 433 49 111
249 456 57 93
261 365 52 185
263 408 44 109
268 508 48 140
271 335 41 178
274 483 58 175
282 526 41 119
284 523 60 183
285 376 55 124
285 357 55 144
287 567 64 156
290 361 61 138
292 381 48 178
297 307 70 114
304 343 65 150
307 457 65 199
321 459 65 120
326 362 54 180
326 345 70 100
335 563 41 137
341 567 41 164
342 373 67 109
343 402 60 184
356 474 64 189
360 516 49 180
371 425 66 98
372 446 57 119
375 489 44 136
380 456 40 158
382 428 64 183
391 428 67 155
395 445 48 158
395 559 45 126
401 434 42 182
417 548 54 167
424 555 45 123
429 535 50 158
435 507 65 166
469 536 63 172
486 558 49 158
488 571 62 148
498 513 44 197
501 551 55 158
525 568 59 149
538 553 48 177