496
0 16 40 400 131
1 32 40 5000 115
2 32 96 400 184
3 32 64 400 187
4 32 96 2000 147
5 32 40 800 90
6 16 96 1000 138
7 16 40 5000 111
8 32 40 1000 108
9 16 96 400 99
10 16 40 5000 126
11 32 40 2000 106
12 32 40 1000 177
13 16 96 400 130
14 32 64 1000 178
15 32 64 1000 112
16 32 40 1000 182
17 16 40 5000 187
18 16 96 800 198
19 16 64 800 140
20 16 64 2000 119
21 16 96 2000 149
22 32 40 400 104
23 32 96 400 163
24 16 40 1000 157
25 32 96 800 177
26 32 96 5000 125
27 32 40 1000 198
28 32 96 2000 198
29 16 64 400 105
30 32 40 5000 194
31 32 96 400 128
32 16 96 1000 158
33 16 64 5000 117
34 16 64 1000 171
35 32 64 800 122
36 16 40 800 90
37 32 64 5000 159
38 32 40 800 185
39 32 96 5000 124
40 16 96 800 122
41 16 40 5000 170
42 32 64 5000 180
43 16 64 1000 179
44 32 64 800 186
45 32 40 2000 115
46 16 64 2000 181
47 16 40 2000 137
48 16 64 5000 94
49 16 40 1000 134
50 32 96 800 131
51 32 40 400 150
52 16 64 2000 140
53 32 64 800 96
54 16 64 5000 146
55 16 96 400 128
56 16 96 2000 144
57 32 40 2000 143
58 16 64 800 96
59 32 96 800 123
60 32 96 2000 189
61 16 96 800 193
62 16 96 800 118
63 32 64 5000 116
64 16 96 800 156
65 32 64 1000 144
66 32 64 1000 168
67 32 40 800 138
68 32 40 800 161
69 16 40 400 100
70 32 96 5000 169
71 32 96 800 122
72 16 40 5000 98
73 16 96 1000 182
74 32 96 5000 156
75 16 40 800 168
76 16 40 2000 119
77 32 96 800 178
78 16 40 400 121
79 16 64 5000 172
80 32 96 5000 185
81 32 96 5000 157
82 32 64 400 145
83 16 40 1000 127
84 16 40 400 194
85 32 96 800 158
86 16 64 400 107
87 32 96 400 158
88 32 96 2000 183
89 32 40 400 156
90 16 96 2000 198
91 32 64 400 104
92 16 96 5000 123
93 32 40 1000 104
94 16 96 400 116
95 16 96 5000 131
96 32 64 800 118
97 32 64 5000 104
98 32 40 800 185
99 16 96 800 100
100 16 40 2000 161
101 16 96 1000 180
102 16 64 2000 134
103 32 64 5000 110
104 32 96 800 154
105 16 64 1000 175
106 32 96 1000 160
107 16 40 5000 131
108 16 64 1000 132
109 16 40 800 110
110 32 64 400 123
111 16 40 2000 140
112 32 64 5000 173
113 32 40 800 140
114 32 64 5000 143
115 32 40 5000 185
116 32 64 5000 160
117 16 64 400 185
118 16 64 2000 177
119 32 64 2000 125
120 16 96 800 92
121 32 64 800 193
122 32 40 800 155
123 32 64 400 117
124 16 64 1000 160
125 32 40 800 117
126 16 96 800 92
127 16 96 2000 179
128 32 64 400 197
129 16 96 800 193
130 32 64 5000 169
131 16 96 5000 179
132 32 64 5000 194
133 16 40 2000 158
134 16 96 5000 108
135 16 40 1000 128
136 32 64 400 173
137 16 96 2000 197
138 16 40 2000 190
139 32 64 800 157
140 16 96 400 174
141 16 40 800 131
142 16 64 5000 120
143 32 40 2000 169
144 32 40 400 153
145 32 64 5000 150
146 16 64 5000 140
147 32 40 400 184
148 16 64 1000 97
149 32 96 800 157
150 16 64 400 196
151 32 96 5000 134
152 32 40 5000 160
153 16 40 1000 194
154 32 64 400 107
155 32 64 400 102
156 32 96 400 181
157 16 96 400 197
158 16 96 2000 161
159 16 40 1000 127
160 16 64 400 130
161 16 64 2000 149
162 32 96 2000 181
163 32 64 2000 170
164 32 64 1000 159
165 32 40 400 104
166 16 40 800 182
167 32 64 400 159
168 32 96 2000 179
169 32 64 2000 132
170 32 64 2000 111
171 32 96 400 195
172 32 64 800 144
173 16 96 400 100
174 16 40 400 189
175 16 40 2000 135
176 16 96 2000 133
177 32 40 5000 101
178 16 96 2000 91
179 32 64 2000 108
180 32 40 1000 135
181 32 96 400 130
182 16 64 1000 106
183 16 40 5000 191
184 16 64 1000 157
185 32 40 2000 173
186 32 96 800 134
187 32 96 1000 119
188 32 96 1000 110
189 16 40 800 164
190 16 40 800 175
191 32 40 800 124
192 16 96 1000 134
193 16 40 1000 95
194 16 96 400 136
195 32 96 2000 192
196 16 40 800 98
197 16 40 2000 116
198 16 64 2000 163
199 32 96 5000 118
200 16 96 400 122
201 32 64 2000 188
202 16 96 400 108
203 32 64 800 164
204 32 96 2000 92
205 32 40 800 119
206 32 64 2000 121
207 32 40 1000 120
208 16 40 400 185
209 16 96 5000 192
210 16 96 2000 133
211 16 40 5000 183
212 16 64 2000 123
213 32 40 800 108
214 32 64 5000 195
215 16 40 1000 188
216 32 40 400 113
217 16 96 5000 144
218 32 40 400 194
219 32 96 2000 166
220 16 64 800 175
221 16 64 800 187
222 32 96 5000 127
223 32 96 5000 152
224 32 96 5000 130
225 16 40 5000 192
226 16 40 1000 136
227 32 40 2000 108
228 16 40 5000 184
229 16 96 400 99
230 16 64 400 138
231 16 40 2000 107
232 16 40 400 187
233 16 96 800 187
234 16 96 800 182
235 16 40 1000 163
236 32 96 1000 129
237 16 64 1000 119
238 16 40 1000 139
239 32 64 2000 156
240 32 64 400 158
241 32 64 800 139
242 32 40 800 155
243 32 64 2000 184
244 16 96 5000 151
245 16 40 400 179
246 32 96 800 151
247 32 96 5000 163
248 32 40 800 190
249 16 40 400 114
250 16 40 1000 165
251 32 64 5000 99
252 32 96 400 178
253 32 40 1000 182
254 16 96 2000 110
255 16 40 1000 175
256 32 40 2000 145
257 16 96 800 174
258 16 64 400 198
259 32 96 800 101
260 32 96 5000 98
261 16 96 1000 95
262 32 96 5000 113
263 16 64 400 143
264 16 40 800 121
265 16 40 5000 92
266 16 64 2000 162
267 32 64 1000 196
268 16 40 400 154
269 16 96 2000 133
270 16 96 5000 99
271 32 96 800 115
272 32 64 1000 173
273 32 40 1000 104
274 16 40 5000 147
275 32 40 5000 178
276 16 64 5000 164
277 32 40 400 192
278 32 40 2000 177
279 32 96 800 97
280 32 96 400 128
281 32 40 1000 136
282 32 64 1000 200
283 32 96 1000 123
284 32 40 5000 154
285 16 64 400 166
286 32 40 5000 114
287 16 96 1000 133
288 32 64 1000 136
289 32 96 5000 97
290 32 64 400 102
291 32 96 400 180
292 32 64 5000 114
293 16 64 800 175
294 32 40 1000 192
295 16 64 1000 153
296 16 64 5000 151
297 16 64 400 167
298 32 40 1000 112
299 16 96 800 95
300 32 96 800 111
301 32 64 1000 147
302 16 40 400 179
303 16 40 400 127
304 32 96 1000 144
305 16 96 800 194
306 16 40 5000 162
307 16 64 400 191
308 16 96 1000 180
309 32 40 1000 159
310 32 40 2000 189
311 16 64 800 191
312 16 96 400 131
313 32 40 400 110
314 32 96 5000 167
315 16 64 5000 112
316 16 40 400 112
317 32 96 400 199
318 32 64 5000 161
319 16 64 400 198
320 32 96 800 144
321 16 40 1000 91
322 32 96 2000 128
323 32 64 400 156
324 32 40 800 108
325 32 64 2000 124
326 32 40 400 160
327 16 40 1000 108
328 32 64 1000 127
329 16 96 1000 96
330 32 64 800 150
331 32 96 2000 187
332 16 96 800 108
333 32 40 2000 186
334 16 64 5000 122
335 32 96 800 189
336 32 64 5000 171
337 16 40 2000 182
338 32 96 800 189
339 16 96 1000 134
340 32 96 800 125
341 16 40 400 145
342 32 40 1000 127
343 16 64 5000 155
344 32 40 5000 98
345 16 40 800 105
346 16 64 2000 128
347 32 96 800 183
348 16 64 1000 128
349 32 64 800 95
350 16 40 400 90
351 16 96 5000 103
352 16 64 800 110
353 16 96 2000 122
354 32 40 1000 164
355 16 40 1000 194
356 32 64 5000 190
357 32 64 2000 116
358 16 64 2000 116
359 32 40 2000 144
360 32 96 800 172
361 16 40 2000 166
362 32 40 800 119
363 32 64 400 182
364 32 96 5000 97
365 16 64 400 174
366 32 96 2000 101
367 32 64 2000 97
368 16 96 400 144
369 16 96 400 93
370 32 96 800 115
371 16 96 1000 96
372 16 64 400 177
373 32 40 1000 178
374 32 40 2000 189
375 16 64 1000 95
376 32 40 1000 196
377 32 96 2000 189
378 16 40 2000 136
379 32 40 2000 159
380 16 96 5000 121
381 16 64 5000 95
382 32 96 2000 173
383 32 64 800 134
384 32 96 5000 116
385 16 64 400 135
386 16 64 800 198
387 16 96 1000 194
388 32 96 400 124
389 16 96 400 176
390 32 96 1000 117
391 32 96 800 126
392 16 40 800 185
393 16 64 2000 100
394 32 40 5000 120
395 32 40 1000 172
396 32 96 1000 180
397 16 96 2000 184
398 16 64 400 121
399 16 64 800 167
400 32 96 800 188
401 16 40 400 119
402 16 96 2000 106
403 32 40 1000 128
404 32 96 1000 192
405 16 40 400 197
406 16 64 800 116
407 32 64 1000 159
408 16 40 800 101
409 16 40 400 194
410 32 64 5000 91
411 16 64 1000 199
412 16 96 1000 195
413 16 96 5000 131
414 32 96 1000 199
415 32 96 400 176
416 32 40 1000 119
417 32 40 1000 182
418 32 40 800 125
419 16 64 400 197
420 16 40 400 168
421 16 64 800 169
422 32 96 800 158
423 32 96 400 182
424 16 96 1000 193
425 16 96 1000 165
426 16 40 1000 103
427 32 64 5000 186
428 16 40 1000 150
429 16 64 400 134
430 32 40 1000 170
431 32 96 2000 186
432 16 96 400 134
433 16 96 800 153
434 16 64 5000 145
435 32 40 2000 176
436 16 96 5000 197
437 32 96 800 126
438 16 64 800 90
439 32 40 1000 200
440 32 40 400 127
441 32 40 2000 96
442 16 64 1000 135
443 16 64 2000 145
444 16 64 5000 195
445 32 64 800 181
446 16 96 2000 145
447 32 40 1000 196
448 32 40 800 147
449 16 64 1000 180
450 32 96 1000 156
451 16 64 800 128
452 16 64 5000 92
453 32 40 800 125
454 16 64 1000 174
455 32 64 1000 131
456 32 40 2000 188
457 16 40 5000 198
458 32 40 400 162
459 32 40 800 175
460 32 96 2000 166
461 32 64 800 158
462 32 96 400 121
463 32 96 800 106
464 32 40 800 120
465 32 64 1000 148
466 16 64 1000 99
467 32 40 2000 145
468 16 40 2000 110
469 32 64 2000 195
470 16 96 2000 144
471 32 64 1000 154
472 16 64 1000 169
473 32 96 1000 189
474 32 64 400 181
475 16 96 5000 185
476 32 96 2000 128
477 32 64 400 190
478 32 40 800 98
479 32 40 400 199
480 32 40 1000 139
481 32 64 5000 185
482 32 40 5000 126
483 16 96 2000 157
484 16 64 400 133
485 16 40 2000 199
486 16 96 1000 95
487 16 64 400 166
488 16 96 400 166
489 32 40 1000 139
490 16 64 1000 124
491 32 40 5000 97
492 32 96 400 97
493 16 64 800 91
494 32 96 1000 192
495 32 96 400 183
63
0 148 55 106
1 288 41 93
3 68 44 92
6 232 62 134
10 309 52 135
13 60 41 146
17 413 44 160
19 385 41 104
19 344 55 126
33 455 59 190
39 491 60 104
45 102 64 92
49 278 46 90
49 340 58 171
56 266 69 144
59 147 58 190
62 138 70 186
63 333 42 166
75 191 40 153
84 466 61 154
87 174 40 190
91 314 53 161
118 373 69 200
125 256 56 169
130 457 49 108
132 166 47 119
137 146 41 113
144 485 52 96
154 440 59 150
158 474 59 110
163 178 43 120
167 347 45 111
172 454 55 98
182 287 56 90
187 244 49 93
189 249 47 114
192 225 51 145
193 382 70 107
196 225 50 102
203 274 70 138
204 301 59 181
205 430 63 102
210 234 57 194
221 389 60 125
225 243 44 111
232 382 49 125
234 278 40 122
249 251 60 144
249 348 53 117
266 429 49 159
271 387 62 119
278 333 68 120
286 480 42 158
286 398 43 154
296 394 60 128
313 361 70 157
346 351 41 188
359 425 54 169
375 397 54 102
381 461 66 103
402 461 65 121
404 410 69 192
417 430 63 166