628
0 64 16 500 66
1 4 8 500 47
2 32 16 500 65
3 16 64 100 37
4 16 8 2000 88
5 16 64 500 84
6 4 16 2000 73
7 4 8 100 72
8 16 64 2000 33
9 4 64 2000 70
10 32 128 200 40
11 32 8 500 59
12 16 128 1000 70
13 4 8 2000 54
14 4 128 100 47
15 16 8 100 60
16 64 64 100 36
17 32 128 200 54
18 64 64 200 56
19 16 128 200 32
20 64 128 500 73
21 4 8 500 66
22 64 16 2000 76
23 32 16 100 99
24 64 64 2000 98
25 16 64 500 72
26 64 128 2000 83
27 4 8 200 46
28 16 16 500 58
29 16 128 2000 73
30 32 128 200 33
31 64 8 1000 96
32 64 8 500 49
33 32 64 500 43
34 64 128 200 57
35 64 16 2000 78
36 4 16 2000 57
37 16 64 500 70
38 16 128 100 62
39 4 128 200 34
40 64 64 200 48
41 16 16 1000 45
42 32 64 2000 51
43 16 8 1000 33
44 32 16 100 43
45 32 16 100 98
46 4 8 100 66
47 16 16 500 40
48 32 128 200 35
49 16 8 500 52
50 32 128 2000 57
51 64 128 500 89
52 4 128 2000 66
53 4 8 200 87
54 16 16 200 68
55 4 128 200 65
56 16 128 100 92
57 16 16 200 45
58 64 128 100 85
59 64 16 1000 86
60 16 128 500 45
61 16 16 2000 83
62 64 16 1000 86
63 16 8 1000 32
64 32 128 2000 72
65 16 128 1000 68
66 32 64 2000 68
67 16 64 100 70
68 16 16 2000 73
69 16 128 100 77
70 16 16 500 38
71 64 128 2000 79
72 32 8 200 79
73 64 128 200 73
74 4 8 100 97
75 4 8 1000 64
76 4 128 500 44
77 64 8 1000 61
78 16 128 500 32
79 32 128 100 43
80 4 8 100 98
81 64 128 500 56
82 64 16 100 91
83 64 128 1000 72
84 4 16 500 79
85 32 16 100 84
86 4 8 500 92
87 16 64 2000 58
88 4 64 1000 43
89 16 64 2000 46
90 16 16 100 76
91 16 8 100 77
92 4 16 200 33
93 16 8 1000 45
94 64 128 2000 80
95 16 128 2000 89
96 16 8 1000 54
97 4 16 1000 95
98 16 64 500 42
99 64 8 200 87
100 64 16 500 69
101 64 16 200 66
102 16 8 1000 76
103 64 16 500 90
104 4 16 500 59
105 32 16 2000 59
106 4 8 100 62
107 64 8 1000 80
108 64 8 500 68
109 16 128 500 74
110 16 128 500 91
111 16 64 200 91
112 4 128 100 87
113 16 128 200 95
114 4 128 100 65
115 64 16 100 78
116 32 128 500 41
117 32 8 1000 97
118 4 64 100 82
119 4 64 500 80
120 16 8 1000 54
121 16 64 2000 63
122 16 128 2000 78
123 64 128 100 61
124 16 16 200 57
125 64 8 1000 53
126 16 8 100 88
127 4 16 500 85
128 32 8 1000 53
129 16 128 2000 79
130 4 8 100 72
131 4 64 500 74
132 4 64 100 78
133 32 128 1000 77
134 4 64 500 55
135 4 16 500 32
136 16 16 2000 86
137 32 8 200 100
138 64 8 1000 52
139 64 16 100 30
140 32 64 1000 35
141 64 128 1000 84
142 32 64 100 32
143 4 64 500 82
144 32 8 500 36
145 4 64 200 55
146 32 16 200 52
147 4 8 500 66
148 16 128 100 83
149 16 64 200 37
150 32 16 100 98
151 16 64 1000 78
152 64 128 1000 100
153 32 16 2000 75
154 16 16 100 38
155 4 16 200 58
156 32 16 200 64
157 16 128 500 76
158 64 8 200 34
159 64 128 1000 54
160 64 16 100 35
161 32 128 500 66
162 4 16 1000 74
163 32 64 1000 53
164 16 8 200 59
165 32 16 100 82
166 4 16 2000 67
167 16 16 2000 59
168 64 64 1000 88
169 32 128 500 59
170 16 16 100 57
171 64 16 2000 58
172 16 128 500 34
173 4 16 500 74
174 4 128 2000 80
175 32 64 2000 89
176 64 128 2000 84
177 16 16 2000 81
178 4 16 500 97
179 64 128 100 99
180 64 8 200 73
181 32 64 100 57
182 4 16 100 90
183 64 64 100 67
184 64 8 200 31
185 16 8 500 53
186 32 64 2000 82
187 4 16 200 91
188 16 128 100 30
189 64 8 2000 34
190 16 64 100 69
191 16 64 2000 53
192 64 16 200 53
193 16 64 200 95
194 64 8 1000 60
195 64 64 500 55
196 32 64 100 65
197 32 8 1000 98
198 32 128 1000 55
199 16 8 500 30
200 32 128 200 51
201 64 128 1000 65
202 64 8 1000 87
203 32 128 200 62
204 64 16 500 65
205 16 128 100 97
206 64 8 500 66
207 16 64 100 45
208 32 16 100 38
209 16 8 1000 44
210 64 64 1000 59
211 4 128 1000 36
212 16 64 200 59
213 16 128 2000 62
214 4 16 500 60
215 32 8 2000 100
216 64 64 500 52
217 32 16 2000 71
218 32 16 1000 43
219 4 8 1000 97
220 32 64 2000 97
221 16 128 100 45
222 16 16 1000 65
223 16 128 500 50
224 16 128 200 39
225 32 128 500 55
226 4 16 100 82
227 32 8 200 32
228 64 8 2000 32
229 4 128 2000 83
230 16 8 2000 62
231 64 16 1000 38
232 64 8 500 72
233 32 8 500 84
234 4 128 100 98
235 16 8 1000 39
236 4 8 500 99
237 64 16 1000 35
238 64 8 2000 51
239 64 64 200 67
240 32 128 1000 100
241 32 128 500 61
242 16 64 200 53
243 32 16 1000 45
244 4 8 1000 56
245 4 16 2000 38
246 32 64 200 68
247 64 16 2000 97
248 64 8 2000 100
249 64 16 2000 97
250 32 128 1000 67
251 16 128 2000 39
252 16 16 1000 84
253 16 64 1000 90
254 32 16 200 53
255 4 64 100 58
256 32 128 2000 63
257 4 8 500 74
258 4 128 200 67
259 4 64 1000 89
260 4 16 2000 36
261 4 128 2000 47
262 32 8 1000 67
263 16 64 1000 37
264 16 8 500 52
265 4 128 500 81
266 64 8 200 57
267 16 128 1000 100
268 16 8 100 59
269 16 16 2000 43
270 4 64 200 67
271 4 64 1000 41
272 64 64 500 32
273 64 8 100 60
274 32 8 1000 91
275 16 8 100 57
276 4 16 200 97
277 32 64 1000 31
278 16 8 100 40
279 16 8 200 69
280 16 128 1000 87
281 64 64 500 96
282 64 64 100 69
283 32 16 200 75
284 64 16 100 92
285 16 8 1000 63
286 4 128 2000 59
287 16 8 100 100
288 64 128 100 87
289 32 8 200 36
290 32 16 100 43
291 64 64 200 100
292 32 8 500 80
293 64 16 1000 69
294 64 128 2000 94
295 16 16 200 87
296 64 128 500 96
297 4 16 200 49
298 32 16 1000 51
299 32 128 500 57
300 16 128 200 83
301 32 64 500 45
302 32 64 1000 30
303 32 128 200 43
304 64 16 500 65
305 64 64 1000 45
306 32 8 100 55
307 32 16 100 68
308 32 16 1000 32
309 4 16 1000 43
310 4 128 500 97
311 32 16 100 86
312 64 8 1000 88
313 4 64 100 94
314 64 16 200 95
315 16 8 200 100
316 32 8 500 59
317 64 16 500 78
318 32 16 200 83
319 64 64 2000 60
320 32 16 1000 43
321 16 16 1000 85
322 64 8 200 70
323 16 128 1000 100
324 4 128 100 79
325 4 128 500 34
326 4 8 500 42
327 4 128 2000 78
328 4 64 1000 34
329 64 64 100 88
330 16 8 100 94
331 64 8 100 30
332 16 64 500 95
333 64 8 100 48
334 64 64 1000 72
335 32 16 200 48
336 64 16 200 95
337 64 8 500 99
338 32 128 200 37
339 32 8 500 48
340 16 8 100 86
341 64 64 100 87
342 16 128 500 87
343 32 16 100 61
344 64 16 1000 42
345 32 8 200 33
346 4 64 200 74
347 4 16 200 53
348 32 64 500 53
349 16 8 500 30
350 32 8 200 77
351 4 64 2000 39
352 16 8 1000 63
353 32 8 2000 40
354 32 128 200 86
355 4 128 2000 93
356 64 64 100 42
357 64 8 1000 57
358 64 16 500 65
359 32 8 500 50
360 32 128 2000 78
361 16 128 200 57
362 32 8 1000 40
363 4 64 2000 95
364 16 8 200 53
365 4 16 200 43
366 64 16 500 46
367 32 128 1000 42
368 4 8 200 31
369 16 64 100 43
370 4 16 2000 58
371 64 16 2000 96
372 32 64 500 72
373 32 64 200 85
374 16 16 200 37
375 64 8 100 57
376 64 8 200 52
377 16 16 500 100
378 64 16 500 51
379 16 64 200 40
380 4 64 100 84
381 16 128 2000 53
382 64 128 200 62
383 16 128 500 62
384 4 128 500 59
385 4 128 100 49
386 4 8 200 77
387 4 64 1000 85
388 4 16 200 59
389 64 16 500 88
390 32 64 200 88
391 4 16 100 85
392 32 8 100 57
393 32 16 1000 74
394 16 64 200 58
395 4 16 2000 65
396 64 16 200 43
397 16 64 100 62
398 16 64 200 92
399 4 16 1000 62
400 64 64 500 78
401 64 16 100 31
402 32 128 500 48
403 64 64 100 59
404 32 64 100 42
405 4 64 200 99
406 64 16 100 61
407 64 128 2000 40
408 32 8 2000 95
409 32 64 200 98
410 64 64 2000 97
411 64 128 100 89
412 64 16 500 44
413 16 64 100 31
414 64 128 1000 42
415 4 64 2000 97
416 4 64 2000 94
417 4 8 200 44
418 4 8 100 32
419 64 128 1000 74
420 64 16 2000 31
421 4 64 100 79
422 16 16 200 77
423 32 16 500 63
424 16 16 500 54
425 4 64 2000 91
426 16 128 1000 77
427 64 64 200 82
428 4 8 200 35
429 16 8 2000 65
430 32 8 1000 78
431 4 8 200 51
432 16 8 500 83
433 32 64 500 41
434 4 128 2000 31
435 4 64 100 63
436 4 8 200 32
437 4 128 2000 91
438 64 16 2000 67
439 32 128 2000 87
440 4 8 200 40
441 32 64 500 31
442 64 128 2000 93
443 16 128 500 53
444 64 8 100 71
445 16 16 100 63
446 64 8 500 99
447 4 64 200 87
448 4 16 200 77
449 64 8 100 69
450 4 8 2000 81
451 32 128 100 37
452 32 8 1000 88
453 16 64 200 78
454 4 128 1000 79
455 64 128 200 65
456 4 16 100 58
457 32 64 500 87
458 4 64 2000 71
459 4 8 500 65
460 64 128 2000 40
461 64 16 200 63
462 4 8 200 52
463 4 16 500 86
464 64 64 2000 99
465 16 16 2000 30
466 16 64 500 93
467 64 128 2000 68
468 16 16 500 70
469 32 8 200 100
470 32 128 1000 37
471 16 64 200 83
472 16 8 500 59
473 16 128 1000 70
474 32 64 500 67
475 16 128 200 70
476 16 16 1000 31
477 4 64 100 59
478 32 64 2000 41
479 32 16 200 87
480 16 64 200 46
481 16 16 200 73
482 64 64 500 96
483 4 16 500 100
484 4 16 2000 60
485 32 128 2000 100
486 64 128 200 46
487 64 16 2000 70
488 16 8 1000 30
489 16 8 2000 61
490 16 64 200 86
491 64 64 2000 72
492 32 64 500 93
493 64 8 2000 57
494 64 128 100 96
495 16 8 1000 84
496 4 128 2000 37
497 4 16 1000 40
498 16 128 500 88
499 64 128 500 65
500 4 128 1000 93
501 64 16 200 87
502 4 128 200 88
503 64 128 100 84
504 32 64 2000 40
505 16 8 2000 61
506 64 64 2000 82
507 64 16 1000 78
508 64 128 500 66
509 16 128 2000 43
510 16 128 2000 51
511 32 128 100 59
512 4 128 100 72
513 32 128 1000 36
514 16 128 2000 33
515 64 64 200 68
516 64 64 2000 34
517 4 64 2000 46
518 32 128 1000 89
519 64 16 1000 65
520 16 16 2000 82
521 32 64 500 64
522 32 64 1000 53
523 64 128 100 100
524 16 8 2000 58
525 64 128 100 56
526 4 128 200 95
527 32 128 100 48
528 4 64 500 38
529 32 128 500 53
530 32 64 1000 56
531 32 64 2000 58
532 32 64 2000 53
533 32 16 1000 66
534 32 128 500 35
535 64 128 500 41
536 32 128 500 40
537 16 8 1000 56
538 32 128 1000 80
539 16 64 500 72
540 64 64 200 95
541 64 64 100 39
542 32 16 100 33
543 32 64 1000 58
544 4 64 100 89
545 4 8 2000 59
546 32 64 2000 90
547 16 8 1000 85
548 16 16 200 33
549 4 128 2000 55
550 64 64 100 33
551 32 64 1000 31
552 16 64 200 63
553 16 64 500 35
554 16 64 200 76
555 32 16 200 33
556 4 64 1000 53
557 32 16 200 32
558 16 64 2000 56
559 16 128 200 88
560 16 128 2000 57
561 4 64 100 88
562 16 64 100 38
563 16 128 1000 100
564 64 64 2000 88
565 16 128 500 75
566 32 16 2000 97
567 64 8 2000 69
568 64 16 500 55
569 16 16 100 82
570 64 64 200 93
571 4 8 100 49
572 64 128 500 76
573 32 64 200 69
574 32 8 1000 92
575 32 64 2000 30
576 16 128 200 91
577 64 64 1000 75
578 32 16 200 89
579 4 16 200 49
580 64 16 100 77
581 32 8 500 70
582 16 64 1000 81
583 32 64 2000 62
584 16 8 200 36
585 4 64 500 37
586 64 16 100 69
587 4 128 500 36
588 32 128 2000 50
589 32 16 500 38
590 32 128 100 56
591 4 128 200 30
592 4 128 500 79
593 32 8 1000 71
594 4 16 1000 94
595 32 8 1000 46
596 32 64 1000 48
597 16 128 1000 65
598 32 128 2000 44
599 32 64 1000 38
600 64 8 2000 49
601 32 8 2000 80
602 16 8 100 80
603 16 16 100 63
604 4 16 200 57
605 32 64 100 58
606 4 8 100 31
607 32 8 200 51
608 64 64 100 72
609 64 8 200 79
610 64 64 1000 45
611 64 64 2000 86
612 32 128 500 90
613 32 8 200 96
614 64 8 200 83
615 32 8 500 37
616 64 128 500 93
617 64 128 1000 45
618 4 16 500 47
619 32 8 500 64
620 32 128 200 33
621 16 8 500 100
622 4 128 100 87
623 4 64 500 83
624 64 8 500 60
625 4 128 1000 49
626 16 16 500 49
627 16 16 100 70
262
1 125 30 40
2 160 40 77
4 104 43 73
6 55 39 32
6 113 39 51
6 521 39 50
7 228 45 71
9 457 46 57
9 233 22 83
11 420 14 93
11 240 19 92
11 488 49 46
16 130 16 57
17 263 10 61
17 197 10 74
18 485 31 85
19 314 27 52
19 288 39 52
19 326 27 94
20 570 47 39
21 628 22 88
21 306 25 73
24 316 21 38
26 33 12 94
26 50 19 89
26 464 47 62
28 128 47 56
31 250 43 56
31 448 20 36
31 377 28 51
31 419 24 38
33 268 32 90
36 376 28 84
38 389 12 35
38 445 26 81
38 82 23 63
40 446 32 98
41 575 31 63
43 492 22 70
43 459 36 97
47 400 23 61
48 287 29 73
48 350 13 70
48 286 20 62
49 175 14 34
50 349 15 62
52 370 35 57
52 626 47 92
53 548 48 94
56 535 26 60
56 393 42 100
60 324 27 46
60 431 10 64
60 97 20 94
63 164 50 87
66 496 42 34
66 143 34 31
67 351 21 48
70 267 31 41
71 459 15 94
72 153 18 76
72 575 24 58
73 355 39 54
74 569 22 68
74 172 39 85
74 513 22 80
76 623 34 99
76 508 47 53
76 238 39 58
79 361 45 85
79 230 18 66
83 594 17 80
84 157 33 39
85 489 37 58
85 119 10 82
86 623 26 75
87 286 27 58
88 504 48 65
89 393 35 32
90 182 15 66
97 625 17 46
100 609 20 70
101 336 50 97
101 541 13 80
106 496 50 65
107 310 40 95
110 449 40 70
110 545 30 53
110 535 17 69
112 373 26 31
113 314 42 82
114 419 32 96
115 200 42 50
118 625 48 44
120 220 49 79
121 181 28 68
121 219 23 47
123 203 46 75
125 495 48 83
126 445 38 51
126 174 40 82
127 461 49 67
127 186 34 79
129 582 16 31
130 423 39 92
131 179 50 85
132 618 24 91
134 418 15 32
135 497 27 51
136 281 26 69
138 417 36 35
139 259 43 87
140 177 23 77
140 601 48 36
141 496 11 92
142 479 38 67
142 379 27 70
143 539 14 71
143 589 29 51
146 389 37 95
147 176 21 74
147 421 47 71
149 274 45 44
150 451 39 31
151 379 50 70
151 587 30 46
151 445 32 42
152 207 24 46
154 165 46 86
156 590 12 42
159 417 35 49
161 351 16 83
161 322 34 90
165 546 45 79
165 547 27 34
168 405 41 91
169 430 30 48
170 198 45 50
170 320 14 96
170 543 47 62
171 249 41 59
173 434 33 76
175 282 15 88
176 624 40 89
182 192 15 42
183 186 26 56
184 195 26 98
185 589 45 52
186 620 48 61
190 331 31 51
195 516 41 63
196 590 32 30
197 493 16 65
197 304 48 83
198 481 14 49
201 557 41 35
204 626 10 72
204 444 20 38
207 275 47 85
209 404 42 46
209 554 16 33
211 611 12 70
214 280 43 63
215 416 35 51
215 383 39 91
218 473 45 91
222 585 33 59
223 627 19 33
224 355 48 43
226 564 30 96
228 315 44 99
229 286 26 90
232 261 50 69
235 351 27 58
236 389 33 49
239 581 48 96
239 383 27 86
252 394 39 50
257 334 49 67
259 620 11 80
261 377 12 100
267 590 21 84
268 513 42 42
268 438 32 38
269 368 38 45
269 542 46 89
271 366 50 99
277 491 21 77
277 340 23 36
280 330 19 30
280 419 35 60
284 317 39 61
286 564 44 52
287 523 38 63
289 543 19 56
291 588 27 41
293 524 12 66
294 516 30 78
299 498 43 45
312 352 12 97
312 354 28 38
312 445 18 82
316 334 43 88
321 411 16 36
326 535 15 86
327 445 35 47
329 536 30 96
330 385 13 37
331 619 50 60
334 580 27 52
334 337 12 54
336 594 20 99
337 406 15 73
343 555 50 80
343 391 35 37
344 566 27 63
354 620 13 44
354 397 32 98
354 624 15 52
355 364 35 40
364 602 10 88
365 467 24 56
376 473 31 44
378 440 14 48
381 426 47 97
389 604 44 45
397 546 45 82
401 615 47 39
402 618 14 62
406 514 42 47
411 567 27 42
415 471 38 43
415 475 41 88
417 606 39 56
423 533 45 84
427 505 38 98
429 553 46 84
432 603 25 93
447 551 17 82
448 622 50 60
449 609 47 67
452 618 16 67
457 541 40 60
457 464 21 70
459 547 41 90
469 619 48 78
483 510 10 35
488 495 25 88
492 517 24 36
497 521 22 62
503 567 34 37
510 588 36 56
526 558 48 52
527 594 41 31
529 541 43 40
531 547 14 74
532 558 36 43
539 540 40 63
554 558 30 57
585 599 23 39
588 601 31 67
589 611 49 56