525
0 16 64 2000 33
1 4 128 100 73
2 32 8 2000 69
3 32 128 1000 95
4 32 128 2000 86
5 32 64 500 74
6 64 64 200 56
7 64 8 2000 38
8 64 64 500 77
9 4 8 100 61
10 64 64 100 35
11 16 64 500 53
12 4 16 500 34
13 32 64 100 33
14 16 16 500 59
15 64 8 1000 60
16 64 64 500 50
17 64 8 100 94
18 4 8 200 71
19 64 128 100 82
20 16 128 200 30
21 16 64 500 34
22 32 128 2000 65
23 16 128 200 69
24 4 16 1000 44
25 16 16 200 42
26 4 16 1000 52
27 16 128 100 90
28 16 16 100 64
29 4 16 2000 83
30 32 16 2000 48
31 32 16 1000 34
32 16 128 500 61
33 32 128 100 43
34 32 16 2000 62
35 32 128 500 70
36 16 8 100 41
37 16 128 1000 51
38 32 16 2000 35
39 32 8 100 62
40 4 128 500 57
41 4 128 100 59
42 64 16 100 31
43 32 64 1000 95
44 64 16 500 67
45 16 8 500 61
46 16 16 100 55
47 16 64 500 39
48 16 16 500 88
49 4 128 100 88
50 4 8 1000 72
51 32 64 100 43
52 16 16 1000 88
53 32 8 500 66
54 32 16 500 75
55 64 8 500 70
56 32 16 500 99
57 4 128 2000 32
58 64 128 200 96
59 64 128 200 38
60 4 8 100 53
61 32 128 500 40
62 4 64 1000 37
63 4 8 500 68
64 4 8 2000 34
65 64 128 2000 85
66 64 16 100 36
67 64 128 1000 38
68 4 128 2000 53
69 4 8 2000 62
70 32 64 1000 86
71 64 16 1000 100
72 32 8 2000 72
73 32 8 200 91
74 4 128 100 35
75 64 8 100 82
76 16 128 2000 61
77 64 16 100 72
78 4 64 100 98
79 64 64 200 60
80 16 128 2000 91
81 64 16 100 95
82 64 64 500 55
83 16 64 2000 31
84 4 128 1000 94
85 16 64 1000 32
86 4 128 200 42
87 32 128 100 30
88 32 8 2000 58
89 4 16 2000 79
90 64 128 500 41
91 32 16 1000 49
92 32 8 500 74
93 16 16 500 52
94 32 16 2000 78
95 4 128 100 76
96 4 16 500 79
97 16 128 500 72
98 32 16 500 51
99 32 128 200 61
100 64 16 2000 58
101 4 128 500 68
102 32 8 1000 78
103 4 128 2000 60
104 4 64 2000 44
105 64 8 200 89
106 16 8 100 44
107 4 8 200 32
108 64 16 500 89
109 32 64 500 57
110 32 16 500 64
111 32 8 200 66
112 32 16 2000 98
113 16 128 200 89
114 4 128 500 97
115 4 64 200 39
116 64 8 1000 46
117 16 16 500 65
118 4 64 2000 43
119 4 64 100 50
120 4 8 200 50
121 16 128 500 79
122 16 64 200 68
123 32 8 1000 88
124 4 8 200 46
125 32 8 2000 41
126 64 8 500 54
127 16 128 500 42
128 64 8 100 35
129 32 16 100 38
130 4 16 100 31
131 4 8 2000 46
132 4 64 500 60
133 4 8 100 97
134 32 64 200 55
135 32 16 1000 65
136 4 128 200 32
137 64 64 200 91
138 64 64 1000 65
139 32 64 2000 73
140 4 16 1000 57
141 32 8 100 70
142 64 128 1000 50
143 4 16 100 33
144 64 128 100 66
145 16 64 2000 55
146 4 128 100 53
147 4 16 200 94
148 16 128 200 52
149 64 64 100 59
150 64 64 200 61
151 4 64 1000 42
152 64 64 100 54
153 16 128 100 80
154 64 64 2000 61
155 16 128 2000 87
156 4 64 1000 62
157 4 128 100 95
158 4 64 1000 56
159 64 8 2000 51
160 16 16 2000 56
161 4 128 2000 56
162 4 64 200 56
163 32 128 100 48
164 32 16 1000 53
165 64 64 1000 82
166 32 128 2000 66
167 32 128 1000 82
168 16 128 2000 70
169 64 64 200 79
170 16 16 100 84
171 32 8 500 98
172 64 128 2000 65
173 64 128 1000 64
174 4 128 200 61
175 64 64 1000 35
176 4 16 500 86
177 16 128 1000 98
178 16 8 200 49
179 4 64 500 65
180 32 8 1000 33
181 64 8 200 78
182 16 8 200 45
183 4 64 200 74
184 16 64 500 40
185 64 128 500 79
186 16 8 200 68
187 32 16 2000 54
188 64 64 2000 86
189 4 128 100 100
190 16 128 500 53
191 16 64 200 35
192 64 16 1000 82
193 16 128 2000 38
194 4 64 200 96
195 32 8 2000 88
196 16 16 200 40
197 16 64 500 34
198 64 64 1000 92
199 4 16 500 32
200 4 128 100 58
201 32 8 2000 44
202 16 64 1000 37
203 16 8 200 75
204 16 64 500 90
205 32 128 500 41
206 32 16 1000 63
207 4 64 100 39
208 16 128 100 70
209 16 16 1000 45
210 32 64 200 68
211 16 128 500 58
212 4 8 500 47
213 16 128 200 50
214 16 8 100 38
215 4 8 500 46
216 4 128 2000 89
217 4 128 100 77
218 32 128 2000 36
219 32 64 500 94
220 4 16 500 66
221 32 64 200 37
222 64 8 100 56
223 16 64 1000 92
224 16 64 2000 50
225 16 64 100 46
226 64 16 100 83
227 16 64 200 42
228 16 64 100 80
229 4 64 500 96
230 64 128 100 58
231 64 8 2000 33
232 16 128 200 58
233 16 16 2000 42
234 16 8 100 51
235 64 16 100 90
236 64 16 200 99
237 4 128 2000 93
238 32 64 200 40
239 4 64 100 37
240 4 8 1000 44
241 64 16 2000 81
242 16 8 500 40
243 32 128 200 90
244 32 128 200 31
245 4 128 2000 55
246 64 64 500 53
247 64 8 1000 67
248 64 8 100 79
249 4 128 200 33
250 64 128 2000 72
251 16 8 500 54
252 16 128 500 48
253 64 128 100 99
254 64 128 500 83
255 4 16 2000 38
256 16 128 200 47
257 64 128 100 58
258 64 128 1000 94
259 32 64 500 48
260 16 16 500 66
261 64 128 200 46
262 32 8 1000 71
263 16 8 2000 46
264 4 8 200 91
265 4 8 100 81
266 32 16 100 77
267 4 8 1000 57
268 64 8 1000 59
269 64 128 1000 31
270 16 8 2000 76
271 4 64 500 34
272 32 8 500 66
273 32 8 1000 59
274 4 128 1000 51
275 16 64 500 49
276 32 64 100 35
277 16 64 100 80
278 64 128 200 41
279 64 128 2000 81
280 4 16 200 47
281 16 64 500 50
282 64 64 2000 84
283 4 16 100 45
284 64 128 100 49
285 4 16 2000 45
286 16 128 200 81
287 16 8 100 61
288 4 16 2000 50
289 16 16 2000 77
290 16 16 200 73
291 32 64 100 58
292 4 128 2000 34
293 64 128 100 67
294 32 128 2000 59
295 16 16 2000 37
296 64 16 200 63
297 16 8 200 81
298 4 16 500 79
299 32 128 100 82
300 4 128 1000 60
301 4 8 200 54
302 32 8 100 55
303 64 64 2000 72
304 32 128 500 60
305 4 64 2000 32
306 32 16 1000 94
307 64 8 500 88
308 16 128 500 32
309 4 16 1000 81
310 64 128 1000 59
311 64 64 200 69
312 32 8 100 94
313 4 8 2000 33
314 4 128 500 78
315 16 16 200 79
316 16 128 1000 59
317 32 128 500 70
318 16 128 100 72
319 16 8 2000 65
320 16 128 500 74
321 4 16 200 57
322 4 16 200 65
323 16 8 500 89
324 4 8 2000 48
325 64 64 500 30
326 4 8 500 35
327 4 128 2000 78
328 32 128 200 61
329 4 128 1000 89
330 4 8 500 69
331 16 8 200 54
332 32 8 200 35
333 32 64 1000 49
334 32 64 2000 74
335 32 16 1000 79
336 16 8 200 54
337 16 16 2000 86
338 32 128 1000 44
339 4 64 100 55
340 64 128 500 45
341 4 8 200 55
342 32 128 2000 40
343 4 8 2000 98
344 4 128 1000 60
345 64 64 1000 61
346 16 128 200 74
347 64 64 200 81
348 4 8 200 81
349 4 8 500 85
350 16 128 100 98
351 32 16 200 87
352 64 8 100 54
353 64 16 2000 94
354 64 16 100 80
355 16 128 1000 50
356 16 128 100 57
357 16 8 500 36
358 16 128 500 98
359 64 128 100 85
360 4 128 200 41
361 32 128 100 99
362 32 64 500 53
363 16 16 2000 32
364 64 8 100 80
365 32 64 200 99
366 4 16 500 70
367 4 16 500 34
368 16 64 2000 90
369 32 8 100 70
370 64 16 2000 59
371 32 128 500 57
372 64 16 200 30
373 4 128 200 94
374 32 64 200 74
375 64 16 500 79
376 32 64 100 45
377 64 16 500 33
378 64 64 200 82
379 32 8 1000 38
380 32 16 100 100
381 4 64 2000 43
382 64 128 200 68
383 64 64 500 38
384 16 128 1000 44
385 32 128 200 41
386 64 128 200 76
387 4 8 1000 44
388 16 16 2000 82
389 32 64 2000 83
390 16 128 200 94
391 4 16 100 95
392 4 16 1000 40
393 16 16 500 90
394 16 128 200 31
395 32 128 500 86
396 4 8 500 95
397 4 64 1000 92
398 16 64 500 81
399 16 64 2000 99
400 16 16 500 88
401 4 128 100 44
402 4 128 1000 39
403 4 16 2000 84
404 16 64 2000 67
405 16 16 200 54
406 4 8 1000 61
407 16 8 100 32
408 16 16 1000 38
409 32 16 100 58
410 16 16 100 80
411 64 16 500 60
412 16 64 2000 55
413 16 16 2000 37
414 32 128 200 77
415 4 8 500 37
416 64 64 500 51
417 4 8 500 98
418 32 16 100 84
419 4 8 500 59
420 32 16 500 68
421 16 128 1000 44
422 32 8 200 37
423 32 16 200 30
424 64 16 2000 70
425 16 128 1000 72
426 16 64 100 32
427 4 16 200 88
428 32 128 100 88
429 32 8 100 98
430 16 64 2000 86
431 16 128 500 34
432 16 8 2000 84
433 64 128 100 95
434 64 16 100 36
435 16 128 2000 37
436 64 64 1000 35
437 32 64 1000 31
438 64 64 500 98
439 64 64 100 41
440 32 64 2000 94
441 16 16 2000 89
442 32 64 100 37
443 64 128 200 60
444 64 8 500 51
445 16 16 100 70
446 4 8 200 92
447 16 8 200 48
448 16 8 100 97
449 64 8 500 100
450 32 8 1000 63
451 16 8 500 42
452 16 128 1000 38
453 64 8 2000 77
454 4 16 200 85
455 4 16 500 90
456 16 128 100 82
457 16 128 100 97
458 64 64 2000 60
459 4 8 100 53
460 4 64 500 32
461 32 8 500 69
462 4 128 200 55
463 16 16 1000 89
464 4 16 500 92
465 4 128 500 62
466 4 128 500 35
467 64 64 1000 56
468 32 16 100 45
469 32 16 2000 100
470 64 64 1000 71
471 4 64 2000 85
472 4 64 2000 70
473 64 8 500 81
474 64 8 2000 50
475 32 64 500 40
476 32 8 1000 38
477 16 16 500 72
478 64 128 500 41
479 64 64 200 46
480 32 64 100 86
481 64 8 2000 85
482 64 8 200 40
483 64 16 2000 81
484 16 8 500 96
485 32 16 200 40
486 4 16 2000 73
487 4 8 500 52
488 4 16 2000 31
489 64 16 1000 89
490 16 8 100 74
491 16 16 1000 56
492 64 128 1000 87
493 64 128 1000 79
494 64 64 200 43
495 64 128 2000 91
496 4 8 2000 35
497 32 64 2000 92
498 16 128 1000 78
499 64 16 500 55
500 64 128 200 73
501 4 8 100 92
502 16 16 100 55
503 32 64 200 52
504 64 8 100 50
505 32 128 500 56
506 64 16 2000 91
507 32 8 1000 94
508 64 16 100 92
509 64 16 100 94
510 4 16 1000 87
511 32 16 1000 32
512 32 16 100 39
513 64 64 1000 80
514 32 128 100 97
515 32 16 100 70
516 16 64 200 54
517 32 8 2000 39
518 64 128 100 78
519 4 16 200 95
520 32 64 2000 80
521 16 16 500 53
522 64 16 500 78
523 16 64 1000 93
524 4 16 500 52
75
4 440 38 70
5 199 16 67
5 16 13 53
7 316 41 49
10 68 38 73
12 495 40 82
12 442 20 53
13 437 11 91
14 260 33 64
14 87 45 53
18 60 48 41
19 175 25 38
23 54 31 52
33 256 45 30
37 324 32 86
41 288 10 47
43 442 10 86
44 345 20 52
46 110 48 97
50 459 42 77
61 481 26 95
62 415 45 94
65 440 11 68
65 191 28 30
66 177 12 97
69 218 11 76
70 515 45 45
76 493 46 35
77 186 17 37
77 367 15 52
82 162 40 82
84 199 36 61
87 138 43 60
94 492 33 46
99 482 28 75
99 236 36 64
113 414 32 37
127 388 11 76
128 422 20 86
134 201 33 68
135 511 37 61
141 255 21 43
143 432 17 88
148 333 36 30
158 481 10 54
167 240 27 95
167 481 46 51
171 312 17 65
173 285 22 52
174 452 12 89
180 327 39 100
187 266 16 60
193 245 37 50
199 298 38 34
213 510 31 97
214 449 23 33
215 358 46 72
219 309 31 94
221 274 39 89
226 473 50 88
233 520 25 84
255 372 21 42
256 476 12 91
257 457 43 38
280 406 19 66
292 338 15 78
313 470 15 49
318 365 43 80
392 484 36 30
396 469 40 69
416 503 36 48
432 439 41 62
435 456 26 58
456 524 21 82
489 523 22 68