561
0 32 96 800 162
1 16 40 400 159
2 16 96 400 175
3 32 40 1000 119
4 16 40 2000 185
5 16 64 400 138
6 16 64 400 181
7 32 40 400 199
8 16 64 800 142
9 32 40 2000 91
10 16 64 800 171
11 32 96 800 104
12 32 64 1000 182
13 16 96 2000 118
14 16 64 1000 159
15 16 64 1000 157
16 32 96 400 197
17 16 96 5000 158
18 16 96 800 157
19 32 40 1000 179
20 32 40 400 124
21 16 40 5000 134
22 32 96 400 113
23 16 64 400 164
24 16 96 1000 135
25 32 64 5000 90
26 32 64 800 113
27 16 40 1000 100
28 32 64 1000 185
29 32 96 800 143
30 16 64 800 105
31 16 96 5000 109
32 32 40 800 175
33 16 96 400 106
34 32 96 800 192
35 32 40 400 176
36 16 40 1000 150
37 16 96 2000 193
38 32 96 5000 102
39 32 64 2000 112
40 16 40 5000 178
41 16 96 2000 171
42 32 40 400 133
43 32 96 400 199
44 16 96 2000 133
45 32 64 5000 113
46 32 40 800 152
47 32 40 5000 102
48 16 96 400 118
49 16 40 800 193
50 16 40 5000 121
51 32 64 1000 191
52 16 40 2000 172
53 16 96 400 100
54 16 96 2000 199
55 32 64 5000 121
56 16 40 400 134
57 32 96 800 188
58 32 40 5000 138
59 16 96 400 152
60 32 64 1000 141
61 32 64 400 109
62 16 40 800 177
63 32 64 5000 154
64 16 96 2000 184
65 16 40 800 127
66 32 96 1000 121
67 32 64 400 192
68 16 96 400 106
69 16 64 400 162
70 16 64 800 196
71 16 96 1000 172
72 32 64 2000 169
73 16 64 2000 108
74 32 40 1000 116
75 32 96 5000 157
76 16 64 5000 195
77 32 40 5000 130
78 16 40 2000 158
79 16 64 1000 187
80 16 64 5000 124
81 32 96 5000 162
82 16 40 5000 118
83 32 64 800 134
84 16 64 5000 116
85 16 64 2000 167
86 32 96 2000 158
87 16 64 2000 140
88 32 64 1000 108
89 32 96 1000 157
90 16 64 400 108
91 32 40 800 126
92 32 64 800 169
93 32 64 800 139
94 32 96 400 118
95 16 64 400 162
96 16 40 800 150
97 16 96 400 142
98 32 40 5000 122
99 32 40 2000 102
100 16 40 2000 184
101 32 40 400 153
102 32 64 2000 183
103 16 64 400 101
104 16 64 400 128
105 16 40 800 180
106 16 64 400 180
107 16 96 400 134
108 32 40 1000 94
109 16 40 2000 162
110 16 96 5000 171
111 16 64 400 136
112 16 96 5000 182
113 16 64 1000 129
114 16 96 400 184
115 32 96 400 112
116 32 64 2000 91
117 16 64 800 178
118 32 96 2000 150
119 16 96 5000 171
120 16 40 800 90
121 16 64 2000 126
122 16 40 2000 190
123 16 64 2000 162
124 16 64 400 193
125 16 64 2000 162
126 32 40 1000 180
127 32 96 400 131
128 16 40 800 106
129 16 40 2000 194
130 32 64 400 187
131 16 40 1000 148
132 32 64 800 105
133 16 40 400 118
134 32 40 1000 185
135 16 96 400 169
136 32 96 1000 100
137 16 40 800 167
138 32 40 800 147
139 32 64 800 188
140 32 64 2000 96
141 16 40 800 96
142 16 64 5000 163
143 32 96 1000 170
144 16 96 400 174
145 32 96 800 171
146 16 96 800 155
147 16 96 5000 161
148 32 96 2000 169
149 16 40 800 107
150 16 40 2000 122
151 32 40 800 147
152 32 96 400 173
153 32 96 400 138
154 32 64 1000 178
155 32 64 400 187
156 16 40 5000 172
157 32 64 800 136
158 16 40 2000 167
159 16 96 1000 137
160 32 40 2000 122
161 32 96 800 145
162 32 96 1000 101
163 16 40 2000 184
164 16 40 5000 131
165 32 64 1000 138
166 16 64 2000 190
167 16 96 5000 108
168 16 64 1000 185
169 16 64 5000 90
170 16 96 2000 129
171 32 64 5000 196
172 32 40 5000 183
173 16 64 1000 156
174 16 64 800 136
175 16 96 800 184
176 16 64 1000 105
177 16 96 400 191
178 32 64 1000 147
179 32 64 800 101
180 32 64 800 97
181 16 64 2000 92
182 16 64 1000 150
183 32 96 5000 167
184 16 96 5000 168
185 32 96 800 177
186 32 96 400 139
187 32 40 1000 139
188 32 96 2000 113
189 32 96 5000 146
190 32 40 800 109
191 16 40 5000 145
192 32 64 1000 134
193 16 64 1000 148
194 16 96 1000 142
195 16 40 5000 116
196 16 64 1000 160
197 16 96 1000 189
198 32 64 400 125
199 16 64 2000 130
200 16 64 2000 192
201 32 64 1000 192
202 16 96 800 152
203 32 40 1000 121
204 32 64 5000 144
205 32 96 2000 103
206 16 40 400 189
207 32 64 800 191
208 32 96 2000 102
209 16 40 1000 120
210 32 64 800 109
211 16 64 2000 178
212 16 96 800 127
213 16 40 5000 104
214 16 96 400 169
215 32 40 400 107
216 32 40 400 184
217 16 40 5000 154
218 16 96 5000 114
219 32 64 800 94
220 16 40 400 111
221 32 64 800 172
222 16 96 2000 124
223 16 96 800 123
224 16 96 2000 98
225 16 96 2000 97
226 32 40 5000 163
227 16 40 1000 189
228 32 40 800 123
229 32 40 800 167
230 32 64 400 116
231 32 96 400 121
232 16 64 1000 170
233 16 40 800 182
234 32 96 1000 158
235 32 96 5000 197
236 32 96 400 130
237 16 96 1000 116
238 16 40 400 134
239 32 96 2000 159
240 16 40 400 114
241 32 40 800 142
242 32 96 400 142
243 32 64 2000 95
244 32 96 400 178
245 16 96 5000 198
246 16 40 800 168
247 16 96 1000 154
248 16 40 800 154
249 32 96 5000 99
250 16 40 2000 160
251 16 40 2000 128
252 16 96 5000 141
253 16 64 400 179
254 16 96 5000 198
255 32 96 1000 175
256 16 96 5000 117
257 16 40 800 136
258 32 96 400 164
259 32 40 2000 163
260 32 96 400 144
261 32 40 400 134
262 32 96 2000 190
263 16 40 1000 95
264 32 64 2000 176
265 32 96 1000 188
266 16 40 800 164
267 16 40 2000 104
268 32 64 400 161
269 16 96 5000 105
270 32 40 5000 169
271 16 96 800 131
272 32 96 800 125
273 16 64 2000 118
274 16 64 2000 180
275 32 64 1000 165
276 16 96 1000 146
277 32 64 2000 166
278 32 96 1000 164
279 32 64 800 106
280 32 64 400 196
281 16 96 400 174
282 16 96 800 143
283 32 40 5000 122
284 32 96 1000 173
285 16 96 5000 126
286 32 96 1000 164
287 32 96 5000 147
288 32 96 5000 180
289 32 64 1000 192
290 16 96 1000 176
291 32 40 800 125
292 16 64 1000 176
293 32 40 2000 135
294 32 96 2000 147
295 16 40 800 112
296 16 64 400 128
297 32 96 5000 200
298 16 96 400 118
299 32 64 2000 144
300 32 40 400 172
301 16 40 400 164
302 32 96 800 119
303 16 64 5000 140
304 16 96 800 131
305 32 64 1000 173
306 16 40 1000 181
307 16 40 2000 108
308 16 96 1000 181
309 16 96 2000 117
310 16 64 800 118
311 16 40 1000 151
312 32 64 800 148
313 16 40 2000 158
314 16 40 800 92
315 32 64 800 171
316 32 64 800 119
317 32 40 800 123
318 32 64 5000 197
319 32 64 2000 166
320 16 96 1000 189
321 32 64 2000 121
322 16 96 800 175
323 16 96 1000 168
324 16 64 5000 98
325 32 64 1000 91
326 16 64 400 198
327 32 40 800 186
328 32 40 400 128
329 32 96 5000 157
330 16 96 5000 143
331 32 40 2000 137
332 16 96 400 143
333 16 64 2000 183
334 32 64 1000 105
335 16 40 1000 120
336 32 96 5000 192
337 16 40 800 97
338 32 40 400 136
339 16 64 2000 188
340 32 96 5000 194
341 32 96 800 93
342 32 96 400 97
343 16 64 800 172
344 32 64 1000 113
345 32 40 5000 188
346 32 40 2000 120
347 32 40 5000 192
348 32 40 400 91
349 32 96 5000 178
350 32 64 2000 119
351 32 40 1000 195
352 32 64 800 177
353 16 96 5000 188
354 32 64 1000 198
355 32 96 1000 149
356 16 96 5000 181
357 16 40 800 160
358 32 96 400 104
359 16 96 400 196
360 32 40 400 110
361 16 96 5000 105
362 32 64 5000 92
363 16 96 5000 171
364 16 64 1000 191
365 16 64 1000 193
366 32 40 800 196
367 16 40 800 161
368 16 96 800 184
369 32 40 1000 132
370 16 40 800 98
371 32 64 1000 98
372 16 64 5000 180
373 32 96 5000 124
374 16 64 1000 91
375 16 64 5000 185
376 16 64 400 109
377 32 64 800 124
378 16 96 5000 193
379 16 64 800 193
380 32 96 1000 123
381 16 64 2000 199
382 16 64 800 200
383 16 96 1000 127
384 16 40 400 178
385 32 40 400 151
386 32 64 5000 176
387 32 40 800 120
388 32 96 1000 120
389 16 40 1000 186
390 16 64 1000 125
391 16 64 5000 100
392 32 40 2000 123
393 16 96 1000 161
394 16 64 2000 113
395 32 96 800 112
396 32 40 5000 99
397 16 96 5000 112
398 16 40 2000 185
399 32 40 5000 140
400 16 64 800 151
401 16 40 800 118
402 32 96 800 178
403 16 96 1000 164
404 16 64 400 160
405 32 40 2000 142
406 32 64 800 158
407 16 96 1000 168
408 32 96 800 175
409 32 96 800 160
410 16 96 5000 156
411 16 96 5000 92
412 32 40 1000 124
413 16 40 5000 158
414 32 64 1000 182
415 32 64 400 188
416 16 64 5000 125
417 32 64 2000 153
418 16 96 800 170
419 32 96 800 153
420 16 64 5000 117
421 16 40 5000 117
422 16 96 1000 100
423 16 64 800 99
424 32 40 800 193
425 32 40 5000 189
426 32 64 5000 145
427 32 40 400 96
428 16 96 800 125
429 32 40 1000 101
430 32 64 2000 174
431 32 40 2000 167
432 16 96 2000 134
433 32 40 1000 154
434 16 96 2000 130
435 16 40 1000 121
436 32 64 1000 180
437 32 64 800 171
438 32 40 800 191
439 16 64 5000 176
440 32 96 800 195
441 16 96 400 168
442 32 40 400 171
443 32 64 2000 132
444 16 64 2000 144
445 32 40 800 164
446 16 40 2000 115
447 32 40 2000 129
448 16 40 400 180
449 32 40 5000 102
450 16 96 800 188
451 32 40 2000 171
452 16 64 5000 143
453 16 96 800 190
454 16 96 1000 159
455 32 64 2000 169
456 16 96 800 161
457 16 96 2000 183
458 16 64 5000 172
459 16 40 2000 108
460 16 96 800 141
461 16 96 800 158
462 32 96 400 180
463 16 96 800 124
464 16 64 1000 145
465 32 64 400 167
466 32 40 800 140
467 32 64 1000 142
468 32 64 5000 94
469 32 64 800 162
470 16 40 800 147
471 32 96 1000 137
472 16 64 2000 164
473 16 40 800 101
474 16 96 400 154
475 16 96 1000 117
476 16 96 400 170
477 16 40 400 102
478 16 96 800 150
479 32 64 800 111
480 16 40 800 199
481 32 96 2000 191
482 32 64 5000 185
483 32 96 5000 178
484 16 96 5000 114
485 32 40 1000 152
486 32 64 400 97
487 32 40 400 142
488 32 64 1000 146
489 16 64 800 166
490 16 40 1000 196
491 16 40 5000 120
492 32 64 800 106
493 32 96 2000 171
494 32 96 400 167
495 16 96 1000 117
496 32 40 400 145
497 16 64 400 138
498 16 96 1000 129
499 16 64 5000 155
500 16 96 1000 139
501 32 96 2000 199
502 16 40 2000 187
503 32 64 400 132
504 16 40 400 134
505 16 40 2000 165
506 16 64 1000 105
507 16 96 5000 114
508 16 64 2000 181
509 32 40 800 162
510 32 40 2000 157
511 16 64 2000 149
512 16 40 5000 105
513 16 96 800 171
514 16 64 2000 157
515 32 96 5000 172
516 16 64 400 120
517 16 64 2000 91
518 16 96 2000 170
519 16 64 1000 106
520 32 40 2000 141
521 32 96 400 195
522 32 64 800 119
523 16 96 800 188
524 32 64 400 181
525 32 96 2000 91
526 16 96 800 131
527 32 64 800 181
528 32 64 1000 105
529 16 64 400 141
530 32 40 400 191
531 16 64 1000 168
532 32 40 800 110
533 32 40 5000 167
534 32 40 1000 183
535 32 40 400 94
536 16 96 400 134
537 16 40 5000 124
538 16 96 400 149
539 16 64 1000 126
540 32 40 800 192
541 32 96 5000 194
542 32 64 400 125
543 16 64 2000 115
544 16 40 400 133
545 16 64 800 168
546 32 40 400 142
547 16 64 5000 114
548 16 40 5000 152
549 16 40 400 167
550 32 40 5000 92
551 32 64 5000 99
552 16 40 5000 145
553 16 40 800 131
554 16 96 400 104
555 16 64 400 107
556 32 40 400 148
557 16 64 5000 187
558 32 96 5000 184
559 16 40 1000 136
560 16 64 1000 193
84
1 359 61 139
6 262 66 189
7 98 50 152
23 54 65 163
24 167 54 165
34 245 63 159
34 364 55 107
39 470 44 200
40 205 49 158
42 486 60 199
43 484 58 121
44 265 58 196
45 173 58 154
47 348 54 196
52 65 63 150
52 328 63 157
64 446 61 171
65 90 54 122
66 541 60 120
69 220 49 186
73 348 43 171
74 134 47 94
91 202 52 139
105 533 70 121
115 402 44 192
145 448 60 159
148 218 64 165
154 448 43 193
159 285 50 192
161 416 58 176
162 342 63 101
169 316 70 120
177 418 70 133
179 189 55 131
182 530 67 181
183 348 44 109
192 449 67 109
194 405 50 181
194 460 46 92
194 224 43 137
195 524 60 198
197 461 56 100
198 293 52 128
198 358 47 154
212 306 41 173
215 229 41 127
224 281 46 197
226 330 54 125
227 463 50 95
228 445 45 177
228 482 67 165
233 294 49 101
236 474 43 162
251 421 68 141
262 299 46 130
276 326 46 100
279 365 58 130
294 509 66 156
297 532 62 181
300 302 53 196
308 551 63 147
312 556 48 153
318 382 45 149
326 363 43 159
333 410 66 180
367 511 69 130
383 406 61 189
383 473 57 169
398 413 65 115
398 504 67 162
399 417 45 98
406 509 60 198
423 543 46 195
431 555 58 160
432 435 58 186
436 497 47 158
439 508 59 186
444 501 44 179
449 488 48 140
450 483 69 116
474 498 61 175
485 559 47 172
495 543 48 196
506 518 53 127