773
0 16 128 500 87
1 4 128 500 49
2 64 128 1000 63
3 64 8 2000 32
4 64 16 200 82
5 4 8 500 36
6 64 128 1000 66
7 32 64 100 81
8 32 8 100 76
9 4 64 1000 82
10 32 64 200 76
11 64 64 1000 36
12 16 128 1000 87
13 4 64 100 95
14 32 16 2000 100
15 4 8 200 62
16 4 128 2000 81
17 4 64 500 76
18 32 16 200 52
19 32 128 500 32
20 16 64 2000 81
21 32 16 2000 100
22 32 64 1000 46
23 64 16 200 33
24 64 16 200 50
25 16 16 500 94
26 16 128 200 97
27 64 8 1000 42
28 64 8 100 58
29 4 8 1000 79
30 64 64 1000 44
31 16 8 500 39
32 64 64 200 77
33 64 64 500 73
34 16 64 2000 71
35 64 16 200 93
36 32 128 1000 67
37 64 64 500 75
38 32 64 500 74
39 64 128 1000 47
40 16 64 1000 86
41 4 64 1000 79
42 64 128 2000 50
43 4 128 1000 69
44 64 16 200 96
45 32 128 100 39
46 4 64 200 70
47 4 8 100 60
48 4 16 1000 52
49 32 128 2000 31
50 32 16 2000 80
51 4 64 100 90
52 64 128 200 100
53 32 16 1000 59
54 64 128 1000 83
55 16 16 2000 39
56 16 8 1000 86
57 4 128 200 35
58 32 8 2000 98
59 32 16 2000 74
60 4 128 200 81
61 64 8 200 74
62 16 8 1000 48
63 4 64 2000 32
64 16 64 200 69
65 16 64 2000 76
66 4 8 500 68
67 16 16 200 79
68 32 8 2000 49
69 64 128 500 96
70 64 64 100 100
71 64 128 2000 81
72 16 16 100 70
73 4 8 200 74
74 64 16 1000 35
75 64 128 2000 34
76 64 8 1000 97
77 32 128 200 65
78 32 128 500 34
79 4 64 1000 42
80 64 128 2000 79
81 16 8 200 57
82 16 64 200 94
83 16 16 2000 70
84 4 128 2000 68
85 16 128 1000 68
86 64 64 2000 65
87 4 8 100 31
88 4 64 500 51
89 64 16 100 80
90 32 16 500 93
91 32 16 500 91
92 4 64 500 94
93 64 128 1000 40
94 16 16 1000 76
95 32 128 200 98
96 64 16 200 47
97 32 16 500 87
98 4 8 100 97
99 4 8 100 89
100 16 16 2000 53
101 16 16 200 47
102 16 64 1000 82
103 32 128 2000 99
104 16 8 2000 47
105 4 64 100 34
106 4 16 500 49
107 64 128 2000 36
108 16 16 100 84
109 4 16 500 31
110 64 128 2000 99
111 64 16 1000 91
112 64 128 200 71
113 4 64 2000 59
114 16 128 200 44
115 16 64 100 88
116 16 8 500 62
117 4 8 100 89
118 16 64 200 71
119 4 64 100 47
120 32 16 100 80
121 64 16 500 34
122 64 128 2000 77
123 32 8 1000 38
124 32 64 1000 84
125 16 8 100 67
126 4 128 2000 71
127 64 16 100 58
128 16 16 100 68
129 4 64 2000 45
130 4 16 500 36
131 4 16 500 30
132 64 16 100 38
133 16 8 100 35
134 16 128 500 77
135 4 16 200 66
136 4 128 200 37
137 16 16 200 55
138 4 16 500 58
139 64 8 2000 58
140 64 128 500 63
141 16 128 2000 34
142 4 8 1000 34
143 4 128 500 46
144 64 128 1000 65
145 4 16 200 86
146 16 128 1000 39
147 4 8 200 40
148 32 128 100 72
149 64 128 2000 100
150 64 64 200 46
151 32 8 2000 56
152 32 64 500 58
153 32 8 500 56
154 4 128 500 97
155 16 128 1000 76
156 4 8 200 78
157 16 128 100 40
158 16 128 200 91
159 16 16 500 88
160 64 64 2000 68
161 64 16 2000 30
162 32 64 1000 88
163 32 128 1000 34
164 4 8 100 61
165 64 16 200 54
166 4 128 1000 81
167 16 8 1000 89
168 32 8 2000 44
169 4 8 200 43
170 64 16 2000 81
171 4 128 200 39
172 64 8 200 63
173 32 8 100 97
174 64 16 100 98
175 64 16 1000 74
176 16 16 2000 35
177 16 16 1000 79
178 4 8 100 90
179 4 8 500 100
180 64 64 1000 62
181 4 8 1000 83
182 64 16 200 54
183 64 8 1000 69
184 4 8 2000 80
185 4 128 200 35
186 32 16 200 36
187 4 8 500 89
188 32 16 200 66
189 16 64 2000 73
190 16 16 500 71
191 32 16 2000 48
192 4 8 2000 35
193 4 128 2000 41
194 32 128 100 63
195 4 128 500 42
196 16 64 500 88
197 64 8 500 48
198 4 8 200 52
199 64 64 100 51
200 4 8 200 52
201 4 64 2000 98
202 16 128 1000 81
203 16 16 500 44
204 64 16 1000 42
205 4 64 100 56
206 64 8 1000 90
207 32 64 1000 80
208 4 8 1000 74
209 64 16 500 52
210 16 128 200 35
211 16 128 1000 63
212 32 16 100 63
213 64 128 200 72
214 64 128 500 31
215 16 16 1000 72
216 4 128 1000 80
217 4 128 2000 93
218 4 128 200 94
219 32 64 1000 96
220 64 8 500 41
221 64 64 200 81
222 16 16 200 95
223 64 64 2000 80
224 32 64 500 44
225 64 16 2000 48
226 16 16 200 98
227 4 16 1000 54
228 32 128 500 78
229 32 16 1000 41
230 32 128 2000 73
231 64 8 100 80
232 4 64 200 97
233 4 8 100 80
234 32 128 200 97
235 64 64 100 73
236 4 64 100 88
237 16 16 100 99
238 64 16 100 92
239 4 16 1000 51
240 16 64 1000 57
241 16 128 2000 57
242 64 16 100 55
243 4 128 100 58
244 32 16 2000 52
245 4 16 1000 79
246 64 16 500 54
247 64 8 1000 59
248 64 16 1000 84
249 16 8 200 98
250 32 128 200 33
251 4 16 1000 95
252 64 16 500 58
253 64 128 2000 64
254 32 16 500 74
255 32 128 100 58
256 16 16 500 34
257 32 128 500 74
258 16 64 100 55
259 4 128 2000 36
260 4 64 200 83
261 32 64 100 90
262 32 64 100 67
263 32 128 500 70
264 32 128 500 32
265 4 128 1000 99
266 32 64 1000 30
267 16 16 1000 34
268 32 64 500 87
269 32 16 200 60
270 16 8 500 45
271 64 8 100 39
272 4 64 2000 35
273 4 16 1000 96
274 16 16 1000 47
275 32 128 500 34
276 64 128 500 94
277 32 64 200 97
278 32 8 100 39
279 32 128 1000 93
280 32 8 2000 38
281 16 8 100 35
282 4 16 500 100
283 32 8 200 69
284 64 64 100 98
285 4 8 500 79
286 32 8 2000 31
287 64 16 100 55
288 16 8 1000 64
289 64 128 2000 89
290 16 16 1000 83
291 32 64 1000 78
292 4 16 500 31
293 4 16 100 51
294 16 64 500 97
295 64 8 1000 85
296 16 128 500 34
297 32 8 1000 93
298 4 8 2000 31
299 32 64 500 52
300 16 64 200 48
301 16 128 200 93
302 16 64 100 90
303 32 8 500 89
304 32 8 2000 57
305 32 64 1000 70
306 32 128 500 87
307 32 128 200 86
308 4 64 100 68
309 64 128 1000 36
310 16 128 100 50
311 32 128 500 83
312 16 16 500 67
313 4 64 1000 39
314 64 64 200 37
315 4 16 2000 84
316 4 8 100 46
317 4 128 100 72
318 64 16 2000 60
319 4 128 200 87
320 16 64 100 78
321 16 64 1000 78
322 64 128 500 31
323 16 16 100 85
324 32 128 1000 75
325 32 16 200 45
326 16 64 200 76
327 4 128 2000 42
328 64 16 200 100
329 64 8 200 38
330 32 128 1000 69
331 32 8 100 76
332 4 64 500 99
333 32 8 200 89
334 4 64 100 55
335 4 16 500 89
336 16 16 1000 42
337 32 128 500 42
338 32 16 100 91
339 64 16 500 68
340 64 64 100 60
341 64 16 100 85
342 16 16 200 68
343 64 16 500 70
344 64 16 2000 62
345 64 16 500 56
346 4 16 500 34
347 16 16 100 34
348 4 8 1000 66
349 64 8 100 71
350 64 8 100 78
351 16 16 100 72
352 4 16 100 41
353 4 8 100 84
354 16 128 1000 88
355 4 128 1000 58
356 64 64 2000 42
357 4 128 2000 99
358 64 128 500 34
359 64 8 1000 32
360 4 128 2000 43
361 32 16 100 86
362 16 64 2000 89
363 32 16 200 71
364 64 64 100 54
365 4 128 100 76
366 64 64 1000 46
367 16 16 1000 74
368 64 16 100 77
369 32 64 500 61
370 64 16 2000 85
371 64 16 1000 82
372 32 16 100 59
373 32 128 1000 70
374 64 128 100 75
375 64 64 200 54
376 16 16 2000 75
377 64 128 2000 55
378 4 64 500 92
379 16 16 2000 39
380 16 128 2000 74
381 64 8 1000 36
382 32 128 100 60
383 4 128 2000 46
384 64 8 2000 37
385 16 8 200 66
386 4 64 1000 69
387 4 64 2000 45
388 4 16 500 81
389 16 16 500 57
390 64 16 2000 59
391 16 128 2000 52
392 32 8 200 94
393 4 128 200 62
394 16 64 1000 84
395 16 8 2000 85
396 64 128 100 91
397 4 128 1000 80
398 64 64 1000 64
399 4 8 1000 87
400 16 16 200 61
401 4 64 100 42
402 16 16 100 54
403 4 128 100 35
404 64 16 2000 64
405 64 128 500 72
406 64 128 100 47
407 64 16 2000 71
408 32 64 100 34
409 4 128 200 89
410 4 16 2000 99
411 32 128 2000 83
412 4 128 2000 61
413 4 16 500 78
414 4 64 100 86
415 4 8 500 35
416 64 8 2000 51
417 64 128 2000 83
418 4 128 100 32
419 16 64 500 94
420 32 16 1000 41
421 4 64 200 90
422 32 64 200 90
423 16 128 1000 87
424 16 128 2000 42
425 64 8 1000 52
426 64 8 1000 58
427 4 8 1000 72
428 4 128 500 67
429 16 16 1000 99
430 4 8 200 46
431 16 8 500 97
432 64 8 200 52
433 64 128 500 45
434 4 16 1000 39
435 16 128 2000 41
436 16 16 100 68
437 16 16 100 95
438 16 128 1000 48
439 32 8 100 47
440 32 16 1000 95
441 32 16 500 36
442 32 8 500 45
443 64 64 500 96
444 64 8 100 86
445 4 128 200 47
446 4 16 200 79
447 16 128 1000 54
448 64 128 1000 66
449 4 64 2000 41
450 32 16 1000 85
451 32 128 2000 69
452 64 8 500 79
453 32 128 100 90
454 64 64 200 98
455 64 8 500 86
456 32 16 200 55
457 64 128 200 53
458 4 16 1000 38
459 32 8 500 69
460 16 128 100 30
461 64 16 1000 61
462 32 64 2000 88
463 4 8 100 80
464 16 16 1000 59
465 32 128 2000 39
466 64 64 2000 82
467 4 16 2000 96
468 4 8 100 48
469 4 16 2000 95
470 4 128 100 36
471 64 128 1000 50
472 64 64 100 78
473 64 64 1000 48
474 32 8 500 32
475 16 64 200 64
476 16 8 1000 93
477 32 64 500 84
478 32 8 500 54
479 16 16 100 65
480 16 8 1000 35
481 32 8 200 50
482 64 128 1000 49
483 16 128 500 85
484 32 64 500 46
485 16 16 200 71
486 32 64 200 94
487 16 128 200 69
488 4 128 100 37
489 64 8 200 89
490 64 64 200 94
491 64 128 2000 42
492 64 128 2000 30
493 16 8 500 80
494 64 128 500 43
495 64 16 100 77
496 16 8 200 89
497 32 8 500 80
498 16 8 200 64
499 32 128 2000 72
500 16 128 100 76
501 64 8 1000 38
502 64 128 500 84
503 32 8 200 95
504 32 128 1000 41
505 32 8 200 79
506 64 64 500 42
507 32 64 200 92
508 4 128 500 69
509 32 128 500 90
510 32 128 100 85
511 16 128 200 95
512 64 16 1000 85
513 16 16 500 33
514 16 128 200 45
515 16 16 200 48
516 64 128 100 66
517 32 128 200 70
518 4 8 2000 74
519 64 64 200 95
520 32 8 100 37
521 16 128 200 56
522 16 16 200 32
523 64 16 100 63
524 4 64 100 51
525 4 8 200 65
526 4 64 500 30
527 32 8 200 67
528 32 128 500 30
529 4 8 100 48
530 16 8 100 99
531 16 8 100 45
532 64 128 200 83
533 64 128 1000 31
534 16 16 100 39
535 64 128 1000 47
536 16 64 2000 54
537 16 16 500 95
538 32 64 200 93
539 16 128 200 59
540 16 16 1000 30
541 64 16 100 46
542 16 16 2000 82
543 64 128 500 60
544 64 16 1000 59
545 4 64 2000 49
546 16 8 2000 59
547 16 16 100 78
548 16 128 200 31
549 64 16 2000 56
550 32 64 500 92
551 4 128 500 39
552 64 128 1000 48
553 16 8 1000 32
554 64 16 2000 67
555 64 128 1000 96
556 32 16 100 50
557 16 8 1000 95
558 16 16 2000 35
559 4 8 2000 47
560 16 16 2000 67
561 64 16 1000 56
562 64 128 1000 72
563 4 16 100 66
564 16 16 500 33
565 32 8 200 39
566 64 16 200 42
567 16 64 2000 46
568 64 128 500 70
569 4 128 100 73
570 32 128 200 66
571 64 128 500 50
572 32 16 2000 94
573 32 8 500 36
574 32 16 200 42
575 4 8 100 70
576 64 128 1000 59
577 64 8 1000 41
578 4 16 100 57
579 16 64 2000 70
580 4 64 500 47
581 16 8 500 89
582 4 64 500 72
583 16 64 100 98
584 32 64 200 66
585 32 16 500 46
586 32 128 2000 70
587 64 64 200 100
588 32 8 100 44
589 32 128 500 89
590 32 16 500 82
591 16 16 500 80
592 32 128 100 48
593 32 128 200 82
594 64 128 1000 50
595 32 64 2000 100
596 16 64 1000 30
597 16 64 2000 61
598 64 8 2000 69
599 32 16 2000 91
600 16 128 500 31
601 32 16 2000 85
602 4 128 200 49
603 4 128 1000 55
604 16 8 2000 74
605 16 8 2000 50
606 32 128 200 41
607 4 8 500 90
608 16 8 500 57
609 32 16 1000 96
610 16 128 1000 57
611 64 16 1000 93
612 4 8 1000 39
613 4 128 1000 45
614 16 16 100 63
615 4 16 200 89
616 64 16 2000 36
617 4 128 1000 86
618 4 128 100 74
619 64 8 1000 81
620 4 16 100 99
621 32 8 100 69
622 64 16 500 48
623 64 128 500 65
624 4 128 500 51
625 32 128 500 42
626 4 64 500 72
627 32 8 200 94
628 32 8 2000 70
629 64 128 200 55
630 4 64 1000 46
631 32 8 100 31
632 64 16 200 37
633 16 64 500 72
634 32 64 200 46
635 32 128 1000 91
636 4 16 200 55
637 32 64 2000 73
638 4 8 200 87
639 16 16 2000 100
640 32 8 2000 90
641 32 128 1000 96
642 4 128 200 96
643 16 8 200 56
644 16 128 1000 69
645 32 128 100 56
646 32 64 200 39
647 4 16 500 78
648 16 128 100 37
649 64 16 1000 69
650 64 64 2000 77
651 64 16 100 43
652 4 16 500 87
653 64 16 100 68
654 64 16 500 74
655 4 128 500 52
656 4 16 500 55
657 64 16 500 34
658 64 8 100 67
659 32 128 2000 57
660 16 16 200 86
661 32 64 1000 90
662 64 16 100 86
663 4 8 500 59
664 4 8 1000 72
665 32 128 100 71
666 64 64 100 43
667 32 64 100 41
668 64 128 100 41
669 64 128 200 49
670 64 8 100 82
671 4 16 500 60
672 4 128 1000 31
673 64 128 100 87
674 32 16 1000 96
675 64 128 2000 46
676 16 128 2000 46
677 4 128 2000 93
678 4 64 2000 65
679 64 64 100 66
680 64 128 200 88
681 4 128 100 75
682 4 64 100 31
683 64 16 200 51
684 64 8 100 97
685 32 128 1000 94
686 64 8 1000 41
687 32 8 100 87
688 16 16 2000 32
689 4 128 200 86
690 16 128 1000 85
691 16 64 200 96
692 32 8 2000 57
693 16 16 500 76
694 64 16 200 39
695 64 64 1000 37
696 32 128 1000 50
697 32 16 200 34
698 4 128 500 49
699 32 16 500 93
700 32 16 500 57
701 32 128 1000 81
702 32 16 2000 56
703 64 128 100 66
704 16 128 100 65
705 16 128 500 59
706 32 128 1000 81
707 16 16 200 63
708 64 8 200 91
709 64 8 200 38
710 4 8 2000 40
711 64 128 500 44
712 64 16 200 35
713 32 16 100 71
714 16 128 1000 39
715 4 128 500 43
716 64 8 2000 92
717 16 64 500 72
718 16 64 1000 99
719 4 8 500 32
720 4 128 2000 40
721 16 16 2000 66
722 16 128 100 44
723 16 8 500 39
724 16 16 500 67
725 4 8 500 45
726 16 8 200 89
727 32 64 1000 85
728 32 16 100 83
729 64 128 100 45
730 4 64 2000 92
731 32 8 100 66
732 64 64 2000 81
733 16 64 1000 69
734 4 64 200 31
735 64 128 500 71
736 4 8 2000 30
737 32 8 500 46
738 16 8 1000 82
739 32 128 2000 74
740 32 64 200 76
741 4 16 200 85
742 64 16 200 36
743 32 128 100 30
744 64 16 2000 61
745 4 64 500 61
746 4 16 100 74
747 32 8 1000 91
748 16 8 1000 79
749 16 16 100 31
750 4 16 200 51
751 4 8 2000 87
752 4 8 200 36
753 16 64 500 67
754 16 128 100 87
755 32 8 200 70
756 16 8 1000 87
757 64 16 200 85
758 16 16 1000 51
759 32 8 100 83
760 16 16 500 72
761 32 8 500 89
762 16 64 200 64
763 32 64 500 96
764 32 16 2000 99
765 64 128 500 94
766 32 8 2000 38
767 16 128 2000 87
768 4 64 2000 56
769 4 128 1000 56
770 16 8 200 90
771 16 128 100 75
772 4 8 200 41
241
1 263 36 66
1 688 33 56
1 281 18 71
1 637 39 73
1 702 41 42
3 251 50 61
6 385 49 47
6 121 28 30
8 200 40 86
9 13 19 61
9 84 31 35
9 470 14 71
12 750 42 86
13 256 48 67
15 763 39 46
16 255 12 100
18 116 36 49
18 659 27 48
19 237 47 85
23 150 24 35
23 415 35 83
28 211 10 78
29 275 36 46
29 612 27 37
30 194 45 42
30 169 19 57
32 635 39 30
33 339 35 62
33 137 20 76
35 415 28 31
36 125 35 85
38 566 28 61
44 592 24 91
45 665 17 68
47 607 23 100
47 139 19 80
50 372 20 56
53 130 39 78
54 94 22 50
54 630 43 62
58 499 17 80
65 721 41 80
66 422 16 32
67 172 22 63
67 496 50 79
68 149 10 62
69 102 42 46
74 233 17 55
76 350 15 82
76 721 11 88
79 348 23 52
79 606 16 34
79 340 46 90
88 185 11 31
91 194 40 47
100 764 41 32
100 238 38 36
100 399 19 48
103 513 20 74
105 703 17 68
106 529 25 59
106 286 24 38
107 585 17 32
109 120 41 70
110 583 50 85
111 524 17 71
113 409 29 43
116 323 46 35
119 745 23 74
121 714 16 40
122 736 36 64
126 424 33 96
130 166 21 54
130 651 32 34
132 588 45 65
135 159 32 70
139 528 33 32
140 500 12 90
151 234 20 95
154 229 10 78
156 661 40 89
159 603 17 83
159 504 49 30
161 629 28 35
170 560 41 91
173 626 38 47
174 583 39 33
174 281 30 91
175 474 45 33
176 519 35 41
177 317 11 84
178 235 29 62
178 411 21 51
189 554 12 70
190 536 10 63
193 497 32 68
193 638 11 33
196 264 42 54
197 643 13 56
203 344 22 49
207 501 34 71
210 362 26 87
211 474 22 56
212 700 43 36
212 246 30 95
214 258 13 65
215 394 18 73
217 655 24 97
217 226 19 98
219 408 25 83
223 301 40 35
226 286 33 66
227 656 28 42
229 685 40 99
231 377 19 78
231 712 40 43
231 771 31 68
232 475 24 34
234 683 48 56
236 673 17 96
239 681 30 59
239 636 24 47
240 474 25 52
240 269 36 94
241 769 41 100
242 431 31 78
245 503 32 66
246 400 48 72
247 590 44 90
248 411 14 50
249 349 24 38
249 680 32 61
254 656 22 85
256 614 46 73
260 653 12 76
265 657 37 89
266 559 10 74
268 552 13 37
271 351 15 94
274 361 32 39
280 378 48 94
281 390 31 77
284 534 48 69
296 633 19 33
297 628 36 86
298 544 34 55
302 517 42 47
309 315 18 39
309 611 34 45
310 587 48 58
313 332 45 86
313 614 50 73
319 377 41 81
328 658 18 89
331 479 14 35
332 531 28 39
334 364 21 94
334 735 46 68
339 461 46 45
340 767 48 77
340 667 18 99
341 348 44 94
347 659 15 77
350 685 22 80
350 614 44 85
355 446 15 46
361 772 40 30
373 513 43 58
374 721 30 77
378 491 30 42
384 608 25 54
385 688 45 54
387 388 28 85
391 498 45 33
392 521 49 62
393 499 19 66
394 743 17 38
397 766 43 59
403 773 50 56
413 580 43 43
414 658 14 70
414 772 34 86
415 761 16 72
416 672 50 92
416 553 30 55
426 755 27 49
430 734 16 98
430 692 37 71
435 585 47 96
442 700 22 81
451 675 43 50
456 652 28 55
464 742 18 67
468 660 16 62
471 665 39 99
477 594 20 59
481 704 42 68
481 752 15 51
482 619 37 94
482 685 14 55
484 627 35 97
484 761 11 80
492 525 31 83
496 764 33 78
497 537 23 54
499 632 23 98
500 560 18 82
503 701 31 88
512 588 11 73
513 669 24 91
518 519 34 83
529 732 31 43
531 542 29 71
532 533 30 44
540 662 21 68
557 649 16 43
571 709 36 58
572 726 26 89
573 628 25 76
573 696 43 69
575 729 40 65
580 708 16 74
589 639 48 73
590 611 47 76
590 743 11 77
593 758 19 69
597 720 24 51
598 719 44 56
599 653 41 30
601 695 37 75
603 655 43 40
606 663 25 34
624 663 46 88
634 705 10 47
641 683 39 73
645 762 33 81
653 746 39 48
661 679 29 47
677 731 48 51
679 693 22 41
735 752 23 85