596
0 8 32 5000 189
1 8 32 400 103
2 32 128 5000 148
3 32 32 800 146
4 32 320 5000 133
5 32 128 5000 179
6 8 320 2000 141
7 8 320 800 133
8 8 320 1000 146
9 32 128 1000 182
10 8 32 800 123
11 32 128 5000 98
12 32 32 5000 189
13 32 32 800 148
14 8 320 800 133
15 8 128 2000 139
16 32 32 2000 116
17 8 128 400 166
18 32 128 2000 174
19 32 128 1000 117
20 32 128 1000 124
21 32 32 2000 170
22 32 32 1000 105
23 32 320 5000 100
24 8 320 1000 125
25 32 128 2000 109
26 8 128 2000 138
27 32 32 5000 96
28 32 32 2000 103
29 32 32 5000 158
30 32 128 2000 160
31 8 128 1000 122
32 32 320 400 152
33 32 320 2000 158
34 32 320 5000 200
35 8 32 800 120
36 32 128 1000 143
37 8 128 400 189
38 32 128 5000 191
39 8 32 800 200
40 8 32 400 114
41 32 320 5000 175
42 8 128 2000 165
43 32 128 400 90
44 8 128 5000 168
45 8 320 1000 183
46 32 32 400 111
47 32 128 800 109
48 8 32 1000 191
49 32 32 1000 191
50 8 320 1000 163
51 8 128 400 198
52 32 32 1000 137
53 32 128 800 99
54 8 128 5000 170
55 32 320 2000 172
56 32 128 2000 199
57 32 320 5000 125
58 32 320 2000 168
59 8 320 400 154
60 32 320 800 165
61 32 32 1000 161
62 8 32 5000 192
63 32 320 800 145
64 8 128 800 97
65 8 320 5000 124
66 8 32 800 141
67 32 320 800 133
68 8 128 2000 159
69 32 32 5000 112
70 8 320 2000 177
71 32 32 1000 146
72 8 128 1000 154
73 32 320 5000 97
74 32 320 2000 94
75 32 32 1000 161
76 8 32 1000 168
77 8 32 800 109
78 8 128 2000 121
79 8 128 400 128
80 32 320 800 144
81 32 320 1000 118
82 32 320 400 95
83 8 320 2000 163
84 8 128 400 111
85 32 128 400 113
86 8 128 800 148
87 8 128 5000 190
88 32 32 5000 111
89 8 32 400 90
90 32 32 1000 115
91 32 320 1000 119
92 8 320 400 156
93 32 320 400 109
94 8 320 2000 115
95 32 128 5000 187
96 8 32 800 129
97 32 320 2000 157
98 8 320 2000 167
99 8 320 1000 114
100 32 320 800 99
101 8 128 1000 172
102 32 320 1000 178
103 8 32 1000 180
104 8 32 2000 169
105 32 320 400 129
106 32 320 1000 155
107 32 320 400 153
108 8 320 800 115
109 32 128 800 92
110 32 128 2000 145
111 32 32 1000 105
112 32 320 5000 133
113 8 128 800 115
114 8 32 400 129
115 32 32 5000 128
116 8 320 1000 97
117 8 32 800 138
118 32 128 2000 138
119 8 32 2000 195
120 8 320 1000 191
121 8 32 5000 148
122 8 320 400 97
123 32 320 800 120
124 8 32 5000 190
125 8 128 800 96
126 32 128 400 93
127 8 32 1000 164
128 8 32 2000 189
129 32 32 5000 167
130 32 320 400 155
131 32 32 800 107
132 8 32 1000 160
133 8 128 400 176
134 32 320 1000 149
135 32 32 2000 151
136 8 320 800 192
137 32 128 1000 128
138 8 32 5000 182
139 8 320 400 191
140 32 320 2000 156
141 8 32 400 179
142 8 128 400 193
143 32 320 5000 147
144 8 320 400 142
145 8 320 5000 169
146 32 128 2000 104
147 8 32 400 98
148 32 128 800 198
149 32 128 5000 153
150 8 32 800 177
151 32 128 2000 181
152 8 32 2000 130
153 32 32 5000 156
154 32 320 5000 120
155 8 128 2000 172
156 8 128 5000 173
157 8 128 800 182
158 8 32 800 146
159 8 128 400 141
160 8 320 5000 169
161 8 128 800 189
162 32 32 2000 161
163 8 128 1000 200
164 8 128 800 198
165 8 128 400 192
166 8 128 1000 115
167 32 320 1000 152
168 8 128 800 111
169 8 320 800 115
170 8 32 5000 151
171 32 128 5000 126
172 8 320 800 136
173 8 128 800 178
174 8 32 1000 107
175 32 128 400 120
176 32 128 400 151
177 32 32 800 154
178 32 128 2000 113
179 8 32 400 126
180 32 320 400 161
181 32 128 400 149
182 8 320 1000 168
183 32 32 800 121
184 32 128 400 112
185 8 128 800 115
186 8 32 5000 147
187 8 32 1000 167
188 8 320 2000 106
189 8 128 400 145
190 8 128 800 134
191 32 32 400 188
192 32 128 1000 111
193 32 128 5000 179
194 32 320 5000 184
195 8 320 5000 94
196 8 128 800 157
197 8 320 2000 183
198 32 320 5000 188
199 8 32 800 90
200 32 320 400 118
201 8 128 5000 107
202 32 320 5000 146
203 8 320 400 180
204 32 320 2000 187
205 32 32 5000 186
206 8 32 800 124
207 32 320 1000 182
208 32 128 5000 180
209 8 128 1000 177
210 32 320 1000 106
211 8 128 400 95
212 32 320 2000 96
213 32 128 800 95
214 8 320 2000 108
215 32 32 1000 165
216 32 32 400 140
217 8 128 2000 126
218 8 320 1000 163
219 32 128 5000 110
220 32 128 800 140
221 8 128 5000 114
222 8 128 1000 185
223 8 32 1000 110
224 8 128 400 198
225 32 32 400 139
226 8 320 2000 183
227 32 32 400 112
228 32 320 400 118
229 8 32 400 142
230 32 32 400 175
231 8 128 2000 115
232 8 32 2000 104
233 32 320 2000 161
234 8 320 5000 90
235 8 32 2000 159
236 8 32 5000 188
237 32 32 5000 110
238 8 32 400 103
239 32 128 5000 122
240 8 32 1000 112
241 8 32 5000 134
242 8 128 400 158
243 32 32 1000 140
244 32 320 400 112
245 32 128 5000 157
246 32 320 2000 98
247 8 320 5000 200
248 32 320 400 114
249 8 32 2000 122
250 32 128 2000 95
251 8 128 2000 169
252 8 320 1000 143
253 8 32 1000 170
254 8 320 1000 160
255 8 32 400 157
256 8 320 800 90
257 32 320 400 171
258 8 128 400 198
259 8 128 1000 118
260 32 128 400 126
261 8 32 2000 90
262 8 320 400 96
263 8 128 800 100
264 8 320 800 145
265 32 32 1000 104
266 8 32 800 137
267 8 320 800 102
268 32 128 800 148
269 8 128 2000 200
270 32 320 400 162
271 32 32 1000 127
272 8 320 800 156
273 8 320 5000 114
274 32 320 800 105
275 8 128 800 153
276 8 32 2000 200
277 8 320 1000 185
278 32 32 1000 140
279 32 128 1000 95
280 32 128 400 107
281 32 320 2000 118
282 32 128 400 166
283 8 32 800 129
284 32 320 2000 178
285 32 320 2000 122
286 8 320 1000 190
287 8 32 1000 123
288 32 128 5000 141
289 32 32 800 137
290 8 320 800 117
291 32 128 5000 165
292 32 320 1000 137
293 32 128 800 158
294 8 128 400 180
295 32 320 1000 94
296 32 32 1000 138
297 8 32 400 170
298 32 32 5000 160
299 8 320 2000 197
300 32 320 400 118
301 8 32 400 183
302 32 32 2000 188
303 8 128 800 122
304 8 320 1000 174
305 8 32 2000 102
306 32 320 400 126
307 8 32 1000 180
308 32 32 800 177
309 32 32 1000 100
310 32 320 2000 93
311 32 128 1000 197
312 8 32 800 187
313 32 320 1000 106
314 32 320 1000 164
315 8 320 1000 120
316 8 320 400 150
317 32 128 2000 169
318 8 128 2000 159
319 8 128 800 182
320 32 128 1000 193
321 8 32 400 93
322 8 128 400 166
323 8 320 800 104
324 32 128 800 177
325 8 320 1000 105
326 8 128 800 108
327 32 128 400 124
328 32 320 2000 157
329 8 320 1000 102
330 8 32 1000 170
331 32 320 1000 125
332 8 128 5000 198
333 8 320 5000 126
334 8 32 1000 182
335 32 128 400 197
336 8 128 800 108
337 8 320 2000 199
338 8 320 1000 177
339 32 128 1000 177
340 32 128 800 199
341 8 128 2000 180
342 8 320 5000 162
343 8 128 2000 175
344 8 320 5000 176
345 32 32 5000 177
346 32 128 2000 159
347 32 128 2000 117
348 8 128 2000 105
349 32 32 2000 190
350 32 320 1000 110
351 32 128 2000 156
352 32 128 800 102
353 8 32 2000 135
354 32 32 2000 106
355 8 320 2000 137
356 8 320 800 128
357 8 128 800 134
358 32 32 800 175
359 32 32 2000 164
360 8 128 400 184
361 32 32 5000 134
362 8 32 800 115
363 8 320 1000 114
364 32 320 1000 171
365 32 320 1000 171
366 32 320 800 162
367 32 128 800 150
368 32 128 800 170
369 32 320 1000 120
370 32 128 2000 117
371 8 32 2000 154
372 8 32 5000 168
373 8 32 800 182
374 8 32 800 163
375 32 320 1000 173
376 32 32 1000 165
377 32 32 1000 175
378 8 128 1000 156
379 32 32 2000 146
380 8 320 400 197
381 8 128 5000 109
382 32 128 400 156
383 32 128 5000 121
384 8 32 400 200
385 8 32 2000 138
386 8 32 2000 185
387 32 128 1000 136
388 8 128 1000 120
389 8 32 400 185
390 32 320 1000 109
391 8 128 1000 102
392 32 128 1000 95
393 32 320 1000 106
394 32 320 1000 109
395 32 32 1000 161
396 32 32 2000 117
397 8 128 1000 118
398 32 32 2000 196
399 8 32 1000 116
400 8 128 800 196
401 8 320 800 139
402 8 128 5000 148
403 32 320 2000 160
404 32 320 1000 103
405 32 128 1000 128
406 32 320 5000 147
407 32 128 2000 141
408 32 320 2000 121
409 8 128 2000 153
410 32 320 2000 136
411 8 128 800 129
412 8 128 2000 90
413 32 320 1000 171
414 32 32 2000 156
415 8 320 400 189
416 32 128 5000 131
417 8 32 800 180
418 32 32 400 143
419 32 128 2000 113
420 32 32 5000 177
421 8 128 2000 150
422 32 32 400 186
423 8 32 2000 111
424 32 128 400 179
425 32 32 400 191
426 32 128 5000 161
427 32 320 800 190
428 32 128 1000 199
429 32 320 400 107
430 8 32 800 126
431 8 128 5000 119
432 8 320 400 115
433 32 128 1000 97
434 8 320 2000 159
435 32 128 5000 97
436 32 320 5000 141
437 8 32 400 191
438 32 320 800 106
439 8 128 800 90
440 32 128 400 117
441 8 128 5000 130
442 8 32 5000 120
443 32 32 400 106
444 32 32 2000 191
445 8 320 2000 198
446 32 128 1000 111
447 8 128 400 181
448 8 320 800 115
449 8 32 800 142
450 8 32 800 175
451 32 320 1000 141
452 32 320 5000 170
453 8 128 5000 102
454 32 320 5000 180
455 32 32 1000 191
456 8 320 1000 125
457 8 128 5000 127
458 32 128 1000 186
459 8 320 1000 123
460 32 32 2000 188
461 8 128 5000 174
462 8 32 2000 197
463 32 128 5000 154
464 32 32 800 156
465 8 32 800 151
466 8 32 800 191
467 8 320 1000 144
468 8 320 5000 155
469 32 32 1000 99
470 8 128 400 129
471 32 320 1000 139
472 32 128 1000 121
473 32 128 1000 173
474 32 32 400 167
475 8 128 1000 97
476 8 128 5000 121
477 8 32 400 187
478 8 320 800 146
479 8 128 5000 147
480 32 128 800 149
481 8 128 800 179
482 32 320 5000 154
483 32 32 800 194
484 32 128 400 149
485 32 128 5000 104
486 32 320 800 151
487 8 320 1000 113
488 32 320 1000 165
489 32 320 1000 159
490 8 320 2000 156
491 8 32 2000 184
492 32 128 1000 92
493 32 32 400 181
494 8 320 800 114
495 8 128 2000 190
496 8 32 800 186
497 32 320 400 154
498 8 320 800 124
499 32 32 1000 117
500 8 128 5000 136
501 8 320 400 130
502 32 32 1000 147
503 8 32 400 142
504 8 32 800 121
505 8 32 800 153
506 8 128 2000 196
507 8 320 1000 111
508 8 320 2000 152
509 32 128 2000 181
510 32 128 5000 167
511 32 32 2000 142
512 32 320 400 168
513 32 32 1000 200
514 32 128 1000 119
515 8 32 5000 194
516 8 32 800 165
517 32 128 1000 110
518 8 320 2000 144
519 32 320 1000 134
520 32 32 400 94
521 32 32 800 156
522 32 128 400 179
523 32 32 400 197
524 8 320 800 92
525 32 32 800 130
526 32 320 800 190
527 8 128 800 171
528 32 128 5000 178
529 32 320 2000 144
530 32 32 2000 127
531 8 320 1000 121
532 32 128 400 195
533 8 32 2000 116
534 32 32 800 105
535 8 128 5000 101
536 8 32 2000 132
537 32 128 800 169
538 8 128 1000 187
539 8 32 800 185
540 32 128 400 200
541 8 320 800 131
542 8 128 5000 179
543 8 320 400 150
544 32 32 2000 128
545 8 32 2000 190
546 8 320 2000 101
547 32 32 400 178
548 8 32 400 190
549 8 320 800 141
550 32 32 1000 91
551 32 128 2000 178
552 32 128 5000 158
553 32 128 1000 119
554 32 32 1000 100
555 32 128 5000 131
556 32 32 800 187
557 8 320 800 108
558 32 128 400 125
559 8 32 2000 146
560 32 32 5000 142
561 32 32 5000 197
562 8 128 2000 153
563 8 128 800 181
564 32 128 400 190
565 8 32 1000 136
566 32 128 400 111
567 8 128 1000 199
568 32 320 800 176
569 8 32 800 160
570 8 128 2000 109
571 8 128 2000 172
572 8 320 800 162
573 8 128 800 104
574 8 128 2000 153
575 32 320 400 155
576 32 320 2000 186
577 8 320 1000 92
578 32 320 2000 189
579 32 32 2000 179
580 8 32 2000 101
581 8 32 400 133
582 32 32 800 125
583 32 320 5000 100
584 32 32 400 145
585 8 32 400 167
586 8 128 800 184
587 8 32 400 109
588 8 128 800 150
589 32 128 2000 134
590 32 320 400 166
591 32 32 5000 140
592 32 32 5000 175
593 8 320 1000 127
594 8 32 2000 108
595 32 320 2000 195
277
0 289 59 164
1 43 64 192
1 406 51 174
2 6 40 119
2 367 70 113
5 548 63 171
5 580 57 181
5 254 52 104
5 453 55 93
6 530 65 124
7 595 69 195
8 138 65 148
9 390 43 169
11 13 70 125
11 521 52 185
12 443 42 103
14 169 69 111
16 270 70 104
18 289 49 129
19 253 52 107
19 225 51 157
19 93 65 156
19 454 43 123
22 501 57 189
26 36 63 118
27 112 49 132
28 376 52 111
30 333 45 91
31 456 68 175
33 271 67 135
36 64 48 119
39 357 45 181
39 467 67 125
39 572 56 181
41 564 60 188
41 430 69 144
46 108 57 127
47 542 46 131
48 427 61 153
49 445 40 118
51 485 40 162
51 576 55 111
53 559 65 165
55 286 42 149
55 187 63 118
56 398 60 118
57 561 60 119
58 485 52 155
59 542 50 122
61 498 41 105
63 154 50 106
64 251 53 182
66 249 42 187
66 574 60 100
68 222 50 177
69 103 44 179
71 441 63 115
71 375 66 187
71 275 40 198
72 546 46 129
72 558 52 153
72 323 58 175
73 141 48 137
75 145 61 95
76 98 70 108
77 273 67 167
79 524 57 159
81 349 48 188
82 423 64 194
84 133 58 153
85 577 67 116
86 532 68 103
86 570 40 147
86 90 60 134
87 256 44 166
87 520 65 153
87 179 69 180
88 111 58 157
90 135 66 178
90 378 51 178
91 426 41 160
93 433 65 162
95 230 68 125
95 392 64 118
96 582 42 146
96 338 54 187
97 524 68 179
97 550 49 172
100 174 46 197
101 311 54 139
101 226 60 158
104 353 63 119
105 118 46 182
107 161 45 175
108 341 41 165
108 419 52 161
109 552 55 154
110 456 67 171
111 126 50 171
112 303 46 174
113 306 44 196
115 318 67 190
116 151 50 179
118 544 66 142
118 501 51 105
120 431 47 91
121 540 69 149
123 313 65 150
124 450 67 181
125 231 51 189
129 285 61 110
130 351 48 91
131 213 53 196
131 281 52 154
132 360 54 125
132 453 42 143
134 304 45 190
135 475 47 98
136 199 47 175
137 281 43 105
138 489 45 181
138 512 53 147
139 240 45 109
140 562 69 198
142 192 50 104
143 236 49 198
143 439 62 165
143 350 53 136
145 151 47 110
146 239 43 150
152 436 58 165
152 442 69 152
154 183 43 130
155 225 54 104
156 435 57 184
158 550 44 104
161 575 55 187
161 375 40 113
162 549 58 124
162 374 40 118
162 178 67 170
164 569 58 183
167 495 62 187
167 336 40 131
168 264 54 129
168 330 41 121
168 542 44 142
169 234 46 114
174 395 63 118
176 250 70 102
176 521 58 199
179 238 67 123
180 219 52 144
180 492 55 163
181 222 44 141
182 425 49 121
183 204 56 199
183 585 59 113
184 338 56 177
184 561 70 174
184 279 67 126
185 206 60 123
186 496 43 127
186 421 50 140
188 268 53 186
192 220 54 117
195 348 57 143
197 326 68 124
199 446 56 158
202 529 54 181
202 215 45 100
202 383 54 104
203 471 60 195
203 379 69 99
204 206 51 109
204 514 61 125
205 374 56 182
209 444 47 199
212 588 47 146
212 473 44 117
213 310 47 168
216 463 43 110
218 518 44 114
219 430 55 190
220 410 57 98
221 287 53 197
221 493 48 115
226 231 65 199
228 414 44 177
230 298 42 174
234 595 63 150
236 363 43 90
236 363 52 96
237 465 58 173
247 580 55 158
247 398 58 170
247 465 45 143
248 315 70 135
249 313 45 91
250 593 54 125
252 571 42 132
258 478 62 132
258 517 65 187
259 525 48 188
262 297 59 183
263 440 47 175
268 308 59 98
268 460 63 178
270 586 47 91
271 280 60 161
281 321 40 159
289 429 42 193
289 425 58 186
290 433 69 124
291 420 58 121
292 376 47 94
292 481 69 105
296 526 48 159
298 382 67 103
303 330 70 99
306 534 52 115
307 456 61 111
310 314 57 129
313 344 41 144
320 502 65 164
320 556 64 155
324 331 63 178
330 491 55 107
334 507 57 136
343 363 69 193
345 469 42 109
346 383 52 145
346 564 61 98
346 425 67 148
350 352 54 151
351 506 45 193
351 431 63 137
351 403 69 184
353 418 57 116
353 367 70 103
355 492 60 180
357 446 41 132
363 459 42 171
367 433 43 92
368 512 46 157
368 596 43 158
379 404 70 171
380 486 52 199
387 417 59 94
392 561 53 119
401 539 54 127
404 518 49 172
405 531 45 103
408 593 42 148
413 536 50 150
416 451 64 172
418 559 59 104
418 560 70 122
420 512 44 91
421 456 67 91
426 433 57 152
429 543 52 126
446 561 51 196
448 568 67 128
469 541 58 103
472 528 59 129
474 486 66 191
486 556 67 116
490 535 66 171
491 581 49 149
495 581 65 190
497 593 40 93
516 587 40 100
526 593 66 148
549 580 67 176
553 588 51 130
555 580 49 92