36
0 8 16 150 88
1 16 2 150 99
2 8 16 100 82
3 16 4 50 74
4 16 2 150 66
5 8 64 50 97
6 2 16 100 88
7 16 64 50 72
8 16 4 150 85
9 16 64 150 84
10 8 2 100 59
11 2 16 150 81
12 16 16 100 86
13 8 16 150 71
14 2 2 150 98
15 2 4 150 79
16 8 2 100 82
17 8 2 200 50
18 8 4 200 65
19 16 4 50 54
20 2 16 200 54
21 16 2 200 57
22 16 2 100 93
23 8 4 100 80
24 2 16 200 74
25 16 64 50 74
26 8 16 50 80
27 8 16 150 55
28 2 2 50 88
29 16 2 50 78
30 16 64 50 85
31 8 64 200 91
32 8 2 200 89
33 8 4 150 95
34 8 64 150 52
35 16 64 100 51
10
2 12 60 149
3 22 50 127
4 12 51 151
9 15 66 110
10 13 70 107
10 29 62 163
20 23 47 146
21 35 41 93
22 31 65 116
27 29 65 185