414
0 32 96 2000 114
1 16 96 5000 161
2 32 64 5000 120
3 16 40 400 189
4 16 40 1000 120
5 32 40 5000 168
6 16 96 5000 178
7 16 96 5000 148
8 16 40 1000 194
9 32 40 2000 126
10 16 96 1000 140
11 16 40 800 104
12 16 40 2000 129
13 16 40 800 96
14 16 40 5000 118
15 16 96 5000 127
16 16 64 2000 150
17 16 40 1000 193
18 32 96 2000 152
19 32 64 1000 125
20 32 40 2000 179
21 32 96 400 111
22 16 64 2000 152
23 16 96 5000 188
24 32 64 1000 132
25 16 64 1000 171
26 16 96 400 128
27 32 40 800 120
28 16 40 2000 171
29 16 64 800 189
30 16 64 800 112
31 32 64 400 136
32 32 96 1000 170
33 16 64 1000 137
34 16 64 1000 100
35 32 96 2000 105
36 32 40 1000 151
37 32 64 800 127
38 16 40 5000 138
39 16 96 5000 176
40 32 64 2000 182
41 32 40 5000 162
42 16 40 5000 192
43 16 40 2000 158
44 32 40 1000 103
45 16 40 800 159
46 32 40 2000 150
47 16 40 2000 140
48 32 96 5000 105
49 32 40 2000 163
50 16 64 1000 127
51 16 64 800 144
52 32 40 800 194
53 32 40 5000 179
54 32 96 400 115
55 16 40 5000 96
56 16 64 2000 102
57 16 64 5000 156
58 16 96 2000 179
59 32 64 1000 126
60 32 64 2000 163
61 32 64 1000 190
62 32 40 800 137
63 32 40 5000 194
64 32 96 400 194
65 16 64 800 129
66 16 96 800 165
67 16 64 1000 167
68 32 64 400 185
69 32 64 2000 178
70 16 40 400 188
71 16 96 5000 97
72 16 40 400 152
73 32 64 800 128
74 32 40 400 135
75 16 64 800 117
76 32 64 1000 188
77 32 64 400 141
78 16 64 2000 173
79 32 64 400 118
80 32 64 2000 113
81 16 40 1000 142
82 16 96 400 170
83 32 64 800 159
84 32 96 5000 182
85 32 96 400 138
86 16 40 5000 124
87 32 40 400 108
88 16 64 400 174
89 16 40 400 198
90 32 40 2000 140
91 32 96 2000 166
92 16 40 400 130
93 32 40 1000 139
94 32 64 5000 94
95 16 96 400 172
96 32 40 5000 134
97 32 64 400 103
98 32 96 5000 111
99 16 96 400 173
100 32 64 2000 108
101 16 64 5000 181
102 16 96 2000 194
103 32 64 5000 158
104 16 64 5000 90
105 32 40 1000 159
106 16 96 5000 164
107 32 64 400 104
108 16 64 800 154
109 32 40 2000 186
110 32 96 1000 103
111 16 96 1000 125
112 16 64 5000 134
113 16 40 1000 99
114 32 64 400 198
115 16 96 5000 169
116 32 40 400 106
117 32 64 2000 93
118 16 40 2000 196
119 32 40 1000 180
120 32 40 5000 172
121 32 64 400 189
122 32 64 1000 149
123 32 40 800 123
124 16 96 800 155
125 16 64 1000 122
126 32 64 5000 179
127 32 64 800 134
128 16 96 5000 180
129 32 96 400 154
130 32 64 5000 183
131 32 96 2000 156
132 32 96 2000 95
133 32 96 800 115
134 16 40 5000 138
135 16 40 2000 167
136 16 96 2000 154
137 32 40 5000 173
138 16 96 400 111
139 16 64 800 102
140 32 64 400 126
141 32 96 800 142
142 32 96 5000 183
143 16 96 5000 177
144 32 96 400 98
145 32 96 5000 129
146 16 96 400 124
147 32 40 5000 104
148 32 40 800 195
149 16 96 5000 99
150 16 40 5000 149
151 32 96 1000 135
152 32 96 800 167
153 16 40 400 183
154 32 40 5000 100
155 32 40 2000 171
156 32 64 800 174
157 32 96 5000 117
158 32 96 800 188
159 16 96 5000 141
160 32 40 1000 169
161 32 40 1000 187
162 32 96 2000 180
163 32 64 400 133
164 16 40 400 128
165 16 64 5000 156
166 32 96 5000 195
167 16 96 400 123
168 32 64 5000 118
169 32 64 800 113
170 32 64 2000 131
171 32 40 400 126
172 32 40 5000 115
173 16 64 5000 198
174 32 40 800 177
175 16 40 2000 152
176 32 40 400 114
177 32 64 1000 140
178 16 96 800 183
179 16 96 400 188
180 16 40 1000 192
181 16 64 5000 159
182 32 40 5000 101
183 16 96 800 179
184 16 64 800 95
185 16 40 400 170
186 16 64 800 177
187 16 64 1000 124
188 32 64 5000 90
189 32 96 1000 118
190 32 40 400 127
191 16 64 2000 131
192 16 40 800 192
193 16 96 1000 126
194 32 96 400 98
195 16 40 1000 102
196 32 96 5000 198
197 16 40 1000 96
198 32 40 1000 175
199 32 96 5000 163
200 16 64 5000 187
201 32 96 5000 120
202 32 96 800 146
203 16 40 1000 131
204 16 64 2000 194
205 16 40 5000 132
206 16 64 400 98
207 32 40 2000 196
208 16 96 800 193
209 32 96 5000 128
210 32 96 5000 113
211 32 96 5000 182
212 32 96 2000 141
213 16 96 1000 146
214 16 40 1000 138
215 32 64 400 95
216 16 96 5000 105
217 16 96 400 145
218 32 40 800 123
219 32 96 5000 200
220 16 40 400 166
221 32 96 5000 97
222 32 40 800 137
223 16 96 400 93
224 16 40 5000 135
225 32 96 1000 179
226 16 40 1000 156
227 16 64 800 181
228 32 96 5000 155
229 32 40 800 171
230 16 40 1000 198
231 32 40 1000 168
232 32 40 5000 102
233 16 40 2000 91
234 16 96 5000 153
235 32 96 800 193
236 32 96 800 166
237 32 40 400 193
238 32 96 1000 198
239 16 96 400 152
240 32 64 5000 116
241 16 96 5000 178
242 32 64 400 127
243 16 40 1000 144
244 16 64 800 158
245 16 96 800 166
246 16 64 800 176
247 32 64 1000 101
248 32 64 2000 187
249 16 64 400 136
250 16 96 5000 171
251 32 64 1000 125
252 16 96 1000 181
253 32 64 2000 127
254 16 40 800 137
255 16 64 1000 122
256 32 64 1000 196
257 32 64 1000 196
258 16 96 400 106
259 16 96 2000 161
260 16 40 2000 186
261 32 96 1000 194
262 32 64 1000 98
263 16 40 1000 188
264 32 64 800 178
265 16 40 2000 114
266 16 40 1000 107
267 32 96 1000 181
268 16 40 800 168
269 16 64 2000 174
270 16 96 2000 132
271 16 40 1000 129
272 16 64 800 95
273 16 96 2000 131
274 16 40 400 192
275 32 64 5000 160
276 16 64 1000 177
277 32 64 5000 140
278 32 96 5000 104
279 16 64 2000 181
280 16 64 2000 113
281 16 40 400 111
282 32 96 5000 199
283 32 64 800 120
284 32 64 5000 150
285 16 40 1000 149
286 32 64 1000 162
287 32 96 1000 120
288 32 40 5000 188
289 32 96 800 143
290 16 40 5000 163
291 32 96 1000 188
292 32 40 5000 115
293 32 96 800 140
294 32 40 2000 171
295 32 64 2000 194
296 16 40 400 154
297 32 40 400 136
298 32 64 1000 115
299 32 96 2000 183
300 32 64 800 199
301 32 96 2000 91
302 16 96 2000 120
303 16 64 1000 147
304 32 40 2000 177
305 16 64 800 196
306 16 64 400 131
307 32 96 2000 105
308 32 40 5000 157
309 32 64 2000 182
310 32 96 800 154
311 16 96 5000 137
312 16 96 400 125
313 16 96 5000 141
314 16 96 800 109
315 16 96 400 129
316 32 64 800 139
317 32 64 800 140
318 32 64 2000 170
319 32 40 400 164
320 32 40 2000 112
321 16 64 5000 110
322 16 64 1000 190
323 32 40 2000 193
324 16 40 5000 124
325 32 40 1000 159
326 32 64 2000 153
327 16 96 400 142
328 32 96 5000 103
329 16 64 400 198
330 16 40 2000 161
331 16 40 400 90
332 16 96 800 178
333 16 96 800 142
334 32 96 5000 174
335 32 40 400 163
336 32 96 1000 127
337 16 40 5000 138
338 16 40 2000 160
339 32 64 400 93
340 32 40 800 95
341 16 40 2000 168
342 16 96 2000 171
343 32 96 5000 127
344 32 96 800 93
345 16 64 2000 189
346 32 96 5000 121
347 32 64 400 146
348 16 64 2000 184
349 32 40 800 194
350 32 64 5000 129
351 16 96 400 188
352 16 40 1000 135
353 16 40 400 171
354 32 96 1000 161
355 16 64 800 110
356 32 64 800 160
357 32 40 1000 130
358 32 40 2000 152
359 32 96 800 188
360 32 40 1000 189
361 32 40 800 118
362 16 96 400 121
363 16 64 2000 172
364 32 64 5000 188
365 32 64 400 106
366 32 96 2000 122
367 32 96 1000 134
368 32 64 400 105
369 32 40 5000 96
370 16 96 2000 149
371 32 64 800 121
372 16 96 5000 151
373 16 96 400 153
374 16 40 2000 135
375 32 64 400 129
376 32 40 1000 163
377 16 96 5000 131
378 16 64 400 118
379 16 96 2000 129
380 32 40 1000 164
381 32 96 2000 115
382 16 40 400 133
383 32 64 800 140
384 32 64 800 93
385 32 40 800 101
386 32 40 5000 97
387 32 40 2000 120
388 32 64 1000 141
389 32 96 400 183
390 32 96 800 129
391 16 96 2000 159
392 32 96 5000 198
393 32 40 1000 186
394 32 96 5000 142
395 16 40 400 96
396 16 96 1000 181
397 16 64 1000 103
398 16 96 400 194
399 32 40 5000 161
400 32 96 1000 138
401 16 96 1000 150
402 16 40 2000 164
403 32 64 800 186
404 16 96 400 150
405 16 64 1000 190
406 32 40 800 144
407 32 40 1000 188
408 32 64 5000 193
409 32 40 5000 126
410 32 96 1000 143
411 32 64 2000 194
412 32 64 400 179
413 16 40 1000 127
194
1 403 68 153
3 54 64 158
3 385 62 183
3 392 61 144
4 13 52 198
4 64 60 189
5 79 47 115
6 207 64 101
7 398 47 130
9 282 59 109
10 160 51 179
10 60 54 173
12 330 65 167
13 282 69 91
16 297 50 175
17 167 69 188
17 250 55 114
18 181 65 188
18 85 66 130
18 198 58 167
20 191 70 162
23 374 64 94
26 345 46 127
31 309 63 135
31 286 68 171
31 262 56 106
38 283 61 143
38 405 69 125
44 385 59 93
45 188 67 186
48 79 52 169
49 188 55 121
50 124 45 93
50 101 43 132
51 251 66 104
53 197 60 175
54 109 63 186
54 383 40 177
55 338 60 110
56 137 41 130
56 366 65 188
57 385 62 135
58 136 48 124
59 195 65 107
59 194 45 130
61 257 66 187
62 219 60 116
63 229 63 102
64 96 56 132
67 306 59 127
68 362 59 193
69 168 64 195
71 92 45 123
71 234 54 104
72 386 64 90
72 361 44 137
72 213 69 114
72 340 50 117
73 346 57 107
73 179 68 100
77 210 52 180
78 372 59 198
78 249 64 200
79 170 64 104
80 141 44 191
80 374 57 178
82 228 53 125
87 330 47 124
88 193 53 137
89 275 57 106
92 237 67 123
93 215 57 92
94 166 63 125
95 243 49 143
96 163 66 127
97 412 70 122
97 148 58 105
102 390 59 104
103 255 57 190
104 128 64 162
106 318 64 119
106 240 52 196
106 166 60 123
108 130 52 175
110 280 49 172
110 409 70 139
110 282 49 134
112 151 46 187
112 369 65 116
114 361 51 128
116 244 45 142
122 323 49 154
124 219 62 152
126 254 62 93
127 155 47 123
130 366 60 185
130 236 60 155
132 241 40 104
139 381 60 155
139 402 48 119
141 269 68 169
142 151 60 110
142 308 47 134
145 273 57 189
146 227 69 170
146 404 64 168
147 150 66 164
147 409 41 192
149 267 63 162
151 276 52 113
152 216 54 199
152 401 70 198
153 338 50 100
158 268 44 196
158 254 69 200
161 297 64 91
162 226 66 147
162 369 63 111
165 291 54 198
167 185 42 123
169 170 40 153
170 241 48 188
170 249 40 100
171 275 67 181
178 338 55 193
179 397 56 170
179 324 51 122
182 206 51 170
186 259 67 194
187 191 60 194
188 274 51 146
188 304 70 184
189 215 60 124
190 263 65 110
191 360 51 106
192 239 45 174
192 369 40 184
193 358 54 101
193 330 68 154
197 230 54 193
197 334 65 175
197 290 61 120
203 262 50 199
204 328 65 182
207 237 61 111
208 239 44 124
210 249 57 171
211 313 67 118
215 293 70 146
215 301 51 164
217 339 64 91
220 389 64 170
220 264 62 110
231 387 68 144
233 285 49 171
233 247 70 117
234 241 43 101
234 279 45 157
235 331 55 196
236 362 66 140
236 371 55 133
242 320 68 162
246 395 55 151
246 262 46 128
248 277 63 178
252 294 57 176
256 279 48 124
258 370 59 168
267 268 66 169
268 348 44 169
274 363 66 156
282 342 68 94
286 404 40 90
287 290 49 186
293 359 55 176
296 387 70 180
299 362 53 162
302 375 50 106
303 322 53 120
306 315 46 145
312 407 63 156
316 341 42 93
326 344 70 188
327 360 65 127
331 359 55 124
336 376 48 184
338 393 66 199
344 412 60 173
349 359 45 165
366 412 45 196
367 380 51 92
382 403 49 148
382 404 46 163
399 408 57 108