548
0 32 128 800 140
1 8 320 5000 194
2 8 32 400 129
3 32 32 2000 112
4 32 320 1000 181
5 32 128 400 131
6 32 32 800 168
7 32 32 5000 199
8 8 32 5000 94
9 8 128 2000 130
10 8 32 800 120
11 32 320 800 163
12 8 128 2000 190
13 8 32 1000 137
14 32 128 5000 170
15 8 128 2000 167
16 32 128 2000 135
17 32 32 400 193
18 32 32 800 145
19 8 320 400 155
20 32 320 400 175
21 32 32 1000 162
22 8 128 2000 158
23 32 32 5000 127
24 8 320 5000 181
25 8 32 5000 188
26 8 128 2000 91
27 8 128 800 192
28 32 32 2000 199
29 32 32 2000 191
30 32 128 1000 134
31 8 128 2000 135
32 8 320 5000 114
33 8 320 400 148
34 32 320 800 173
35 32 32 5000 172
36 32 32 1000 94
37 8 320 1000 160
38 32 320 1000 156
39 32 32 5000 197
40 32 128 2000 142
41 32 32 800 126
42 8 320 5000 166
43 32 128 5000 128
44 8 32 1000 192
45 8 128 2000 193
46 32 32 5000 166
47 8 320 400 94
48 32 128 1000 147
49 32 32 800 174
50 32 128 5000 140
51 8 32 1000 187
52 8 32 1000 133
53 32 128 5000 116
54 32 32 800 120
55 8 128 5000 182
56 32 320 2000 159
57 32 32 1000 200
58 32 32 1000 124
59 32 320 1000 138
60 8 128 2000 195
61 32 32 1000 93
62 8 320 2000 191
63 8 32 400 182
64 8 128 2000 102
65 8 320 400 118
66 8 320 800 197
67 8 32 400 133
68 8 128 2000 96
69 8 32 2000 139
70 8 32 5000 103
71 32 32 2000 113
72 32 32 800 142
73 32 128 2000 99
74 8 32 5000 171
75 8 32 2000 156
76 8 128 5000 178
77 8 128 800 188
78 8 320 1000 93
79 8 32 400 94
80 32 320 400 174
81 32 32 400 92
82 8 320 400 157
83 8 128 1000 186
84 32 32 1000 186
85 32 320 2000 167
86 8 128 400 105
87 8 320 2000 181
88 8 320 800 172
89 8 320 5000 112
90 32 128 1000 106
91 8 32 400 102
92 32 32 400 149
93 32 32 2000 135
94 32 32 1000 189
95 32 320 2000 153
96 32 320 800 184
97 8 32 1000 118
98 8 320 2000 163
99 32 32 800 129
100 8 128 2000 143
101 32 320 1000 195
102 32 32 800 129
103 8 128 400 128
104 8 128 400 120
105 32 128 400 158
106 8 320 800 168
107 8 320 5000 171
108 32 128 400 125
109 32 128 400 182
110 8 320 400 108
111 32 32 5000 124
112 8 128 2000 172
113 32 320 5000 131
114 8 128 1000 99
115 32 128 800 198
116 32 320 400 95
117 8 32 2000 178
118 8 320 1000 159
119 8 32 5000 120
120 32 320 2000 188
121 32 320 2000 196
122 8 320 5000 101
123 32 32 5000 139
124 8 128 800 176
125 8 320 800 179
126 8 320 2000 161
127 8 128 5000 182
128 32 128 5000 177
129 8 320 5000 113
130 32 128 400 99
131 32 320 400 165
132 32 128 5000 183
133 8 32 800 112
134 32 32 400 105
135 8 32 5000 158
136 32 128 2000 195
137 8 128 2000 110
138 8 32 1000 117
139 8 320 400 120
140 32 128 5000 180
141 32 32 1000 162
142 32 128 2000 169
143 32 128 5000 193
144 32 32 400 140
145 8 320 800 121
146 8 320 400 125
147 8 32 800 149
148 32 32 2000 109
149 8 320 400 122
150 32 128 400 172
151 8 128 5000 183
152 32 320 1000 191
153 32 320 2000 163
154 8 32 5000 156
155 8 128 2000 178
156 8 128 5000 136
157 32 128 800 170
158 32 128 800 126
159 8 32 400 138
160 8 128 1000 141
161 8 320 800 114
162 8 128 400 163
163 32 128 2000 187
164 8 320 1000 100
165 32 32 800 183
166 8 320 800 143
167 8 32 400 185
168 32 32 5000 140
169 32 128 5000 194
170 8 32 800 99
171 8 320 1000 138
172 32 128 800 96
173 32 32 1000 158
174 32 320 800 163
175 8 320 400 117
176 32 32 2000 113
177 32 128 5000 136
178 8 128 2000 179
179 32 32 400 166
180 32 128 1000 90
181 32 32 1000 178
182 8 128 400 160
183 32 32 1000 196
184 8 128 2000 104
185 32 128 800 104
186 32 128 1000 159
187 32 128 800 116
188 8 320 400 190
189 8 32 1000 142
190 8 32 2000 200
191 32 320 800 131
192 8 320 800 159
193 8 320 5000 137
194 32 32 5000 200
195 8 128 5000 121
196 8 128 5000 120
197 32 32 800 198
198 32 32 2000 103
199 8 320 400 183
200 8 128 400 162
201 32 320 2000 182
202 32 320 400 96
203 32 320 800 175
204 32 128 1000 188
205 32 128 1000 159
206 32 128 400 193
207 32 320 2000 126
208 32 320 5000 175
209 32 32 1000 100
210 8 320 1000 122
211 32 128 400 129
212 8 32 5000 162
213 8 32 400 92
214 8 32 5000 146
215 8 320 2000 141
216 8 320 400 143
217 8 320 1000 152
218 8 32 800 132
219 32 320 5000 186
220 8 320 400 124
221 8 128 2000 127
222 8 128 800 170
223 8 32 5000 95
224 32 128 2000 116
225 32 320 2000 145
226 32 32 2000 188
227 32 320 5000 196
228 8 320 800 99
229 32 320 5000 149
230 8 128 1000 121
231 8 320 400 110
232 8 128 1000 140
233 32 128 1000 138
234 8 128 1000 200
235 32 320 800 122
236 8 128 800 97
237 8 32 5000 104
238 8 320 1000 114
239 8 320 400 168
240 32 32 2000 95
241 8 32 400 167
242 32 320 2000 96
243 32 32 2000 170
244 8 320 2000 131
245 32 320 400 181
246 32 32 5000 165
247 32 32 800 108
248 8 128 2000 136
249 8 128 5000 106
250 32 32 800 157
251 8 32 2000 94
252 8 32 400 106
253 8 320 5000 115
254 32 320 1000 114
255 32 320 2000 135
256 32 320 1000 120
257 32 32 5000 130
258 8 128 800 107
259 8 128 1000 146
260 32 32 400 97
261 8 32 1000 158
262 32 128 5000 154
263 8 128 800 172
264 8 128 5000 189
265 32 32 400 194
266 8 128 1000 117
267 32 320 2000 101
268 32 320 2000 170
269 8 32 400 130
270 32 320 800 189
271 8 128 5000 198
272 32 128 1000 173
273 32 128 400 140
274 32 128 2000 199
275 32 320 5000 171
276 32 128 400 146
277 8 128 5000 198
278 8 320 400 142
279 32 320 5000 150
280 32 128 5000 133
281 8 320 400 193
282 32 128 2000 169
283 32 32 2000 119
284 32 320 800 103
285 8 32 800 101
286 8 128 400 110
287 32 320 800 138
288 32 128 800 194
289 32 320 2000 125
290 32 32 1000 104
291 32 128 5000 106
292 32 128 2000 192
293 32 128 400 175
294 8 320 5000 150
295 8 320 400 198
296 32 32 400 194
297 8 32 1000 127
298 32 320 800 136
299 32 320 1000 156
300 8 320 400 92
301 32 32 400 166
302 32 32 800 121
303 8 32 5000 189
304 32 320 2000 110
305 32 128 400 106
306 32 320 1000 116
307 8 128 400 200
308 32 320 400 151
309 8 128 1000 154
310 32 32 1000 94
311 32 32 400 197
312 8 128 2000 113
313 32 32 800 176
314 8 32 800 135
315 8 128 400 99
316 32 320 5000 127
317 8 320 2000 95
318 8 32 800 164
319 8 320 1000 126
320 8 128 400 126
321 32 32 1000 135
322 8 128 5000 164
323 32 128 800 91
324 32 128 1000 193
325 8 320 2000 129
326 32 128 1000 114
327 32 32 2000 123
328 32 320 2000 199
329 32 32 800 136
330 8 320 800 137
331 32 32 1000 186
332 32 320 2000 122
333 8 128 2000 103
334 8 320 5000 171
335 32 32 800 197
336 32 320 1000 187
337 8 32 800 120
338 32 320 400 96
339 32 128 5000 158
340 32 32 800 130
341 32 32 5000 168
342 8 320 800 159
343 32 320 2000 144
344 8 32 5000 162
345 32 32 800 161
346 8 128 800 151
347 32 320 1000 161
348 32 128 400 173
349 8 32 2000 170
350 32 32 400 169
351 32 128 5000 93
352 32 320 400 168
353 32 32 800 198
354 8 320 2000 200
355 32 32 800 102
356 8 320 800 141
357 32 32 2000 98
358 8 320 800 134
359 32 320 1000 178
360 32 32 400 165
361 8 128 5000 148
362 8 128 800 142
363 32 32 1000 91
364 32 128 800 146
365 32 32 2000 160
366 32 32 2000 128
367 8 32 1000 152
368 32 320 400 121
369 8 320 400 156
370 8 128 400 185
371 32 320 400 186
372 32 32 2000 187
373 32 32 1000 153
374 8 32 800 180
375 32 320 5000 176
376 32 320 400 102
377 8 320 5000 120
378 32 32 2000 175
379 8 32 5000 101
380 8 320 400 182
381 32 128 400 122
382 32 128 2000 141
383 8 128 1000 119
384 32 128 400 124
385 8 320 800 123
386 32 32 1000 112
387 32 128 800 131
388 8 320 400 175
389 32 320 2000 181
390 8 320 800 150
391 32 128 5000 137
392 8 32 400 164
393 8 32 800 200
394 32 32 1000 93
395 8 320 800 155
396 32 128 400 165
397 8 320 800 118
398 32 128 400 111
399 8 320 400 100
400 8 32 2000 182
401 8 32 5000 199
402 32 320 800 155
403 8 32 2000 143
404 32 128 800 91
405 32 320 400 168
406 8 128 800 198
407 32 32 1000 109
408 8 32 800 184
409 32 320 1000 111
410 8 32 2000 106
411 32 128 2000 102
412 32 128 400 186
413 8 32 2000 186
414 32 128 400 151
415 8 128 400 156
416 8 128 2000 180
417 8 128 800 195
418 32 128 800 114
419 32 320 1000 196
420 32 32 800 101
421 32 32 1000 194
422 8 128 2000 159
423 32 32 5000 191
424 8 128 2000 118
425 8 32 800 106
426 32 32 800 103
427 8 320 400 175
428 32 32 800 172
429 32 128 400 124
430 8 32 400 114
431 32 32 400 191
432 32 128 800 123
433 32 32 5000 168
434 8 32 400 155
435 8 128 400 199
436 8 128 1000 128
437 8 32 5000 174
438 32 320 5000 103
439 8 32 400 194
440 8 128 400 136
441 8 320 1000 183
442 8 320 1000 193
443 8 32 400 159
444 8 320 400 177
445 8 320 5000 144
446 32 128 5000 165
447 32 320 1000 93
448 32 32 2000 115
449 32 128 400 143
450 32 320 800 170
451 32 32 1000 168
452 32 320 400 94
453 32 128 5000 163
454 8 128 1000 128
455 32 320 2000 94
456 8 128 2000 131
457 32 32 5000 163
458 8 320 2000 125
459 32 128 800 101
460 8 320 800 170
461 32 32 400 147
462 8 128 1000 129
463 8 128 400 117
464 32 128 2000 115
465 32 320 800 122
466 32 320 400 97
467 8 32 800 131
468 32 32 800 102
469 32 128 400 194
470 8 32 800 200
471 8 32 1000 132
472 32 128 1000 197
473 8 32 1000 184
474 8 32 5000 97
475 8 320 2000 112
476 8 320 800 115
477 8 320 1000 186
478 8 128 2000 154
479 8 128 2000 155
480 8 32 2000 126
481 8 128 2000 112
482 8 320 2000 191
483 8 32 5000 183
484 8 320 2000 128
485 8 320 800 198
486 32 320 5000 157
487 32 128 1000 99
488 8 32 5000 168
489 32 128 800 183
490 32 320 2000 185
491 32 320 5000 178
492 32 128 400 100
493 8 320 1000 170
494 8 128 1000 188
495 8 128 800 189
496 32 128 800 194
497 32 128 800 100
498 8 320 1000 179
499 32 32 2000 131
500 8 128 5000 183
501 32 128 1000 191
502 8 128 5000 110
503 32 128 5000 127
504 32 32 2000 118
505 32 128 1000 170
506 32 128 2000 98
507 8 320 400 104
508 32 32 800 127
509 8 320 400 185
510 8 320 2000 161
511 8 320 5000 177
512 32 32 2000 91
513 8 320 2000 93
514 32 32 800 191
515 8 32 400 127
516 8 320 800 96
517 32 128 400 171
518 8 128 1000 166
519 8 128 2000 131
520 32 32 400 107
521 8 128 400 95
522 8 128 800 177
523 8 320 1000 135
524 32 128 2000 116
525 32 320 2000 158
526 8 320 5000 173
527 8 32 800 112
528 8 128 2000 190
529 32 128 2000 104
530 32 128 800 140
531 8 320 1000 134
532 8 320 5000 129
533 32 320 2000 127
534 32 32 5000 163
535 32 128 5000 96
536 8 128 1000 193
537 8 320 2000 145
538 32 32 800 199
539 32 32 2000 164
540 32 32 800 143
541 32 128 5000 187
542 32 320 800 117
543 8 32 1000 189
544 32 128 400 120
545 32 32 5000 193
546 8 128 1000 185
547 32 32 1000 164
45
15 321 60 121
15 50 66 122
24 504 67 175
27 399 40 95
29 351 62 170
29 366 70 167
30 268 68 189
31 132 59 107
46 251 67 140
47 71 47 193
72 101 43 177
79 507 56 102
83 216 43 179
88 373 59 200
95 235 44 188
107 132 60 146
111 333 65 99
122 191 65 145
128 526 44 154
131 167 60 94
152 206 61 148
169 342 68 124
175 340 61 158
183 249 63 92
190 440 41 164
213 427 59 171
215 373 54 192
217 249 56 94
225 414 57 194
254 348 53 119
270 327 44 112
281 357 48 117
291 528 68 139
299 516 58 124
302 511 49 135
329 450 64 126
346 354 69 138
362 524 44 169
368 399 45 156
385 454 51 152
409 496 50 129
439 458 45 139
478 544 43 160
487 495 68 95
493 548 64 161