282
0 8 2 200 77
1 8 64 50 88
2 8 16 100 84
3 2 4 100 54
4 16 4 50 55
5 8 4 100 89
6 2 64 200 60
7 2 4 100 56
8 16 4 50 66
9 8 4 100 78
10 16 2 200 89
11 8 16 150 59
12 2 16 200 87
13 16 4 150 100
14 2 64 150 86
15 2 4 200 56
16 2 64 50 58
17 2 16 150 60
18 2 16 200 55
19 2 16 100 85
20 16 16 50 54
21 8 2 150 58
22 8 16 50 50
23 2 4 150 74
24 8 4 50 61
25 2 64 200 92
26 16 16 50 71
27 2 64 50 65
28 8 64 50 80
29 2 4 100 50
30 8 64 50 79
31 8 2 100 69
32 2 2 200 87
33 2 64 150 72
34 16 16 200 70
35 2 2 150 88
36 2 4 100 68
37 2 64 100 56
38 8 4 100 85
39 16 16 200 57
40 8 16 200 57
41 16 16 100 100
42 16 2 200 83
43 16 2 50 84
44 8 16 50 72
45 8 2 100 50
46 16 64 200 93
47 16 16 150 96
48 16 64 50 59
49 2 2 50 56
50 8 4 50 84
51 16 2 200 62
52 2 64 100 98
53 16 16 150 97
54 2 4 200 71
55 2 4 50 97
56 2 16 150 89
57 16 4 50 58
58 2 16 150 68
59 2 4 200 87
60 8 4 150 83
61 8 64 100 81
62 8 64 150 81
63 16 2 100 90
64 16 16 50 99
65 16 2 150 60
66 16 16 150 67
67 2 16 150 88
68 8 2 100 59
69 8 64 50 61
70 2 2 100 64
71 16 2 50 70
72 2 2 200 100
73 2 2 150 55
74 8 64 100 61
75 2 4 100 58
76 8 16 200 68
77 2 4 150 97
78 2 2 200 81
79 2 2 150 92
80 2 16 100 67
81 2 2 50 96
82 16 64 50 83
83 2 4 100 52
84 8 64 100 94
85 2 64 150 75
86 16 2 100 79
87 8 4 150 57
88 8 64 200 83
89 8 4 100 65
90 8 64 50 66
91 16 64 50 60
92 16 16 50 70
93 16 2 150 82
94 2 2 100 78
95 8 2 100 59
96 16 4 100 64
97 2 64 100 80
98 16 16 200 77
99 8 64 100 100
100 2 2 200 74
101 8 64 150 80
102 8 64 150 71
103 8 2 50 57
104 2 2 50 64
105 2 64 150 90
106 2 2 200 91
107 8 2 150 100
108 16 64 100 89
109 2 4 100 55
110 2 4 100 59
111 8 2 200 50
112 16 4 200 79
113 8 16 200 92
114 16 16 50 51
115 16 4 200 90
116 2 64 100 64
117 8 4 200 71
118 16 16 200 81
119 16 4 50 73
120 8 64 100 51
121 2 64 150 50
122 8 16 150 69
123 16 4 200 61
124 8 64 200 70
125 16 16 200 100
126 2 16 50 53
127 8 64 150 80
128 16 16 200 87
129 8 2 150 60
130 8 64 50 54
131 16 16 100 58
132 8 64 100 64
133 2 4 100 58
134 16 2 100 85
135 16 2 100 63
136 8 16 150 68
137 16 2 100 99
138 16 4 100 72
139 2 16 150 73
140 2 2 50 59
141 2 4 150 90
142 2 64 200 96
143 2 2 50 78
144 16 4 200 50
145 8 64 200 52
146 16 2 150 70
147 8 16 150 100
148 8 2 150 79
149 16 4 50 64
150 16 4 150 60
151 2 16 50 90
152 8 4 200 89
153 8 16 100 57
154 16 64 200 70
155 2 64 100 88
156 2 4 200 84
157 8 64 200 70
158 2 2 50 72
159 16 4 150 89
160 8 2 150 73
161 16 4 200 75
162 16 64 200 81
163 8 2 100 82
164 16 16 200 99
165 2 2 200 63
166 2 4 50 87
167 16 4 200 73
168 8 4 50 58
169 16 64 100 79
170 8 4 50 86
171 2 64 200 61
172 8 4 50 67
173 2 64 100 83
174 2 2 200 54
175 8 64 200 60
176 8 16 150 69
177 2 2 100 55
178 8 4 150 56
179 8 16 100 100
180 16 2 100 82
181 8 4 150 92
182 16 16 50 89
183 2 4 200 56
184 8 4 50 91
185 2 2 150 82
186 8 2 200 59
187 8 16 150 90
188 2 4 50 77
189 8 64 200 64
190 16 2 100 79
191 2 4 100 81
192 8 4 50 81
193 16 2 100 75
194 8 2 150 63
195 16 16 50 75
196 16 64 150 64
197 16 2 200 58
198 8 64 100 62
199 16 16 200 70
200 2 64 100 53
201 8 16 200 84
202 8 64 150 51
203 2 2 50 51
204 2 2 50 70
205 16 64 150 61
206 2 16 100 72
207 2 4 200 71
208 16 2 100 88
209 2 4 50 82
210 2 2 150 90
211 16 4 150 52
212 16 2 50 69
213 8 16 50 83
214 2 64 100 63
215 8 64 200 96
216 8 16 100 78
217 16 4 100 94
218 2 4 200 51
219 16 4 100 61
220 2 4 100 75
221 8 16 50 53
222 8 2 50 64
223 8 64 100 87
224 2 4 200 56
225 2 2 100 81
226 8 64 200 93
227 16 2 200 94
228 8 2 50 76
229 16 64 100 88
230 2 64 200 60
231 16 64 50 74
232 16 2 150 92
233 8 4 50 72
234 16 16 200 75
235 8 64 50 70
236 16 64 150 81
237 8 64 150 98
238 8 16 100 98
239 2 16 100 85
240 8 64 200 64
241 8 16 150 77
242 8 16 100 67
243 16 16 50 80
244 2 64 50 71
245 2 64 100 72
246 2 16 50 67
247 8 2 100 76
248 2 2 100 95
249 16 2 50 65
250 2 16 200 86
251 16 4 100 75
252 8 16 200 62
253 2 16 200 82
254 8 64 150 98
255 8 64 150 90
256 8 2 50 95
257 2 4 50 75
258 16 4 50 66
259 8 64 200 69
260 2 64 150 95
261 2 4 100 68
262 16 2 150 70
263 8 2 150 52
264 8 16 100 76
265 8 2 50 73
266 2 2 200 64
267 16 16 50 76
268 8 2 100 81
269 8 64 200 97
270 8 4 100 97
271 2 2 100 95
272 8 64 150 88
273 8 4 200 85
274 8 4 100 67
275 2 2 200 50
276 2 16 150 84
277 16 2 50 94
278 8 2 200 79
279 16 4 50 74
280 2 16 50 78
281 8 64 200 87
36
3 282 44 188
6 145 47 100
9 22 43 183
10 68 53 101
13 225 70 177
15 163 69 120
23 145 59 131
24 137 40 163
25 45 40 165
32 99 48 187
38 55 53 153
39 249 42 145
41 269 57 168
43 44 45 146
43 207 58 148
46 166 52 130
51 141 70 121
54 143 43 175
55 199 42 108
60 189 54 110
80 219 45 95
82 157 68 188
93 209 64 141
93 229 65 199
104 186 57 110
106 140 56 159
118 141 67 177
125 226 62 122
133 141 40 147
136 171 57 92
146 178 46 127
150 164 68 98
160 242 53 132
185 213 68 96
208 274 69 120
245 260 59 112