901
0 8 128 1000 127
1 2 128 1000 141
2 2 16 1000 149
3 16 128 300 147
4 16 64 100 91
5 2 16 500 131
6 2 16 200 139
7 8 64 200 118
8 16 64 200 145
9 8 128 500 142
10 8 64 100 107
11 16 64 100 124
12 2 128 300 144
13 8 16 300 119
14 2 64 300 104
15 8 128 200 97
16 8 16 300 105
17 2 16 500 145
18 16 16 300 103
19 2 64 100 143
20 16 16 1000 142
21 8 16 300 149
22 16 16 300 135
23 16 128 1000 137
24 16 64 100 142
25 8 64 500 125
26 16 128 1000 142
27 2 128 1000 150
28 8 16 100 138
29 8 128 100 140
30 16 64 1000 101
31 16 128 500 112
32 16 128 300 147
33 16 128 200 137
34 16 64 100 121
35 16 128 100 119
36 16 16 100 140
37 8 16 100 147
38 8 64 100 102
39 2 16 300 138
40 2 16 300 105
41 16 64 200 129
42 2 64 300 148
43 8 128 500 102
44 8 16 1000 117
45 8 16 1000 126
46 16 64 100 98
47 8 128 1000 120
48 8 64 100 105
49 16 64 500 132
50 2 16 1000 143
51 2 128 300 147
52 16 16 1000 99
53 8 128 300 130
54 2 64 100 149
55 8 64 1000 128
56 2 16 1000 104
57 16 128 1000 132
58 2 64 1000 134
59 2 16 500 124
60 8 16 300 148
61 8 16 1000 142
62 2 16 500 109
63 16 64 100 105
64 8 128 100 97
65 2 16 200 136
66 8 16 200 120
67 2 16 500 139
68 16 16 200 94
69 16 64 300 112
70 16 16 1000 138
71 8 16 1000 121
72 8 16 1000 115
73 8 128 500 115
74 8 64 500 127
75 8 64 200 131
76 8 16 1000 123
77 8 64 100 107
78 2 128 300 101
79 2 128 100 144
80 16 16 1000 96
81 16 16 200 113
82 8 16 200 146
83 2 128 300 137
84 2 64 500 92
85 8 16 1000 91
86 2 64 100 97
87 8 16 200 91
88 2 16 500 130
89 16 128 300 147
90 2 16 200 141
91 16 128 500 95
92 2 64 1000 95
93 16 16 200 144
94 16 16 1000 104
95 16 64 300 130
96 8 64 300 146
97 8 16 1000 92
98 16 128 500 136
99 16 16 200 147
100 16 64 500 122
101 16 16 200 124
102 8 128 500 111
103 8 128 1000 140
104 8 16 100 94
105 8 16 300 119
106 16 16 500 96
107 16 128 100 116
108 16 128 1000 132
109 2 128 300 142
110 2 64 100 122
111 16 64 200 92
112 8 128 1000 110
113 8 16 200 121
114 2 128 1000 106
115 16 16 200 142
116 2 64 300 117
117 8 16 500 118
118 2 16 200 130
119 2 64 300 137
120 2 64 500 102
121 8 128 100 105
122 2 64 500 95
123 2 64 300 109
124 2 16 100 103
125 16 128 1000 100
126 16 128 500 102
127 8 16 300 96
128 16 64 100 147
129 2 128 500 142
130 16 128 200 137
131 16 64 1000 102
132 8 16 1000 147
133 16 64 1000 120
134 8 64 300 139
135 2 16 200 137
136 8 128 200 150
137 2 64 100 128
138 8 16 1000 139
139 8 128 1000 148
140 2 16 1000 110
141 2 64 100 102
142 8 128 100 123
143 16 64 100 124
144 8 16 300 110
145 8 16 200 94
146 2 128 300 102
147 2 128 200 143
148 8 128 100 150
149 2 128 100 150
150 8 16 200 90
151 2 16 200 125
152 16 64 300 118
153 16 16 100 137
154 8 128 200 98
155 2 64 100 142
156 8 16 300 107
157 8 128 500 141
158 8 128 200 139
159 2 64 500 113
160 16 128 1000 149
161 16 16 1000 138
162 2 128 1000 144
163 16 16 500 106
164 2 128 300 107
165 2 64 500 143
166 16 16 300 118
167 16 16 100 140
168 2 64 500 105
169 2 16 200 122
170 2 64 100 112
171 16 64 500 133
172 8 64 500 136
173 16 128 200 113
174 2 64 1000 101
175 2 16 300 121
176 2 16 300 100
177 2 128 100 97
178 16 128 1000 142
179 2 128 1000 117
180 8 16 100 127
181 8 16 100 148
182 16 128 300 121
183 16 16 300 148
184 2 16 200 127
185 2 64 100 124
186 16 128 200 148
187 2 128 200 117
188 8 64 100 126
189 2 128 300 92
190 16 16 1000 113
191 16 128 200 140
192 16 128 100 116
193 2 64 1000 110
194 8 64 500 96
195 8 16 300 130
196 16 64 100 119
197 2 128 100 149
198 8 128 500 116
199 16 128 1000 93
200 2 64 500 140
201 2 128 500 91
202 16 64 100 137
203 8 16 200 91
204 2 128 200 137
205 16 128 200 94
206 2 128 1000 149
207 2 16 100 134
208 2 64 500 122
209 8 64 1000 114
210 2 64 300 100
211 16 16 200 132
212 2 64 1000 125
213 16 16 200 104
214 2 128 200 126
215 16 128 1000 135
216 16 16 500 127
217 16 64 500 128
218 16 64 1000 94
219 2 128 200 142
220 2 16 300 116
221 8 16 300 100
222 16 64 500 127
223 16 64 1000 111
224 8 128 500 111
225 16 128 200 113
226 2 64 300 117
227 16 128 300 97
228 8 128 300 118
229 16 64 200 115
230 8 64 1000 121
231 8 128 1000 113
232 2 16 100 112
233 2 16 200 103
234 8 128 1000 116
235 16 64 500 118
236 2 16 1000 97
237 16 128 100 124
238 16 16 500 124
239 8 128 300 132
240 16 16 100 144
241 8 64 300 139
242 8 128 300 148
243 2 128 1000 103
244 16 64 300 96
245 2 128 100 115
246 2 16 200 122
247 2 16 1000 114
248 2 16 1000 120
249 2 64 300 93
250 16 16 500 148
251 2 16 500 96
252 2 64 100 106
253 8 128 100 97
254 16 64 200 128
255 2 64 500 110
256 16 128 200 117
257 8 64 200 124
258 16 16 200 106
259 2 16 500 145
260 2 64 500 136
261 16 64 200 132
262 16 64 300 131
263 16 64 1000 104
264 2 16 100 110
265 8 64 200 143
266 8 16 1000 106
267 8 64 200 150
268 2 16 300 139
269 16 64 200 125
270 8 128 100 138
271 2 128 100 127
272 8 128 200 127
273 2 16 300 125
274 16 128 500 102
275 16 64 200 95
276 8 16 100 125
277 8 128 500 91
278 16 16 100 106
279 2 16 100 107
280 8 16 1000 124
281 16 16 100 96
282 8 64 300 144
283 16 64 200 106
284 8 128 100 123
285 8 128 1000 131
286 16 16 200 125
287 8 64 500 92
288 2 128 100 108
289 16 128 100 107
290 2 16 500 116
291 2 16 500 141
292 8 128 1000 143
293 2 64 300 108
294 16 64 500 116
295 16 16 100 103
296 8 64 300 148
297 16 16 500 139
298 8 16 200 99
299 8 128 500 105
300 16 16 200 99
301 8 16 500 111
302 2 64 300 122
303 16 64 1000 103
304 2 128 200 123
305 8 64 300 91
306 16 16 100 143
307 2 16 300 94
308 16 16 100 144
309 2 128 300 93
310 16 64 200 136
311 16 128 300 98
312 2 128 200 139
313 8 64 1000 134
314 2 128 1000 102
315 2 16 100 144
316 2 16 100 106
317 8 64 1000 132
318 8 128 100 106
319 16 16 100 124
320 2 16 1000 131
321 8 16 100 104
322 8 16 300 108
323 8 16 1000 99
324 2 16 100 130
325 2 64 1000 97
326 16 64 300 120
327 16 64 100 147
328 8 16 300 113
329 8 16 200 100
330 8 16 200 134
331 8 64 200 143
332 2 128 500 110
333 8 128 500 126
334 8 64 100 111
335 16 128 1000 116
336 8 128 100 103
337 8 16 200 125
338 2 64 500 134
339 8 128 300 110
340 16 16 500 122
341 16 128 500 106
342 2 16 200 92
343 2 16 300 132
344 16 16 500 100
345 8 128 300 128
346 8 128 1000 146
347 8 64 300 122
348 2 128 500 146
349 16 64 1000 126
350 8 64 1000 105
351 16 128 100 101
352 16 16 200 139
353 8 64 300 121
354 2 128 100 150
355 16 128 1000 144
356 16 16 300 127
357 2 128 1000 148
358 16 128 100 124
359 2 64 300 106
360 8 64 500 120
361 2 16 300 119
362 8 128 200 149
363 8 16 500 105
364 16 64 200 137
365 16 64 500 95
366 2 16 100 140
367 8 64 300 135
368 2 16 100 100
369 2 64 100 109
370 16 128 500 104
371 16 128 500 129
372 2 64 500 121
373 8 64 200 91
374 2 16 200 148
375 2 64 100 127
376 2 64 300 97
377 8 128 300 111
378 16 16 100 96
379 2 16 100 136
380 16 16 300 107
381 16 128 100 122
382 2 64 500 126
383 8 16 1000 95
384 2 16 1000 126
385 16 64 500 145
386 8 128 1000 99
387 16 16 100 93
388 16 16 500 147
389 2 128 200 106
390 8 128 1000 124
391 8 128 200 134
392 8 16 300 145
393 8 64 1000 93
394 8 16 100 95
395 2 128 300 102
396 16 128 100 108
397 8 16 200 144
398 16 128 200 97
399 8 64 100 134
400 8 64 300 123
401 16 16 300 111
402 8 16 500 142
403 16 64 200 104
404 16 16 1000 142
405 16 128 300 104
406 16 128 200 140
407 8 16 500 107
408 2 128 200 144
409 2 64 300 144
410 16 128 1000 99
411 8 16 500 99
412 16 64 100 104
413 2 128 500 131
414 16 64 500 138
415 16 16 300 111
416 8 64 1000 137
417 2 64 500 119
418 8 16 100 96
419 8 128 1000 142
420 16 128 1000 144
421 2 128 300 144
422 8 16 200 107
423 16 16 1000 117
424 16 128 100 93
425 16 16 300 120
426 16 64 100 119
427 2 128 500 90
428 8 128 500 141
429 8 64 300 139
430 16 16 200 118
431 2 16 200 101
432 2 128 300 135
433 2 64 200 119
434 16 16 500 110
435 8 64 1000 103
436 16 128 1000 96
437 16 128 300 113
438 2 64 1000 124
439 16 128 200 113
440 2 64 500 131
441 8 16 100 93
442 16 16 1000 144
443 16 128 500 108
444 8 16 1000 127
445 2 128 1000 111
446 8 16 1000 135
447 8 64 100 133
448 8 128 100 111
449 16 128 100 145
450 8 128 1000 104
451 2 16 1000 132
452 2 16 1000 144
453 16 16 300 126
454 2 16 1000 94
455 2 16 500 130
456 2 16 500 121
457 16 16 500 90
458 16 128 1000 110
459 8 16 200 145
460 2 64 100 136
461 16 128 1000 146
462 16 16 200 144
463 16 64 100 137
464 16 128 200 130
465 2 128 100 139
466 16 16 100 97
467 16 128 200 108
468 2 16 500 96
469 8 16 300 92
470 16 128 500 96
471 8 64 300 112
472 2 128 1000 140
473 8 128 300 98
474 16 16 100 149
475 8 16 200 125
476 2 128 500 126
477 8 64 200 147
478 8 128 100 120
479 16 64 500 120
480 2 64 300 101
481 8 16 500 143
482 16 64 100 93
483 16 16 500 129
484 8 16 200 113
485 8 16 300 103
486 16 16 100 140
487 8 16 1000 110
488 8 16 500 142
489 16 64 1000 122
490 8 64 1000 91
491 8 64 200 143
492 8 64 100 129
493 16 64 200 148
494 2 16 100 119
495 16 16 300 144
496 16 16 1000 101
497 8 16 200 113
498 2 128 300 136
499 16 128 300 128
500 2 16 100 95
501 8 16 300 143
502 16 64 300 139
503 2 16 200 138
504 8 16 500 127
505 8 16 500 126
506 8 64 300 97
507 2 128 200 120
508 8 16 200 127
509 2 16 1000 93
510 2 64 300 134
511 2 64 500 139
512 16 16 300 131
513 8 16 1000 116
514 2 128 200 108
515 16 16 100 107
516 8 128 100 109
517 2 64 500 106
518 8 64 100 128
519 2 16 300 92
520 8 128 1000 118
521 2 64 100 141
522 2 16 1000 147
523 16 16 200 131
524 8 128 100 127
525 16 64 300 147
526 8 128 300 103
527 2 16 500 145
528 8 64 300 124
529 2 128 200 91
530 2 64 1000 132
531 16 64 1000 126
532 16 64 100 147
533 16 128 100 97
534 16 64 300 98
535 16 64 500 126
536 2 128 100 95
537 8 16 100 116
538 2 128 200 113
539 8 16 500 142
540 16 64 1000 99
541 2 64 200 132
542 16 128 300 122
543 8 64 1000 104
544 2 128 100 133
545 16 64 300 118
546 2 64 300 138
547 8 16 1000 113
548 8 16 300 125
549 8 16 300 143
550 16 16 1000 123
551 2 128 200 118
552 2 64 100 127
553 8 128 1000 147
554 8 64 300 118
555 2 16 1000 134
556 8 16 200 148
557 16 16 300 138
558 16 64 200 135
559 8 16 500 146
560 8 128 300 138
561 8 16 100 93
562 8 16 300 97
563 8 16 100 129
564 2 16 500 111
565 2 16 500 128
566 8 16 500 148
567 2 64 1000 101
568 8 128 500 141
569 16 16 100 146
570 16 128 200 98
571 2 16 200 93
572 8 16 200 129
573 8 64 500 133
574 16 128 100 111
575 2 128 300 144
576 2 64 1000 132
577 16 64 500 105
578 16 16 1000 111
579 16 64 1000 137
580 2 64 1000 127
581 16 128 1000 142
582 8 16 500 101
583 8 16 200 94
584 2 16 1000 112
585 2 128 100 139
586 2 128 100 116
587 8 128 200 101
588 8 64 200 127
589 8 64 500 122
590 16 128 1000 123
591 16 64 300 121
592 16 128 1000 144
593 8 16 300 141
594 8 64 100 134
595 8 16 300 117
596 8 16 100 127
597 8 16 500 124
598 8 64 300 142
599 8 64 500 117
600 2 128 100 97
601 16 64 200 110
602 2 128 300 123
603 16 128 100 127
604 2 128 200 115
605 8 128 1000 108
606 16 16 200 137
607 8 128 100 114
608 2 64 1000 148
609 16 128 1000 111
610 2 16 1000 115
611 2 16 300 136
612 8 16 100 116
613 2 16 300 103
614 8 128 100 93
615 16 16 100 119
616 8 128 1000 101
617 16 128 1000 129
618 16 64 1000 91
619 8 16 300 144
620 2 16 300 91
621 16 16 300 141
622 16 64 100 141
623 16 64 200 96
624 2 16 100 120
625 8 128 100 116
626 2 128 500 107
627 16 128 100 100
628 8 128 200 150
629 16 128 300 145
630 8 128 200 121
631 16 64 500 134
632 2 128 300 96
633 2 16 1000 114
634 8 16 300 90
635 8 16 200 125
636 2 64 300 110
637 16 16 300 130
638 2 16 200 104
639 8 128 300 107
640 2 16 300 113
641 8 128 100 115
642 16 16 100 146
643 2 64 1000 150
644 16 64 1000 112
645 8 64 500 123
646 16 128 200 118
647 8 128 500 133
648 8 128 300 97
649 8 16 300 118
650 16 16 500 98
651 8 128 1000 129
652 8 16 100 122
653 16 16 1000 113
654 8 64 300 144
655 16 64 500 103
656 16 16 500 102
657 2 128 100 104
658 16 16 300 101
659 16 128 1000 149
660 2 64 100 116
661 8 16 100 98
662 8 128 300 102
663 2 16 1000 95
664 16 128 300 134
665 2 16 500 114
666 16 16 300 94
667 16 128 300 103
668 8 128 1000 126
669 8 128 1000 116
670 16 16 1000 123
671 2 16 100 122
672 2 16 100 118
673 2 16 300 110
674 16 16 100 105
675 16 64 300 105
676 16 16 500 143
677 8 64 300 114
678 8 64 100 106
679 2 16 300 101
680 16 64 1000 102
681 8 128 300 136
682 8 64 1000 146
683 8 64 1000 103
684 2 64 200 150
685 2 64 100 134
686 16 16 100 149
687 2 16 1000 129
688 8 64 300 112
689 16 128 300 148
690 16 16 300 131
691 8 16 500 129
692 8 128 1000 139
693 16 16 100 109
694 2 16 100 131
695 16 16 100 93
696 16 128 100 148
697 16 128 300 95
698 16 16 1000 149
699 16 64 200 149
700 2 128 1000 100
701 2 16 100 94
702 8 16 500 136
703 8 64 1000 144
704 16 64 100 118
705 16 64 500 127
706 2 128 200 92
707 8 128 1000 123
708 2 64 100 138
709 2 16 300 134
710 2 64 100 92
711 16 16 300 90
712 8 128 200 108
713 8 16 500 117
714 8 64 300 110
715 8 16 1000 90
716 8 16 200 125
717 8 64 500 108
718 2 64 500 101
719 16 16 500 118
720 8 16 500 116
721 16 128 1000 143
722 16 16 300 116
723 8 128 200 120
724 16 16 1000 136
725 16 128 500 119
726 16 64 1000 123
727 8 16 300 90
728 2 128 300 96
729 16 16 500 113
730 2 64 200 103
731 2 64 200 121
732 2 16 500 125
733 8 16 300 106
734 8 16 300 110
735 2 16 300 144
736 8 16 300 150
737 16 16 1000 110
738 2 64 200 129
739 16 16 200 92
740 8 64 300 102
741 16 64 300 111
742 16 64 500 106
743 2 64 500 146
744 16 128 200 117
745 8 128 300 134
746 2 16 1000 104
747 16 128 1000 121
748 8 16 200 142
749 8 64 500 107
750 8 16 200 149
751 16 64 300 121
752 2 128 100 93
753 8 16 100 142
754 8 128 1000 116
755 16 16 100 128
756 16 128 200 100
757 2 64 1000 139
758 16 128 200 133
759 16 64 100 128
760 8 16 100 144
761 8 16 100 136
762 16 64 500 121
763 2 128 300 109
764 2 16 200 109
765 8 128 500 110
766 8 64 100 140
767 2 128 100 106
768 8 16 300 98
769 16 128 100 121
770 16 64 100 95
771 8 128 500 136
772 8 16 300 126
773 8 64 1000 144
774 8 128 100 137
775 8 128 300 92
776 8 128 200 95
777 16 64 300 125
778 16 128 500 115
779 2 16 300 136
780 2 64 100 90
781 16 16 100 95
782 16 64 500 92
783 8 64 200 110
784 8 128 100 99
785 8 128 500 122
786 2 64 200 104
787 16 16 500 91
788 16 16 500 94
789 16 64 500 95
790 2 64 300 128
791 8 128 300 131
792 2 128 100 101
793 16 128 500 90
794 16 128 100 128
795 8 16 200 107
796 16 128 1000 150
797 8 128 200 105
798 16 64 1000 91
799 2 128 200 129
800 8 64 500 137
801 2 64 100 115
802 8 16 200 136
803 8 128 500 134
804 2 16 200 107
805 16 16 500 118
806 2 16 300 99
807 2 64 200 136
808 2 64 300 114
809 2 128 100 144
810 2 128 300 104
811 16 64 1000 91
812 2 128 300 135
813 2 16 100 142
814 2 16 300 114
815 8 64 300 125
816 16 128 100 149
817 8 64 200 114
818 8 128 100 135
819 16 128 100 134
820 2 128 200 122
821 8 64 200 114
822 2 128 300 97
823 2 128 300 148
824 16 16 300 147
825 8 64 1000 91
826 8 128 300 131
827 16 64 1000 99
828 8 128 300 101
829 8 64 1000 108
830 8 128 200 132
831 16 16 1000 94
832 2 128 200 127
833 16 64 300 90
834 16 64 500 96
835 16 128 200 100
836 2 64 1000 107
837 8 64 200 93
838 8 128 500 123
839 16 128 100 92
840 8 64 100 144
841 16 64 100 94
842 16 128 500 123
843 16 64 1000 96
844 16 128 1000 139
845 8 128 500 101
846 16 128 1000 104
847 2 16 1000 139
848 16 16 1000 112
849 2 64 500 122
850 16 16 100 113
851 2 128 300 121
852 8 64 500 136
853 2 64 100 97
854 2 128 1000 117
855 2 16 1000 138
856 16 64 200 134
857 2 16 300 90
858 8 128 100 135
859 8 128 200 119
860 8 64 500 105
861 8 64 100 94
862 2 64 300 144
863 2 64 200 100
864 2 128 200 147
865 8 64 200 150
866 8 16 1000 130
867 16 128 1000 113
868 8 128 1000 105
869 16 64 500 127
870 8 16 200 118
871 8 128 200 108
872 16 16 1000 112
873 2 16 500 103
874 16 16 300 128
875 8 64 1000 124
876 16 16 200 113
877 8 128 1000 102
878 2 64 200 90
879 16 16 300 91
880 16 16 500 96
881 8 16 100 112
882 8 16 500 126
883 2 64 500 115
884 8 16 200 142
885 2 64 500 128
886 8 64 100 97
887 8 128 100 117
888 2 16 500 93
889 2 128 300 146
890 8 128 1000 145
891 16 128 500 141
892 16 64 1000 125
893 16 64 1000 138
894 8 16 500 97
895 16 16 300 116
896 2 64 100 104
897 16 64 200 116
898 2 16 100 90
899 8 16 300 90
900 8 128 1000 148
358
0 726 56 181
1 337 44 95
3 561 64 150
5 635 57 125
6 39 57 182
7 846 65 170
7 312 45 96
8 711 63 144
8 220 64 91
8 79 69 111
8 861 61 118
10 799 42 97
11 249 50 135
11 471 44 164
14 558 62 145
17 230 48 166
18 655 65 93
21 246 59 131
23 661 65 163
24 664 51 165
24 618 51 99
24 268 68 128
26 818 64 125
30 259 40 147
31 139 58 120
31 46 52 186
31 169 44 147
32 441 63 105
35 114 65 110
35 373 65 109
36 345 47 126
37 219 40 148
38 527 61 166
39 681 66 155
39 452 60 152
40 82 66 122
44 768 60 101
45 107 48 104
45 718 46 119
46 710 62 138
46 601 67 151
48 156 64 171
48 867 62 149
48 436 46 137
49 330 69 91
49 898 70 189
50 188 65 160
51 82 67 109
53 477 66 113
53 867 52 134
54 481 60 126
55 494 62 175
56 638 57 169
57 302 50 190
59 572 54 173
60 888 58 137
63 374 49 111
66 808 46 193
66 744 48 127
68 682 50 175
68 490 66 127
71 160 50 182
71 603 53 126
71 208 57 93
72 276 55 138
72 458 45 93
72 142 70 179
77 240 53 189
85 222 47 145
85 262 66 139
91 312 45 164
92 215 65 174
92 207 46 109
94 636 54 192
95 839 65 124
96 815 47 190
98 171 58 140
99 891 57 196
102 156 51 157
102 651 54 161
106 246 68 96
109 688 61 186
110 674 43 145
111 239 63 129
113 884 63 170
115 295 68 110
119 325 48 128
120 175 65 194
120 443 64 149
122 163 46 91
123 659 69 100
123 618 46 196
125 655 62 169
127 868 59 109
127 159 40 177
128 168 61 108
129 792 66 104
130 287 43 164
137 301 47 194
139 667 68 138
141 886 43 157
141 743 51 91
144 384 62 92
145 329 70 105
145 835 44 194
146 519 70 99
147 382 63 149
148 485 40 157
148 805 41 154
149 304 42 111
153 654 50 98
153 613 49 147
154 610 58 169
157 646 58 97
159 490 65 183
159 371 65 181
160 643 41 150
161 512 49 199
163 615 60 112
164 488 53 114
166 786 54 172
166 754 66 169
168 423 49 139
171 797 59 144
172 431 63 190
173 212 68 142
175 510 67 187
177 571 45 146
181 267 57 132
182 883 48 139
185 397 68 184
186 235 43 107
187 234 62 156
188 467 56 128
189 446 44 110
190 794 67 185
199 237 45 147
201 611 68 142
201 254 44 95
202 329 43 133
203 630 68 187
207 299 67 132
208 339 66 110
209 579 59 199
211 363 59 148
214 780 53 185
218 805 60 129
219 860 43 125
221 638 63 152
224 745 40 165
227 248 60 148
228 544 53 106
230 636 50 172
233 523 58 195
235 299 56 183
235 401 42 93
238 417 44 131
240 636 65 96
244 381 40 169
249 366 47 107
251 695 59 163
252 326 52 174
262 346 58 97
263 271 43 109
263 336 62 200
264 633 55 91
264 717 56 110
266 290 51 151
269 272 47 161
270 455 66 181
270 433 54 147
272 766 69 101
272 831 51 127
274 699 70 161
275 314 56 140
276 321 51 95
277 793 44 184
282 619 42 95
284 864 43 133
284 297 49 129
291 618 57 126
296 484 47 127
296 487 70 167
296 716 67 100
298 780 51 188
298 704 49 175
300 694 54 173
306 858 47 160
306 766 57 131
308 310 48 110
309 327 57 148
310 752 62 92
312 635 70 179
312 481 70 179
313 724 49 139
315 454 41 112
315 851 48 90
317 588 52 153
317 426 51 187
320 527 42 102
322 480 64 130
323 805 62 155
324 341 51 93
324 822 58 90
324 491 55 189
325 752 54 197
327 551 65 199
329 674 65 153
329 813 54 163
331 653 48 150
334 641 54 155
334 476 68 94
336 487 46 183
338 567 52 109
340 878 40 137
341 406 58 114
341 501 46 116
343 522 70 181
343 774 55 192
346 720 46 173
346 843 69 96
352 408 46 146
355 861 68 152
355 646 55 188
356 361 49 135
356 394 65 169
358 587 62 139
361 721 60 121
365 477 47 178
372 895 60 189
376 819 69 166
378 779 40 134
380 452 56 150
383 758 57 93
384 858 53 190
386 894 58 158
387 816 47 137
387 437 64 111
388 868 67 137
394 759 40 147
399 835 68 200
404 736 45 135
406 557 43 157
411 781 69 140
417 804 46 172
417 614 50 163
418 702 62 127
422 633 60 154
422 612 67 96
422 455 68 155
424 875 59 103
425 543 64 137
428 792 50 183
433 514 49 195
439 896 43 156
439 654 65 191
440 566 45 185
441 652 68 189
442 672 53 199
448 513 63 148
449 887 61 137
453 665 51 94
456 787 46 178
456 567 60 91
457 623 51 167
460 604 60 195
460 771 51 135
462 779 63 161
465 775 51 138
466 610 67 186
467 869 48 182
469 538 57 134
469 672 58 145
473 549 56 197
477 750 56 94
478 844 63 180
479 611 66 185
479 799 64 167
481 522 43 91
484 889 62 140
485 597 40 127
487 579 70 183
490 586 57 153
490 593 55 175
497 817 56 197
502 509 41 180
502 514 60 93
512 540 64 115
514 534 67 161
515 615 49 122
517 804 48 126
520 798 44 176
523 886 64 190
523 786 59 162
523 571 42 189
527 849 55 93
529 901 55 92
535 719 60 193
536 749 53 138
536 676 63 129
539 693 43 96
547 607 55 102
554 631 43 122
554 755 49 184
563 675 51 166
566 849 65 163
574 894 57 97
575 606 66 175
579 764 59 187
583 885 61 132
588 672 43 198
595 824 63 149
595 802 56 123
600 618 43 184
612 831 43 149
614 877 42 96
616 803 63 142
623 772 46 100
625 633 51 117
629 680 68 178
630 890 65 103
638 764 48 155
639 795 64 153
641 860 66 152
642 850 54 145
646 766 62 104
658 678 41 138
665 693 66 165
672 861 70 92
677 707 42 123
680 775 70 182
685 767 61 164
688 783 46 153
689 711 52 137
702 753 70 162
704 753 70 177
709 809 62 191
719 728 42 129
724 819 64 167
726 796 49 106
727 739 49 162
729 834 54 93
733 806 70 180
733 898 70 165
740 862 47 158
740 836 51 168
750 826 53 157
759 876 70 113
761 831 42 100
772 854 46 161
782 821 45 144
784 871 42 103
786 849 49 184
791 793 60 96
792 807 50 188
853 866 68 171
860 891 41 138
861 868 42 137