438
0 16 4 200 64
1 16 4 100 86
2 16 2 200 60
3 2 2 100 79
4 16 4 100 82
5 16 16 150 91
6 8 2 50 84
7 8 16 100 84
8 8 2 50 85
9 16 2 100 56
10 16 16 100 92
11 8 64 150 68
12 8 16 100 87
13 16 16 100 50
14 2 2 50 97
15 2 64 200 57
16 8 2 100 63
17 16 4 150 59
18 2 4 50 92
19 16 16 150 71
20 16 2 150 91
21 8 2 150 77
22 2 64 200 98
23 2 64 50 70
24 16 64 200 90
25 2 16 150 57
26 8 16 100 71
27 16 64 150 61
28 16 4 100 50
29 2 4 50 97
30 8 64 150 89
31 16 64 200 99
32 8 4 100 97
33 16 4 50 59
34 2 64 100 85
35 16 2 150 71
36 2 4 100 89
37 8 2 50 74
38 16 64 50 62
39 2 16 150 76
40 2 2 150 87
41 16 2 150 73
42 16 4 100 96
43 16 2 100 83
44 16 4 150 97
45 16 2 50 63
46 8 4 100 53
47 2 2 200 60
48 16 64 150 60
49 2 2 100 62
50 8 16 200 100
51 16 64 150 93
52 16 2 200 74
53 2 2 50 67
54 8 16 50 91
55 8 2 150 64
56 8 16 150 53
57 8 2 100 51
58 16 4 50 70
59 8 16 50 76
60 8 2 150 90
61 8 64 150 86
62 8 16 200 81
63 2 16 50 77
64 2 4 50 90
65 2 16 50 53
66 16 64 150 55
67 16 2 100 51
68 8 64 150 87
69 16 16 200 54
70 8 4 150 100
71 2 64 100 52
72 8 4 200 87
73 16 16 200 78
74 2 4 50 71
75 8 16 200 63
76 2 16 200 86
77 16 2 150 66
78 16 2 50 95
79 2 64 200 76
80 8 16 100 71
81 8 2 200 85
82 16 2 150 62
83 8 64 200 54
84 16 4 200 77
85 2 4 150 67
86 8 4 50 64
87 8 2 200 50
88 8 64 150 62
89 8 4 100 80
90 16 4 50 80
91 16 4 200 69
92 16 64 200 76
93 8 2 200 75
94 16 4 100 82
95 8 16 150 55
96 16 2 200 89
97 8 2 200 82
98 16 64 50 90
99 16 2 50 51
100 16 16 100 51
101 8 16 100 74
102 8 16 100 85
103 8 16 50 73
104 16 2 100 70
105 8 4 100 51
106 8 2 150 55
107 2 2 50 73
108 16 16 100 92
109 16 4 150 62
110 2 16 150 50
111 16 4 200 73
112 2 2 100 52
113 16 64 50 74
114 16 64 50 72
115 8 2 200 61
116 2 2 150 69
117 16 4 50 88
118 2 4 50 69
119 16 16 50 98
120 16 4 100 52
121 8 64 50 66
122 2 64 200 91
123 2 4 50 62
124 16 4 100 63
125 16 64 50 65
126 8 2 150 83
127 16 16 50 59
128 2 2 150 76
129 2 2 150 55
130 8 64 50 73
131 2 2 150 81
132 8 64 100 83
133 16 2 150 54
134 8 2 200 79
135 8 4 200 78
136 2 4 50 73
137 8 64 50 55
138 2 4 150 66
139 2 2 200 60
140 8 64 200 72
141 2 2 150 93
142 8 64 100 80
143 2 64 150 51
144 16 16 100 97
145 8 2 200 91
146 2 4 150 64
147 8 4 50 69
148 16 64 150 71
149 16 2 50 81
150 8 16 200 74
151 8 4 50 83
152 16 2 50 90
153 8 2 50 67
154 8 64 200 88
155 16 16 100 80
156 2 16 100 80
157 2 2 100 75
158 8 64 100 51
159 8 16 150 73
160 16 4 150 79
161 16 16 50 78
162 16 16 150 84
163 8 2 200 66
164 2 4 200 99
165 2 64 100 53
166 16 16 200 77
167 16 2 50 70
168 16 16 150 87
169 2 2 150 59
170 2 16 200 97
171 8 64 200 82
172 2 16 200 85
173 8 64 100 57
174 16 64 50 66
175 8 64 200 94
176 2 16 50 69
177 2 16 100 90
178 2 4 200 70
179 8 4 150 86
180 2 64 200 70
181 8 4 150 53
182 16 16 100 83
183 2 2 150 81
184 2 2 50 73
185 2 64 150 80
186 16 16 50 63
187 8 2 150 56
188 16 64 200 96
189 16 2 200 90
190 2 64 150 97
191 2 2 100 81
192 8 2 150 54
193 2 4 200 63
194 16 16 50 95
195 16 16 150 89
196 2 16 50 81
197 16 64 200 93
198 2 64 100 98
199 8 4 150 77
200 2 4 200 77
201 16 16 100 52
202 8 64 50 67
203 2 2 100 55
204 16 64 200 81
205 2 16 200 52
206 8 4 150 74
207 8 4 50 76
208 2 64 200 83
209 8 64 200 72
210 2 2 150 87
211 2 16 150 91
212 2 4 150 61
213 8 64 150 90
214 2 64 50 67
215 16 16 50 65
216 8 2 200 62
217 16 64 100 55
218 16 16 200 55
219 8 4 200 94
220 16 64 50 71
221 16 64 100 94
222 2 2 100 62
223 2 2 150 79
224 8 2 50 91
225 2 64 50 93
226 16 4 200 92
227 2 2 150 74
228 8 4 150 69
229 2 64 150 69
230 16 2 150 89
231 8 2 150 55
232 8 64 150 62
233 2 4 200 94
234 2 2 150 71
235 16 64 150 74
236 2 4 200 69
237 16 16 100 63
238 8 2 50 80
239 8 64 150 100
240 8 4 150 95
241 16 2 150 56
242 2 16 200 53
243 16 2 100 70
244 2 2 50 57
245 16 2 200 60
246 16 16 50 50
247 16 16 50 100
248 16 64 100 58
249 2 16 200 89
250 2 2 100 55
251 16 16 100 63
252 2 2 50 88
253 16 16 200 86
254 8 4 150 98
255 8 64 200 59
256 2 16 150 87
257 2 64 150 69
258 2 4 200 86
259 16 64 200 60
260 2 2 150 88
261 8 2 150 88
262 2 16 150 69
263 8 16 100 84
264 16 64 150 74
265 2 4 100 82
266 16 64 100 93
267 2 16 100 62
268 16 4 50 87
269 8 16 50 90
270 2 16 50 51
271 16 2 100 67
272 16 64 50 99
273 8 2 100 83
274 2 4 100 69
275 16 4 100 69
276 16 64 150 59
277 16 2 150 60
278 2 16 100 56
279 16 2 100 97
280 16 4 200 92
281 2 4 100 79
282 8 16 150 51
283 16 2 50 73
284 2 16 50 72
285 2 4 50 56
286 16 64 150 62
287 16 2 50 59
288 16 2 50 52
289 2 4 200 100
290 8 16 150 75
291 16 2 200 61
292 2 2 150 98
293 16 2 50 57
294 8 64 200 66
295 16 16 200 85
296 2 16 150 62
297 8 4 200 62
298 16 2 200 78
299 2 2 100 71
300 8 2 150 91
301 8 2 100 51
302 16 64 100 75
303 2 64 100 84
304 16 4 50 93
305 8 16 150 88
306 8 16 100 75
307 2 4 100 72
308 2 16 150 80
309 2 2 50 60
310 16 64 150 97
311 8 4 50 86
312 16 64 200 85
313 8 64 50 90
314 8 64 200 56
315 2 16 150 69
316 8 64 150 50
317 8 64 50 63
318 16 64 100 66
319 8 16 50 99
320 8 4 100 52
321 8 16 50 82
322 16 2 200 56
323 8 16 50 80
324 16 2 150 91
325 16 64 150 74
326 16 16 150 56
327 2 16 50 72
328 2 2 50 69
329 8 2 50 61
330 8 2 200 86
331 8 4 50 73
332 2 2 200 70
333 2 16 100 50
334 8 64 200 61
335 8 64 200 65
336 16 4 100 56
337 16 64 150 66
338 8 4 50 92
339 16 4 50 52
340 2 16 200 68
341 16 16 150 51
342 8 16 50 51
343 16 64 50 53
344 2 64 200 93
345 8 4 50 56
346 2 2 150 93
347 2 4 150 98
348 8 2 100 90
349 8 16 50 67
350 2 64 50 77
351 2 64 200 65
352 2 4 50 76
353 2 2 50 62
354 8 64 100 89
355 16 4 100 75
356 8 2 200 94
357 2 16 200 84
358 8 16 200 58
359 8 4 50 55
360 2 2 50 50
361 16 4 50 64
362 8 2 150 58
363 8 64 150 55
364 8 2 100 58
365 2 64 100 79
366 16 16 150 96
367 2 2 150 99
368 2 64 200 66
369 16 64 50 75
370 16 64 200 88
371 8 4 50 96
372 8 4 150 82
373 8 16 50 73
374 16 16 50 69
375 8 4 150 71
376 16 4 50 65
377 8 16 150 70
378 16 64 200 58
379 2 16 200 55
380 8 2 150 77
381 16 16 100 80
382 8 4 150 73
383 16 4 200 67
384 16 64 100 82
385 8 16 100 68
386 16 16 50 70
387 2 4 200 82
388 16 4 200 55
389 8 64 100 69
390 8 2 50 93
391 16 2 150 86
392 8 16 150 72
393 2 2 100 82
394 8 16 100 98
395 8 16 150 90
396 8 16 50 66
397 8 4 50 65
398 16 2 50 55
399 16 64 200 83
400 2 4 200 98
401 8 64 50 80
402 8 2 200 72
403 2 16 200 53
404 8 16 200 73
405 16 2 50 68
406 16 16 100 81
407 16 16 200 66
408 8 16 150 57
409 8 64 200 70
410 16 4 200 54
411 2 64 200 66
412 16 4 100 75
413 8 2 150 63
414 8 4 50 78
415 16 4 50 58
416 16 2 150 66
417 8 4 200 82
418 8 4 200 78
419 16 64 50 56
420 16 16 100 56
421 16 2 50 97
422 2 2 150 96
423 2 16 100 97
424 2 64 200 63
425 8 4 50 99
426 16 16 100 52
427 16 16 200 91
428 16 16 100 77
429 16 2 100 96
430 2 4 200 70
431 16 64 200 69
432 8 16 150 91
433 2 16 100 95
434 16 16 150 99
435 8 16 150 87
436 16 64 50 85
437 16 64 50 99
54
0 227 63 184
1 126 54 127
30 438 42 191
46 437 57 173
47 226 41 156
49 144 60 179
50 417 46 182
52 309 62 200
53 323 68 144
54 64 52 187
54 389 53 133
56 62 68 183
57 378 61 179
60 89 45 93
66 268 64 189
69 218 47 183
71 378 45 155
79 279 46 110
82 403 59 113
101 332 61 144
101 427 69 106
104 242 63 167
107 203 59 178
111 296 69 120
118 410 42 154
126 178 54 190
129 428 43 91
137 404 42 105
138 423 70 145
141 352 60 189
144 204 63 154
144 395 54 161
150 272 61 122
159 235 67 175
174 187 40 128
176 427 57 127
178 326 70 173
186 303 58 157
190 226 40 178
199 348 70 140
199 291 54 131
232 332 66 189
239 424 49 114
239 269 50 160
253 346 66 174
271 309 44 114
273 331 40 158
273 429 49 194
301 345 62 151
305 373 49 110
306 389 51 133
312 394 42 154
325 340 56 176
326 412 56 127