517
0 16 128 2400 143
1 64 64 5000 90
2 16 64 800 104
3 64 16 500 161
4 64 64 2400 151
5 16 64 2400 185
6 64 64 500 148
7 32 16 1000 158
8 32 256 800 186
9 32 256 800 126
10 32 16 1000 92
11 16 128 5000 129
12 64 16 500 154
13 64 64 2400 129
14 16 16 5000 114
15 16 16 500 130
16 64 64 500 124
17 64 16 5000 95
18 16 16 500 144
19 128 64 500 192
20 64 128 5000 158
21 128 256 800 138
22 128 256 500 176
23 16 256 800 133
24 32 16 800 197
25 64 256 500 183
26 128 256 5000 109
27 64 256 2400 150
28 64 128 1000 161
29 128 64 2400 200
30 32 256 800 154
31 32 256 5000 141
32 32 16 2400 160
33 16 256 500 120
34 64 128 500 184
35 16 128 500 138
36 128 16 5000 196
37 32 128 800 128
38 32 256 800 179
39 16 16 2400 109
40 128 256 1000 118
41 128 64 500 177
42 32 16 5000 131
43 32 128 1000 109
44 32 128 800 168
45 32 16 5000 179
46 128 64 800 140
47 64 64 2400 117
48 64 64 2400 190
49 32 64 500 118
50 64 64 5000 173
51 32 256 500 153
52 128 16 500 196
53 64 256 5000 189
54 64 256 5000 171
55 32 64 1000 105
56 16 256 1000 98
57 64 16 800 122
58 32 16 500 140
59 32 64 5000 102
60 16 16 1000 97
61 128 128 1000 119
62 32 16 5000 155
63 128 128 500 165
64 128 16 5000 119
65 128 16 500 174
66 128 128 500 113
67 128 64 1000 106
68 64 64 800 101
69 128 64 1000 137
70 32 64 1000 140
71 32 64 5000 150
72 32 128 800 103
73 64 16 1000 192
74 32 64 500 200
75 128 16 1000 196
76 64 256 1000 106
77 16 256 1000 200
78 32 16 1000 121
79 16 16 800 188
80 32 256 1000 165
81 16 128 500 117
82 32 256 500 191
83 16 256 1000 117
84 128 16 800 162
85 64 16 1000 125
86 32 64 2400 98
87 32 128 2400 174
88 128 16 500 147
89 16 256 800 113
90 64 16 2400 142
91 16 256 2400 149
92 32 256 800 171
93 64 256 500 191
94 32 16 2400 111
95 32 64 500 160
96 64 64 800 147
97 64 256 500 142
98 128 64 2400 198
99 32 64 1000 92
100 128 128 500 176
101 128 64 2400 161
102 32 128 500 124
103 64 16 800 185
104 64 64 2400 200
105 64 128 500 112
106 128 64 800 101
107 32 128 2400 169
108 128 64 2400 194
109 64 128 5000 95
110 16 128 1000 99
111 128 128 800 194
112 128 128 1000 163
113 16 256 500 106
114 64 256 2400 173
115 64 64 800 128
116 64 64 2400 149
117 128 16 2400 184
118 16 64 800 97
119 64 256 800 165
120 32 64 800 138
121 64 16 500 117
122 16 256 5000 99
123 128 64 500 137
124 64 256 1000 154
125 32 64 5000 173
126 64 64 1000 98
127 64 16 500 124
128 16 128 500 101
129 32 64 1000 106
130 32 16 500 163
131 64 256 2400 125
132 32 64 1000 94
133 16 128 2400 158
134 64 64 5000 164
135 32 16 1000 109
136 16 16 2400 130
137 128 16 500 94
138 64 64 800 146
139 32 64 1000 161
140 32 16 5000 159
141 128 16 500 200
142 128 128 2400 187
143 16 256 1000 176
144 32 256 5000 116
145 32 256 1000 101
146 32 16 500 157
147 32 256 5000 177
148 32 128 5000 96
149 64 16 2400 185
150 64 256 5000 118
151 128 64 500 163
152 64 256 800 155
153 32 16 800 147
154 16 16 800 131
155 32 64 1000 195
156 128 16 2400 122
157 64 256 2400 156
158 64 128 5000 190
159 16 64 5000 134
160 32 16 800 140
161 64 256 1000 198
162 16 256 5000 126
163 32 256 800 121
164 32 16 800 148
165 64 16 1000 143
166 32 64 5000 130
167 64 256 5000 121
168 64 16 1000 151
169 128 16 5000 160
170 128 64 500 129
171 32 64 1000 196
172 32 64 800 166
173 16 128 1000 91
174 128 128 500 152
175 128 256 5000 136
176 64 64 1000 149
177 64 128 800 104
178 16 64 1000 111
179 32 16 2400 126
180 128 256 500 98
181 32 16 1000 154
182 64 256 500 92
183 64 64 2400 158
184 32 128 2400 190
185 32 256 800 187
186 64 64 800 139
187 64 64 800 158
188 128 256 5000 147
189 128 64 5000 98
190 128 256 2400 157
191 32 16 2400 159
192 32 128 5000 121
193 32 16 800 104
194 128 128 500 182
195 64 128 5000 132
196 128 256 5000 106
197 16 64 5000 148
198 64 64 500 174
199 64 64 1000 148
200 64 128 1000 154
201 64 64 5000 106
202 16 64 2400 116
203 16 64 2400 193
204 64 64 1000 147
205 128 64 2400 98
206 64 128 1000 151
207 32 128 500 196
208 64 16 5000 107
209 128 256 2400 93
210 16 128 800 100
211 128 64 5000 164
212 64 128 800 107
213 32 128 5000 198
214 16 64 500 172
215 32 256 2400 149
216 128 128 1000 168
217 32 256 5000 106
218 16 256 1000 182
219 64 256 800 102
220 128 128 1000 97
221 64 128 1000 196
222 64 16 2400 128
223 128 16 1000 175
224 128 16 5000 163
225 64 128 2400 164
226 64 64 1000 96
227 32 16 5000 153
228 64 256 5000 149
229 64 16 800 155
230 128 64 1000 128
231 32 16 800 181
232 64 256 500 139
233 128 16 2400 95
234 32 256 2400 128
235 16 256 2400 111
236 64 64 800 174
237 64 128 1000 144
238 128 64 800 151
239 32 128 1000 104
240 64 128 500 176
241 32 256 5000 196
242 32 64 5000 179
243 128 256 800 177
244 128 64 5000 111
245 32 256 1000 182
246 128 256 500 110
247 32 256 800 135
248 128 64 500 91
249 64 128 2400 163
250 16 16 5000 132
251 32 128 800 199
252 16 16 500 110
253 16 16 1000 167
254 64 64 800 93
255 32 16 2400 121
256 16 64 800 114
257 128 64 2400 157
258 128 128 1000 141
259 64 256 1000 91
260 128 128 800 116
261 64 16 1000 112
262 64 256 5000 174
263 16 128 1000 133
264 128 64 2400 128
265 64 64 800 95
266 16 128 1000 102
267 16 256 2400 161
268 16 256 5000 185
269 16 16 500 112
270 128 64 1000 145
271 128 16 800 168
272 16 128 500 127
273 32 64 500 115
274 128 64 800 121
275 128 16 800 139
276 32 64 5000 152
277 16 256 5000 190
278 32 256 5000 90
279 64 128 500 104
280 16 64 5000 177
281 64 128 5000 195
282 64 128 500 197
283 128 128 800 180
284 64 64 1000 157
285 16 16 800 122
286 32 16 1000 121
287 64 16 5000 155
288 16 16 800 103
289 32 16 800 146
290 32 256 1000 134
291 64 64 2400 158
292 128 16 5000 124
293 32 64 5000 120
294 128 16 5000 138
295 128 256 800 101
296 32 16 800 167
297 128 16 500 191
298 64 128 2400 197
299 64 256 1000 94
300 128 128 800 133
301 64 16 500 193
302 64 16 1000 173
303 128 128 500 122
304 16 64 1000 138
305 128 128 5000 185
306 64 16 500 146
307 32 64 5000 196
308 128 64 5000 118
309 64 256 5000 186
310 32 256 5000 93
311 128 16 800 175
312 64 64 1000 185
313 32 16 500 153
314 64 64 800 179
315 32 128 5000 91
316 128 256 800 169
317 16 64 2400 101
318 16 16 800 151
319 32 16 1000 105
320 64 128 2400 91
321 16 64 500 106
322 64 16 2400 199
323 128 256 500 195
324 32 16 5000 97
325 32 128 5000 156
326 64 256 800 178
327 32 64 1000 119
328 64 128 800 130
329 16 16 5000 120
330 64 64 5000 91
331 64 64 5000 177
332 32 256 800 127
333 32 256 500 141
334 128 16 5000 147
335 64 16 800 101
336 128 256 2400 179
337 32 128 2400 101
338 16 256 2400 161
339 128 256 2400 170
340 32 128 5000 137
341 16 128 500 170
342 128 256 800 100
343 128 16 5000 184
344 16 64 800 135
345 128 64 1000 134
346 32 256 2400 120
347 64 128 1000 189
348 32 16 2400 163
349 128 16 800 112
350 16 64 2400 192
351 64 256 500 102
352 32 64 800 155
353 128 128 500 152
354 16 64 1000 119
355 32 256 500 154
356 16 64 800 107
357 64 128 800 106
358 16 16 500 130
359 128 64 800 163
360 128 64 1000 176
361 128 64 5000 170
362 16 64 5000 166
363 64 256 2400 113
364 128 64 800 165
365 64 128 1000 182
366 32 256 5000 155
367 32 16 500 181
368 16 256 2400 166
369 128 128 1000 138
370 128 16 2400 183
371 128 256 800 106
372 128 128 2400 137
373 32 128 5000 181
374 32 128 1000 179
375 64 128 2400 130
376 32 64 500 116
377 16 256 500 99
378 32 64 800 94
379 64 128 5000 163
380 16 16 500 135
381 64 128 2400 161
382 16 256 800 159
383 16 128 5000 146
384 16 64 1000 188
385 128 256 5000 181
386 128 64 2400 111
387 128 64 800 103
388 32 64 5000 190
389 16 256 2400 110
390 128 16 500 185
391 32 128 2400 188
392 16 128 800 128
393 64 128 500 127
394 128 64 2400 185
395 16 16 800 102
396 128 256 1000 159
397 64 16 5000 169
398 128 64 1000 168
399 32 256 5000 186
400 16 256 500 166
401 32 64 5000 99
402 16 16 800 156
403 32 64 2400 130
404 128 16 2400 146
405 32 128 1000 167
406 64 16 1000 146
407 16 256 800 150
408 32 64 800 116
409 128 128 5000 143
410 16 64 1000 111
411 64 16 800 127
412 128 64 2400 178
413 64 256 800 192
414 16 256 1000 192
415 64 64 2400 180
416 16 256 500 185
417 64 16 500 177
418 32 16 5000 156
419 16 16 800 166
420 128 64 1000 147
421 64 256 2400 113
422 16 256 500 154
423 32 64 2400 132
424 128 64 5000 151
425 16 128 5000 179
426 32 128 500 144
427 16 256 5000 193
428 128 128 500 167
429 128 128 2400 191
430 128 256 5000 94
431 64 256 500 147
432 64 256 5000 140
433 64 64 5000 166
434 32 64 1000 93
435 16 64 800 158
436 16 64 800 172
437 64 16 2400 98
438 128 64 5000 198
439 16 16 800 180
440 16 64 5000 115
441 32 256 500 151
442 128 256 1000 122
443 32 64 500 110
444 128 16 800 182
445 16 16 5000 140
446 32 128 5000 131
447 32 64 1000 196
448 32 128 1000 182
449 32 256 5000 173
450 64 16 1000 176
451 128 64 2400 194
452 64 64 5000 162
453 64 128 1000 198
454 32 256 2400 125
455 64 256 500 157
456 32 256 5000 125
457 128 128 500 197
458 32 64 800 104
459 32 16 500 125
460 16 64 500 199
461 32 16 5000 188
462 32 16 5000 121
463 16 256 800 140
464 64 64 500 137
465 32 16 500 148
466 16 16 800 91
467 128 64 1000 119
468 64 256 5000 103
469 32 64 1000 94
470 32 64 2400 167
471 32 128 500 123
472 32 16 800 128
473 16 256 500 134
474 32 16 2400 158
475 128 128 800 141
476 128 64 800 92
477 16 64 800 168
478 128 16 2400 117
479 128 256 5000 157
480 64 256 2400 134
481 64 256 2400 127
482 16 16 5000 92
483 32 256 1000 175
484 16 64 500 163
485 64 256 800 135
486 16 16 5000 159
487 16 256 500 198
488 128 64 800 176
489 128 256 500 189
490 128 64 500 199
491 16 128 2400 189
492 128 16 2400 181
493 64 64 800 110
494 128 16 800 180
495 64 64 800 111
496 16 16 500 148
497 32 256 500 178
498 128 256 800 183
499 32 128 1000 130
500 32 64 2400 137
501 16 256 800 122
502 16 16 1000 147
503 64 256 1000 113
504 128 64 800 153
505 64 256 5000 97
506 32 64 5000 172
507 16 128 2400 142
508 64 64 500 200
509 32 16 2400 90
510 16 128 500 138
511 128 64 5000 144
512 64 64 800 115
513 128 128 500 149
514 64 128 5000 148
515 128 256 500 157
516 16 128 800 121
203
1 101 56 138
1 391 42 182
3 61 41 116
3 65 63 157
4 177 53 192
5 255 67 93
8 235 55 135
9 350 54 192
16 181 58 118
17 442 46 112
18 220 51 110
22 42 47 172
26 387 52 108
28 274 46 126
29 36 68 104
31 160 54 130
32 46 59 193
32 332 40 109
34 496 69 93
39 367 55 100
40 387 61 124
41 266 70 164
42 292 59 99
46 232 49 139
48 455 40 112
49 506 54 91
49 395 42 141
50 328 51 121
51 278 51 134
51 464 61 183
52 208 49 159
53 309 55 171
54 508 40 172
55 207 58 114
56 510 51 98
56 438 47 94
57 313 41 181
57 477 65 98
57 336 44 162
58 466 66 180
60 494 46 126
60 478 54 181
60 513 40 111
61 447 61 102
63 195 50 147
64 507 61 129
66 306 69 128
66 110 47 175
70 487 52 196
71 106 67 106
71 109 60 172
72 468 69 136
73 222 40 151
75 167 46 93
77 287 61 145
78 340 59 141
80 121 50 190
80 192 63 121
81 301 50 164
83 459 62 122
85 177 51 136
86 251 42 111
88 259 53 106
91 220 49 112
97 306 63 99
99 181 57 141
100 357 67 137
101 300 43 106
101 369 50 149
102 179 48 165
104 390 51 154
106 227 44 172
107 181 54 184
108 501 47 115
108 436 53 102
109 411 61 119
114 451 59 119
117 460 55 133
117 513 62 184
121 469 42 131
124 500 58 136
124 222 62 130
125 127 65 196
126 223 47 91
128 430 64 149
131 361 67 169
132 186 62 93
135 291 45 162
138 169 56 162
138 400 46 111
138 499 57 108
140 494 48 171
140 277 51 196
140 229 67 100
141 189 70 105
142 181 52 174
142 240 55 192
143 179 43 122
144 382 64 153
147 279 63 133
151 433 65 192
158 196 61 178
158 469 64 95
159 334 40 199
160 405 58 114
160 392 56 154
167 511 47 182
168 225 47 195
170 249 68 131
171 281 40 139
172 407 54 167
174 212 68 185
174 383 48 165
174 243 65 131
176 502 56 165
176 266 41 188
177 241 51 160
178 380 40 124
178 447 56 98
182 443 66 113
183 263 56 130
183 387 57 92
185 385 52 101
188 506 58 140
191 429 48 143
192 273 58 144
195 233 65 121
198 254 69 151
199 338 48 118
199 221 42 167
209 366 46 91
209 286 68 168
209 247 50 148
210 495 47 146
212 400 42 165
215 414 64 121
221 445 51 181
223 397 50 105
223 316 40 164
224 505 48 122
233 314 68 113
234 396 52 196
235 342 57 190
237 463 56 116
238 328 63 165
238 458 47 122
241 361 48 156
241 461 68 169
243 255 69 177
246 358 60 99
251 416 65 185
258 353 52 124
263 500 53 190
270 361 52 112
271 435 47 168
274 478 43 105
274 389 62 162
275 385 59 193
276 366 54 109
279 442 56 126
285 464 40 107
288 432 46 135
292 404 53 194
296 473 69 131
297 319 51 120
302 506 47 138
305 412 55 97
305 468 40 124
308 506 50 180
309 435 45 194
310 395 58 98
316 461 53 190
318 387 69 96
326 455 49 176
328 498 51 177
332 511 55 91
340 474 57 152
349 492 57 127
350 458 70 121
351 471 54 148
351 443 40 105
352 361 45 189
354 450 41 100
357 468 44 91
358 447 52 117
358 485 69 145
359 434 42 192
365 380 56 195
369 487 42 125
378 479 58 90
379 472 62 188
395 478 52 147
400 417 69 197
400 448 58 172
405 496 51 185
409 469 43 114
409 467 41 161
411 491 64 179
416 512 63 136
417 467 47 146
424 425 57 115
453 515 50 152
506 514 45 107