521
0 8 128 2000 111
1 32 128 5000 99
2 32 128 400 134
3 8 320 5000 96
4 8 320 2000 152
5 8 128 1000 138
6 32 32 800 179
7 32 32 400 126
8 32 32 800 197
9 32 320 1000 177
10 8 320 800 153
11 32 128 800 178
12 8 128 400 180
13 32 320 400 109
14 8 32 800 200
15 8 320 800 129
16 8 128 1000 113
17 32 128 400 103
18 32 32 2000 185
19 32 320 400 163
20 32 32 800 116
21 8 128 800 159
22 8 32 1000 160
23 8 320 800 188
24 32 32 1000 106
25 8 128 400 172
26 32 320 2000 178
27 32 128 400 101
28 32 32 5000 178
29 8 32 2000 175
30 32 128 2000 92
31 32 128 2000 159
32 8 32 400 127
33 8 32 5000 175
34 8 32 400 142
35 32 32 800 182
36 8 320 1000 116
37 8 32 1000 174
38 32 128 1000 109
39 32 128 800 123
40 32 32 5000 114
41 32 32 1000 107
42 8 32 5000 156
43 8 128 1000 127
44 32 32 400 165
45 32 128 800 120
46 32 32 800 187
47 32 320 1000 162
48 32 32 5000 110
49 8 128 800 193
50 32 32 400 120
51 32 128 400 137
52 8 128 5000 140
53 8 128 5000 116
54 32 128 2000 161
55 32 320 400 149
56 32 128 1000 147
57 32 128 800 135
58 8 32 2000 163
59 8 32 5000 192
60 32 128 1000 196
61 8 32 800 147
62 8 320 5000 134
63 8 320 400 178
64 32 32 800 144
65 32 128 1000 157
66 8 32 800 95
67 8 320 1000 100
68 8 128 1000 155
69 32 32 400 184
70 32 128 800 135
71 8 32 5000 184
72 8 128 5000 170
73 32 128 400 157
74 32 320 5000 105
75 8 32 400 100
76 8 320 2000 124
77 32 128 400 147
78 32 320 400 106
79 32 320 2000 100
80 8 128 800 168
81 8 32 5000 104
82 32 128 2000 144
83 32 32 1000 95
84 8 128 400 97
85 8 320 800 106
86 32 128 800 98
87 8 320 400 178
88 32 320 1000 157
89 32 32 400 153
90 8 320 400 138
91 32 32 5000 180
92 8 32 5000 199
93 32 32 5000 106
94 8 32 1000 106
95 32 32 1000 120
96 32 32 800 157
97 32 320 400 189
98 8 320 1000 190
99 8 320 1000 161
100 8 320 1000 185
101 32 32 1000 190
102 32 32 1000 193
103 8 32 1000 94
104 8 32 5000 150
105 8 128 1000 199
106 8 320 5000 120
107 32 320 1000 200
108 8 320 5000 96
109 32 32 5000 158
110 8 32 800 134
111 32 128 2000 199
112 32 320 1000 181
113 8 128 5000 127
114 8 32 5000 159
115 8 32 5000 181
116 32 32 5000 156
117 32 32 5000 112
118 8 32 2000 136
119 32 128 1000 189
120 8 320 2000 167
121 32 32 400 176
122 32 32 1000 192
123 8 32 2000 195
124 8 320 800 103
125 8 320 800 131
126 8 32 5000 116
127 8 320 5000 102
128 8 128 5000 106
129 32 320 800 164
130 32 128 400 128
131 8 128 1000 162
132 8 320 5000 100
133 32 128 2000 104
134 32 320 1000 128
135 32 128 400 139
136 8 320 800 97
137 8 320 1000 116
138 8 32 800 115
139 32 32 5000 122
140 8 32 1000 93
141 8 32 2000 107
142 8 128 400 113
143 32 32 400 138
144 32 320 5000 149
145 8 32 2000 182
146 32 32 800 161
147 32 32 400 101
148 8 320 400 140
149 32 320 1000 100
150 32 128 1000 92
151 8 128 5000 179
152 8 32 800 142
153 32 320 400 100
154 8 320 5000 141
155 32 32 2000 168
156 8 320 800 191
157 8 32 400 142
158 32 32 5000 182
159 32 128 2000 130
160 8 128 800 103
161 8 128 1000 199
162 32 128 5000 145
163 8 128 2000 174
164 32 128 800 163
165 8 32 800 110
166 8 320 400 171
167 8 32 400 193
168 32 128 5000 158
169 32 128 1000 192
170 32 128 1000 187
171 32 128 2000 180
172 8 32 5000 102
173 8 128 5000 103
174 8 320 400 95
175 32 128 2000 121
176 32 320 400 173
177 8 32 400 150
178 32 32 1000 192
179 32 128 5000 139
180 32 320 1000 128
181 32 320 400 179
182 8 128 2000 126
183 8 320 1000 197
184 32 320 800 99
185 32 128 800 99
186 8 128 1000 97
187 32 320 1000 178
188 32 32 1000 169
189 8 32 400 127
190 8 320 800 142
191 32 320 1000 185
192 32 320 800 181
193 32 32 400 147
194 8 32 5000 142
195 32 32 800 129
196 32 320 800 170
197 8 128 400 173
198 32 128 400 195
199 8 320 800 154
200 8 320 800 192
201 32 128 400 108
202 8 320 5000 109
203 32 128 5000 190
204 8 320 1000 132
205 32 32 5000 123
206 32 32 400 142
207 8 32 2000 106
208 8 32 1000 93
209 32 320 400 168
210 8 320 800 95
211 8 32 1000 143
212 32 320 400 140
213 8 128 5000 139
214 8 128 400 155
215 8 128 2000 144
216 32 320 2000 163
217 8 32 400 121
218 8 32 400 155
219 32 32 1000 166
220 32 128 1000 147
221 8 32 400 161
222 32 320 800 198
223 8 320 1000 195
224 32 128 1000 154
225 32 128 400 146
226 32 320 2000 159
227 8 320 400 140
228 8 32 800 90
229 8 32 2000 133
230 8 320 1000 200
231 8 32 800 177
232 8 32 400 187
233 8 128 1000 119
234 8 32 800 173
235 8 128 1000 112
236 32 128 5000 124
237 32 32 5000 140
238 8 128 5000 116
239 32 32 5000 186
240 32 32 5000 135
241 8 32 400 118
242 8 32 1000 135
243 8 32 400 121
244 8 128 400 122
245 32 320 400 118
246 8 128 800 184
247 8 32 2000 166
248 32 128 800 193
249 32 320 2000 184
250 32 320 5000 132
251 32 128 1000 97
252 32 32 5000 141
253 32 320 400 111
254 32 128 5000 105
255 32 320 800 199
256 8 128 400 159
257 8 320 800 124
258 8 128 5000 123
259 32 32 2000 181
260 8 320 1000 92
261 32 320 5000 196
262 8 128 400 113
263 32 320 2000 95
264 8 320 2000 134
265 8 320 5000 181
266 32 320 400 153
267 8 128 5000 115
268 32 128 1000 109
269 32 128 1000 151
270 8 128 400 168
271 32 32 5000 107
272 32 320 400 103
273 32 32 400 187
274 32 128 800 109
275 32 32 400 122
276 32 32 1000 122
277 32 32 5000 137
278 32 128 400 125
279 8 32 1000 166
280 8 32 800 148
281 8 320 1000 149
282 8 128 800 174
283 8 320 800 167
284 8 128 400 108
285 32 32 800 197
286 32 128 5000 169
287 8 32 2000 173
288 32 128 5000 178
289 32 128 800 145
290 32 128 1000 115
291 8 128 400 138
292 32 320 2000 152
293 32 32 800 130
294 8 128 800 166
295 32 32 5000 166
296 32 128 1000 140
297 32 128 800 96
298 8 320 5000 103
299 8 320 5000 183
300 8 32 5000 149
301 8 32 1000 185
302 8 320 5000 187
303 8 32 1000 107
304 8 320 5000 185
305 8 320 2000 143
306 32 320 5000 119
307 32 320 1000 181
308 8 128 800 127
309 32 32 400 117
310 8 128 2000 143
311 32 320 5000 171
312 8 128 400 121
313 8 320 400 132
314 8 320 1000 123
315 8 320 5000 157
316 32 320 800 141
317 32 128 2000 117
318 8 32 5000 193
319 8 32 5000 184
320 8 32 2000 160
321 8 320 800 144
322 8 320 1000 160
323 32 32 800 106
324 32 320 800 156
325 32 128 1000 122
326 8 320 1000 200
327 8 32 2000 186
328 8 32 1000 110
329 32 320 2000 115
330 32 32 800 116
331 32 320 5000 115
332 8 320 800 106
333 32 128 5000 134
334 32 128 400 136
335 8 32 400 197
336 8 128 800 97
337 8 32 5000 199
338 8 128 400 193
339 8 32 400 195
340 32 32 400 197
341 32 32 2000 196
342 8 32 800 95
343 8 320 800 162
344 32 128 2000 118
345 32 128 400 182
346 8 128 1000 137
347 8 32 400 188
348 8 128 1000 181
349 32 320 5000 124
350 32 320 400 179
351 32 32 1000 99
352 8 128 2000 185
353 32 320 800 112
354 8 128 1000 98
355 32 32 2000 164
356 8 320 800 141
357 8 32 2000 95
358 32 32 2000 101
359 32 320 1000 195
360 32 320 5000 180
361 32 320 5000 171
362 8 128 800 91
363 8 32 2000 177
364 32 128 800 196
365 8 32 2000 117
366 32 32 1000 179
367 32 128 800 142
368 8 128 2000 154
369 32 128 5000 102
370 8 128 5000 97
371 32 320 400 103
372 8 128 5000 141
373 8 320 800 196
374 32 128 800 193
375 32 320 1000 174
376 8 128 5000 181
377 8 128 400 182
378 32 32 800 108
379 8 320 2000 124
380 32 320 5000 194
381 32 32 2000 143
382 8 320 400 174
383 32 320 1000 116
384 8 128 400 135
385 8 320 800 162
386 8 320 400 144
387 32 320 800 120
388 32 32 5000 136
389 32 32 5000 91
390 32 320 800 139
391 32 32 5000 116
392 32 32 400 193
393 8 128 2000 171
394 8 128 400 140
395 32 128 5000 182
396 8 320 400 188
397 8 128 2000 160
398 8 320 400 143
399 32 320 800 161
400 8 32 2000 162
401 8 128 5000 97
402 8 128 800 147
403 8 320 5000 119
404 32 32 2000 96
405 32 320 800 140
406 8 128 1000 140
407 32 128 1000 163
408 8 128 5000 163
409 8 128 2000 103
410 8 320 1000 151
411 8 32 1000 95
412 32 320 2000 109
413 8 320 5000 93
414 32 128 400 104
415 8 32 5000 118
416 32 320 5000 142
417 32 32 800 118
418 8 128 800 192
419 8 128 5000 174
420 32 128 400 143
421 32 128 400 91
422 32 128 400 133
423 32 32 400 105
424 32 320 800 176
425 32 32 2000 95
426 8 32 800 106
427 32 32 1000 116
428 8 128 5000 96
429 8 32 400 112
430 32 32 1000 94
431 8 32 5000 125
432 8 320 5000 135
433 32 320 800 131
434 32 32 1000 172
435 32 32 400 184
436 32 128 1000 98
437 8 128 2000 152
438 32 128 1000 181
439 8 32 2000 181
440 8 128 2000 102
441 32 128 2000 109
442 8 128 5000 196
443 32 32 5000 135
444 8 320 2000 171
445 32 32 2000 165
446 32 320 5000 138
447 8 320 2000 172
448 8 320 2000 146
449 8 128 400 159
450 32 32 800 200
451 32 32 2000 174
452 8 320 5000 188
453 8 32 5000 135
454 8 320 2000 98
455 8 128 5000 138
456 32 32 800 165
457 8 320 1000 123
458 8 320 2000 159
459 32 320 5000 175
460 32 128 400 96
461 8 128 1000 193
462 8 32 1000 129
463 8 32 400 174
464 32 128 400 125
465 32 128 5000 145
466 32 320 800 175
467 8 320 1000 150
468 8 320 400 197
469 32 128 5000 160
470 8 32 800 133
471 8 320 1000 108
472 32 320 5000 166
473 32 128 2000 162
474 8 32 2000 117
475 8 320 400 190
476 32 128 2000 187
477 8 128 5000 158
478 8 320 5000 112
479 32 32 800 91
480 32 320 800 139
481 32 320 2000 184
482 8 128 800 96
483 32 32 5000 95
484 8 128 5000 109
485 32 320 800 119
486 8 320 800 123
487 32 32 800 183
488 8 128 2000 179
489 8 320 5000 187
490 32 128 1000 177
491 32 128 400 173
492 32 320 400 128
493 8 128 800 127
494 32 32 5000 128
495 32 320 2000 146
496 32 320 800 149
497 8 128 400 127
498 8 32 5000 110
499 32 128 400 171
500 32 32 800 149
501 32 128 800 140
502 32 128 800 112
503 32 32 800 161
504 8 320 800 183
505 32 32 400 142
506 8 320 800 109
507 8 32 5000 112
508 8 320 400 173
509 32 128 800 171
510 32 320 800 130
511 32 320 5000 168
512 8 32 1000 163
513 32 32 5000 180
514 32 320 5000 173
515 8 32 5000 138
516 8 32 1000 199
517 8 320 2000 199
518 8 320 1000 149
519 32 32 800 161
520 8 128 1000 138
62
3 221 53 187
7 180 64 99
9 136 47 105
10 339 57 123
15 368 57 118
20 95 52 187
22 476 58 107
26 264 62 159
26 317 47 103
28 403 40 143
29 32 54 132
33 367 44 95
43 300 49 92
47 135 58 143
55 285 57 120
59 190 52 132
60 338 53 190
62 325 70 150
67 253 46 140
70 492 56 121
80 351 48 104
83 254 66 152
91 220 54 141
98 397 56 185
108 483 59 180
109 485 48 134
110 269 68 177
110 355 60 113
122 425 55 151
124 375 54 133
131 485 53 115
131 222 68 175
134 508 47 168
152 372 57 193
152 369 58 185
165 326 45 120
173 435 47 146
181 392 63 90
184 512 46 196
184 235 68 104
191 481 40 134
195 375 51 191
197 206 65 109
213 257 50 122
216 286 66 129
219 371 58 178
226 472 62 105
234 493 64 142
245 371 56 152
252 261 68 147
257 488 64 119
270 506 52 174
292 487 55 160
308 426 63 133
309 500 43 113
310 402 68 183
327 425 66 144
336 398 64 103
354 402 47 116
370 468 45 177
381 515 43 172
398 514 44 162