423
0 32 40 1000 130
1 16 64 5000 148
2 32 96 800 155
3 16 96 400 145
4 16 40 1000 130
5 16 40 800 156
6 16 40 400 191
7 16 40 400 146
8 16 40 400 189
9 32 64 800 197
10 16 96 1000 127
11 16 40 800 183
12 32 64 2000 178
13 32 40 5000 103
14 32 96 5000 182
15 32 96 5000 105
16 16 96 400 194
17 16 40 2000 125
18 32 64 2000 140
19 32 40 400 171
20 16 64 2000 144
21 16 96 1000 113
22 16 96 800 131
23 32 64 2000 135
24 32 64 800 169
25 16 64 400 149
26 32 40 800 137
27 32 40 5000 133
28 32 40 5000 138
29 32 96 2000 111
30 32 64 800 90
31 16 64 1000 170
32 32 64 1000 177
33 16 64 5000 175
34 32 96 5000 186
35 32 96 400 98
36 16 64 800 152
37 16 96 800 129
38 32 40 5000 125
39 16 64 1000 96
40 16 96 1000 194
41 32 96 800 168
42 32 64 800 173
43 16 96 800 199
44 32 64 1000 192
45 16 96 400 189
46 16 64 400 196
47 32 40 1000 138
48 16 96 5000 104
49 32 40 1000 191
50 32 96 5000 94
51 16 64 1000 150
52 16 40 400 156
53 32 40 2000 121
54 32 64 2000 95
55 32 96 800 118
56 16 64 2000 196
57 32 40 1000 112
58 16 96 2000 113
59 32 64 400 193
60 32 96 400 184
61 32 96 5000 110
62 16 64 2000 157
63 16 40 1000 156
64 16 96 800 151
65 16 40 2000 110
66 16 64 1000 126
67 16 40 800 183
68 32 40 2000 127
69 16 64 5000 154
70 32 96 1000 90
71 16 96 400 132
72 32 96 1000 136
73 32 40 800 196
74 32 64 800 101
75 16 96 2000 151
76 16 96 800 163
77 32 40 800 133
78 32 40 2000 188
79 32 64 1000 153
80 32 64 400 196
81 16 96 800 161
82 32 96 800 156
83 16 40 400 152
84 16 96 1000 103
85 32 96 5000 104
86 32 40 1000 114
87 32 64 1000 151
88 16 40 400 103
89 16 96 5000 123
90 16 96 2000 123
91 16 40 5000 147
92 32 40 2000 154
93 32 96 1000 106
94 32 96 5000 182
95 16 96 400 128
96 16 64 400 127
97 16 64 800 146
98 16 96 5000 186
99 32 96 400 149
100 32 96 800 131
101 32 96 2000 108
102 16 96 1000 179
103 16 96 800 153
104 32 96 400 200
105 16 96 2000 183
106 16 64 2000 197
107 32 96 2000 91
108 16 40 400 178
109 32 40 1000 200
110 16 96 800 133
111 32 96 800 113
112 32 96 5000 198
113 16 64 5000 151
114 16 64 400 182
115 16 96 800 112
116 16 96 1000 188
117 32 64 5000 92
118 32 96 800 170
119 16 40 1000 166
120 16 64 2000 97
121 32 96 2000 135
122 16 64 2000 114
123 32 40 2000 99
124 32 64 1000 148
125 32 40 1000 132
126 32 40 1000 163
127 16 96 5000 153
128 32 40 400 138
129 32 40 400 160
130 32 64 400 151
131 16 96 5000 118
132 32 96 5000 127
133 16 96 2000 132
134 32 64 2000 123
135 16 40 800 119
136 16 64 2000 130
137 16 96 2000 156
138 16 40 800 196
139 32 96 5000 169
140 32 96 1000 103
141 32 96 800 155
142 32 64 2000 135
143 32 64 400 112
144 16 64 800 139
145 32 64 2000 150
146 16 64 400 179
147 32 40 800 144
148 16 64 800 173
149 16 64 2000 155
150 16 64 1000 195
151 16 64 400 148
152 16 40 5000 151
153 16 96 800 91
154 16 40 800 156
155 16 96 800 197
156 16 40 5000 164
157 32 64 800 112
158 16 40 5000 112
159 16 64 1000 153
160 16 96 1000 165
161 32 96 400 161
162 16 96 800 179
163 16 64 1000 188
164 32 96 800 159
165 16 96 1000 158
166 16 40 5000 153
167 32 96 400 151
168 32 40 800 101
169 32 96 5000 190
170 16 40 800 180
171 32 96 2000 132
172 32 64 800 120
173 16 64 5000 160
174 16 96 5000 138
175 16 64 400 186
176 32 96 400 121
177 16 96 1000 126
178 32 40 1000 154
179 32 40 800 192
180 16 96 2000 129
181 16 96 1000 171
182 16 40 2000 166
183 32 64 1000 107
184 32 40 2000 92
185 32 64 5000 167
186 32 64 2000 108
187 16 64 1000 161
188 32 40 2000 120
189 32 64 2000 120
190 16 64 1000 166
191 16 40 400 95
192 32 40 1000 192
193 32 40 5000 131
194 16 40 800 159
195 16 96 1000 95
196 16 96 400 112
197 32 40 5000 157
198 16 96 5000 91
199 32 40 400 155
200 16 96 5000 104
201 16 40 400 97
202 32 64 5000 148
203 32 40 1000 189
204 32 96 2000 90
205 16 96 2000 92
206 16 96 800 121
207 16 40 1000 184
208 32 64 5000 135
209 16 64 400 150
210 16 40 2000 192
211 32 40 400 198
212 16 64 400 157
213 32 96 1000 95
214 16 40 800 129
215 32 64 800 123
216 32 64 2000 119
217 32 64 5000 161
218 16 40 800 169
219 32 96 800 198
220 32 96 5000 191
221 16 64 400 143
222 16 40 5000 95
223 32 96 400 182
224 32 40 2000 100
225 32 40 1000 188
226 32 40 1000 137
227 16 40 5000 144
228 16 64 1000 162
229 32 40 400 143
230 32 64 5000 114
231 16 96 2000 164
232 16 64 2000 114
233 16 40 5000 114
234 16 40 2000 185
235 32 64 5000 168
236 16 96 2000 147
237 32 40 5000 99
238 16 96 2000 195
239 16 64 400 103
240 16 96 400 99
241 16 64 1000 151
242 16 40 5000 159
243 16 96 5000 146
244 32 96 1000 164
245 32 40 1000 110
246 32 40 2000 93
247 32 64 5000 189
248 32 64 800 196
249 16 96 400 181
250 32 64 5000 167
251 32 64 800 127
252 32 64 2000 196
253 16 40 5000 193
254 16 96 2000 123
255 32 40 400 172
256 32 96 2000 144
257 32 96 800 100
258 32 96 5000 164
259 32 64 1000 158
260 16 64 1000 175
261 32 96 2000 94
262 32 96 400 198
263 16 40 5000 126
264 16 64 800 134
265 16 40 400 161
266 32 40 800 113
267 16 64 400 158
268 16 96 800 126
269 32 64 1000 122
270 16 64 2000 102
271 16 40 1000 183
272 16 96 800 108
273 16 40 2000 102
274 32 64 5000 92
275 16 40 5000 159
276 16 64 800 156
277 16 40 5000 169
278 16 96 400 119
279 16 64 2000 152
280 32 64 1000 132
281 32 40 1000 136
282 16 40 400 99
283 32 96 400 106
284 16 40 400 185
285 16 40 800 148
286 32 40 800 125
287 16 64 800 97
288 16 40 5000 119
289 32 64 1000 153
290 32 64 800 191
291 16 64 800 129
292 32 64 1000 99
293 32 64 400 152
294 32 64 800 182
295 16 40 1000 156
296 32 40 5000 190
297 16 96 800 123
298 16 96 1000 180
299 16 64 2000 138
300 16 96 400 190
301 32 96 800 185
302 32 40 800 192
303 32 40 1000 141
304 16 96 2000 116
305 16 40 1000 111
306 32 40 1000 133
307 32 40 5000 163
308 32 40 5000 137
309 32 40 5000 166
310 16 64 400 175
311 16 64 400 92
312 16 96 5000 184
313 16 96 1000 99
314 32 40 800 106
315 32 96 5000 156
316 16 96 1000 160
317 32 96 1000 147
318 16 40 400 141
319 16 96 400 102
320 16 96 1000 183
321 32 40 5000 100
322 32 64 1000 96
323 16 64 400 100
324 16 96 1000 150
325 32 40 2000 119
326 16 64 400 159
327 32 64 2000 126
328 16 64 1000 135
329 32 40 5000 116
330 16 40 1000 169
331 16 96 2000 182
332 32 64 800 96
333 16 40 2000 129
334 32 64 800 113
335 16 96 800 152
336 32 40 400 179
337 16 40 5000 170
338 32 40 400 197
339 16 96 2000 116
340 32 64 800 170
341 16 96 800 139
342 16 96 400 134
343 16 96 400 160
344 16 64 2000 175
345 32 40 800 189
346 16 64 1000 180
347 16 40 5000 146
348 32 40 1000 150
349 32 96 1000 144
350 16 64 800 106
351 32 40 2000 110
352 16 96 800 134
353 16 40 400 118
354 16 40 1000 143
355 32 96 1000 118
356 32 96 2000 154
357 16 64 2000 105
358 32 64 1000 197
359 16 96 400 114
360 16 40 5000 190
361 16 96 2000 97
362 16 40 5000 108
363 32 40 800 149
364 16 64 2000 157
365 16 40 5000 117
366 16 64 1000 191
367 32 96 800 130
368 32 96 2000 162
369 32 64 1000 101
370 32 40 400 156
371 32 96 400 92
372 16 64 400 191
373 32 96 800 196
374 32 96 400 90
375 32 96 5000 130
376 16 40 2000 155
377 16 96 400 151
378 32 96 400 97
379 16 64 400 136
380 32 40 800 119
381 16 96 800 113
382 16 64 800 158
383 16 96 5000 173
384 16 64 800 133
385 16 40 2000 160
386 16 40 1000 189
387 32 64 800 131
388 16 64 400 140
389 32 64 400 173
390 16 96 1000 134
391 32 40 800 121
392 16 64 1000 103
393 16 64 1000 140
394 16 64 1000 115
395 16 64 800 185
396 32 64 2000 144
397 32 40 800 127
398 32 40 1000 109
399 16 96 5000 151
400 32 96 1000 103
401 16 64 1000 112
402 16 40 800 113
403 16 96 1000 194
404 16 96 5000 186
405 32 64 5000 106
406 32 96 800 118
407 16 96 800 132
408 16 64 1000 148
409 32 64 1000 139
410 16 96 1000 177
411 16 96 1000 167
412 16 64 1000 169
413 32 64 800 144
414 32 40 800 175
415 16 96 5000 168
416 16 40 800 181
417 16 64 1000 98
418 16 96 5000 110
419 32 64 2000 119
420 16 40 800 132
421 16 64 400 180
422 16 40 1000 113
71
2 314 61 128
4 318 44 121
4 80 53 186
7 43 50 106
8 373 41 168
14 385 65 91
17 376 60 139
19 354 57 130
22 139 60 153
25 303 40 183
28 185 50 97
29 340 70 161
31 81 54 170
35 109 65 182
37 387 45 113
48 340 66 154
49 206 44 187
50 266 59 133
51 384 42 119
52 378 69 167
56 147 46 98
61 301 68 120
61 386 40 125
61 280 56 120
62 147 67 193
67 152 68 174
71 201 50 94
80 421 54 125
81 337 68 125
82 131 45 200
85 333 54 196
85 181 66 190
87 342 70 116
88 420 62 157
101 236 70 155
104 290 43 192
107 367 60 143
109 303 65 186
120 307 60 160
131 189 63 172
136 162 43 114
136 154 47 97
139 233 47 118
143 248 63 122
151 180 55 114
152 194 46 137
157 293 56 145
165 333 60 134
166 364 61 187
169 332 46 151
170 381 69 164
175 284 58 142
181 213 49 115
185 398 48 185
189 196 42 135
233 277 56 112
241 380 61 104
247 393 66 162
248 315 41 194
251 280 54 194
259 297 66 154
262 388 56 154
263 405 58 132
284 315 54 108
299 397 51 94
299 328 70 156
302 310 55 139
308 310 46 114
316 380 63 107
326 346 64 178
330 362 41 98