528
0 16 2 50 59
1 2 64 50 87
2 2 2 100 68
3 2 2 150 88
4 8 64 50 98
5 2 16 200 81
6 2 16 50 58
7 2 4 50 99
8 8 4 50 96
9 2 16 150 67
10 2 2 100 58
11 16 64 50 66
12 2 4 50 51
13 8 4 100 60
14 2 4 200 79
15 2 4 200 79
16 8 16 100 90
17 8 64 150 77
18 2 4 100 69
19 16 64 200 100
20 8 64 150 99
21 2 64 100 52
22 2 4 100 74
23 8 16 50 95
24 2 64 200 52
25 2 2 50 86
26 16 4 50 90
27 2 2 200 90
28 8 2 200 62
29 8 16 50 53
30 2 4 100 99
31 16 64 150 53
32 16 64 50 96
33 8 2 200 95
34 16 16 200 63
35 2 64 50 98
36 8 2 150 96
37 2 64 50 100
38 16 64 100 61
39 2 4 100 57
40 2 4 100 62
41 2 2 100 68
42 2 4 150 59
43 2 16 50 100
44 2 16 200 55
45 2 64 150 68
46 8 4 100 80
47 2 4 100 84
48 2 16 200 71
49 16 16 100 54
50 16 4 200 70
51 2 16 50 78
52 16 64 200 85
53 2 16 200 88
54 2 16 50 66
55 16 64 50 71
56 2 64 200 58
57 8 4 100 73
58 8 4 150 87
59 16 4 150 83
60 16 2 50 86
61 8 2 200 69
62 2 2 100 75
63 2 16 50 100
64 8 2 100 53
65 16 16 200 50
66 16 64 100 58
67 2 4 100 91
68 2 64 50 65
69 2 16 100 59
70 16 16 100 83
71 8 2 200 61
72 16 16 150 100
73 16 4 50 56
74 16 2 100 72
75 16 2 50 71
76 8 2 50 51
77 8 16 50 70
78 2 16 200 77
79 16 16 50 89
80 16 2 200 56
81 2 2 200 81
82 2 64 200 70
83 2 16 150 84
84 2 4 50 76
85 16 2 150 100
86 8 2 200 94
87 8 2 100 77
88 8 16 50 58
89 2 16 50 52
90 2 4 200 56
91 2 16 100 67
92 8 2 50 69
93 8 64 100 78
94 8 16 50 69
95 8 64 50 73
96 8 2 50 68
97 2 16 50 64
98 16 16 150 57
99 8 4 100 69
100 8 16 150 61
101 8 64 150 60
102 16 64 200 59
103 8 16 150 89
104 2 4 50 80
105 8 4 50 58
106 16 2 150 77
107 16 2 150 89
108 16 64 150 64
109 16 64 50 86
110 2 2 50 89
111 8 2 100 65
112 2 16 150 65
113 16 2 50 63
114 8 64 100 74
115 16 64 50 55
116 2 16 200 93
117 8 4 100 83
118 8 16 150 68
119 8 16 50 54
120 8 4 200 90
121 2 4 150 72
122 2 4 150 90
123 2 16 50 76
124 16 2 150 82
125 16 4 150 53
126 8 16 150 90
127 2 64 50 64
128 8 2 200 81
129 2 64 100 83
130 2 16 50 84
131 16 4 50 98
132 16 2 50 80
133 8 16 100 54
134 2 16 150 56
135 8 4 200 58
136 2 64 150 86
137 2 64 200 69
138 16 16 100 63
139 16 64 100 81
140 2 16 200 77
141 2 2 100 59
142 16 2 150 93
143 8 64 50 52
144 16 64 150 63
145 2 2 100 66
146 8 16 200 100
147 2 2 150 69
148 2 4 50 73
149 16 16 150 95
150 2 4 150 57
151 16 4 150 76
152 8 2 150 85
153 8 16 150 71
154 8 2 150 58
155 8 64 50 53
156 16 4 200 87
157 8 64 100 98
158 2 16 100 51
159 16 4 100 67
160 16 2 200 67
161 8 64 200 81
162 16 4 50 55
163 8 64 100 76
164 2 16 200 80
165 16 64 50 55
166 2 4 50 77
167 16 4 50 88
168 8 64 50 72
169 16 64 150 97
170 16 4 150 79
171 16 4 200 82
172 16 64 150 86
173 16 2 100 84
174 2 64 150 58
175 16 2 100 57
176 16 4 50 98
177 2 64 200 81
178 16 2 200 85
179 8 4 50 85
180 2 64 150 58
181 2 16 100 77
182 16 4 100 50
183 16 4 200 64
184 16 2 100 78
185 2 2 150 93
186 16 16 100 84
187 8 64 150 61
188 16 4 150 80
189 8 2 150 66
190 8 4 150 82
191 16 16 150 100
192 16 4 100 75
193 16 2 150 64
194 2 16 150 69
195 8 4 200 78
196 2 2 100 93
197 16 64 150 98
198 8 2 150 89
199 8 4 50 80
200 2 4 200 96
201 16 16 50 100
202 2 2 100 52
203 16 4 50 94
204 8 16 150 65
205 16 64 50 82
206 2 2 150 62
207 2 64 50 94
208 8 2 150 66
209 16 2 50 52
210 2 16 100 88
211 2 64 50 52
212 2 16 150 69
213 16 2 200 93
214 8 16 50 52
215 2 2 50 71
216 8 4 100 85
217 2 64 100 91
218 16 16 100 66
219 8 64 100 56
220 16 4 150 95
221 16 2 150 56
222 8 4 50 74
223 8 4 100 91
224 16 4 50 73
225 16 4 150 90
226 8 64 150 70
227 8 64 50 86
228 8 2 100 55
229 2 64 150 68
230 2 64 50 52
231 8 16 150 90
232 16 2 50 67
233 16 4 50 60
234 2 64 50 88
235 16 16 50 53
236 16 2 200 95
237 16 4 100 91
238 2 2 50 65
239 16 4 200 53
240 8 4 100 74
241 2 4 150 65
242 16 64 200 96
243 2 2 150 58
244 2 16 150 76
245 16 2 100 73
246 8 2 150 83
247 2 64 50 50
248 2 16 50 79
249 8 64 200 59
250 16 2 200 78
251 16 16 100 72
252 8 2 100 60
253 2 64 200 55
254 2 4 150 98
255 8 64 150 59
256 8 2 100 80
257 2 16 100 50
258 2 2 150 90
259 2 64 150 97
260 16 4 200 74
261 2 64 100 57
262 2 64 150 70
263 8 64 150 65
264 16 4 100 88
265 2 4 150 62
266 2 64 50 70
267 16 2 150 94
268 2 64 200 66
269 16 2 150 90
270 16 2 150 71
271 2 4 50 50
272 16 2 150 92
273 8 16 50 54
274 2 2 50 67
275 16 64 200 60
276 16 2 200 93
277 2 64 150 80
278 16 4 150 71
279 8 64 50 55
280 8 2 100 86
281 16 4 50 80
282 16 64 50 83
283 8 4 200 88
284 2 4 150 55
285 16 16 150 53
286 8 64 100 86
287 2 16 100 56
288 8 64 50 91
289 8 64 50 68
290 16 64 100 84
291 8 4 100 54
292 8 4 100 61
293 8 16 150 58
294 8 16 150 75
295 16 16 50 94
296 16 16 200 87
297 8 16 100 93
298 8 64 150 68
299 8 64 150 65
300 2 4 150 51
301 2 4 150 74
302 16 2 200 55
303 8 2 150 92
304 16 16 50 96
305 2 16 100 84
306 16 2 50 94
307 16 4 100 61
308 2 4 150 59
309 16 2 50 94
310 16 2 200 61
311 2 64 50 67
312 16 64 150 86
313 2 2 200 93
314 2 4 150 72
315 16 4 100 62
316 8 2 100 60
317 8 64 50 93
318 16 16 100 94
319 8 64 100 99
320 16 4 200 93
321 16 4 150 91
322 2 4 50 60
323 16 2 100 60
324 2 64 200 62
325 2 64 50 54
326 8 2 100 66
327 8 64 200 98
328 16 64 200 98
329 2 64 150 79
330 2 16 200 55
331 2 2 50 51
332 8 2 50 100
333 8 4 150 96
334 2 2 50 96
335 2 16 100 52
336 2 4 50 89
337 16 2 200 81
338 8 4 100 64
339 8 4 200 52
340 8 16 200 73
341 16 2 150 65
342 2 64 150 50
343 16 2 100 56
344 2 16 150 50
345 16 64 150 80
346 8 4 200 69
347 16 16 50 63
348 2 16 150 68
349 2 16 50 58
350 16 4 150 60
351 8 4 200 53
352 16 16 100 57
353 2 4 50 76
354 16 2 200 71
355 2 4 200 89
356 2 16 150 94
357 16 2 200 60
358 8 16 150 87
359 2 16 100 53
360 2 64 100 96
361 16 64 150 92
362 2 64 100 71
363 8 2 200 74
364 2 64 50 79
365 2 64 50 61
366 8 4 150 57
367 16 4 50 70
368 2 16 100 86
369 16 4 100 76
370 2 64 50 50
371 8 16 50 97
372 8 64 200 88
373 8 16 150 72
374 16 16 150 63
375 8 64 200 67
376 8 4 100 90
377 8 2 100 74
378 8 64 200 92
379 8 16 100 90
380 8 64 50 54
381 16 64 50 74
382 16 4 200 62
383 8 16 150 99
384 2 4 50 75
385 8 2 100 91
386 2 4 200 50
387 16 64 150 67
388 8 2 150 97
389 8 2 100 72
390 8 2 50 50
391 16 16 50 67
392 8 64 50 98
393 2 4 150 55
394 8 16 200 82
395 16 4 100 94
396 8 16 200 64
397 16 64 100 84
398 16 64 200 79
399 2 16 200 55
400 8 2 150 72
401 16 4 100 90
402 2 4 200 52
403 16 2 150 93
404 16 16 100 66
405 16 16 200 66
406 2 2 50 90
407 2 16 150 65
408 8 4 150 77
409 16 16 100 85
410 2 4 150 84
411 8 4 150 82
412 8 64 100 50
413 8 2 100 94
414 8 2 200 51
415 16 64 150 94
416 2 64 100 63
417 16 16 200 97
418 8 2 50 55
419 16 2 50 79
420 16 4 100 68
421 16 2 150 91
422 2 4 200 83
423 2 16 100 86
424 16 16 150 76
425 8 16 50 73
426 8 2 200 70
427 16 4 200 95
428 2 2 150 62
429 16 2 100 52
430 2 64 200 72
431 16 4 150 88
432 2 16 200 86
433 16 16 200 76
434 8 4 150 91
435 8 2 200 99
436 2 4 150 76
437 16 4 50 56
438 2 64 150 68
439 16 4 100 80
440 16 2 50 53
441 8 4 100 88
442 16 16 150 61
443 8 2 150 67
444 16 16 100 100
445 2 64 150 64
446 2 4 200 67
447 8 2 100 50
448 16 64 50 71
449 8 16 150 55
450 16 4 200 77
451 2 64 100 60
452 16 64 100 59
453 16 4 150 89
454 16 4 200 57
455 2 2 150 75
456 16 4 200 97
457 8 64 50 80
458 2 64 50 84
459 8 16 100 58
460 16 4 50 69
461 2 4 200 78
462 2 4 150 62
463 2 4 100 54
464 2 64 100 54
465 16 16 200 88
466 8 64 50 55
467 2 4 200 63
468 16 64 200 53
469 16 64 50 66
470 8 2 50 53
471 8 2 50 62
472 2 2 100 86
473 2 4 100 71
474 16 64 100 60
475 2 2 100 57
476 2 64 150 52
477 2 2 50 75
478 8 64 200 62
479 2 64 50 53
480 8 16 100 79
481 16 16 100 92
482 16 16 100 76
483 8 4 50 60
484 16 64 100 63
485 8 16 50 70
486 8 16 200 89
487 2 4 50 51
488 16 2 150 81
489 2 4 100 55
490 16 4 100 70
491 16 16 150 76
492 16 4 100 55
493 2 16 50 57
494 16 64 50 78
495 2 2 100 71
496 8 64 100 77
497 8 2 200 88
498 16 2 150 63
499 2 4 150 53
500 2 16 200 70
501 16 4 150 80
502 8 64 200 95
503 8 4 50 89
504 16 2 50 71
505 8 16 150 56
506 2 4 50 76
507 2 16 50 57
508 16 4 150 67
509 16 2 150 66
510 16 64 50 73
511 16 4 100 93
512 2 16 100 83
513 16 4 150 81
514 16 16 100 58
515 16 2 150 92
516 2 16 150 68
517 8 2 150 90
518 2 64 200 70
519 2 64 200 67
520 8 2 100 55
521 2 2 50 79
522 16 4 200 93
523 8 64 50 91
524 2 16 100 60
525 16 4 50 53
526 8 4 50 80
527 2 4 150 82
89
2 380 47 128
5 266 43 183
5 428 41 122
8 454 63 192
11 311 62 99
12 243 64 196
15 132 55 139
16 455 61 144
17 380 43 136
18 270 60 140
19 469 58 96
20 461 59 195
20 347 45 115
22 506 62 169
24 257 47 92
28 386 67 109
28 191 65 125
31 252 51 116
35 260 48 160
35 413 67 178
36 176 62 119
39 380 45 110
40 209 43 132
42 166 69 108
47 231 55 110
51 193 56 163
52 516 67 119
61 239 63 107
63 412 48 169
67 270 64 97
67 484 54 114
69 486 65 106
72 393 58 174
72 200 61 104
73 438 59 132
73 438 62 189
76 450 58 151
78 433 55 153
81 496 66 176
82 307 63 133
85 282 59 192
87 301 52 134
90 336 52 150
93 333 51 168
100 432 54 133
102 197 65 97
117 305 49 172
117 186 70 186
120 252 68 101
120 478 54 98
125 248 46 135
126 459 43 162
133 516 64 136
139 313 53 155
140 460 60 107
142 515 69 152
146 314 52 182
148 261 67 174
151 386 41 165
156 237 63 191
159 195 45 191
171 308 40 95
182 231 65 126
192 448 48 127
193 499 63 110
196 444 56 171
201 320 69 196
212 312 68 120
217 303 66 168
220 360 60 161
221 340 58 124
227 410 46 163
228 521 68 194
241 495 67 168
244 332 53 186
261 276 54 185
289 306 41 167
309 357 41 137
327 360 63 191
330 361 64 126
362 528 45 183
371 454 58 156
375 436 47 183
375 385 69 162
408 514 52 105
418 503 53 157
433 480 66 132
453 489 49 135
458 485 60 128