217
0 16 64 1000 153
1 32 96 1000 91
2 32 96 400 185
3 32 40 800 188
4 16 40 2000 113
5 32 40 400 199
6 32 40 800 123
7 16 96 5000 147
8 16 40 5000 151
9 16 40 800 183
10 16 40 5000 119
11 16 96 400 122
12 32 96 800 182
13 16 40 5000 163
14 32 96 1000 161
15 16 96 400 189
16 32 40 800 146
17 32 40 400 142
18 32 40 800 176
19 32 40 1000 165
20 16 64 5000 117
21 16 40 800 146
22 32 40 1000 115
23 16 64 400 137
24 32 64 2000 109
25 32 40 1000 141
26 32 64 5000 165
27 32 64 800 141
28 16 64 2000 121
29 32 96 400 152
30 32 96 2000 200
31 32 40 2000 101
32 32 64 1000 196
33 16 96 2000 177
34 16 64 2000 182
35 32 64 1000 149
36 32 64 2000 125
37 32 40 2000 168
38 16 40 400 125
39 16 96 1000 121
40 16 64 2000 192
41 16 96 5000 168
42 16 96 400 192
43 32 96 400 102
44 16 64 1000 118
45 32 96 5000 154
46 16 40 800 107
47 32 96 400 105
48 32 40 400 107
49 16 40 5000 151
50 32 40 800 177
51 32 96 400 176
52 32 96 1000 153
53 16 40 400 94
54 16 96 5000 168
55 16 40 400 200
56 16 96 2000 171
57 16 64 400 167
58 32 96 800 186
59 16 40 400 187
60 32 40 800 120
61 16 40 2000 110
62 16 40 2000 183
63 32 64 5000 125
64 16 40 1000 115
65 32 64 5000 182
66 16 64 800 171
67 16 96 1000 100
68 16 64 800 197
69 32 40 400 159
70 32 40 400 99
71 16 40 1000 188
72 32 40 1000 177
73 16 40 800 114
74 32 40 5000 124
75 16 64 5000 190
76 16 64 1000 118
77 32 96 800 112
78 32 40 1000 112
79 16 96 2000 155
80 16 96 5000 138
81 32 64 400 121
82 32 96 2000 107
83 16 96 800 117
84 32 96 1000 131
85 16 64 1000 90
86 16 96 5000 167
87 16 96 2000 127
88 32 40 1000 133
89 16 96 1000 180
90 32 64 800 190
91 32 96 2000 185
92 16 96 2000 148
93 32 96 2000 163
94 16 40 2000 109
95 16 96 2000 120
96 32 64 400 100
97 32 64 400 179
98 16 64 2000 154
99 16 64 5000 175
100 16 40 2000 91
101 16 96 2000 189
102 16 64 400 98
103 32 40 800 164
104 32 96 1000 187
105 32 64 800 100
106 16 64 800 156
107 32 64 2000 156
108 16 40 800 114
109 16 40 2000 170
110 16 40 5000 193
111 16 40 5000 121
112 16 40 400 96
113 32 40 800 145
114 32 96 5000 136
115 16 64 400 147
116 16 40 800 151
117 16 96 2000 94
118 32 64 400 199
119 32 64 1000 111
120 16 64 1000 100
121 16 96 1000 171
122 16 64 800 184
123 16 64 2000 151
124 16 96 800 142
125 32 40 2000 129
126 16 96 800 114
127 16 40 5000 172
128 32 96 1000 97
129 32 40 1000 123
130 32 64 1000 132
131 16 40 800 139
132 16 64 5000 122
133 16 64 800 185
134 16 64 2000 123
135 16 64 400 198
136 16 40 800 176
137 16 96 400 121
138 16 40 5000 120
139 16 40 800 116
140 16 40 2000 147
141 32 40 800 151
142 32 96 1000 104
143 32 96 2000 175
144 16 64 5000 157
145 32 96 2000 176
146 32 96 1000 157
147 32 96 5000 156
148 16 40 1000 118
149 32 40 5000 152
150 32 40 1000 163
151 16 64 5000 123
152 16 40 400 111
153 32 96 5000 113
154 32 96 2000 172
155 32 40 5000 167
156 32 40 5000 97
157 32 96 400 141
158 32 64 400 137
159 16 40 800 117
160 16 40 1000 143
161 16 96 1000 102
162 16 96 2000 177
163 32 40 5000 104
164 32 96 1000 196
165 16 64 400 148
166 16 40 5000 98
167 32 96 800 139
168 32 64 2000 198
169 16 40 2000 124
170 32 40 5000 124
171 32 96 800 161
172 32 40 2000 127
173 16 64 2000 122
174 16 96 5000 148
175 32 96 800 194
176 16 64 1000 155
177 16 96 5000 152
178 16 40 2000 173
179 16 64 400 114
180 16 64 5000 180
181 32 40 2000 159
182 32 96 5000 194
183 16 96 1000 144
184 16 64 1000 92
185 32 40 5000 109
186 16 96 400 127
187 16 40 400 198
188 16 40 5000 116
189 16 40 800 143
190 32 96 1000 166
191 32 96 800 117
192 32 40 1000 191
193 16 40 400 155
194 32 64 5000 134
195 16 40 800 164
196 32 40 400 193
197 16 40 2000 138
198 16 64 2000 104
199 16 40 2000 99
200 16 96 800 117
201 32 96 2000 137
202 16 96 1000 168
203 32 40 400 152
204 16 40 800 132
205 32 40 1000 188
206 16 64 400 125
207 16 96 2000 99
208 16 64 800 132
209 32 40 2000 167
210 32 40 2000 154
211 16 64 1000 186
212 32 40 400 193
213 16 64 800 164
214 16 64 800 127
215 32 40 1000 109
216 32 40 2000 93
32
0 105 55 148
5 68 63 128
7 43 40 118
13 97 51 169
19 150 64 197
22 94 59 117
24 34 63 152
29 123 49 180
30 147 69 167
40 108 48 92
44 50 42 93
47 197 66 162
47 211 40 167
54 70 60 160
70 140 56 109
72 156 53 149
77 147 52 178
83 215 57 101
89 213 55 121
99 203 68 199
101 117 54 197
103 217 50 128
105 166 66 98
108 192 68 101
111 200 46 114
115 202 57 103
115 193 49 197
121 154 53 115
121 211 43 185
153 212 41 90
171 202 45 154
176 177 47 165