733
0 4 16 200 83
1 64 16 2000 44
2 16 16 1000 60
3 4 128 2000 97
4 16 8 200 51
5 64 16 1000 96
6 16 16 500 94
7 64 64 200 71
8 64 128 100 37
9 16 64 1000 74
10 16 64 500 53
11 64 128 500 50
12 4 128 1000 39
13 4 128 200 56
14 32 8 200 64
15 64 64 200 81
16 32 128 500 100
17 64 128 1000 65
18 16 64 2000 76
19 4 64 500 73
20 16 128 100 44
21 32 16 500 82
22 64 64 2000 31
23 64 8 500 63
24 16 64 2000 82
25 32 16 100 59
26 16 16 200 96
27 4 16 1000 63
28 32 64 200 91
29 16 16 500 95
30 64 64 1000 59
31 64 128 500 54
32 16 128 1000 73
33 16 128 100 90
34 4 8 1000 64
35 32 64 1000 73
36 32 16 1000 76
37 16 8 500 78
38 4 128 100 45
39 16 16 500 64
40 32 128 2000 86
41 64 8 100 75
42 16 64 200 79
43 64 128 100 54
44 4 16 100 53
45 64 16 1000 35
46 4 16 100 99
47 4 16 1000 30
48 32 16 500 37
49 16 64 200 42
50 32 16 500 80
51 4 128 200 64
52 16 8 1000 30
53 32 128 500 100
54 32 128 200 54
55 32 64 500 80
56 64 128 200 94
57 32 128 100 97
58 4 16 100 64
59 64 8 100 35
60 16 64 2000 89
61 32 8 500 55
62 32 16 500 84
63 64 16 100 39
64 32 8 500 81
65 16 16 1000 66
66 16 8 1000 66
67 32 128 200 62
68 16 8 500 99
69 16 64 200 51
70 16 128 2000 54
71 64 64 2000 46
72 16 16 500 97
73 64 8 200 54
74 64 128 500 66
75 16 128 500 32
76 16 8 500 53
77 64 8 200 88
78 32 128 100 57
79 4 64 2000 51
80 16 64 500 67
81 64 128 500 63
82 16 128 2000 92
83 16 16 100 81
84 4 8 2000 93
85 4 8 500 44
86 16 16 2000 90
87 32 128 500 92
88 4 128 1000 74
89 32 8 100 43
90 4 128 1000 73
91 16 8 2000 44
92 16 8 200 33
93 32 8 2000 38
94 4 8 200 58
95 4 128 500 48
96 64 16 2000 38
97 4 64 2000 57
98 16 8 100 98
99 32 128 1000 97
100 4 16 2000 36
101 32 16 500 44
102 4 64 100 47
103 4 8 500 70
104 32 128 100 92
105 32 16 200 61
106 4 128 2000 31
107 64 8 200 92
108 32 8 200 71
109 64 64 2000 71
110 64 8 200 43
111 4 128 1000 73
112 32 64 2000 52
113 4 64 1000 62
114 32 8 1000 40
115 4 8 500 36
116 64 8 200 95
117 32 64 200 68
118 32 8 200 68
119 32 128 2000 70
120 32 8 2000 76
121 16 8 1000 59
122 32 128 1000 34
123 64 8 500 33
124 16 8 200 43
125 32 64 200 82
126 32 128 1000 81
127 4 128 500 95
128 32 64 500 36
129 64 64 1000 96
130 16 64 100 58
131 32 16 100 60
132 64 128 500 88
133 64 8 100 40
134 4 8 500 70
135 64 8 500 59
136 64 128 200 36
137 16 8 200 43
138 4 64 1000 83
139 32 8 200 78
140 64 128 200 83
141 64 8 200 80
142 4 64 500 37
143 4 8 500 62
144 32 128 2000 92
145 32 128 200 74
146 4 8 100 89
147 16 8 200 91
148 16 16 200 70
149 4 64 500 44
150 32 128 500 50
151 16 8 200 66
152 16 128 200 77
153 64 16 200 46
154 32 128 1000 77
155 64 64 500 56
156 64 16 500 33
157 32 64 500 61
158 4 64 200 73
159 64 8 100 96
160 32 64 100 89
161 16 64 2000 70
162 32 128 100 30
163 64 64 500 32
164 4 16 1000 61
165 64 8 2000 38
166 16 64 100 85
167 4 128 200 43
168 16 128 1000 81
169 16 8 200 60
170 16 8 200 40
171 64 8 1000 83
172 32 64 1000 89
173 64 128 200 33
174 4 8 500 78
175 4 8 500 46
176 64 128 1000 36
177 4 128 1000 99
178 4 16 500 31
179 64 64 2000 99
180 4 16 1000 97
181 16 64 1000 79
182 16 128 200 56
183 64 16 100 69
184 4 16 100 48
185 16 64 1000 30
186 16 64 100 37
187 4 16 1000 58
188 4 64 100 32
189 64 128 100 81
190 16 64 100 81
191 64 128 1000 81
192 16 16 1000 89
193 16 64 1000 80
194 64 128 100 86
195 64 64 2000 30
196 32 64 2000 96
197 16 128 1000 68
198 64 64 500 40
199 64 128 2000 78
200 64 8 1000 87
201 64 64 1000 50
202 32 16 200 99
203 4 16 500 95
204 4 16 200 73
205 16 128 1000 45
206 4 8 2000 78
207 32 16 200 66
208 16 128 2000 87
209 32 8 200 57
210 4 64 2000 45
211 4 64 100 69
212 4 16 500 62
213 4 8 1000 51
214 4 16 100 44
215 32 16 2000 70
216 32 128 500 64
217 4 16 2000 91
218 16 16 2000 93
219 4 64 100 71
220 16 128 100 98
221 64 8 200 35
222 4 16 100 61
223 4 16 200 61
224 16 64 100 82
225 4 128 1000 89
226 64 8 1000 84
227 4 128 1000 56
228 16 64 500 96
229 4 8 100 80
230 32 16 2000 51
231 16 16 2000 67
232 4 16 500 41
233 32 64 1000 45
234 64 64 2000 78
235 32 16 100 52
236 64 64 500 59
237 32 8 200 35
238 4 8 1000 62
239 64 128 1000 70
240 64 8 100 79
241 16 16 1000 65
242 16 8 500 64
243 16 64 500 79
244 16 8 200 80
245 64 16 100 86
246 4 8 1000 75
247 4 128 100 82
248 32 8 100 70
249 32 64 200 50
250 16 16 500 31
251 32 128 100 45
252 32 64 2000 90
253 16 64 2000 30
254 32 16 1000 32
255 64 16 100 96
256 16 8 2000 48
257 64 8 1000 66
258 64 64 1000 30
259 4 16 500 73
260 16 128 200 79
261 64 128 500 58
262 32 16 200 30
263 4 8 200 51
264 32 16 100 93
265 16 16 200 34
266 32 8 200 94
267 64 128 500 50
268 16 8 500 56
269 4 128 2000 48
270 4 8 500 81
271 32 8 200 50
272 64 16 1000 62
273 32 8 1000 47
274 64 16 1000 38
275 16 128 1000 62
276 32 128 100 54
277 32 64 2000 91
278 64 8 100 98
279 16 128 1000 88
280 64 128 2000 74
281 16 8 500 70
282 64 16 1000 82
283 32 64 1000 33
284 32 64 500 59
285 4 8 500 46
286 4 64 2000 99
287 32 64 200 89
288 4 8 2000 69
289 32 16 2000 58
290 16 128 100 97
291 32 16 1000 30
292 32 128 200 36
293 32 64 1000 58
294 64 8 100 40
295 64 64 200 65
296 16 16 1000 45
297 32 64 1000 90
298 32 128 2000 87
299 64 128 200 84
300 16 128 500 63
301 64 16 1000 73
302 32 8 100 38
303 4 8 1000 80
304 32 64 500 42
305 16 64 2000 87
306 4 8 100 49
307 16 16 2000 57
308 64 16 2000 86
309 64 64 2000 73
310 64 16 500 62
311 64 8 100 35
312 4 8 1000 86
313 16 16 200 80
314 4 128 500 99
315 16 16 200 71
316 16 128 1000 34
317 16 64 100 42
318 32 64 200 86
319 4 8 100 100
320 16 16 500 72
321 32 8 200 55
322 4 8 200 35
323 32 8 200 89
324 32 128 1000 85
325 64 128 1000 97
326 4 64 500 57
327 64 64 100 60
328 4 8 1000 33
329 64 16 1000 53
330 16 128 100 34
331 32 64 2000 95
332 16 128 500 72
333 4 128 200 34
334 64 128 1000 76
335 4 16 2000 79
336 64 128 100 87
337 16 8 2000 99
338 64 16 2000 53
339 16 16 2000 85
340 4 128 200 52
341 16 8 100 80
342 4 16 100 80
343 4 8 500 38
344 64 16 100 44
345 4 8 2000 63
346 32 64 1000 96
347 4 128 2000 56
348 32 16 1000 81
349 4 8 1000 76
350 32 128 1000 40
351 32 128 200 69
352 64 64 100 82
353 4 8 100 86
354 16 8 100 99
355 64 128 200 81
356 32 16 2000 38
357 64 8 500 44
358 32 8 2000 84
359 32 64 100 48
360 64 64 1000 83
361 4 64 100 36
362 4 16 2000 53
363 16 128 2000 32
364 64 64 100 86
365 16 8 1000 44
366 16 64 2000 56
367 64 64 200 45
368 64 8 1000 61
369 16 128 1000 91
370 32 64 100 96
371 64 16 1000 36
372 32 64 2000 37
373 32 8 500 49
374 64 128 500 94
375 16 64 100 70
376 4 128 1000 30
377 4 16 100 30
378 16 8 2000 99
379 32 8 500 54
380 4 128 2000 58
381 4 16 200 43
382 32 8 1000 99
383 4 64 100 79
384 32 64 100 83
385 32 16 2000 75
386 64 64 500 95
387 16 16 500 59
388 4 64 500 95
389 64 8 1000 91
390 16 64 100 79
391 16 16 2000 82
392 32 64 2000 38
393 4 8 1000 94
394 32 8 1000 49
395 16 128 1000 82
396 32 8 100 42
397 32 16 200 99
398 32 16 2000 65
399 4 8 2000 59
400 16 128 100 31
401 4 8 2000 30
402 16 16 2000 59
403 64 128 200 56
404 16 64 1000 80
405 32 16 1000 39
406 64 16 500 67
407 4 64 200 67
408 32 64 200 84
409 4 128 1000 78
410 4 8 100 93
411 16 8 200 100
412 64 64 2000 52
413 32 16 500 94
414 64 8 1000 72
415 4 128 200 44
416 32 64 1000 99
417 4 128 100 80
418 32 8 2000 77
419 32 128 1000 37
420 32 64 500 36
421 64 128 100 42
422 64 64 200 31
423 64 64 200 34
424 64 64 200 81
425 32 128 100 39
426 64 128 2000 34
427 16 64 100 67
428 64 8 200 41
429 32 8 100 64
430 32 16 2000 78
431 64 8 500 50
432 32 64 500 93
433 64 128 2000 79
434 32 8 100 60
435 4 64 200 73
436 4 8 500 43
437 16 16 200 55
438 64 64 100 82
439 16 8 100 72
440 64 64 1000 43
441 64 64 2000 39
442 16 128 1000 67
443 4 64 2000 88
444 16 64 1000 84
445 16 8 200 56
446 32 64 2000 80
447 32 16 200 34
448 16 8 2000 61
449 4 8 500 52
450 16 128 1000 42
451 32 128 200 47
452 32 16 500 51
453 32 128 2000 60
454 64 128 2000 98
455 64 64 200 94
456 64 8 2000 47
457 64 64 100 91
458 16 8 100 47
459 4 8 500 81
460 4 128 500 79
461 16 8 1000 92
462 16 8 1000 67
463 16 8 500 48
464 16 64 500 83
465 16 64 200 75
466 16 8 200 54
467 4 64 100 67
468 4 16 100 92
469 4 64 100 70
470 4 64 200 30
471 32 128 1000 74
472 16 128 200 32
473 32 8 100 37
474 16 128 500 76
475 32 64 200 80
476 64 16 200 58
477 64 64 200 72
478 32 128 2000 58
479 4 16 100 35
480 64 16 500 68
481 64 16 500 93
482 16 16 2000 56
483 4 16 1000 94
484 32 8 2000 89
485 64 64 100 57
486 32 128 500 38
487 16 16 200 69
488 32 64 2000 85
489 32 64 2000 62
490 32 128 100 44
491 16 8 100 56
492 64 8 100 89
493 64 16 200 32
494 16 8 200 85
495 16 8 1000 63
496 16 8 2000 36
497 4 64 2000 68
498 32 16 200 86
499 4 16 500 50
500 16 128 100 41
501 4 64 100 80
502 16 128 500 60
503 64 64 100 55
504 16 64 2000 86
505 64 128 500 91
506 32 16 2000 87
507 64 8 1000 64
508 32 128 200 73
509 32 128 100 68
510 16 64 1000 100
511 64 16 1000 89
512 4 16 2000 67
513 32 64 100 79
514 4 64 100 60
515 4 128 500 63
516 32 16 100 61
517 4 128 500 93
518 4 8 1000 34
519 64 64 200 30
520 16 128 500 54
521 32 64 200 82
522 16 64 100 98
523 16 16 2000 34
524 4 128 1000 92
525 32 128 1000 47
526 16 64 200 39
527 16 64 500 96
528 64 8 2000 62
529 4 16 1000 75
530 16 128 100 35
531 64 16 500 95
532 32 8 1000 100
533 4 128 200 38
534 4 128 2000 95
535 32 16 2000 98
536 32 128 2000 96
537 32 8 1000 69
538 32 64 500 30
539 32 64 2000 82
540 4 16 500 77
541 32 8 200 53
542 32 64 100 54
543 64 128 2000 53
544 4 16 2000 76
545 32 16 1000 82
546 4 16 500 48
547 32 16 200 63
548 16 128 1000 37
549 64 64 2000 46
550 16 128 200 32
551 16 16 500 96
552 64 16 100 87
553 16 8 100 58
554 4 16 500 60
555 32 16 1000 67
556 32 16 500 54
557 4 64 1000 80
558 4 16 100 36
559 32 64 2000 82
560 16 64 2000 57
561 64 16 2000 46
562 32 128 100 76
563 16 16 1000 77
564 64 16 200 93
565 32 128 200 97
566 4 16 200 51
567 32 16 1000 83
568 16 128 500 33
569 4 128 1000 63
570 32 8 1000 55
571 64 16 500 40
572 16 128 2000 100
573 64 8 2000 59
574 16 16 2000 69
575 4 16 2000 30
576 16 128 2000 91
577 64 8 100 93
578 32 64 1000 54
579 4 128 200 100
580 32 128 1000 71
581 16 64 100 84
582 16 16 100 95
583 64 64 200 65
584 4 128 500 53
585 4 128 100 51
586 16 128 1000 39
587 64 8 500 62
588 16 8 100 37
589 16 64 200 77
590 32 16 200 75
591 64 128 500 71
592 32 16 500 64
593 16 8 100 40
594 4 16 100 73
595 16 16 200 61
596 4 16 500 44
597 16 128 200 70
598 64 8 2000 83
599 16 128 1000 82
600 64 16 2000 33
601 16 16 100 63
602 64 64 2000 62
603 32 8 200 38
604 32 64 500 35
605 16 128 2000 82
606 16 16 2000 47
607 4 64 1000 38
608 4 64 200 46
609 32 128 1000 46
610 16 16 1000 77
611 32 8 100 45
612 32 8 500 69
613 64 16 200 42
614 32 64 2000 30
615 32 64 2000 64
616 16 16 500 69
617 32 16 200 97
618 4 64 100 55
619 64 128 1000 80
620 16 128 200 80
621 32 128 100 71
622 32 64 1000 78
623 4 64 200 51
624 16 16 2000 41
625 16 128 2000 44
626 32 64 1000 42
627 64 8 200 53
628 16 8 2000 33
629 4 128 1000 46
630 32 8 200 37
631 4 64 500 47
632 4 64 2000 81
633 64 8 100 40
634 32 8 100 91
635 32 128 2000 52
636 4 128 500 96
637 4 16 500 57
638 32 64 500 100
639 16 16 100 95
640 64 8 1000 68
641 16 8 200 90
642 64 128 200 50
643 16 16 2000 87
644 64 128 200 63
645 4 64 200 32
646 64 16 1000 89
647 4 128 200 34
648 64 16 100 100
649 4 64 200 69
650 16 16 1000 62
651 32 64 200 100
652 32 8 1000 30
653 4 16 100 44
654 32 8 100 50
655 32 64 100 36
656 4 16 2000 100
657 32 8 500 61
658 64 64 500 42
659 64 128 2000 100
660 4 128 1000 41
661 32 128 100 40
662 64 64 500 41
663 4 8 1000 85
664 64 16 100 31
665 16 128 100 66
666 16 16 200 96
667 64 16 100 87
668 32 16 200 64
669 32 8 1000 34
670 64 128 2000 80
671 64 16 2000 100
672 16 16 500 98
673 64 16 1000 74
674 32 16 200 33
675 32 16 2000 37
676 16 64 100 79
677 64 64 2000 41
678 64 16 100 57
679 64 128 2000 93
680 4 16 500 55
681 32 16 200 80
682 4 8 100 99
683 32 16 100 70
684 32 128 100 42
685 4 128 200 70
686 64 64 200 58
687 4 16 100 67
688 32 128 2000 38
689 32 8 500 56
690 16 64 2000 54
691 64 128 100 95
692 16 128 2000 58
693 16 64 100 95
694 4 16 100 48
695 64 8 1000 43
696 32 64 500 100
697 32 64 500 41
698 32 64 100 81
699 32 8 2000 90
700 4 16 200 32
701 16 64 200 56
702 32 128 200 68
703 32 16 200 35
704 16 8 200 67
705 16 64 500 62
706 64 64 200 35
707 16 16 1000 76
708 16 64 2000 76
709 64 128 1000 37
710 64 64 1000 83
711 64 64 1000 85
712 32 16 2000 45
713 32 64 500 77
714 64 16 1000 33
715 64 8 200 59
716 16 64 1000 88
717 4 8 200 76
718 32 8 1000 97
719 16 64 100 54
720 16 8 2000 50
721 16 64 500 45
722 16 8 2000 67
723 32 128 100 77
724 32 8 200 42
725 32 64 200 47
726 64 16 1000 69
727 16 128 200 49
728 4 64 500 97
729 64 64 200 71
730 32 8 500 74
731 64 8 1000 33
732 32 64 1000 55
343
1 3 49 70
1 173 23 35
2 284 44 89
3 525 48 42
4 476 10 43
4 153 15 76
5 311 36 92
7 129 16 97
9 559 31 53
13 232 37 96
14 726 17 68
14 295 44 36
17 409 13 99
19 98 34 94
20 178 43 57
24 368 38 34
24 379 30 77
24 575 27 41
25 51 31 53
25 623 16 58
29 202 20 44
31 464 12 88
31 507 24 32
32 659 46 82
34 615 11 34
34 154 24 33
34 163 25 70
35 374 31 54
36 82 36 95
36 70 48 91
37 733 26 48
37 202 19 99
38 310 48 69
42 201 30 66
44 655 49 87
47 689 13 58
47 410 12 81
49 448 36 62
49 437 13 74
50 724 29 80
52 635 20 61
53 622 12 49
54 600 29 71
56 647 24 70
57 71 16 85
57 575 42 52
58 243 22 60
59 281 15 41
60 425 17 39
60 600 34 51
60 729 50 34
60 544 48 86
61 517 13 69
61 139 24 78
62 455 29 89
62 602 41 90
63 204 42 35
65 89 32 52
65 530 29 92
68 300 35 63
69 331 42 30
70 347 46 78
72 304 46 88
72 577 19 69
72 107 17 38
73 598 15 80
75 165 10 46
79 197 34 90
80 513 13 48
80 394 39 57
80 461 46 61
80 435 25 96
82 150 35 64
84 398 12 94
84 203 42 48
85 669 15 70
86 445 31 49
87 270 21 53
89 155 23 83
91 588 32 86
93 295 26 52
93 571 29 73
95 218 32 55
98 170 10 57
101 551 38 44
102 321 44 90
102 369 25 53
104 370 31 55
106 512 46 49
106 120 24 41
106 300 16 51
106 223 16 55
109 500 34 37
109 355 47 88
110 161 31 33
111 279 30 81
115 713 41 80
117 155 37 39
118 165 39 90
119 324 40 76
122 178 17 40
122 217 49 57
123 379 11 79
123 137 38 71
123 668 45 65
125 493 47 58
125 460 37 88
125 601 17 41
128 380 29 45
129 411 46 83
130 576 35 50
130 283 13 95
130 403 44 62
133 382 33 53
134 462 43 99
135 651 44 96
139 182 20 62
140 422 42 32
141 495 14 53
141 678 15 53
141 156 28 93
147 261 44 32
147 726 15 99
150 600 43 61
150 227 40 65
153 294 38 66
155 223 43 40
155 415 41 93
155 601 38 47
155 273 45 52
156 680 14 34
157 550 37 68
158 433 26 67
162 532 12 81
166 574 15 60
166 447 47 47
166 195 40 73
169 576 48 41
169 643 15 74
169 422 29 53
175 377 39 60
177 645 45 45
182 534 47 90
182 392 30 81
185 277 24 63
186 272 48 97
189 457 42 55
190 382 30 35
191 320 42 84
193 336 36 51
195 703 36 62
197 296 12 51
198 607 39 69
198 688 39 77
199 287 21 54
199 728 10 31
199 492 19 96
203 271 46 94
205 729 44 71
206 694 28 75
209 267 12 74
210 630 37 53
212 358 26 45
213 645 31 68
214 539 20 31
215 683 17 60
219 564 40 55
220 352 50 98
221 566 43 91
221 249 25 91
222 594 21 100
226 723 10 86
228 423 34 63
229 406 31 50
230 427 48 86
231 297 28 56
232 623 38 44
236 308 33 41
237 693 26 55
240 294 13 87
240 280 50 81
241 626 30 98
243 294 14 47
244 378 23 89
245 400 45 79
246 444 33 47
257 616 27 55
258 685 18 48
259 284 12 96
260 653 29 68
261 539 25 69
262 416 10 62
262 367 16 38
262 353 29 78
263 602 20 63
263 552 26 50
264 683 43 94
265 464 10 63
266 445 37 65
268 534 42 80
273 536 13 92
274 713 48 87
274 475 11 40
276 485 10 65
277 391 30 60
282 348 23 50
283 576 41 41
283 659 34 99
284 722 24 83
286 306 44 36
287 305 35 40
288 331 27 54
289 354 41 99
291 498 19 31
293 516 38 38
293 694 25 94
300 557 20 38
300 490 22 69
301 516 49 32
302 361 42 62
306 405 47 48
306 664 15 33
311 544 11 30
312 678 34 53
314 503 49 89
314 444 28 75
315 727 19 35
317 357 24 61
318 499 16 35
320 499 46 44
321 403 20 75
323 562 41 68
325 593 46 33
327 348 29 45
330 355 18 100
330 481 21 82
330 521 21 68
331 469 27 90
337 670 14 35
338 723 47 66
340 440 22 67
341 578 49 100
343 687 41 82
348 454 12 66
348 509 41 57
353 515 47 72
353 482 21 66
357 587 18 40
358 416 22 81
368 411 38 84
368 519 49 35
368 417 12 74
370 730 14 33
372 686 37 50
374 719 48 33
375 486 17 48
378 388 19 89
378 389 36 67
378 727 43 56
380 555 13 61
381 673 40 39
382 503 29 43
384 400 43 67
386 410 48 60
386 469 31 33
388 389 45 35
393 699 34 35
395 721 23 76
396 592 33 63
397 623 34 59
404 572 45 82
404 441 17 43
404 705 26 76
406 624 42 83
407 708 18 76
410 411 32 34
413 467 11 54
417 419 17 35
424 719 26 38
431 567 45 34
431 449 25 71
434 649 29 64
434 508 22 38
440 586 10 67
443 483 39 96
445 638 11 84
447 587 11 94
449 628 10 87
450 587 32 47
450 465 43 76
454 579 45 77
455 669 15 42
464 478 40 93
465 679 35 33
466 691 40 100
469 715 42 73
472 708 37 54
473 529 28 63
478 585 33 98
480 548 21 58
482 705 27 95
484 684 18 100
484 523 12 99
484 591 36 48
485 697 41 56
492 586 13 67
492 541 29 33
492 730 47 99
500 603 27 63
502 662 49 72
504 731 18 32
506 530 11 89
508 570 17 52
509 715 32 70
509 550 33 95
514 692 41 99
514 538 36 48
516 727 25 94
518 733 44 82
521 620 44 86
523 567 49 41
530 668 34 100
531 681 18 95
541 704 15 56
549 651 14 68
565 703 26 52
576 680 19 89
577 678 49 32
578 606 32 52
579 662 24 81
598 703 40 33
602 724 33 85
608 706 15 62
612 637 21 81
652 668 25 78
657 673 38 97
669 672 18 89
679 699 31 65
688 701 13 59
691 715 28 85
692 715 36 60
703 731 26 38
720 726 19 71