426
0 4 16 2000 61
1 32 64 200 77
2 16 128 1000 89
3 32 64 2000 37
4 32 16 100 67
5 64 64 100 99
6 32 8 100 68
7 4 16 500 60
8 32 64 1000 40
9 32 128 2000 91
10 64 16 100 37
11 16 128 100 51
12 4 128 500 100
13 64 16 200 32
14 64 128 200 100
15 32 128 1000 60
16 4 128 100 37
17 32 8 1000 47
18 16 128 2000 51
19 32 128 500 64
20 4 16 2000 37
21 16 128 2000 55
22 64 128 500 97
23 64 64 2000 91
24 16 8 1000 57
25 16 8 500 40
26 64 64 2000 61
27 16 128 2000 30
28 64 8 200 70
29 32 64 100 57
30 32 128 500 70
31 64 16 100 50
32 16 16 500 74
33 16 128 2000 52
34 16 8 2000 99
35 32 16 500 63
36 64 16 1000 40
37 16 64 500 52
38 64 64 2000 34
39 64 128 1000 99
40 4 8 100 55
41 32 8 100 85
42 32 128 200 63
43 64 128 500 100
44 4 64 1000 99
45 16 128 500 56
46 32 128 1000 84
47 16 128 1000 40
48 32 8 1000 59
49 4 16 200 85
50 16 64 200 77
51 64 128 100 58
52 32 128 2000 32
53 16 16 2000 39
54 64 64 100 33
55 4 128 2000 63
56 64 8 100 58
57 4 8 2000 34
58 64 8 100 39
59 4 64 500 80
60 32 64 500 67
61 32 64 500 80
62 16 64 1000 52
63 64 8 1000 98
64 64 64 100 98
65 32 8 2000 73
66 32 128 200 61
67 16 64 100 82
68 64 128 1000 96
69 64 128 500 63
70 16 16 1000 96
71 64 128 500 94
72 64 8 200 89
73 16 16 1000 68
74 4 8 200 42
75 64 64 500 51
76 16 8 200 58
77 64 64 200 39
78 16 8 200 32
79 16 8 100 71
80 32 128 100 30
81 32 64 1000 88
82 16 128 100 77
83 16 16 1000 51
84 64 64 2000 94
85 64 16 200 73
86 16 16 500 39
87 32 128 200 72
88 16 64 1000 49
89 32 16 500 35
90 4 16 2000 93
91 64 64 2000 51
92 4 16 100 94
93 64 16 200 99
94 4 64 100 43
95 32 8 500 82
96 4 8 1000 42
97 64 16 100 73
98 4 128 2000 61
99 4 8 100 37
100 64 128 100 94
101 32 8 1000 58
102 16 64 500 32
103 4 64 1000 58
104 64 8 500 100
105 64 16 200 43
106 16 16 2000 72
107 64 8 1000 54
108 4 128 500 89
109 16 16 100 65
110 4 16 200 85
111 64 128 500 59
112 32 16 1000 92
113 16 128 2000 36
114 16 128 500 79
115 32 128 100 76
116 32 8 500 65
117 16 128 2000 37
118 64 16 2000 85
119 32 16 200 82
120 64 64 2000 38
121 16 64 500 34
122 32 16 200 72
123 4 128 200 54
124 16 8 100 94
125 4 8 200 57
126 64 64 500 94
127 16 64 200 49
128 32 64 100 53
129 16 128 100 53
130 32 16 200 52
131 16 64 2000 71
132 32 64 100 94
133 4 8 200 74
134 16 8 500 65
135 16 64 100 81
136 4 16 500 88
137 4 8 200 38
138 64 64 500 86
139 32 64 500 74
140 32 8 1000 69
141 64 8 1000 42
142 16 16 100 91
143 4 8 200 36
144 4 8 2000 54
145 64 16 2000 36
146 32 8 500 45
147 32 16 100 60
148 4 8 1000 70
149 64 64 200 89
150 4 64 100 48
151 4 8 200 62
152 16 8 1000 51
153 16 64 200 76
154 4 16 200 89
155 4 128 500 68
156 32 64 1000 83
157 4 16 100 48
158 32 64 2000 59
159 64 8 200 55
160 32 8 2000 98
161 32 16 1000 86
162 64 8 1000 40
163 64 64 100 80
164 16 128 2000 48
165 64 128 200 93
166 64 16 2000 37
167 16 16 200 86
168 4 16 2000 52
169 4 64 200 46
170 32 16 2000 57
171 32 8 500 48
172 32 8 200 55
173 64 64 2000 58
174 64 128 1000 50
175 16 8 200 32
176 4 8 2000 49
177 16 64 1000 60
178 16 128 500 59
179 64 128 200 59
180 4 64 1000 89
181 4 128 2000 52
182 16 16 100 35
183 16 16 500 40
184 16 128 200 33
185 16 16 100 54
186 64 16 1000 57
187 64 16 500 77
188 4 16 2000 31
189 32 128 200 56
190 32 8 200 55
191 16 16 500 61
192 64 128 100 97
193 4 128 500 62
194 64 64 100 51
195 16 16 1000 69
196 64 128 2000 32
197 64 16 200 96
198 16 8 100 69
199 32 8 500 87
200 16 64 2000 56
201 32 128 200 48
202 16 64 1000 70
203 16 64 100 87
204 32 128 200 97
205 4 64 200 91
206 32 8 200 40
207 16 128 1000 81
208 16 64 500 94
209 64 128 500 43
210 16 8 1000 91
211 16 8 2000 83
212 32 8 2000 56
213 32 64 100 50
214 64 128 200 61
215 16 8 500 95
216 16 128 200 60
217 4 64 500 39
218 4 64 1000 67
219 32 64 2000 99
220 16 64 500 50
221 64 16 500 36
222 4 128 500 83
223 16 128 100 44
224 4 8 100 68
225 16 16 100 67
226 4 64 100 93
227 64 16 100 37
228 16 16 2000 86
229 4 128 500 59
230 64 128 2000 87
231 4 8 2000 44
232 64 128 1000 87
233 16 16 2000 93
234 32 128 2000 50
235 16 16 100 91
236 64 16 500 66
237 64 128 200 68
238 64 128 200 63
239 32 16 200 37
240 64 8 1000 35
241 64 64 2000 69
242 4 128 100 58
243 64 128 1000 93
244 64 64 200 83
245 32 128 2000 83
246 32 128 200 84
247 32 128 200 46
248 32 16 200 74
249 64 16 2000 34
250 64 128 200 91
251 64 16 500 79
252 64 16 1000 45
253 4 128 1000 44
254 64 16 1000 95
255 32 128 200 63
256 32 16 2000 98
257 16 8 2000 38
258 16 16 1000 100
259 16 64 200 49
260 16 16 1000 92
261 16 128 1000 95
262 32 64 200 72
263 16 64 100 79
264 16 16 2000 87
265 32 16 200 37
266 4 16 2000 58
267 4 8 500 83
268 4 16 200 71
269 64 128 2000 89
270 32 8 1000 71
271 4 128 200 31
272 32 16 1000 38
273 32 64 2000 67
274 32 128 100 91
275 64 128 100 37
276 4 16 1000 43
277 32 128 100 37
278 16 8 2000 65
279 4 8 100 30
280 32 16 500 42
281 64 16 100 69
282 32 8 100 30
283 64 64 1000 91
284 64 16 2000 37
285 16 64 2000 47
286 4 64 2000 35
287 32 64 2000 84
288 64 8 200 100
289 4 64 1000 47
290 4 16 100 56
291 4 64 2000 40
292 32 8 100 70
293 32 128 1000 51
294 32 16 100 89
295 4 128 1000 49
296 64 64 1000 70
297 16 128 100 40
298 4 64 200 77
299 32 16 500 60
300 32 128 500 95
301 32 8 100 94
302 16 8 100 62
303 64 128 200 39
304 16 64 2000 57
305 32 64 200 55
306 64 8 200 99
307 32 128 100 98
308 32 128 2000 82
309 4 128 200 58
310 4 128 200 64
311 16 64 1000 65
312 4 128 200 88
313 16 16 1000 39
314 64 64 500 89
315 4 16 100 34
316 64 8 2000 75
317 32 64 100 100
318 4 128 100 76
319 32 128 200 67
320 32 8 500 54
321 4 64 200 63
322 16 128 1000 63
323 32 16 200 37
324 64 64 500 32
325 4 64 200 58
326 16 128 200 95
327 4 16 100 80
328 64 128 100 53
329 32 64 100 79
330 4 128 500 56
331 32 8 500 95
332 32 128 1000 45
333 64 128 2000 33
334 64 128 2000 33
335 64 8 1000 71
336 64 128 500 63
337 16 64 2000 31
338 32 64 2000 79
339 16 8 500 38
340 16 8 2000 82
341 64 16 2000 45
342 32 8 200 52
343 64 8 500 52
344 16 128 1000 44
345 64 8 500 41
346 32 16 1000 76
347 64 8 200 51
348 16 16 200 66
349 16 128 100 49
350 16 128 100 60
351 4 64 100 61
352 4 16 100 54
353 64 128 1000 50
354 16 16 100 32
355 4 8 200 30
356 16 64 1000 38
357 4 128 200 34
358 16 128 500 39
359 32 128 500 66
360 32 8 500 47
361 32 128 1000 66
362 32 8 200 99
363 16 16 200 63
364 64 128 200 52
365 16 8 100 63
366 4 16 1000 42
367 4 8 200 80
368 32 16 200 89
369 4 128 100 98
370 64 128 500 92
371 64 16 2000 91
372 64 64 2000 51
373 4 8 200 61
374 16 128 500 65
375 16 128 100 61
376 4 64 2000 97
377 16 8 200 39
378 64 64 2000 90
379 32 64 200 57
380 64 16 2000 65
381 4 8 200 67
382 4 16 100 30
383 32 128 500 68
384 64 16 100 34
385 64 128 100 44
386 16 128 2000 42
387 64 8 200 88
388 64 64 500 40
389 16 128 2000 88
390 4 16 200 34
391 4 128 500 72
392 16 8 200 89
393 32 64 2000 74
394 4 16 2000 87
395 64 8 100 48
396 16 64 2000 30
397 16 128 2000 54
398 64 128 200 75
399 16 8 100 60
400 32 128 1000 40
401 64 8 100 68
402 32 64 2000 62
403 4 16 100 52
404 64 64 100 35
405 64 64 1000 84
406 16 64 1000 97
407 16 16 100 36
408 64 8 200 80
409 4 8 200 72
410 16 8 2000 52
411 32 8 1000 98
412 32 8 1000 87
413 32 64 200 66
414 64 8 2000 41
415 32 16 500 75
416 32 128 100 95
417 64 64 100 43
418 32 128 100 57
419 16 16 200 88
420 4 64 500 50
421 32 16 100 48
422 4 64 100 71
423 64 128 500 42
424 16 16 500 69
425 4 128 500 87
35
1 244 29 92
3 420 32 58
10 75 40 93
14 349 47 48
21 246 33 71
29 399 12 87
30 50 12 55
30 336 42 52
35 399 44 39
41 331 44 63
42 202 45 85
54 314 48 84
55 231 31 35
64 79 46 40
69 420 14 32
74 107 50 79
96 407 46 46
146 321 11 41
148 266 22 40
150 400 20 58
178 191 50 31
182 385 18 72
193 309 11 52
200 415 44 77
206 395 21 57
222 308 47 57
225 325 29 43
255 367 44 61
277 426 50 62
297 349 41 35
307 424 29 100
320 377 36 32
322 337 49 80
378 399 50 69
382 425 40 59