918
0 8 128 800 147
1 8 32 800 98
2 8 32 400 181
3 8 320 400 127
4 32 32 1000 155
5 32 320 400 143
6 32 32 1000 116
7 32 320 5000 112
8 8 128 800 140
9 32 128 2000 160
10 8 320 800 156
11 8 320 1000 142
12 32 128 1000 102
13 32 320 5000 186
14 8 128 400 123
15 32 128 5000 139
16 32 32 2000 198
17 32 32 800 113
18 8 128 800 153
19 32 320 800 106
20 8 128 2000 110
21 32 128 1000 114
22 32 128 1000 110
23 8 128 5000 115
24 8 128 1000 108
25 32 128 1000 159
26 8 320 1000 126
27 8 128 2000 146
28 32 32 5000 134
29 8 32 2000 187
30 8 32 2000 144
31 8 32 1000 139
32 32 320 400 98
33 8 128 800 125
34 8 320 400 184
35 32 32 800 101
36 32 128 400 194
37 32 128 400 148
38 8 128 2000 130
39 8 32 400 153
40 32 320 800 118
41 32 128 1000 194
42 8 128 2000 186
43 32 128 400 175
44 32 128 2000 127
45 8 320 800 175
46 32 128 400 170
47 32 32 2000 93
48 8 32 1000 133
49 32 320 2000 148
50 32 32 2000 98
51 8 32 5000 169
52 8 128 1000 142
53 8 320 400 140
54 32 128 800 158
55 8 32 1000 183
56 8 320 1000 90
57 8 320 1000 96
58 32 128 2000 193
59 8 320 800 95
60 8 32 1000 100
61 8 320 5000 108
62 8 32 1000 146
63 8 32 1000 174
64 32 128 5000 112
65 32 128 800 124
66 32 320 800 144
67 32 32 5000 110
68 8 32 800 114
69 32 32 5000 105
70 8 320 800 173
71 8 32 5000 177
72 8 320 5000 137
73 8 32 800 137
74 8 32 400 190
75 8 32 400 123
76 8 32 5000 113
77 8 32 2000 111
78 8 320 400 160
79 32 32 5000 117
80 8 320 400 191
81 32 320 2000 91
82 32 320 2000 140
83 8 32 1000 116
84 8 128 1000 126
85 32 128 1000 142
86 32 128 1000 181
87 32 32 1000 108
88 32 320 400 153
89 32 128 5000 140
90 32 128 5000 166
91 32 320 2000 116
92 8 320 2000 124
93 32 128 5000 175
94 8 128 400 101
95 32 320 800 198
96 32 128 2000 153
97 32 320 800 188
98 8 320 1000 178
99 32 32 800 110
100 8 320 400 159
101 32 320 400 199
102 8 128 2000 170
103 8 320 1000 122
104 8 32 400 161
105 8 320 400 111
106 32 320 1000 92
107 8 320 800 146
108 8 128 5000 130
109 32 128 5000 197
110 8 128 800 128
111 32 128 5000 137
112 32 128 2000 107
113 32 128 800 146
114 32 32 400 153
115 8 320 1000 149
116 32 32 2000 129
117 32 128 400 165
118 32 320 5000 129
119 32 128 800 139
120 32 128 2000 140
121 8 320 400 163
122 8 128 1000 199
123 8 320 2000 135
124 8 128 800 187
125 32 320 400 157
126 8 128 1000 158
127 8 128 1000 135
128 8 320 2000 140
129 32 128 400 113
130 8 128 2000 122
131 8 128 1000 123
132 32 32 800 97
133 32 320 800 156
134 32 320 2000 140
135 8 128 1000 110
136 32 128 1000 140
137 8 32 5000 106
138 8 32 1000 134
139 8 32 400 192
140 32 32 5000 195
141 8 32 5000 90
142 8 32 400 113
143 32 128 2000 99
144 32 128 5000 111
145 8 32 400 153
146 32 128 5000 101
147 8 320 400 154
148 32 32 1000 125
149 32 128 1000 158
150 8 320 400 149
151 8 128 1000 98
152 32 320 400 133
153 32 320 2000 127
154 32 32 1000 149
155 32 32 5000 143
156 8 320 5000 144
157 8 128 800 195
158 32 32 1000 196
159 32 320 800 123
160 8 320 400 120
161 8 320 400 186
162 32 128 2000 111
163 32 32 2000 119
164 8 320 1000 125
165 32 320 2000 171
166 8 32 5000 140
167 32 32 400 180
168 32 32 1000 105
169 32 32 800 148
170 8 32 400 184
171 32 32 400 119
172 32 128 400 134
173 8 128 5000 186
174 32 128 800 172
175 8 128 800 175
176 8 128 800 140
177 8 32 800 119
178 32 320 800 91
179 32 320 800 127
180 8 32 800 169
181 8 320 800 191
182 8 128 2000 127
183 8 128 800 93
184 8 128 5000 161
185 8 32 2000 154
186 32 128 5000 154
187 32 320 1000 188
188 8 32 5000 142
189 32 32 5000 158
190 8 32 1000 95
191 8 32 1000 124
192 8 32 1000 97
193 8 128 1000 116
194 32 32 400 103
195 8 320 1000 164
196 8 128 1000 198
197 32 128 2000 172
198 32 32 1000 159
199 32 128 5000 193
200 8 320 400 200
201 32 32 1000 148
202 8 32 400 134
203 8 128 2000 159
204 8 320 2000 150
205 8 32 5000 129
206 8 128 400 114
207 32 32 5000 199
208 32 32 2000 97
209 8 128 2000 95
210 32 32 800 130
211 32 128 800 180
212 32 32 400 135
213 32 320 5000 162
214 8 32 800 171
215 8 32 1000 160
216 8 320 400 94
217 8 320 400 152
218 32 320 800 165
219 8 320 5000 174
220 32 320 2000 114
221 8 32 5000 193
222 32 32 2000 136
223 8 32 800 136
224 8 128 5000 155
225 8 320 400 159
226 8 128 400 94
227 32 320 400 197
228 32 320 800 151
229 32 32 400 200
230 8 128 1000 130
231 8 32 400 132
232 8 320 800 197
233 8 128 400 152
234 32 32 1000 106
235 32 32 800 130
236 32 320 5000 133
237 32 320 800 175
238 32 32 1000 104
239 8 128 2000 184
240 32 128 5000 102
241 32 128 5000 100
242 8 320 400 158
243 8 320 1000 104
244 8 128 1000 198
245 8 32 800 163
246 8 128 2000 164
247 32 320 2000 92
248 8 320 400 101
249 32 320 400 142
250 8 32 2000 133
251 8 32 2000 91
252 32 320 400 189
253 8 128 1000 173
254 32 32 5000 191
255 8 320 400 175
256 32 320 1000 103
257 8 128 1000 143
258 32 32 5000 104
259 32 128 2000 171
260 32 320 5000 96
261 8 320 400 103
262 32 32 800 117
263 8 128 1000 126
264 32 320 800 150
265 8 32 5000 92
266 8 32 5000 120
267 8 320 2000 193
268 32 320 800 194
269 32 320 800 155
270 8 320 2000 106
271 32 128 400 113
272 8 128 400 99
273 8 128 1000 122
274 8 128 5000 166
275 32 32 800 119
276 8 320 800 115
277 32 320 800 156
278 32 320 800 144
279 32 128 400 116
280 32 320 800 166
281 32 320 800 139
282 8 320 800 107
283 8 128 1000 111
284 32 128 1000 95
285 8 128 2000 185
286 32 320 5000 160
287 8 128 2000 144
288 8 128 400 95
289 32 32 400 146
290 8 320 800 115
291 8 128 5000 167
292 32 32 5000 94
293 8 128 2000 195
294 8 320 800 127
295 32 320 1000 103
296 32 128 5000 103
297 32 320 1000 129
298 8 128 800 167
299 32 320 800 118
300 32 320 400 125
301 32 320 400 139
302 32 320 800 150
303 8 32 800 196
304 8 32 400 103
305 32 32 1000 91
306 8 32 1000 122
307 8 32 400 119
308 32 128 400 144
309 8 128 800 107
310 8 128 2000 153
311 8 320 5000 99
312 32 320 5000 193
313 32 32 2000 105
314 8 320 1000 93
315 32 32 800 172
316 32 32 400 122
317 8 320 5000 113
318 32 32 2000 188
319 32 320 2000 153
320 32 32 800 185
321 32 128 800 193
322 32 128 800 176
323 8 32 1000 112
324 8 128 400 108
325 8 32 400 90
326 32 32 5000 125
327 32 128 400 93
328 32 128 400 138
329 32 320 5000 94
330 8 32 800 155
331 32 320 1000 182
332 32 128 1000 197
333 8 128 5000 178
334 8 128 800 172
335 8 32 5000 172
336 8 32 2000 120
337 8 320 5000 178
338 8 128 2000 187
339 32 320 1000 116
340 32 320 5000 115
341 32 128 800 200
342 8 128 400 176
343 32 128 800 144
344 8 128 800 100
345 8 320 2000 112
346 8 32 2000 134
347 32 32 800 159
348 8 128 400 92
349 32 32 2000 144
350 32 128 800 195
351 8 32 1000 167
352 32 32 5000 167
353 32 32 400 140
354 8 128 5000 180
355 32 32 800 155
356 32 320 400 140
357 8 32 2000 145
358 32 32 2000 156
359 32 128 800 98
360 8 32 2000 106
361 32 32 5000 123
362 8 128 800 130
363 32 32 1000 91
364 32 32 800 123
365 32 128 400 133
366 8 320 400 107
367 32 320 400 199
368 32 128 2000 107
369 8 128 400 142
370 8 320 400 169
371 32 32 5000 115
372 8 320 1000 189
373 8 128 800 153
374 32 320 2000 140
375 8 128 800 162
376 32 128 400 158
377 8 128 400 142
378 8 128 5000 97
379 32 128 2000 90
380 8 32 2000 118
381 8 128 800 169
382 32 32 800 168
383 8 128 400 93
384 32 320 400 112
385 32 128 400 167
386 32 32 1000 135
387 8 32 2000 121
388 32 32 400 124
389 32 32 800 175
390 32 128 2000 196
391 32 32 5000 123
392 8 320 1000 105
393 8 320 1000 157
394 8 32 5000 114
395 32 32 2000 162
396 8 32 400 106
397 32 320 800 140
398 32 32 1000 185
399 32 320 400 97
400 8 32 400 96
401 32 32 400 199
402 8 32 2000 108
403 32 32 2000 120
404 8 128 800 116
405 32 128 5000 129
406 32 32 400 189
407 8 32 400 194
408 32 32 400 121
409 32 320 2000 143
410 8 320 800 169
411 8 320 5000 154
412 8 32 400 139
413 32 320 1000 177
414 32 32 400 160
415 8 128 400 105
416 32 128 800 198
417 32 128 5000 96
418 8 128 800 135
419 32 32 5000 175
420 8 32 5000 153
421 8 32 2000 148
422 8 320 2000 161
423 32 128 400 96
424 8 320 400 172
425 32 128 5000 151
426 32 32 2000 117
427 32 128 5000 164
428 32 320 5000 179
429 8 320 800 110
430 32 32 5000 137
431 8 320 800 90
432 8 128 2000 97
433 32 320 1000 167
434 8 320 1000 132
435 8 320 1000 118
436 32 320 5000 158
437 8 320 2000 117
438 8 128 2000 173
439 32 32 5000 197
440 8 320 5000 103
441 8 320 800 93
442 8 128 2000 98
443 32 128 1000 129
444 32 32 2000 186
445 32 32 5000 111
446 32 128 2000 143
447 32 128 1000 183
448 8 128 1000 100
449 32 128 800 93
450 32 128 1000 118
451 8 32 800 130
452 32 32 2000 185
453 8 32 2000 181
454 8 128 800 147
455 32 32 800 96
456 32 128 800 183
457 32 32 1000 180
458 8 128 5000 118
459 32 320 400 94
460 8 320 1000 95
461 8 32 1000 195
462 8 128 5000 141
463 32 32 800 113
464 8 320 5000 130
465 8 128 5000 109
466 8 32 5000 100
467 32 320 2000 168
468 8 32 800 188
469 8 32 2000 121
470 32 320 1000 175
471 8 320 400 140
472 8 32 1000 196
473 8 320 400 197
474 32 320 5000 195
475 32 320 5000 106
476 32 32 1000 174
477 8 128 1000 114
478 8 128 800 146
479 32 128 400 166
480 8 128 400 199
481 32 32 5000 151
482 8 32 5000 114
483 32 320 400 158
484 32 32 2000 124
485 8 128 5000 90
486 32 32 1000 95
487 32 320 2000 121
488 8 32 800 104
489 32 320 400 158
490 8 128 800 181
491 8 32 400 176
492 32 32 1000 123
493 32 320 800 164
494 8 128 800 158
495 32 32 1000 97
496 8 320 400 128
497 8 128 2000 171
498 32 128 5000 190
499 32 128 2000 149
500 32 128 400 187
501 8 32 5000 184
502 8 128 800 161
503 32 128 5000 197
504 32 128 2000 130
505 32 320 400 112
506 8 320 400 191
507 8 32 800 192
508 8 128 800 117
509 8 320 2000 102
510 8 320 5000 191
511 32 128 800 164
512 8 128 800 124
513 32 320 800 129
514 8 320 800 148
515 32 32 800 181
516 8 320 400 168
517 32 320 400 92
518 8 128 1000 105
519 8 32 1000 165
520 32 32 5000 165
521 8 128 800 135
522 32 32 5000 150
523 8 320 2000 158
524 8 320 1000 188
525 32 32 1000 163
526 32 32 1000 197
527 32 32 1000 101
528 32 32 1000 133
529 8 128 2000 117
530 8 32 800 193
531 32 320 2000 141
532 8 128 400 124
533 8 128 800 167
534 32 32 2000 167
535 32 32 2000 164
536 32 32 400 141
537 32 128 5000 113
538 8 320 2000 199
539 32 32 800 107
540 8 128 800 183
541 32 128 1000 132
542 8 128 1000 150
543 8 320 400 127
544 32 320 400 146
545 32 32 1000 110
546 32 128 5000 171
547 32 128 1000 133
548 8 32 5000 194
549 32 32 400 163
550 8 32 800 182
551 8 320 2000 145
552 32 128 2000 145
553 32 128 5000 182
554 8 32 800 143
555 32 128 800 122
556 8 128 2000 186
557 32 32 400 193
558 32 32 800 91
559 32 320 5000 111
560 32 128 2000 170
561 32 128 400 154
562 8 320 400 166
563 32 128 400 129
564 32 128 800 156
565 32 320 400 184
566 8 32 1000 197
567 8 32 800 177
568 8 320 400 182
569 32 128 1000 158
570 32 320 5000 128
571 8 128 5000 130
572 8 320 5000 149
573 8 320 800 115
574 8 32 2000 174
575 32 128 5000 197
576 32 320 5000 168
577 32 320 800 152
578 8 32 400 110
579 8 128 1000 133
580 8 320 800 192
581 32 32 2000 177
582 8 32 5000 144
583 8 320 1000 147
584 32 320 2000 196
585 8 128 800 183
586 32 320 1000 122
587 32 32 2000 132
588 32 128 5000 136
589 32 128 800 184
590 32 320 5000 175
591 8 128 400 169
592 8 128 800 96
593 8 128 800 182
594 32 32 1000 143
595 32 320 5000 163
596 8 32 800 116
597 8 320 800 142
598 32 128 800 143
599 32 128 800 167
600 32 128 1000 147
601 8 32 5000 96
602 8 320 1000 162
603 32 320 800 153
604 8 320 2000 171
605 8 128 5000 149
606 8 32 800 105
607 32 320 800 94
608 32 128 800 114
609 8 32 1000 146
610 32 320 800 176
611 32 128 800 151
612 32 320 5000 114
613 8 320 1000 124
614 32 128 800 146
615 8 128 800 151
616 8 128 2000 156
617 32 32 5000 179
618 8 320 400 152
619 8 320 2000 170
620 8 32 5000 156
621 32 128 1000 187
622 32 32 2000 143
623 8 128 400 103
624 32 32 1000 166
625 8 32 1000 118
626 8 320 2000 167
627 8 320 1000 154
628 32 128 400 171
629 8 32 2000 97
630 32 320 1000 118
631 8 320 5000 136
632 32 128 2000 106
633 8 32 800 136
634 32 32 400 96
635 8 320 400 145
636 8 128 400 154
637 32 128 5000 168
638 32 320 400 120
639 32 32 400 99
640 32 32 1000 183
641 8 32 400 196
642 8 320 800 110
643 8 320 400 141
644 32 320 2000 103
645 8 128 400 149
646 32 320 5000 114
647 8 128 400 141
648 8 128 800 199
649 32 128 400 142
650 8 128 2000 181
651 32 320 2000 158
652 8 320 800 136
653 8 32 400 133
654 32 128 800 132
655 32 320 800 112
656 8 128 5000 115
657 32 320 1000 194
658 8 128 1000 166
659 8 32 1000 149
660 8 320 5000 192
661 32 128 800 171
662 32 320 800 146
663 32 32 1000 181
664 32 128 1000 90
665 32 128 800 142
666 8 128 800 163
667 32 320 1000 132
668 32 128 800 160
669 8 32 5000 187
670 32 320 5000 112
671 32 32 5000 156
672 32 32 800 156
673 8 320 800 199
674 8 320 5000 167
675 32 320 1000 162
676 8 320 400 96
677 32 128 400 102
678 32 32 400 187
679 8 128 5000 144
680 8 32 400 164
681 32 32 1000 109
682 32 320 1000 135
683 32 128 5000 183
684 8 320 400 94
685 8 320 800 199
686 32 320 5000 179
687 32 320 800 179
688 32 32 1000 109
689 32 320 1000 137
690 8 320 800 138
691 8 320 5000 96
692 8 128 800 120
693 32 128 2000 95
694 8 320 5000 186
695 8 320 5000 191
696 32 128 400 91
697 8 128 400 150
698 8 128 800 118
699 8 320 800 153
700 8 128 5000 112
701 8 128 400 182
702 8 32 2000 195
703 8 32 2000 198
704 32 32 2000 181
705 8 128 800 119
706 32 128 800 161
707 8 320 5000 157
708 8 128 1000 197
709 32 320 1000 198
710 32 32 400 116
711 8 32 2000 93
712 8 32 5000 158
713 32 128 1000 165
714 32 320 1000 158
715 8 32 400 102
716 8 32 800 197
717 8 32 5000 187
718 8 320 1000 115
719 32 320 1000 188
720 32 32 800 97
721 32 32 400 160
722 8 320 1000 188
723 32 128 400 123
724 32 320 800 152
725 8 320 2000 101
726 8 320 800 134
727 8 320 5000 174
728 8 32 800 140
729 32 320 800 195
730 32 32 5000 90
731 8 320 2000 200
732 32 32 800 113
733 8 128 5000 181
734 8 128 2000 107
735 8 32 5000 118
736 8 32 1000 117
737 8 128 2000 137
738 8 128 5000 163
739 32 320 400 106
740 32 32 5000 155
741 32 320 5000 121
742 8 128 800 107
743 32 128 800 182
744 8 320 800 184
745 32 128 400 178
746 8 128 2000 188
747 32 128 1000 171
748 8 320 1000 117
749 32 320 800 182
750 32 128 1000 143
751 8 32 2000 138
752 8 32 5000 169
753 8 128 1000 154
754 32 320 1000 110
755 8 128 1000 141
756 8 320 400 99
757 32 32 2000 108
758 32 32 2000 186
759 32 320 5000 192
760 32 128 1000 115
761 32 32 800 183
762 32 320 5000 185
763 32 128 400 155
764 32 32 5000 158
765 32 32 400 116
766 32 320 2000 147
767 8 320 800 189
768 32 32 800 114
769 8 320 5000 139
770 8 128 800 93
771 32 320 1000 186
772 8 320 2000 122
773 32 320 2000 118
774 8 320 1000 200
775 32 320 5000 150
776 32 320 5000 145
777 32 128 2000 156
778 32 320 800 98
779 8 128 400 162
780 32 32 5000 101
781 8 320 800 150
782 8 32 2000 120
783 32 320 1000 151
784 8 32 5000 91
785 8 32 400 179
786 8 320 1000 190
787 32 32 800 184
788 8 128 400 190
789 32 128 5000 150
790 32 128 1000 158
791 32 128 400 146
792 32 320 2000 97
793 8 320 2000 176
794 32 320 5000 121
795 32 128 400 167
796 32 32 5000 103
797 8 320 400 155
798 8 320 1000 97
799 32 320 800 101
800 32 128 1000 127
801 8 320 1000 186
802 8 128 800 189
803 32 128 2000 124
804 8 128 1000 122
805 8 320 5000 113
806 8 320 800 95
807 8 32 400 138
808 32 32 1000 179
809 8 128 1000 121
810 8 128 5000 131
811 32 32 5000 152
812 32 320 1000 105
813 8 128 400 157
814 8 32 2000 98
815 8 320 2000 100
816 32 32 1000 161
817 8 128 2000 167
818 8 128 2000 138
819 32 320 400 185
820 8 128 5000 112
821 32 128 2000 92
822 32 320 800 181
823 8 128 400 102
824 32 320 1000 143
825 8 320 2000 178
826 32 128 400 105
827 32 32 400 146
828 8 320 1000 175
829 8 32 400 99
830 32 320 400 163
831 32 128 800 155
832 8 320 1000 153
833 32 128 1000 109
834 8 32 5000 161
835 32 32 1000 138
836 8 128 400 195
837 32 320 5000 143
838 32 128 1000 115
839 32 128 1000 178
840 8 32 5000 97
841 8 128 1000 195
842 8 32 400 190
843 32 32 5000 184
844 8 320 2000 151
845 32 32 1000 109
846 32 128 400 164
847 8 128 800 137
848 8 320 5000 166
849 32 320 400 96
850 32 32 2000 197
851 8 128 2000 168
852 8 320 400 173
853 8 320 800 148
854 8 320 800 134
855 8 320 5000 113
856 8 32 1000 113
857 8 320 1000 165
858 32 32 5000 179
859 8 32 2000 186
860 32 320 400 96
861 32 128 800 187
862 8 128 2000 174
863 8 32 2000 126
864 32 32 2000 92
865 8 32 5000 156
866 32 320 5000 195
867 8 128 2000 113
868 8 128 1000 109
869 8 320 1000 101
870 32 32 1000 101
871 32 128 5000 142
872 8 128 400 199
873 32 320 800 150
874 32 32 800 157
875 8 32 5000 113
876 8 128 400 119
877 8 128 5000 136
878 8 32 2000 163
879 8 128 2000 173
880 32 320 2000 112
881 8 128 2000 177
882 8 128 2000 175
883 8 32 400 102
884 8 320 400 149
885 32 32 1000 140
886 8 320 5000 191
887 32 32 5000 181
888 32 128 2000 123
889 32 128 2000 113
890 32 128 5000 95
891 32 32 1000 176
892 8 128 400 152
893 8 32 1000 156
894 32 128 800 195
895 32 128 800 98
896 8 320 2000 192
897 8 320 2000 189
898 8 128 5000 197
899 8 32 400 157
900 8 32 5000 121
901 32 32 2000 115
902 32 32 1000 162
903 8 320 800 115
904 8 128 1000 187
905 32 128 400 97
906 32 320 1000 101
907 32 32 5000 133
908 8 128 2000 101
909 8 32 2000 151
910 32 320 2000 126
911 32 320 1000 120
912 32 32 2000 165
913 32 128 800 172
914 32 128 5000 193
915 32 32 800 190
916 8 320 400 182
917 8 32 5000 94
377
0 63 62 165
0 755 56 164
1 845 42 185
1 515 70 169
1 173 70 132
3 583 55 147
3 393 65 154
3 399 68 136
8 536 65 181
9 23 48 163
10 590 49 142
14 529 56 200
17 699 46 193
18 72 47 190
18 172 59 162
19 398 69 110
25 302 60 122
28 546 59 92
29 119 56 187
29 568 65 99
31 541 60 149
31 485 61 151
32 264 56 112
32 330 44 143
35 344 46 106
36 510 45 116
37 560 55 100
37 682 54 166
38 655 65 189
38 64 53 195
39 263 61 154
41 115 46 197
44 911 61 98
44 791 48 197
47 662 40 138
47 129 50 151
48 426 48 186
48 457 49 117
49 196 49 153
49 701 63 184
52 700 45 162
52 381 57 197
52 155 47 190
52 771 54 174
55 851 49 117
56 710 47 195
58 263 46 103
58 321 54 127
59 300 64 90
63 743 46 146
64 291 49 191
64 674 58 164
66 632 60 157
66 337 68 157
66 175 52 176
71 100 53 169
72 195 64 189
72 761 66 197
72 166 65 181
75 810 59 192
77 310 54 119
77 469 69 158
78 268 61 194
80 83 60 92
82 538 54 185
84 669 62 103
88 532 44 198
89 837 42 129
90 283 61 169
93 798 58 194
95 898 40 109
96 302 54 125
97 289 52 173
97 708 47 119
99 454 50 102
100 432 66 141
100 387 68 154
102 813 64 197
105 391 47 186
106 309 62 157
109 115 65 184
110 619 69 111
111 318 68 111
116 851 50 200
118 907 59 122
121 530 62 127
121 261 44 145
121 341 57 177
125 662 46 149
126 515 60 133
128 266 66 130
131 904 63 126
132 467 55 167
135 451 62 115
135 150 49 103
142 309 41 177
145 689 69 117
147 918 69 196
148 705 48 124
151 655 56 112
153 676 58 198
155 780 66 143
156 388 53 97
156 840 64 185
157 683 65 178
158 514 62 183
158 342 61 102
160 264 49 113
160 329 47 189
163 494 65 139
164 747 56 111
166 750 70 151
169 797 45 189
170 417 59 97
172 277 45 108
173 830 55 97
173 263 44 117
174 228 66 169
180 248 55 91
181 848 59 193
181 750 64 118
181 779 58 123
183 184 46 189
183 589 40 131
183 669 62 128
185 710 67 99
185 374 63 200
185 883 50 137
185 726 50 193
186 680 65 161
187 418 57 90
187 749 52 156
189 434 54 137
191 553 68 146
192 351 47 165
195 912 59 92
196 613 70 93
200 244 56 112
200 521 42 176
203 907 43 199
204 465 50 96
207 215 48 165
208 666 43 133
211 612 70 91
212 634 65 164
212 469 42 191
213 875 41 117
214 726 61 163
221 766 43 180
221 599 57 180
222 706 54 108
222 864 50 145
230 257 43 164
231 874 66 108
234 699 66 183
236 547 42 142
237 437 49 113
238 611 66 168
238 597 70 183
239 813 48 200
242 284 57 199
243 352 41 141
244 300 51 154
246 546 64 174
249 802 41 101
251 726 62 96
253 592 60 160
255 496 42 152
256 329 45 197
258 416 48 97
258 892 64 127
259 294 56 124
260 406 63 140
262 756 42 104
263 488 63 137
263 530 47 194
265 295 46 174
265 282 59 187
272 503 55 127
274 675 45 156
275 772 42 126
276 691 69 97
277 853 56 166
277 752 42 109
281 604 65 111
282 568 65 94
285 438 43 130
289 353 42 106
290 730 48 123
291 915 55 129
292 569 60 103
295 860 50 117
296 556 65 122
297 325 55 174
297 872 46 195
297 804 46 159
297 900 65 198
302 786 69 103
303 615 58 196
305 545 63 153
306 476 46 182
306 471 41 169
309 761 63 118
310 330 44 188
313 632 48 190
319 555 46 161
320 382 66 138
321 890 48 191
323 662 63 170
325 700 65 121
325 432 60 102
325 730 50 155
328 536 59 163
329 884 64 127
331 723 51 128
337 720 63 130
338 540 62 106
338 429 65 141
338 562 65 146
339 890 69 119
341 611 52 98
344 580 64 157
345 566 45 145
345 790 57 103
345 751 44 158
347 633 55 106
353 775 41 141
359 457 54 155
359 877 48 116
362 623 50 92
362 826 70 107
362 573 50 170
366 420 43 136
372 836 57 120
379 400 56 103
382 473 46 111
384 762 70 106
386 559 70 171
388 547 63 163
389 392 65 158
392 529 65 156
392 798 58 102
392 823 67 186
394 885 54 200
395 612 49 92
397 835 68 103
400 772 49 182
400 444 46 108
405 547 51 116
406 785 41 173
409 783 54 191
410 510 63 166
411 706 52 152
414 637 42 135
416 580 41 91
420 564 63 175
425 821 42 170
426 858 65 91
427 441 49 122
429 629 40 132
429 816 70 193
431 484 62 93
432 515 67 152
436 836 63 163
437 515 42 128
442 836 64 102
449 563 48 166
449 536 40 182
449 906 67 171
451 886 41 191
453 726 53 143
460 916 42 194
461 772 53 199
462 736 50 129
464 503 67 144
464 613 55 160
465 763 67 116
465 549 57 105
466 696 43 197
468 841 48 128
471 767 70 139
472 850 62 184
474 745 47 191
475 626 61 114
477 861 45 123
479 643 59 120
484 565 70 148
486 522 45 109
486 791 63 120
486 753 64 172
491 736 65 111
494 708 56 108
499 520 50 181
502 842 65 163
509 532 50 113
509 658 50 135
514 578 47 163
520 594 51 94
521 837 54 199
521 569 65 154
522 839 46 196
522 917 49 112
524 722 54 146
524 613 70 99
536 818 69 94
538 626 67 113
541 902 44 196
551 655 66 181
555 774 63 94
556 711 63 184
558 633 56 95
559 684 56 114
564 696 63 200
566 901 44 103
566 656 63 158
570 762 64 91
571 643 66 197
575 766 59 94
578 905 49 119
580 708 61 105
582 597 48 95
587 692 60 114
588 656 51 99
591 889 67 137
593 857 49 127
595 839 43 189
596 832 64 97
602 894 67 180
604 913 68 194
606 807 42 95
609 868 45 154
611 709 63 132
630 859 53 96
632 783 60 155
632 688 65 160
644 719 51 131
645 746 59 108
650 691 55 143
658 663 51 151
658 904 59 130
668 726 40 94
668 882 59 116
676 835 43 97
679 866 50 121
680 872 66 153
681 859 60 103
705 821 49 178
706 900 59 162
713 796 67 137
716 862 42 97
718 781 67 132
719 877 64 100
723 786 66 140
725 864 47 188
741 844 70 126
743 813 70 103
745 779 70 123
746 910 52 200
746 769 47 186
751 871 51 98
753 810 55 111
753 757 69 167
759 797 69 156
761 863 62 93
769 888 63 198
775 844 56 107
776 867 65 197
779 788 57 177
784 841 49 158
792 822 54 99
794 830 59 119
812 892 61 160
813 847 49 133
819 901 41 179
820 824 50 127
865 878 48 163
885 915 46 116