955
0 32 40 1000 135
1 16 40 400 137
2 16 40 5000 144
3 32 64 2000 165
4 32 64 800 124
5 32 40 2000 182
6 16 64 800 107
7 16 64 400 198
8 16 64 400 165
9 32 64 400 110
10 16 96 2000 171
11 16 64 800 123
12 32 40 1000 145
13 16 64 800 149
14 16 40 800 195
15 16 96 1000 96
16 16 40 1000 143
17 32 64 400 170
18 32 40 1000 160
19 32 96 800 127
20 16 96 5000 159
21 32 40 1000 119
22 32 96 800 141
23 32 40 1000 150
24 32 40 2000 181
25 32 64 2000 99
26 16 64 800 200
27 32 96 5000 165
28 16 96 800 185
29 16 64 800 123
30 16 96 400 156
31 16 96 800 115
32 16 64 400 120
33 32 40 400 95
34 32 96 400 194
35 16 64 1000 126
36 32 40 5000 190
37 32 96 5000 145
38 32 64 2000 154
39 32 40 800 160
40 32 64 5000 193
41 16 64 2000 102
42 16 40 400 166
43 32 64 1000 180
44 32 64 800 156
45 16 96 1000 138
46 32 64 1000 131
47 32 40 400 127
48 32 96 5000 154
49 16 96 2000 129
50 16 96 1000 197
51 32 64 5000 155
52 16 96 1000 95
53 32 40 5000 104
54 32 40 5000 167
55 16 96 800 97
56 32 96 800 198
57 32 96 5000 178
58 32 96 2000 123
59 32 96 1000 91
60 16 40 1000 111
61 16 64 800 105
62 32 64 400 145
63 32 40 5000 151
64 32 96 5000 100
65 32 64 2000 91
66 16 64 400 94
67 16 40 800 161
68 32 40 2000 173
69 16 64 400 94
70 32 96 800 178
71 32 96 1000 146
72 32 64 2000 123
73 16 96 2000 154
74 16 64 1000 139
75 16 64 1000 182
76 16 96 5000 102
77 16 64 1000 191
78 32 96 2000 157
79 16 64 2000 138
80 32 64 5000 185
81 16 96 2000 113
82 32 64 400 182
83 32 40 2000 110
84 32 40 800 121
85 16 96 1000 116
86 32 40 1000 123
87 32 96 800 161
88 16 96 1000 155
89 32 96 5000 198
90 32 64 2000 197
91 32 40 800 179
92 16 40 2000 172
93 32 64 2000 101
94 32 96 2000 118
95 32 64 5000 182
96 16 64 5000 173
97 32 96 400 106
98 32 64 400 154
99 16 40 800 112
100 32 96 800 129
101 16 64 1000 154
102 16 64 1000 103
103 16 40 2000 102
104 32 96 2000 165
105 16 64 400 158
106 32 40 2000 164
107 32 64 800 101
108 16 96 400 133
109 16 96 1000 171
110 16 64 2000 173
111 16 40 400 120
112 32 96 1000 90
113 32 96 400 104
114 16 96 1000 163
115 16 40 5000 189
116 32 64 2000 160
117 16 64 800 198
118 32 64 400 91
119 16 64 800 140
120 16 64 5000 182
121 32 96 800 121
122 32 64 5000 96
123 32 64 400 190
124 16 96 5000 127
125 16 40 800 149
126 32 64 1000 161
127 16 40 2000 159
128 16 96 5000 126
129 16 96 800 169
130 16 96 800 166
131 16 64 1000 172
132 16 96 800 195
133 32 64 800 187
134 32 96 800 90
135 32 40 800 135
136 32 96 2000 149
137 16 96 400 107
138 32 40 1000 127
139 32 64 400 120
140 32 64 800 111
141 16 40 1000 97
142 32 96 5000 172
143 32 96 800 180
144 16 64 800 141
145 32 96 5000 196
146 32 96 1000 170
147 16 64 2000 190
148 32 40 400 124
149 16 40 800 137
150 32 64 5000 102
151 32 40 5000 152
152 32 64 800 113
153 32 64 800 189
154 32 64 800 168
155 16 96 800 143
156 16 96 1000 156
157 16 96 1000 130
158 32 64 5000 136
159 16 64 2000 115
160 16 64 400 125
161 32 64 5000 170
162 32 64 5000 178
163 32 40 2000 190
164 16 96 5000 127
165 16 40 400 191
166 32 40 800 161
167 16 40 400 195
168 16 96 1000 194
169 16 64 400 125
170 32 40 2000 115
171 32 96 800 98
172 32 96 2000 134
173 32 64 400 98
174 16 40 2000 148
175 16 40 5000 122
176 32 96 800 112
177 16 96 5000 160
178 16 40 400 107
179 32 96 400 173
180 32 64 400 186
181 16 40 800 96
182 16 40 1000 190
183 32 40 2000 136
184 32 40 5000 151
185 32 40 5000 161
186 32 40 1000 175
187 16 40 1000 119
188 16 40 1000 164
189 16 64 1000 101
190 16 64 400 144
191 32 64 400 130
192 32 96 1000 174
193 32 64 400 177
194 32 64 1000 166
195 32 40 1000 189
196 16 96 5000 193
197 32 64 400 149
198 32 40 5000 150
199 32 96 400 141
200 16 96 2000 185
201 16 40 800 153
202 16 96 400 90
203 16 40 2000 186
204 16 96 5000 155
205 16 96 800 113
206 32 64 2000 152
207 16 40 5000 158
208 32 64 5000 109
209 32 96 800 188
210 32 40 400 174
211 16 40 400 156
212 16 64 400 180
213 16 40 5000 191
214 16 64 400 125
215 32 96 800 182
216 32 64 2000 166
217 32 64 800 149
218 32 40 400 164
219 32 40 400 149
220 16 96 1000 185
221 32 96 800 178
222 32 40 2000 121
223 16 40 1000 143
224 16 96 5000 176
225 16 40 2000 93
226 32 96 1000 170
227 16 40 2000 103
228 32 96 800 178
229 16 40 5000 180
230 16 96 1000 134
231 32 96 800 142
232 16 64 1000 185
233 16 40 5000 162
234 16 96 1000 174
235 32 96 2000 135
236 32 40 1000 181
237 32 64 1000 145
238 32 40 2000 96
239 32 96 5000 139
240 16 64 5000 117
241 16 96 2000 189
242 16 40 400 138
243 32 96 400 175
244 16 64 2000 186
245 16 64 400 116
246 16 96 400 105
247 16 96 1000 156
248 16 96 1000 100
249 16 40 800 126
250 32 96 400 195
251 32 96 800 135
252 32 40 800 157
253 32 96 400 107
254 32 96 2000 140
255 16 40 5000 132
256 16 64 5000 100
257 32 64 400 118
258 16 96 5000 125
259 32 64 400 108
260 16 96 400 131
261 32 64 1000 176
262 16 64 2000 110
263 32 64 5000 141
264 32 40 1000 160
265 32 40 2000 98
266 32 96 800 138
267 16 64 1000 99
268 32 96 400 152
269 32 96 800 181
270 32 64 2000 131
271 16 64 800 181
272 32 40 800 111
273 16 96 800 92
274 16 64 1000 132
275 16 96 2000 168
276 32 96 1000 128
277 16 96 5000 119
278 16 40 400 169
279 32 64 5000 193
280 32 96 400 99
281 16 40 2000 100
282 16 64 1000 169
283 32 40 5000 138
284 16 40 5000 165
285 16 96 2000 141
286 16 96 5000 168
287 32 40 2000 90
288 32 96 2000 198
289 16 96 800 191
290 16 64 400 102
291 32 40 400 117
292 16 96 2000 108
293 32 40 400 96
294 32 96 2000 169
295 16 40 1000 199
296 32 96 5000 116
297 32 40 5000 176
298 16 96 5000 144
299 16 64 1000 173
300 16 64 2000 145
301 32 96 5000 137
302 32 96 1000 90
303 32 64 2000 165
304 16 64 800 142
305 16 40 800 133
306 16 96 800 147
307 16 40 400 108
308 32 96 2000 105
309 32 40 5000 107
310 32 64 400 108
311 32 40 400 158
312 16 96 2000 174
313 32 96 1000 127
314 32 96 800 178
315 32 64 800 172
316 16 64 2000 119
317 32 96 5000 99
318 16 40 800 135
319 16 40 400 93
320 32 40 800 119
321 16 96 1000 136
322 32 40 1000 187
323 32 40 400 179
324 32 40 2000 140
325 32 40 5000 174
326 16 64 800 115
327 32 96 800 155
328 32 96 800 160
329 16 64 400 123
330 16 40 5000 128
331 16 64 400 160
332 16 40 800 152
333 16 96 5000 131
334 16 40 400 115
335 32 40 400 197
336 32 40 800 159
337 32 96 800 159
338 16 40 400 113
339 32 40 800 140
340 32 96 1000 141
341 32 96 2000 104
342 32 96 5000 123
343 32 40 1000 182
344 16 64 2000 171
345 16 40 1000 146
346 16 96 400 182
347 16 96 5000 158
348 32 64 400 150
349 16 96 2000 184
350 16 64 5000 105
351 32 96 5000 118
352 32 96 5000 194
353 16 64 800 124
354 16 96 1000 193
355 16 96 400 96
356 32 40 400 117
357 32 40 800 191
358 32 40 800 191
359 32 64 5000 168
360 32 96 800 114
361 32 96 2000 99
362 16 96 400 168
363 32 40 2000 147
364 32 64 1000 200
365 16 40 2000 175
366 16 96 400 144
367 16 96 2000 121
368 32 40 5000 138
369 16 40 800 93
370 32 96 5000 199
371 16 96 2000 90
372 32 40 5000 130
373 32 64 800 135
374 16 96 1000 116
375 32 64 1000 123
376 16 64 1000 134
377 16 96 800 126
378 32 96 2000 172
379 16 96 1000 186
380 16 64 400 188
381 32 96 800 172
382 16 96 2000 102
383 32 40 400 127
384 16 64 400 114
385 32 96 1000 184
386 16 64 2000 101
387 32 40 2000 92
388 16 96 2000 177
389 16 64 1000 115
390 16 64 5000 106
391 32 96 1000 177
392 16 64 2000 190
393 16 64 800 186
394 16 64 5000 117
395 16 64 1000 168
396 16 96 800 110
397 16 64 5000 134
398 16 40 400 180
399 32 96 2000 185
400 16 64 800 144
401 32 96 800 110
402 16 40 5000 98
403 16 40 1000 156
404 16 96 1000 168
405 16 64 800 102
406 16 96 1000 173
407 32 96 800 151
408 16 96 5000 157
409 16 96 400 98
410 16 64 400 185
411 32 64 5000 157
412 32 96 400 150
413 16 64 5000 146
414 32 64 5000 156
415 32 64 1000 132
416 32 64 800 100
417 32 64 5000 197
418 32 96 5000 155
419 32 64 2000 121
420 32 64 400 200
421 16 64 5000 126
422 32 40 5000 115
423 16 64 2000 97
424 16 40 1000 107
425 32 96 400 94
426 32 96 400 185
427 16 40 1000 176
428 32 40 5000 115
429 16 96 800 117
430 16 40 400 193
431 32 96 5000 111
432 16 64 5000 112
433 16 40 2000 139
434 32 40 2000 124
435 16 40 2000 135
436 16 96 2000 112
437 16 40 800 107
438 16 64 800 100
439 32 64 800 106
440 32 40 5000 106
441 16 96 1000 165
442 32 40 1000 118
443 16 96 1000 111
444 32 96 1000 125
445 32 64 800 156
446 16 40 2000 104
447 16 96 2000 102
448 16 40 1000 133
449 16 40 1000 170
450 32 64 2000 157
451 16 40 400 123
452 16 64 1000 90
453 16 64 2000 197
454 16 64 400 101
455 16 96 800 114
456 32 96 400 188
457 32 96 5000 134
458 32 40 5000 178
459 16 96 800 185
460 16 96 5000 145
461 16 64 2000 192
462 16 96 1000 135
463 32 96 5000 124
464 16 96 800 132
465 32 40 5000 144
466 32 40 800 125
467 16 40 2000 146
468 16 96 5000 128
469 16 64 1000 146
470 16 96 5000 157
471 16 40 800 91
472 32 64 5000 178
473 32 96 2000 99
474 16 40 2000 170
475 16 64 2000 170
476 16 64 5000 162
477 32 40 2000 175
478 32 40 5000 151
479 32 40 1000 184
480 16 96 2000 136
481 32 40 800 114
482 16 40 1000 198
483 16 40 800 184
484 32 64 1000 127
485 16 40 2000 141
486 32 40 800 120
487 16 96 1000 121
488 32 96 5000 138
489 16 64 800 111
490 32 64 1000 190
491 16 96 400 162
492 16 64 5000 157
493 16 96 800 198
494 16 64 2000 138
495 32 40 2000 189
496 16 64 2000 95
497 32 64 1000 139
498 32 40 400 147
499 32 40 400 192
500 16 96 800 195
501 16 40 5000 118
502 16 64 1000 111
503 16 40 800 145
504 16 96 1000 141
505 32 96 400 116
506 16 64 800 118
507 32 64 1000 111
508 32 40 2000 114
509 16 96 400 195
510 32 96 5000 117
511 16 64 400 99
512 16 64 2000 134
513 32 96 800 175
514 32 96 400 147
515 16 40 1000 93
516 16 96 400 173
517 16 96 400 165
518 32 96 800 136
519 16 96 5000 164
520 32 40 5000 195
521 32 40 2000 126
522 16 96 2000 104
523 32 96 400 125
524 16 96 5000 169
525 32 96 5000 190
526 32 96 1000 177
527 32 64 400 95
528 32 40 800 154
529 16 64 5000 150
530 16 64 800 95
531 32 96 800 177
532 32 40 5000 188
533 16 40 800 145
534 16 64 2000 107
535 16 96 2000 92
536 32 40 5000 190
537 32 96 800 118
538 16 64 400 116
539 32 40 2000 99
540 16 96 400 109
541 16 96 400 132
542 32 96 5000 131
543 32 40 2000 174
544 32 96 400 160
545 16 64 400 99
546 32 40 800 128
547 16 40 1000 181
548 16 40 400 193
549 32 64 1000 174
550 32 96 400 192
551 32 40 400 194
552 32 64 2000 194
553 32 40 400 118
554 32 64 400 152
555 32 64 1000 178
556 16 64 800 139
557 32 64 2000 191
558 32 40 800 192
559 32 96 2000 197
560 16 64 400 143
561 32 64 2000 171
562 32 64 2000 161
563 16 64 1000 100
564 32 64 5000 189
565 32 64 5000 156
566 32 40 1000 200
567 32 96 800 197
568 16 40 800 151
569 32 64 5000 117
570 32 40 5000 146
571 16 64 2000 189
572 16 40 1000 198
573 16 96 5000 128
574 32 96 1000 123
575 32 96 800 170
576 32 96 5000 97
577 16 96 5000 176
578 16 64 1000 158
579 32 96 1000 125
580 32 40 800 153
581 32 40 400 165
582 32 40 1000 106
583 16 40 400 126
584 16 40 800 130
585 16 64 2000 126
586 16 40 400 193
587 16 96 1000 91
588 32 96 2000 199
589 16 64 2000 195
590 16 40 400 148
591 16 64 1000 99
592 32 40 800 167
593 32 64 2000 171
594 16 96 5000 132
595 32 40 400 99
596 32 40 5000 177
597 16 64 5000 98
598 32 40 800 100
599 16 40 800 166
600 32 96 1000 154
601 16 64 1000 100
602 32 40 5000 178
603 16 96 1000 132
604 16 40 400 110
605 32 96 5000 134
606 32 40 400 129
607 32 40 2000 118
608 16 40 1000 191
609 16 64 1000 156
610 32 40 800 154
611 16 64 800 169
612 16 64 1000 195
613 32 96 5000 104
614 32 96 400 136
615 32 96 400 163
616 32 96 5000 198
617 16 64 2000 155
618 16 64 2000 194
619 16 64 1000 160
620 32 96 1000 162
621 32 40 1000 143
622 32 96 1000 105
623 32 40 1000 114
624 16 64 1000 107
625 16 96 1000 102
626 16 64 400 177
627 32 64 1000 167
628 16 64 1000 143
629 16 40 800 96
630 32 64 800 98
631 32 64 800 129
632 16 64 5000 116
633 32 96 1000 184
634 16 96 400 191
635 32 40 400 148
636 16 64 1000 127
637 32 64 400 182
638 16 40 400 102
639 32 96 2000 141
640 16 40 400 98
641 32 64 400 99
642 16 96 1000 182
643 16 96 400 108
644 16 96 800 134
645 16 64 1000 129
646 32 96 5000 117
647 32 40 400 166
648 16 96 5000 182
649 32 96 1000 109
650 32 64 5000 180
651 32 64 400 190
652 32 64 5000 115
653 16 40 1000 175
654 32 40 800 195
655 32 40 2000 169
656 16 40 800 100
657 32 64 2000 141
658 32 40 2000 91
659 16 40 5000 176
660 32 64 5000 150
661 32 64 2000 189
662 16 40 800 147
663 32 40 400 196
664 32 64 5000 183
665 16 96 800 109
666 16 96 800 175
667 32 64 5000 164
668 32 64 1000 150
669 32 96 400 93
670 16 40 5000 127
671 16 96 1000 124
672 32 40 400 176
673 32 64 2000 143
674 32 40 800 198
675 16 40 800 140
676 32 40 2000 98
677 32 96 400 158
678 32 96 5000 143
679 16 96 5000 184
680 16 40 1000 166
681 16 96 5000 164
682 16 40 5000 140
683 16 96 5000 163
684 32 64 1000 91
685 32 64 2000 175
686 16 96 2000 98
687 32 40 2000 179
688 32 40 1000 199
689 16 64 800 199
690 32 96 1000 96
691 32 40 1000 151
692 32 96 5000 134
693 32 64 5000 177
694 32 40 1000 135
695 16 96 2000 106
696 16 64 400 194
697 16 96 400 90
698 32 40 1000 171
699 32 64 800 153
700 32 96 1000 143
701 16 64 5000 194
702 16 96 5000 132
703 32 96 1000 91
704 16 96 400 180
705 32 96 800 182
706 32 40 400 137
707 32 40 1000 160
708 16 40 2000 133
709 32 64 2000 137
710 16 64 5000 147
711 32 96 400 128
712 32 40 800 149
713 16 96 2000 127
714 32 40 400 104
715 16 96 400 197
716 32 40 2000 97
717 16 96 400 157
718 16 40 800 193
719 16 40 1000 141
720 16 40 800 176
721 32 64 5000 130
722 16 64 1000 174
723 32 64 5000 134
724 16 40 2000 162
725 32 64 1000 99
726 16 64 400 115
727 32 96 400 121
728 32 96 800 179
729 32 96 2000 129
730 32 40 5000 190
731 16 40 2000 198
732 32 96 1000 199
733 16 96 800 199
734 16 40 800 147
735 32 96 400 137
736 16 64 2000 181
737 32 40 800 200
738 32 64 800 90
739 32 96 1000 187
740 32 96 1000 146
741 16 96 800 115
742 16 40 1000 187
743 16 40 800 148
744 16 64 2000 119
745 32 40 1000 186
746 32 40 2000 118
747 32 96 2000 130
748 16 40 1000 96
749 32 40 1000 103
750 16 96 1000 114
751 32 40 5000 111
752 32 40 400 187
753 32 96 5000 139
754 16 64 2000 186
755 16 64 2000 154
756 32 96 800 161
757 32 96 1000 155
758 32 40 400 188
759 32 40 1000 192
760 32 40 400 123
761 32 40 400 172
762 32 96 800 134
763 32 96 800 143
764 32 40 800 191
765 32 40 1000 162
766 16 64 1000 185
767 16 40 400 108
768 32 64 800 112
769 32 96 2000 164
770 32 64 2000 131
771 32 40 5000 177
772 32 64 1000 191
773 16 96 5000 95
774 16 64 1000 159
775 16 64 800 200
776 32 64 800 148
777 16 64 5000 199
778 16 64 5000 192
779 32 64 800 134
780 32 40 400 93
781 32 96 400 140
782 32 64 800 118
783 32 96 1000 124
784 32 96 5000 169
785 32 64 1000 152
786 16 64 2000 184
787 16 40 1000 105
788 32 40 5000 118
789 16 96 5000 180
790 16 96 1000 189
791 16 96 400 155
792 16 64 800 133
793 32 40 800 110
794 16 40 400 109
795 16 96 5000 160
796 16 64 800 92
797 16 40 800 181
798 16 64 400 138
799 32 96 800 129
800 16 96 2000 103
801 16 64 800 148
802 16 40 2000 118
803 16 96 800 164
804 16 40 800 191
805 16 40 1000 175
806 32 40 800 186
807 32 64 5000 188
808 32 96 1000 98
809 32 96 800 143
810 32 64 400 147
811 16 40 2000 147
812 16 96 400 149
813 16 40 5000 163
814 16 64 5000 155
815 32 64 2000 133
816 16 96 5000 131
817 32 64 400 92
818 32 40 2000 98
819 32 64 400 200
820 16 96 400 175
821 32 64 800 141
822 16 40 5000 164
823 32 40 1000 95
824 32 40 1000 154
825 32 40 5000 164
826 32 64 1000 90
827 16 40 400 148
828 32 40 2000 108
829 32 96 2000 194
830 16 64 400 143
831 16 96 1000 155
832 16 96 1000 119
833 16 96 2000 130
834 16 40 400 172
835 32 96 5000 115
836 16 96 1000 157
837 32 40 5000 192
838 16 64 400 200
839 16 96 800 197
840 16 64 5000 137
841 32 64 1000 107
842 32 64 5000 124
843 16 40 1000 156
844 16 40 800 109
845 16 96 400 174
846 16 64 400 177
847 32 40 800 168
848 16 96 1000 198
849 32 40 1000 134
850 32 40 800 107
851 32 40 1000 108
852 32 40 5000 119
853 32 40 800 171
854 32 40 2000 166
855 32 96 5000 129
856 16 96 800 157
857 16 40 5000 180
858 16 96 2000 178
859 32 96 800 115
860 32 64 400 90
861 16 40 5000 125
862 32 64 800 173
863 16 96 2000 117
864 16 40 800 200
865 32 40 1000 154
866 16 40 2000 118
867 16 96 2000 199
868 16 40 2000 179
869 16 40 1000 112
870 16 64 800 109
871 32 96 400 134
872 32 64 800 173
873 16 40 5000 110
874 32 64 5000 169
875 16 96 400 142
876 16 40 5000 166
877 32 64 2000 107
878 32 64 1000 113
879 16 40 1000 114
880 16 96 2000 92
881 32 96 1000 111
882 32 96 400 161
883 32 64 1000 100
884 16 64 5000 186
885 32 40 800 131
886 16 40 2000 152
887 32 64 400 114
888 16 40 1000 143
889 32 64 2000 174
890 16 40 800 146
891 16 40 2000 196
892 32 64 5000 188
893 16 64 5000 136
894 16 40 1000 186
895 32 64 2000 156
896 16 64 800 96
897 32 96 400 147
898 32 96 5000 180
899 32 64 5000 156
900 32 64 5000 106
901 16 40 2000 128
902 32 40 5000 120
903 32 40 2000 110
904 32 64 5000 129
905 16 64 2000 121
906 32 40 400 157
907 32 40 5000 200
908 16 40 400 146
909 16 96 2000 91
910 16 40 800 171
911 16 96 400 152
912 32 96 5000 189
913 32 40 1000 147
914 32 96 5000 116
915 32 40 1000 128
916 16 96 5000 189
917 32 64 800 150
918 32 40 5000 195
919 32 96 5000 179
920 32 40 2000 165
921 16 96 400 154
922 16 64 1000 166
923 16 64 800 153
924 32 40 5000 111
925 16 64 1000 101
926 16 96 1000 101
927 32 40 800 98
928 32 64 1000 101
929 16 40 800 94
930 32 40 2000 136
931 32 40 400 188
932 16 64 400 185
933 16 64 5000 163
934 32 96 2000 181
935 32 64 400 140
936 16 96 5000 153
937 32 64 800 118
938 16 96 400 178
939 32 96 400 92
940 32 96 5000 157
941 16 64 1000 183
942 16 40 2000 185
943 16 96 1000 181
944 32 40 2000 99
945 32 96 400 92
946 16 40 2000 138
947 32 64 2000 105
948 16 96 400 197
949 16 96 5000 133
950 32 40 800 179
951 32 64 800 113
952 32 64 800 116
953 16 64 1000 184
954 32 64 5000 95
11
14 884 42 160
65 801 42 130
163 212 58 197
214 544 55 153
264 730 68 130
299 845 44 147
338 812 46 182
475 846 53 156
505 588 66 192
613 762 58 91
711 793 62 99