505
0 32 40 800 141
1 32 40 400 95
2 16 64 5000 107
3 32 96 2000 178
4 32 64 800 112
5 16 40 2000 119
6 32 64 1000 173
7 16 64 800 120
8 32 64 5000 96
9 32 96 800 126
10 16 96 1000 190
11 16 64 400 122
12 16 40 400 104
13 32 40 2000 175
14 32 64 800 134
15 32 96 2000 123
16 16 40 5000 91
17 32 96 1000 139
18 32 96 2000 111
19 32 96 1000 102
20 16 64 2000 147
21 32 96 400 171
22 32 64 1000 188
23 32 64 5000 142
24 16 96 5000 132
25 32 64 1000 156
26 32 40 2000 191
27 32 96 5000 118
28 32 40 5000 171
29 32 40 800 102
30 16 40 400 134
31 16 64 1000 174
32 32 40 2000 165
33 32 64 2000 106
34 32 64 400 127
35 16 96 800 133
36 16 96 2000 183
37 16 96 2000 141
38 16 64 2000 131
39 16 64 400 133
40 16 40 5000 157
41 16 64 2000 139
42 32 64 800 99
43 32 96 5000 105
44 16 40 5000 180
45 32 40 2000 190
46 32 64 2000 93
47 16 40 800 126
48 32 64 1000 129
49 16 96 400 116
50 32 64 5000 113
51 32 40 400 125
52 16 40 400 99
53 16 64 800 119
54 32 40 800 190
55 16 40 400 178
56 16 40 5000 138
57 32 40 800 103
58 32 40 5000 186
59 32 96 2000 111
60 16 96 800 106
61 32 64 1000 123
62 32 64 2000 146
63 16 64 5000 159
64 32 96 5000 125
65 16 96 400 121
66 32 40 5000 198
67 16 40 1000 150
68 16 64 800 156
69 16 64 800 190
70 16 40 1000 91
71 16 40 800 133
72 16 96 400 150
73 16 40 1000 165
74 32 96 1000 195
75 16 96 5000 109
76 16 40 400 146
77 16 64 400 191
78 32 96 1000 128
79 16 96 2000 177
80 32 96 800 158
81 32 96 2000 172
82 16 96 400 164
83 16 64 2000 101
84 32 64 400 95
85 16 64 1000 150
86 32 40 1000 118
87 16 40 5000 130
88 32 96 800 142
89 16 64 400 92
90 32 96 800 129
91 16 40 400 136
92 16 96 2000 91
93 32 40 1000 167
94 16 64 1000 188
95 32 64 5000 107
96 16 96 5000 137
97 32 96 2000 160
98 32 96 400 146
99 32 96 2000 181
100 32 40 5000 194
101 16 64 5000 113
102 32 40 5000 99
103 16 96 5000 132
104 16 96 800 122
105 16 96 5000 129
106 16 96 2000 147
107 16 96 1000 179
108 32 40 1000 146
109 32 96 1000 95
110 32 40 2000 197
111 16 96 400 91
112 32 40 800 116
113 16 96 400 194
114 16 64 2000 198
115 16 40 400 165
116 16 96 5000 127
117 16 64 400 105
118 32 40 1000 147
119 16 40 2000 104
120 32 64 400 144
121 32 96 5000 99
122 16 40 5000 124
123 32 40 5000 185
124 32 40 2000 159
125 32 64 5000 114
126 32 96 800 127
127 16 40 5000 163
128 16 96 2000 191
129 16 40 2000 176
130 32 96 800 135
131 32 96 400 148
132 32 40 400 173
133 16 64 800 105
134 16 96 2000 106
135 16 96 5000 121
136 32 96 400 163
137 16 64 2000 126
138 16 40 2000 140
139 32 64 5000 188
140 16 64 5000 136
141 16 96 400 149
142 32 96 1000 147
143 16 96 1000 115
144 16 96 400 134
145 32 40 1000 91
146 32 64 5000 180
147 16 64 400 97
148 32 40 800 172
149 16 40 5000 159
150 32 40 800 92
151 32 96 5000 112
152 32 40 2000 196
153 32 96 1000 186
154 16 40 5000 103
155 32 40 2000 148
156 32 96 5000 170
157 16 64 800 156
158 32 64 400 125
159 32 96 800 188
160 32 96 1000 92
161 16 64 1000 160
162 32 64 1000 110
163 16 40 5000 188
164 32 40 1000 102
165 16 96 5000 141
166 16 96 400 183
167 32 64 1000 199
168 16 96 1000 154
169 32 40 5000 167
170 16 64 2000 154
171 16 40 400 193
172 16 96 400 90
173 32 64 5000 186
174 16 40 2000 178
175 16 96 1000 169
176 32 96 2000 152
177 16 64 2000 132
178 16 96 5000 177
179 32 96 400 197
180 32 96 400 118
181 16 64 2000 157
182 32 64 400 146
183 16 64 400 135
184 16 40 400 184
185 32 40 800 198
186 16 96 5000 99
187 16 64 1000 178
188 16 40 400 145
189 32 96 800 131
190 16 40 800 107
191 16 96 1000 162
192 32 40 400 112
193 16 96 800 179
194 16 40 400 117
195 32 96 800 183
196 32 64 5000 114
197 16 40 800 200
198 16 96 2000 143
199 32 96 400 178
200 32 40 2000 132
201 32 96 2000 197
202 16 40 1000 102
203 16 96 400 124
204 16 64 800 133
205 16 64 2000 180
206 32 40 1000 98
207 32 64 400 128
208 16 64 5000 105
209 16 40 2000 162
210 32 64 2000 177
211 16 96 1000 158
212 32 40 400 135
213 32 64 400 156
214 16 96 2000 177
215 32 40 1000 161
216 32 96 800 93
217 16 40 2000 109
218 16 64 5000 119
219 16 64 5000 132
220 32 96 800 146
221 16 40 400 184
222 32 96 1000 105
223 32 40 1000 171
224 16 40 400 194
225 32 40 1000 94
226 32 96 800 127
227 16 64 2000 111
228 32 64 2000 195
229 32 64 5000 163
230 16 64 2000 141
231 32 64 1000 111
232 32 40 2000 144
233 32 64 2000 135
234 32 64 400 171
235 32 64 400 145
236 16 96 400 155
237 32 96 5000 92
238 16 40 5000 140
239 32 96 400 187
240 16 40 5000 148
241 32 64 800 100
242 16 64 5000 109
243 32 64 1000 120
244 32 96 2000 126
245 16 96 2000 165
246 32 40 5000 145
247 32 96 2000 186
248 16 64 400 184
249 16 96 800 163
250 16 64 2000 185
251 16 40 400 178
252 32 96 1000 104
253 32 96 5000 164
254 16 96 400 104
255 16 64 400 115
256 32 40 800 187
257 16 96 800 137
258 16 96 5000 197
259 16 64 1000 121
260 16 64 2000 181
261 32 40 5000 165
262 32 96 5000 140
263 32 40 800 121
264 32 96 5000 186
265 32 64 2000 99
266 32 96 400 160
267 32 64 1000 129
268 32 96 800 169
269 16 40 1000 147
270 16 40 1000 142
271 32 64 400 102
272 16 96 400 124
273 16 64 5000 104
274 32 96 5000 150
275 32 64 2000 171
276 16 96 800 166
277 32 40 800 170
278 32 96 1000 133
279 32 40 800 176
280 32 96 1000 95
281 16 64 2000 102
282 16 40 5000 101
283 32 96 2000 163
284 16 40 800 151
285 16 40 1000 109
286 32 40 1000 122
287 32 96 2000 154
288 16 64 2000 158
289 16 64 5000 141
290 32 96 1000 151
291 32 40 1000 194
292 32 40 800 187
293 16 40 400 129
294 16 40 2000 117
295 32 64 2000 95
296 16 40 2000 199
297 32 96 400 153
298 32 64 400 135
299 16 40 1000 179
300 32 40 5000 198
301 32 64 800 185
302 16 64 1000 136
303 32 40 800 141
304 32 96 5000 160
305 32 96 2000 91
306 16 96 1000 197
307 32 40 5000 180
308 16 96 400 92
309 16 64 5000 108
310 16 96 800 192
311 32 40 800 113
312 16 96 5000 161
313 16 64 800 125
314 32 40 1000 111
315 16 96 400 103
316 16 64 800 150
317 16 40 400 110
318 16 64 5000 115
319 32 40 400 96
320 16 64 800 123
321 32 40 2000 143
322 16 96 1000 173
323 32 40 2000 141
324 32 40 5000 171
325 32 64 800 109
326 32 64 800 180
327 16 64 2000 156
328 32 64 400 169
329 16 40 1000 158
330 32 64 2000 147
331 16 64 800 93
332 16 96 400 156
333 32 64 400 178
334 32 40 800 146
335 32 96 400 157
336 16 64 5000 196
337 16 96 800 138
338 16 64 5000 96
339 32 96 1000 174
340 16 96 5000 171
341 32 64 1000 198
342 16 64 2000 180
343 16 64 400 198
344 32 64 5000 161
345 16 64 1000 162
346 16 64 1000 137
347 16 64 800 127
348 16 40 5000 90
349 16 40 2000 167
350 32 96 5000 186
351 32 96 800 145
352 32 40 800 93
353 16 96 400 115
354 16 96 5000 172
355 16 64 5000 198
356 32 40 800 186
357 32 40 2000 173
358 32 40 400 128
359 16 96 400 99
360 32 96 400 159
361 16 40 5000 137
362 32 96 2000 125
363 16 40 5000 104
364 32 40 5000 113
365 32 40 400 196
366 32 40 2000 172
367 32 40 2000 180
368 16 40 1000 181
369 16 64 5000 123
370 16 40 800 157
371 32 64 1000 175
372 16 96 400 113
373 16 40 1000 165
374 32 64 5000 169
375 32 96 1000 171
376 16 40 400 184
377 16 96 800 162
378 32 64 1000 156
379 16 96 1000 134
380 16 40 400 129
381 16 96 1000 141
382 32 64 1000 184
383 32 40 5000 168
384 32 96 1000 170
385 16 96 2000 101
386 16 64 400 150
387 32 40 5000 195
388 32 96 800 148
389 16 40 5000 180
390 16 40 5000 104
391 16 64 800 178
392 32 40 800 158
393 16 64 1000 141
394 32 96 2000 126
395 16 64 2000 168
396 32 40 800 135
397 32 40 5000 162
398 32 64 2000 184
399 16 96 800 183
400 16 96 800 119
401 16 40 400 144
402 16 40 1000 154
403 32 96 5000 198
404 16 64 1000 94
405 16 64 1000 93
406 32 40 1000 181
407 16 64 2000 106
408 16 64 5000 193
409 32 40 1000 96
410 32 96 5000 97
411 32 40 2000 130
412 32 64 800 107
413 32 40 1000 148
414 32 96 1000 136
415 32 64 400 104
416 16 40 400 131
417 32 64 800 91
418 16 40 400 93
419 16 96 1000 100
420 32 64 400 184
421 16 64 5000 148
422 16 64 400 111
423 16 64 1000 116
424 32 96 2000 189
425 32 96 400 140
426 16 64 400 118
427 32 96 5000 124
428 16 96 2000 124
429 16 64 1000 110
430 16 96 1000 144
431 32 40 5000 169
432 32 40 2000 192
433 32 64 5000 181
434 32 40 2000 128
435 16 40 1000 177
436 16 96 2000 133
437 16 64 400 123
438 32 96 400 199
439 16 40 800 101
440 16 40 2000 199
441 32 64 2000 187
442 16 96 800 191
443 32 64 1000 131
444 32 40 1000 196
445 16 96 5000 151
446 32 40 400 140
447 16 64 1000 125
448 32 40 800 131
449 32 64 5000 125
450 16 64 5000 118
451 16 40 2000 109
452 16 64 2000 101
453 16 40 800 197
454 16 96 400 105
455 32 40 2000 159
456 32 40 1000 187
457 16 40 2000 145
458 32 64 1000 119
459 16 96 1000 190
460 16 40 2000 150
461 32 96 400 152
462 32 96 1000 187
463 16 96 2000 126
464 16 96 2000 188
465 32 96 1000 108
466 32 40 800 102
467 16 96 800 183
468 16 40 400 193
469 16 96 400 198
470 32 64 400 111
471 16 96 800 157
472 16 40 1000 174
473 16 64 1000 167
474 16 40 2000 139
475 32 96 800 194
476 16 64 2000 155
477 16 96 2000 94
478 16 64 5000 154
479 32 96 5000 163
480 16 64 1000 166
481 16 96 400 152
482 16 64 1000 164
483 16 40 400 96
484 32 64 400 145
485 16 40 5000 179
486 16 40 5000 110
487 32 40 5000 161
488 32 40 5000 150
489 16 96 5000 186
490 16 40 1000 193
491 16 64 800 182
492 32 40 2000 151
493 32 96 5000 115
494 16 40 5000 92
495 32 40 400 123
496 32 40 400 133
497 32 64 400 199
498 16 96 1000 129
499 16 64 800 110
500 32 96 5000 104
501 32 96 5000 127
502 16 40 1000 174
503 16 96 1000 112
504 16 40 400 161
153
1 382 45 138
1 408 44 98
1 251 70 94
4 387 50 182
5 459 62 195
6 469 62 105
6 90 59 184
7 304 66 137
9 217 61 161
10 439 67 90
11 262 69 192
13 388 57 91
16 279 53 161
17 420 47 119
19 409 59 156
21 371 41 134
22 212 49 94
24 87 68 155
28 261 59 104
29 490 52 130
32 210 41 113
35 135 64 160
36 249 46 170
38 280 69 176
38 275 57 125
38 217 63 94
39 480 47 164
40 413 55 151
46 261 53 160
48 372 66 106
49 340 45 116
49 421 66 96
51 452 60 195
51 458 65 199
52 183 59 96
52 278 59 155
52 491 59 141
53 257 67 170
54 325 57 163
55 120 66 109
56 109 61 112
58 192 51 143
60 433 43 146
60 291 61 184
62 392 52 117
65 157 66 163
67 253 59 127
70 467 65 161
72 86 62 165
76 324 44 143
78 258 51 135
79 464 61 183
79 406 64 172
84 457 57 95
87 314 47 155
88 190 64 149
92 184 59 153
96 220 67 132
98 104 70 156
102 134 70 166
105 366 56 154
109 271 55 175
109 456 58 124
111 324 52 192
114 339 58 108
116 419 62 187
117 120 44 131
120 413 46 165
120 388 56 144
122 256 40 154
126 358 45 138
126 419 65 104
127 281 69 171
131 213 60 95
142 478 40 128
147 389 44 135
148 413 67 97
152 392 57 165
152 166 53 182
153 500 61 99
154 181 61 123
159 429 40 128
162 373 63 168
162 435 51 105
163 210 70 143
166 238 66 123
173 482 47 144
178 239 67 118
180 311 50 134
180 257 52 156
180 332 43 134
182 360 69 195
188 302 59 137
204 379 40 165
207 366 59 124
208 370 41 194
209 215 64 165
214 296 43 121
215 360 54 96
216 331 52 184
217 345 66 181
219 465 58 90
223 440 60 150
228 496 63 139
229 323 64 151
236 416 47 90
236 407 66 140
243 499 58 145
252 416 43 154
253 293 49 128
263 307 46 142
265 451 57 106
265 462 59 192
270 424 58 117
275 467 50 163
278 375 52 116
280 488 53 186
282 361 56 158
283 347 70 99
284 473 70 193
285 393 55 152
292 309 63 199
293 347 43 163
294 337 54 197
295 442 65 123
295 361 65 137
306 482 68 133
312 337 44 169
315 454 61 179
317 394 48 162
321 366 62 185
324 364 68 128
324 339 45 195
338 438 46 103
341 386 47 195
347 470 42 196
349 365 60 122
349 485 67 166
354 434 63 196
365 374 47 180
367 491 47 197
372 396 55 120
376 404 63 200
376 471 54 135
392 424 40 157
407 413 56 120
409 483 51 182
412 485 62 140
412 459 52 154
416 468 64 145
442 450 67 103
450 472 45 172
481 496 67 128