89
0 8 128 200 126
1 2 64 500 128
2 2 16 200 96
3 2 128 200 98
4 8 16 300 132
5 16 128 1000 143
6 8 128 200 96
7 16 16 1000 109
8 16 128 200 123
9 16 64 500 109
10 8 128 500 119
11 2 128 500 136
12 8 16 200 130
13 2 64 500 123
14 8 64 500 92
15 16 64 500 104
16 16 16 1000 147
17 16 64 1000 95
18 8 128 100 110
19 2 128 300 114
20 2 16 200 105
21 16 16 300 91
22 16 16 1000 107
23 8 128 200 121
24 8 128 500 137
25 8 16 300 102
26 2 128 1000 114
27 2 16 1000 134
28 2 64 500 121
29 2 128 300 109
30 8 128 500 146
31 16 16 300 101
32 8 128 200 139
33 8 16 300 127
34 8 16 500 105
35 2 16 1000 145
36 2 64 100 120
37 16 16 500 101
38 2 64 100 102
39 2 16 200 114
40 8 16 300 113
41 8 64 300 113
42 2 16 100 92
43 16 128 100 94
44 2 64 100 118
45 2 128 200 98
46 16 128 300 136
47 16 16 300 90
48 16 64 1000 100
49 16 128 200 95
50 8 128 100 120
51 2 128 200 136
52 16 128 200 103
53 8 128 1000 98
54 2 16 200 96
55 2 64 100 126
56 2 64 500 104
57 8 64 500 106
58 8 128 500 136
59 8 64 300 135
60 8 128 100 112
61 2 16 200 113
62 8 64 200 96
63 16 64 100 124
64 8 64 200 122
65 2 64 300 90
66 16 64 1000 128
67 2 16 200 141
68 8 16 200 118
69 2 64 100 143
70 16 128 100 93
71 8 16 200 138
72 16 16 500 105
73 16 64 100 130
74 8 128 200 143
75 16 128 100 98
76 2 16 200 93
77 16 16 200 94
78 2 16 200 148
79 2 128 200 130
80 16 16 300 103
81 2 64 500 150
82 16 64 500 124
83 2 128 500 105
84 8 64 1000 110
85 2 16 200 94
86 2 64 100 111
87 16 128 200 119
88 2 16 100 133
47
4 40 59 181
4 54 69 162
4 81 56 195
5 58 67 130
5 58 61 136
6 11 46 146
6 12 66 92
7 69 66 114
7 80 62 142
8 38 67 184
9 15 62 170
11 38 48 168
12 77 58 146
12 53 68 106
14 69 59 142
14 64 44 177
14 15 52 108
14 40 56 198
14 47 51 197
15 31 48 95
15 71 67 113
19 58 67 142
19 61 62 100
25 51 48 121
25 44 41 199
25 29 66 175
28 43 42 105
29 52 54 101
31 40 59 183
32 60 68 173
34 56 63 165
36 76 49 196
37 68 47 146
39 64 65 173
40 49 57 165
42 65 46 150
43 49 43 116
47 58 56 142
47 89 44 164
54 58 58 101
55 70 49 147
58 75 61 159
58 79 70 147
61 63 56 110
64 71 51 197
65 75 67 97
73 74 41 151