557
0 32 32 400 157
1 32 128 5000 123
2 8 320 5000 122
3 32 128 2000 130
4 8 128 2000 175
5 32 128 400 112
6 8 320 400 179
7 32 320 5000 145
8 8 320 1000 185
9 32 320 2000 189
10 32 32 1000 115
11 32 128 800 159
12 32 32 1000 196
13 8 32 800 196
14 8 128 1000 114
15 32 320 1000 141
16 8 32 5000 156
17 8 320 2000 111
18 32 32 400 161
19 32 32 400 187
20 8 32 1000 192
21 32 128 1000 95
22 32 320 5000 116
23 32 128 2000 111
24 8 320 2000 111
25 8 320 1000 146
26 8 32 800 101
27 32 320 5000 141
28 8 320 1000 173
29 8 320 800 129
30 32 128 800 175
31 32 320 2000 152
32 8 320 1000 112
33 32 320 2000 178
34 32 32 1000 189
35 32 320 400 197
36 32 320 1000 162
37 8 128 5000 159
38 32 128 5000 125
39 32 128 5000 151
40 32 128 400 91
41 8 320 5000 181
42 32 128 2000 139
43 32 32 5000 162
44 32 320 5000 110
45 8 32 2000 190
46 32 32 400 100
47 8 32 1000 96
48 32 128 1000 199
49 8 32 1000 166
50 8 128 5000 145
51 32 128 2000 159
52 32 32 5000 138
53 8 32 1000 91
54 32 128 400 184
55 32 128 2000 133
56 8 32 400 156
57 32 32 400 185
58 32 32 5000 195
59 8 32 800 109
60 8 128 1000 100
61 32 32 800 182
62 32 320 400 184
63 32 320 400 197
64 8 320 400 94
65 32 128 2000 100
66 8 128 5000 155
67 32 320 5000 152
68 8 128 800 102
69 8 320 5000 135
70 8 320 5000 124
71 8 128 400 159
72 8 320 400 150
73 32 128 2000 104
74 32 32 1000 194
75 8 320 5000 181
76 32 32 400 196
77 32 32 2000 103
78 8 128 400 150
79 32 32 2000 138
80 32 320 1000 97
81 32 320 400 174
82 32 320 800 178
83 8 320 800 192
84 32 32 2000 171
85 32 32 2000 111
86 32 128 5000 174
87 32 32 800 93
88 8 32 400 115
89 8 320 400 151
90 8 128 2000 105
91 32 128 5000 166
92 8 32 5000 167
93 32 128 2000 125
94 32 32 400 153
95 8 320 5000 162
96 8 32 400 165
97 32 320 800 90
98 8 128 5000 111
99 8 32 800 117
100 8 320 800 125
101 32 320 2000 177
102 32 128 2000 127
103 32 320 400 112
104 8 128 800 116
105 32 32 1000 186
106 32 320 5000 99
107 8 32 400 178
108 32 32 2000 174
109 32 128 2000 169
110 8 32 400 112
111 8 32 5000 144
112 8 32 2000 123
113 32 128 400 174
114 32 128 2000 120
115 8 320 2000 128
116 8 320 5000 124
117 8 320 800 148
118 8 128 2000 98
119 8 32 400 182
120 8 32 1000 131
121 8 320 800 173
122 8 32 400 138
123 32 320 2000 169
124 32 32 800 152
125 8 320 800 171
126 8 320 800 126
127 32 128 800 97
128 32 320 5000 158
129 8 32 5000 142
130 8 320 1000 129
131 8 320 2000 172
132 32 320 2000 169
133 32 320 1000 159
134 32 320 1000 184
135 32 320 1000 136
136 8 320 5000 97
137 8 320 1000 162
138 32 128 5000 112
139 32 320 5000 158
140 8 128 800 167
141 32 32 400 167
142 32 128 5000 190
143 8 128 1000 147
144 8 32 2000 121
145 8 32 800 126
146 8 320 5000 137
147 8 32 2000 102
148 32 320 2000 171
149 32 32 5000 144
150 8 128 400 117
151 32 128 1000 94
152 8 320 5000 140
153 32 32 1000 190
154 32 128 800 198
155 32 32 2000 151
156 32 320 2000 111
157 32 128 5000 119
158 8 32 2000 168
159 32 32 400 135
160 8 32 2000 119
161 8 320 5000 163
162 32 320 400 163
163 32 128 5000 190
164 32 128 1000 170
165 8 320 5000 184
166 8 320 1000 170
167 8 128 400 195
168 32 128 1000 119
169 32 320 2000 117
170 8 128 2000 186
171 32 32 400 138
172 8 32 2000 107
173 8 128 5000 177
174 8 32 800 159
175 8 32 5000 181
176 32 32 1000 181
177 32 32 800 154
178 8 320 800 194
179 32 320 5000 167
180 32 128 1000 105
181 32 128 800 194
182 32 128 1000 146
183 32 32 5000 102
184 32 320 400 95
185 32 320 5000 180
186 32 320 400 141
187 8 32 1000 182
188 8 128 400 168
189 32 320 1000 149
190 32 128 2000 159
191 32 32 1000 117
192 8 128 400 120
193 32 32 800 178
194 32 32 1000 129
195 32 320 800 108
196 32 320 400 137
197 32 32 5000 117
198 8 320 5000 197
199 8 320 800 162
200 8 32 400 109
201 8 128 1000 106
202 8 128 800 188
203 8 320 2000 111
204 8 128 2000 169
205 8 320 400 198
206 8 128 400 131
207 8 32 1000 138
208 8 128 800 103
209 8 128 800 137
210 32 32 1000 135
211 32 32 2000 136
212 32 128 400 143
213 32 320 1000 101
214 8 128 800 142
215 32 128 2000 148
216 32 320 5000 136
217 32 320 2000 200
218 8 320 800 175
219 32 320 800 92
220 8 320 2000 141
221 8 320 2000 97
222 8 128 2000 91
223 8 128 800 95
224 8 128 800 197
225 32 128 400 196
226 8 32 1000 164
227 32 128 2000 103
228 32 320 800 161
229 8 128 5000 124
230 8 128 5000 154
231 32 128 2000 184
232 32 128 400 121
233 32 320 1000 197
234 8 32 800 152
235 32 320 1000 136
236 32 320 2000 98
237 8 128 2000 180
238 8 128 800 111
239 8 32 1000 148
240 32 320 2000 116
241 8 128 1000 105
242 8 320 2000 135
243 32 32 1000 112
244 8 128 1000 117
245 8 128 5000 167
246 8 320 400 142
247 32 128 800 160
248 32 32 800 94
249 32 128 800 178
250 8 32 5000 120
251 8 320 1000 175
252 8 32 400 134
253 8 32 2000 190
254 32 128 5000 107
255 32 32 2000 188
256 8 128 1000 116
257 32 128 1000 114
258 32 128 2000 140
259 32 32 2000 151
260 8 320 800 101
261 8 320 800 167
262 32 320 400 179
263 32 32 400 92
264 8 320 2000 199
265 8 320 2000 101
266 8 32 800 134
267 8 128 2000 190
268 8 32 800 167
269 8 320 800 187
270 8 128 1000 147
271 8 128 1000 159
272 32 320 2000 155
273 8 320 2000 119
274 8 320 5000 180
275 32 320 400 123
276 32 128 400 99
277 32 32 400 114
278 32 128 400 183
279 32 128 2000 106
280 8 128 800 108
281 8 128 1000 137
282 8 320 800 109
283 8 128 400 145
284 32 320 1000 113
285 8 128 2000 142
286 32 320 800 182
287 8 128 400 149
288 8 32 800 137
289 8 128 1000 137
290 32 320 400 109
291 32 32 400 139
292 8 320 2000 182
293 32 128 1000 146
294 8 32 5000 137
295 32 128 5000 197
296 8 128 5000 112
297 8 320 1000 142
298 8 320 5000 152
299 8 320 5000 125
300 8 128 400 145
301 32 128 1000 132
302 8 320 400 197
303 32 32 5000 168
304 8 320 800 166
305 8 128 2000 163
306 32 320 5000 115
307 32 128 2000 103
308 8 320 400 161
309 32 320 400 185
310 8 128 1000 95
311 32 128 400 137
312 32 32 800 197
313 32 128 400 125
314 32 320 2000 164
315 32 128 5000 93
316 32 128 2000 124
317 8 320 5000 151
318 32 32 1000 102
319 8 320 5000 196
320 8 32 5000 174
321 8 128 800 91
322 32 128 1000 131
323 8 128 400 159
324 32 128 5000 169
325 32 32 1000 91
326 32 128 400 178
327 32 32 800 187
328 32 32 800 100
329 32 128 400 162
330 8 32 800 90
331 8 128 2000 152
332 32 128 400 122
333 32 320 800 146
334 8 128 800 116
335 32 32 1000 114
336 8 32 1000 133
337 8 128 1000 169
338 8 32 400 186
339 8 320 5000 148
340 32 128 800 100
341 8 128 2000 198
342 8 320 1000 172
343 8 32 800 120
344 32 128 800 191
345 32 128 1000 195
346 8 128 5000 177
347 8 32 2000 168
348 8 32 5000 140
349 8 32 800 137
350 32 32 400 188
351 8 320 800 198
352 8 128 2000 128
353 8 320 400 96
354 8 32 800 123
355 32 32 1000 141
356 8 32 400 166
357 32 32 800 145
358 32 128 5000 100
359 32 128 1000 101
360 8 320 1000 90
361 32 320 1000 140
362 8 320 800 94
363 8 320 800 171
364 8 128 5000 124
365 32 320 1000 179
366 32 32 800 131
367 8 32 2000 105
368 8 32 800 197
369 8 320 1000 141
370 32 320 1000 196
371 32 320 400 170
372 32 32 1000 180
373 32 320 800 136
374 32 32 800 106
375 8 32 2000 138
376 8 32 2000 95
377 8 128 400 147
378 8 32 800 171
379 32 128 2000 176
380 8 320 1000 173
381 8 32 800 138
382 32 32 2000 118
383 32 320 1000 143
384 32 128 1000 134
385 8 32 400 97
386 32 320 2000 138
387 32 32 5000 170
388 32 32 400 112
389 32 32 5000 148
390 32 128 1000 148
391 32 320 5000 120
392 32 32 2000 156
393 32 32 5000 146
394 32 32 2000 117
395 32 32 5000 169
396 32 128 400 125
397 32 128 800 175
398 8 320 5000 115
399 32 320 5000 151
400 32 32 800 200
401 8 32 400 171
402 32 32 2000 153
403 32 320 2000 133
404 32 320 400 189
405 8 32 2000 199
406 32 320 400 135
407 8 32 800 99
408 8 32 400 156
409 32 320 400 195
410 8 32 1000 93
411 8 32 800 151
412 8 320 2000 105
413 32 32 2000 126
414 32 128 800 109
415 32 32 1000 138
416 8 128 800 182
417 8 320 5000 143
418 8 320 800 141
419 32 32 2000 163
420 8 32 1000 197
421 8 32 2000 146
422 32 32 400 143
423 8 32 800 124
424 8 32 1000 186
425 8 32 5000 92
426 8 32 5000 124
427 8 128 800 189
428 32 32 400 112
429 8 32 1000 162
430 8 320 1000 104
431 8 128 5000 173
432 32 32 2000 103
433 32 128 5000 182
434 8 320 400 90
435 8 320 5000 130
436 8 32 800 169
437 32 320 400 168
438 8 128 800 193
439 8 320 5000 168
440 32 32 5000 170
441 32 128 1000 137
442 8 320 2000 169
443 8 320 2000 198
444 32 32 1000 110
445 32 320 1000 90
446 32 32 5000 120
447 8 128 2000 126
448 8 128 800 193
449 8 128 1000 163
450 8 32 2000 181
451 32 32 400 132
452 8 32 400 140
453 8 32 800 142
454 8 128 5000 152
455 32 320 400 95
456 32 128 2000 129
457 32 128 1000 173
458 32 320 2000 161
459 8 320 2000 98
460 32 32 400 179
461 32 128 400 92
462 8 128 2000 104
463 32 128 5000 179
464 8 128 1000 178
465 32 32 1000 191
466 32 320 1000 141
467 8 32 2000 106
468 32 320 2000 168
469 32 320 5000 148
470 8 128 800 181
471 8 320 2000 176
472 8 32 800 171
473 8 128 5000 135
474 8 320 2000 110
475 32 128 800 146
476 32 32 2000 169
477 32 128 800 111
478 8 32 400 91
479 32 320 1000 196
480 8 128 2000 94
481 32 128 5000 176
482 32 32 1000 171
483 32 320 2000 124
484 8 32 5000 137
485 32 320 5000 165
486 8 128 5000 119
487 32 128 800 128
488 8 128 1000 117
489 8 320 800 159
490 32 320 400 184
491 32 32 5000 117
492 32 320 2000 114
493 8 128 5000 145
494 8 320 800 167
495 32 32 1000 197
496 8 128 5000 187
497 8 32 5000 104
498 8 32 400 194
499 8 32 800 166
500 32 128 800 161
501 8 32 400 147
502 32 128 1000 107
503 8 320 1000 154
504 8 128 2000 197
505 8 32 5000 162
506 8 32 2000 143
507 32 32 1000 124
508 32 128 2000 168
509 8 32 800 125
510 8 320 2000 176
511 32 32 2000 124
512 32 128 800 126
513 32 320 400 189
514 8 320 800 121
515 8 128 400 187
516 32 320 800 170
517 32 128 1000 197
518 8 32 800 192
519 8 128 1000 129
520 8 128 2000 136
521 32 32 2000 112
522 8 320 800 101
523 32 320 400 172
524 32 320 800 147
525 8 32 1000 194
526 32 32 800 172
527 32 128 800 100
528 8 320 5000 193
529 32 128 800 160
530 8 320 1000 125
531 8 32 400 102
532 8 320 2000 181
533 8 320 1000 144
534 8 128 800 127
535 32 320 800 115
536 8 128 5000 169
537 8 320 2000 95
538 8 32 1000 186
539 32 128 5000 189
540 8 320 400 130
541 8 320 800 146
542 8 32 400 155
543 32 32 1000 174
544 32 320 800 163
545 8 128 5000 179
546 8 32 800 90
547 32 320 400 167
548 8 320 400 109
549 32 128 2000 161
550 8 128 2000 111
551 8 32 2000 126
552 8 32 5000 171
553 32 128 5000 114
554 8 128 5000 145
555 32 320 5000 124
556 8 128 5000 146
114
0 472 65 163
6 118 59 92
7 290 52 93
9 538 56 90
10 329 54 103
13 218 67 179
14 238 49 106
15 103 42 147
25 391 69 120
27 489 57 134
27 131 49 146
28 277 45 131
28 521 52 131
29 455 49 132
31 65 68 114
31 300 61 116
31 298 61 133
35 100 56 186
36 126 47 141
47 244 49 188
49 181 57 142
51 301 59 200
54 219 65 131
55 128 67 136
55 359 68 190
56 232 67 185
56 415 54 199
56 151 59 108
58 240 66 103
62 247 58 130
63 427 46 102
65 161 45 173
69 323 44 193
72 499 41 137
73 315 51 160
80 519 52 182
81 519 66 128
85 271 41 181
85 164 48 184
90 534 42 178
90 353 42 181
91 397 62 135
94 219 43 164
100 420 49 120
100 321 40 170
109 272 62 129
110 176 50 125
117 536 56 197
118 163 47 97
119 477 45 129
120 165 65 106
121 240 67 175
121 459 56 140
124 352 48 175
126 189 40 129
129 178 63 165
133 358 62 167
133 467 70 170
135 465 42 141
149 394 58 199
152 303 47 133
153 179 49 121
163 507 55 174
168 292 53 186
169 201 67 92
169 175 54 188
172 269 67 125
185 260 47 190
185 341 57 100
187 346 40 137
188 231 52 117
190 531 46 129
191 216 46 102
195 386 65 196
203 498 64 180
210 487 41 122
224 479 57 166
224 341 45 138
225 486 63 153
231 543 57 199
232 501 62 93
237 276 60 123
246 387 46 192
255 327 67 181
262 276 50 176
264 412 70 131
274 335 40 191
275 441 50 176
278 422 62 130
281 314 70 199
282 375 44 197
284 301 43 109
293 294 46 92
300 548 43 122
300 380 40 154
304 519 53 195
312 364 64 190
320 472 53 171
320 444 43 189
322 376 42 182
331 407 58 91
334 548 55 115
352 450 70 180
355 402 46 161
365 532 62 165
371 386 65 158
389 502 51 195
413 457 40 161
414 453 41 137
434 520 69 166
443 476 40 157
446 486 69 90
455 543 69 100
536 552 41 149