347
0 8 16 300 113
1 16 16 1000 113
2 8 16 1000 129
3 16 128 500 143
4 8 128 300 105
5 2 64 1000 98
6 16 16 1000 97
7 8 16 200 96
8 2 16 300 112
9 16 128 200 107
10 2 128 300 144
11 8 128 1000 113
12 8 16 200 109
13 16 128 1000 134
14 16 128 200 149
15 2 128 1000 113
16 8 16 100 143
17 8 128 500 110
18 8 64 500 120
19 8 128 100 103
20 2 16 200 120
21 16 128 200 112
22 2 128 200 127
23 16 64 1000 141
24 16 16 1000 148
25 2 64 200 124
26 8 64 500 150
27 2 64 200 135
28 2 16 300 140
29 8 16 500 140
30 8 128 200 137
31 2 16 200 103
32 16 64 100 111
33 16 128 200 129
34 16 128 100 94
35 8 64 200 129
36 8 128 300 123
37 16 64 1000 142
38 8 128 1000 104
39 8 128 500 147
40 8 16 200 146
41 8 16 300 105
42 16 128 100 122
43 2 64 200 119
44 8 64 200 120
45 8 64 300 136
46 2 64 200 122
47 16 64 100 132
48 2 128 300 105
49 8 64 100 120
50 16 64 1000 124
51 16 64 1000 93
52 16 64 100 97
53 16 16 1000 113
54 8 128 100 95
55 16 64 300 146
56 16 16 200 112
57 16 64 500 106
58 2 128 500 129
59 16 64 200 102
60 8 128 1000 142
61 16 128 500 122
62 2 16 100 91
63 8 64 300 136
64 2 64 500 108
65 2 16 200 125
66 16 16 200 118
67 16 64 300 103
68 2 16 500 132
69 2 16 100 99
70 16 16 300 104
71 2 128 300 110
72 16 16 200 121
73 2 64 500 134
74 8 128 200 132
75 8 128 100 147
76 8 64 100 95
77 16 64 200 119
78 8 64 1000 111
79 2 64 300 127
80 2 16 200 103
81 2 16 1000 111
82 8 64 300 147
83 16 16 300 106
84 16 128 100 148
85 2 128 100 95
86 2 128 300 122
87 8 128 1000 129
88 2 16 300 121
89 8 128 1000 145
90 8 64 100 90
91 2 16 500 144
92 16 64 300 96
93 16 16 500 122
94 2 128 100 119
95 2 128 100 135
96 16 16 200 100
97 8 64 200 118
98 8 128 1000 109
99 8 64 1000 135
100 2 64 1000 113
101 16 16 200 100
102 2 128 100 129
103 8 128 300 107
104 8 16 100 150
105 8 64 200 93
106 16 64 500 109
107 16 16 500 92
108 16 128 100 96
109 2 128 300 114
110 8 128 100 98
111 2 128 1000 147
112 2 64 300 90
113 8 64 200 120
114 2 128 300 133
115 16 64 500 106
116 16 128 100 131
117 16 128 500 99
118 8 16 1000 131
119 8 64 200 143
120 8 16 1000 101
121 2 128 300 91
122 8 64 500 141
123 16 128 500 98
124 16 16 1000 119
125 2 64 300 104
126 8 64 1000 108
127 16 64 500 107
128 16 64 500 100
129 8 64 1000 102
130 8 64 500 104
131 8 64 500 137
132 16 128 300 119
133 8 128 100 112
134 16 64 200 97
135 16 64 300 144
136 16 128 100 96
137 2 128 300 146
138 8 128 300 128
139 8 64 200 103
140 16 128 500 100
141 16 128 200 119
142 2 128 500 146
143 2 128 300 125
144 2 128 500 142
145 8 128 100 131
146 2 16 1000 102
147 2 16 1000 120
148 16 16 1000 102
149 16 16 1000 124
150 2 128 200 123
151 16 64 1000 108
152 2 16 200 134
153 8 128 1000 121
154 2 16 500 144
155 2 128 300 131
156 2 64 300 137
157 16 64 200 149
158 8 128 500 90
159 16 64 1000 132
160 2 16 200 146
161 16 16 100 123
162 2 64 200 110
163 2 128 1000 123
164 8 128 500 123
165 16 16 500 133
166 2 16 100 138
167 2 16 100 107
168 8 64 300 112
169 16 16 500 133
170 8 128 500 130
171 2 64 200 125
172 16 128 500 149
173 8 64 100 95
174 8 16 200 123
175 2 128 1000 124
176 2 128 100 117
177 16 128 300 124
178 2 128 500 147
179 16 64 1000 150
180 16 128 300 131
181 16 16 500 111
182 16 16 300 137
183 16 64 200 94
184 8 64 500 136
185 16 64 200 150
186 16 64 500 113
187 16 128 200 150
188 8 128 500 146
189 16 64 300 101
190 2 128 1000 100
191 16 128 500 148
192 2 128 500 150
193 8 128 300 114
194 2 128 100 124
195 16 128 1000 129
196 8 64 500 123
197 2 16 1000 120
198 8 16 1000 138
199 2 16 500 99
200 8 128 300 93
201 8 16 200 99
202 16 64 300 143
203 8 16 1000 143
204 8 128 1000 107
205 8 16 300 108
206 2 64 100 149
207 2 64 100 131
208 8 16 200 143
209 16 64 300 103
210 8 64 500 106
211 16 16 100 142
212 8 128 500 112
213 2 128 1000 110
214 2 128 100 111
215 2 64 1000 133
216 16 128 100 113
217 2 16 500 148
218 8 64 1000 120
219 2 64 100 128
220 2 64 200 126
221 8 64 500 124
222 2 128 500 115
223 2 128 500 104
224 16 64 500 128
225 16 128 1000 93
226 8 16 300 103
227 8 16 300 120
228 2 64 300 108
229 8 64 100 107
230 2 16 1000 127
231 2 128 1000 109
232 16 128 500 147
233 2 128 100 100
234 2 64 1000 107
235 16 64 200 114
236 16 128 100 127
237 2 64 1000 138
238 8 16 100 142
239 16 16 200 109
240 8 64 500 116
241 16 128 500 130
242 2 16 500 150
243 2 128 1000 149
244 16 16 300 144
245 16 128 200 109
246 16 128 200 137
247 16 128 200 107
248 2 16 100 140
249 8 128 100 136
250 8 64 500 91
251 8 64 100 108
252 2 16 100 100
253 2 128 300 136
254 16 16 1000 118
255 8 64 300 104
256 2 128 500 130
257 16 64 300 103
258 16 16 200 142
259 2 16 200 105
260 2 128 100 150
261 8 16 200 145
262 8 16 100 142
263 8 16 300 97
264 8 128 100 102
265 2 16 200 108
266 2 128 100 147
267 16 16 200 111
268 2 16 100 123
269 2 16 100 104
270 2 64 100 145
271 2 128 100 98
272 8 16 1000 134
273 16 128 1000 138
274 8 16 500 145
275 16 64 300 136
276 8 128 300 141
277 2 128 300 145
278 8 64 500 149
279 16 128 300 125
280 2 16 200 134
281 8 128 1000 98
282 2 16 500 143
283 8 64 300 113
284 2 16 300 135
285 8 16 300 116
286 16 64 100 94
287 8 128 500 148
288 8 16 300 143
289 2 16 300 136
290 8 128 1000 123
291 16 128 500 94
292 8 128 500 103
293 8 16 1000 104
294 2 16 300 149
295 16 64 200 93
296 8 64 100 146
297 8 64 300 123
298 16 128 1000 114
299 2 16 1000 102
300 8 64 200 106
301 2 128 300 146
302 8 64 300 103
303 2 64 500 113
304 2 64 100 119
305 8 128 200 115
306 2 16 100 128
307 8 64 500 101
308 2 64 500 114
309 2 16 100 129
310 2 128 100 92
311 8 128 500 146
312 8 16 300 131
313 8 128 1000 148
314 8 64 200 106
315 16 64 200 124
316 8 64 200 145
317 2 128 200 143
318 16 64 1000 138
319 16 64 1000 127
320 16 16 500 129
321 16 128 100 110
322 8 128 500 120
323 8 16 500 103
324 16 16 300 117
325 8 128 200 120
326 16 128 100 109
327 2 16 200 102
328 16 128 1000 114
329 8 16 300 115
330 16 128 300 135
331 8 128 200 134
332 8 128 300 92
333 2 128 300 95
334 8 128 100 148
335 16 64 100 95
336 16 64 500 109
337 16 16 1000 92
338 2 16 100 100
339 2 64 500 112
340 2 16 100 95
341 8 128 100 120
342 2 128 1000 122
343 8 64 1000 90
344 2 64 100 140
345 8 128 1000 121
346 8 64 1000 123
136
0 176 48 170
0 200 58 107
8 62 63 104
10 147 61 102
10 241 66 118
11 179 62 170
11 203 56 200
13 60 66 97
13 93 44 105
14 199 45 174
14 231 41 123
14 175 59 172
18 267 69 197
19 83 51 174
20 113 53 192
21 169 61 155
22 110 56 112
23 209 50 123
23 134 63 148
28 135 55 175
28 291 40 106
28 134 53 196
29 254 62 95
29 270 56 197
30 313 40 104
32 204 68 160
34 159 60 111
34 174 64 104
36 342 61 97
38 242 65 159
39 333 46 166
41 142 42 200
44 292 70 176
48 214 50 192
49 306 42 128
50 207 68 198
51 260 40 177
52 61 46 157
52 234 59 195
58 226 41 186
60 321 67 122
60 203 65 142
61 256 55 157
64 167 42 161
72 282 56 130
73 303 46 191
73 310 50 165
74 275 40 99
75 331 70 96
76 186 43 192
78 192 64 131
81 314 61 126
83 291 58 141
83 99 55 189
85 130 68 182
87 127 68 188
90 189 43 158
94 196 57 168
98 144 62 196
98 117 46 189
100 178 60 123
102 281 46 200
104 221 48 106
104 180 51 161
105 254 53 101
106 299 66 165
107 187 59 139
110 218 50 196
112 190 45 90
113 189 61 106
120 160 58 163
121 161 53 184
121 317 69 182
123 333 42 136
124 210 52 115
125 223 69 137
125 318 57 185
126 141 67 200
128 344 42 111
131 315 63 169
134 320 67 96
135 346 53 200
137 218 62 181
140 247 58 139
142 326 63 197
143 310 59 104
144 314 56 105
145 165 55 101
146 234 53 95
148 237 45 134
148 167 44 147
151 192 50 171
151 204 57 121
152 191 51 200
154 323 51 130
155 240 58 184
159 170 40 108
160 178 50 125
161 310 52 161
163 309 65 163
164 175 70 191
165 332 64 122
170 292 43 107
171 255 48 108
172 204 45 159
179 301 42 94
185 279 51 99
187 251 56 149
190 285 65 189
192 314 41 153
194 263 70 131
199 330 64 113
208 241 44 199
209 236 52 127
212 257 40 138
216 284 66 162
226 260 67 135
234 308 66 103
235 275 44 198
240 253 40 169
241 274 63 110
245 306 56 164
247 322 67 134
247 279 45 163
249 281 61 168
251 334 44 188
260 286 56 200
262 341 66 118
268 334 53 160
275 344 65 120
285 333 68 174
287 290 44 159
291 293 41 187
303 325 65 187
310 330 58 171
320 345 41 150