434
0 16 96 5000 192
1 16 64 400 97
2 32 64 5000 120
3 32 64 400 188
4 32 64 800 128
5 32 96 2000 187
6 32 64 400 90
7 16 96 1000 132
8 32 96 2000 90
9 16 40 400 93
10 16 40 2000 96
11 16 40 400 91
12 16 64 5000 143
13 16 40 800 151
14 16 40 800 122
15 32 64 800 181
16 32 64 800 118
17 16 40 2000 176
18 16 40 1000 103
19 32 64 1000 101
20 32 64 2000 109
21 16 96 2000 109
22 32 96 1000 188
23 32 64 800 182
24 32 96 400 128
25 32 96 1000 133
26 16 40 400 103
27 16 40 400 131
28 32 96 2000 186
29 16 64 1000 136
30 32 40 2000 116
31 16 96 1000 142
32 32 40 5000 100
33 16 40 2000 120
34 16 40 2000 129
35 16 64 800 125
36 16 40 2000 104
37 32 64 400 163
38 32 96 800 127
39 16 64 800 132
40 32 64 2000 97
41 16 40 2000 97
42 32 64 2000 126
43 32 40 400 196
44 16 40 1000 198
45 32 96 400 193
46 32 64 800 139
47 16 40 5000 195
48 32 96 800 169
49 16 64 1000 181
50 16 40 400 175
51 32 96 400 93
52 16 40 5000 170
53 16 40 400 183
54 32 96 400 164
55 32 96 2000 120
56 32 40 1000 150
57 32 64 1000 167
58 32 96 800 120
59 16 96 2000 171
60 16 96 800 149
61 32 64 400 142
62 32 96 2000 112
63 32 40 400 122
64 16 40 800 117
65 32 64 1000 104
66 16 96 400 104
67 16 64 5000 146
68 16 40 400 117
69 16 64 2000 101
70 16 64 5000 187
71 32 64 2000 160
72 16 40 800 112
73 16 40 1000 118
74 16 64 2000 122
75 16 64 1000 192
76 32 40 2000 142
77 16 96 1000 146
78 16 96 2000 109
79 32 64 400 180
80 32 40 1000 102
81 16 64 2000 134
82 16 96 800 141
83 16 96 400 111
84 32 40 800 175
85 16 40 400 93
86 32 64 5000 128
87 32 64 2000 94
88 16 64 1000 122
89 16 96 2000 122
90 16 40 800 168
91 32 40 2000 105
92 16 40 800 176
93 16 40 5000 106
94 32 40 5000 172
95 16 96 400 96
96 32 40 400 102
97 32 64 1000 157
98 32 64 5000 194
99 32 64 800 162
100 32 96 2000 109
101 32 40 5000 154
102 16 64 2000 190
103 16 40 1000 187
104 16 96 800 154
105 16 64 800 114
106 32 96 800 115
107 32 40 2000 143
108 32 96 1000 101
109 32 64 5000 128
110 32 64 2000 190
111 32 64 5000 99
112 16 64 1000 192
113 32 96 400 138
114 32 40 5000 176
115 16 64 5000 159
116 32 64 400 185
117 16 96 800 194
118 16 64 800 102
119 16 96 1000 180
120 16 40 5000 186
121 16 40 400 96
122 16 40 5000 153
123 16 64 800 96
124 32 96 2000 153
125 16 96 2000 119
126 32 64 1000 161
127 32 40 1000 120
128 16 40 2000 135
129 32 64 1000 184
130 32 64 5000 152
131 32 40 800 191
132 32 40 1000 129
133 32 96 800 98
134 32 64 800 165
135 16 64 2000 131
136 32 96 1000 140
137 32 64 800 178
138 32 96 5000 187
139 32 96 1000 166
140 32 96 2000 177
141 16 64 400 147
142 32 96 1000 102
143 32 40 800 165
144 16 96 800 113
145 32 64 2000 99
146 32 64 2000 194
147 32 40 1000 106
148 32 96 1000 196
149 16 96 1000 128
150 16 96 5000 148
151 16 40 800 169
152 32 64 800 130
153 32 64 400 133
154 16 96 5000 164
155 32 64 2000 162
156 16 40 800 196
157 16 64 5000 174
158 32 96 1000 116
159 16 96 800 145
160 16 96 2000 156
161 16 40 400 130
162 16 96 5000 166
163 16 40 5000 195
164 32 40 400 171
165 16 64 2000 171
166 32 40 5000 173
167 32 96 5000 137
168 32 96 2000 109
169 16 96 5000 177
170 16 40 800 188
171 32 40 5000 128
172 16 40 400 94
173 16 40 400 189
174 32 40 5000 167
175 16 96 400 99
176 16 64 400 91
177 32 64 400 174
178 32 40 5000 148
179 16 64 5000 116
180 32 40 1000 159
181 16 40 5000 184
182 32 40 1000 93
183 16 96 400 157
184 16 64 400 129
185 32 96 2000 141
186 16 64 5000 103
187 16 96 2000 191
188 32 40 400 103
189 16 40 5000 179
190 16 64 5000 112
191 32 96 400 131
192 32 96 5000 188
193 32 64 5000 132
194 32 64 800 151
195 32 64 800 132
196 32 96 2000 138
197 16 96 1000 125
198 32 40 5000 147
199 16 40 800 153
200 32 40 400 115
201 32 40 400 119
202 32 64 2000 150
203 32 40 5000 155
204 16 64 400 185
205 32 40 2000 90
206 16 64 2000 170
207 32 96 2000 138
208 16 64 400 156
209 32 96 5000 106
210 16 64 2000 147
211 16 96 2000 148
212 32 40 2000 130
213 16 64 5000 165
214 32 40 2000 192
215 32 40 400 148
216 16 96 1000 128
217 16 40 1000 134
218 16 40 5000 177
219 32 64 800 97
220 16 64 2000 96
221 32 64 800 160
222 16 64 2000 179
223 32 40 1000 149
224 16 40 800 139
225 16 64 1000 139
226 16 96 1000 95
227 32 64 1000 150
228 32 64 1000 167
229 32 64 5000 127
230 32 64 400 96
231 16 96 1000 123
232 16 64 2000 125
233 32 40 1000 129
234 16 64 5000 143
235 32 96 1000 96
236 32 40 400 157
237 32 40 1000 125
238 32 64 800 126
239 16 96 800 196
240 16 64 5000 196
241 32 96 1000 191
242 32 96 400 155
243 32 40 2000 143
244 32 64 2000 194
245 16 64 2000 180
246 16 64 1000 97
247 16 40 800 117
248 32 40 5000 94
249 16 64 1000 184
250 32 40 5000 195
251 32 96 800 106
252 16 64 1000 199
253 32 40 400 124
254 16 64 5000 133
255 16 40 800 105
256 16 64 5000 160
257 16 96 2000 111
258 32 64 1000 136
259 32 96 800 140
260 16 96 800 122
261 32 96 5000 160
262 16 96 2000 192
263 16 64 5000 167
264 32 40 400 153
265 16 64 5000 186
266 16 96 5000 118
267 16 96 400 181
268 16 64 1000 159
269 16 40 5000 123
270 32 40 5000 137
271 16 40 1000 196
272 32 40 5000 136
273 32 40 5000 159
274 16 96 5000 196
275 32 96 800 139
276 16 40 400 143
277 16 64 400 128
278 16 96 800 114
279 32 64 2000 171
280 16 96 1000 120
281 32 40 400 170
282 32 40 1000 145
283 16 96 5000 138
284 16 40 5000 179
285 16 96 2000 120
286 16 96 5000 188
287 16 40 1000 91
288 16 40 1000 143
289 32 40 800 136
290 32 64 800 152
291 16 40 800 143
292 32 64 2000 133
293 32 40 400 189
294 32 40 5000 158
295 16 64 5000 165
296 16 64 5000 100
297 32 96 2000 197
298 16 96 400 186
299 32 40 1000 112
300 32 40 1000 113
301 32 40 5000 135
302 16 40 800 189
303 32 96 2000 186
304 32 96 5000 103
305 32 64 2000 135
306 32 40 1000 177
307 32 96 400 93
308 16 96 5000 107
309 16 64 400 119
310 32 96 2000 125
311 16 96 800 128
312 32 96 2000 139
313 32 64 2000 140
314 32 40 400 146
315 32 64 2000 171
316 32 40 800 133
317 32 40 2000 130
318 32 40 2000 193
319 16 40 800 152
320 16 40 800 189
321 16 96 800 193
322 16 64 400 132
323 32 96 800 186
324 32 40 5000 132
325 16 40 400 143
326 32 96 5000 178
327 16 96 400 90
328 16 64 2000 162
329 32 96 5000 138
330 32 40 5000 160
331 32 40 1000 153
332 16 40 2000 170
333 16 64 5000 103
334 32 96 5000 190
335 16 40 1000 116
336 16 64 2000 96
337 16 40 800 126
338 16 64 5000 157
339 16 40 1000 116
340 16 96 5000 162
341 32 40 5000 96
342 16 64 2000 93
343 16 64 5000 148
344 32 40 5000 101
345 16 40 5000 183
346 32 40 5000 139
347 16 96 1000 95
348 32 96 800 165
349 16 96 800 188
350 32 40 2000 142
351 16 64 5000 95
352 32 96 5000 132
353 16 96 1000 169
354 32 64 1000 99
355 16 96 400 129
356 16 64 800 108
357 32 40 5000 118
358 32 64 5000 137
359 32 64 400 196
360 16 40 400 179
361 32 40 1000 96
362 16 40 2000 130
363 16 40 2000 160
364 16 96 5000 130
365 16 64 1000 133
366 16 40 1000 175
367 16 96 1000 151
368 32 64 400 145
369 16 64 800 150
370 16 96 1000 193
371 16 40 800 116
372 16 40 5000 169
373 32 64 1000 192
374 16 40 400 119
375 32 64 2000 90
376 32 40 1000 138
377 32 64 400 115
378 32 96 400 130
379 32 96 1000 139
380 32 40 1000 161
381 32 40 800 139
382 16 40 1000 115
383 32 64 800 127
384 32 96 400 189
385 32 96 5000 101
386 32 96 2000 194
387 16 96 800 184
388 16 64 800 123
389 16 96 400 194
390 16 40 2000 158
391 32 96 5000 103
392 32 40 400 149
393 16 40 5000 146
394 16 64 800 148
395 32 40 1000 121
396 32 64 400 171
397 16 96 400 115
398 16 96 800 154
399 32 64 800 97
400 32 64 800 127
401 16 96 1000 113
402 16 96 2000 176
403 32 64 800 183
404 32 64 800 102
405 16 96 800 118
406 16 40 800 150
407 16 96 800 98
408 32 64 800 162
409 32 40 800 128
410 16 64 400 166
411 32 40 5000 191
412 16 96 1000 168
413 16 96 800 165
414 16 64 1000 183
415 16 40 1000 103
416 32 64 800 168
417 16 40 400 97
418 32 96 5000 194
419 16 64 800 129
420 16 96 2000 107
421 16 40 800 190
422 32 96 800 114
423 16 40 5000 179
424 16 64 800 132
425 32 64 5000 168
426 32 40 2000 98
427 32 96 400 190
428 32 96 400 159
429 32 96 5000 106
430 16 40 2000 179
431 32 64 800 136
432 32 96 1000 141
433 32 64 400 155
122
0 17 61 165
0 358 53 129
1 346 54 129
4 192 63 117
5 271 53 124
6 70 51 101
6 166 63 108
8 37 44 123
10 237 66 94
17 169 48 137
18 408 69 143
20 392 45 150
20 300 68 199
20 282 61 92
21 190 60 150
22 248 55 108
23 421 49 114
26 226 53 188
26 273 65 96
29 251 41 91
31 35 55 170
34 355 63 184
38 395 54 172
38 185 60 167
39 412 45 106
39 399 58 113
43 92 53 142
43 228 60 169
46 181 48 110
47 60 64 160
52 359 51 141
55 263 66 158
60 309 66 181
64 318 45 138
64 268 64 96
64 403 57 107
65 304 55 120
66 293 64 191
67 191 40 138
70 296 47 97
72 426 45 162
74 405 52 174
75 150 65 118
75 153 55 98
77 369 53 92
78 169 69 195
78 411 52 101
84 155 65 100
91 127 52 149
92 232 51 133
94 114 50 92
97 158 53 172
98 168 68 101
100 200 62 117
100 132 43 110
100 206 65 143
117 295 44 124
124 367 61 200
125 219 55 129
126 131 55 141
127 350 66 185
128 145 58 133
134 311 54 139
136 298 56 140
141 268 67 128
144 265 51 193
153 415 69 150
153 414 53 179
154 214 47 138
165 180 54 163
165 390 63 114
166 413 58 110
167 227 61 93
168 303 54 179
168 334 53 90
171 328 66 96
172 390 57 188
178 424 63 95
178 186 56 170
184 254 47 146
185 277 47 149
189 373 59 144
196 310 57 184
198 240 64 94
200 361 56 143
200 404 44 195
201 203 65 163
205 282 50 107
206 354 64 142
208 374 43 173
209 287 60 100
212 420 40 173
212 269 63 148
214 332 69 178
214 354 67 134
217 225 70 155
220 428 42 92
221 300 56 160
226 277 55 146
234 365 61 199
236 253 59 153
241 249 60 112
248 312 56 186
270 323 44 155
271 379 49 129
286 367 52 104
288 368 57 100
291 379 52 134
291 339 58 173
298 341 67 196
312 399 59 113
314 413 61 164
324 347 40 90
324 408 66 126
333 431 47 139
343 393 57 100
345 414 59 95
362 403 53 171
369 403 45 112
382 418 50 186
387 411 47 96
421 430 47 131