683
0 16 16 2000 91
1 32 8 500 73
2 4 16 1000 55
3 32 8 200 67
4 64 16 200 31
5 16 16 100 97
6 64 128 500 72
7 64 128 100 84
8 64 128 100 86
9 32 64 2000 62
10 32 64 100 40
11 16 8 2000 81
12 16 16 200 56
13 32 128 200 57
14 32 128 100 96
15 4 8 1000 48
16 16 128 500 84
17 16 128 100 65
18 16 128 2000 85
19 16 16 500 88
20 4 64 100 39
21 16 128 500 67
22 16 128 500 72
23 64 64 200 54
24 4 8 200 80
25 4 64 1000 44
26 4 64 500 33
27 4 8 2000 32
28 32 16 200 52
29 4 128 500 30
30 32 64 1000 65
31 4 16 200 50
32 64 64 500 49
33 4 8 100 53
34 32 16 200 66
35 4 8 100 73
36 64 128 100 91
37 64 64 100 49
38 32 64 2000 73
39 64 16 200 57
40 64 64 1000 45
41 32 8 500 47
42 64 8 500 97
43 4 16 500 93
44 32 64 2000 99
45 32 16 100 93
46 64 128 2000 45
47 32 64 100 70
48 16 16 500 54
49 32 128 100 75
50 32 64 100 33
51 16 128 2000 53
52 32 128 500 31
53 32 64 500 66
54 32 8 1000 73
55 64 16 2000 46
56 16 8 2000 51
57 64 8 500 68
58 4 64 200 90
59 4 128 500 85
60 4 128 2000 90
61 4 8 500 70
62 16 128 500 88
63 16 8 100 81
64 32 64 100 46
65 16 16 500 70
66 4 8 100 59
67 32 16 500 75
68 4 64 2000 73
69 4 16 500 57
70 32 128 500 63
71 16 64 500 96
72 4 128 2000 62
73 64 64 500 63
74 32 128 500 100
75 4 128 500 37
76 16 64 2000 78
77 32 16 200 72
78 32 16 500 93
79 4 16 200 34
80 32 16 200 78
81 16 64 200 60
82 16 128 2000 94
83 16 64 500 59
84 4 8 200 94
85 64 8 2000 61
86 32 64 100 77
87 4 16 200 80
88 16 64 500 48
89 32 64 100 66
90 64 16 200 81
91 32 16 200 76
92 16 64 2000 67
93 32 128 100 50
94 4 128 100 47
95 64 64 500 63
96 64 16 200 44
97 64 128 1000 76
98 32 128 2000 99
99 16 16 100 51
100 16 16 100 32
101 16 64 200 75
102 32 8 1000 83
103 32 64 1000 55
104 4 8 2000 67
105 32 128 200 96
106 16 8 100 94
107 4 8 2000 44
108 64 128 1000 35
109 16 16 2000 90
110 4 8 500 99
111 4 16 2000 30
112 64 64 200 72
113 16 8 100 42
114 64 128 500 63
115 16 64 2000 56
116 64 16 100 74
117 16 128 2000 90
118 32 128 200 32
119 4 16 500 47
120 64 16 200 68
121 4 16 500 46
122 64 8 500 94
123 16 16 100 33
124 16 64 1000 80
125 16 8 500 86
126 4 64 2000 62
127 32 16 100 30
128 32 128 1000 73
129 16 8 1000 63
130 4 128 200 75
131 4 8 500 70
132 32 128 200 100
133 16 128 200 38
134 16 128 2000 80
135 64 64 100 61
136 16 8 500 93
137 32 64 500 98
138 32 128 2000 55
139 16 64 200 30
140 64 8 1000 33
141 32 16 100 90
142 32 8 1000 97
143 32 8 2000 38
144 16 16 2000 45
145 32 128 100 62
146 32 8 100 57
147 4 8 500 63
148 16 128 2000 50
149 4 64 1000 98
150 16 128 200 93
151 4 128 200 92
152 16 64 500 63
153 16 64 100 80
154 64 128 100 36
155 32 16 200 83
156 16 8 200 93
157 64 8 2000 91
158 4 8 1000 85
159 32 8 2000 68
160 16 64 500 54
161 32 128 200 96
162 64 64 200 100
163 4 64 100 82
164 4 64 2000 89
165 32 128 100 61
166 64 64 200 59
167 16 64 1000 50
168 32 8 500 57
169 64 64 200 77
170 16 64 200 93
171 4 128 200 90
172 4 64 500 96
173 32 128 2000 34
174 16 64 500 54
175 4 64 1000 56
176 32 16 1000 54
177 16 128 200 87
178 4 128 200 40
179 32 16 200 37
180 4 128 1000 69
181 16 128 1000 97
182 32 8 2000 38
183 32 128 2000 74
184 4 128 100 43
185 16 64 2000 82
186 64 64 2000 93
187 32 16 1000 72
188 32 16 100 67
189 32 128 2000 69
190 32 128 2000 59
191 32 128 200 48
192 16 8 200 63
193 4 16 1000 50
194 16 64 500 96
195 64 8 500 69
196 4 64 500 52
197 32 64 100 65
198 32 64 2000 37
199 32 16 200 46
200 4 8 200 65
201 32 64 500 88
202 4 16 500 32
203 64 8 1000 57
204 4 8 1000 60
205 4 128 200 62
206 16 16 100 96
207 32 8 100 89
208 16 128 1000 59
209 4 8 500 55
210 32 128 100 84
211 64 16 100 69
212 4 128 500 92
213 4 8 500 79
214 16 8 1000 58
215 4 16 100 85
216 32 16 200 57
217 4 64 500 75
218 64 64 200 31
219 64 16 1000 99
220 64 8 1000 59
221 16 16 2000 34
222 32 128 100 58
223 64 16 100 53
224 64 128 1000 41
225 4 16 500 64
226 16 8 500 65
227 16 64 100 34
228 64 64 200 90
229 16 64 2000 79
230 16 8 2000 76
231 4 64 200 83
232 32 64 2000 50
233 64 16 200 65
234 16 16 500 30
235 32 64 1000 100
236 4 128 500 96
237 16 64 1000 67
238 32 128 1000 88
239 16 8 100 98
240 4 8 2000 66
241 64 128 200 88
242 4 16 500 66
243 32 16 500 53
244 64 8 1000 84
245 4 64 2000 41
246 32 64 2000 38
247 4 64 200 90
248 4 8 100 74
249 4 8 2000 60
250 32 8 2000 48
251 32 64 100 72
252 32 128 500 100
253 32 128 2000 93
254 16 128 100 57
255 16 16 100 83
256 32 128 500 85
257 4 16 100 37
258 32 128 100 59
259 64 128 500 92
260 32 8 200 90
261 16 64 500 77
262 32 128 2000 63
263 64 8 500 30
264 32 8 200 89
265 4 128 100 36
266 4 8 200 96
267 16 128 100 60
268 4 8 200 53
269 64 64 200 82
270 64 64 2000 40
271 64 128 2000 81
272 32 16 500 52
273 16 64 500 89
274 4 128 1000 42
275 16 64 100 43
276 16 128 2000 94
277 64 128 200 73
278 4 64 200 90
279 64 16 500 37
280 64 16 2000 48
281 64 128 100 32
282 32 64 1000 41
283 32 128 1000 72
284 4 16 2000 72
285 4 128 2000 99
286 16 64 1000 43
287 16 16 200 77
288 4 128 1000 77
289 4 64 200 64
290 32 8 100 75
291 64 16 2000 64
292 4 64 200 87
293 64 64 2000 72
294 4 16 1000 42
295 32 16 1000 47
296 64 128 100 31
297 16 16 2000 69
298 16 16 200 68
299 4 64 1000 92
300 4 64 1000 97
301 16 16 500 53
302 16 128 500 93
303 32 128 100 60
304 4 8 1000 63
305 64 8 200 55
306 32 128 2000 60
307 16 128 200 91
308 64 8 200 99
309 64 8 500 58
310 32 64 1000 38
311 4 64 1000 94
312 64 16 200 33
313 32 8 2000 61
314 16 8 2000 45
315 16 16 1000 72
316 64 16 2000 63
317 32 64 100 48
318 16 8 100 71
319 4 16 100 84
320 16 128 100 92
321 16 64 500 39
322 32 64 1000 68
323 16 64 100 73
324 4 16 200 98
325 16 64 200 63
326 32 64 2000 66
327 64 8 500 78
328 64 64 1000 46
329 16 64 500 55
330 32 8 500 86
331 4 64 2000 92
332 4 8 500 64
333 32 64 500 63
334 32 8 1000 49
335 32 128 200 96
336 16 128 200 46
337 16 128 200 38
338 32 8 1000 54
339 64 64 200 91
340 64 64 200 39
341 64 128 1000 54
342 4 16 100 53
343 16 128 200 43
344 32 8 500 54
345 4 16 2000 56
346 4 64 2000 75
347 16 64 2000 37
348 4 16 2000 89
349 16 64 500 71
350 64 8 500 94
351 4 128 1000 91
352 16 128 100 53
353 64 16 500 31
354 32 16 100 66
355 32 8 100 78
356 16 128 100 63
357 16 128 100 85
358 32 64 500 64
359 64 128 200 58
360 16 128 2000 73
361 32 128 200 66
362 64 16 2000 67
363 4 16 2000 30
364 16 8 500 45
365 64 64 2000 78
366 4 8 2000 48
367 32 16 2000 84
368 4 64 200 79
369 64 16 2000 53
370 64 128 500 35
371 64 16 500 71
372 4 64 1000 34
373 16 8 500 56
374 32 16 1000 64
375 16 8 200 68
376 16 128 100 53
377 64 8 100 53
378 16 64 2000 98
379 32 128 500 75
380 32 8 1000 51
381 16 64 200 46
382 32 64 100 88
383 32 16 1000 75
384 32 128 200 57
385 32 16 500 85
386 32 8 500 40
387 16 128 100 79
388 32 8 2000 62
389 64 16 100 46
390 64 16 200 45
391 32 8 2000 50
392 4 64 2000 65
393 32 128 200 85
394 4 64 2000 91
395 32 8 1000 93
396 4 64 200 98
397 4 8 1000 61
398 4 128 100 51
399 64 16 2000 47
400 64 8 2000 42
401 16 16 500 33
402 64 128 200 55
403 32 128 200 58
404 4 8 2000 77
405 4 128 1000 62
406 16 64 500 45
407 32 64 100 44
408 16 64 2000 56
409 4 8 2000 42
410 16 128 100 74
411 4 8 200 49
412 4 16 2000 74
413 32 64 2000 38
414 32 8 1000 92
415 32 128 2000 74
416 32 8 200 73
417 64 16 1000 64
418 32 8 500 82
419 64 16 200 78
420 32 8 100 90
421 32 64 1000 90
422 32 16 500 71
423 64 64 200 65
424 32 128 2000 96
425 64 64 1000 84
426 32 128 500 80
427 32 128 200 73
428 16 64 100 39
429 64 8 2000 87
430 16 64 100 64
431 16 64 100 51
432 16 128 1000 70
433 4 8 100 51
434 16 8 200 78
435 32 64 1000 69
436 16 128 2000 93
437 32 16 500 88
438 64 128 500 77
439 64 64 2000 76
440 32 16 200 77
441 64 128 200 85
442 16 64 1000 65
443 16 16 200 96
444 4 8 2000 84
445 16 64 100 90
446 4 64 500 46
447 16 16 1000 92
448 4 128 1000 62
449 64 128 2000 76
450 4 8 1000 61
451 16 128 1000 46
452 16 8 200 66
453 32 64 1000 74
454 64 16 200 44
455 16 16 200 76
456 4 16 200 32
457 32 128 2000 96
458 64 128 200 82
459 4 128 500 40
460 64 8 100 60
461 4 64 1000 37
462 4 16 2000 54
463 32 8 1000 39
464 64 64 1000 61
465 64 16 200 37
466 4 128 200 65
467 32 8 2000 63
468 32 16 500 46
469 16 8 100 40
470 32 16 100 62
471 64 8 2000 33
472 32 16 1000 31
473 4 8 500 87
474 32 64 1000 95
475 64 128 2000 76
476 4 8 200 30
477 32 16 200 79
478 64 8 500 41
479 16 16 500 47
480 32 128 2000 62
481 32 16 100 69
482 64 128 2000 74
483 4 128 2000 37
484 32 8 1000 51
485 4 64 500 77
486 4 8 500 40
487 4 64 200 87
488 4 128 100 86
489 16 64 100 44
490 64 64 500 90
491 32 8 1000 48
492 32 16 500 77
493 4 16 2000 100
494 4 8 100 62
495 4 8 500 74
496 64 16 1000 68
497 16 64 2000 68
498 4 16 2000 85
499 64 128 100 81
500 64 16 1000 76
501 4 16 1000 37
502 64 16 200 55
503 16 8 100 69
504 4 128 1000 82
505 16 8 100 88
506 64 8 200 42
507 4 16 500 47
508 4 16 100 55
509 64 16 200 52
510 64 128 500 54
511 16 16 200 44
512 64 16 2000 34
513 4 8 2000 81
514 64 16 500 70
515 32 64 100 62
516 4 16 200 94
517 64 128 100 96
518 4 128 2000 79
519 32 8 2000 82
520 32 16 100 38
521 32 64 200 56
522 16 128 500 70
523 16 8 500 87
524 16 8 1000 65
525 4 8 500 66
526 64 8 500 94
527 64 16 500 45
528 4 16 1000 47
529 4 16 1000 74
530 64 16 500 43
531 64 64 1000 62
532 32 8 2000 75
533 16 16 100 91
534 4 8 500 61
535 16 128 100 89
536 64 16 500 52
537 16 64 500 84
538 64 64 200 75
539 32 8 200 49
540 32 8 1000 69
541 32 8 100 50
542 64 64 2000 77
543 32 64 200 49
544 4 16 2000 30
545 4 16 1000 61
546 4 16 500 48
547 32 64 100 54
548 64 16 2000 82
549 32 128 200 41
550 32 128 2000 42
551 64 16 200 61
552 64 16 1000 38
553 64 64 200 89
554 64 128 100 63
555 64 128 200 70
556 16 16 1000 56
557 4 16 100 74
558 4 128 100 75
559 32 8 2000 94
560 64 8 2000 92
561 32 64 1000 61
562 16 64 500 72
563 64 128 1000 81
564 32 16 100 84
565 32 8 100 90
566 64 128 500 98
567 64 8 2000 90
568 16 128 2000 75
569 4 8 500 55
570 4 16 2000 36
571 16 16 100 42
572 64 8 1000 58
573 64 128 2000 82
574 4 8 1000 33
575 64 128 500 33
576 64 64 100 90
577 32 128 200 62
578 32 16 2000 99
579 4 128 200 34
580 4 128 100 41
581 4 128 100 63
582 32 16 1000 92
583 4 8 1000 34
584 4 16 100 37
585 16 8 100 50
586 16 128 2000 99
587 4 16 200 30
588 32 16 2000 78
589 16 64 1000 48
590 16 64 1000 58
591 32 128 500 42
592 4 128 1000 99
593 64 8 200 67
594 64 64 100 88
595 16 16 1000 79
596 16 16 200 79
597 64 16 2000 74
598 16 16 100 69
599 32 128 200 68
600 16 8 100 87
601 4 8 2000 83
602 32 128 500 66
603 32 16 200 44
604 4 64 100 46
605 64 64 200 44
606 4 16 500 74
607 64 16 2000 60
608 32 8 500 81
609 16 64 100 79
610 4 128 100 84
611 4 128 2000 78
612 4 8 100 95
613 32 128 1000 53
614 4 8 1000 59
615 32 128 2000 71
616 64 16 2000 100
617 4 64 2000 30
618 4 8 1000 55
619 16 64 200 61
620 64 16 200 63
621 32 8 2000 86
622 16 128 2000 69
623 64 64 1000 50
624 32 16 200 38
625 16 64 1000 85
626 32 64 500 93
627 4 8 500 33
628 16 64 100 78
629 16 64 2000 78
630 16 64 500 84
631 16 8 200 69
632 16 16 100 56
633 32 128 1000 78
634 16 128 2000 50
635 16 128 1000 78
636 4 8 1000 80
637 32 128 100 91
638 64 128 500 54
639 64 16 500 64
640 64 16 200 61
641 64 64 500 91
642 16 128 500 57
643 32 8 200 73
644 64 64 500 40
645 32 128 1000 73
646 16 8 200 93
647 32 8 2000 84
648 16 16 2000 90
649 64 64 1000 30
650 4 8 500 54
651 4 16 2000 86
652 64 64 500 62
653 32 8 1000 55
654 4 8 1000 39
655 16 8 200 67
656 64 64 2000 60
657 32 64 500 60
658 16 128 500 71
659 64 64 500 97
660 4 128 100 31
661 64 128 200 56
662 64 64 200 40
663 32 16 200 46
664 4 16 200 43
665 4 8 2000 71
666 16 8 2000 80
667 64 64 200 52
668 16 8 500 98
669 32 64 200 69
670 32 128 1000 34
671 64 64 1000 73
672 4 16 200 43
673 16 64 100 50
674 32 64 2000 76
675 32 128 200 69
676 64 16 1000 31
677 64 16 2000 79
678 32 64 1000 79
679 32 8 1000 58
680 4 128 1000 35
681 16 8 200 57
682 4 128 1000 33
9
28 185 48 81
113 168 31 72
120 249 18 90
169 370 21 57
173 663 40 34
182 649 29 96
299 548 29 86
338 342 46 35
511 574 27 47