876
0 16 64 500 46
1 64 8 500 65
2 4 128 200 55
3 4 16 1000 60
4 4 8 200 92
5 4 64 1000 39
6 64 8 200 55
7 16 8 200 83
8 4 128 200 84
9 32 16 200 68
10 64 64 500 62
11 64 128 100 54
12 4 8 200 61
13 32 8 100 44
14 16 8 200 89
15 16 8 1000 93
16 4 8 2000 94
17 32 64 200 61
18 64 128 100 58
19 32 16 2000 81
20 4 64 1000 39
21 4 8 200 43
22 16 64 500 95
23 64 16 500 83
24 32 128 500 64
25 32 128 2000 30
26 64 8 500 30
27 16 64 200 86
28 32 8 100 94
29 64 128 500 52
30 4 128 100 56
31 64 16 200 54
32 32 128 200 98
33 16 64 2000 45
34 4 128 2000 99
35 16 64 1000 37
36 64 128 1000 41
37 4 64 100 72
38 16 16 1000 97
39 16 128 2000 44
40 32 128 200 58
41 4 16 100 32
42 4 128 100 69
43 32 8 500 75
44 32 16 1000 32
45 64 8 2000 60
46 64 128 100 65
47 64 64 200 94
48 32 64 200 75
49 4 16 2000 54
50 64 16 500 75
51 4 64 200 71
52 4 128 1000 92
53 64 8 2000 88
54 16 16 1000 43
55 64 8 500 31
56 32 8 1000 53
57 64 128 1000 54
58 64 128 2000 84
59 16 128 1000 46
60 16 8 2000 79
61 4 64 200 71
62 16 128 1000 61
63 16 64 1000 59
64 4 128 2000 71
65 16 64 2000 59
66 4 64 200 53
67 16 16 200 67
68 64 128 2000 67
69 64 8 500 56
70 4 128 100 32
71 32 128 100 75
72 4 16 100 59
73 4 64 2000 68
74 64 16 200 53
75 16 8 2000 66
76 16 16 2000 50
77 64 64 500 57
78 16 128 500 33
79 32 64 100 55
80 4 64 100 36
81 64 8 1000 32
82 64 64 200 49
83 4 128 200 95
84 32 16 2000 84
85 16 8 200 32
86 16 128 100 91
87 4 8 200 53
88 64 16 2000 57
89 32 8 1000 53
90 16 64 200 58
91 16 64 1000 50
92 16 64 2000 42
93 32 8 100 61
94 4 64 100 37
95 16 128 2000 77
96 16 16 2000 89
97 4 8 500 84
98 32 16 100 58
99 32 16 100 61
100 16 64 200 83
101 16 8 2000 52
102 64 8 100 76
103 16 16 100 40
104 16 128 500 45
105 64 64 1000 57
106 64 128 100 42
107 16 128 100 92
108 16 64 1000 83
109 32 16 2000 80
110 32 8 500 89
111 64 64 200 96
112 64 64 100 69
113 32 64 200 64
114 64 8 1000 57
115 32 64 500 92
116 64 64 100 95
117 32 16 200 39
118 64 128 100 60
119 4 128 500 39
120 32 8 1000 54
121 16 64 200 88
122 16 8 200 81
123 4 16 200 57
124 32 8 500 31
125 16 128 1000 30
126 4 128 500 59
127 32 16 200 66
128 64 128 500 97
129 4 8 200 40
130 32 64 200 73
131 4 64 1000 41
132 16 128 100 31
133 16 64 500 37
134 4 16 2000 30
135 4 8 1000 96
136 16 8 500 93
137 4 8 500 38
138 32 64 500 98
139 64 8 200 94
140 4 16 500 67
141 16 128 200 44
142 4 128 200 80
143 32 8 200 46
144 16 128 200 83
145 4 16 200 78
146 16 128 2000 60
147 16 16 500 97
148 64 8 2000 62
149 64 8 2000 69
150 64 16 500 84
151 32 16 100 78
152 32 128 2000 48
153 16 128 200 63
154 64 16 200 67
155 64 128 500 40
156 32 8 100 75
157 16 16 500 80
158 4 8 200 85
159 16 16 2000 53
160 32 64 1000 52
161 16 128 1000 63
162 32 64 2000 31
163 4 64 200 48
164 64 8 1000 94
165 4 64 200 36
166 4 16 100 39
167 16 128 1000 35
168 16 8 2000 71
169 4 8 500 48
170 4 16 500 49
171 64 8 100 59
172 16 64 500 92
173 4 8 2000 70
174 16 128 100 66
175 64 128 1000 77
176 16 16 200 72
177 16 8 200 50
178 16 8 200 45
179 4 64 1000 55
180 16 16 500 34
181 16 16 500 58
182 16 128 100 86
183 64 16 500 61
184 4 8 500 82
185 32 64 200 61
186 64 64 1000 52
187 4 16 200 94
188 4 64 200 99
189 4 128 2000 62
190 32 16 100 33
191 16 128 2000 48
192 32 8 2000 89
193 16 16 2000 49
194 16 8 500 71
195 4 8 2000 64
196 4 64 200 32
197 4 128 200 90
198 64 64 500 33
199 64 128 200 91
200 64 16 200 55
201 32 16 200 80
202 64 8 500 40
203 64 64 500 53
204 4 8 200 69
205 4 128 1000 86
206 64 64 2000 49
207 4 8 2000 90
208 64 16 100 79
209 4 128 500 51
210 4 16 200 49
211 4 128 2000 78
212 64 128 2000 84
213 4 64 1000 52
214 4 64 100 42
215 16 8 2000 98
216 32 128 200 67
217 64 64 100 98
218 16 128 1000 37
219 16 128 2000 66
220 4 16 2000 60
221 4 128 2000 36
222 16 128 2000 45
223 32 16 100 51
224 4 128 1000 86
225 32 8 100 31
226 16 8 200 80
227 16 128 1000 54
228 32 8 100 34
229 4 64 200 43
230 64 64 1000 63
231 32 128 500 90
232 16 16 200 76
233 64 16 1000 53
234 4 16 2000 57
235 32 16 1000 90
236 64 64 2000 75
237 4 16 500 83
238 32 16 1000 63
239 4 8 200 49
240 64 16 100 84
241 64 64 1000 84
242 4 128 100 41
243 64 128 100 39
244 16 16 2000 84
245 64 128 2000 99
246 4 128 1000 40
247 64 128 500 51
248 16 128 100 82
249 64 8 500 56
250 16 64 100 36
251 16 64 1000 80
252 4 64 200 50
253 32 8 1000 59
254 16 8 500 98
255 4 64 500 69
256 16 128 2000 36
257 64 128 2000 99
258 16 128 500 43
259 16 8 1000 83
260 4 64 500 99
261 4 128 200 50
262 4 128 1000 85
263 16 64 200 59
264 16 128 100 77
265 4 128 200 61
266 4 8 1000 75
267 64 128 500 59
268 16 64 1000 97
269 4 64 2000 73
270 16 8 2000 83
271 32 16 500 42
272 32 64 1000 72
273 4 16 100 62
274 16 16 200 75
275 4 128 2000 69
276 32 16 2000 86
277 32 64 1000 88
278 64 128 1000 96
279 16 128 100 45
280 64 8 500 36
281 16 8 500 54
282 32 128 100 66
283 4 8 2000 64
284 64 16 500 56
285 32 16 100 43
286 64 128 200 57
287 4 128 200 44
288 4 16 2000 72
289 64 16 200 99
290 4 8 500 68
291 32 128 500 59
292 16 128 500 50
293 64 128 200 30
294 32 64 1000 94
295 4 64 1000 99
296 4 8 100 80
297 16 128 2000 97
298 16 8 1000 37
299 32 64 1000 41
300 32 64 100 31
301 64 16 100 96
302 16 16 500 59
303 16 8 100 66
304 16 128 100 36
305 64 64 100 51
306 64 64 100 30
307 64 64 200 36
308 64 128 500 43
309 16 64 1000 84
310 16 8 2000 72
311 64 16 200 89
312 32 64 1000 71
313 32 128 1000 47
314 64 8 1000 70
315 32 64 200 72
316 64 16 2000 32
317 16 8 2000 66
318 4 8 2000 91
319 32 16 1000 89
320 4 16 1000 30
321 32 8 1000 58
322 16 16 1000 54
323 64 16 100 54
324 32 8 100 32
325 16 8 100 53
326 64 16 200 81
327 4 16 2000 48
328 32 16 1000 55
329 16 128 2000 71
330 32 8 2000 56
331 16 8 200 50
332 4 64 100 40
333 32 128 200 99
334 4 128 500 53
335 64 64 200 53
336 64 64 2000 70
337 32 16 200 40
338 64 64 500 89
339 64 16 100 53
340 32 64 500 83
341 16 64 1000 66
342 32 8 2000 66
343 32 8 1000 40
344 64 64 2000 65
345 64 128 200 100
346 32 16 1000 60
347 16 64 1000 81
348 64 8 100 82
349 4 8 100 35
350 4 8 2000 92
351 4 128 2000 32
352 32 128 500 36
353 16 8 200 85
354 64 8 500 77
355 16 8 1000 89
356 32 16 2000 42
357 4 64 200 89
358 4 128 100 33
359 4 128 100 40
360 64 128 1000 45
361 32 16 1000 88
362 64 128 1000 100
363 4 16 100 96
364 4 16 200 76
365 64 8 500 91
366 4 128 200 78
367 16 128 200 92
368 4 8 500 68
369 4 64 500 80
370 64 64 1000 73
371 4 128 100 66
372 64 128 1000 46
373 16 128 500 82
374 16 16 1000 76
375 16 8 100 33
376 16 64 1000 30
377 64 16 1000 67
378 4 128 1000 43
379 16 16 200 49
380 16 8 500 34
381 32 64 500 52
382 32 16 500 66
383 32 64 100 30
384 4 64 2000 30
385 32 16 2000 35
386 64 16 1000 60
387 4 16 200 65
388 16 128 2000 89
389 32 64 500 99
390 32 128 500 38
391 4 16 500 89
392 16 64 2000 72
393 4 16 1000 39
394 64 128 2000 64
395 32 128 500 53
396 16 128 2000 71
397 64 8 100 69
398 16 16 200 34
399 4 64 500 86
400 16 8 2000 63
401 4 16 200 40
402 16 128 100 80
403 4 8 500 30
404 16 8 1000 80
405 16 128 1000 75
406 64 128 1000 97
407 64 128 200 49
408 16 16 200 88
409 4 16 500 60
410 4 16 2000 79
411 64 16 500 81
412 32 8 2000 54
413 16 128 1000 100
414 64 64 500 60
415 32 128 500 66
416 4 128 200 47
417 16 128 200 52
418 32 8 1000 37
419 4 8 500 41
420 4 128 200 70
421 16 16 100 75
422 64 8 1000 67
423 16 8 2000 83
424 16 64 1000 60
425 32 128 100 31
426 16 8 2000 43
427 4 64 100 34
428 16 64 2000 55
429 4 8 2000 44
430 32 16 1000 59
431 32 8 200 81
432 32 128 2000 62
433 4 8 2000 100
434 32 64 100 55
435 32 8 500 87
436 4 128 500 32
437 64 128 100 59
438 4 128 500 57
439 32 128 500 100
440 16 16 500 45
441 64 8 2000 49
442 64 8 100 71
443 4 8 1000 96
444 16 8 500 30
445 16 128 500 83
446 64 64 1000 48
447 32 64 2000 48
448 4 128 1000 67
449 64 8 500 44
450 16 64 200 40
451 32 8 1000 53
452 32 8 1000 72
453 32 128 200 54
454 16 16 200 66
455 4 8 2000 94
456 64 64 100 100
457 64 8 100 87
458 4 8 200 57
459 4 16 200 33
460 32 128 100 59
461 4 8 500 62
462 32 64 1000 90
463 32 128 100 91
464 4 16 1000 77
465 64 128 200 35
466 32 64 2000 89
467 4 128 100 64
468 4 64 200 87
469 16 8 100 95
470 64 8 200 67
471 32 8 200 88
472 32 16 1000 36
473 32 16 500 50
474 32 16 500 50
475 64 64 200 49
476 4 8 1000 49
477 4 64 1000 87
478 16 64 500 48
479 32 64 1000 58
480 32 128 100 67
481 16 128 200 34
482 32 16 200 43
483 32 64 500 33
484 32 8 2000 83
485 4 128 2000 33
486 64 128 200 91
487 64 16 2000 48
488 64 128 500 72
489 16 16 500 66
490 4 64 500 84
491 32 8 1000 49
492 64 8 200 51
493 64 128 200 54
494 64 8 200 63
495 16 8 2000 39
496 4 128 200 95
497 16 128 200 63
498 16 128 1000 93
499 32 8 1000 99
500 4 64 500 80
501 16 128 500 79
502 4 8 100 64
503 64 64 200 46
504 16 8 2000 68
505 64 128 2000 34
506 32 128 1000 73
507 16 128 1000 40
508 32 64 200 51
509 32 16 100 83
510 4 128 2000 62
511 64 128 200 68
512 64 64 100 99
513 32 8 1000 100
514 64 128 1000 52
515 16 16 1000 49
516 4 8 200 39
517 4 8 2000 87
518 4 8 200 43
519 64 8 200 63
520 32 16 100 63
521 32 16 2000 84
522 4 16 200 54
523 4 64 1000 86
524 16 8 1000 40
525 4 64 1000 34
526 4 8 500 34
527 32 64 200 70
528 4 128 1000 31
529 64 16 200 31
530 32 16 200 41
531 4 16 2000 41
532 64 8 500 49
533 64 16 2000 91
534 32 128 1000 57
535 4 128 500 45
536 4 128 2000 78
537 64 128 500 54
538 4 128 100 45
539 4 16 100 77
540 16 64 2000 82
541 32 64 2000 38
542 64 8 500 66
543 64 16 500 43
544 16 128 100 88
545 4 8 100 100
546 32 64 1000 48
547 64 16 2000 33
548 64 64 1000 62
549 4 64 1000 100
550 64 16 2000 78
551 16 128 500 78
552 32 8 200 86
553 16 16 2000 57
554 64 64 500 89
555 4 16 2000 88
556 16 128 200 30
557 4 8 100 59
558 16 64 2000 91
559 4 64 500 67
560 64 64 100 56
561 16 8 100 68
562 4 64 1000 35
563 4 16 1000 42
564 64 128 2000 94
565 16 128 1000 60
566 16 8 500 92
567 64 16 1000 77
568 4 8 500 99
569 64 64 1000 53
570 32 8 500 50
571 64 8 200 57
572 64 128 200 38
573 32 128 200 74
574 16 8 1000 80
575 16 128 500 69
576 4 128 200 68
577 64 128 200 53
578 4 128 500 63
579 16 64 100 47
580 64 16 1000 78
581 16 16 1000 72
582 4 16 1000 51
583 64 128 100 31
584 4 16 100 91
585 64 8 500 52
586 4 16 100 49
587 64 16 1000 66
588 64 16 1000 58
589 16 128 100 81
590 64 64 200 41
591 64 128 200 64
592 32 128 2000 68
593 4 8 1000 91
594 64 8 500 41
595 64 128 200 68
596 32 64 2000 46
597 16 8 500 77
598 64 64 1000 30
599 16 128 500 91
600 64 128 500 64
601 4 16 2000 97
602 4 128 1000 53
603 16 128 2000 74
604 64 16 100 89
605 4 8 500 75
606 16 128 1000 44
607 4 8 100 90
608 32 128 100 54
609 32 16 500 69
610 64 16 100 81
611 64 128 2000 70
612 32 64 1000 62
613 16 8 500 55
614 64 16 1000 49
615 16 8 1000 70
616 4 16 1000 80
617 4 64 2000 34
618 16 64 2000 35
619 64 16 2000 43
620 64 128 100 63
621 4 64 200 48
622 16 64 2000 74
623 64 64 2000 63
624 32 16 1000 39
625 64 16 100 81
626 4 16 2000 76
627 4 128 1000 30
628 32 64 500 81
629 32 128 100 77
630 32 16 100 81
631 4 128 200 88
632 64 128 1000 54
633 16 128 1000 40
634 4 128 1000 34
635 16 8 500 76
636 64 8 1000 77
637 64 128 100 48
638 32 128 1000 54
639 16 8 2000 59
640 64 128 1000 68
641 64 64 2000 68
642 32 8 500 39
643 16 8 2000 81
644 4 8 100 50
645 4 64 200 94
646 16 16 500 75
647 4 64 2000 55
648 4 8 500 65
649 32 16 2000 89
650 4 16 500 60
651 64 64 500 57
652 4 16 2000 46
653 16 64 100 89
654 4 8 1000 89
655 64 8 100 50
656 32 16 1000 70
657 4 128 500 55
658 32 128 1000 30
659 16 8 100 65
660 32 64 200 56
661 4 16 100 33
662 4 16 1000 83
663 64 64 1000 30
664 4 8 500 56
665 16 8 500 69
666 16 128 1000 75
667 64 128 500 53
668 32 128 500 77
669 64 8 500 88
670 64 64 2000 49
671 64 16 100 70
672 64 128 200 43
673 4 64 100 70
674 16 64 200 67
675 64 8 500 69
676 32 8 1000 74
677 32 64 100 76
678 4 16 500 45
679 64 8 1000 45
680 4 16 500 86
681 32 128 500 78
682 16 128 200 89
683 32 16 2000 30
684 64 64 1000 56
685 64 128 200 48
686 4 16 100 84
687 4 64 500 39
688 4 16 1000 57
689 32 64 200 55
690 32 8 1000 89
691 64 16 2000 96
692 64 128 500 50
693 4 16 500 82
694 32 8 500 87
695 16 8 2000 71
696 16 8 100 64
697 64 64 500 79
698 4 16 500 48
699 64 64 200 83
700 4 64 1000 76
701 4 8 500 87
702 16 128 1000 97
703 32 64 500 37
704 32 8 1000 72
705 32 8 500 85
706 32 16 500 59
707 64 128 100 92
708 32 128 2000 79
709 32 128 500 71
710 64 8 200 39
711 32 128 2000 89
712 32 8 500 49
713 32 128 100 88
714 64 64 2000 69
715 4 128 1000 34
716 32 16 1000 61
717 32 64 200 69
718 64 8 1000 45
719 16 64 500 34
720 32 128 500 58
721 64 16 200 64
722 16 16 2000 84
723 4 64 1000 88
724 32 8 100 95
725 4 8 2000 70
726 64 64 100 40
727 16 64 1000 72
728 64 64 2000 86
729 32 16 100 46
730 16 128 500 92
731 32 64 200 31
732 16 64 200 86
733 4 8 1000 54
734 16 128 200 58
735 32 8 100 95
736 4 64 500 40
737 16 16 2000 38
738 64 16 500 33
739 32 128 100 70
740 64 8 100 40
741 16 8 200 63
742 4 8 500 84
743 64 8 2000 91
744 4 16 500 86
745 64 64 500 44
746 32 8 200 88
747 32 8 2000 70
748 32 8 500 53
749 64 16 1000 39
750 32 8 1000 72
751 64 128 500 38
752 16 16 2000 39
753 64 64 1000 45
754 32 8 1000 43
755 32 64 100 95
756 16 8 200 73
757 64 128 1000 40
758 32 16 200 67
759 16 64 500 30
760 32 128 100 49
761 32 64 500 96
762 64 8 500 75
763 16 64 1000 75
764 4 16 100 97
765 16 16 200 68
766 32 128 500 39
767 32 64 200 32
768 16 64 100 57
769 64 64 200 37
770 32 8 200 74
771 64 16 2000 99
772 4 128 2000 78
773 64 16 200 54
774 64 16 1000 56
775 32 8 200 40
776 32 128 2000 98
777 4 64 2000 96
778 16 8 100 77
779 32 16 1000 83
780 4 64 200 34
781 4 128 2000 42
782 64 8 100 84
783 64 16 500 100
784 32 16 500 61
785 32 8 200 84
786 4 8 200 36
787 16 8 2000 71
788 32 128 500 88
789 16 128 200 49
790 4 64 200 68
791 4 64 100 38
792 32 64 100 83
793 4 128 100 34
794 32 16 2000 79
795 32 128 100 84
796 32 16 100 76
797 32 64 100 49
798 32 16 1000 36
799 16 64 200 79
800 16 16 2000 38
801 4 128 2000 72
802 64 8 500 86
803 32 16 2000 35
804 4 16 2000 60
805 16 128 2000 80
806 16 64 1000 91
807 16 64 100 69
808 32 16 2000 31
809 4 16 500 58
810 64 128 200 35
811 4 8 1000 46
812 32 64 2000 86
813 32 8 1000 87
814 64 128 500 36
815 4 128 100 91
816 64 128 500 53
817 32 8 2000 67
818 16 8 2000 34
819 4 16 100 79
820 64 16 500 46
821 4 16 1000 77
822 64 8 100 46
823 4 8 200 81
824 32 128 2000 77
825 32 128 2000 30
826 16 16 500 53
827 4 16 1000 75
828 16 128 500 56
829 64 8 1000 100
830 64 8 2000 97
831 16 8 1000 54
832 32 64 1000 64
833 64 64 500 30
834 16 16 2000 98
835 4 8 200 67
836 64 8 1000 52
837 16 16 500 75
838 64 8 500 83
839 4 64 1000 53
840 4 64 100 32
841 64 8 200 71
842 4 64 2000 45
843 4 64 2000 73
844 32 128 200 41
845 32 128 2000 46
846 16 8 2000 98
847 64 64 1000 45
848 32 16 2000 31
849 4 64 1000 60
850 16 8 1000 80
851 64 16 1000 54
852 16 16 500 78
853 4 64 200 65
854 4 8 2000 77
855 16 64 1000 44
856 4 64 2000 79
857 16 64 500 44
858 32 16 200 36
859 4 16 1000 76
860 16 8 2000 34
861 32 64 500 66
862 64 16 200 82
863 64 16 100 93
864 64 8 100 50
865 16 16 200 77
866 64 128 1000 56
867 32 128 100 99
868 64 8 200 94
869 32 128 1000 86
870 4 64 1000 98
871 16 128 200 91
872 16 16 2000 56
873 64 8 200 40
874 16 64 2000 46
875 32 128 500 76
105
11 301 39 63
16 872 45 47
18 573 39 69
27 402 12 68
30 551 26 50
33 286 49 45
33 93 49 62
40 705 18 82
41 346 38 37
43 864 44 36
45 330 13 45
46 324 31 67
50 527 38 72
50 763 45 59
54 653 17 99
58 252 40 86
63 378 16 93
66 653 28 98
66 232 41 44
72 603 22 52
74 395 32 42
76 558 45 77
82 418 15 99
83 648 48 39
100 112 13 51
104 540 13 64
106 259 30 42
112 653 31 92
115 393 21 92
118 406 45 88
118 713 35 90
124 293 16 100
135 751 27 38
139 295 43 90
142 234 29 35
144 196 36 78
144 213 10 35
152 488 38 53
156 310 22 41
178 646 16 84
183 876 23 38
205 431 26 74
207 505 24 35
210 382 38 48
212 644 42 33
214 465 19 45
218 639 46 90
223 227 27 68
235 298 11 87
236 863 35 97
248 613 39 67
250 636 14 70
255 800 41 32
265 539 22 74
266 767 42 36
285 694 23 66
287 593 11 45
289 356 36 32
293 615 22 80
316 560 11 80
341 585 28 100
344 521 44 55
352 753 40 99
354 664 20 100
363 551 11 54
372 565 10 52
380 573 47 89
392 849 30 59
400 803 21 55
403 631 47 82
403 425 26 87
403 836 43 43
404 446 27 53
417 517 41 91
427 544 32 42
433 714 44 31
439 730 49 87
440 480 50 57
443 578 47 80
455 483 37 46
455 871 30 47
467 599 34 32
467 724 41 81
486 532 36 36
506 564 28 41
515 863 31 95
521 681 38 79
549 814 22 38
576 792 31 60
594 660 29 71
596 847 38 92
600 862 31 35
626 771 35 42
654 764 24 66
655 831 30 72
680 850 30 95
710 847 10 81
727 777 24 70
741 767 13 69
756 797 43 83
778 803 26 44
779 805 18 89
786 850 15 66
792 819 30 96
806 820 46 81