609
0 32 256 2400 146
1 64 128 2400 104
2 128 128 1000 200
3 16 128 800 139
4 32 128 5000 156
5 128 128 800 131
6 16 128 1000 109
7 16 64 500 103
8 64 16 1000 170
9 32 128 5000 179
10 128 256 5000 97
11 64 16 800 103
12 128 64 1000 148
13 64 16 500 160
14 16 256 1000 183
15 16 16 2400 138
16 16 16 2400 184
17 64 256 2400 121
18 32 256 500 122
19 128 128 800 139
20 32 64 500 93
21 16 64 800 192
22 32 128 800 119
23 32 256 1000 161
24 128 16 800 182
25 32 128 800 110
26 128 128 500 169
27 32 64 500 121
28 64 16 1000 121
29 128 64 500 145
30 64 128 800 138
31 16 128 800 188
32 64 64 5000 109
33 16 128 2400 94
34 32 256 1000 170
35 64 64 5000 156
36 64 64 500 177
37 128 256 2400 104
38 32 128 5000 111
39 32 16 1000 143
40 16 16 1000 152
41 128 64 800 108
42 16 128 2400 138
43 32 16 2400 106
44 64 128 500 129
45 32 256 2400 151
46 128 256 1000 160
47 16 64 800 198
48 16 256 1000 170
49 32 128 800 176
50 128 256 500 149
51 32 128 1000 91
52 16 64 800 121
53 16 16 800 178
54 32 256 800 193
55 64 128 1000 161
56 16 128 800 147
57 128 64 800 121
58 32 256 500 107
59 64 64 5000 145
60 64 64 1000 200
61 16 128 800 150
62 32 128 1000 172
63 16 16 5000 99
64 128 64 500 119
65 64 256 500 110
66 128 128 800 136
67 128 16 5000 115
68 32 64 500 108
69 16 128 1000 177
70 16 256 800 130
71 64 64 800 191
72 128 256 2400 112
73 16 16 1000 128
74 64 64 2400 160
75 128 64 800 192
76 128 64 2400 95
77 32 16 1000 193
78 32 64 500 189
79 128 16 1000 174
80 128 16 800 152
81 128 128 2400 173
82 128 64 800 121
83 32 16 2400 161
84 32 256 1000 97
85 32 128 800 152
86 64 128 800 147
87 64 16 800 176
88 32 128 1000 179
89 128 256 500 187
90 64 256 800 108
91 128 64 1000 177
92 128 128 2400 165
93 16 16 2400 117
94 64 256 800 132
95 64 16 1000 139
96 16 256 5000 111
97 64 64 5000 182
98 32 16 500 174
99 16 128 800 186
100 128 16 1000 102
101 64 64 2400 109
102 128 16 1000 133
103 32 64 500 100
104 16 256 800 113
105 16 64 5000 163
106 16 16 500 167
107 32 16 1000 198
108 64 128 5000 127
109 64 64 2400 146
110 16 256 2400 110
111 64 128 2400 97
112 16 16 5000 109
113 32 128 500 106
114 64 64 5000 114
115 64 128 500 145
116 16 64 500 112
117 16 64 5000 164
118 32 128 800 105
119 64 16 1000 139
120 128 256 1000 94
121 64 16 1000 181
122 128 128 2400 96
123 16 128 800 98
124 16 64 5000 120
125 64 16 5000 169
126 64 128 5000 191
127 16 64 5000 168
128 128 16 2400 177
129 128 256 800 124
130 64 64 2400 188
131 128 256 800 95
132 32 128 800 105
133 16 128 800 130
134 128 16 5000 134
135 16 16 800 100
136 32 256 2400 108
137 32 16 5000 136
138 32 16 800 113
139 32 128 5000 125
140 32 16 2400 195
141 128 16 5000 152
142 32 128 2400 136
143 64 16 500 179
144 128 128 5000 142
145 32 256 2400 146
146 32 16 2400 134
147 64 64 5000 150
148 128 256 1000 155
149 64 256 2400 154
150 32 256 2400 121
151 16 256 5000 179
152 64 256 800 126
153 32 256 2400 96
154 128 256 1000 149
155 128 256 2400 149
156 64 64 1000 97
157 32 64 2400 200
158 16 16 800 195
159 128 128 5000 198
160 32 16 5000 198
161 128 256 2400 134
162 16 64 1000 102
163 16 256 5000 157
164 32 128 5000 184
165 32 16 5000 125
166 16 16 1000 112
167 16 16 500 187
168 16 256 2400 100
169 16 256 5000 98
170 32 16 5000 165
171 64 64 500 145
172 16 256 2400 136
173 32 128 2400 182
174 128 64 800 183
175 32 16 2400 176
176 64 64 5000 171
177 128 64 2400 140
178 64 16 500 170
179 64 256 1000 156
180 128 16 1000 134
181 128 16 5000 118
182 64 128 2400 90
183 32 64 800 108
184 16 256 800 125
185 64 64 2400 147
186 32 256 500 132
187 32 128 800 175
188 128 64 2400 101
189 64 128 1000 120
190 16 64 800 174
191 128 64 500 112
192 128 256 5000 117
193 128 16 800 175
194 16 128 5000 95
195 64 128 500 143
196 128 256 2400 159
197 32 128 2400 115
198 16 128 2400 154
199 64 64 500 143
200 64 128 500 105
201 16 16 5000 100
202 64 64 500 104
203 128 16 800 105
204 32 128 5000 162
205 128 64 2400 170
206 128 256 500 115
207 128 16 1000 116
208 128 256 800 135
209 128 256 800 100
210 32 16 500 136
211 64 16 500 99
212 64 256 500 140
213 128 64 1000 181
214 32 64 2400 165
215 32 16 1000 163
216 16 16 500 188
217 32 256 1000 183
218 32 64 1000 109
219 128 16 500 163
220 64 16 800 91
221 16 16 1000 192
222 64 128 5000 116
223 32 64 500 182
224 32 128 5000 166
225 64 16 800 134
226 16 128 2400 116
227 64 16 800 178
228 128 256 5000 154
229 32 256 1000 180
230 64 128 500 143
231 128 16 5000 148
232 32 16 2400 195
233 32 64 5000 104
234 128 128 5000 114
235 16 64 1000 124
236 128 128 800 130
237 32 128 800 182
238 128 64 2400 161
239 16 16 2400 187
240 128 128 5000 189
241 64 16 800 128
242 32 64 1000 96
243 64 256 1000 118
244 64 128 2400 173
245 16 256 5000 182
246 32 128 500 100
247 64 64 2400 153
248 64 64 800 133
249 128 16 800 107
250 128 64 2400 200
251 128 64 5000 189
252 32 64 2400 111
253 16 256 500 157
254 16 128 500 171
255 64 256 800 100
256 32 256 5000 118
257 128 64 1000 187
258 128 128 1000 105
259 64 64 1000 150
260 32 128 500 191
261 32 256 800 189
262 64 64 800 127
263 32 64 500 101
264 32 16 2400 194
265 32 16 2400 197
266 128 128 5000 188
267 32 128 800 101
268 32 256 2400 198
269 64 128 2400 97
270 64 128 1000 117
271 128 16 800 110
272 16 128 500 200
273 16 16 5000 148
274 32 16 800 103
275 16 64 2400 167
276 128 256 500 199
277 64 16 5000 176
278 64 16 800 129
279 64 16 2400 173
280 128 64 5000 193
281 32 256 2400 167
282 64 128 800 130
283 32 64 1000 199
284 16 16 500 138
285 64 64 2400 149
286 64 16 2400 145
287 16 128 2400 192
288 128 64 5000 148
289 128 64 500 147
290 32 256 800 111
291 128 128 500 164
292 128 64 5000 90
293 64 16 5000 162
294 16 16 2400 185
295 128 16 1000 140
296 16 256 800 93
297 16 64 800 148
298 16 256 800 155
299 32 64 2400 140
300 128 64 5000 169
301 32 64 2400 168
302 16 16 800 197
303 32 128 500 97
304 64 128 500 91
305 32 128 5000 150
306 64 128 5000 140
307 32 16 2400 182
308 64 256 500 124
309 32 16 800 157
310 16 64 800 133
311 64 64 500 133
312 128 128 500 149
313 64 64 5000 143
314 128 16 500 155
315 128 256 5000 135
316 128 16 2400 183
317 32 256 500 130
318 128 256 5000 188
319 128 128 800 149
320 128 64 2400 151
321 32 128 2400 138
322 128 16 1000 145
323 64 256 500 110
324 16 16 5000 153
325 64 256 800 195
326 64 16 2400 118
327 128 16 800 159
328 128 256 2400 193
329 32 64 2400 144
330 128 64 800 162
331 32 256 1000 173
332 64 16 500 176
333 32 64 2400 141
334 32 64 2400 196
335 32 256 1000 95
336 32 128 1000 136
337 128 128 2400 191
338 16 16 500 180
339 128 16 800 163
340 32 256 800 172
341 32 64 500 112
342 32 64 2400 174
343 32 64 1000 164
344 16 16 2400 103
345 32 64 500 129
346 16 16 1000 133
347 128 128 2400 190
348 16 16 500 137
349 128 16 1000 99
350 64 128 5000 159
351 128 64 1000 132
352 32 128 2400 138
353 16 64 5000 179
354 16 16 800 167
355 64 256 5000 101
356 128 16 800 181
357 16 16 1000 143
358 32 256 2400 151
359 32 128 2400 98
360 16 128 5000 134
361 32 128 2400 175
362 16 128 500 159
363 64 256 5000 96
364 128 256 800 160
365 64 256 2400 133
366 32 16 1000 158
367 128 256 5000 188
368 16 64 800 165
369 128 128 2400 185
370 64 64 2400 134
371 64 256 1000 189
372 16 128 1000 159
373 128 16 1000 180
374 128 64 800 115
375 64 16 1000 97
376 64 128 800 179
377 32 64 2400 156
378 32 16 500 193
379 128 16 5000 153
380 128 256 1000 179
381 64 128 1000 110
382 32 64 500 177
383 64 64 500 106
384 128 128 800 91
385 16 16 1000 164
386 128 256 5000 169
387 16 64 800 117
388 32 64 500 129
389 64 128 2400 148
390 64 64 5000 147
391 128 256 500 155
392 32 256 1000 104
393 64 64 1000 101
394 32 128 1000 177
395 16 64 1000 98
396 16 64 2400 137
397 32 128 2400 94
398 32 256 2400 151
399 16 256 5000 190
400 16 64 800 180
401 64 256 5000 199
402 64 256 800 90
403 16 16 2400 196
404 128 128 5000 125
405 128 256 1000 98
406 64 128 500 173
407 32 256 2400 138
408 128 64 800 164
409 128 64 1000 157
410 32 64 500 131
411 64 64 1000 126
412 32 256 2400 183
413 128 128 800 183
414 64 128 5000 99
415 16 128 500 142
416 16 16 5000 161
417 128 128 2400 172
418 32 64 2400 146
419 16 16 5000 140
420 128 256 1000 146
421 128 128 5000 118
422 32 64 500 167
423 16 256 1000 135
424 32 64 800 149
425 128 128 2400 166
426 64 16 5000 197
427 32 64 5000 111
428 128 128 800 105
429 64 16 800 147
430 32 16 800 168
431 64 16 2400 179
432 128 128 500 159
433 16 64 2400 177
434 32 256 800 188
435 64 256 800 140
436 128 128 800 170
437 128 16 500 126
438 64 256 800 91
439 128 256 5000 161
440 16 128 5000 149
441 64 64 1000 192
442 64 128 500 98
443 64 64 500 163
444 128 128 1000 139
445 16 64 1000 106
446 128 64 2400 116
447 16 128 5000 122
448 32 16 2400 176
449 16 128 800 129
450 16 256 2400 141
451 128 64 2400 148
452 32 16 800 110
453 64 16 5000 170
454 128 16 2400 130
455 16 64 1000 193
456 64 256 500 130
457 16 128 1000 120
458 64 256 5000 159
459 128 16 800 183
460 16 64 800 195
461 16 64 1000 194
462 64 256 800 111
463 32 256 1000 136
464 64 128 2400 172
465 16 256 800 114
466 128 16 2400 111
467 128 128 800 193
468 16 64 500 135
469 16 64 800 107
470 64 16 800 141
471 128 64 1000 115
472 128 16 500 142
473 32 256 2400 143
474 32 64 1000 134
475 128 256 1000 135
476 128 64 2400 139
477 64 128 5000 132
478 64 128 5000 130
479 32 128 800 93
480 64 16 800 140
481 16 16 500 165
482 64 256 2400 134
483 16 16 500 93
484 16 256 1000 195
485 16 64 800 182
486 32 64 800 128
487 64 64 800 112
488 64 256 5000 130
489 128 64 2400 172
490 128 128 2400 150
491 16 256 5000 117
492 128 128 5000 155
493 128 16 500 108
494 64 16 1000 154
495 64 128 5000 134
496 32 64 2400 98
497 64 256 1000 101
498 64 16 500 137
499 32 128 5000 118
500 16 128 5000 158
501 16 128 2400 179
502 128 64 2400 139
503 32 16 5000 185
504 128 128 2400 137
505 32 128 500 171
506 128 16 1000 141
507 32 16 800 92
508 32 256 800 166
509 16 16 2400 114
510 16 256 5000 181
511 32 128 5000 121
512 128 64 5000 127
513 64 16 800 102
514 32 64 1000 172
515 16 16 1000 184
516 32 16 2400 117
517 16 256 500 156
518 32 16 800 185
519 64 256 500 128
520 16 256 800 167
521 32 16 500 185
522 64 128 2400 161
523 64 256 500 127
524 32 256 500 124
525 64 64 2400 101
526 64 16 5000 133
527 32 64 5000 90
528 64 16 500 197
529 32 16 800 118
530 64 256 1000 110
531 32 16 500 197
532 64 16 800 153
533 128 64 800 151
534 32 128 500 188
535 128 16 800 193
536 16 128 2400 185
537 128 128 1000 156
538 64 128 5000 120
539 128 256 500 98
540 16 16 500 193
541 128 256 1000 142
542 64 16 800 90
543 64 64 2400 149
544 16 64 500 169
545 64 128 2400 152
546 16 16 1000 109
547 64 64 1000 193
548 128 64 5000 93
549 32 16 2400 176
550 16 64 2400 181
551 128 64 1000 189
552 64 256 500 91
553 16 16 500 196
554 128 64 1000 99
555 16 16 500 115
556 128 64 5000 200
557 64 128 2400 186
558 32 16 800 148
559 128 128 500 101
560 16 256 800 147
561 16 16 1000 145
562 16 256 800 96
563 32 128 800 168
564 32 256 2400 133
565 16 256 1000 129
566 64 128 2400 197
567 32 16 5000 177
568 128 256 500 169
569 16 256 2400 157
570 128 128 5000 191
571 32 16 500 198
572 128 128 800 195
573 16 64 800 140
574 16 256 500 98
575 32 16 800 153
576 128 256 2400 101
577 128 128 500 156
578 16 16 1000 95
579 32 64 500 123
580 64 128 1000 100
581 32 128 5000 101
582 128 64 2400 125
583 64 16 1000 142
584 16 256 800 141
585 128 256 500 177
586 64 64 1000 94
587 32 256 5000 156
588 64 128 5000 179
589 128 128 5000 122
590 32 64 800 168
591 64 64 500 135
592 64 16 2400 91
593 32 16 5000 112
594 128 256 2400 152
595 32 16 2400 114
596 32 256 5000 159
597 128 64 800 175
598 64 16 1000 123
599 128 128 800 101
600 16 128 500 129
601 16 128 5000 152
602 128 256 800 104
603 32 16 500 100
604 128 64 5000 173
605 16 256 2400 129
606 16 16 500 155
607 16 256 1000 107
608 32 64 800 94
88
0 602 51 133
0 48 65 194
0 239 44 184
2 70 68 197
7 150 47 160
14 498 41 155
14 55 41 97
17 332 46 99
18 190 59 94
20 90 56 200
26 505 67 99
30 496 63 141
32 48 54 154
33 579 42 151
38 99 62 99
40 179 60 181
40 430 67 175
47 80 42 171
49 497 69 163
55 464 46 109
58 583 56 170
63 281 46 135
65 174 51 116
68 438 65 188
70 369 59 101
73 209 60 119
77 317 47 149
85 376 47 101
89 95 51 188
90 423 52 167
92 411 55 139
94 184 68 129
103 541 56 124
107 603 49 102
109 145 44 188
110 245 53 171
117 395 70 179
130 272 63 121
130 459 60 134
131 283 65 135
132 293 41 115
132 493 65 199
135 138 43 166
140 345 59 90
140 302 61 149
152 445 43 124
156 307 56 94
168 287 66 175
170 471 47 181
185 607 44 128
185 266 64 131
193 217 59 158
200 298 61 138
203 297 66 192
213 540 54 196
214 569 62 172
216 221 47 153
216 511 51 99
221 230 47 138
223 409 59 109
236 249 56 111
251 281 57 128
272 423 59 128
275 573 51 124
313 351 68 129
342 574 45 90
342 488 53 157
348 527 50 107
351 462 60 146
353 434 52 184
359 503 42 115
362 513 65 200
364 415 42 118
370 548 40 171
385 436 49 123
389 529 61 128
390 497 70 140
394 554 59 113
398 579 53 93
410 510 40 121
437 593 47 165
473 527 41 133
490 596 41 179
528 590 44 180
534 552 41 174
550 609 42 113
560 577 40 152
574 588 59 200