653
0 32 64 200 40
1 32 128 100 91
2 32 16 1000 98
3 16 16 500 80
4 16 128 2000 76
5 16 8 500 89
6 32 64 2000 46
7 16 128 500 89
8 64 16 200 43
9 32 64 200 31
10 16 128 2000 41
11 64 8 2000 77
12 32 64 500 94
13 16 128 100 84
14 32 16 2000 75
15 4 8 100 58
16 64 8 1000 39
17 32 128 1000 42
18 64 8 2000 78
19 4 8 100 59
20 64 8 2000 98
21 4 64 2000 76
22 16 8 1000 78
23 32 128 1000 93
24 4 128 1000 48
25 32 8 200 90
26 64 64 2000 82
27 16 128 1000 91
28 32 128 2000 53
29 64 8 1000 59
30 64 64 200 42
31 64 16 100 37
32 32 128 200 93
33 4 8 500 39
34 16 128 500 56
35 64 64 500 97
36 16 64 100 75
37 4 8 500 98
38 64 64 500 97
39 64 16 500 41
40 4 64 1000 78
41 4 128 500 40
42 32 8 1000 81
43 16 16 500 44
44 32 128 2000 56
45 32 64 2000 37
46 4 64 200 81
47 32 64 500 75
48 32 8 2000 44
49 4 128 500 88
50 16 8 100 44
51 32 16 2000 76
52 32 64 500 86
53 64 64 2000 88
54 4 128 500 54
55 32 16 500 90
56 16 8 500 85
57 32 16 1000 69
58 16 128 500 69
59 16 64 500 72
60 16 8 500 46
61 16 16 500 38
62 64 64 2000 85
63 4 16 200 72
64 16 16 1000 97
65 64 8 200 30
66 16 64 1000 65
67 16 64 2000 58
68 4 64 1000 95
69 4 128 2000 37
70 32 64 200 83
71 16 128 200 36
72 4 16 500 65
73 4 8 1000 61
74 16 128 2000 60
75 16 8 200 96
76 64 8 1000 64
77 32 16 1000 96
78 4 128 500 69
79 32 64 2000 73
80 32 128 100 80
81 16 8 200 99
82 64 64 500 89
83 16 128 200 56
84 32 64 500 74
85 64 64 2000 54
86 4 8 2000 53
87 4 8 200 60
88 32 128 2000 81
89 4 64 500 88
90 16 8 1000 95
91 16 16 100 82
92 16 128 200 70
93 32 128 1000 78
94 64 8 1000 80
95 16 64 100 72
96 16 64 200 70
97 32 16 200 76
98 4 64 200 40
99 32 64 1000 47
100 4 16 100 86
101 16 64 100 100
102 4 128 200 64
103 64 8 2000 73
104 16 64 2000 95
105 4 16 1000 32
106 64 8 500 70
107 32 64 2000 64
108 64 64 500 39
109 64 8 100 83
110 64 8 500 47
111 32 8 500 42
112 16 8 1000 75
113 32 64 500 97
114 32 64 500 68
115 4 16 1000 45
116 64 8 1000 76
117 64 8 500 44
118 64 8 2000 31
119 16 128 500 81
120 4 64 100 78
121 64 64 500 62
122 64 16 500 51
123 64 128 100 63
124 32 16 200 96
125 32 128 200 48
126 64 16 1000 67
127 16 64 2000 44
128 64 8 1000 44
129 4 8 2000 72
130 4 128 2000 46
131 32 128 200 94
132 16 8 2000 96
133 16 8 100 66
134 32 64 200 53
135 64 64 1000 46
136 16 16 500 65
137 16 16 1000 40
138 16 16 100 70
139 16 8 500 32
140 32 64 1000 72
141 4 16 2000 78
142 4 16 100 63
143 16 8 1000 71
144 32 128 100 56
145 32 128 2000 36
146 16 16 500 52
147 16 16 500 99
148 64 8 200 39
149 4 16 500 48
150 64 8 2000 92
151 16 128 200 51
152 64 64 100 82
153 16 64 200 98
154 4 64 500 39
155 32 16 100 98
156 64 128 200 83
157 64 128 2000 74
158 4 64 100 92
159 64 64 2000 49
160 32 128 100 60
161 4 64 500 56
162 32 16 2000 58
163 64 64 500 59
164 16 16 2000 35
165 64 64 100 93
166 4 16 500 71
167 32 64 500 55
168 16 8 200 31
169 4 16 2000 39
170 16 8 100 78
171 32 64 2000 35
172 32 16 100 78
173 64 16 500 50
174 4 8 500 83
175 64 8 200 95
176 64 64 500 46
177 4 128 2000 33
178 64 128 1000 65
179 16 64 100 69
180 4 128 1000 44
181 64 8 500 43
182 32 128 500 72
183 4 8 1000 78
184 32 64 1000 41
185 32 128 1000 99
186 32 8 500 69
187 4 128 2000 47
188 32 8 200 95
189 16 8 1000 47
190 4 128 2000 83
191 32 16 1000 30
192 64 8 100 67
193 64 128 2000 63
194 16 16 100 48
195 4 16 1000 57
196 64 8 200 91
197 64 128 100 54
198 32 128 2000 30
199 64 128 200 95
200 32 8 2000 90
201 32 64 1000 59
202 32 128 2000 44
203 64 16 1000 99
204 64 64 100 46
205 64 128 100 65
206 4 16 500 48
207 16 128 200 58
208 32 128 2000 46
209 16 8 100 48
210 64 64 500 84
211 32 64 200 48
212 64 64 1000 49
213 64 128 200 74
214 64 16 200 30
215 4 64 2000 60
216 16 128 500 75
217 32 8 2000 86
218 32 8 100 66
219 4 128 500 98
220 32 8 200 95
221 64 64 200 35
222 32 64 100 83
223 32 128 200 53
224 64 64 500 68
225 32 8 2000 31
226 16 128 500 40
227 32 16 100 51
228 16 8 200 80
229 64 16 100 75
230 64 8 2000 60
231 32 16 100 74
232 4 64 100 50
233 32 64 100 95
234 64 128 2000 96
235 32 16 100 52
236 64 8 100 82
237 16 64 2000 52
238 32 8 100 90
239 16 8 500 85
240 64 16 2000 70
241 64 8 1000 52
242 4 8 500 57
243 64 128 100 89
244 64 128 2000 93
245 32 16 2000 32
246 64 64 1000 31
247 16 128 100 99
248 64 128 200 94
249 64 8 2000 42
250 4 128 100 100
251 4 128 100 98
252 4 128 2000 94
253 16 64 100 74
254 16 128 500 65
255 16 64 500 85
256 4 128 500 51
257 32 64 1000 39
258 16 8 200 45
259 4 64 500 32
260 64 64 200 34
261 32 128 200 73
262 32 8 500 40
263 16 64 100 80
264 16 128 2000 94
265 64 64 200 66
266 16 16 200 48
267 16 16 100 91
268 32 128 100 32
269 4 128 500 65
270 4 16 500 93
271 16 128 1000 83
272 16 64 200 60
273 32 128 200 79
274 4 16 100 59
275 16 64 100 47
276 16 16 500 53
277 64 128 1000 65
278 16 64 500 44
279 32 128 1000 46
280 4 64 1000 96
281 16 16 500 75
282 4 16 200 38
283 4 8 1000 57
284 64 16 1000 93
285 32 16 200 85
286 32 16 2000 97
287 64 8 2000 71
288 32 16 500 60
289 64 128 2000 73
290 32 64 500 79
291 64 64 500 32
292 16 16 100 79
293 32 16 200 90
294 4 8 100 34
295 32 8 500 100
296 64 16 1000 51
297 64 16 200 46
298 64 16 500 96
299 32 128 1000 50
300 16 8 500 96
301 64 64 100 82
302 64 8 200 50
303 4 128 200 80
304 32 16 1000 61
305 32 64 1000 100
306 16 128 100 60
307 4 16 2000 42
308 16 8 2000 82
309 4 64 500 51
310 16 8 1000 63
311 4 16 200 89
312 64 64 1000 34
313 32 8 2000 71
314 16 16 500 64
315 16 8 500 76
316 32 16 100 78
317 32 16 1000 40
318 4 16 200 46
319 64 64 100 35
320 4 8 2000 38
321 16 128 500 83
322 16 8 500 64
323 32 8 500 88
324 64 128 1000 57
325 32 64 2000 76
326 16 16 100 54
327 64 16 100 100
328 64 128 200 49
329 4 16 2000 39
330 32 16 1000 45
331 16 16 200 71
332 16 16 200 95
333 4 64 200 31
334 32 64 100 69
335 16 128 1000 69
336 64 128 1000 84
337 64 16 1000 36
338 32 8 100 41
339 32 128 1000 80
340 4 64 1000 49
341 64 8 100 66
342 64 8 2000 67
343 16 128 2000 46
344 64 64 500 34
345 64 16 100 46
346 16 128 100 49
347 64 64 100 72
348 16 16 2000 68
349 4 64 100 39
350 32 16 100 75
351 16 128 200 33
352 16 64 200 61
353 16 64 500 100
354 16 8 100 40
355 4 8 2000 70
356 4 64 500 66
357 4 128 500 79
358 64 16 1000 49
359 64 64 500 92
360 4 64 2000 84
361 32 8 2000 47
362 16 128 1000 44
363 32 8 2000 35
364 64 8 200 60
365 32 128 200 88
366 16 128 2000 54
367 32 64 200 36
368 64 16 2000 89
369 16 16 1000 34
370 4 8 100 92
371 64 8 500 62
372 32 64 100 35
373 32 8 100 94
374 16 128 100 88
375 4 8 1000 38
376 64 128 100 44
377 4 16 100 98
378 16 64 200 41
379 32 128 100 43
380 4 8 2000 58
381 32 8 2000 45
382 64 8 200 66
383 64 8 500 63
384 16 64 2000 98
385 32 16 2000 81
386 64 128 500 100
387 4 16 100 61
388 64 8 200 89
389 4 64 200 62
390 16 8 500 37
391 4 8 100 73
392 16 64 1000 50
393 32 64 200 57
394 4 128 1000 47
395 4 8 1000 89
396 16 16 500 44
397 16 16 500 91
398 16 64 100 80
399 16 128 1000 96
400 64 16 1000 43
401 64 128 200 74
402 32 8 100 72
403 32 128 1000 31
404 4 16 1000 79
405 4 8 1000 35
406 32 64 200 51
407 32 128 500 88
408 64 16 1000 85
409 64 128 200 48
410 16 128 500 46
411 16 8 100 82
412 32 16 100 86
413 4 64 200 36
414 16 64 2000 33
415 4 64 100 56
416 32 16 100 43
417 32 16 100 96
418 16 16 100 67
419 16 64 200 91
420 32 16 500 61
421 64 16 1000 94
422 32 16 100 31
423 64 64 100 77
424 16 16 100 36
425 4 16 500 60
426 64 128 2000 64
427 4 8 100 33
428 4 16 500 94
429 16 8 1000 74
430 32 128 100 75
431 32 64 1000 48
432 4 8 200 67
433 32 8 1000 61
434 16 8 2000 43
435 64 8 2000 32
436 4 128 200 95
437 4 64 100 94
438 32 8 1000 100
439 64 8 2000 39
440 16 64 100 59
441 64 16 500 57
442 32 8 2000 30
443 16 64 200 37
444 4 64 1000 46
445 16 128 500 74
446 32 8 100 76
447 16 16 200 43
448 32 64 1000 89
449 64 8 100 36
450 32 64 200 51
451 16 64 100 35
452 16 64 2000 62
453 16 8 100 50
454 4 16 500 98
455 16 8 100 34
456 32 16 1000 84
457 4 64 100 62
458 64 128 100 84
459 32 16 100 43
460 64 16 500 68
461 16 64 500 79
462 4 64 100 33
463 4 128 500 36
464 4 128 500 86
465 4 16 2000 48
466 32 64 500 79
467 32 64 200 80
468 16 16 1000 38
469 16 128 2000 68
470 4 64 200 75
471 64 16 200 34
472 4 128 2000 89
473 16 16 100 88
474 64 128 200 40
475 4 128 100 44
476 16 64 200 65
477 16 64 500 72
478 64 128 100 82
479 4 8 500 95
480 16 8 1000 80
481 16 16 200 44
482 64 8 500 41
483 64 64 200 54
484 32 16 500 33
485 32 64 100 89
486 64 8 2000 38
487 64 128 100 76
488 64 8 1000 94
489 4 128 200 67
490 4 16 1000 59
491 4 8 100 89
492 16 8 200 95
493 32 8 100 80
494 32 128 100 30
495 64 8 100 70
496 64 16 1000 33
497 16 128 100 89
498 4 64 2000 66
499 64 16 200 46
500 64 8 2000 89
501 4 16 2000 57
502 32 8 100 63
503 4 8 1000 33
504 64 128 200 60
505 32 128 200 79
506 4 8 500 46
507 4 128 200 96
508 4 8 200 97
509 4 64 2000 90
510 64 8 500 57
511 32 64 2000 92
512 16 8 200 32
513 32 128 2000 37
514 16 64 2000 44
515 16 8 1000 32
516 4 128 500 38
517 64 16 2000 72
518 4 8 1000 84
519 4 8 1000 94
520 16 16 1000 83
521 32 128 500 71
522 4 64 500 53
523 64 64 500 93
524 16 128 2000 99
525 4 16 2000 54
526 16 64 200 60
527 4 16 1000 62
528 64 64 200 41
529 32 64 100 33
530 4 128 100 62
531 4 64 2000 98
532 16 64 100 34
533 16 128 1000 41
534 64 64 500 79
535 16 128 2000 30
536 64 128 2000 69
537 64 64 200 98
538 32 128 100 86
539 64 128 2000 32
540 64 8 1000 37
541 32 8 2000 97
542 32 64 500 64
543 64 16 1000 67
544 64 16 100 58
545 4 8 2000 50
546 32 128 500 96
547 64 128 1000 40
548 32 128 100 72
549 4 8 200 64
550 16 128 1000 35
551 32 16 1000 47
552 64 128 100 67
553 4 128 2000 61
554 32 64 2000 38
555 4 128 500 52
556 64 128 2000 97
557 64 16 1000 47
558 32 128 2000 55
559 64 64 1000 46
560 64 128 100 46
561 4 16 500 37
562 4 64 2000 96
563 32 16 100 80
564 32 8 2000 99
565 16 64 500 93
566 64 64 2000 66
567 32 128 200 54
568 64 8 100 97
569 32 64 100 100
570 64 16 500 39
571 4 128 100 91
572 4 8 2000 78
573 32 16 500 83
574 4 128 200 48
575 64 8 1000 88
576 32 128 2000 50
577 32 16 200 86
578 64 8 2000 96
579 32 128 1000 87
580 4 64 2000 36
581 4 64 100 35
582 16 8 100 95
583 32 128 200 76
584 32 16 100 30
585 32 64 2000 39
586 32 8 100 56
587 16 8 1000 84
588 16 64 1000 92
589 32 128 200 42
590 32 8 2000 31
591 32 128 100 99
592 32 16 200 36
593 16 8 2000 90
594 4 16 100 38
595 64 16 200 36
596 16 64 200 78
597 32 64 200 66
598 4 8 1000 70
599 32 128 2000 76
600 4 64 2000 70
601 16 64 200 57
602 4 128 2000 97
603 16 64 100 58
604 32 16 2000 73
605 64 128 500 81
606 16 16 1000 32
607 16 8 1000 42
608 4 64 1000 52
609 64 64 2000 48
610 16 64 2000 93
611 4 128 500 55
612 4 128 200 58
613 64 128 2000 68
614 16 64 100 44
615 64 128 100 38
616 32 8 1000 52
617 64 16 1000 42
618 4 8 2000 34
619 32 64 1000 95
620 16 128 1000 96
621 16 8 100 66
622 16 128 2000 71
623 16 64 100 56
624 32 64 100 78
625 16 16 1000 92
626 16 64 100 95
627 16 128 200 64
628 32 16 200 49
629 32 64 1000 99
630 64 16 100 38
631 16 64 500 52
632 4 64 2000 99
633 4 8 500 43
634 16 8 200 59
635 16 64 200 70
636 32 16 100 59
637 4 128 200 39
638 64 64 500 64
639 4 128 2000 91
640 32 64 1000 89
641 64 128 2000 65
642 4 128 100 86
643 16 8 200 82
644 16 8 2000 40
645 64 128 1000 73
646 32 64 500 44
647 16 8 500 54
648 4 8 200 34
649 16 8 500 78
650 16 8 2000 45
651 4 8 500 92
652 4 128 500 44
167
0 615 13 76
1 297 11 79
11 324 34 83
11 472 14 45
14 433 38 66
16 531 10 63
18 550 44 37
24 356 49 70
26 82 50 35
26 583 22 100
30 272 18 44
31 238 27 89
31 203 41 71
33 324 22 36
37 313 40 32
38 308 10 37
38 558 24 55
39 148 10 91
39 549 50 93
39 566 41 30
41 295 20 69
41 544 25 55
49 233 46 77
52 173 31 68
59 523 22 83
62 430 31 59
62 89 12 75
64 652 30 45
65 207 26 53
72 348 16 78
78 312 21 69
79 327 43 69
79 429 43 52
80 245 39 70
80 527 46 58
82 567 13 69
86 432 46 43
90 249 34 71
92 181 22 97
92 634 23 97
92 440 36 63
93 353 25 40
94 583 36 70
94 536 45 81
100 308 26 95
103 581 34 43
104 119 36 84
105 188 18 90
107 624 38 59
110 502 18 31
112 566 12 99
122 258 20 45
124 591 49 37
124 148 22 41
125 213 15 88
127 226 16 74
127 354 27 68
130 472 48 55
130 324 42 47
133 280 41 66
138 453 30 73
140 530 41 32
141 147 28 54
144 213 30 52
144 350 29 83
155 565 44 40
157 562 46 93
158 297 11 62
161 363 14 36
161 591 41 50
163 446 11 58
164 230 34 78
170 620 23 30
175 547 10 63
178 375 27 50
187 480 23 54
188 413 41 59
189 392 33 40
191 500 32 58
202 254 19 65
203 546 25 76
206 464 31 33
206 481 10 96
207 525 11 53
210 228 35 84
213 535 31 46
213 366 31 32
217 453 28 87
218 640 10 75
223 590 17 99
225 342 43 94
227 385 12 50
231 497 45 35
233 289 15 31
233 398 50 71
243 321 42 38
247 480 40 43
249 437 24 41
253 411 45 57
260 610 44 33
262 573 50 82
262 306 36 33
264 632 31 61
264 612 43 57
265 575 45 56
266 302 21 87
272 631 42 94
276 457 22 61
276 591 47 79
278 607 18 50
284 652 17 45
291 414 27 54
293 439 46 90
294 306 10 38
295 302 26 90
304 597 37 41
306 326 37 35
310 524 33 56
311 486 17 40
313 653 11 44
316 342 23 37
326 364 33 31
332 485 28 40
334 449 43 95
334 384 19 58
338 562 28 96
342 428 16 66
348 361 40 96
352 565 37 59
355 373 20 80
357 371 16 48
359 488 16 34
362 448 37 38
367 413 20 90
378 404 30 54
379 595 46 46
382 615 36 74
388 599 38 90
388 441 11 94
404 571 11 89
405 582 35 61
408 457 13 36
409 597 31 49
410 564 24 42
412 446 15 88
413 479 36 94
418 446 43 31
421 485 26 37
424 510 23 66
425 633 39 89
427 630 44 81
431 611 43 67
433 503 26 89
435 526 26 95
439 485 14 91
451 640 24 91
454 627 40 93
456 521 30 87
463 516 43 57
476 477 28 70
477 621 47 52
491 625 50 61
501 623 43 91
552 625 12 83
569 576 14 80
586 620 50 58
600 646 18 85