202
0 32 32 1000 164
1 8 32 1000 128
2 32 320 1000 184
3 8 32 400 97
4 32 320 800 96
5 32 32 400 146
6 32 32 5000 118
7 32 32 1000 158
8 8 32 5000 126
9 8 128 1000 158
10 32 320 400 112
11 8 128 400 110
12 32 320 800 171
13 8 32 5000 177
14 8 32 400 106
15 8 32 2000 196
16 8 320 5000 122
17 32 32 2000 197
18 8 320 800 117
19 32 32 800 104
20 8 32 400 178
21 8 320 1000 172
22 32 320 2000 197
23 32 320 800 133
24 32 32 2000 171
25 8 320 800 94
26 32 128 800 99
27 32 32 800 95
28 8 320 2000 154
29 8 320 2000 155
30 32 320 2000 127
31 8 320 400 166
32 8 32 400 157
33 32 32 2000 141
34 8 32 400 197
35 32 128 2000 198
36 8 128 1000 154
37 32 320 400 123
38 8 32 2000 99
39 32 32 2000 103
40 32 128 5000 179
41 8 320 400 150
42 8 320 1000 174
43 8 32 1000 159
44 32 320 5000 99
45 32 32 800 168
46 32 32 5000 177
47 32 128 1000 159
48 8 32 1000 109
49 8 32 5000 148
50 32 320 5000 100
51 32 32 5000 179
52 32 320 5000 184
53 32 32 5000 199
54 8 32 5000 93
55 32 320 400 177
56 8 320 5000 178
57 32 320 1000 114
58 8 32 800 115
59 8 128 5000 103
60 8 128 1000 126
61 8 128 800 198
62 32 128 800 116
63 32 320 800 121
64 32 128 800 164
65 8 320 5000 142
66 8 32 1000 103
67 8 128 400 186
68 32 320 400 136
69 32 128 400 166
70 8 320 1000 173
71 8 32 5000 128
72 8 32 5000 191
73 8 128 1000 169
74 32 320 400 134
75 32 128 2000 194
76 32 32 400 90
77 32 320 5000 90
78 32 32 400 185
79 32 128 1000 147
80 32 32 1000 105
81 32 128 5000 165
82 8 320 400 125
83 32 320 2000 102
84 8 128 1000 109
85 32 320 2000 163
86 8 128 1000 135
87 8 32 1000 157
88 8 128 5000 143
89 8 32 800 185
90 32 320 1000 198
91 8 32 5000 109
92 32 320 5000 115
93 32 128 1000 148
94 32 320 800 135
95 32 320 5000 183
96 8 320 2000 169
97 32 320 800 167
98 8 128 5000 152
99 32 32 1000 106
100 8 32 800 165
101 8 320 800 127
102 32 32 400 154
103 32 128 400 119
104 8 320 2000 187
105 32 128 400 92
106 8 128 1000 167
107 32 128 1000 101
108 32 128 2000 146
109 8 320 5000 199
110 8 320 400 128
111 8 128 5000 131
112 32 320 2000 146
113 8 320 2000 175
114 8 32 2000 145
115 32 32 2000 146
116 32 32 2000 176
117 8 32 5000 156
118 8 128 1000 131
119 8 32 800 113
120 8 320 5000 163
121 32 32 1000 187
122 32 32 400 165
123 32 320 400 160
124 8 320 2000 107
125 32 320 2000 158
126 32 320 400 105
127 32 32 400 127
128 32 32 1000 103
129 32 32 1000 103
130 32 128 5000 158
131 32 32 5000 105
132 8 32 1000 127
133 8 128 2000 143
134 8 320 2000 130
135 32 320 1000 91
136 32 128 2000 120
137 32 128 400 193
138 8 32 400 195
139 8 320 2000 156
140 8 128 400 108
141 8 32 1000 166
142 32 32 800 173
143 8 128 400 186
144 32 128 2000 97
145 32 320 400 153
146 8 32 400 135
147 32 128 5000 116
148 8 32 1000 166
149 8 128 1000 199
150 8 32 2000 179
151 32 128 400 109
152 8 320 2000 141
153 8 320 2000 162
154 8 320 800 143
155 32 32 800 96
156 8 320 5000 139
157 8 32 2000 164
158 32 128 2000 138
159 8 128 400 186
160 8 32 1000 95
161 8 320 2000 111
162 32 320 800 167
163 32 128 2000 105
164 32 320 800 199
165 32 128 400 189
166 32 32 1000 179
167 8 128 2000 176
168 8 32 2000 180
169 8 128 1000 103
170 32 32 400 171
171 32 32 800 137
172 32 128 5000 114
173 8 32 5000 121
174 8 128 400 139
175 8 128 400 176
176 32 128 1000 107
177 32 128 800 136
178 8 128 1000 104
179 8 320 800 106
180 32 32 2000 112
181 32 32 2000 151
182 32 32 400 118
183 8 128 1000 146
184 8 320 5000 99
185 8 32 2000 184
186 8 32 1000 99
187 32 320 1000 106
188 32 32 400 115
189 8 320 400 158
190 32 320 800 160
191 32 128 5000 148
192 32 128 2000 142
193 32 128 800 153
194 8 128 1000 135
195 8 128 800 91
196 32 128 400 172
197 8 128 400 155
198 8 320 1000 146
199 32 128 1000 194
200 32 128 400 114
201 8 320 400 131
23
3 120 54 193
4 51 52 157
5 156 65 161
5 158 60 106
7 137 64 111
26 46 45 149
28 116 62 190
29 65 62 157
49 115 65 102
51 187 50 99
59 163 61 149
64 159 40 155
72 103 66 169
75 127 52 198
91 156 55 161
106 163 49 159
110 153 61 151
125 130 66 135
125 146 69 109
126 158 40 106
136 169 43 93
170 191 54 179
172 189 42 169