702
0 32 256 500 163
1 128 64 5000 134
2 32 16 800 103
3 16 256 1000 107
4 64 16 800 134
5 32 64 800 136
6 64 64 5000 104
7 32 256 5000 154
8 128 16 1000 168
9 16 64 2400 195
10 64 128 2400 192
11 16 16 5000 199
12 16 256 5000 124
13 64 128 5000 135
14 64 16 500 90
15 32 16 5000 156
16 128 256 5000 152
17 64 16 500 114
18 64 256 500 102
19 32 256 5000 131
20 128 16 1000 145
21 16 64 800 133
22 16 64 1000 152
23 64 16 5000 144
24 16 64 800 153
25 64 64 5000 166
26 32 16 800 194
27 16 256 500 140
28 128 64 800 160
29 128 128 800 103
30 32 64 1000 182
31 128 128 2400 116
32 64 16 500 102
33 64 128 500 115
34 32 16 2400 117
35 32 64 1000 155
36 128 16 500 178
37 16 16 2400 101
38 32 128 1000 131
39 64 16 1000 172
40 32 64 2400 109
41 128 64 2400 92
42 64 128 2400 105
43 32 64 2400 135
44 32 256 500 104
45 16 64 5000 101
46 32 64 800 167
47 16 256 500 167
48 32 256 1000 117
49 32 16 2400 149
50 32 128 1000 160
51 128 16 800 185
52 64 128 500 144
53 128 64 5000 194
54 128 128 500 182
55 32 256 800 99
56 16 64 5000 175
57 128 64 500 117
58 128 64 500 195
59 64 256 1000 96
60 16 128 2400 155
61 128 64 1000 97
62 64 16 2400 152
63 128 16 2400 120
64 128 16 500 140
65 128 256 5000 160
66 32 256 1000 195
67 32 256 5000 194
68 32 64 2400 111
69 16 16 1000 131
70 32 64 2400 128
71 64 128 1000 151
72 32 128 800 179
73 64 256 500 162
74 16 16 2400 116
75 32 256 500 166
76 32 256 5000 182
77 32 256 5000 135
78 64 256 1000 102
79 64 64 800 167
80 32 64 1000 178
81 16 128 5000 184
82 64 256 800 101
83 32 64 800 170
84 16 128 500 186
85 32 16 800 94
86 128 256 5000 107
87 64 16 2400 92
88 32 128 2400 132
89 32 64 2400 177
90 64 128 1000 130
91 16 256 5000 157
92 64 128 5000 92
93 32 128 1000 117
94 16 64 500 123
95 128 256 2400 173
96 128 256 500 178
97 128 64 5000 105
98 128 256 500 100
99 16 256 500 188
100 128 256 1000 96
101 32 64 500 176
102 32 128 5000 101
103 64 16 2400 174
104 32 64 2400 144
105 32 256 800 137
106 128 64 500 116
107 32 256 500 130
108 16 256 500 99
109 128 256 500 120
110 32 64 5000 174
111 128 64 1000 116
112 64 16 1000 158
113 64 256 500 184
114 64 256 5000 183
115 32 256 5000 177
116 16 256 5000 167
117 32 256 800 181
118 128 128 800 96
119 128 256 500 163
120 32 256 800 163
121 128 128 500 176
122 128 256 1000 169
123 32 256 2400 158
124 16 128 1000 158
125 16 256 5000 188
126 16 64 2400 186
127 32 256 500 149
128 64 128 800 199
129 16 128 2400 115
130 128 128 1000 148
131 128 128 800 142
132 64 256 5000 108
133 64 256 1000 121
134 32 16 1000 121
135 64 16 1000 188
136 64 128 500 126
137 128 128 800 124
138 32 256 1000 179
139 32 16 800 117
140 32 16 500 142
141 16 128 2400 108
142 16 16 5000 118
143 128 256 800 155
144 32 64 2400 169
145 32 16 5000 175
146 32 128 2400 191
147 16 16 500 91
148 16 128 1000 192
149 32 16 5000 98
150 16 128 5000 97
151 128 16 800 191
152 16 256 1000 141
153 16 16 500 131
154 32 128 5000 112
155 128 16 2400 110
156 64 16 1000 94
157 128 128 500 103
158 16 256 2400 159
159 128 128 5000 180
160 32 128 1000 167
161 32 64 2400 169
162 128 128 2400 141
163 128 256 5000 94
164 16 256 500 106
165 32 64 800 168
166 32 64 1000 94
167 32 64 500 120
168 16 128 1000 94
169 64 128 1000 171
170 128 16 2400 163
171 64 64 1000 195
172 128 64 2400 130
173 128 128 500 127
174 16 64 800 116
175 128 16 5000 109
176 16 128 5000 182
177 128 256 800 163
178 128 256 500 150
179 64 256 500 96
180 16 64 800 156
181 128 128 5000 92
182 32 256 500 190
183 16 16 1000 186
184 16 16 1000 144
185 16 128 2400 152
186 16 64 1000 150
187 128 128 800 124
188 32 64 5000 103
189 16 128 500 174
190 16 256 2400 167
191 16 64 500 106
192 16 16 5000 119
193 32 128 800 132
194 128 64 5000 171
195 128 16 1000 151
196 64 64 2400 157
197 128 16 500 170
198 16 256 2400 131
199 64 128 800 100
200 64 64 2400 154
201 16 256 2400 190
202 128 64 2400 138
203 32 64 2400 98
204 32 16 1000 168
205 64 128 800 137
206 16 64 500 140
207 64 64 5000 125
208 128 256 2400 142
209 32 128 1000 110
210 16 128 5000 147
211 32 64 2400 175
212 64 16 800 90
213 32 256 2400 113
214 128 16 1000 128
215 16 64 500 188
216 32 128 1000 90
217 128 64 800 99
218 16 128 800 171
219 32 256 2400 129
220 128 128 5000 174
221 32 256 2400 95
222 128 64 800 183
223 16 16 500 190
224 32 16 5000 165
225 16 64 2400 149
226 128 256 2400 136
227 32 128 5000 185
228 16 256 800 111
229 16 256 2400 168
230 128 16 1000 109
231 32 64 2400 132
232 32 64 2400 117
233 128 16 2400 117
234 64 16 500 110
235 64 256 1000 105
236 32 256 500 106
237 128 256 800 165
238 64 64 2400 119
239 16 64 5000 133
240 64 256 500 156
241 32 16 1000 191
242 64 64 2400 145
243 32 256 500 155
244 32 256 5000 139
245 128 16 500 144
246 32 128 1000 114
247 64 128 2400 109
248 16 64 5000 186
249 128 128 800 115
250 64 256 5000 104
251 16 128 800 171
252 16 16 1000 127
253 64 16 800 118
254 64 16 500 110
255 64 128 1000 110
256 64 64 2400 174
257 64 128 1000 178
258 16 256 500 163
259 32 128 2400 118
260 64 16 800 182
261 16 256 800 189
262 32 64 500 144
263 32 64 1000 186
264 32 128 800 192
265 16 128 800 102
266 128 256 1000 176
267 64 128 1000 126
268 16 128 800 103
269 64 64 5000 151
270 16 16 5000 169
271 16 16 800 127
272 32 64 5000 137
273 64 256 500 113
274 128 128 1000 166
275 128 16 5000 115
276 128 64 5000 172
277 32 256 5000 177
278 32 128 2400 138
279 16 16 2400 108
280 64 64 500 132
281 64 64 1000 193
282 32 256 5000 160
283 16 16 500 196
284 16 256 500 129
285 64 16 5000 178
286 64 128 800 177
287 32 64 800 120
288 32 16 500 177
289 16 128 800 90
290 64 16 800 168
291 32 256 500 155
292 16 128 2400 170
293 128 64 2400 150
294 16 16 5000 192
295 64 64 5000 153
296 16 256 5000 126
297 16 16 5000 155
298 16 16 5000 114
299 32 128 1000 170
300 128 256 500 173
301 32 16 800 173
302 128 128 2400 113
303 32 256 5000 142
304 64 16 800 154
305 16 256 5000 138
306 16 64 5000 167
307 16 128 5000 127
308 32 16 5000 187
309 16 256 800 145
310 16 64 5000 157
311 16 128 500 130
312 64 128 2400 129
313 64 128 800 173
314 64 64 2400 136
315 128 256 800 156
316 32 64 500 144
317 16 64 800 153
318 16 64 5000 133
319 32 128 2400 163
320 16 16 5000 135
321 16 64 500 183
322 64 128 500 179
323 16 64 1000 114
324 16 64 500 120
325 32 16 1000 141
326 16 16 2400 160
327 64 128 800 116
328 32 256 5000 181
329 32 16 800 179
330 16 256 500 194
331 64 64 500 185
332 32 64 2400 149
333 64 128 500 102
334 16 16 800 91
335 64 16 5000 189
336 128 64 500 134
337 128 64 5000 176
338 64 256 2400 192
339 128 64 1000 91
340 16 256 5000 148
341 16 128 2400 156
342 16 16 500 183
343 64 256 2400 148
344 128 256 1000 150
345 16 16 5000 144
346 16 128 5000 149
347 128 256 800 183
348 128 256 2400 193
349 128 64 2400 191
350 64 64 1000 95
351 32 16 5000 139
352 16 16 800 146
353 128 256 5000 190
354 32 64 500 156
355 128 128 2400 149
356 32 128 800 142
357 64 64 5000 126
358 128 64 5000 161
359 128 64 500 185
360 128 128 5000 104
361 64 256 500 184
362 128 128 1000 123
363 128 16 800 90
364 128 128 500 134
365 32 256 5000 166
366 128 64 1000 92
367 64 64 1000 109
368 16 64 1000 95
369 128 64 1000 152
370 32 16 1000 162
371 128 64 800 101
372 16 64 1000 157
373 32 256 500 178
374 128 256 500 189
375 128 64 2400 128
376 32 16 1000 112
377 64 64 5000 91
378 32 128 2400 124
379 32 256 500 143
380 128 256 5000 190
381 64 16 500 118
382 128 256 500 95
383 16 128 1000 193
384 128 256 2400 125
385 128 16 500 119
386 32 64 2400 119
387 64 16 5000 159
388 128 64 2400 155
389 32 128 500 166
390 64 64 1000 99
391 64 64 800 127
392 16 128 2400 130
393 128 64 800 195
394 32 256 2400 140
395 64 64 5000 163
396 128 64 5000 167
397 32 64 2400 96
398 32 128 800 197
399 32 128 800 186
400 128 256 2400 163
401 64 64 2400 105
402 128 128 1000 169
403 64 128 5000 189
404 16 256 2400 193
405 16 16 1000 120
406 64 128 2400 164
407 32 256 500 179
408 64 128 1000 148
409 32 64 800 96
410 128 256 2400 153
411 64 256 500 98
412 64 64 5000 93
413 64 64 500 91
414 16 128 5000 114
415 16 256 800 185
416 128 256 1000 118
417 16 16 2400 137
418 64 128 1000 130
419 128 64 5000 200
420 128 16 800 155
421 16 256 800 197
422 128 128 500 163
423 16 256 800 181
424 128 16 1000 92
425 16 16 500 188
426 32 256 5000 159
427 128 256 2400 150
428 64 128 5000 92
429 64 128 5000 187
430 128 128 1000 153
431 32 16 5000 163
432 128 256 2400 97
433 32 256 2400 148
434 16 256 800 103
435 128 16 2400 149
436 16 256 1000 199
437 32 16 1000 199
438 64 16 500 161
439 128 64 800 155
440 32 64 800 151
441 16 256 5000 198
442 32 64 5000 160
443 32 128 500 190
444 16 64 800 125
445 64 64 5000 182
446 64 64 5000 151
447 32 16 1000 180
448 64 64 5000 95
449 32 16 5000 117
450 64 128 5000 92
451 64 16 2400 169
452 64 64 500 101
453 64 64 1000 106
454 32 128 1000 150
455 64 256 2400 117
456 64 16 2400 90
457 128 128 500 184
458 16 256 800 197
459 64 16 5000 163
460 128 128 5000 98
461 128 128 5000 192
462 16 256 5000 153
463 32 128 1000 112
464 128 64 1000 132
465 16 16 5000 164
466 16 256 1000 116
467 16 128 500 114
468 32 256 1000 125
469 64 16 5000 181
470 64 256 800 180
471 64 256 5000 167
472 128 64 1000 132
473 128 16 2400 92
474 32 64 5000 99
475 64 16 800 168
476 64 256 1000 173
477 128 64 5000 106
478 64 64 1000 187
479 32 64 2400 192
480 64 16 1000 161
481 128 256 5000 111
482 64 16 2400 145
483 32 16 1000 157
484 64 128 500 188
485 16 256 500 109
486 32 128 5000 131
487 16 128 500 153
488 32 128 1000 146
489 128 64 500 198
490 32 128 5000 138
491 32 16 800 134
492 16 16 500 154
493 16 128 500 138
494 16 128 800 198
495 16 16 800 102
496 32 16 2400 146
497 128 128 800 194
498 16 64 500 145
499 64 256 2400 178
500 128 64 800 192
501 16 128 2400 141
502 128 16 800 101
503 128 64 500 200
504 32 16 2400 185
505 128 16 500 174
506 128 16 5000 137
507 128 256 2400 194
508 128 16 500 185
509 128 16 500 124
510 128 16 1000 179
511 32 64 500 95
512 32 64 5000 128
513 16 128 1000 166
514 16 64 1000 149
515 128 128 1000 176
516 128 256 500 158
517 32 128 1000 114
518 16 64 800 188
519 32 256 500 121
520 64 128 5000 109
521 16 64 2400 100
522 128 64 500 195
523 64 64 500 105
524 128 16 5000 111
525 32 256 1000 155
526 64 16 5000 138
527 128 64 500 161
528 16 256 500 127
529 128 64 2400 124
530 16 64 1000 180
531 128 128 2400 181
532 128 128 500 183
533 128 128 800 141
534 32 64 1000 141
535 16 128 2400 177
536 16 128 1000 96
537 32 64 1000 161
538 32 16 500 188
539 32 16 5000 119
540 64 128 800 133
541 16 64 800 163
542 64 128 800 174
543 16 64 800 102
544 16 16 1000 147
545 64 16 800 91
546 64 128 2400 97
547 16 256 800 172
548 128 16 800 134
549 64 16 2400 167
550 32 64 5000 117
551 32 256 800 108
552 128 128 500 168
553 64 16 800 121
554 128 128 500 173
555 64 64 1000 155
556 32 16 5000 167
557 128 256 500 103
558 128 64 1000 197
559 32 64 5000 176
560 32 256 800 95
561 16 64 2400 164
562 32 256 5000 170
563 32 16 1000 181
564 128 16 800 180
565 16 16 5000 167
566 16 16 800 140
567 16 256 2400 156
568 32 128 800 120
569 64 128 2400 189
570 16 16 5000 195
571 16 256 800 136
572 128 256 500 123
573 64 128 1000 159
574 128 16 1000 168
575 64 256 5000 179
576 32 64 2400 98
577 128 128 800 146
578 16 64 800 105
579 128 256 800 180
580 128 128 500 184
581 128 128 500 102
582 32 256 500 100
583 16 16 5000 101
584 128 256 1000 104
585 16 256 5000 135
586 128 16 2400 173
587 16 256 5000 194
588 64 128 1000 194
589 64 64 2400 169
590 64 16 800 123
591 32 256 1000 135
592 16 16 1000 112
593 16 64 1000 175
594 32 128 800 142
595 32 256 5000 147
596 16 256 5000 180
597 64 256 1000 198
598 128 256 1000 194
599 32 16 800 144
600 32 16 800 189
601 16 128 1000 195
602 128 128 5000 149
603 16 16 1000 178
604 128 16 800 170
605 16 16 5000 180
606 64 128 500 121
607 128 128 500 185
608 32 64 5000 168
609 32 64 2400 165
610 16 64 800 184
611 64 256 2400 90
612 32 16 2400 148
613 16 128 1000 183
614 16 256 800 178
615 64 64 2400 144
616 32 256 500 127
617 32 128 5000 91
618 32 16 1000 94
619 16 64 500 176
620 16 128 1000 132
621 64 256 500 119
622 128 16 500 153
623 16 64 500 157
624 64 64 500 163
625 32 16 500 123
626 16 256 2400 170
627 16 64 500 179
628 16 64 800 189
629 128 16 5000 144
630 32 128 800 154
631 16 256 500 180
632 32 128 800 136
633 16 64 500 169
634 64 256 5000 194
635 16 128 1000 184
636 32 256 5000 139
637 32 64 500 148
638 128 256 800 181
639 32 16 800 185
640 64 16 5000 119
641 32 256 500 145
642 128 64 800 136
643 32 256 1000 145
644 16 256 800 94
645 16 128 2400 123
646 128 256 5000 115
647 64 256 800 110
648 128 256 5000 93
649 128 256 500 195
650 32 16 5000 199
651 64 16 1000 172
652 64 16 500 178
653 64 64 800 104
654 16 16 5000 121
655 128 256 800 165
656 32 64 2400 159
657 64 128 800 133
658 64 16 5000 99
659 32 128 1000 139
660 16 16 5000 181
661 16 64 5000 103
662 32 16 800 182
663 32 128 1000 128
664 16 256 500 190
665 32 16 1000 101
666 128 64 1000 174
667 64 16 800 175
668 64 256 5000 136
669 128 16 5000 165
670 64 16 500 153
671 64 256 5000 151
672 128 256 500 103
673 64 256 2400 186
674 32 128 800 169
675 32 16 1000 110
676 128 128 800 183
677 16 16 5000 124
678 32 256 2400 146
679 32 128 500 165
680 32 16 800 159
681 32 16 1000 183
682 64 64 800 93
683 64 256 5000 107
684 16 64 500 138
685 16 256 5000 170
686 32 256 500 108
687 16 64 5000 110
688 128 64 800 148
689 64 256 2400 159
690 16 64 800 173
691 128 128 2400 137
692 32 256 5000 199
693 16 128 2400 140
694 32 64 500 124
695 16 64 500 162
696 128 128 800 172
697 32 64 5000 182
698 32 64 500 142
699 32 16 1000 137
700 16 256 500 94
701 16 64 500 110
0