849
0 16 256 5000 156
1 128 128 5000 172
2 64 256 800 113
3 128 64 5000 91
4 16 128 500 129
5 16 64 5000 148
6 128 256 500 178
7 64 128 500 153
8 64 64 1000 144
9 32 64 1000 151
10 32 16 5000 112
11 128 64 500 113
12 128 64 2400 178
13 32 256 1000 132
14 128 128 800 101
15 16 128 1000 94
16 64 16 800 196
17 16 16 500 118
18 64 128 2400 101
19 32 128 800 195
20 16 64 800 121
21 16 16 500 191
22 32 16 500 107
23 128 128 5000 97
24 16 16 1000 153
25 64 256 2400 145
26 16 128 5000 144
27 16 16 800 141
28 16 128 500 179
29 128 128 1000 150
30 32 16 1000 200
31 128 16 500 122
32 64 256 500 138
33 128 256 5000 136
34 16 128 2400 194
35 64 128 5000 103
36 32 16 2400 129
37 32 256 500 106
38 128 64 1000 191
39 16 16 5000 111
40 128 64 5000 109
41 128 256 2400 175
42 32 256 5000 192
43 32 256 500 164
44 128 16 1000 190
45 128 256 2400 119
46 16 256 800 94
47 32 256 5000 111
48 128 256 2400 197
49 128 16 2400 141
50 128 64 5000 111
51 64 64 5000 112
52 64 16 800 165
53 128 64 2400 123
54 64 64 800 149
55 64 128 1000 144
56 32 64 1000 159
57 128 256 1000 157
58 128 64 1000 134
59 64 64 500 160
60 32 16 1000 151
61 32 256 800 178
62 64 256 5000 103
63 32 256 500 159
64 32 16 800 99
65 32 16 5000 91
66 128 16 5000 147
67 32 128 1000 152
68 16 16 1000 153
69 64 64 2400 96
70 128 16 800 174
71 16 128 800 183
72 128 128 5000 160
73 64 128 1000 180
74 16 256 1000 126
75 32 256 800 129
76 16 16 800 111
77 16 64 500 189
78 32 256 2400 148
79 128 128 5000 140
80 128 256 1000 167
81 32 64 2400 98
82 16 256 500 186
83 16 256 2400 108
84 32 128 1000 147
85 32 128 800 185
86 16 256 2400 103
87 32 16 1000 117
88 32 64 1000 148
89 16 128 2400 169
90 32 128 800 157
91 128 16 5000 103
92 16 128 2400 144
93 32 128 2400 94
94 16 256 800 106
95 128 64 1000 167
96 32 16 5000 127
97 128 16 800 95
98 128 16 1000 122
99 32 16 1000 169
100 32 256 500 154
101 32 16 500 92
102 64 16 1000 130
103 128 64 500 195
104 64 64 1000 191
105 128 128 1000 110
106 16 64 1000 150
107 64 64 1000 163
108 64 256 500 190
109 16 256 5000 197
110 16 16 500 159
111 128 128 800 97
112 32 128 1000 183
113 32 64 800 169
114 32 64 5000 106
115 128 128 5000 171
116 128 128 2400 142
117 128 256 2400 124
118 32 128 1000 167
119 16 128 2400 195
120 128 128 500 187
121 128 256 5000 156
122 32 16 1000 169
123 64 64 1000 103
124 64 64 5000 146
125 16 128 1000 95
126 32 256 5000 126
127 128 64 1000 152
128 32 256 1000 139
129 64 16 500 145
130 16 256 500 121
131 128 128 800 147
132 16 16 2400 133
133 32 16 500 138
134 128 64 2400 181
135 16 256 2400 99
136 32 128 1000 144
137 64 128 1000 150
138 128 16 500 99
139 64 128 800 133
140 64 128 800 147
141 64 16 1000 169
142 32 128 1000 142
143 16 128 5000 194
144 128 64 1000 97
145 64 64 5000 120
146 16 128 800 136
147 64 64 2400 99
148 64 256 1000 96
149 128 256 5000 113
150 64 256 500 167
151 32 256 5000 105
152 64 128 500 114
153 128 16 500 123
154 32 64 800 169
155 16 256 1000 192
156 32 16 1000 187
157 32 16 500 133
158 32 64 500 192
159 32 64 1000 121
160 64 16 5000 149
161 16 128 800 155
162 128 16 5000 94
163 16 128 800 135
164 16 64 800 106
165 32 256 800 178
166 128 64 500 121
167 64 256 1000 131
168 128 64 5000 139
169 32 128 2400 153
170 128 256 500 179
171 16 128 5000 197
172 32 256 500 127
173 128 16 800 181
174 128 256 5000 130
175 128 16 2400 103
176 32 16 5000 187
177 128 128 500 170
178 64 64 5000 137
179 32 128 500 139
180 16 256 800 171
181 16 16 2400 110
182 64 256 500 98
183 32 16 800 110
184 32 16 500 148
185 32 128 5000 133
186 64 16 800 92
187 32 128 1000 157
188 16 16 5000 123
189 16 16 500 131
190 64 16 5000 105
191 64 256 1000 137
192 32 128 5000 182
193 16 16 5000 189
194 32 16 5000 179
195 128 64 500 142
196 16 64 500 127
197 32 16 1000 116
198 128 256 800 144
199 128 256 500 146
200 64 64 5000 191
201 128 128 800 156
202 32 256 1000 140
203 128 256 800 193
204 16 256 2400 104
205 128 16 5000 192
206 16 16 800 199
207 16 128 2400 93
208 32 256 800 131
209 128 64 500 194
210 64 256 5000 156
211 64 64 1000 97
212 32 256 800 155
213 128 128 5000 156
214 32 16 500 113
215 32 256 2400 187
216 32 128 800 117
217 32 64 800 105
218 32 64 500 151
219 16 256 1000 140
220 128 64 500 190
221 16 64 1000 194
222 16 256 800 118
223 16 128 800 134
224 128 256 2400 180
225 128 16 500 132
226 32 256 1000 105
227 16 16 500 143
228 128 64 1000 149
229 16 128 1000 141
230 32 128 2400 120
231 16 128 1000 124
232 128 16 2400 117
233 64 64 800 167
234 32 256 5000 195
235 64 128 500 130
236 16 256 5000 151
237 32 128 800 134
238 128 16 2400 121
239 16 128 5000 181
240 64 64 800 108
241 64 64 5000 92
242 32 128 500 200
243 64 16 1000 146
244 128 16 2400 96
245 16 128 500 197
246 64 64 1000 195
247 128 64 5000 111
248 64 16 800 157
249 128 256 500 102
250 32 256 1000 149
251 16 256 1000 126
252 64 64 5000 154
253 64 64 2400 189
254 128 16 2400 155
255 64 256 1000 132
256 16 64 800 123
257 64 256 2400 171
258 128 64 2400 187
259 128 128 800 131
260 32 128 2400 200
261 128 16 5000 102
262 128 256 2400 102
263 32 64 5000 173
264 128 16 500 106
265 64 64 500 102
266 32 128 800 133
267 32 64 800 99
268 128 256 2400 175
269 32 16 800 128
270 16 64 500 170
271 32 128 500 197
272 64 256 1000 125
273 16 16 800 127
274 32 128 800 110
275 128 256 2400 128
276 64 256 2400 149
277 128 16 800 161
278 128 16 500 155
279 16 16 500 122
280 128 64 1000 173
281 32 16 1000 120
282 16 64 2400 147
283 32 16 800 101
284 64 128 1000 115
285 16 256 2400 113
286 32 16 1000 101
287 128 128 1000 141
288 64 128 1000 107
289 128 256 2400 95
290 32 128 2400 108
291 32 64 1000 165
292 64 256 1000 166
293 128 64 2400 90
294 16 128 5000 118
295 128 128 1000 180
296 64 16 500 131
297 32 16 500 121
298 64 16 1000 153
299 128 128 500 96
300 128 128 5000 150
301 64 16 5000 157
302 64 256 5000 111
303 16 64 800 143
304 32 256 500 165
305 64 16 800 167
306 32 256 1000 186
307 128 128 500 126
308 64 256 800 184
309 32 256 500 173
310 16 256 2400 116
311 64 128 2400 127
312 64 256 2400 116
313 128 256 5000 144
314 64 16 5000 94
315 64 128 5000 150
316 64 64 2400 90
317 128 16 800 141
318 128 64 2400 185
319 64 256 800 104
320 32 128 5000 91
321 128 64 800 110
322 16 64 500 118
323 32 256 5000 98
324 32 256 800 146
325 16 128 500 104
326 16 128 500 120
327 64 256 2400 200
328 32 128 1000 192
329 16 64 5000 177
330 16 128 800 131
331 16 64 1000 146
332 32 256 800 151
333 32 16 2400 160
334 128 64 5000 158
335 128 256 500 145
336 32 64 2400 106
337 128 256 5000 176
338 32 128 2400 192
339 16 64 2400 141
340 16 16 1000 165
341 64 16 500 179
342 16 64 2400 188
343 32 256 800 120
344 64 64 800 131
345 64 128 2400 142
346 128 256 2400 195
347 64 16 2400 115
348 128 64 5000 145
349 32 128 5000 142
350 16 16 500 189
351 128 64 500 189
352 128 128 1000 185
353 64 64 1000 170
354 16 256 800 175
355 16 64 500 100
356 64 16 2400 158
357 64 16 1000 131
358 64 128 2400 173
359 16 64 500 102
360 128 256 2400 114
361 32 16 5000 169
362 16 128 2400 163
363 32 256 1000 128
364 32 16 1000 170
365 64 256 800 147
366 32 256 800 114
367 16 128 1000 102
368 16 128 800 172
369 16 128 800 94
370 128 256 500 199
371 128 16 2400 192
372 64 128 500 110
373 128 64 500 157
374 32 16 5000 162
375 64 64 1000 109
376 32 16 2400 193
377 128 128 5000 103
378 128 64 1000 184
379 128 64 800 111
380 64 16 800 199
381 32 128 800 196
382 16 256 800 164
383 16 128 2400 139
384 32 16 800 200
385 128 16 1000 182
386 16 256 2400 117
387 128 16 2400 198
388 32 64 5000 181
389 16 256 1000 188
390 128 128 5000 195
391 64 16 5000 184
392 64 64 2400 130
393 32 128 2400 176
394 32 64 800 168
395 64 256 800 119
396 128 64 2400 157
397 64 128 5000 163
398 32 128 5000 169
399 128 16 5000 124
400 64 256 800 103
401 64 16 2400 132
402 16 64 1000 92
403 16 64 1000 159
404 16 256 1000 125
405 32 128 1000 92
406 64 16 5000 110
407 32 128 1000 95
408 32 128 2400 156
409 128 16 1000 159
410 128 64 500 110
411 32 256 1000 128
412 32 64 500 145
413 16 128 1000 113
414 32 256 500 140
415 16 16 800 166
416 16 16 2400 103
417 32 128 1000 200
418 32 16 5000 93
419 16 128 5000 197
420 32 128 500 174
421 128 16 5000 159
422 64 64 2400 103
423 128 128 1000 161
424 16 256 1000 165
425 128 64 2400 194
426 64 128 1000 157
427 16 256 1000 103
428 64 256 500 141
429 16 64 800 146
430 32 64 800 154
431 128 128 800 96
432 128 64 800 176
433 16 128 800 95
434 32 64 500 152
435 16 256 1000 124
436 128 64 500 137
437 128 256 5000 123
438 64 128 800 195
439 32 256 1000 111
440 64 64 2400 200
441 128 256 1000 187
442 64 16 800 112
443 16 64 1000 162
444 32 256 500 125
445 128 16 800 163
446 128 64 800 174
447 128 256 800 146
448 32 128 500 122
449 128 64 5000 109
450 64 64 2400 107
451 16 16 1000 188
452 16 128 800 192
453 128 16 2400 190
454 16 64 800 109
455 128 64 500 149
456 16 128 500 180
457 32 16 2400 118
458 16 128 500 156
459 32 16 5000 161
460 32 256 800 111
461 128 16 800 186
462 16 16 1000 151
463 128 256 1000 151
464 128 128 500 124
465 16 128 800 172
466 32 128 2400 175
467 32 256 2400 125
468 128 16 2400 139
469 64 256 800 99
470 16 16 1000 101
471 32 16 2400 166
472 16 64 5000 90
473 128 16 1000 188
474 32 16 2400 132
475 16 16 5000 115
476 64 128 5000 151
477 128 64 800 120
478 32 64 500 128
479 64 256 1000 197
480 64 256 800 149
481 64 16 800 165
482 64 128 2400 148
483 64 64 500 93
484 16 64 1000 111
485 128 128 2400 131
486 64 16 2400 101
487 32 16 500 141
488 64 128 500 123
489 64 64 500 179
490 64 128 800 141
491 128 128 500 109
492 32 128 5000 180
493 128 64 800 160
494 128 128 1000 142
495 128 256 1000 144
496 16 64 800 141
497 32 64 5000 152
498 32 256 2400 149
499 128 128 800 154
500 16 128 1000 151
501 32 256 2400 184
502 32 256 800 186
503 16 16 1000 90
504 32 16 800 183
505 64 16 1000 100
506 64 256 1000 194
507 64 64 500 154
508 16 256 800 196
509 64 64 500 115
510 64 256 800 123
511 32 128 800 165
512 64 128 1000 127
513 16 256 500 179
514 64 64 500 99
515 64 16 800 123
516 64 256 800 120
517 64 16 5000 185
518 128 64 1000 111
519 32 16 5000 177
520 32 64 500 143
521 64 64 1000 134
522 32 128 800 113
523 32 256 500 189
524 32 256 2400 112
525 32 128 2400 114
526 16 128 2400 112
527 64 256 800 171
528 32 16 500 175
529 128 128 500 162
530 32 128 2400 186
531 32 64 2400 137
532 64 64 500 192
533 16 128 2400 193
534 16 16 500 131
535 16 16 500 145
536 32 64 2400 168
537 64 256 5000 134
538 128 16 800 131
539 128 256 500 173
540 64 256 2400 148
541 64 64 1000 93
542 32 64 800 110
543 16 16 800 166
544 16 256 1000 91
545 32 256 500 97
546 32 128 2400 97
547 16 256 800 107
548 32 256 5000 161
549 32 64 800 181
550 64 16 2400 179
551 32 128 2400 90
552 16 256 2400 123
553 128 256 2400 111
554 128 64 2400 119
555 64 128 2400 183
556 32 128 800 186
557 128 256 500 188
558 64 64 5000 107
559 128 128 5000 114
560 16 64 800 95
561 16 16 500 164
562 64 64 5000 121
563 128 256 2400 196
564 128 64 2400 130
565 16 64 2400 111
566 16 256 1000 190
567 128 256 1000 174
568 32 64 5000 112
569 128 64 2400 99
570 32 64 800 159
571 32 128 500 153
572 128 128 500 149
573 64 128 800 135
574 64 128 500 183
575 32 64 2400 125
576 16 64 1000 191
577 128 64 1000 100
578 32 128 1000 166
579 16 128 1000 135
580 16 128 800 119
581 128 256 2400 165
582 64 128 800 163
583 32 256 1000 150
584 32 16 2400 98
585 64 64 2400 114
586 64 256 5000 146
587 128 256 500 143
588 64 128 1000 125
589 128 16 1000 188
590 32 16 500 143
591 32 16 800 179
592 32 256 2400 182
593 32 128 800 153
594 32 64 500 117
595 16 64 1000 165
596 32 128 800 144
597 32 128 800 91
598 64 16 500 126
599 16 64 500 199
600 128 64 800 128
601 32 128 1000 160
602 64 16 500 94
603 128 256 2400 168
604 32 16 5000 200
605 32 16 1000 190
606 32 128 800 108
607 16 256 5000 184
608 128 128 1000 159
609 16 256 5000 106
610 16 128 800 164
611 64 64 5000 169
612 64 64 2400 147
613 128 128 800 99
614 16 16 5000 104
615 16 64 5000 105
616 128 256 500 200
617 32 256 800 157
618 32 16 800 151
619 128 16 5000 126
620 128 256 5000 173
621 32 16 5000 108
622 64 256 5000 124
623 128 64 1000 189
624 32 64 2400 103
625 16 256 800 187
626 128 64 800 131
627 16 256 2400 135
628 128 256 1000 177
629 128 128 800 116
630 64 128 2400 103
631 64 256 800 145
632 32 16 2400 180
633 32 64 2400 176
634 32 256 800 126
635 128 128 2400 116
636 128 64 500 172
637 64 64 2400 168
638 128 256 800 190
639 16 128 2400 132
640 16 256 2400 178
641 16 64 500 118
642 128 128 5000 91
643 16 256 1000 137
644 16 128 500 99
645 16 64 1000 157
646 32 64 500 117
647 64 256 500 115
648 16 16 500 121
649 128 256 1000 128
650 128 16 500 150
651 16 64 5000 182
652 16 256 800 100
653 32 16 1000 178
654 64 64 800 191
655 64 128 1000 109
656 16 256 1000 141
657 128 64 2400 126
658 64 128 1000 113
659 16 256 2400 101
660 16 256 2400 177
661 32 128 5000 99
662 32 16 5000 173
663 64 16 800 180
664 32 16 2400 177
665 16 256 1000 124
666 32 256 800 95
667 32 256 5000 116
668 128 16 2400 138
669 64 16 1000 169
670 128 16 500 125
671 32 128 1000 130
672 16 256 2400 172
673 32 64 5000 161
674 128 256 5000 117
675 64 256 2400 127
676 16 64 800 123
677 128 64 1000 194
678 64 64 1000 96
679 32 128 2400 173
680 64 128 5000 94
681 32 16 5000 91
682 128 64 500 177
683 16 128 1000 119
684 32 64 1000 106
685 64 64 2400 93
686 32 256 5000 159
687 32 64 500 107
688 64 128 800 123
689 64 64 800 187
690 128 64 2400 178
691 16 256 2400 99
692 32 16 2400 148
693 16 64 500 142
694 16 64 800 130
695 64 256 1000 161
696 32 256 5000 92
697 64 128 2400 95
698 128 16 2400 102
699 64 16 5000 150
700 64 16 800 156
701 64 128 5000 163
702 32 128 800 147
703 16 128 800 125
704 64 128 5000 97
705 16 256 5000 113
706 16 64 2400 199
707 64 128 5000 135
708 32 64 500 111
709 128 64 800 146
710 64 16 5000 181
711 32 16 1000 163
712 128 16 500 137
713 16 16 500 106
714 16 256 800 197
715 64 64 1000 112
716 64 128 2400 195
717 64 16 5000 90
718 16 64 1000 116
719 16 16 500 110
720 16 64 800 130
721 64 64 2400 147
722 32 16 800 196
723 128 128 800 162
724 32 256 800 186
725 128 16 2400 114
726 32 128 800 171
727 128 256 2400 150
728 128 128 2400 200
729 128 256 500 177
730 128 16 2400 108
731 16 64 500 164
732 64 16 800 111
733 128 16 800 132
734 128 128 2400 104
735 64 256 800 133
736 16 64 2400 175
737 32 16 1000 143
738 32 16 500 94
739 16 256 800 91
740 128 16 5000 111
741 16 128 800 117
742 32 16 500 162
743 32 128 5000 114
744 128 64 2400 123
745 64 256 5000 102
746 32 128 500 152
747 128 64 500 146
748 128 16 800 131
749 128 64 500 128
750 128 16 2400 128
751 64 256 2400 144
752 128 128 800 163
753 32 256 2400 147
754 32 128 800 123
755 128 16 5000 124
756 64 64 1000 183
757 16 128 1000 92
758 16 64 800 126
759 32 256 5000 98
760 128 64 800 188
761 128 128 800 190
762 16 256 800 165
763 16 256 1000 116
764 64 128 800 115
765 16 16 5000 105
766 32 64 5000 92
767 64 64 5000 169
768 64 128 1000 103
769 32 256 2400 188
770 128 256 1000 130
771 64 64 5000 170
772 16 128 5000 155
773 32 256 800 128
774 16 256 500 174
775 16 128 500 174
776 128 64 800 93
777 128 256 5000 95
778 32 16 5000 135
779 32 16 5000 165
780 128 256 800 169
781 128 256 500 100
782 128 16 2400 174
783 128 256 2400 161
784 128 256 500 108
785 16 256 800 184
786 32 128 2400 103
787 128 256 2400 153
788 16 16 5000 180
789 16 256 2400 126
790 128 256 500 160
791 128 16 500 182
792 128 256 2400 99
793 16 64 800 122
794 16 16 500 164
795 32 16 500 157
796 32 16 500 143
797 64 16 500 189
798 16 16 1000 100
799 32 256 2400 99
800 16 128 1000 176
801 16 128 2400 99
802 32 16 5000 173
803 16 128 500 170
804 64 16 2400 156
805 16 16 1000 91
806 128 16 2400 157
807 32 16 500 110
808 128 16 800 141
809 128 128 500 136
810 32 64 1000 198
811 64 16 500 118
812 32 256 2400 155
813 64 64 1000 126
814 16 256 500 173
815 128 256 800 145
816 64 256 5000 114
817 64 128 800 178
818 64 16 5000 177
819 128 256 2400 120
820 128 256 500 156
821 128 64 2400 114
822 32 64 5000 114
823 16 64 2400 168
824 64 16 5000 113
825 16 64 800 165
826 128 64 500 170
827 16 64 1000 199
828 16 16 800 183
829 128 256 2400 175
830 16 64 500 124
831 16 128 500 136
832 128 64 800 107
833 128 256 1000 117
834 64 16 500 107
835 64 128 800 194
836 64 256 1000 136
837 32 256 500 191
838 32 16 2400 159
839 32 256 1000 168
840 128 16 800 177
841 32 256 1000 146
842 64 64 5000 166
843 64 128 500 191
844 128 64 1000 183
845 32 128 2400 90
846 64 256 500 102
847 16 64 1000 162
848 16 16 800 123
319
1 817 56 121
3 845 44 153
4 331 67 118
5 635 61 185
5 409 46 171
6 118 55 97
11 656 52 99
13 280 60 162
13 116 43 165
14 805 62 161
14 637 61 129
14 406 70 114
15 350 49 126
17 322 59 170
17 813 52 181
18 536 65 137
18 599 50 99
18 551 40 130
19 111 51 162
22 675 53 104
24 485 61 124
25 157 56 170
26 567 48 117
27 410 44 141
28 85 51 178
30 314 60 182
35 637 42 114
36 57 45 110
36 288 64 157
36 699 61 130
37 302 62 127
39 489 52 129
40 109 57 136
40 458 48 141
42 68 48 96
43 229 50 104
44 246 61 167
48 741 70 168
51 385 52 95
51 300 67 145
51 514 42 129
52 340 63 115
53 146 42 99
58 499 58 148
59 217 63 156
64 621 46 175
65 831 59 167
66 282 55 102
71 501 56 196
71 567 42 128
74 172 65 179
74 440 46 189
75 172 44 179
76 163 49 175
77 560 49 169
78 391 50 177
78 721 46 134
81 728 61 158
82 474 57 195
83 246 60 200
84 229 69 97
84 497 61 175
84 746 42 156
84 596 51 164
85 352 61 138
86 338 68 155
88 532 54 90
90 842 54 143
90 758 44 103
91 571 40 179
93 660 43 111
95 800 62 173
97 717 64 137
98 133 47 126
104 197 40 96
105 354 44 177
108 449 66 116
109 433 62 192
110 831 48 195
111 672 68 172
111 836 44 133
112 745 65 161
114 164 51 185
116 663 51 198
117 508 49 112
118 638 50 196
121 311 53 141
123 326 54 137
125 836 65 140
126 277 41 196
128 697 45 146
130 225 41 134
132 618 55 141
133 618 40 135
140 699 45 162
140 242 51 123
143 612 67 165
144 730 60 96
146 772 50 161
147 365 53 177
148 807 54 189
149 306 54 100
153 303 48 188
153 178 50 123
156 451 46 186
158 272 57 95
158 320 67 200
158 231 54 143
161 486 42 199
161 810 62 138
163 425 57 120
164 204 45 117
165 374 41 167
166 696 47 189
169 335 70 159
171 662 68 182
171 615 51 180
172 553 53 184
172 537 52 98
172 830 47 114
174 716 42 165
176 725 41 174
179 828 47 118
179 268 49 196
180 816 57 123
180 348 53 168
182 292 69 110
184 761 68 199
185 466 47 103
186 460 44 190
188 674 48 93
191 403 49 152
192 705 59 121
192 579 40 162
196 216 40 188
205 355 45 100
208 500 68 107
209 529 70 124
210 303 57 172
213 323 42 175
214 828 54 122
220 252 48 130
223 595 51 152
226 587 53 167
229 710 51 129
234 839 55 155
234 488 50 149
234 582 49 180
237 355 54 123
239 582 66 132
242 440 45 137
245 833 62 94
246 360 69 110
246 479 60 118
247 561 61 104
250 806 43 156
251 821 55 102
253 452 51 135
254 822 70 151
256 786 59 123
258 772 49 199
258 743 46 147
259 693 56 139
260 689 46 135
263 309 70 167
265 379 58 121
267 392 61 185
275 337 52 183
277 841 49 170
278 745 62 95
279 438 64 119
281 569 60 175
282 387 45 140
283 833 48 146
289 536 45 161
294 300 68 188
297 344 55 155
299 518 58 144
300 566 41 148
301 636 49 95
301 461 54 187
305 458 40 103
307 585 48 95
314 469 68 145
315 644 61 194
317 703 49 143
322 543 68 98
324 478 46 102
324 529 59 106
327 332 52 126
328 666 45 107
329 455 61 170
331 726 40 156
332 365 44 200
336 338 65 116
337 544 54 136
338 729 65 172
339 687 46 107
339 569 55 165
342 539 41 185
344 638 54 103
344 538 56 196
350 757 56 111
351 520 59 143
354 699 68 127
357 672 60 90
359 679 49 192
361 836 64 150
364 663 60 117
366 620 68 148
368 616 46 174
368 512 52 94
369 541 55 165
370 648 49 107
372 810 50 169
372 495 46 144
378 439 43 178
382 531 49 143
384 393 44 193
388 828 68 178
389 471 44 193
390 606 68 132
390 433 47 179
395 844 62 109
396 412 65 124
397 724 58 172
398 564 41 163
400 637 65 116
401 609 70 103
406 435 46 94
407 418 48 191
412 427 46 99
413 838 59 130
413 733 49 114
419 693 57 113
420 628 59 129
422 666 55 151
428 448 40 146
432 841 66 93
434 612 44 167
436 838 54 121
437 752 59 132
438 813 61 136
438 836 57 113
443 826 54 130
445 579 40 174
447 535 52 163
450 839 54 152
453 707 56 96
456 701 44 142
459 768 66 195
459 695 44 110
459 811 43 90
460 494 58 92
462 722 60 134
464 785 50 169
466 532 56 175
467 734 41 108
469 799 49 170
470 801 45 160
472 784 54 176
472 663 55 193
474 517 68 140
477 587 43 90
483 749 47 106
489 734 54 172
493 632 42 184
493 790 46 101
498 602 70 155
499 754 45 160
504 635 61 132
507 788 54 170
507 793 43 128
509 669 54 153
516 721 50 124
520 526 63 182
523 729 53 179
528 759 50 121
534 764 50 140
535 557 58 182
539 580 67 107
540 645 58 128
540 792 60 178
548 719 65 100
555 715 40 164
556 691 45 109
562 571 64 149
562 756 44 189
564 640 44 131
564 771 63 183
567 613 40 195
573 636 48 138
577 710 62 112
581 808 46 101
594 683 57 112
596 781 54 180
597 609 50 113
603 695 58 111
605 776 47 151
606 625 47 121
608 621 44 189
616 658 69 164
628 764 70 110
632 849 65 171
641 703 57 128
642 745 68 110
656 834 54 140
662 665 46 125
695 785 54 172
708 728 46 108
713 726 43 157
732 742 66 128
743 812 55 119
750 805 40 166
770 849 43 149
778 800 48 147
803 822 55 166
804 819 70 108
804 827 64 102