213
0 2 16 150 90
1 16 4 100 87
2 16 16 50 94
3 8 64 200 89
4 8 16 100 65
5 16 64 50 64
6 16 16 100 98
7 2 64 150 54
8 2 2 150 74
9 8 16 100 91
10 8 16 200 60
11 8 2 200 50
12 2 64 100 95
13 8 16 100 96
14 2 4 100 64
15 16 16 200 93
16 16 64 100 50
17 2 2 150 74
18 16 16 50 50
19 8 16 200 67
20 2 4 100 83
21 8 16 100 61
22 16 2 200 100
23 8 2 200 51
24 2 2 100 100
25 8 64 50 85
26 16 64 50 98
27 16 16 100 51
28 2 16 50 50
29 8 4 200 63
30 16 16 200 54
31 16 64 50 65
32 8 2 150 76
33 2 64 150 89
34 2 2 150 68
35 8 16 50 81
36 2 4 200 71
37 8 4 50 68
38 2 2 50 74
39 8 16 200 84
40 16 64 150 87
41 8 4 50 94
42 8 2 200 93
43 16 64 150 92
44 2 2 50 90
45 2 64 100 78
46 16 16 200 97
47 16 16 150 90
48 2 4 200 92
49 2 64 100 60
50 16 4 50 72
51 8 4 50 82
52 16 4 50 74
53 2 16 200 83
54 8 64 150 71
55 16 64 150 64
56 16 16 100 63
57 8 64 150 57
58 16 2 50 70
59 16 16 150 84
60 2 4 50 94
61 8 16 50 67
62 8 2 100 85
63 8 16 100 70
64 16 16 100 94
65 16 64 200 88
66 8 4 50 72
67 2 64 150 50
68 8 16 50 70
69 16 2 200 76
70 16 2 150 79
71 8 2 50 93
72 16 4 100 63
73 8 2 150 77
74 2 64 50 86
75 2 4 150 60
76 2 2 200 96
77 8 4 50 85
78 16 2 150 53
79 2 16 150 78
80 8 16 100 81
81 8 2 200 64
82 2 64 50 97
83 8 16 100 65
84 16 4 50 64
85 16 4 150 60
86 2 16 200 50
87 2 64 200 69
88 8 4 100 79
89 8 64 100 65
90 2 2 50 74
91 16 16 100 79
92 8 2 100 58
93 2 16 100 84
94 16 64 200 89
95 8 2 150 53
96 8 16 100 87
97 8 64 50 89
98 8 2 100 100
99 16 2 100 95
100 2 2 200 61
101 16 16 50 88
102 2 4 50 99
103 2 16 150 50
104 2 2 200 61
105 16 2 200 99
106 16 64 150 100
107 16 4 100 98
108 16 16 150 63
109 16 16 150 92
110 8 4 50 66
111 16 16 200 89
112 2 2 150 72
113 8 64 100 92
114 8 2 200 88
115 16 2 50 55
116 2 64 100 98
117 2 16 100 84
118 2 2 100 63
119 16 2 200 50
120 2 16 200 64
121 8 4 100 96
122 8 4 100 82
123 8 4 200 99
124 16 64 100 88
125 8 64 150 100
126 8 4 150 84
127 16 16 50 70
128 2 2 200 83
129 2 16 200 70
130 2 16 100 58
131 16 16 50 87
132 16 2 100 64
133 16 4 200 91
134 8 16 150 98
135 16 64 150 82
136 2 2 100 63
137 8 16 100 72
138 8 64 50 71
139 2 4 200 79
140 8 64 50 66
141 8 64 150 72
142 8 16 50 95
143 8 2 150 65
144 8 4 200 85
145 8 64 150 87
146 2 2 50 83
147 8 64 50 96
148 16 4 150 77
149 8 4 100 100
150 8 2 50 84
151 8 4 50 59
152 2 4 200 83
153 2 4 200 72
154 2 64 150 79
155 8 4 200 73
156 16 16 100 73
157 16 2 200 80
158 16 4 100 67
159 16 64 150 72
160 8 64 200 94
161 2 2 150 68
162 16 64 100 51
163 16 4 200 76
164 2 16 150 76
165 16 2 50 55
166 2 4 150 75
167 8 2 50 60
168 2 64 200 79
169 16 64 200 66
170 8 16 50 77
171 2 2 150 80
172 8 64 200 56
173 16 16 50 81
174 16 2 200 58
175 2 64 150 60
176 16 4 150 82
177 2 16 150 71
178 2 2 200 67
179 16 4 50 60
180 16 2 150 83
181 16 4 100 85
182 2 4 150 95
183 8 16 150 73
184 16 2 50 93
185 2 2 150 94
186 8 16 100 67
187 2 2 50 92
188 16 4 150 53
189 8 16 50 67
190 8 4 200 77
191 16 16 150 76
192 2 64 200 98
193 2 16 100 57
194 16 2 50 56
195 16 2 50 52
196 2 64 50 92
197 16 16 150 72
198 8 4 100 73
199 2 4 150 90
200 16 4 200 79
201 16 16 200 91
202 16 2 200 60
203 2 16 200 61
204 16 16 200 50
205 16 2 50 72
206 2 4 100 91
207 16 2 200 54
208 2 64 100 76
209 2 2 200 83
210 2 16 50 52
211 16 64 200 62
212 2 16 50 67
46
0 105 40 143
0 101 68 165
8 181 47 189
8 128 65 122
8 131 47 129
8 36 69 93
9 81 54 142
19 57 58 125
19 63 63 177
20 57 64 144
22 97 47 182
24 80 62 157
25 186 70 118
36 202 64 175
42 57 55 172
43 162 64 120
43 44 54 114
45 204 47 165
48 139 45 104
56 112 64 107
68 156 41 137
82 127 40 147
85 142 50 118
91 109 57 143
91 191 42 102
93 101 67 172
97 210 70 116
98 156 67 149
102 121 56 154
107 143 68 171
112 193 51 93
113 147 42 164
115 189 67 99
116 117 65 175
118 133 64 119
121 212 62 172
132 181 52 143
134 148 67 168
154 179 45 175
155 207 47 110
159 167 69 183
167 213 66 97
168 193 53 170
177 212 58 184
182 185 46 128
184 207 45 113