787
0 16 40 5000 189
1 16 40 800 128
2 16 64 1000 177
3 32 40 5000 113
4 32 64 2000 131
5 16 40 5000 121
6 32 96 400 150
7 32 64 2000 184
8 32 96 800 132
9 16 96 400 124
10 32 64 800 167
11 16 64 2000 146
12 16 40 1000 157
13 16 40 2000 186
14 32 64 800 159
15 32 64 400 125
16 32 96 2000 198
17 16 64 1000 124
18 32 96 5000 178
19 32 40 2000 127
20 32 96 2000 193
21 32 40 2000 175
22 16 96 2000 140
23 16 96 800 129
24 16 96 2000 193
25 16 96 800 120
26 32 40 2000 159
27 16 40 400 97
28 16 64 1000 157
29 32 96 1000 133
30 32 40 800 118
31 16 64 5000 136
32 32 64 800 91
33 16 96 800 183
34 32 64 800 133
35 32 96 400 191
36 16 40 2000 173
37 16 40 2000 177
38 32 64 800 102
39 16 40 2000 190
40 32 96 2000 134
41 32 96 5000 129
42 32 96 400 93
43 16 40 5000 139
44 16 96 2000 122
45 32 40 2000 143
46 16 40 1000 162
47 16 40 5000 111
48 16 96 2000 178
49 16 96 800 100
50 16 40 2000 93
51 16 96 5000 176
52 32 40 5000 121
53 32 64 2000 150
54 16 40 400 111
55 32 40 2000 167
56 16 64 400 101
57 32 64 800 185
58 32 40 400 100
59 32 96 1000 134
60 16 96 1000 133
61 16 96 2000 129
62 16 40 400 178
63 16 40 5000 162
64 32 40 800 95
65 32 96 5000 144
66 16 64 400 186
67 32 64 2000 130
68 16 64 400 112
69 32 64 800 197
70 16 96 1000 157
71 32 64 400 153
72 16 64 1000 116
73 16 96 400 111
74 16 64 5000 148
75 16 96 2000 113
76 32 40 5000 197
77 32 64 800 178
78 16 40 5000 172
79 32 96 5000 169
80 16 96 800 102
81 32 40 5000 169
82 32 40 800 131
83 16 96 800 123
84 16 96 1000 136
85 32 96 2000 186
86 32 40 2000 166
87 16 40 800 183
88 16 64 5000 178
89 32 96 5000 189
90 16 40 5000 200
91 32 64 2000 154
92 16 40 400 136
93 16 40 400 151
94 32 64 1000 131
95 16 40 1000 135
96 16 40 5000 179
97 16 64 800 119
98 32 96 400 137
99 32 64 400 155
100 16 96 800 200
101 16 64 800 167
102 32 96 1000 178
103 16 40 800 165
104 16 40 5000 171
105 16 64 800 186
106 32 96 400 121
107 32 64 800 142
108 16 40 1000 136
109 32 64 5000 93
110 16 96 2000 127
111 16 64 800 158
112 16 64 2000 152
113 32 64 1000 115
114 32 64 400 146
115 16 64 1000 127
116 32 64 400 106
117 16 96 5000 116
118 32 64 2000 92
119 16 96 800 191
120 16 96 400 178
121 16 40 5000 100
122 16 40 1000 200
123 32 96 400 96
124 16 40 800 194
125 32 96 400 156
126 32 96 5000 151
127 16 64 400 186
128 32 64 2000 197
129 32 64 1000 141
130 16 96 400 143
131 16 96 2000 135
132 16 40 2000 113
133 16 96 800 93
134 32 96 1000 109
135 32 64 800 127
136 32 40 400 103
137 32 64 400 166
138 32 40 2000 169
139 32 40 5000 123
140 32 64 2000 106
141 32 96 5000 113
142 16 96 400 97
143 16 40 1000 189
144 16 40 5000 101
145 16 64 800 190
146 16 64 2000 127
147 16 64 400 192
148 32 40 400 115
149 32 64 2000 121
150 32 40 400 195
151 32 64 1000 130
152 16 40 400 197
153 32 40 800 91
154 32 40 5000 127
155 32 40 400 172
156 16 96 5000 92
157 32 40 2000 148
158 16 40 5000 162
159 16 64 800 136
160 16 40 5000 121
161 32 40 5000 147
162 16 96 2000 150
163 32 96 1000 137
164 16 96 1000 138
165 16 96 400 166
166 16 64 1000 140
167 32 64 400 188
168 16 96 400 198
169 16 64 1000 134
170 32 40 5000 156
171 16 40 800 195
172 16 96 800 125
173 16 40 5000 166
174 16 40 2000 140
175 32 64 2000 123
176 32 64 5000 97
177 16 64 800 133
178 16 64 400 125
179 16 40 5000 152
180 16 40 2000 140
181 32 96 800 196
182 32 64 800 183
183 32 40 800 99
184 32 96 800 147
185 16 64 400 182
186 16 40 400 165
187 16 64 2000 120
188 32 96 5000 157
189 16 40 2000 110
190 32 40 2000 150
191 32 64 400 150
192 16 40 400 94
193 16 96 400 176
194 32 40 2000 170
195 32 40 400 125
196 32 64 1000 189
197 32 96 2000 132
198 16 96 800 152
199 32 64 400 119
200 32 96 800 164
201 32 96 800 164
202 16 96 1000 199
203 16 40 800 175
204 16 64 1000 94
205 16 96 400 112
206 16 64 400 102
207 32 40 1000 153
208 32 64 2000 117
209 16 40 400 113
210 16 64 400 124
211 16 64 2000 193
212 32 96 1000 91
213 16 64 400 183
214 16 96 1000 105
215 32 96 5000 93
216 32 40 5000 165
217 16 64 2000 116
218 16 96 1000 111
219 16 96 2000 150
220 16 64 400 130
221 16 64 400 160
222 16 64 2000 194
223 16 64 1000 130
224 32 64 5000 112
225 32 64 400 193
226 32 64 400 115
227 32 64 800 188
228 16 40 2000 107
229 16 64 400 92
230 16 64 400 134
231 32 40 400 133
232 16 40 400 141
233 32 96 800 183
234 32 64 1000 173
235 16 64 5000 120
236 16 64 5000 117
237 32 96 5000 175
238 16 96 1000 146
239 16 64 400 100
240 32 96 800 131
241 16 64 2000 124
242 32 64 400 191
243 32 96 2000 177
244 32 40 1000 194
245 32 96 1000 151
246 32 64 800 146
247 16 64 1000 156
248 16 40 1000 138
249 32 64 5000 177
250 32 96 800 155
251 16 64 1000 97
252 32 64 2000 154
253 32 40 400 135
254 16 40 2000 197
255 32 96 800 172
256 32 96 2000 193
257 16 96 1000 134
258 16 64 1000 153
259 16 96 5000 177
260 32 64 2000 112
261 32 40 400 100
262 16 64 1000 163
263 32 64 1000 167
264 32 96 5000 105
265 32 64 5000 92
266 16 96 800 154
267 32 64 5000 101
268 16 40 400 95
269 16 96 5000 175
270 16 64 2000 99
271 16 64 1000 138
272 16 64 1000 165
273 32 96 5000 120
274 32 96 2000 193
275 16 40 2000 133
276 16 40 400 138
277 16 64 400 153
278 16 96 5000 101
279 16 64 400 121
280 16 64 1000 140
281 16 40 1000 122
282 16 96 1000 154
283 16 64 400 95
284 32 40 800 149
285 16 40 2000 111
286 16 64 400 104
287 16 40 400 200
288 32 40 1000 190
289 16 40 5000 127
290 16 64 5000 102
291 16 64 2000 141
292 32 96 800 119
293 32 64 800 121
294 32 64 2000 189
295 32 40 800 107
296 32 40 800 167
297 32 64 400 93
298 16 96 5000 91
299 16 40 2000 101
300 32 40 1000 180
301 16 96 2000 166
302 32 64 400 195
303 32 96 400 130
304 32 40 2000 94
305 32 40 800 191
306 32 64 800 128
307 32 96 800 130
308 16 96 2000 95
309 16 64 1000 163
310 16 64 2000 183
311 16 96 400 183
312 16 96 400 154
313 32 40 1000 190
314 16 64 800 126
315 32 40 1000 188
316 32 64 400 100
317 32 64 400 112
318 16 40 5000 168
319 32 96 5000 176
320 32 40 1000 118
321 32 64 400 171
322 16 96 2000 156
323 16 96 1000 97
324 16 64 5000 179
325 32 96 400 166
326 32 64 1000 169
327 16 40 1000 182
328 16 64 800 157
329 16 64 400 112
330 32 40 400 123
331 16 96 5000 120
332 32 96 800 145
333 32 64 2000 112
334 16 64 400 105
335 16 64 2000 175
336 32 96 5000 158
337 32 64 2000 191
338 32 40 400 121
339 32 64 5000 128
340 32 64 800 115
341 32 96 400 151
342 32 64 2000 136
343 32 96 2000 117
344 32 64 2000 97
345 16 40 800 132
346 16 96 5000 145
347 16 40 5000 194
348 16 96 800 159
349 32 40 2000 91
350 32 64 5000 180
351 16 96 2000 136
352 16 64 800 148
353 16 96 400 173
354 16 40 1000 179
355 32 64 5000 165
356 32 96 800 196
357 32 96 1000 128
358 32 40 1000 128
359 16 64 2000 152
360 32 40 5000 172
361 32 40 400 190
362 16 40 5000 197
363 32 40 800 122
364 16 64 400 195
365 16 96 2000 126
366 16 40 400 196
367 16 40 2000 166
368 16 64 400 177
369 32 96 800 115
370 16 40 2000 120
371 32 40 800 173
372 32 96 5000 174
373 16 40 1000 126
374 32 96 2000 152
375 16 64 800 94
376 32 40 1000 143
377 32 96 400 156
378 16 96 400 96
379 32 96 400 185
380 32 96 400 199
381 32 64 2000 176
382 16 64 1000 187
383 32 40 5000 153
384 16 96 2000 114
385 16 64 2000 112
386 16 96 2000 103
387 16 64 5000 138
388 32 40 800 142
389 16 40 1000 199
390 16 64 1000 189
391 16 96 1000 122
392 16 64 2000 147
393 16 40 1000 110
394 32 64 5000 91
395 16 64 800 124
396 16 40 800 99
397 16 40 5000 144
398 32 40 800 124
399 32 40 1000 190
400 16 40 400 145
401 16 64 2000 193
402 32 40 1000 136
403 32 64 2000 141
404 32 40 400 182
405 32 40 5000 193
406 16 96 5000 163
407 32 64 800 101
408 16 96 800 93
409 16 64 2000 162
410 32 40 5000 158
411 32 96 1000 101
412 32 96 1000 128
413 16 64 2000 153
414 32 64 1000 167
415 16 96 400 186
416 32 96 2000 182
417 32 64 2000 133
418 32 40 5000 150
419 16 64 1000 120
420 16 64 800 181
421 16 40 1000 120
422 32 40 400 146
423 16 64 5000 188
424 16 96 800 107
425 32 96 800 158
426 16 96 1000 166
427 32 64 2000 146
428 32 40 400 159
429 32 96 800 172
430 16 64 5000 165
431 32 64 1000 148
432 32 64 800 187
433 32 40 1000 150
434 32 40 400 106
435 32 96 2000 153
436 16 96 2000 118
437 16 96 2000 186
438 32 64 800 100
439 32 64 1000 119
440 32 96 2000 148
441 16 96 2000 189
442 32 96 800 173
443 32 96 2000 98
444 32 40 800 188
445 16 40 5000 129
446 32 96 400 138
447 16 96 5000 158
448 32 64 800 151
449 32 96 1000 97
450 32 96 5000 121
451 16 40 2000 108
452 16 40 800 166
453 32 40 1000 186
454 16 40 800 145
455 32 64 5000 103
456 32 64 5000 180
457 16 96 5000 137
458 16 64 800 186
459 32 96 800 94
460 16 96 400 134
461 16 96 5000 98
462 16 96 2000 99
463 16 64 800 153
464 32 64 800 191
465 32 40 5000 172
466 32 64 2000 192
467 32 96 5000 121
468 16 96 2000 103
469 32 64 5000 141
470 16 64 1000 144
471 16 96 5000 138
472 16 40 800 198
473 32 96 800 196
474 32 64 400 122
475 32 96 1000 197
476 32 40 1000 111
477 16 64 2000 183
478 32 64 2000 160
479 32 96 400 171
480 16 96 2000 193
481 32 96 800 147
482 32 40 5000 102
483 32 64 1000 161
484 32 96 1000 180
485 16 40 400 131
486 32 96 5000 143
487 16 96 5000 123
488 32 40 2000 115
489 32 96 1000 103
490 16 40 5000 151
491 32 96 1000 153
492 32 64 800 102
493 32 40 400 164
494 32 96 5000 112
495 16 40 2000 115
496 32 64 1000 131
497 32 40 800 139
498 16 64 2000 163
499 32 96 5000 168
500 32 64 800 177
501 32 40 1000 145
502 16 96 400 129
503 16 64 1000 188
504 32 40 5000 126
505 32 64 2000 95
506 32 96 800 98
507 32 96 5000 181
508 16 40 800 108
509 32 64 1000 156
510 16 96 5000 124
511 32 96 400 186
512 16 96 800 122
513 16 96 800 111
514 32 64 1000 162
515 16 40 400 161
516 32 64 2000 195
517 32 64 5000 100
518 32 96 1000 174
519 16 40 5000 194
520 32 40 400 162
521 32 64 2000 155
522 16 40 1000 193
523 16 40 2000 91
524 32 40 800 111
525 32 96 5000 125
526 16 40 5000 95
527 16 64 800 193
528 32 40 5000 135
529 32 40 5000 128
530 32 64 2000 137
531 32 64 5000 168
532 16 64 1000 104
533 32 64 800 189
534 32 96 5000 147
535 32 64 5000 146
536 16 40 1000 177
537 32 96 400 188
538 32 40 1000 97
539 16 40 800 145
540 16 64 800 131
541 32 40 2000 145
542 16 40 2000 100
543 16 96 400 198
544 16 96 800 101
545 32 96 800 109
546 32 96 400 119
547 16 96 2000 172
548 32 96 5000 138
549 32 96 800 143
550 32 64 1000 110
551 32 64 400 187
552 16 64 1000 178
553 32 64 2000 198
554 16 96 2000 149
555 32 96 5000 104
556 32 40 2000 104
557 32 96 2000 166
558 32 96 5000 188
559 16 40 1000 152
560 32 40 2000 170
561 16 40 400 187
562 32 40 800 177
563 32 40 800 141
564 32 64 2000 195
565 32 40 1000 109
566 16 40 400 169
567 16 40 800 99
568 32 40 2000 172
569 32 64 400 96
570 32 40 400 138
571 32 40 5000 138
572 16 64 5000 100
573 16 40 5000 112
574 16 64 400 199
575 16 40 400 165
576 32 64 2000 161
577 16 96 1000 172
578 16 96 1000 126
579 32 64 2000 178
580 32 64 1000 114
581 32 40 2000 182
582 32 96 2000 116
583 16 40 1000 115
584 16 96 5000 130
585 32 64 5000 137
586 32 40 1000 93
587 32 64 2000 94
588 16 96 800 128
589 16 64 800 190
590 32 40 5000 172
591 32 96 1000 149
592 16 96 1000 119
593 32 64 400 123
594 32 64 800 101
595 32 40 1000 159
596 16 96 800 173
597 16 40 5000 170
598 32 96 1000 172
599 16 64 5000 131
600 32 96 1000 99
601 16 96 5000 187
602 32 40 1000 116
603 16 96 400 197
604 32 96 400 171
605 32 40 800 191
606 32 64 5000 170
607 16 96 5000 102
608 16 64 5000 175
609 32 64 400 190
610 32 64 800 96
611 32 40 800 129
612 16 96 2000 111
613 32 64 1000 140
614 16 64 400 153
615 16 64 5000 170
616 32 96 400 145
617 32 40 800 166
618 16 96 800 121
619 32 96 400 95
620 32 40 5000 189
621 16 40 2000 179
622 32 64 1000 166
623 32 64 1000 140
624 32 64 2000 179
625 32 96 2000 116
626 16 96 2000 136
627 32 64 2000 115
628 32 40 800 124
629 16 96 2000 121
630 32 96 5000 117
631 16 64 1000 128
632 16 64 2000 98
633 32 64 1000 174
634 32 40 1000 167
635 16 96 400 177
636 16 40 2000 133
637 32 64 400 150
638 16 64 1000 104
639 32 40 400 143
640 16 64 1000 176
641 16 96 2000 176
642 32 64 2000 171
643 16 40 800 145
644 16 64 1000 134
645 32 96 400 105
646 16 96 2000 141
647 16 40 400 91
648 32 40 800 125
649 16 40 1000 164
650 32 64 5000 199
651 16 64 1000 149
652 32 40 800 97
653 16 64 400 135
654 16 64 400 147
655 32 40 2000 139
656 16 64 5000 107
657 16 64 400 138
658 16 40 400 194
659 32 64 1000 153
660 16 64 5000 168
661 16 40 2000 106
662 16 64 800 150
663 16 64 1000 159
664 16 40 5000 188
665 16 64 400 148
666 32 64 400 137
667 16 64 800 167
668 16 96 2000 198
669 32 96 800 169
670 16 96 5000 97
671 32 64 5000 106
672 16 96 5000 175
673 16 64 1000 102
674 32 64 5000 180
675 32 40 1000 136
676 32 96 5000 166
677 32 40 1000 170
678 16 96 800 159
679 32 64 800 106
680 32 64 1000 137
681 32 96 400 125
682 32 40 400 177
683 16 40 800 191
684 32 64 2000 110
685 16 96 400 113
686 16 40 1000 192
687 32 40 800 126
688 16 40 5000 170
689 32 40 800 169
690 16 96 800 171
691 16 40 800 100
692 32 64 800 96
693 16 64 1000 197
694 16 64 800 113
695 16 96 800 111
696 16 40 1000 191
697 16 64 2000 180
698 16 64 5000 126
699 32 40 800 134
700 32 96 800 115
701 16 40 1000 131
702 32 40 5000 157
703 32 40 400 169
704 32 64 5000 138
705 16 40 5000 199
706 32 40 2000 164
707 16 96 400 184
708 32 64 5000 192
709 32 96 400 198
710 16 40 1000 148
711 16 96 2000 194
712 32 64 800 95
713 32 96 1000 116
714 16 96 400 106
715 32 64 5000 155
716 32 64 5000 112
717 16 40 5000 189
718 32 64 5000 196
719 16 64 2000 95
720 32 96 5000 107
721 16 40 400 177
722 16 40 5000 139
723 32 64 1000 177
724 32 96 800 113
725 32 40 800 119
726 16 40 800 116
727 32 96 1000 94
728 16 64 5000 109
729 16 64 5000 160
730 32 40 2000 95
731 32 40 400 129
732 16 40 2000 151
733 16 64 800 181
734 32 40 5000 191
735 32 64 800 106
736 16 96 5000 96
737 16 40 800 110
738 16 40 5000 185
739 16 96 400 140
740 16 64 800 157
741 16 64 2000 199
742 32 40 1000 139
743 16 64 400 196
744 16 96 400 98
745 32 64 1000 198
746 16 64 5000 189
747 16 96 400 131
748 16 64 1000 104
749 32 40 800 188
750 16 96 2000 183
751 16 64 800 95
752 32 64 800 162
753 32 96 800 119
754 16 64 2000 112
755 32 96 2000 179
756 16 96 2000 135
757 16 96 1000 144
758 16 40 5000 143
759 16 64 800 135
760 16 96 400 122
761 32 64 1000 157
762 16 64 2000 184
763 16 40 800 167
764 16 64 400 90
765 16 64 2000 144
766 16 64 1000 194
767 32 96 5000 103
768 16 96 2000 106
769 16 96 400 109
770 16 64 400 191
771 32 40 5000 171
772 16 96 2000 189
773 16 96 1000 142
774 16 64 400 146
775 32 96 2000 104
776 32 96 1000 158
777 16 64 5000 179
778 16 96 800 91
779 16 64 800 162
780 16 40 800 189
781 32 64 5000 98
782 16 64 1000 171
783 16 40 2000 112
784 16 96 5000 186
785 32 40 5000 182
786 32 96 400 165
351
0 14 60 129
0 633 52 127
1 548 52 92
1 569 45 172
2 70 48 156
2 292 66 107
2 568 52 131
3 353 55 121
3 133 41 142
6 332 48 178
8 117 60 108
11 150 51 177
14 128 56 109
15 32 68 145
18 255 41 128
18 221 69 154
20 138 61 109
20 28 60 165
23 378 40 186
23 92 45 167
23 280 51 148
24 706 65 148
24 396 48 169
25 781 45 177
27 357 65 113
31 675 41 174
33 277 58 98
33 358 55 179
35 639 60 150
35 747 67 147
35 454 59 189
36 415 58 95
37 203 54 104
37 510 69 188
39 667 48 121
42 202 60 137
46 488 46 121
50 700 40 193
53 656 48 192
54 516 55 131
56 349 60 140
56 303 42 136
57 403 56 150
57 560 47 112
58 693 47 130
58 659 45 111
60 139 49 161
62 605 50 108
62 291 61 107
64 229 53 120
65 167 47 106
66 641 40 103
67 678 50 111
67 497 56 196
67 214 66 171
72 287 68 91
77 447 46 95
78 337 56 90
78 498 51 109
80 555 57 187
80 285 41 167
82 280 64 155
82 151 64 141
83 272 52 137
83 465 52 166
84 501 49 170
84 125 67 125
85 581 49 160
86 183 67 99
89 355 51 102
90 399 41 198
93 785 57 200
94 325 41 100
94 269 49 96
95 240 41 123
96 289 57 113
97 379 69 124
99 447 41 123
99 329 54 185
99 172 70 175
100 725 63 94
101 552 54 159
102 268 69 111
102 370 50 93
104 438 68 123
105 784 45 199
107 518 56 150
108 502 56 115
109 455 58 117
110 483 44 156
114 787 53 110
114 460 43 109
115 173 61 184
121 534 45 173
121 240 64 135
123 245 52 165
125 601 68 154
127 781 48 122
127 341 50 149
130 415 52 142
130 164 67 175
132 443 61 142
132 332 60 199
133 453 62 200
134 580 67 180
135 139 59 103
136 665 62 137
136 586 40 192
142 334 43 182
144 393 43 122
144 538 59 93
146 774 67 175
149 339 53 174
150 688 65 149
151 758 67 183
152 259 69 103
155 384 55 103
158 741 63 157
160 256 66 199
163 647 44 183
163 201 49 143
166 395 44 180
168 709 57 97
171 719 70 187
172 286 48 172
173 328 49 173
175 447 58 143
176 285 45 92
180 612 41 105
181 607 57 141
181 612 63 188
184 322 62 116
186 766 57 161
193 501 43 123
195 482 66 98
196 650 64 187
197 328 46 173
208 687 40 167
208 583 53 176
208 546 69 179
209 743 69 92
210 581 45 174
212 434 63 136
217 401 69 152
217 758 70 92
218 288 66 164
220 290 42 110
223 596 53 190
230 626 57 98
230 537 43 115
231 358 58 108
231 505 66 99
232 596 42 115
233 706 62 124
233 423 44 141
233 623 58 95
234 441 59 162
234 399 52 167
235 275 66 146
237 718 62 130
237 737 60 180
237 476 50 93
238 733 45 101
239 601 56 180
240 354 52 135
241 449 70 119
243 753 44 96
246 486 53 153
246 691 63 139
248 350 52 109
248 526 51 165
249 446 55 137
250 328 46 157
253 423 58 190
253 276 42 188
253 365 48 91
254 682 60 175
257 735 46 90
259 356 48 124
262 355 54 133
263 590 67 121
264 780 52 109
265 473 46 198
266 372 43 117
266 376 60 109
266 336 42 133
271 445 40 157
274 325 52 199
274 543 49 120
275 716 64 148
276 369 61 111
278 396 63 116
282 761 66 187
284 295 48 156
285 611 63 188
286 730 58 91
288 602 42 140
295 699 60 173
303 320 44 154
306 476 45 103
307 675 63 98
309 729 50 108
311 621 48 121
312 746 42 166
314 526 61 198
314 512 44 151
316 349 67 167
316 460 50 189
318 558 68 187
319 579 51 99
320 372 57 135
321 651 67 180
321 328 67 141
322 548 41 185
324 458 49 141
324 529 51 96
324 329 57 196
328 403 66 122
329 523 51 147
330 560 60 147
331 429 61 130
333 658 51 168
339 427 43 100
341 787 40 151
341 750 45 141
341 553 60 187
342 534 40 184
343 719 40 175
345 568 62 200
346 637 60 111
348 662 52 177
350 774 64 113
351 737 45 157
354 481 49 110
354 449 69 154
356 740 61 147
357 529 59 104
358 771 59 180
359 727 51 135
363 776 57 97
363 776 47 163
369 603 53 140
373 654 66 132
373 721 63 196
375 759 48 128
380 489 49 137
385 764 40 181
386 683 40 115
390 491 45 123
390 418 46 190
393 472 49 130
394 725 54 145
394 589 48 179
395 591 65 125
396 420 54 119
396 665 42 134
397 500 56 173
397 452 62 136
398 411 43 146
403 449 54 147
403 548 50 109
405 679 48 170
409 460 62 112
410 703 51 156
416 644 64 119
420 621 48 190
422 505 47 191
424 592 50 152
424 449 48 158
425 569 41 151
425 585 60 103
428 442 70 113
430 474 58 97
432 592 58 91
432 556 43 155
445 625 48 165
450 461 56 110
454 632 49 170
461 491 55 164
463 656 62 99
466 512 42 118
468 697 62 133
470 545 44 104
474 622 41 98
481 581 42 132
482 759 70 184
483 754 52 105
484 603 52 138
487 526 55 118
489 770 47 184
489 570 68 104
492 720 48 120
492 573 66 122
492 495 44 145
498 711 40 104
500 562 60 143
501 575 46 143
503 701 49 185
504 715 57 160
514 760 66 197
521 567 69 125
525 545 47 142
529 738 41 187
530 571 55 105
530 541 50 199
531 781 50 197
540 649 40 113
550 779 58 118
552 740 65 112
555 760 44 128
556 764 40 93
559 786 43 180
562 720 49 163
564 618 40 118
567 782 62 126
568 686 70 186
575 659 48 187
580 621 50 130
584 626 46 168
585 701 53 147
588 701 57 170
590 626 44 168
592 657 46 187
593 737 47 107
595 632 69 138
611 713 68 124
611 767 44 119
613 711 59 113
614 759 61 121
619 735 55 132
625 696 65 144
629 686 70 170
631 705 62 114
640 739 68 92
643 680 57 96
656 688 59 134
658 672 66 135
662 745 42 126
676 773 58 133
677 778 64 156
678 732 50 175
681 743 43 105
687 758 64 185
693 738 43 119
703 766 56 190
707 780 43 127
727 749 67 181
743 748 60 161
745 749 43 175
746 787 44 127
763 766 40 124