430
0 32 128 400 160
1 8 320 800 102
2 32 32 400 196
3 32 320 1000 95
4 32 32 1000 96
5 8 320 5000 106
6 8 320 5000 162
7 32 32 1000 128
8 8 320 2000 138
9 32 128 400 135
10 8 32 2000 138
11 8 128 1000 162
12 32 128 5000 104
13 8 32 800 139
14 8 128 800 137
15 32 128 2000 120
16 32 128 400 196
17 8 320 400 111
18 32 32 5000 96
19 32 128 2000 197
20 32 128 1000 177
21 8 320 5000 188
22 32 128 5000 192
23 32 32 1000 128
24 8 32 800 111
25 8 32 1000 191
26 32 128 5000 110
27 8 128 800 186
28 32 32 5000 185
29 8 32 800 184
30 8 128 1000 107
31 8 320 2000 110
32 8 320 1000 94
33 8 320 5000 127
34 32 32 1000 151
35 8 32 5000 121
36 32 32 5000 102
37 32 32 2000 164
38 32 320 2000 149
39 32 32 1000 154
40 8 32 2000 162
41 32 128 400 127
42 32 320 400 136
43 8 32 800 172
44 8 320 5000 180
45 8 128 400 102
46 32 128 2000 108
47 8 128 2000 110
48 8 128 400 173
49 32 128 800 170
50 32 128 1000 194
51 32 320 800 189
52 8 320 400 158
53 32 128 5000 200
54 32 32 400 191
55 32 128 2000 186
56 8 320 800 135
57 32 32 1000 145
58 8 32 2000 181
59 32 320 2000 162
60 32 32 2000 144
61 32 32 800 125
62 8 32 2000 163
63 32 128 2000 105
64 32 320 400 109
65 32 32 400 187
66 32 128 800 132
67 32 320 5000 133
68 8 32 400 160
69 8 32 2000 136
70 32 32 800 92
71 32 320 800 150
72 32 128 800 150
73 8 128 5000 148
74 8 32 400 184
75 32 128 5000 107
76 32 320 2000 103
77 32 320 800 178
78 8 128 800 153
79 8 32 800 179
80 32 32 5000 91
81 32 32 2000 155
82 32 320 2000 133
83 32 128 800 92
84 32 32 2000 175
85 32 32 2000 102
86 32 32 800 191
87 8 32 1000 95
88 8 32 1000 97
89 8 128 5000 163
90 32 320 5000 135
91 8 32 5000 197
92 8 32 5000 150
93 8 320 1000 186
94 8 320 400 119
95 32 320 2000 151
96 8 128 400 144
97 32 128 2000 95
98 32 320 400 177
99 32 128 800 189
100 8 128 400 144
101 32 128 2000 178
102 8 320 5000 107
103 8 128 5000 140
104 8 128 2000 138
105 8 128 1000 198
106 8 320 800 96
107 32 128 1000 163
108 32 320 800 197
109 32 128 400 182
110 8 32 400 173
111 32 128 5000 188
112 32 128 400 131
113 32 32 800 119
114 8 128 2000 155
115 8 128 2000 195
116 32 128 2000 148
117 32 320 800 140
118 8 320 2000 101
119 8 32 2000 177
120 32 128 1000 178
121 32 320 2000 181
122 32 32 2000 168
123 8 32 1000 92
124 8 128 1000 141
125 32 128 400 95
126 8 32 400 173
127 32 320 800 174
128 32 128 5000 179
129 32 32 1000 145
130 8 32 5000 122
131 32 128 1000 174
132 32 128 1000 92
133 8 128 800 180
134 32 128 800 94
135 32 128 2000 115
136 8 32 800 161
137 8 320 400 191
138 32 320 800 120
139 32 128 2000 93
140 8 32 2000 107
141 32 320 1000 137
142 8 320 800 163
143 32 128 1000 124
144 8 128 400 163
145 8 128 400 176
146 8 128 400 114
147 8 128 5000 157
148 32 128 1000 176
149 8 128 400 123
150 8 32 800 90
151 32 128 400 188
152 32 320 400 119
153 32 320 400 169
154 8 320 2000 136
155 8 128 1000 140
156 8 320 2000 136
157 8 32 5000 196
158 32 32 1000 102
159 8 128 1000 134
160 32 128 400 110
161 8 320 2000 92
162 32 32 800 108
163 8 32 400 94
164 32 32 400 135
165 8 32 1000 128
166 32 32 1000 181
167 8 128 2000 106
168 32 320 5000 159
169 8 320 800 167
170 8 128 800 147
171 32 128 800 159
172 8 320 5000 165
173 8 320 5000 185
174 32 128 5000 128
175 8 32 400 140
176 8 320 2000 161
177 8 320 5000 149
178 32 320 800 184
179 32 32 1000 108
180 8 320 400 191
181 8 128 2000 148
182 8 320 400 121
183 8 128 800 127
184 32 32 5000 168
185 32 320 800 106
186 8 320 2000 149
187 32 320 800 150
188 32 128 5000 150
189 32 32 1000 190
190 8 128 1000 176
191 8 128 1000 103
192 32 32 400 183
193 32 32 1000 115
194 32 32 800 95
195 8 128 400 141
196 8 32 2000 185
197 32 320 800 94
198 32 320 1000 165
199 8 32 800 114
200 8 32 1000 168
201 32 320 2000 129
202 32 320 800 153
203 32 128 800 100
204 32 32 400 143
205 32 128 2000 95
206 8 320 1000 164
207 32 128 800 183
208 8 320 800 112
209 32 320 5000 178
210 8 320 5000 191
211 8 32 400 171
212 8 128 2000 103
213 8 320 2000 164
214 32 128 800 100
215 32 320 1000 136
216 8 32 800 117
217 8 128 2000 118
218 32 128 400 164
219 8 320 400 94
220 32 32 800 117
221 32 32 1000 186
222 8 32 800 170
223 32 32 1000 114
224 32 32 400 154
225 32 32 5000 171
226 32 32 800 181
227 8 32 2000 94
228 32 32 5000 182
229 8 32 2000 175
230 32 128 800 139
231 8 128 400 98
232 8 320 5000 110
233 8 128 2000 196
234 32 320 5000 140
235 8 320 2000 103
236 32 128 1000 137
237 32 128 5000 158
238 32 128 400 108
239 8 128 1000 157
240 32 128 1000 192
241 8 320 1000 164
242 8 320 5000 149
243 32 32 2000 142
244 32 128 1000 156
245 8 128 5000 139
246 8 32 1000 126
247 32 128 1000 176
248 32 320 5000 121
249 32 128 800 107
250 32 32 1000 97
251 32 32 2000 172
252 32 32 2000 146
253 8 320 1000 129
254 8 320 1000 123
255 32 128 2000 166
256 32 320 5000 184
257 32 320 800 126
258 32 32 800 198
259 8 128 5000 163
260 8 320 5000 195
261 8 320 800 166
262 32 320 1000 124
263 8 128 1000 135
264 8 32 5000 148
265 8 128 1000 176
266 8 320 400 152
267 8 320 800 189
268 32 32 2000 93
269 32 128 400 141
270 32 128 1000 170
271 8 320 5000 149
272 8 32 400 132
273 8 128 2000 144
274 8 128 400 186
275 32 32 1000 192
276 8 320 1000 96
277 8 128 800 116
278 8 32 800 126
279 32 128 1000 182
280 8 128 800 107
281 32 32 5000 111
282 8 32 5000 181
283 32 32 800 157
284 8 320 1000 157
285 32 32 5000 200
286 32 320 5000 146
287 32 32 800 136
288 8 32 800 177
289 8 320 1000 135
290 8 128 800 126
291 32 128 800 115
292 8 32 800 175
293 32 128 400 132
294 32 320 2000 107
295 32 32 5000 162
296 32 32 5000 119
297 32 32 1000 105
298 8 128 400 136
299 8 320 5000 152
300 32 128 1000 194
301 32 32 2000 193
302 8 320 1000 196
303 8 128 800 171
304 32 32 400 123
305 32 320 1000 96
306 8 320 2000 175
307 8 320 2000 126
308 32 128 1000 126
309 8 128 1000 187
310 8 320 5000 139
311 8 128 800 199
312 8 32 800 191
313 32 32 400 183
314 8 128 5000 112
315 8 128 400 97
316 32 320 5000 177
317 32 320 400 192
318 8 320 5000 162
319 8 128 800 127
320 8 32 5000 110
321 32 320 5000 198
322 32 32 2000 110
323 8 320 800 166
324 8 320 1000 151
325 8 128 2000 154
326 8 32 400 182
327 32 320 400 139
328 32 32 400 141
329 8 32 1000 165
330 32 128 400 124
331 8 32 2000 184
332 8 32 5000 97
333 32 32 5000 100
334 8 32 1000 106
335 8 320 5000 153
336 32 32 2000 177
337 8 32 2000 105
338 8 32 2000 94
339 8 128 2000 118
340 32 128 2000 159
341 32 320 2000 147
342 8 128 5000 132
343 8 128 5000 176
344 8 32 800 165
345 8 32 1000 142
346 8 32 1000 118
347 32 32 800 164
348 32 32 2000 115
349 32 320 2000 173
350 32 320 2000 161
351 8 128 2000 136
352 32 32 5000 157
353 32 128 5000 195
354 32 128 2000 168
355 32 32 5000 138
356 8 320 400 106
357 32 32 400 181
358 32 128 5000 140
359 32 320 5000 103
360 32 128 1000 122
361 32 32 5000 149
362 8 128 400 127
363 8 128 2000 150
364 32 128 1000 152
365 8 32 5000 184
366 8 320 2000 105
367 8 32 5000 186
368 8 32 1000 110
369 8 32 800 119
370 32 128 2000 193
371 32 128 2000 166
372 32 32 800 128
373 32 128 800 165
374 8 128 1000 97
375 8 320 800 152
376 8 320 1000 118
377 8 128 800 138
378 8 320 800 107
379 8 128 1000 163
380 8 32 800 146
381 32 320 2000 174
382 8 128 400 93
383 32 320 1000 173
384 8 32 800 161
385 8 32 400 141
386 8 32 400 175
387 8 128 400 150
388 32 128 5000 142
389 8 128 800 185
390 8 32 1000 169
391 8 320 1000 172
392 32 32 2000 145
393 32 128 1000 196
394 8 128 5000 176
395 32 32 400 161
396 8 320 400 163
397 8 32 2000 197
398 8 128 1000 118
399 32 320 1000 167
400 32 128 400 176
401 8 32 400 94
402 32 320 5000 94
403 8 32 5000 140
404 32 128 2000 113
405 32 320 1000 147
406 8 320 1000 157
407 8 320 1000 101
408 32 320 1000 155
409 8 320 800 142
410 8 320 5000 157
411 32 320 5000 150
412 32 32 2000 179
413 8 320 5000 191
414 8 320 800 141
415 8 320 400 164
416 32 128 400 200
417 8 320 800 129
418 8 128 1000 91
419 8 320 5000 182
420 8 320 5000 110
421 32 32 1000 100
422 32 128 2000 161
423 32 32 2000 102
424 32 320 800 127
425 32 32 2000 166
426 32 32 400 153
427 8 32 5000 173
428 32 320 2000 182
429 32 32 5000 140
38
2 121 41 131
15 414 52 146
17 79 42 161
27 397 58 149
50 78 51 102
51 66 66 95
52 71 64 194
61 174 59 117
64 118 47 180
66 383 47 125
67 105 62 191
74 371 50 108
85 90 40 115
100 213 60 195
102 295 46 113
106 205 62 102
114 203 60 128
116 152 55 151
121 173 69 158
126 216 62 130
130 134 64 158
143 267 41 156
157 350 42 193
164 402 43 168
167 181 46 90
177 368 48 187
196 291 49 190
200 317 54 185
215 353 67 185
220 344 66 182
232 300 61 135
244 251 70 133
253 340 70 194
256 299 40 128
274 333 70 184
291 298 67 158
382 428 42 168
418 421 45 150