637
0 8 64 1000 116
1 16 128 500 137
2 2 128 100 148
3 8 16 200 136
4 8 128 1000 127
5 2 128 500 128
6 8 64 300 101
7 16 128 500 139
8 2 64 300 107
9 16 16 500 93
10 8 128 200 128
11 2 64 100 103
12 8 16 300 96
13 8 16 300 105
14 8 64 100 141
15 16 64 300 148
16 2 64 500 124
17 16 16 200 136
18 8 128 300 103
19 2 128 1000 103
20 8 16 200 110
21 2 64 500 145
22 16 16 300 131
23 16 16 500 141
24 16 16 300 148
25 16 128 100 140
26 8 128 100 95
27 16 64 300 97
28 16 64 100 136
29 2 16 100 132
30 8 16 500 150
31 8 16 1000 104
32 8 128 300 125
33 8 128 1000 111
34 8 64 100 113
35 8 128 200 118
36 8 64 100 127
37 2 128 500 108
38 16 16 500 135
39 16 128 500 136
40 16 128 300 137
41 2 16 200 101
42 16 64 100 101
43 16 64 200 96
44 8 64 100 94
45 8 128 200 108
46 8 64 100 137
47 16 128 1000 120
48 2 64 200 124
49 2 64 100 150
50 16 128 300 134
51 16 64 1000 99
52 8 16 200 99
53 16 16 500 129
54 2 16 300 141
55 2 64 100 129
56 16 64 200 143
57 16 64 200 119
58 16 128 100 146
59 16 64 100 112
60 2 128 100 95
61 16 128 100 112
62 2 128 100 136
63 8 128 300 148
64 8 64 1000 92
65 2 64 200 129
66 2 128 500 137
67 2 16 1000 129
68 16 16 300 107
69 8 64 100 127
70 16 64 200 122
71 8 16 200 142
72 16 128 300 122
73 2 16 300 100
74 16 16 100 113
75 16 64 500 104
76 16 16 500 136
77 8 128 200 109
78 2 16 300 103
79 2 64 100 131
80 8 16 300 103
81 2 128 1000 131
82 2 16 200 108
83 8 64 300 94
84 8 64 200 97
85 2 64 1000 138
86 8 64 500 100
87 16 64 300 143
88 16 64 500 137
89 16 64 1000 125
90 16 64 1000 104
91 2 64 300 144
92 8 16 500 127
93 16 128 1000 117
94 16 64 300 107
95 16 128 500 95
96 8 128 300 128
97 8 16 500 92
98 16 64 500 139
99 8 16 500 139
100 2 64 300 139
101 2 16 300 146
102 16 16 500 139
103 16 64 500 135
104 16 64 300 90
105 8 64 1000 122
106 16 64 100 143
107 16 16 300 114
108 2 128 1000 115
109 2 128 1000 92
110 16 64 300 124
111 8 128 500 106
112 2 16 500 96
113 8 128 1000 95
114 2 128 100 90
115 16 128 100 129
116 8 64 200 103
117 16 128 1000 105
118 8 128 300 113
119 16 128 1000 142
120 2 64 100 136
121 16 16 100 142
122 2 16 100 94
123 8 64 1000 148
124 2 128 1000 114
125 2 16 500 132
126 16 16 1000 120
127 2 16 100 118
128 16 16 500 107
129 16 128 100 133
130 8 64 500 97
131 8 64 300 143
132 16 16 100 98
133 8 64 500 127
134 16 16 1000 135
135 2 128 200 136
136 8 64 300 116
137 2 64 300 144
138 16 16 300 135
139 2 128 100 131
140 8 16 100 123
141 8 16 100 150
142 2 16 500 105
143 16 16 300 132
144 16 128 1000 127
145 2 128 500 110
146 16 64 200 145
147 8 16 100 120
148 8 128 300 112
149 16 16 300 90
150 8 64 100 105
151 8 128 300 100
152 2 128 100 90
153 2 16 500 115
154 2 128 1000 104
155 16 64 100 118
156 16 16 1000 148
157 2 128 100 119
158 8 64 100 100
159 8 16 300 147
160 2 16 500 92
161 2 16 1000 146
162 8 64 100 144
163 8 64 1000 106
164 16 16 200 105
165 8 64 1000 91
166 8 128 300 91
167 8 64 500 148
168 2 16 100 98
169 2 128 200 131
170 8 64 300 141
171 8 64 1000 93
172 8 16 100 111
173 8 128 100 117
174 8 128 100 95
175 8 128 200 150
176 2 16 200 102
177 16 128 100 142
178 8 64 1000 125
179 16 16 1000 121
180 2 128 200 119
181 2 16 500 95
182 8 128 200 137
183 2 128 200 116
184 8 128 500 105
185 2 16 1000 149
186 8 64 300 125
187 8 16 500 131
188 16 16 200 103
189 2 64 1000 128
190 8 64 300 133
191 2 64 300 126
192 2 16 200 144
193 8 16 500 100
194 2 16 500 121
195 2 16 1000 111
196 16 64 100 91
197 16 16 300 124
198 16 16 1000 91
199 16 64 200 147
200 8 64 500 145
201 8 16 200 143
202 8 128 200 117
203 8 16 200 145
204 2 64 500 115
205 16 16 1000 134
206 8 128 100 126
207 16 128 300 138
208 2 16 300 150
209 2 128 300 134
210 2 64 300 91
211 2 64 1000 127
212 16 16 500 114
213 16 64 1000 117
214 8 64 200 120
215 2 128 300 137
216 2 16 500 149
217 8 64 100 113
218 16 16 1000 120
219 8 16 1000 111
220 8 128 1000 92
221 2 16 200 111
222 2 128 200 128
223 8 16 100 101
224 2 16 200 90
225 16 16 500 92
226 2 16 1000 135
227 16 64 200 138
228 2 128 1000 141
229 2 16 1000 144
230 8 64 300 134
231 2 16 100 98
232 2 64 300 137
233 8 128 300 97
234 8 64 1000 136
235 8 16 100 93
236 16 128 200 122
237 8 64 100 115
238 16 16 500 118
239 16 64 1000 104
240 2 64 100 133
241 2 64 300 136
242 8 64 100 142
243 8 64 300 122
244 2 128 1000 127
245 2 128 100 116
246 8 128 300 131
247 16 16 500 118
248 8 64 200 93
249 2 16 200 100
250 8 16 200 120
251 8 128 200 145
252 16 16 500 131
253 16 128 200 136
254 2 64 500 146
255 2 64 100 101
256 16 128 500 103
257 16 16 100 101
258 2 16 1000 128
259 2 128 100 128
260 16 64 500 95
261 8 64 1000 149
262 8 16 300 123
263 2 16 1000 120
264 16 128 100 116
265 16 128 1000 143
266 8 128 500 103
267 2 128 500 96
268 16 16 100 137
269 8 128 200 100
270 16 64 1000 97
271 2 16 200 148
272 8 16 500 102
273 8 128 1000 132
274 2 128 500 103
275 16 64 500 93
276 16 64 500 107
277 2 64 200 144
278 8 64 500 113
279 2 128 300 108
280 2 64 100 100
281 2 128 200 130
282 16 128 200 90
283 16 16 300 120
284 16 64 300 135
285 2 64 100 115
286 2 64 300 149
287 16 64 100 95
288 2 64 1000 98
289 8 128 300 109
290 2 16 200 107
291 8 16 300 127
292 2 16 200 117
293 16 64 300 93
294 16 64 100 136
295 8 64 1000 136
296 8 128 100 134
297 8 128 100 96
298 2 128 1000 149
299 8 16 100 93
300 8 128 1000 106
301 16 128 300 135
302 2 16 500 115
303 8 128 100 124
304 8 64 100 90
305 8 64 100 148
306 2 16 300 127
307 16 16 200 96
308 16 64 100 126
309 8 16 200 136
310 16 128 500 107
311 16 128 300 145
312 8 64 200 109
313 8 128 100 138
314 8 16 500 97
315 16 64 300 92
316 8 128 500 91
317 2 64 100 143
318 8 16 200 104
319 8 64 300 145
320 16 16 500 133
321 2 128 1000 114
322 8 128 500 128
323 16 128 1000 127
324 2 16 300 113
325 8 128 200 135
326 2 128 300 150
327 8 64 1000 121
328 2 128 300 138
329 16 16 1000 107
330 8 16 100 121
331 2 128 500 117
332 16 64 200 106
333 8 128 200 121
334 8 128 1000 134
335 16 128 200 120
336 8 64 300 101
337 16 128 500 126
338 2 64 200 141
339 8 128 1000 112
340 8 16 500 144
341 2 128 300 150
342 2 16 1000 108
343 2 128 300 125
344 8 64 300 147
345 8 64 500 106
346 2 16 200 105
347 8 128 500 104
348 16 64 300 115
349 8 64 300 120
350 2 128 300 127
351 8 16 1000 111
352 8 128 200 150
353 2 128 200 125
354 8 16 1000 147
355 16 64 500 122
356 8 16 200 121
357 16 16 200 101
358 8 128 1000 112
359 16 16 200 127
360 2 16 1000 149
361 16 64 1000 92
362 8 16 100 96
363 2 64 500 141
364 2 128 300 146
365 8 64 1000 123
366 16 128 500 146
367 8 128 1000 122
368 8 64 100 115
369 2 128 300 147
370 2 64 100 128
371 8 16 1000 109
372 16 16 1000 126
373 16 16 300 138
374 16 128 100 143
375 8 64 200 122
376 2 64 500 115
377 8 16 100 116
378 16 64 200 113
379 16 64 1000 145
380 8 16 500 91
381 2 128 1000 146
382 8 128 300 106
383 16 128 100 122
384 2 16 200 113
385 16 128 300 98
386 2 128 200 147
387 2 128 500 96
388 16 16 200 144
389 8 64 1000 125
390 8 128 500 147
391 16 64 200 91
392 8 128 1000 110
393 16 64 1000 133
394 8 128 500 124
395 8 16 1000 109
396 8 64 200 133
397 8 16 500 115
398 16 128 200 148
399 16 16 300 110
400 8 128 100 107
401 16 128 200 148
402 16 16 1000 134
403 2 128 200 95
404 16 128 100 116
405 16 128 1000 140
406 16 64 300 116
407 8 16 300 96
408 8 16 1000 110
409 16 64 200 130
410 2 128 300 105
411 16 64 100 134
412 2 64 500 108
413 16 64 500 96
414 2 128 300 111
415 8 64 100 117
416 16 128 100 136
417 8 64 500 132
418 2 128 500 116
419 16 128 200 146
420 2 128 500 150
421 8 64 300 139
422 8 16 1000 91
423 16 16 300 120
424 2 128 500 113
425 8 128 300 104
426 16 64 200 105
427 2 16 1000 144
428 8 128 1000 110
429 8 64 200 115
430 16 64 500 107
431 16 128 500 103
432 8 128 200 136
433 16 128 100 103
434 2 16 200 133
435 16 128 1000 119
436 16 64 200 134
437 8 64 500 106
438 8 128 200 121
439 8 64 200 112
440 8 16 1000 136
441 2 128 300 110
442 8 128 500 143
443 2 128 300 119
444 8 64 100 135
445 2 64 300 93
446 8 64 1000 120
447 2 128 500 92
448 16 64 1000 120
449 8 64 200 131
450 2 16 1000 137
451 2 16 200 95
452 2 64 1000 99
453 2 16 100 106
454 8 16 500 103
455 8 16 200 117
456 16 16 1000 134
457 2 16 100 100
458 16 128 200 108
459 16 16 500 144
460 8 64 200 124
461 2 64 1000 104
462 16 64 500 128
463 8 128 300 142
464 16 16 1000 129
465 8 64 200 134
466 8 64 500 140
467 8 16 1000 94
468 2 128 500 127
469 16 64 300 134
470 2 64 100 90
471 16 128 300 90
472 2 64 200 144
473 2 16 1000 126
474 8 16 100 93
475 16 128 200 140
476 2 16 300 96
477 16 64 200 102
478 16 64 1000 150
479 8 128 100 148
480 8 128 300 131
481 2 64 500 145
482 16 128 100 132
483 16 128 1000 116
484 2 128 200 132
485 2 16 200 90
486 16 128 100 116
487 16 16 200 135
488 8 64 100 110
489 8 16 1000 129
490 8 16 500 111
491 2 128 500 133
492 2 16 300 123
493 8 64 500 130
494 2 128 200 130
495 8 16 100 103
496 2 128 100 137
497 2 64 300 111
498 8 16 200 120
499 2 128 200 128
500 8 64 500 139
501 16 16 200 108
502 2 128 200 92
503 8 128 500 106
504 8 16 300 121
505 16 16 100 148
506 8 64 300 134
507 8 64 100 144
508 16 128 300 116
509 2 16 200 110
510 8 128 300 113
511 16 128 300 140
512 2 64 1000 113
513 2 64 200 100
514 2 128 200 97
515 2 128 1000 114
516 8 16 300 112
517 8 64 300 95
518 2 16 1000 100
519 16 16 200 94
520 16 64 300 105
521 2 128 100 92
522 16 128 1000 141
523 8 64 200 110
524 2 64 100 135
525 16 16 200 127
526 2 64 100 128
527 8 16 300 96
528 2 16 1000 131
529 2 128 100 119
530 16 16 100 121
531 8 128 1000 150
532 16 128 1000 141
533 8 64 500 90
534 16 16 200 131
535 16 64 100 125
536 2 128 1000 107
537 8 128 200 116
538 2 16 200 92
539 16 64 1000 119
540 16 128 200 113
541 8 128 200 133
542 2 16 300 120
543 2 64 100 116
544 8 64 300 136
545 2 64 100 106
546 8 64 1000 106
547 16 64 1000 139
548 2 64 200 121
549 2 128 100 120
550 2 128 300 103
551 8 128 500 108
552 8 64 1000 110
553 8 128 100 96
554 2 128 1000 143
555 8 64 1000 97
556 8 128 300 93
557 16 16 1000 123
558 8 64 200 108
559 2 16 1000 149
560 8 16 200 93
561 2 64 1000 91
562 2 128 1000 102
563 16 64 200 127
564 16 64 1000 135
565 2 128 1000 110
566 2 16 300 95
567 8 16 200 119
568 16 64 1000 108
569 16 128 500 145
570 16 128 200 127
571 8 128 100 102
572 16 64 300 115
573 8 128 200 112
574 16 128 300 125
575 2 128 500 130
576 16 128 1000 102
577 2 128 200 117
578 2 128 100 140
579 2 64 300 140
580 8 64 1000 135
581 16 16 200 142
582 16 64 1000 130
583 16 16 300 119
584 16 16 300 132
585 2 128 300 106
586 2 64 300 108
587 8 16 100 116
588 2 64 1000 149
589 2 64 100 103
590 8 16 1000 142
591 8 128 100 102
592 16 128 100 94
593 2 16 1000 107
594 2 64 500 129
595 2 16 500 138
596 2 64 300 121
597 8 64 100 123
598 8 16 1000 124
599 8 128 500 92
600 2 64 1000 97
601 2 16 300 90
602 2 64 500 129
603 2 64 1000 115
604 8 64 500 137
605 8 64 200 149
606 2 128 1000 125
607 2 128 1000 96
608 16 128 1000 126
609 2 16 100 142
610 16 64 300 133
611 16 16 300 136
612 2 16 500 109
613 8 64 200 129
614 16 128 200 121
615 16 64 300 147
616 8 64 300 134
617 16 64 1000 90
618 2 128 300 122
619 2 64 100 103
620 2 64 300 141
621 16 16 200 91
622 8 64 100 146
623 2 16 200 115
624 16 64 500 143
625 2 16 200 149
626 16 16 1000 114
627 2 64 100 117
628 2 64 500 131
629 16 64 100 108
630 8 16 500 110
631 8 128 200 123
632 8 64 1000 121
633 8 64 1000 142
634 8 64 200 131
635 8 16 1000 131
636 16 64 300 102
96
0 569 56 157
7 588 59 189
11 187 52 167
12 353 67 140
16 135 48 156
19 233 50 145
20 193 48 150
20 91 44 128
29 405 64 180
30 284 62 142
31 150 59 175
38 141 42 172
45 329 54 136
50 263 57 179
53 145 44 156
61 600 43 178
69 96 66 169
76 410 54 176
77 542 67 138
79 239 40 159
81 572 69 183
82 183 55 146
84 363 68 98
86 97 42 92
90 312 60 132
90 568 42 170
92 328 66 124
102 225 53 171
103 616 42 153
105 473 43 164
110 113 46 119
113 454 64 184
114 625 41 93
122 491 69 167
125 584 66 165
126 162 51 121
126 585 41 158
130 163 48 154
131 299 68 107
142 329 62 109
144 180 61 136
148 283 58 126
151 496 63 197
159 309 63 97
160 440 51 197
169 524 57 185
170 243 46 92
170 278 41 171
171 322 46 102
176 504 48 126
179 497 47 123
183 313 45 173
184 553 61 162
186 470 55 149
187 535 69 119
188 624 44 119
189 425 52 176
191 419 54 144
193 633 56 192
211 277 50 157
213 608 50 132
214 313 60 150
215 627 65 167
220 616 64 161
221 319 59 151
226 586 50 162
238 343 52 126
264 334 56 198
277 472 58 148
278 552 62 116
284 296 57 134
288 508 47 133
288 431 43 110
296 299 40 130
324 350 58 121
324 543 52 133
328 466 59 150
332 607 48 96
341 439 41 127
343 485 53 147
349 598 62 192
363 487 69 169
374 456 53 191
374 524 46 125
374 568 55 108
376 459 41 118
385 500 41 147
421 488 61 94
427 598 61 123
433 508 59 139
458 628 70 129
465 584 48 168
475 502 62 122
498 617 67 137
524 576 50 117
564 578 65 193