221
0 16 16 1000 71
1 32 128 500 83
2 16 8 100 48
3 64 128 100 70
4 64 16 100 31
5 64 16 100 64
6 4 128 100 52
7 32 8 2000 77
8 64 8 500 55
9 4 16 100 45
10 32 8 100 59
11 64 16 2000 35
12 4 128 2000 71
13 64 8 100 33
14 64 64 100 94
15 64 128 200 91
16 16 8 1000 34
17 32 8 200 53
18 32 64 200 52
19 4 128 2000 95
20 4 64 200 49
21 4 128 2000 93
22 16 128 200 47
23 32 128 500 38
24 32 128 1000 35
25 16 128 2000 50
26 64 8 100 76
27 64 64 500 43
28 64 64 2000 62
29 64 128 2000 30
30 4 16 1000 95
31 64 128 200 46
32 16 128 100 76
33 16 64 2000 80
34 32 64 200 79
35 32 16 500 48
36 64 64 2000 60
37 4 16 200 75
38 16 8 100 82
39 32 128 200 75
40 64 128 1000 45
41 16 128 2000 36
42 16 8 100 39
43 4 64 100 83
44 4 8 1000 59
45 64 128 1000 45
46 4 8 200 31
47 16 8 1000 83
48 64 8 2000 35
49 16 16 2000 98
50 64 128 1000 96
51 64 128 2000 87
52 16 16 200 68
53 64 16 100 65
54 16 64 500 54
55 32 64 1000 49
56 4 128 2000 43
57 16 16 1000 39
58 16 128 200 82
59 32 128 100 89
60 4 8 500 78
61 32 8 1000 97
62 32 8 100 37
63 32 8 100 95
64 16 16 200 47
65 32 128 200 34
66 16 128 1000 52
67 4 128 1000 81
68 4 128 200 59
69 64 16 500 33
70 4 16 2000 44
71 32 128 500 30
72 64 8 1000 68
73 32 16 200 84
74 16 128 1000 68
75 16 8 100 43
76 16 8 100 31
77 4 16 200 85
78 64 64 100 72
79 32 16 500 40
80 64 64 500 83
81 4 16 1000 87
82 16 64 1000 97
83 4 16 1000 62
84 16 16 500 88
85 32 16 200 32
86 64 16 100 68
87 64 128 2000 48
88 32 16 100 34
89 4 64 100 64
90 4 8 1000 96
91 64 16 2000 98
92 32 16 500 86
93 64 16 200 52
94 64 128 2000 30
95 64 64 500 81
96 64 8 200 49
97 32 64 200 90
98 16 64 200 74
99 16 16 2000 81
100 64 64 2000 53
101 32 128 200 84
102 64 128 100 55
103 32 64 100 44
104 64 64 100 87
105 32 128 1000 91
106 16 64 100 47
107 4 8 2000 100
108 32 128 500 61
109 4 8 500 57
110 64 64 500 39
111 4 16 1000 93
112 64 16 200 78
113 4 64 500 73
114 16 128 200 97
115 16 16 100 89
116 16 16 200 46
117 4 64 200 38
118 16 64 500 59
119 4 8 1000 80
120 64 8 500 57
121 4 64 1000 68
122 32 128 500 63
123 32 128 200 99
124 4 8 500 89
125 32 8 500 63
126 32 64 200 100
127 64 8 2000 70
128 4 16 200 75
129 32 16 1000 76
130 64 64 2000 95
131 32 128 2000 86
132 64 64 200 94
133 64 8 1000 51
134 32 16 2000 42
135 32 128 200 33
136 32 128 100 84
137 4 16 1000 76
138 16 64 100 62
139 16 128 500 95
140 64 8 200 75
141 64 16 500 84
142 16 64 200 84
143 16 8 2000 46
144 64 128 200 95
145 4 128 1000 49
146 4 64 2000 52
147 64 128 200 43
148 16 128 200 52
149 32 64 1000 61
150 64 64 1000 64
151 32 64 100 79
152 32 64 1000 32
153 4 128 200 87
154 4 64 500 75
155 4 16 500 66
156 64 128 500 98
157 4 64 2000 36
158 64 16 1000 40
159 16 8 1000 98
160 4 128 100 54
161 4 64 200 38
162 64 128 200 82
163 32 128 100 61
164 4 8 1000 30
165 32 128 1000 82
166 32 64 500 38
167 64 64 100 60
168 16 8 200 44
169 4 128 500 36
170 16 64 200 55
171 64 16 1000 59
172 16 64 2000 83
173 32 8 500 88
174 4 128 500 55
175 16 64 100 100
176 32 8 100 44
177 16 128 500 59
178 32 8 500 74
179 16 16 2000 85
180 16 8 200 58
181 32 16 1000 74
182 4 16 1000 98
183 32 16 2000 79
184 64 64 500 51
185 32 8 1000 66
186 4 64 1000 61
187 32 64 500 91
188 16 8 500 52
189 64 16 2000 73
190 32 16 200 86
191 16 16 100 82
192 64 8 500 82
193 4 8 1000 97
194 32 128 2000 81
195 32 128 100 100
196 32 128 200 93
197 16 8 500 64
198 4 8 2000 99
199 64 128 200 95
200 32 128 1000 56
201 4 16 2000 93
202 32 16 2000 96
203 4 64 1000 56
204 32 16 100 31
205 32 64 200 73
206 32 16 200 58
207 64 8 100 85
208 32 8 500 70
209 4 8 100 72
210 4 64 2000 48
211 64 128 100 43
212 4 64 500 80
213 64 64 500 34
214 32 64 200 57
215 64 16 200 88
216 32 128 500 85
217 64 8 200 86
218 4 8 1000 81
219 4 16 100 50
220 64 8 500 47
5
33 81 34 61
55 60 27 50
108 218 23 84
115 157 44 62
126 220 33 31