312
0 2 64 100 53
1 8 2 100 79
2 2 2 150 70
3 16 16 100 73
4 8 16 50 85
5 16 4 50 88
6 2 4 200 67
7 16 2 150 54
8 16 16 200 63
9 8 2 150 94
10 16 64 150 83
11 8 16 50 50
12 8 16 200 55
13 8 2 200 57
14 16 16 150 79
15 8 2 50 89
16 8 64 50 76
17 16 2 100 100
18 2 2 50 79
19 16 2 100 92
20 16 16 200 69
21 8 2 200 90
22 8 4 100 87
23 8 16 200 50
24 8 2 50 75
25 16 16 150 69
26 2 2 150 76
27 2 16 100 91
28 8 4 100 71
29 8 16 200 85
30 16 64 100 94
31 2 2 50 68
32 2 2 150 96
33 8 2 50 85
34 16 64 200 74
35 2 4 100 99
36 16 16 50 88
37 8 64 200 57
38 16 64 100 93
39 2 64 150 61
40 2 4 50 63
41 8 2 100 91
42 16 4 150 76
43 16 4 150 86
44 2 2 150 62
45 2 4 100 76
46 2 64 100 70
47 2 16 150 64
48 2 64 200 99
49 8 2 150 52
50 2 16 100 94
51 8 16 50 70
52 2 2 100 94
53 2 64 50 95
54 2 4 100 96
55 8 64 50 54
56 2 2 100 76
57 16 16 150 77
58 2 4 50 71
59 8 2 150 64
60 16 2 50 88
61 8 16 100 50
62 16 2 100 51
63 2 16 200 76
64 16 16 200 56
65 16 4 150 70
66 16 4 50 63
67 2 64 50 96
68 2 4 50 99
69 2 2 200 53
70 8 2 200 56
71 16 64 150 78
72 8 64 100 99
73 16 64 100 74
74 8 2 200 84
75 8 64 100 95
76 16 4 100 97
77 8 4 200 88
78 2 2 200 64
79 2 2 100 60
80 2 2 50 74
81 8 16 200 81
82 8 4 200 83
83 16 4 50 93
84 2 16 100 62
85 16 64 100 77
86 16 16 50 61
87 8 64 50 94
88 2 2 150 62
89 2 64 150 98
90 2 2 50 59
91 16 4 150 65
92 2 2 200 59
93 2 4 200 72
94 2 2 100 94
95 8 16 50 89
96 16 64 200 70
97 2 64 200 74
98 2 2 200 98
99 16 16 50 96
100 2 2 100 90
101 2 64 100 71
102 8 4 50 93
103 8 4 50 73
104 8 4 200 50
105 8 4 200 79
106 2 2 50 69
107 2 2 150 82
108 2 4 200 54
109 16 16 150 91
110 16 4 100 77
111 16 2 50 74
112 2 16 100 50
113 8 2 100 76
114 8 64 50 64
115 2 4 50 63
116 16 64 100 57
117 16 64 50 76
118 8 64 50 57
119 2 4 50 55
120 8 16 200 77
121 8 2 200 92
122 16 64 150 73
123 16 2 150 92
124 8 2 100 93
125 16 4 50 88
126 2 2 150 86
127 16 64 50 90
128 16 16 150 68
129 2 4 200 95
130 8 16 150 94
131 16 4 150 95
132 2 2 50 97
133 16 2 200 83
134 2 16 150 73
135 2 4 200 79
136 16 4 50 81
137 8 4 100 73
138 8 4 150 81
139 16 64 100 77
140 2 16 200 67
141 2 64 50 82
142 8 2 150 97
143 8 4 200 58
144 16 64 50 91
145 8 4 50 69
146 8 16 100 60
147 2 64 50 92
148 16 4 200 72
149 8 4 200 90
150 2 4 50 98
151 2 4 50 73
152 8 2 200 94
153 16 64 150 97
154 2 2 50 63
155 16 2 150 80
156 16 2 50 78
157 2 64 150 58
158 16 16 50 96
159 16 2 150 74
160 2 2 200 60
161 8 16 50 89
162 8 16 100 78
163 2 4 200 56
164 2 64 150 94
165 16 64 100 62
166 2 16 150 73
167 16 4 150 77
168 2 2 200 95
169 2 4 200 73
170 16 2 50 61
171 8 16 50 82
172 2 2 200 86
173 2 4 50 83
174 16 16 50 67
175 8 64 150 70
176 8 64 150 75
177 16 2 150 59
178 16 16 50 60
179 2 16 100 51
180 2 4 50 70
181 8 16 200 82
182 2 4 50 60
183 2 4 50 89
184 2 4 100 70
185 16 16 50 69
186 2 2 150 78
187 16 4 200 85
188 2 16 50 74
189 16 16 100 74
190 2 64 200 69
191 8 2 200 50
192 16 4 100 92
193 16 64 200 86
194 16 16 100 82
195 16 2 200 89
196 16 64 200 79
197 16 4 50 89
198 16 4 50 70
199 16 64 50 65
200 8 64 100 79
201 8 4 150 78
202 8 2 50 67
203 8 2 100 51
204 16 64 100 90
205 2 64 100 99
206 2 2 150 74
207 8 4 50 53
208 2 64 100 86
209 2 2 150 63
210 16 4 50 77
211 16 64 150 97
212 8 2 100 98
213 16 2 200 57
214 2 16 200 74
215 8 64 200 66
216 8 64 100 83
217 8 4 50 50
218 8 2 200 58
219 2 16 150 97
220 16 64 200 63
221 2 2 200 88
222 8 2 100 89
223 8 2 150 58
224 16 4 50 76
225 8 16 100 70
226 2 2 50 63
227 16 4 150 59
228 2 16 150 86
229 8 2 200 71
230 16 2 100 73
231 2 4 200 72
232 2 4 200 61
233 2 64 150 87
234 2 64 50 98
235 16 16 150 53
236 16 4 50 74
237 2 64 150 70
238 16 64 100 63
239 16 64 100 91
240 8 16 200 53
241 8 64 150 78
242 2 2 200 70
243 16 64 100 59
244 8 4 100 65
245 2 16 50 97
246 16 4 100 60
247 16 64 50 97
248 2 16 50 82
249 8 64 200 72
250 2 2 150 80
251 8 2 150 92
252 2 16 50 83
253 16 4 50 77
254 16 4 100 66
255 16 4 150 90
256 8 64 200 60
257 16 64 100 81
258 8 2 150 93
259 16 2 100 62
260 2 2 150 95
261 2 2 200 84
262 8 2 150 57
263 2 16 150 97
264 2 4 100 98
265 8 64 150 94
266 8 64 200 68
267 16 2 200 93
268 8 2 100 99
269 8 2 50 90
270 8 16 150 81
271 16 4 50 63
272 2 4 150 86
273 2 4 50 94
274 2 2 150 98
275 16 4 200 91
276 8 16 200 58
277 2 4 100 73
278 8 2 100 54
279 8 16 100 83
280 16 4 100 98
281 2 16 100 51
282 2 4 50 77
283 2 2 200 69
284 8 64 200 63
285 2 4 150 56
286 8 16 100 97
287 16 4 200 95
288 8 64 150 70
289 16 2 50 58
290 2 2 150 94
291 16 64 100 70
292 8 64 150 76
293 2 16 100 85
294 8 16 50 58
295 16 16 100 50
296 16 2 100 56
297 2 2 50 71
298 8 16 50 78
299 2 2 100 70
300 16 16 200 75
301 16 4 50 83
302 8 64 200 70
303 8 64 50 54
304 16 16 200 71
305 16 2 100 81
306 16 16 100 82
307 2 64 50 70
308 2 2 150 95
309 16 4 150 53
310 2 16 50 100
311 8 4 200 99
32
0 194 52 173
3 52 62 153
6 52 54 190
17 88 69 187
24 291 60 101
24 136 57 120
24 298 55 196
25 69 62 90
31 275 55 104
42 142 62 138
51 156 45 152
55 149 48 118
58 76 44 101
58 201 60 131
60 268 49 149
63 228 51 111
74 210 55 94
75 207 42 188
95 195 40 124
97 243 49 194
106 177 45 186
110 260 61 197
124 230 59 180
124 224 58 180
124 243 46 173
132 145 53 172
135 161 66 165
146 306 52 94
153 245 45 138
168 180 52 150
193 286 57 108
257 307 62 193