950
0 8 128 5000 142
1 8 128 2000 157
2 32 32 5000 135
3 32 320 5000 136
4 32 128 2000 165
5 8 32 5000 104
6 32 32 5000 163
7 32 32 5000 118
8 32 32 2000 99
9 8 32 400 176
10 8 320 800 163
11 32 32 1000 186
12 8 128 1000 128
13 32 32 1000 148
14 32 128 2000 96
15 32 320 400 99
16 8 32 1000 107
17 32 320 1000 98
18 8 128 5000 108
19 8 32 5000 165
20 32 128 800 145
21 32 128 800 192
22 32 320 1000 187
23 8 320 1000 125
24 8 128 5000 186
25 32 128 400 165
26 32 320 5000 97
27 32 32 5000 175
28 32 32 400 147
29 8 128 2000 133
30 32 32 400 100
31 8 128 2000 166
32 32 320 400 149
33 8 32 1000 114
34 32 32 2000 181
35 8 32 5000 145
36 32 320 2000 172
37 8 128 1000 103
38 32 32 800 183
39 32 320 2000 199
40 8 32 1000 150
41 32 32 1000 184
42 32 320 5000 148
43 8 128 2000 100
44 8 32 5000 107
45 32 320 400 110
46 8 32 400 199
47 32 320 2000 135
48 32 128 1000 143
49 32 128 5000 122
50 8 320 800 95
51 8 128 400 142
52 8 320 2000 165
53 32 128 2000 92
54 32 32 400 196
55 8 128 2000 170
56 32 128 5000 118
57 8 32 2000 161
58 8 32 5000 98
59 8 128 5000 97
60 8 128 800 194
61 32 32 800 188
62 8 320 800 150
63 32 32 5000 124
64 8 32 400 92
65 8 32 2000 137
66 8 320 5000 93
67 8 320 400 183
68 32 320 5000 139
69 32 128 5000 189
70 8 32 400 149
71 8 128 2000 101
72 32 128 1000 178
73 8 32 400 160
74 8 32 400 100
75 8 320 400 94
76 32 32 400 106
77 32 128 1000 160
78 8 32 2000 143
79 8 32 2000 166
80 32 320 2000 193
81 8 128 800 175
82 8 320 1000 176
83 8 128 400 110
84 8 320 1000 179
85 8 32 1000 121
86 8 32 5000 106
87 8 128 2000 147
88 8 32 400 111
89 8 32 1000 132
90 8 128 400 199
91 8 128 1000 179
92 8 32 800 156
93 32 32 5000 128
94 8 320 400 92
95 8 32 1000 105
96 8 320 5000 175
97 8 320 800 184
98 32 128 1000 140
99 32 32 2000 191
100 8 32 5000 98
101 32 128 1000 90
102 32 128 800 198
103 8 32 5000 160
104 32 32 5000 130
105 8 320 400 172
106 32 32 1000 98
107 32 32 800 168
108 8 320 800 188
109 8 128 5000 176
110 32 320 2000 93
111 8 32 5000 184
112 8 128 400 192
113 8 128 2000 181
114 32 128 800 186
115 8 32 2000 117
116 32 32 400 198
117 8 320 1000 146
118 8 128 400 110
119 32 128 1000 178
120 8 320 400 175
121 32 320 400 102
122 8 32 400 126
123 8 32 5000 197
124 32 128 800 98
125 8 32 800 140
126 32 32 800 107
127 32 320 2000 139
128 32 128 5000 194
129 32 128 800 165
130 8 128 1000 174
131 32 128 400 132
132 32 320 5000 171
133 32 32 1000 137
134 8 32 5000 110
135 8 128 5000 93
136 32 32 5000 111
137 32 32 400 194
138 8 320 2000 191
139 32 128 2000 103
140 32 320 800 171
141 32 320 400 184
142 32 320 400 127
143 8 32 5000 182
144 32 32 400 101
145 32 320 2000 177
146 8 32 2000 138
147 8 32 800 117
148 32 320 2000 156
149 8 128 800 152
150 8 128 400 105
151 8 320 800 127
152 8 128 1000 111
153 8 320 800 105
154 8 128 800 129
155 32 320 1000 179
156 32 32 2000 168
157 32 320 400 98
158 8 320 800 173
159 8 320 400 151
160 32 32 5000 126
161 32 320 2000 91
162 8 320 400 118
163 32 320 400 172
164 32 32 400 127
165 32 128 800 157
166 8 128 800 172
167 32 320 1000 133
168 8 128 2000 168
169 32 32 5000 169
170 32 128 1000 96
171 32 128 400 148
172 8 32 5000 116
173 8 128 5000 157
174 32 128 5000 103
175 32 128 400 93
176 32 32 800 122
177 8 32 1000 167
178 32 320 800 112
179 8 128 5000 155
180 8 128 400 128
181 8 320 2000 173
182 32 320 800 161
183 32 32 800 163
184 32 128 5000 179
185 32 32 2000 198
186 8 320 2000 129
187 32 128 2000 181
188 8 128 800 92
189 8 32 5000 156
190 8 128 2000 182
191 8 32 2000 106
192 8 320 2000 114
193 8 32 800 178
194 8 32 2000 128
195 8 128 800 95
196 32 32 800 142
197 8 320 400 193
198 32 128 400 191
199 32 320 400 148
200 32 320 1000 122
201 32 320 2000 149
202 8 32 5000 153
203 8 320 2000 126
204 32 320 800 120
205 32 320 5000 108
206 32 128 1000 194
207 32 320 400 128
208 8 320 2000 104
209 32 128 1000 156
210 32 320 400 185
211 8 320 5000 114
212 8 32 800 135
213 8 320 5000 182
214 8 128 1000 136
215 8 320 1000 160
216 8 320 1000 197
217 32 128 1000 156
218 32 32 2000 94
219 32 320 2000 126
220 32 128 400 171
221 8 128 1000 101
222 8 128 5000 125
223 8 32 2000 109
224 32 320 2000 151
225 32 32 800 172
226 32 128 2000 182
227 32 128 1000 127
228 8 128 5000 129
229 8 128 800 142
230 8 128 2000 196
231 32 320 400 200
232 8 128 5000 158
233 32 128 400 162
234 32 32 5000 159
235 8 320 5000 192
236 8 32 2000 196
237 32 128 1000 108
238 8 32 400 177
239 32 128 5000 97
240 8 320 5000 147
241 8 128 2000 185
242 8 320 800 109
243 32 32 5000 92
244 32 32 1000 174
245 32 128 2000 184
246 32 320 400 142
247 8 320 5000 149
248 8 128 5000 94
249 32 32 5000 95
250 32 128 1000 150
251 8 128 800 199
252 8 320 5000 195
253 8 128 400 122
254 32 320 5000 129
255 8 128 1000 150
256 32 128 400 109
257 32 32 5000 195
258 32 320 5000 95
259 8 128 1000 153
260 32 128 1000 151
261 8 320 800 126
262 8 32 800 150
263 32 128 1000 107
264 8 32 2000 181
265 8 320 2000 90
266 32 320 5000 147
267 32 32 1000 148
268 32 128 2000 178
269 32 32 2000 93
270 32 128 5000 122
271 32 32 5000 110
272 8 128 5000 111
273 8 320 800 180
274 32 128 800 193
275 32 320 800 149
276 32 128 800 152
277 32 32 1000 92
278 32 32 5000 194
279 32 320 5000 104
280 32 128 800 186
281 32 128 800 121
282 32 32 2000 126
283 8 128 2000 99
284 32 128 400 106
285 8 32 2000 189
286 32 320 400 138
287 32 320 400 197
288 32 320 400 185
289 8 320 2000 102
290 8 128 5000 167
291 32 320 800 92
292 32 128 2000 133
293 32 32 1000 166
294 32 128 5000 97
295 32 320 2000 144
296 8 128 5000 177
297 8 32 1000 104
298 32 128 800 97
299 32 128 800 147
300 32 320 800 154
301 8 32 800 149
302 32 128 1000 95
303 32 128 400 162
304 8 320 1000 172
305 8 320 1000 179
306 8 128 5000 112
307 32 32 800 187
308 8 128 2000 143
309 8 32 2000 142
310 8 128 800 139
311 8 32 1000 124
312 32 320 1000 150
313 8 320 800 196
314 8 320 2000 141
315 8 32 1000 160
316 8 32 800 178
317 8 128 1000 139
318 32 128 2000 112
319 8 320 400 170
320 8 320 5000 188
321 32 320 400 174
322 8 128 1000 151
323 32 128 800 94
324 8 32 1000 128
325 8 320 400 142
326 8 320 2000 114
327 32 320 800 140
328 32 320 1000 93
329 32 32 800 148
330 32 32 800 164
331 8 320 400 102
332 32 320 2000 198
333 32 320 5000 190
334 32 320 5000 174
335 8 320 800 191
336 32 320 5000 167
337 8 320 2000 113
338 32 128 5000 194
339 8 320 800 90
340 8 32 800 148
341 32 128 2000 94
342 32 320 5000 141
343 8 32 2000 167
344 32 320 5000 138
345 32 32 2000 190
346 32 128 1000 183
347 32 320 1000 182
348 32 32 800 154
349 8 32 2000 112
350 32 32 1000 92
351 8 320 1000 99
352 32 32 2000 92
353 8 320 5000 153
354 8 320 2000 180
355 8 128 5000 122
356 32 128 2000 196
357 8 320 800 138
358 32 320 400 185
359 8 32 2000 176
360 8 32 400 162
361 32 32 400 120
362 32 32 400 187
363 32 32 800 171
364 32 128 1000 134
365 8 32 800 121
366 8 32 400 199
367 8 128 5000 146
368 32 320 400 199
369 32 32 1000 178
370 32 320 2000 161
371 8 32 400 199
372 8 128 400 141
373 32 32 1000 139
374 8 320 2000 170
375 8 128 1000 150
376 8 32 5000 114
377 32 320 2000 142
378 8 128 5000 148
379 32 128 400 121
380 8 32 5000 152
381 32 32 800 128
382 8 32 5000 192
383 32 320 400 118
384 8 128 400 166
385 8 320 1000 102
386 32 320 2000 128
387 32 320 1000 196
388 8 320 400 105
389 8 320 5000 182
390 32 320 2000 127
391 32 320 1000 154
392 32 32 400 136
393 32 320 1000 184
394 8 32 1000 135
395 32 32 1000 162
396 8 32 1000 130
397 8 128 1000 109
398 32 320 400 98
399 32 320 800 174
400 8 32 800 177
401 32 320 2000 121
402 8 128 2000 175
403 8 320 800 172
404 8 320 800 178
405 32 32 5000 199
406 32 320 400 122
407 32 32 2000 195
408 8 32 1000 169
409 32 320 2000 128
410 8 32 1000 117
411 32 128 5000 142
412 32 320 2000 105
413 8 128 1000 139
414 8 320 5000 122
415 32 320 800 187
416 32 32 2000 167
417 8 128 400 176
418 32 32 800 175
419 32 32 2000 100
420 32 320 5000 111
421 32 320 5000 194
422 8 128 1000 132
423 32 320 2000 190
424 8 320 1000 138
425 8 32 2000 167
426 8 32 800 115
427 8 320 2000 97
428 8 320 5000 182
429 32 320 2000 197
430 32 32 800 145
431 8 320 1000 141
432 8 32 2000 98
433 8 32 5000 192
434 8 320 800 120
435 8 128 5000 115
436 32 32 5000 129
437 32 32 2000 155
438 32 32 400 200
439 8 32 400 107
440 32 128 400 152
441 32 320 800 99
442 8 320 800 184
443 32 32 800 199
444 32 320 1000 99
445 8 128 1000 188
446 8 128 2000 150
447 32 128 800 200
448 8 320 400 171
449 32 320 5000 128
450 8 128 5000 153
451 8 128 5000 143
452 8 32 1000 124
453 8 128 800 94
454 8 32 400 97
455 32 320 800 134
456 8 320 800 146
457 32 32 1000 141
458 8 128 1000 91
459 32 320 400 136
460 8 32 800 169
461 8 32 400 135
462 32 320 400 120
463 32 320 400 156
464 32 320 800 143
465 32 320 1000 109
466 32 320 5000 178
467 32 320 400 119
468 8 32 5000 155
469 32 32 1000 189
470 32 128 1000 123
471 32 128 400 160
472 8 320 400 179
473 32 32 800 172
474 8 320 2000 165
475 32 128 800 195
476 32 32 1000 164
477 32 32 5000 195
478 32 32 1000 103
479 8 320 400 170
480 8 32 400 143
481 8 320 400 171
482 32 128 2000 163
483 8 320 1000 157
484 32 320 1000 141
485 32 320 5000 119
486 32 320 800 110
487 8 128 1000 126
488 32 128 400 91
489 32 128 5000 197
490 8 128 400 156
491 8 32 400 190
492 32 32 400 176
493 32 320 5000 148
494 32 320 2000 148
495 8 32 5000 139
496 32 32 2000 141
497 8 128 1000 108
498 8 128 2000 189
499 32 320 400 102
500 32 320 1000 197
501 8 320 5000 114
502 32 32 5000 186
503 32 320 5000 196
504 32 320 2000 103
505 8 320 5000 130
506 32 320 5000 136
507 8 128 400 146
508 32 32 5000 190
509 32 32 400 189
510 8 320 5000 186
511 8 320 400 117
512 8 32 5000 187
513 32 128 5000 94
514 8 128 2000 134
515 8 320 800 193
516 32 128 1000 125
517 8 128 400 137
518 8 32 5000 153
519 8 128 800 195
520 8 32 2000 143
521 8 320 400 166
522 32 320 5000 105
523 8 128 800 158
524 32 32 800 136
525 32 320 400 181
526 8 128 400 106
527 32 32 2000 193
528 32 320 800 171
529 8 320 400 145
530 8 128 800 172
531 8 32 800 132
532 8 32 800 101
533 32 32 800 116
534 32 320 2000 194
535 32 128 5000 193
536 32 320 2000 147
537 32 320 800 191
538 8 32 1000 92
539 32 32 5000 138
540 8 320 5000 193
541 8 320 400 199
542 32 128 400 183
543 32 320 5000 138
544 8 320 400 167
545 8 320 1000 197
546 32 32 800 179
547 32 128 1000 172
548 8 128 800 173
549 32 32 5000 145
550 8 320 400 113
551 32 320 5000 179
552 32 32 5000 106
553 8 32 5000 169
554 8 32 1000 106
555 8 128 800 174
556 32 320 1000 193
557 8 320 800 192
558 8 320 1000 121
559 8 32 2000 90
560 32 128 2000 132
561 8 32 800 162
562 32 320 400 185
563 32 128 5000 142
564 8 320 400 194
565 32 128 1000 185
566 8 32 400 142
567 8 320 2000 197
568 8 320 1000 108
569 8 320 400 135
570 32 320 1000 90
571 32 32 1000 138
572 8 320 5000 115
573 8 32 5000 188
574 32 32 800 138
575 8 32 800 140
576 32 128 2000 128
577 8 32 5000 126
578 8 128 400 142
579 8 320 400 194
580 8 320 800 199
581 32 32 400 105
582 8 320 400 131
583 8 32 2000 146
584 32 128 1000 125
585 32 32 5000 190
586 32 32 800 150
587 8 320 2000 97
588 32 320 800 98
589 32 32 400 177
590 8 32 400 92
591 32 320 1000 100
592 8 32 800 121
593 32 320 5000 116
594 32 32 400 99
595 8 320 1000 156
596 8 320 5000 123
597 32 320 1000 195
598 32 320 800 147
599 32 32 5000 197
600 8 32 2000 127
601 32 32 2000 141
602 32 32 800 138
603 32 320 800 164
604 32 128 800 149
605 8 320 400 129
606 32 320 400 189
607 32 128 5000 131
608 32 320 400 108
609 32 320 5000 140
610 32 320 5000 171
611 32 320 5000 191
612 32 32 5000 128
613 32 128 800 90
614 8 320 400 162
615 8 320 400 148
616 32 320 5000 165
617 32 128 2000 91
618 32 128 1000 186
619 8 320 800 101
620 32 320 1000 187
621 32 320 2000 185
622 8 128 2000 105
623 32 32 2000 96
624 8 128 2000 158
625 32 320 2000 130
626 32 128 5000 136
627 32 128 5000 166
628 32 32 1000 145
629 8 320 2000 166
630 8 320 400 167
631 8 320 400 163
632 32 32 5000 126
633 32 32 1000 139
634 32 32 5000 166
635 32 128 400 107
636 8 128 800 197
637 32 128 400 130
638 8 128 800 129
639 32 128 5000 102
640 32 128 400 152
641 32 32 2000 139
642 8 32 400 188
643 8 32 5000 197
644 8 32 400 163
645 8 320 2000 99
646 32 32 1000 130
647 8 320 800 95
648 8 320 800 196
649 8 32 1000 108
650 8 320 5000 102
651 8 32 5000 105
652 32 320 1000 176
653 32 320 1000 146
654 8 320 400 178
655 8 320 1000 163
656 8 320 400 165
657 8 320 1000 137
658 8 128 5000 171
659 8 128 800 138
660 8 128 1000 108
661 8 32 400 142
662 32 320 800 146
663 32 128 5000 194
664 32 128 400 131
665 8 128 400 190
666 8 320 1000 101
667 8 320 400 172
668 8 32 5000 121
669 32 32 800 144
670 8 320 1000 112
671 8 320 5000 150
672 32 32 5000 125
673 8 32 400 100
674 32 128 2000 137
675 8 128 2000 92
676 8 32 5000 93
677 8 32 2000 113
678 32 320 2000 159
679 8 32 800 167
680 8 128 5000 172
681 32 32 2000 121
682 8 32 400 134
683 32 320 2000 137
684 32 32 1000 136
685 32 32 400 121
686 8 32 2000 129
687 8 32 1000 127
688 32 320 400 198
689 8 128 400 163
690 32 32 400 188
691 8 32 800 119
692 32 128 400 133
693 32 128 2000 131
694 8 128 800 177
695 8 32 2000 112
696 32 320 1000 155
697 8 32 1000 115
698 8 128 5000 118
699 8 32 400 176
700 32 128 400 179
701 32 32 5000 124
702 32 320 800 180
703 32 32 2000 165
704 32 128 2000 97
705 32 320 2000 95
706 8 128 400 123
707 8 128 5000 114
708 32 32 2000 148
709 32 320 800 148
710 32 320 1000 103
711 8 32 800 129
712 32 320 800 157
713 32 320 1000 182
714 8 32 2000 183
715 32 128 2000 199
716 8 128 1000 159
717 32 32 800 127
718 32 32 5000 126
719 8 32 800 111
720 8 32 1000 142
721 8 128 1000 141
722 8 128 1000 153
723 32 128 1000 118
724 8 32 800 141
725 32 32 5000 144
726 32 128 800 166
727 32 128 400 158
728 32 32 2000 142
729 8 320 2000 146
730 32 320 800 153
731 32 128 5000 179
732 8 32 400 126
733 8 32 400 180
734 8 32 400 182
735 8 32 800 158
736 32 320 1000 154
737 32 32 5000 162
738 8 320 400 166
739 8 128 800 91
740 8 128 1000 103
741 32 128 5000 125
742 32 32 400 130
743 32 320 1000 188
744 32 128 400 135
745 8 32 400 188
746 8 128 2000 176
747 8 128 2000 107
748 8 32 5000 94
749 32 320 5000 198
750 8 128 5000 101
751 32 32 800 150
752 32 320 5000 190
753 32 32 400 124
754 32 320 800 145
755 8 320 1000 91
756 32 32 1000 187
757 8 128 2000 117
758 32 128 1000 164
759 32 128 5000 117
760 8 128 2000 124
761 32 128 2000 151
762 32 320 400 179
763 32 32 400 183
764 32 32 400 174
765 32 320 400 187
766 32 32 5000 198
767 32 32 1000 138
768 8 320 5000 187
769 32 320 400 156
770 8 32 800 180
771 8 32 2000 104
772 8 320 800 186
773 8 32 800 197
774 32 320 1000 184
775 8 320 800 199
776 8 128 400 179
777 8 128 2000 169
778 32 128 5000 140
779 8 320 2000 183
780 8 320 800 185
781 32 128 800 168
782 32 32 2000 167
783 32 32 800 93
784 8 32 2000 144
785 32 128 1000 159
786 8 320 800 118
787 8 320 2000 200
788 32 32 800 142
789 32 320 5000 181
790 8 32 2000 160
791 8 320 1000 173
792 32 320 400 97
793 8 320 1000 130
794 8 128 2000 154
795 32 320 5000 152
796 32 128 1000 158
797 32 128 800 100
798 32 320 400 166
799 32 320 2000 98
800 32 128 1000 115
801 32 32 800 190
802 32 128 2000 138
803 32 32 800 159
804 8 128 2000 175
805 8 128 1000 90
806 8 32 2000 191
807 32 32 800 196
808 32 320 1000 120
809 32 128 1000 194
810 8 32 400 179
811 8 128 800 114
812 32 128 400 182
813 32 32 2000 113
814 32 128 400 179
815 8 320 800 176
816 32 32 400 175
817 8 320 1000 111
818 8 320 5000 163
819 32 128 5000 105
820 8 32 1000 162
821 32 128 800 167
822 8 128 2000 135
823 8 128 2000 140
824 8 320 1000 151
825 8 32 1000 103
826 32 128 1000 122
827 8 320 2000 166
828 8 128 400 131
829 32 320 400 178
830 32 32 2000 143
831 8 320 800 130
832 8 320 400 124
833 32 32 5000 116
834 32 32 5000 99
835 8 32 800 124
836 8 320 5000 153
837 32 320 2000 114
838 32 128 5000 182
839 32 320 1000 195
840 32 320 2000 117
841 8 32 400 169
842 8 320 1000 191
843 32 128 1000 122
844 8 320 2000 102
845 8 320 400 123
846 8 320 5000 184
847 8 320 2000 189
848 8 320 400 187
849 32 32 2000 111
850 8 32 800 120
851 32 128 1000 170
852 32 128 5000 95
853 32 32 400 135
854 8 32 400 139
855 8 32 5000 190
856 32 32 1000 194
857 32 320 5000 154
858 8 320 2000 132
859 32 128 1000 169
860 8 32 2000 134
861 8 32 400 178
862 32 128 400 146
863 8 320 2000 183
864 32 32 400 182
865 32 128 1000 140
866 32 128 1000 149
867 8 128 5000 160
868 8 320 400 90
869 8 32 2000 146
870 8 320 2000 152
871 8 128 1000 199
872 32 32 400 142
873 8 128 800 166
874 8 128 5000 128
875 32 320 1000 197
876 32 32 2000 102
877 32 32 5000 197
878 8 32 2000 162
879 32 32 400 196
880 8 128 1000 169
881 32 320 400 118
882 32 128 400 170
883 32 320 400 174
884 32 128 2000 121
885 32 32 800 109
886 8 32 1000 90
887 32 32 5000 124
888 32 320 400 155
889 32 32 400 173
890 8 128 5000 99
891 8 128 2000 120
892 8 32 5000 198
893 8 32 800 98
894 8 320 1000 186
895 8 320 1000 163
896 8 128 1000 144
897 8 128 400 107
898 8 128 800 116
899 32 32 5000 141
900 8 320 400 183
901 8 320 1000 126
902 8 320 5000 96
903 32 32 800 158
904 8 320 400 137
905 32 128 1000 198
906 8 32 800 188
907 8 128 800 175
908 8 320 2000 145
909 8 32 5000 159
910 32 320 2000 180
911 32 128 1000 137
912 32 128 1000 197
913 8 128 800 92
914 32 128 1000 187
915 32 128 5000 97
916 32 128 2000 95
917 32 128 2000 193
918 32 32 2000 110
919 32 320 800 117
920 8 128 800 121
921 8 320 800 152
922 8 320 5000 128
923 8 128 1000 144
924 32 128 5000 98
925 32 128 5000 198
926 8 128 5000 191
927 8 32 1000 158
928 32 32 5000 111
929 32 320 2000 158
930 8 32 400 147
931 32 32 5000 170
932 32 32 1000 184
933 8 32 400 163
934 32 128 1000 181
935 8 32 400 101
936 8 32 800 161
937 8 320 800 187
938 8 128 1000 168
939 8 32 400 132
940 32 32 1000 167
941 32 128 2000 154
942 8 320 800 189
943 32 32 2000 92
944 32 128 800 177
945 32 128 5000 183
946 8 128 2000 186
947 8 128 400 188
948 8 320 800 168
949 32 320 800 176
383
0 94 58 129
2 774 44 103
2 719 49 98
3 358 64 127
3 581 47 90
4 533 54 162
6 473 70 159
7 245 66 127
8 744 53 94
9 83 47 186
9 831 55 100
9 418 52 167
10 53 58 99
12 468 52 142
15 412 57 193
16 831 43 99
16 699 51 179
16 333 60 95
20 455 51 194
21 44 49 199
22 329 67 184
25 918 56 142
26 307 55 169
26 64 55 195
26 685 64 191
32 84 67 142
32 133 69 114
33 492 50 130
33 949 65 158
34 103 68 112
35 72 50 132
36 523 61 99
37 392 67 127
38 406 49 184
38 358 42 138
38 745 57 139
41 569 47 120
41 862 67 165
41 214 51 181
42 372 50 149
44 837 51 162
46 292 53 121
46 950 69 118
47 347 46 102
49 129 53 200
49 319 42 140
50 368 65 152
50 253 47 162
52 334 65 131
52 623 70 167
55 816 56 168
55 788 55 134
55 69 51 93
57 217 40 153
57 438 47 138
58 402 42 109
59 799 53 173
61 305 52 162
61 365 50 198
61 171 65 95
67 635 57 132
68 141 62 149
69 906 63 178
69 681 56 128
71 464 44 112
72 395 66 183
72 794 55 140
78 739 57 98
78 418 45 91
80 214 56 101
83 510 53 120
84 525 41 147
84 451 46 153
85 813 70 182
86 776 62 183
87 639 69 185
90 786 59 143
91 278 44 137
92 396 40 134
92 548 50 134
92 773 46 139
93 400 49 111
93 633 42 190
95 592 53 171
96 720 45 188
96 426 43 142
96 584 47 185
97 300 55 199
97 338 54 199
98 197 52 105
99 905 67 159
102 455 56 187
103 672 67 151
103 522 64 176
103 688 57 152
106 145 49 126
107 805 57 122
107 185 56 129
108 866 59 146
110 625 49 143
111 708 56 105
112 928 51 144
114 253 67 142
115 795 65 186
117 597 68 133
123 710 43 147
124 587 56 112
126 185 40 134
129 181 44 115
132 516 53 165
137 345 65 156
138 303 52 150
142 919 47 93
142 927 61 95
144 663 59 174
144 147 69 90
144 724 40 156
145 237 57 180
145 192 66 189
150 793 66 161
151 229 57 157
152 608 42 128
153 352 56 90
154 889 56 155
154 247 57 178
154 914 41 96
156 772 45 200
158 921 42 191
159 245 46 114
162 299 69 133
166 418 55 176
167 692 52 153
170 828 57 168
173 948 63 136
175 695 61 152
175 385 63 185
176 790 62 173
176 530 47 109
177 905 44 189
178 713 53 191
179 284 40 96
179 897 41 161
181 254 58 100
181 909 44 199
182 612 65 194
184 474 55 174
184 440 64 96
186 920 67 113
186 641 48 166
190 335 64 199
191 567 61 198
194 449 65 108
195 373 63 92
197 706 48 192
201 425 52 165
201 522 66 92
204 682 42 187
205 712 44 191
205 477 65 153
206 399 65 173
210 459 52 128
212 811 41 152
212 458 53 158
213 267 42 132
216 326 69 177
217 856 47 148
218 768 40 123
219 820 43 186
219 926 42 118
223 874 43 174
228 395 44 198
230 648 68 194
232 831 49 105
235 728 54 94
235 471 63 144
236 260 42 155
237 368 55 195
241 773 64 136
245 475 52 146
246 717 54 104
247 434 66 179
253 411 40 169
254 531 61 189
255 866 49 130
255 513 57 153
257 914 69 138
261 624 67 136
261 865 44 170
264 288 40 118
265 929 51 165
267 742 46 156
268 624 58 149
268 395 40 122
270 884 62 173
270 844 42 124
273 393 51 166
278 498 68 196
281 494 61 125
285 594 66 161
286 352 64 171
288 897 56 101
289 519 46 103
291 509 53 173
293 838 50 193
294 914 53 200
296 774 45 157
297 495 42 194
298 510 70 105
299 301 67 93
299 909 59 120
299 471 40 200
300 912 57 133
301 620 55 142
301 577 63 158
306 808 63 131
309 452 65 198
309 922 42 117
310 335 42 138
312 481 45 155
312 765 59 126
313 619 63 109
315 730 69 144
316 888 59 147
318 601 66 139
319 369 47 112
320 347 41 132
321 597 47 157
323 928 45 187
323 335 54 181
324 647 61 104
325 946 45 109
326 573 67 121
328 687 42 133
329 663 60 144
335 617 57 107
338 666 56 136
339 808 43 165
340 713 62 127
341 521 47 131
342 496 46 199
344 521 63 162
344 931 64 102
345 906 41 117
347 726 49 183
350 511 45 108
353 614 69 94
356 598 63 122
356 518 47 156
357 486 44 97
357 899 60 198
361 832 57 134
364 830 40 106
364 465 50 119
365 846 48 178
368 861 44 185
368 797 64 117
369 670 50 139
370 935 46 200
371 577 50 144
375 668 66 122
380 829 67 199
382 742 70 149
388 717 48 181
389 474 47 198
389 811 60 115
390 807 60 196
390 777 41 172
396 839 56 160
401 470 41 174
403 691 40 174
411 523 62 135
416 592 47 127
421 670 42 102
422 621 43 156
423 500 60 146
424 885 53 156
435 484 44 108
443 500 70 102
444 683 67 101
447 652 50 193
451 464 56 91
451 860 55 124
452 709 69 131
454 660 61 111
456 632 48 94
457 823 69 139
463 712 45 169
465 876 68 115
468 651 42 104
471 877 41 174
471 944 56 145
476 545 57 130
478 939 63 141
480 659 54 148
483 498 46 112
488 682 61 179
499 551 56 135
500 693 53 118
503 541 47 113
504 553 68 110
508 764 59 142
509 682 57 186
510 742 54 103
514 718 63 176
516 936 56 97
523 662 50 193
523 643 63 129
524 727 70 154
524 930 59 190
525 644 49 109
533 846 69 117
534 685 67 99
536 538 64 98
537 596 50 151
537 609 47 160
537 588 67 156
542 560 41 128
546 674 46 111
555 579 42 180
556 940 67 100
557 909 50 109
560 916 56 177
563 917 57 141
564 717 68 90
567 748 52 114
575 920 58 126
577 862 64 107
585 817 68 104
589 717 53 102
590 709 50 134
591 772 40 143
596 679 40 158
599 715 63 91
605 621 53 150
605 822 65 96
611 711 49 193
613 929 69 95
614 908 62 115
619 693 53 142
621 807 67 127
622 638 67 167
622 897 48 116
625 695 66 200
629 825 50 164
632 889 50 171
635 671 60 170
643 741 54 159
646 687 44 157
647 937 42 194
651 727 47 137
654 936 70 134
659 695 44 160
661 752 53 131
667 866 49 181
672 842 65 100
672 710 69 118
675 796 70 168
676 714 43 149
677 822 62 146
682 802 48 119
685 714 58 113
687 761 59 180
692 906 53 147
693 765 66 178
696 749 45 183
696 767 49 191
709 942 42 126
714 816 60 127
715 943 56 143
726 834 53 110
729 777 40 128
729 734 46 110
737 810 53 199
763 805 66 109
801 873 67 120
821 919 66 125
824 870 53 142
837 950 64 199
841 942 61 160
848 941 52 200
883 888 58 153
896 903 59 194
900 916 59 137