925
0 8 320 400 181
1 32 320 2000 116
2 32 320 1000 112
3 8 320 2000 167
4 32 32 400 110
5 8 320 800 136
6 32 320 5000 106
7 32 32 2000 106
8 8 32 5000 177
9 32 128 800 108
10 8 128 800 90
11 8 320 400 130
12 8 32 800 157
13 32 320 1000 117
14 32 128 1000 104
15 32 128 5000 182
16 32 320 800 136
17 32 32 400 153
18 8 32 800 191
19 8 320 2000 185
20 32 128 5000 155
21 8 128 5000 132
22 32 128 5000 139
23 32 128 1000 95
24 32 32 2000 97
25 32 320 2000 146
26 8 128 5000 198
27 32 128 2000 103
28 8 32 1000 169
29 8 320 800 158
30 8 32 800 143
31 8 128 400 157
32 8 128 800 153
33 32 128 5000 110
34 8 128 400 158
35 32 128 1000 115
36 8 32 1000 179
37 32 320 5000 117
38 32 320 5000 98
39 32 128 1000 189
40 32 320 1000 132
41 8 32 800 160
42 8 32 800 175
43 32 128 1000 99
44 8 320 5000 164
45 8 320 1000 130
46 8 320 2000 150
47 32 320 1000 138
48 8 320 1000 146
49 8 32 400 101
50 32 128 800 140
51 8 320 5000 142
52 8 32 2000 198
53 32 320 800 100
54 8 320 800 165
55 8 32 5000 99
56 8 320 5000 149
57 8 128 5000 162
58 8 128 2000 118
59 32 320 2000 157
60 8 32 1000 181
61 32 128 1000 92
62 32 320 800 186
63 8 128 5000 93
64 8 128 1000 183
65 8 32 5000 124
66 8 128 2000 181
67 32 32 5000 199
68 32 320 1000 132
69 8 32 400 136
70 32 32 2000 189
71 8 320 400 187
72 32 32 2000 127
73 32 128 800 176
74 32 320 400 186
75 32 128 2000 182
76 8 32 5000 105
77 32 128 5000 136
78 8 320 2000 190
79 32 128 800 144
80 8 32 1000 195
81 32 320 400 157
82 32 320 5000 177
83 8 128 1000 183
84 32 320 400 190
85 8 128 400 154
86 32 128 2000 177
87 8 320 2000 90
88 8 320 1000 166
89 32 320 400 114
90 8 128 2000 143
91 32 32 2000 169
92 32 32 800 200
93 8 32 1000 106
94 32 128 800 150
95 32 320 1000 165
96 32 32 800 163
97 32 320 5000 188
98 32 128 1000 165
99 8 32 800 133
100 8 320 1000 102
101 8 32 2000 178
102 8 320 1000 107
103 8 128 800 96
104 8 320 800 95
105 32 32 1000 127
106 8 320 800 96
107 32 320 1000 135
108 8 320 5000 128
109 32 320 1000 176
110 8 32 400 185
111 32 32 5000 95
112 32 32 400 176
113 8 128 5000 103
114 32 32 800 160
115 32 320 1000 148
116 32 128 1000 188
117 8 32 400 150
118 8 128 1000 118
119 8 128 400 168
120 8 320 400 193
121 32 128 800 96
122 32 128 400 179
123 32 32 2000 101
124 32 320 2000 156
125 8 128 2000 139
126 32 32 1000 177
127 8 128 2000 145
128 32 320 2000 199
129 8 128 1000 186
130 32 128 800 92
131 8 128 800 102
132 8 128 5000 180
133 8 128 800 125
134 8 128 2000 197
135 8 320 2000 151
136 8 128 5000 195
137 8 32 800 110
138 8 320 1000 150
139 8 32 2000 171
140 32 32 400 194
141 8 128 400 192
142 8 32 5000 155
143 8 32 400 195
144 32 320 1000 93
145 32 32 800 98
146 32 128 400 125
147 32 128 2000 102
148 8 128 5000 186
149 8 128 2000 150
150 8 128 400 100
151 8 320 800 108
152 8 320 1000 147
153 32 320 1000 104
154 8 320 800 157
155 32 320 1000 160
156 32 128 800 153
157 8 32 1000 180
158 32 32 1000 125
159 8 32 5000 149
160 32 128 5000 93
161 32 128 1000 105
162 8 128 5000 196
163 8 32 400 161
164 32 128 1000 196
165 8 128 400 114
166 32 128 5000 114
167 8 32 5000 146
168 32 128 400 102
169 32 32 800 181
170 32 320 800 164
171 8 32 2000 96
172 32 320 5000 153
173 8 32 800 154
174 32 32 1000 104
175 32 128 1000 126
176 32 128 2000 121
177 8 32 2000 94
178 8 128 1000 124
179 8 32 5000 132
180 8 320 2000 116
181 32 320 800 176
182 32 320 1000 170
183 32 128 800 145
184 8 320 400 139
185 32 128 400 114
186 32 32 1000 136
187 32 32 1000 146
188 32 32 2000 123
189 8 320 800 107
190 32 128 5000 162
191 32 128 2000 185
192 32 32 800 147
193 32 32 2000 121
194 8 32 1000 125
195 32 128 2000 195
196 8 320 5000 134
197 32 32 1000 98
198 8 320 1000 147
199 8 320 400 198
200 32 320 1000 110
201 8 32 1000 162
202 32 32 1000 186
203 8 128 2000 162
204 32 32 1000 106
205 32 128 2000 102
206 8 320 5000 155
207 8 320 1000 105
208 8 128 400 172
209 32 128 2000 183
210 8 128 1000 145
211 8 320 800 151
212 8 320 2000 190
213 8 128 800 170
214 8 32 1000 169
215 8 320 5000 137
216 8 128 1000 139
217 8 128 800 153
218 32 320 800 154
219 32 128 2000 166
220 32 320 1000 194
221 8 32 2000 106
222 8 32 400 158
223 8 320 5000 183
224 32 32 1000 133
225 32 128 5000 133
226 32 128 5000 192
227 32 320 5000 128
228 8 32 800 199
229 32 32 800 104
230 8 128 800 107
231 32 128 1000 123
232 32 320 1000 134
233 32 32 800 108
234 8 32 400 187
235 8 128 400 100
236 32 128 2000 139
237 8 32 2000 103
238 32 128 800 173
239 8 128 5000 132
240 32 128 5000 97
241 32 128 800 97
242 8 128 2000 189
243 32 128 1000 160
244 32 32 400 172
245 32 32 5000 170
246 8 32 800 114
247 32 128 800 122
248 8 32 1000 191
249 8 32 5000 118
250 8 128 5000 189
251 8 320 800 109
252 8 128 800 145
253 32 32 2000 110
254 32 320 400 161
255 32 320 800 133
256 8 128 1000 111
257 8 32 800 178
258 8 128 800 139
259 8 128 400 128
260 8 32 800 173
261 32 32 400 135
262 32 128 5000 194
263 8 320 400 126
264 32 320 5000 173
265 8 128 5000 107
266 32 320 2000 118
267 32 320 800 113
268 32 128 5000 139
269 32 32 1000 194
270 32 32 800 176
271 32 128 5000 194
272 8 32 400 167
273 32 128 1000 107
274 32 128 800 130
275 8 32 1000 144
276 32 320 400 94
277 32 32 1000 184
278 8 128 800 151
279 32 32 5000 151
280 32 32 1000 198
281 8 32 1000 110
282 32 32 1000 195
283 32 32 400 200
284 32 128 5000 133
285 8 128 2000 136
286 32 320 1000 173
287 8 32 2000 132
288 8 32 400 158
289 32 320 5000 154
290 8 32 400 139
291 8 32 1000 168
292 8 128 1000 154
293 32 320 400 186
294 32 128 800 115
295 32 32 400 121
296 8 32 800 104
297 8 320 400 180
298 32 320 5000 153
299 32 128 400 144
300 32 320 5000 154
301 8 128 1000 92
302 8 320 2000 99
303 8 320 2000 90
304 8 320 5000 127
305 8 32 400 126
306 32 128 800 195
307 32 32 5000 188
308 32 320 5000 169
309 8 320 5000 164
310 32 32 800 138
311 32 320 5000 99
312 8 128 1000 191
313 8 320 2000 197
314 32 320 400 179
315 8 128 2000 161
316 32 320 5000 116
317 32 128 2000 161
318 32 320 1000 92
319 8 320 800 156
320 8 128 400 141
321 32 320 2000 103
322 32 320 2000 113
323 32 32 5000 104
324 8 320 800 178
325 32 320 400 145
326 32 320 400 157
327 32 32 400 122
328 8 32 2000 115
329 8 32 800 97
330 32 128 5000 136
331 8 320 400 99
332 8 128 800 91
333 8 320 5000 155
334 8 128 2000 128
335 32 320 2000 127
336 32 320 400 150
337 8 128 800 130
338 8 32 1000 158
339 32 320 5000 91
340 8 32 2000 151
341 8 32 1000 150
342 32 32 2000 109
343 32 320 800 200
344 8 128 2000 176
345 8 128 2000 125
346 32 128 400 181
347 32 320 1000 176
348 32 320 2000 155
349 32 320 5000 159
350 32 32 800 142
351 32 128 800 176
352 8 320 2000 131
353 8 320 5000 178
354 8 128 1000 168
355 32 32 1000 100
356 32 32 800 165
357 8 32 800 100
358 8 128 400 198
359 8 128 5000 106
360 8 128 5000 169
361 32 32 800 145
362 32 320 400 101
363 8 320 1000 91
364 8 32 5000 148
365 8 320 800 124
366 32 32 800 95
367 32 320 800 93
368 8 32 5000 98
369 32 32 2000 113
370 32 32 400 183
371 32 32 800 94
372 32 32 1000 137
373 8 320 1000 193
374 8 32 400 107
375 32 320 800 139
376 8 320 400 162
377 32 32 400 163
378 8 128 1000 181
379 8 128 1000 172
380 8 320 1000 119
381 32 32 1000 197
382 32 32 1000 108
383 32 32 2000 104
384 32 320 5000 148
385 8 32 2000 183
386 8 320 5000 158
387 32 32 400 162
388 8 128 400 178
389 32 320 1000 163
390 8 320 2000 139
391 32 320 400 130
392 8 32 800 117
393 32 128 5000 103
394 32 128 2000 191
395 32 128 1000 112
396 32 32 5000 129
397 32 320 5000 97
398 32 320 5000 101
399 32 320 400 113
400 8 32 800 187
401 32 32 5000 163
402 32 320 1000 186
403 32 128 2000 96
404 32 320 400 105
405 32 32 1000 126
406 8 320 1000 181
407 32 128 400 115
408 32 32 5000 153
409 8 320 800 191
410 32 128 800 174
411 8 128 800 102
412 32 320 1000 168
413 8 32 800 162
414 32 128 5000 131
415 8 32 400 139
416 8 32 2000 102
417 32 32 2000 99
418 32 32 2000 114
419 32 128 1000 145
420 8 32 400 162
421 32 32 2000 113
422 8 32 2000 120
423 8 320 1000 120
424 32 32 1000 199
425 8 32 400 200
426 8 128 5000 192
427 8 32 5000 147
428 8 32 1000 148
429 8 128 400 188
430 32 320 2000 128
431 32 128 800 182
432 8 320 400 124
433 8 128 1000 154
434 32 128 1000 131
435 32 128 800 106
436 32 128 400 193
437 8 128 2000 171
438 8 128 800 148
439 8 128 2000 159
440 8 320 5000 181
441 8 320 400 104
442 8 128 400 181
443 32 32 800 169
444 8 320 400 185
445 8 320 800 180
446 32 320 1000 150
447 8 128 5000 189
448 8 32 5000 98
449 8 320 800 155
450 8 32 5000 95
451 32 32 1000 191
452 8 32 400 98
453 8 320 5000 135
454 32 128 1000 128
455 32 320 800 156
456 32 320 2000 100
457 8 320 800 148
458 32 128 1000 126
459 8 32 800 143
460 8 128 400 113
461 8 32 5000 167
462 32 32 2000 184
463 8 320 400 145
464 8 128 2000 199
465 8 32 800 169
466 8 128 5000 98
467 8 128 2000 115
468 32 32 2000 130
469 8 32 1000 179
470 32 128 400 96
471 32 32 5000 184
472 8 32 1000 158
473 32 32 1000 152
474 8 320 2000 131
475 32 128 2000 114
476 8 320 400 127
477 32 32 1000 147
478 8 128 5000 180
479 32 128 1000 136
480 32 320 1000 145
481 32 32 5000 95
482 32 320 400 135
483 8 128 1000 115
484 8 320 1000 133
485 8 320 1000 193
486 32 128 5000 156
487 8 128 400 108
488 32 320 800 128
489 32 128 1000 168
490 8 128 800 188
491 8 320 1000 199
492 8 128 400 152
493 32 320 5000 96
494 32 32 1000 102
495 8 128 2000 195
496 32 320 400 138
497 32 320 5000 135
498 32 128 1000 171
499 8 128 2000 107
500 8 128 1000 137
501 8 320 400 196
502 8 32 2000 161
503 8 320 5000 129
504 8 128 5000 97
505 8 32 5000 115
506 32 320 400 160
507 32 320 400 141
508 32 320 2000 199
509 8 32 5000 113
510 8 128 800 102
511 32 32 400 133
512 8 320 2000 96
513 8 128 5000 117
514 32 320 2000 172
515 8 32 1000 134
516 8 128 400 130
517 32 128 2000 149
518 8 32 5000 110
519 8 128 2000 156
520 32 320 2000 132
521 32 128 800 167
522 32 320 400 93
523 32 320 2000 137
524 8 320 400 103
525 8 128 2000 123
526 32 128 2000 110
527 32 32 800 123
528 32 128 1000 151
529 32 320 800 153
530 8 320 5000 133
531 8 32 2000 143
532 32 32 5000 142
533 32 320 1000 176
534 32 128 400 148
535 8 320 1000 155
536 8 32 1000 185
537 8 128 5000 171
538 32 320 5000 194
539 8 128 5000 163
540 8 320 400 109
541 8 32 2000 111
542 8 320 800 148
543 32 320 1000 133
544 32 320 800 175
545 32 32 2000 115
546 8 320 400 191
547 32 128 5000 176
548 32 128 800 124
549 8 32 5000 176
550 8 320 5000 109
551 32 320 5000 109
552 8 128 2000 113
553 32 128 5000 113
554 32 320 5000 193
555 8 128 400 98
556 8 128 2000 147
557 8 32 5000 108
558 8 128 400 97
559 32 128 400 131
560 32 320 5000 191
561 32 32 1000 164
562 32 128 400 181
563 8 32 1000 142
564 8 128 2000 91
565 8 320 5000 164
566 8 320 800 147
567 8 32 5000 91
568 8 128 400 96
569 8 32 1000 123
570 8 128 5000 173
571 32 320 5000 97
572 32 32 1000 197
573 32 128 1000 193
574 8 320 800 168
575 8 128 400 105
576 8 320 5000 149
577 8 32 800 109
578 8 320 800 160
579 8 320 1000 170
580 8 320 1000 137
581 8 320 400 147
582 8 32 1000 101
583 8 320 2000 101
584 8 320 1000 129
585 32 320 800 182
586 32 128 2000 119
587 32 32 5000 103
588 8 128 800 184
589 8 128 800 118
590 32 32 5000 176
591 8 128 2000 189
592 8 320 800 167
593 8 32 5000 173
594 32 32 400 154
595 32 320 1000 106
596 8 32 1000 156
597 8 128 400 160
598 32 128 1000 146
599 32 320 400 123
600 32 32 400 92
601 32 128 800 152
602 32 128 1000 142
603 32 320 800 124
604 32 128 2000 99
605 32 32 1000 141
606 32 32 400 143
607 32 32 400 165
608 8 32 2000 186
609 8 128 800 184
610 8 128 5000 126
611 32 128 2000 146
612 32 128 5000 185
613 32 128 1000 132
614 8 320 5000 145
615 32 320 800 98
616 8 320 400 118
617 8 32 2000 188
618 32 320 2000 180
619 8 32 5000 156
620 32 128 2000 194
621 8 32 400 124
622 32 320 400 122
623 32 320 400 122
624 8 32 800 173
625 8 128 400 169
626 8 320 2000 143
627 8 32 1000 195
628 8 128 400 123
629 32 32 5000 99
630 8 32 5000 178
631 8 320 400 130
632 32 128 1000 121
633 32 320 800 155
634 32 320 2000 98
635 32 128 800 106
636 32 32 800 139
637 32 320 800 186
638 32 32 1000 171
639 8 32 2000 157
640 32 128 800 177
641 8 32 2000 171
642 8 128 800 104
643 8 128 1000 127
644 32 320 5000 107
645 8 128 800 192
646 8 32 1000 155
647 32 128 400 101
648 32 320 800 101
649 32 320 1000 125
650 8 128 400 103
651 32 128 2000 142
652 8 32 2000 197
653 8 32 5000 193
654 32 320 400 140
655 8 128 5000 129
656 8 32 2000 104
657 8 32 800 200
658 8 320 400 187
659 8 32 800 168
660 32 32 1000 122
661 8 128 1000 127
662 8 320 5000 116
663 8 320 5000 114
664 8 128 400 189
665 8 320 1000 113
666 32 32 5000 198
667 8 320 800 150
668 32 320 800 135
669 32 32 800 157
670 8 320 1000 129
671 8 128 400 166
672 8 32 1000 171
673 32 128 1000 189
674 8 320 2000 123
675 8 128 5000 194
676 32 320 400 147
677 32 32 2000 170
678 8 320 5000 102
679 8 320 5000 131
680 8 32 5000 150
681 32 320 2000 193
682 32 32 800 195
683 8 128 2000 192
684 8 320 2000 127
685 32 32 400 159
686 32 128 400 171
687 8 320 5000 128
688 32 128 800 131
689 32 320 2000 182
690 32 32 1000 162
691 8 32 5000 135
692 32 128 800 156
693 8 320 800 125
694 8 320 5000 162
695 8 32 1000 111
696 32 32 400 180
697 32 320 800 122
698 32 32 1000 93
699 32 128 1000 167
700 8 128 2000 150
701 8 320 400 200
702 32 128 5000 151
703 8 128 1000 146
704 8 320 400 135
705 8 32 5000 163
706 8 320 5000 181
707 8 32 2000 145
708 32 32 2000 151
709 8 320 800 146
710 8 32 2000 156
711 8 128 800 117
712 32 32 800 162
713 8 320 1000 154
714 32 320 400 188
715 32 320 800 117
716 32 320 2000 98
717 8 32 400 112
718 32 128 5000 123
719 8 320 400 153
720 8 128 2000 179
721 32 320 800 109
722 32 320 400 192
723 8 320 400 181
724 8 320 5000 91
725 32 32 800 128
726 8 128 5000 139
727 32 320 5000 171
728 8 32 800 128
729 8 320 2000 144
730 8 320 5000 105
731 8 128 2000 116
732 8 128 400 143
733 8 128 800 126
734 32 128 2000 157
735 8 128 2000 162
736 8 32 5000 200
737 32 128 5000 94
738 32 320 1000 190
739 8 320 1000 144
740 8 320 1000 123
741 8 128 800 166
742 8 128 5000 198
743 32 32 400 186
744 32 128 400 160
745 32 32 800 93
746 32 128 400 184
747 32 32 400 137
748 32 320 1000 134
749 32 128 800 162
750 8 128 800 196
751 32 32 400 121
752 8 320 1000 99
753 8 32 400 191
754 32 320 2000 193
755 8 128 2000 195
756 8 128 400 132
757 8 32 400 144
758 8 128 2000 185
759 32 32 400 155
760 8 320 5000 105
761 8 320 1000 121
762 8 32 5000 189
763 8 320 2000 161
764 8 128 1000 144
765 8 32 400 188
766 8 128 2000 155
767 8 128 400 189
768 32 32 5000 132
769 32 320 2000 143
770 32 320 800 92
771 32 320 1000 102
772 32 32 2000 196
773 8 320 1000 95
774 8 320 800 156
775 32 128 5000 161
776 32 32 800 139
777 32 320 800 177
778 32 128 800 197
779 32 128 2000 181
780 32 32 400 199
781 8 320 1000 179
782 32 128 5000 136
783 8 128 800 141
784 32 320 2000 134
785 32 320 800 101
786 32 128 400 116
787 32 32 400 106
788 32 320 400 133
789 32 32 400 162
790 8 320 2000 120
791 8 320 800 187
792 32 32 400 160
793 8 320 2000 151
794 8 320 400 92
795 32 32 1000 140
796 8 320 800 127
797 32 32 800 146
798 32 320 800 103
799 8 128 400 139
800 8 32 5000 130
801 32 128 800 159
802 8 320 400 186
803 32 32 800 160
804 8 320 400 123
805 8 320 1000 159
806 8 320 400 179
807 8 128 5000 91
808 8 32 2000 182
809 32 320 400 116
810 32 128 2000 149
811 32 320 400 100
812 32 128 2000 196
813 8 128 5000 149
814 8 320 5000 188
815 32 128 2000 91
816 8 320 5000 96
817 32 320 800 144
818 32 32 5000 187
819 32 320 2000 100
820 8 320 5000 142
821 32 320 5000 166
822 32 320 400 176
823 32 32 400 194
824 32 320 400 109
825 32 32 800 135
826 32 128 2000 123
827 32 128 5000 133
828 32 32 2000 105
829 8 320 400 143
830 32 32 2000 193
831 8 32 800 186
832 8 320 400 137
833 32 320 800 177
834 8 320 1000 127
835 32 128 5000 137
836 32 128 800 107
837 32 128 800 196
838 32 32 400 131
839 32 320 400 171
840 32 128 5000 170
841 8 320 800 133
842 8 128 5000 166
843 32 32 800 172
844 32 128 800 117
845 32 32 2000 115
846 8 128 800 188
847 8 320 5000 189
848 8 128 1000 196
849 32 128 2000 197
850 32 320 1000 92
851 32 32 2000 198
852 8 32 2000 135
853 8 128 400 107
854 8 128 1000 169
855 8 128 2000 135
856 32 32 5000 164
857 8 128 5000 134
858 32 32 1000 134
859 32 128 400 102
860 8 128 400 181
861 8 32 800 179
862 8 128 800 196
863 8 32 2000 184
864 8 320 1000 139
865 8 320 1000 160
866 8 128 800 183
867 32 128 1000 163
868 8 320 400 162
869 8 320 1000 190
870 8 128 400 137
871 8 128 5000 96
872 32 128 5000 119
873 8 320 5000 200
874 8 128 800 167
875 8 128 2000 192
876 8 32 5000 132
877 32 320 5000 127
878 32 320 400 167
879 32 320 1000 187
880 8 128 800 107
881 32 320 2000 145
882 8 128 800 184
883 8 128 2000 169
884 32 128 1000 200
885 8 128 5000 197
886 32 320 2000 156
887 32 128 2000 164
888 8 320 400 111
889 32 32 2000 105
890 8 320 800 193
891 32 128 400 127
892 8 320 5000 120
893 8 320 800 118
894 8 320 2000 112
895 8 320 400 90
896 8 32 400 131
897 32 320 800 199
898 32 32 1000 143
899 32 32 1000 133
900 32 128 2000 127
901 8 32 1000 191
902 8 320 2000 169
903 8 32 5000 130
904 32 320 1000 164
905 8 320 400 134
906 32 320 2000 167
907 8 32 5000 102
908 8 320 1000 185
909 8 128 2000 106
910 32 320 1000 91
911 32 32 2000 150
912 8 320 2000 137
913 32 128 400 185
914 32 128 1000 180
915 32 32 400 163
916 8 32 800 98
917 32 320 1000 102
918 8 32 2000 143
919 8 32 800 134
920 32 32 2000 190
921 8 320 1000 188
922 8 128 2000 194
923 8 320 2000 113
924 8 32 1000 193
408
1 17 66 186
2 134 64 142
3 760 52 109
5 745 48 128
5 509 55 134
7 283 49 161
8 669 56 152
8 211 40 135
10 89 61 171
10 688 43 186
10 416 63 113
10 834 41 190
11 365 56 196
12 794 57 176
12 214 65 119
12 859 52 124
13 792 41 165
14 413 56 130
15 593 45 111
18 719 40 177
18 269 44 114
18 470 54 105
19 707 67 129
20 508 68 186
24 33 49 163
26 441 54 183
26 402 43 142
30 391 52 140
30 741 60 176
31 761 65 187
31 197 62 108
32 494 63 144
32 298 54 146
33 613 51 194
33 458 45 113
33 755 70 159
34 57 63 189
35 761 41 157
36 136 54 184
37 560 50 127
41 723 44 127
44 410 52 189
50 890 62 186
51 750 70 94
51 62 67 100
51 358 69 158
53 472 44 188
53 623 43 172
54 625 66 146
56 592 48 130
56 595 59 144
56 151 51 132
58 491 45 168
58 586 66 138
58 433 47 134
59 215 44 130
59 70 68 200
60 551 54 158
62 356 70 98
63 842 68 160
64 902 58 197
65 271 68 192
65 279 66 124
65 632 42 130
65 381 60 114
67 701 52 195
68 291 60 117
68 807 42 105
69 427 53 169
71 248 40 113
71 593 61 116
72 283 58 147
72 776 66 148
73 772 54 193
73 252 54 182
74 523 68 148
74 543 49 148
75 610 44 145
75 277 66 157
76 336 61 145
76 557 51 155
77 466 49 114
81 305 66 141
81 594 67 165
82 756 53 188
85 253 54 197
86 828 59 105
88 634 60 165
89 740 49 163
89 245 44 129
91 117 64 162
92 132 61 179
92 536 67 122
92 895 60 152
96 128 69 118
96 554 60 131
97 124 56 181
98 539 46 149
100 895 46 171
100 527 51 134
101 513 64 92
101 565 67 162
103 837 47 152
106 502 59 128
108 191 56 143
111 857 60 179
112 755 47 121
115 394 56 94
116 454 53 183
117 277 57 143
119 771 70 106
121 341 52 107
124 314 68 120
125 777 70 116
128 277 64 180
130 782 68 146
131 435 49 94
134 915 46 155
138 556 64 198
138 592 40 124
139 742 61 94
141 757 44 123
141 620 50 196
142 407 54 164
142 530 51 145
152 833 47 106
153 617 49 121
158 914 61 176
160 504 67 163
161 713 70 155
162 517 45 130
162 590 67 184
163 819 67 199
164 637 50 97
165 267 49 122
166 235 64 196
167 412 52 150
170 607 48 96
170 593 58 100
173 560 66 121
175 826 47 100
175 921 55 193
177 251 50 128
177 524 63 109
179 826 40 195
180 540 43 163
180 267 41 128
181 806 61 151
182 690 58 154
182 459 63 145
186 279 64 128
189 304 59 180
189 796 49 144
190 523 43 113
191 272 70 90
192 400 70 97
195 812 51 91
196 654 55 137
197 327 42 143
199 814 55 199
199 894 60 139
199 484 46 193
202 764 50 93
202 685 63 141
204 298 53 125
206 882 51 195
207 537 45 166
209 403 43 101
212 281 49 189
216 682 59 166
216 548 51 91
219 357 60 161
226 877 54 193
228 735 70 128
228 713 70 125
230 877 55 157
232 657 47 149
235 243 44 145
236 877 58 156
244 651 43 182
244 874 42 113
246 917 43 123
247 480 67 112
249 826 55 121
252 711 46 167
252 475 42 151
253 263 52 130
253 924 46 137
254 408 45 198
254 381 68 169
255 555 51 167
257 728 55 160
259 729 58 158
259 436 54 166
259 886 40 185
263 373 64 163
264 326 65 169
264 666 61 148
265 861 56 148
266 328 45 120
271 344 65 121
272 882 62 189
272 533 53 99
274 905 46 182
275 549 52 96
276 651 47 131
277 759 62 150
281 746 41 133
281 773 64 162
282 547 53 98
283 682 69 184
286 293 67 94
289 346 68 162
289 650 65 183
290 539 52 143
291 801 45 97
295 455 63 115
295 331 46 161
296 704 50 128
296 855 44 199
300 516 44 157
301 819 52 134
303 719 44 138
306 890 69 172
309 619 53 95
312 902 57 115
313 639 56 97
313 508 62 100
314 689 52 90
316 603 64 197
320 701 66 199
323 768 65 174
323 355 53 98
323 610 42 199
325 863 65 90
326 442 64 171
326 578 45 125
328 816 41 105
330 799 49 162
330 844 51 120
331 855 62 166
332 346 53 187
336 463 66 102
340 468 47 145
342 512 61 190
343 407 46 98
343 372 46 104
347 904 44 169
348 526 56 198
354 460 57 194
354 898 60 191
354 566 41 195
356 899 59 195
359 423 56 120
359 669 43 122
360 730 68 165
361 571 62 118
363 813 45 196
364 681 67 179
366 760 68 105
369 655 69 149
371 684 44 166
372 698 56 188
374 668 64 141
374 806 65 145
374 656 50 94
375 832 48 138
376 507 51 163
378 672 69 110
380 741 58 164
381 801 43 123
381 871 70 105
381 639 65 152
384 604 64 200
387 853 57 114
389 852 42 98
391 480 55 111
392 589 47 116
393 560 48 137
394 784 44 95
398 777 63 118
400 712 56 182
403 464 46 187
403 634 49 199
404 465 43 137
406 763 48 160
407 493 65 114
409 702 54 148
412 619 57 126
414 487 61 165
415 880 70 160
416 493 58 143
417 751 43 103
419 900 44 137
420 457 52 140
420 624 45 124
421 503 47 174
424 759 67 102
425 600 58 124
429 839 53 106
438 797 43 177
440 786 44 159
441 597 57 146
442 678 54 194
447 534 43 198
448 558 41 157
449 628 55 158
451 480 51 108
451 768 68 109
456 676 61 200
456 881 65 195
457 643 64 174
458 756 44 146
459 531 67 98
459 733 54 123
462 611 69 176
464 632 41 105
464 830 61 196
467 511 60 180
467 580 51 156
469 720 70 106
470 486 51 175
471 548 67 165
473 776 42 111
477 892 48 143
480 782 44 164
484 552 64 174
486 689 63 155
487 888 67 187
490 748 47 168
492 507 61 182
494 566 47 196
499 570 40 156
500 516 44 122
500 692 55 133
508 700 46 187
509 526 44 177
509 834 46 193
510 691 44 163
514 751 52 134
516 814 58 96
518 922 48 150
518 813 46 145
520 782 53 148
526 654 48 100
527 656 50 113
530 580 56 145
535 798 49 101
539 699 57 155
539 601 40 152
546 584 46 95
548 746 54 161
558 614 46 161
566 839 69 146
574 898 63 200
576 791 60 154
581 692 59 166
583 836 64 153
588 624 42 138
590 834 52 182
592 770 59 122
593 723 44 169
597 877 67 151
599 617 70 200
600 642 55 95
601 824 57 179
618 620 52 196
623 839 68 170
626 650 45 159
629 891 58 111
634 841 66 116
643 659 59 198
652 729 62 107
657 892 51 136
659 885 64 200
665 818 43 99
673 918 55 170
674 722 42 188
692 854 48 97
693 783 41 117
693 909 42 190
696 833 52 134
700 884 56 124
701 845 56 162
702 854 66 102
704 896 70 150
704 761 57 190
708 877 67 157
708 756 63 96
718 911 43 182
720 784 65 170
722 806 56 147
722 856 52 177
727 774 62 103
742 802 61 146
746 853 52 171
763 865 57 127
776 809 43 176
777 896 62 168
780 849 42 114
822 875 45 141
829 874 56 90
840 913 51 150
847 917 45 119
853 865 70 149
862 897 49 118
864 883 43 162
887 907 69 190