442
0 8 4 200 62
1 2 4 200 68
2 16 16 200 70
3 8 64 150 80
4 16 2 100 94
5 8 4 100 65
6 2 4 50 73
7 2 2 100 56
8 8 64 200 61
9 16 2 200 60
10 2 2 150 57
11 16 16 100 89
12 8 64 150 85
13 8 2 100 69
14 16 2 200 60
15 8 2 50 86
16 8 64 50 57
17 8 4 200 50
18 8 4 150 90
19 2 16 200 95
20 8 2 100 64
21 16 64 150 64
22 16 2 150 55
23 2 2 150 97
24 2 2 50 82
25 2 64 50 94
26 2 2 100 60
27 2 64 200 79
28 16 16 150 61
29 2 64 100 52
30 8 2 150 80
31 8 64 50 59
32 16 64 50 73
33 16 64 100 84
34 16 16 150 50
35 2 64 100 69
36 2 64 50 83
37 16 4 150 100
38 16 2 50 65
39 2 4 150 84
40 16 16 50 74
41 8 4 50 65
42 16 2 100 96
43 8 4 150 51
44 16 4 50 83
45 16 2 150 97
46 8 2 100 85
47 2 2 100 98
48 2 2 50 94
49 16 16 100 89
50 8 4 200 67
51 8 16 200 71
52 2 4 200 59
53 16 64 50 78
54 16 16 150 53
55 8 2 50 75
56 16 4 150 94
57 2 2 150 94
58 2 4 200 92
59 8 4 200 93
60 2 2 50 56
61 8 4 200 67
62 8 64 200 84
63 16 16 150 73
64 2 4 200 80
65 2 4 50 60
66 16 4 100 51
67 16 2 150 70
68 2 64 200 59
69 8 64 100 90
70 2 16 50 98
71 16 4 100 94
72 16 4 100 99
73 2 2 50 55
74 2 4 150 77
75 16 64 50 51
76 8 16 50 95
77 8 2 200 79
78 2 2 50 66
79 8 64 100 72
80 8 64 150 61
81 16 4 100 72
82 16 4 50 73
83 2 64 50 73
84 16 2 100 50
85 2 4 150 89
86 16 16 200 82
87 2 64 200 59
88 16 4 100 98
89 2 2 200 99
90 2 64 150 66
91 8 16 200 82
92 2 2 100 91
93 16 2 200 57
94 2 16 100 90
95 8 16 100 65
96 8 16 50 56
97 2 16 200 75
98 8 4 150 81
99 2 4 150 50
100 8 64 50 78
101 16 2 100 96
102 8 2 150 84
103 16 4 100 73
104 2 64 50 90
105 2 2 150 82
106 2 16 50 91
107 2 2 50 99
108 16 4 50 54
109 8 64 50 89
110 8 2 50 52
111 16 4 200 51
112 2 2 200 90
113 16 4 150 74
114 16 16 150 67
115 2 2 50 96
116 8 2 200 51
117 2 4 200 79
118 16 4 150 90
119 16 2 100 72
120 8 16 100 93
121 16 16 150 92
122 16 16 50 55
123 8 16 200 94
124 8 16 150 80
125 16 64 50 67
126 8 16 150 92
127 8 64 150 52
128 8 4 150 94
129 16 64 100 77
130 16 2 150 64
131 8 16 50 69
132 8 64 150 64
133 8 2 150 90
134 16 4 100 51
135 8 4 200 81
136 8 2 200 83
137 8 4 50 81
138 16 64 200 64
139 2 16 150 91
140 8 64 150 85
141 16 16 100 54
142 8 2 100 72
143 16 4 100 60
144 2 4 200 55
145 2 2 100 83
146 8 4 100 84
147 2 4 50 97
148 16 2 200 66
149 16 4 100 69
150 8 16 100 57
151 8 64 100 76
152 16 2 100 79
153 16 2 50 99
154 8 64 200 86
155 8 2 200 86
156 2 4 150 84
157 16 4 200 61
158 8 4 150 75
159 8 4 200 74
160 2 2 150 100
161 8 2 100 63
162 16 64 200 99
163 2 16 50 60
164 2 2 100 70
165 2 2 150 87
166 16 64 150 99
167 16 16 200 69
168 2 2 50 92
169 8 64 100 66
170 16 64 50 68
171 8 4 200 95
172 8 16 100 57
173 16 4 50 52
174 2 2 200 55
175 16 16 150 83
176 8 64 50 78
177 2 16 100 68
178 16 4 200 79
179 16 4 200 66
180 16 16 100 61
181 16 2 50 75
182 16 2 200 91
183 8 4 200 74
184 2 16 200 60
185 2 16 100 85
186 8 2 150 89
187 16 2 150 97
188 8 4 150 80
189 2 2 50 74
190 8 2 150 86
191 16 64 50 91
192 2 16 200 52
193 16 2 100 52
194 8 4 200 90
195 8 4 100 68
196 8 64 50 55
197 16 2 150 75
198 8 64 150 98
199 16 16 150 80
200 8 2 150 73
201 2 2 50 55
202 8 64 100 82
203 2 2 100 60
204 16 16 150 72
205 2 2 150 64
206 2 4 200 91
207 2 64 200 72
208 16 16 100 82
209 16 2 50 66
210 2 16 200 81
211 2 4 100 76
212 2 4 100 92
213 2 4 200 77
214 8 64 150 66
215 2 64 50 88
216 8 16 100 88
217 2 2 50 62
218 2 64 100 71
219 16 16 200 89
220 2 64 150 70
221 8 2 150 88
222 2 16 100 87
223 8 2 50 91
224 8 64 150 52
225 16 16 50 63
226 16 64 100 73
227 2 16 200 99
228 8 64 200 62
229 16 16 100 98
230 8 64 200 55
231 16 64 50 64
232 8 4 100 82
233 16 2 100 59
234 8 16 50 76
235 8 64 100 54
236 2 4 150 55
237 2 4 150 65
238 2 4 100 74
239 8 2 200 75
240 16 64 200 69
241 16 16 50 70
242 2 64 50 87
243 8 16 100 82
244 8 16 200 92
245 8 2 50 100
246 16 16 200 79
247 2 16 50 86
248 16 4 150 96
249 8 4 150 61
250 2 16 200 73
251 16 16 150 81
252 2 64 200 73
253 2 2 50 65
254 8 64 200 100
255 8 2 200 76
256 2 2 200 99
257 8 4 100 78
258 16 4 150 74
259 16 64 100 84
260 8 2 50 100
261 2 64 100 66
262 2 64 50 88
263 2 4 200 85
264 2 64 150 90
265 2 16 100 69
266 8 64 50 71
267 8 2 200 61
268 2 2 150 65
269 16 4 200 58
270 8 4 200 66
271 8 4 150 77
272 2 2 200 57
273 2 4 150 72
274 16 64 200 78
275 2 64 50 54
276 16 2 100 85
277 2 64 50 78
278 2 16 200 60
279 16 16 150 74
280 2 4 150 80
281 16 16 150 93
282 8 4 100 65
283 16 4 200 63
284 16 4 200 62
285 16 16 200 94
286 2 2 200 94
287 8 4 150 71
288 16 2 100 94
289 2 4 50 85
290 16 4 100 95
291 2 16 200 82
292 2 4 200 60
293 16 4 100 56
294 16 4 150 51
295 16 16 100 76
296 2 4 200 53
297 2 16 200 70
298 8 16 100 85
299 8 4 100 59
300 16 4 50 50
301 16 4 100 71
302 2 4 50 74
303 2 4 150 91
304 16 16 50 51
305 16 4 200 52
306 16 4 150 89
307 16 4 100 87
308 8 4 150 73
309 16 16 200 54
310 16 16 150 58
311 2 2 100 100
312 2 64 150 94
313 16 64 100 56
314 2 4 150 77
315 8 64 50 72
316 16 64 200 64
317 16 4 200 71
318 8 64 100 88
319 8 16 50 99
320 8 16 100 57
321 2 16 50 70
322 16 64 150 70
323 16 4 150 64
324 2 64 100 78
325 16 2 200 58
326 16 64 200 64
327 8 2 150 64
328 16 16 150 81
329 2 16 100 69
330 16 2 100 83
331 8 64 50 61
332 16 16 150 84
333 2 2 100 64
334 16 2 50 70
335 2 16 200 74
336 16 16 200 81
337 16 64 150 82
338 16 64 150 90
339 16 16 200 66
340 8 4 200 58
341 2 64 150 95
342 2 16 100 55
343 2 4 100 84
344 16 16 50 65
345 8 2 50 95
346 2 64 200 84
347 16 2 100 52
348 8 16 50 63
349 2 16 200 58
350 16 4 100 97
351 16 2 50 83
352 2 4 200 97
353 2 4 100 54
354 2 64 50 50
355 8 4 100 51
356 16 16 200 100
357 2 16 50 66
358 16 2 100 75
359 8 16 150 68
360 2 16 200 76
361 8 64 100 97
362 8 4 200 54
363 8 4 200 83
364 2 2 150 55
365 2 4 150 64
366 8 4 50 67
367 8 64 150 51
368 8 16 200 83
369 16 4 50 76
370 2 2 100 91
371 2 2 100 52
372 2 2 50 77
373 2 16 100 94
374 2 64 150 86
375 2 4 150 77
376 2 16 200 72
377 16 2 200 97
378 16 2 150 69
379 16 2 50 67
380 16 16 200 52
381 8 64 50 75
382 2 2 200 92
383 16 64 50 76
384 8 2 200 91
385 2 64 50 52
386 2 4 200 60
387 2 64 200 87
388 2 16 100 72
389 8 4 50 55
390 16 16 50 88
391 16 64 100 59
392 2 64 150 77
393 2 16 200 99
394 8 4 150 82
395 2 16 200 88
396 8 64 50 76
397 8 16 200 69
398 8 16 150 61
399 8 64 50 79
400 16 4 100 71
401 16 16 100 54
402 8 4 100 88
403 8 2 150 72
404 2 2 150 86
405 2 2 150 84
406 8 2 200 79
407 8 4 50 63
408 2 64 150 77
409 16 16 200 86
410 8 4 50 67
411 16 64 200 51
412 16 64 100 58
413 2 4 100 91
414 8 4 150 73
415 16 2 200 97
416 8 16 50 51
417 16 2 200 98
418 2 16 150 64
419 8 2 50 72
420 2 16 200 87
421 16 64 200 65
422 16 16 50 92
423 16 16 100 62
424 8 4 200 87
425 8 64 150 99
426 8 2 150 83
427 2 16 200 86
428 16 2 200 86
429 2 16 150 67
430 16 4 50 60
431 2 16 200 78
432 16 16 150 86
433 2 4 200 91
434 2 2 50 83
435 8 64 150 63
436 2 2 50 51
437 16 64 50 69
438 16 64 100 96
439 2 64 150 76
440 8 16 100 94
441 8 16 200 51
154
1 22 68 146
1 150 56 178
1 95 69 173
4 214 57 124
5 88 70 135
5 282 41 157
6 42 55 137
7 155 61 92
7 217 50 156
7 39 57 174
9 328 63 192
10 42 67 112
12 14 55 144
12 325 58 111
13 324 49 109
13 17 56 103
14 348 59 146
15 207 60 142
20 340 48 187
21 39 50 101
22 26 40 94
23 316 60 182
28 342 50 194
30 85 60 102
31 226 64 174
33 391 67 129
34 165 58 182
35 434 52 179
38 340 40 182
47 296 69 200
52 97 61 141
57 353 44 189
57 198 65 188
58 69 49 104
61 96 40 164
64 318 67 113
67 212 66 114
67 409 52 108
69 338 53 170
69 239 51 91
70 388 54 109
74 317 58 131
74 359 47 186
75 215 49 160
75 197 56 106
76 408 61 134
81 267 47 98
84 158 49 130
85 350 48 93
85 317 46 162
87 136 58 155
89 135 50 116
91 155 48 199
91 139 51 106
91 177 48 124
94 270 57 194
98 437 68 194
100 328 58 94
100 337 43 90
100 352 58 119
101 423 59 92
102 274 44 146
102 155 55 197
104 238 62 102
107 401 55 90
109 129 63 91
109 135 62 110
110 311 53 156
110 378 50 181
112 206 51 129
112 292 54 99
115 133 58 174
117 239 44 96
124 434 42 113
130 338 66 168
131 189 44 137
133 235 69 159
135 338 49 102
137 407 53 118
137 268 55 167
144 381 70 106
145 304 67 143
149 400 63 178
154 375 61 196
154 367 62 137
155 310 62 166
156 332 47 100
156 365 69 174
162 281 49 180
165 270 47 165
168 287 54 101
168 391 42 183
173 257 68 98
174 304 55 194
183 380 61 123
185 203 45 190
186 261 66 145
188 436 61 175
191 313 53 150
193 344 60 153
194 360 63 124
195 356 67 147
199 244 59 154
200 328 58 126
200 324 60 188
200 283 57 173
201 294 61 178
205 334 55 190
205 356 52 129
222 269 49 188
223 384 63 149
229 405 41 183
237 292 51 136
239 353 50 160
239 267 68 176
243 395 55 156
245 414 61 101
246 346 46 154
248 281 55 110
249 267 51 126
251 389 60 128
257 283 44 107
257 323 46 140
258 276 51 141
258 337 70 125
260 302 56 151
261 378 50 181
263 420 70 197
267 319 66 125
272 274 55 120
275 408 59 98
278 351 70 92
281 329 51 118
282 346 61 96
284 393 70 178
285 388 61 103
290 307 65 153
294 409 40 111
296 373 66 197
302 363 70 103
309 376 43 178
326 330 42 199
328 366 64 190
328 374 56 176
333 436 51 185
359 384 53 106
359 403 60 134
367 417 47 143
369 402 40 118
380 396 58 175
381 432 63 130
382 433 66 196
384 428 51 188
419 439 41 134