33
0 32 128 800 110
1 128 256 2400 124
2 128 16 2400 195
3 16 128 2400 147
4 16 256 1000 199
5 128 256 500 199
6 128 16 2400 94
7 32 128 1000 132
8 32 64 5000 153
9 128 128 5000 99
10 64 64 1000 127
11 32 256 1000 107
12 128 128 500 186
13 64 64 5000 94
14 64 256 5000 103
15 64 128 2400 194
16 32 16 5000 90
17 16 16 800 128
18 128 16 5000 107
19 128 16 500 162
20 128 16 5000 190
21 32 256 2400 153
22 64 16 2400 121
23 128 128 5000 169
24 32 128 800 146
25 32 256 500 111
26 16 64 2400 135
27 16 16 500 92
28 32 16 1000 148
29 128 16 2400 145
30 16 64 1000 182
31 128 64 2400 159
32 32 64 2400 158
8
0 26 66 174
3 5 59 131
10 31 57 152
11 20 40 114
13 24 43 128
21 29 66 188
28 33 63 107
32 33 53 109