849
0 8 16 100 90
1 8 64 200 110
2 8 64 100 142
3 8 128 1000 130
4 16 64 500 122
5 16 128 100 148
6 8 16 200 148
7 16 16 200 99
8 16 128 300 134
9 2 128 1000 101
10 8 64 300 134
11 8 64 100 95
12 16 128 300 136
13 16 128 1000 127
14 2 64 300 96
15 16 64 100 124
16 2 16 200 117
17 16 16 300 111
18 16 128 300 132
19 2 64 300 130
20 8 128 100 142
21 8 16 100 128
22 8 64 300 92
23 2 64 200 108
24 2 128 1000 108
25 8 64 500 122
26 2 16 100 144
27 2 16 200 142
28 2 128 500 143
29 16 16 200 130
30 2 128 100 109
31 2 64 500 129
32 8 16 100 127
33 8 64 300 110
34 8 16 300 144
35 8 64 500 137
36 8 64 500 97
37 8 64 100 98
38 8 16 1000 104
39 16 16 300 142
40 16 64 300 94
41 16 64 300 100
42 2 64 200 98
43 16 16 200 93
44 16 128 500 139
45 2 64 1000 148
46 16 16 300 106
47 8 128 200 138
48 2 64 1000 144
49 2 16 200 104
50 16 128 100 131
51 16 16 1000 93
52 16 64 500 109
53 16 128 300 104
54 8 16 500 102
55 16 128 200 118
56 16 64 100 139
57 8 64 100 145
58 2 16 1000 131
59 8 16 200 96
60 16 16 1000 92
61 8 128 1000 138
62 2 128 300 115
63 8 128 500 132
64 16 64 1000 136
65 2 64 300 139
66 8 16 100 108
67 8 64 200 116
68 2 16 300 103
69 8 16 500 146
70 2 128 100 149
71 2 16 1000 95
72 16 128 100 116
73 2 16 300 121
74 16 16 200 100
75 16 64 100 137
76 2 16 200 149
77 2 16 100 95
78 2 128 1000 100
79 2 16 100 113
80 8 128 1000 123
81 8 16 1000 121
82 2 64 300 133
83 2 128 100 119
84 8 16 100 142
85 2 16 100 118
86 8 128 200 145
87 2 128 1000 118
88 8 128 300 128
89 16 64 200 101
90 8 16 100 130
91 16 16 200 99
92 8 128 100 116
93 8 64 100 97
94 2 16 200 125
95 16 16 300 107
96 16 16 300 138
97 2 16 500 92
98 16 128 500 139
99 8 128 500 137
100 8 128 200 103
101 2 16 500 130
102 2 128 200 91
103 2 128 500 100
104 8 128 200 103
105 2 16 500 108
106 2 128 100 128
107 16 16 300 117
108 8 16 500 91
109 16 16 300 141
110 2 64 200 141
111 16 64 100 132
112 16 128 1000 110
113 2 128 300 114
114 8 64 200 101
115 2 128 200 125
116 8 64 500 116
117 2 128 200 137
118 2 16 100 94
119 16 16 200 105
120 8 128 300 116
121 2 16 300 124
122 8 128 200 125
123 8 64 500 142
124 2 16 1000 92
125 16 16 100 139
126 16 128 1000 128
127 16 128 500 109
128 2 64 100 127
129 8 128 100 97
130 16 128 1000 142
131 8 128 1000 93
132 2 128 100 117
133 2 128 100 104
134 8 64 1000 92
135 2 64 500 143
136 8 16 500 107
137 8 64 500 93
138 16 16 1000 115
139 2 64 300 94
140 2 16 100 138
141 8 64 500 127
142 16 64 1000 100
143 8 64 300 90
144 8 64 500 90
145 16 16 100 114
146 8 128 300 94
147 2 64 200 111
148 16 64 300 105
149 8 64 100 132
150 16 16 300 125
151 8 128 100 132
152 16 128 300 127
153 16 64 300 132
154 2 64 200 104
155 2 128 1000 144
156 2 16 100 144
157 16 16 1000 105
158 2 64 1000 91
159 2 128 500 100
160 2 16 200 112
161 2 128 100 123
162 2 64 300 114
163 8 128 100 144
164 16 16 200 149
165 16 128 200 135
166 16 64 100 90
167 16 16 200 99
168 16 128 300 118
169 2 16 300 135
170 16 64 1000 147
171 8 128 100 113
172 16 64 300 104
173 2 16 100 99
174 8 16 200 120
175 2 16 100 121
176 8 128 300 117
177 2 64 500 117
178 16 64 1000 98
179 8 16 1000 112
180 2 64 1000 108
181 2 128 200 128
182 16 16 300 136
183 8 64 500 120
184 8 64 100 149
185 8 64 500 121
186 16 64 500 110
187 2 128 200 105
188 16 16 200 127
189 2 64 200 141
190 2 64 500 129
191 8 64 200 96
192 8 16 1000 139
193 8 128 1000 103
194 16 64 100 95
195 16 64 1000 91
196 2 128 100 94
197 2 128 100 124
198 2 16 500 144
199 8 128 500 101
200 16 64 100 102
201 8 128 300 136
202 16 64 500 118
203 16 16 1000 109
204 16 64 100 142
205 8 64 100 92
206 2 16 1000 95
207 16 16 1000 95
208 8 16 1000 97
209 16 64 500 137
210 16 64 100 117
211 8 16 500 93
212 2 16 1000 111
213 2 64 200 132
214 16 128 200 125
215 8 64 500 125
216 8 16 100 113
217 2 16 200 125
218 2 64 1000 150
219 2 16 300 115
220 8 16 500 142
221 16 16 1000 149
222 2 128 1000 112
223 8 64 500 92
224 2 128 1000 150
225 8 64 1000 99
226 2 64 300 145
227 16 16 500 115
228 8 16 500 110
229 16 128 1000 128
230 8 128 1000 141
231 16 64 300 98
232 2 64 100 148
233 2 64 100 137
234 8 128 300 111
235 8 16 500 135
236 2 128 500 116
237 16 64 300 107
238 2 64 500 92
239 16 128 300 141
240 2 64 1000 127
241 2 16 500 137
242 2 64 1000 102
243 2 64 100 131
244 16 16 100 115
245 16 64 1000 117
246 8 128 200 137
247 16 16 1000 147
248 8 16 300 116
249 16 64 200 145
250 8 16 200 105
251 2 16 100 114
252 8 128 1000 138
253 8 128 500 109
254 8 128 100 100
255 2 128 300 126
256 16 128 1000 145
257 8 64 300 92
258 2 128 1000 99
259 8 128 300 111
260 8 128 100 138
261 8 128 500 138
262 2 16 300 144
263 16 128 200 140
264 8 64 500 129
265 8 16 200 133
266 8 128 500 112
267 8 128 100 106
268 16 16 100 102
269 16 128 200 146
270 16 16 300 146
271 8 128 200 124
272 2 16 100 98
273 16 16 1000 122
274 8 128 100 139
275 2 16 200 96
276 16 16 500 93
277 16 64 500 122
278 16 64 1000 92
279 8 64 200 123
280 2 128 300 118
281 2 16 1000 117
282 2 64 100 110
283 8 16 300 133
284 8 16 300 125
285 2 64 300 123
286 2 64 500 100
287 2 64 100 150
288 2 128 1000 115
289 2 128 300 117
290 16 16 300 117
291 16 16 1000 140
292 2 128 200 127
293 2 16 1000 129
294 2 16 100 129
295 8 128 100 119
296 2 128 1000 118
297 8 64 300 105
298 2 16 200 124
299 8 16 300 92
300 2 128 100 107
301 16 16 500 142
302 8 16 1000 99
303 8 64 300 148
304 8 64 300 97
305 16 128 1000 102
306 16 64 300 97
307 16 64 200 90
308 2 64 1000 95
309 8 16 500 93
310 8 64 100 110
311 2 64 500 140
312 8 128 1000 108
313 16 64 1000 139
314 16 64 300 96
315 8 64 300 97
316 8 64 300 122
317 16 128 500 136
318 16 16 200 91
319 2 64 100 140
320 2 128 200 123
321 8 16 1000 144
322 16 64 1000 102
323 2 128 300 115
324 8 128 1000 122
325 2 16 1000 116
326 16 128 300 114
327 8 64 100 93
328 16 128 200 101
329 2 128 200 98
330 16 64 500 94
331 2 128 300 128
332 8 128 1000 91
333 2 64 200 117
334 16 64 300 103
335 2 16 200 118
336 8 64 500 125
337 16 64 200 120
338 2 64 200 95
339 16 128 100 98
340 16 64 200 141
341 16 128 1000 120
342 16 128 1000 128
343 16 128 200 125
344 16 64 500 131
345 2 64 200 135
346 8 16 300 105
347 16 16 1000 111
348 2 64 500 115
349 8 64 1000 105
350 2 16 200 91
351 2 128 1000 112
352 2 16 100 111
353 2 16 1000 130
354 2 64 500 117
355 16 16 300 101
356 2 64 200 111
357 8 16 200 112
358 2 128 200 112
359 16 16 500 147
360 2 64 100 147
361 2 16 300 98
362 8 128 100 147
363 8 16 100 121
364 8 16 200 116
365 8 16 1000 103
366 8 64 500 94
367 8 128 100 118
368 8 16 1000 93
369 8 128 100 101
370 8 64 300 111
371 2 64 1000 116
372 2 64 300 134
373 16 128 200 148
374 2 128 300 105
375 8 128 300 108
376 16 16 100 136
377 8 16 200 130
378 16 64 1000 112
379 8 128 500 142
380 2 128 100 98
381 8 16 200 116
382 16 64 1000 125
383 8 128 200 149
384 2 128 1000 97
385 8 16 100 114
386 8 128 300 137
387 16 16 200 112
388 16 64 1000 124
389 8 64 200 115
390 16 128 500 137
391 2 128 1000 100
392 8 64 500 124
393 16 64 300 112
394 2 128 500 138
395 16 16 200 144
396 2 64 500 130
397 2 128 100 105
398 8 16 1000 140
399 8 64 300 110
400 2 16 300 92
401 2 128 300 124
402 16 128 1000 99
403 2 64 1000 90
404 8 128 200 110
405 16 128 300 127
406 2 64 100 92
407 2 64 1000 137
408 16 128 200 106
409 2 64 500 120
410 2 128 1000 115
411 16 64 1000 138
412 8 16 1000 150
413 2 16 1000 93
414 16 16 100 110
415 2 64 200 104
416 2 64 500 147
417 8 128 200 111
418 16 128 300 150
419 8 128 100 106
420 8 128 1000 93
421 8 128 300 135
422 16 16 500 148
423 8 16 200 96
424 8 64 300 125
425 2 64 300 107
426 8 128 500 107
427 8 16 300 134
428 2 16 100 123
429 2 16 500 149
430 8 64 100 113
431 16 128 1000 141
432 8 64 200 110
433 16 64 1000 92
434 2 16 100 93
435 2 128 100 121
436 16 128 300 105
437 8 128 1000 118
438 16 64 1000 141
439 8 64 200 98
440 8 16 200 105
441 16 64 1000 125
442 2 128 1000 112
443 8 128 1000 97
444 16 16 300 131
445 8 64 500 148
446 16 128 1000 109
447 8 64 1000 142
448 16 16 1000 132
449 16 128 100 112
450 8 64 500 112
451 8 128 1000 140
452 16 128 300 109
453 16 16 100 92
454 8 64 100 131
455 8 128 100 126
456 8 16 200 122
457 2 128 1000 142
458 16 64 200 118
459 2 16 100 110
460 2 16 1000 91
461 8 128 1000 116
462 8 64 100 120
463 16 64 100 97
464 2 64 300 111
465 8 64 100 111
466 2 128 300 110
467 8 64 1000 104
468 8 16 200 125
469 16 16 500 97
470 8 128 200 147
471 2 16 100 132
472 2 16 300 126
473 16 16 1000 128
474 16 64 100 104
475 2 64 1000 116
476 2 16 200 109
477 2 128 1000 129
478 2 128 300 122
479 16 64 300 136
480 16 64 200 122
481 8 128 300 117
482 2 64 1000 137
483 2 64 200 123
484 16 64 500 125
485 16 128 200 124
486 16 64 200 97
487 2 16 1000 143
488 2 64 200 101
489 16 128 300 112
490 8 64 500 132
491 2 128 100 93
492 2 64 200 101
493 8 64 100 104
494 16 128 200 96
495 8 128 100 148
496 8 64 200 114
497 16 128 200 127
498 16 64 500 118
499 16 128 200 145
500 16 128 100 101
501 8 64 200 107
502 16 64 300 97
503 2 64 500 93
504 8 64 300 98
505 8 16 1000 142
506 8 16 500 90
507 16 16 500 134
508 2 16 200 138
509 16 16 500 101
510 8 128 1000 118
511 2 128 1000 128
512 16 16 500 129
513 16 16 300 136
514 16 16 300 109
515 16 64 300 123
516 2 16 500 150
517 16 64 1000 139
518 8 16 500 142
519 2 16 500 136
520 16 128 500 108
521 16 16 100 113
522 8 16 500 124
523 16 16 100 137
524 16 64 500 100
525 8 64 500 112
526 2 16 100 118
527 2 64 300 98
528 2 64 200 99
529 16 64 100 132
530 16 64 500 91
531 8 128 1000 135
532 8 16 500 111
533 8 128 500 108
534 2 64 200 111
535 8 128 500 132
536 16 16 100 146
537 2 128 200 114
538 8 16 200 128
539 2 16 1000 98
540 16 128 500 106
541 8 128 100 91
542 16 128 500 96
543 8 16 100 145
544 16 128 500 119
545 8 64 500 112
546 2 128 200 110
547 16 16 100 137
548 2 64 300 98
549 8 16 500 114
550 16 64 500 148
551 2 64 500 93
552 8 16 500 97
553 16 16 200 124
554 16 64 1000 138
555 16 16 1000 125
556 8 64 100 124
557 16 128 500 124
558 2 128 300 94
559 2 64 300 114
560 8 64 500 101
561 8 16 1000 111
562 16 16 500 104
563 8 16 300 147
564 16 16 1000 105
565 16 16 200 144
566 16 128 1000 147
567 16 128 200 133
568 2 16 1000 102
569 2 16 100 136
570 8 16 1000 95
571 8 16 500 135
572 16 16 500 110
573 8 128 500 97
574 16 64 500 91
575 2 128 200 140
576 16 64 1000 149
577 2 64 100 135
578 2 64 300 108
579 16 16 200 94
580 8 64 1000 99
581 2 128 100 147
582 8 64 1000 133
583 16 16 100 140
584 16 64 200 129
585 2 16 200 90
586 2 128 500 144
587 16 64 1000 135
588 16 128 200 127
589 2 64 100 98
590 16 16 500 114
591 16 16 300 95
592 16 64 100 118
593 16 64 200 125
594 16 64 1000 131
595 2 64 300 104
596 8 64 1000 144
597 16 128 500 107
598 8 16 200 140
599 16 128 100 131
600 8 16 500 114
601 8 64 300 91
602 8 64 300 143
603 16 64 1000 140
604 16 128 100 101
605 16 64 200 109
606 16 128 100 132
607 2 64 1000 126
608 16 64 100 119
609 2 128 1000 118
610 16 128 1000 147
611 16 128 500 95
612 2 128 300 127
613 2 64 1000 147
614 8 128 100 110
615 16 128 200 91
616 16 16 200 147
617 2 128 1000 123
618 8 128 1000 138
619 2 64 200 150
620 2 128 100 93
621 2 64 500 138
622 8 128 1000 109
623 2 128 300 149
624 16 128 300 92
625 2 128 300 114
626 2 64 200 126
627 2 128 500 100
628 2 64 500 130
629 8 128 100 149
630 2 128 500 125
631 2 128 300 149
632 2 16 500 120
633 8 64 500 95
634 8 128 1000 107
635 2 128 200 148
636 8 16 100 130
637 8 64 100 118
638 8 128 500 140
639 2 64 200 121
640 16 64 200 115
641 2 16 200 93
642 16 128 500 141
643 16 16 100 146
644 16 128 100 118
645 16 16 100 103
646 2 64 1000 130
647 2 64 500 107
648 8 128 500 142
649 2 16 100 112
650 2 16 100 119
651 2 16 500 108
652 16 16 500 101
653 16 16 500 102
654 2 64 300 122
655 8 16 500 95
656 2 128 300 114
657 2 16 200 136
658 2 64 300 142
659 8 64 100 131
660 16 64 1000 126
661 8 16 500 133
662 16 16 100 121
663 2 64 100 105
664 2 16 1000 128
665 8 64 100 143
666 2 16 1000 101
667 16 128 500 143
668 16 16 200 105
669 2 64 500 108
670 8 16 1000 105
671 2 128 1000 149
672 8 16 200 121
673 16 128 300 101
674 16 128 500 123
675 8 64 500 102
676 2 16 1000 130
677 16 16 200 96
678 16 64 100 116
679 8 64 100 116
680 16 64 300 124
681 2 16 500 136
682 8 64 200 96
683 2 64 200 145
684 16 128 1000 114
685 8 64 500 98
686 2 128 100 128
687 2 64 100 114
688 16 64 200 144
689 2 64 100 116
690 8 128 200 116
691 2 16 1000 109
692 8 64 500 120
693 16 16 200 108
694 16 16 500 123
695 8 16 1000 133
696 2 64 500 125
697 16 16 1000 117
698 8 64 100 108
699 16 64 500 137
700 8 16 300 98
701 8 16 500 144
702 8 16 200 122
703 2 16 500 107
704 8 64 100 98
705 16 64 500 96
706 8 16 500 112
707 8 128 200 116
708 8 16 300 148
709 16 16 1000 128
710 8 64 100 112
711 16 16 300 131
712 16 16 1000 122
713 8 64 500 121
714 16 16 1000 144
715 8 64 500 107
716 16 128 300 132
717 8 16 200 113
718 16 128 100 133
719 16 16 300 109
720 8 128 300 127
721 2 128 200 128
722 8 128 100 110
723 8 64 200 106
724 16 64 500 91
725 8 64 200 142
726 8 16 300 101
727 16 128 1000 92
728 2 128 100 94
729 8 16 300 129
730 2 128 1000 139
731 2 64 200 126
732 2 16 300 104
733 2 64 500 142
734 16 16 100 126
735 16 128 500 142
736 2 128 1000 123
737 2 16 100 125
738 8 64 200 143
739 16 64 500 146
740 8 128 500 119
741 8 64 500 126
742 2 16 500 95
743 8 128 500 145
744 2 128 300 113
745 2 64 500 148
746 2 128 500 142
747 2 16 500 98
748 16 64 1000 142
749 2 16 200 144
750 16 16 500 106
751 16 16 200 141
752 16 128 500 110
753 16 64 300 116
754 8 64 200 102
755 8 64 200 95
756 16 16 100 115
757 16 128 200 146
758 16 64 100 140
759 16 64 500 120
760 16 64 500 95
761 16 16 500 103
762 8 16 200 135
763 8 16 200 128
764 2 64 500 125
765 2 16 1000 136
766 2 16 200 147
767 2 128 500 101
768 16 16 200 95
769 16 128 300 147
770 16 16 200 128
771 8 128 100 125
772 8 64 200 101
773 8 64 100 106
774 8 128 500 115
775 8 16 100 138
776 8 16 200 93
777 8 16 500 105
778 2 128 200 117
779 2 16 300 134
780 2 128 500 143
781 8 128 100 99
782 2 64 200 93
783 2 16 1000 126
784 2 128 500 146
785 2 128 300 136
786 2 64 500 98
787 8 128 200 120
788 8 16 100 128
789 2 128 500 131
790 16 64 1000 130
791 8 128 1000 103
792 8 64 200 141
793 8 128 100 147
794 2 64 200 137
795 2 128 300 115
796 16 16 200 139
797 2 64 1000 124
798 16 64 100 117
799 16 128 500 99
800 16 64 100 113
801 8 16 300 113
802 2 64 1000 91
803 2 128 200 95
804 2 16 300 98
805 16 128 1000 118
806 16 128 200 121
807 2 64 300 101
808 16 16 500 123
809 16 64 300 147
810 2 16 100 95
811 16 16 1000 131
812 8 64 300 129
813 8 16 1000 135
814 8 16 1000 94
815 2 128 100 135
816 16 16 100 96
817 16 64 1000 97
818 16 128 200 109
819 8 64 200 138
820 8 16 500 127
821 2 64 200 117
822 8 16 300 141
823 8 16 500 133
824 2 64 100 132
825 16 128 500 98
826 8 64 200 107
827 8 128 100 125
828 2 128 100 137
829 8 128 500 94
830 16 64 500 116
831 16 16 300 131
832 2 64 200 100
833 8 64 500 98
834 2 16 200 138
835 8 16 300 140
836 2 16 300 110
837 8 64 300 91
838 8 64 100 132
839 8 128 100 90
840 2 128 500 121
841 2 128 300 150
842 8 128 200 97
843 16 64 300 107
844 8 128 300 138
845 16 128 1000 145
846 8 64 500 106
847 8 64 100 121
848 8 128 500 146
34
9 65 51 139
20 596 54 115
30 209 56 168
38 60 46 116
47 138 53 190
53 609 68 144
95 411 44 183
103 828 45 123
145 593 56 147
153 710 41 180
170 557 40 142
173 418 58 175
189 832 47 121
194 644 40 94
200 719 44 115
220 275 43 156
222 742 46 146
248 736 69 200
284 772 64 200
383 402 44 93
423 571 59 138
445 849 66 195
474 582 65 185
477 634 49 139
508 678 47 96
521 703 55 114
548 714 47 167
554 821 65 182
572 675 57 130
599 823 55 151
610 715 41 134
691 717 45 135
774 785 70 170
775 817 53 178