682
0 16 16 50 51
1 16 4 150 84
2 8 2 200 73
3 8 2 200 84
4 16 64 200 87
5 16 16 50 97
6 2 64 150 87
7 2 4 200 63
8 8 4 200 53
9 8 16 200 96
10 16 2 50 62
11 2 64 150 74
12 16 2 50 55
13 16 64 50 80
14 2 4 150 96
15 2 64 200 78
16 16 4 50 52
17 16 4 100 90
18 16 64 150 99
19 2 16 50 54
20 8 2 200 77
21 8 2 150 74
22 16 64 100 94
23 2 16 200 77
24 16 16 50 51
25 8 2 50 72
26 8 64 200 57
27 2 64 150 58
28 2 4 50 60
29 2 4 50 53
30 2 16 200 56
31 8 2 200 79
32 2 4 50 56
33 16 16 150 83
34 16 64 200 60
35 2 16 200 82
36 16 16 50 74
37 8 4 150 84
38 2 16 100 81
39 2 4 50 83
40 2 4 100 53
41 2 4 150 84
42 16 4 150 98
43 16 16 150 71
44 2 64 200 51
45 2 64 150 77
46 16 64 150 70
47 2 64 50 69
48 8 16 50 60
49 2 4 200 74
50 2 4 200 53
51 16 64 150 73
52 2 2 200 59
53 8 2 100 88
54 16 4 150 95
55 8 64 200 56
56 2 16 100 67
57 16 16 50 78
58 16 64 50 95
59 2 4 150 84
60 16 4 150 80
61 16 4 150 99
62 2 64 150 84
63 2 16 150 84
64 8 64 150 61
65 16 16 50 78
66 16 4 200 50
67 8 64 200 67
68 16 64 100 78
69 16 4 200 83
70 2 16 200 84
71 16 2 100 76
72 16 4 100 95
73 8 4 50 84
74 2 64 50 66
75 16 64 100 78
76 16 4 150 84
77 16 64 200 58
78 16 2 150 63
79 16 2 150 55
80 8 64 50 76
81 16 4 100 59
82 2 64 200 63
83 2 2 100 58
84 8 16 50 90
85 8 4 150 74
86 2 4 200 100
87 8 4 150 76
88 2 4 200 87
89 8 4 150 90
90 2 16 100 100
91 16 4 150 61
92 8 2 100 83
93 2 16 100 65
94 2 2 50 97
95 8 4 150 87
96 8 2 200 89
97 8 2 100 87
98 8 16 200 59
99 8 2 200 88
100 8 16 50 53
101 16 64 150 96
102 16 2 50 66
103 16 16 50 58
104 16 2 100 65
105 16 16 150 64
106 8 16 100 83
107 16 64 200 53
108 16 64 150 73
109 2 64 100 90
110 16 4 100 52
111 16 64 200 63
112 8 2 100 86
113 2 4 150 75
114 2 64 100 93
115 2 64 150 97
116 8 64 100 82
117 8 16 50 97
118 2 64 50 82
119 16 4 100 76
120 16 4 50 53
121 2 16 100 100
122 8 2 50 80
123 8 4 150 69
124 2 4 50 77
125 8 64 200 78
126 16 16 50 85
127 16 16 50 74
128 8 64 50 90
129 2 4 50 74
130 2 2 50 70
131 2 64 200 73
132 2 2 50 75
133 16 4 100 74
134 2 64 200 71
135 2 4 200 84
136 8 16 200 78
137 16 16 200 80
138 2 16 150 76
139 8 2 50 64
140 16 16 100 56
141 8 2 100 71
142 2 4 200 92
143 8 4 100 55
144 8 2 50 82
145 8 16 100 75
146 16 2 200 90
147 16 64 200 53
148 2 4 100 85
149 2 4 50 64
150 16 2 50 52
151 2 64 200 69
152 16 4 150 73
153 8 4 200 72
154 8 4 100 83
155 16 16 200 74
156 2 64 100 99
157 16 64 200 62
158 8 2 150 60
159 8 16 100 59
160 2 2 150 84
161 2 64 50 55
162 8 64 100 90
163 2 4 100 100
164 2 16 150 56
165 2 4 150 74
166 8 2 150 68
167 16 4 50 67
168 16 64 100 88
169 8 2 100 91
170 16 2 200 79
171 2 2 200 57
172 16 64 50 76
173 2 64 50 85
174 8 64 50 96
175 2 2 100 69
176 16 4 100 65
177 16 4 100 69
178 8 2 150 64
179 16 64 100 73
180 8 4 200 75
181 16 64 150 86
182 16 2 200 79
183 16 4 100 72
184 2 2 150 72
185 2 4 100 53
186 8 64 150 72
187 8 16 150 89
188 16 2 150 72
189 2 2 100 83
190 8 2 200 85
191 8 4 200 77
192 16 64 150 77
193 16 4 100 86
194 16 2 50 71
195 2 64 150 99
196 16 16 50 63
197 8 16 150 85
198 8 4 200 85
199 8 2 200 68
200 16 2 50 73
201 8 64 100 50
202 16 64 200 55
203 16 16 50 86
204 2 16 200 78
205 8 4 200 80
206 8 16 150 76
207 8 4 50 85
208 2 2 50 93
209 16 64 50 62
210 8 2 100 88
211 2 4 50 66
212 8 2 100 68
213 8 2 200 87
214 8 16 50 78
215 2 64 200 89
216 16 64 200 71
217 2 4 100 81
218 2 2 150 100
219 2 2 150 86
220 8 4 100 64
221 8 4 50 90
222 16 2 200 99
223 8 64 200 60
224 2 2 150 63
225 8 16 150 90
226 16 16 100 79
227 16 64 50 62
228 16 16 100 60
229 2 64 100 50
230 8 2 150 83
231 2 2 100 50
232 8 64 200 74
233 16 64 150 85
234 16 2 100 54
235 8 64 100 74
236 2 64 150 61
237 16 16 50 76
238 16 4 150 97
239 16 4 150 70
240 8 16 150 70
241 2 16 100 95
242 16 16 50 72
243 2 2 200 62
244 8 16 50 85
245 8 2 100 50
246 16 2 50 80
247 8 64 200 58
248 8 16 150 58
249 2 64 150 96
250 16 4 150 91
251 2 2 100 96
252 16 16 100 81
253 8 16 50 67
254 16 16 200 75
255 8 64 50 66
256 16 16 200 73
257 2 4 200 88
258 2 16 200 84
259 8 4 200 63
260 2 16 150 60
261 2 2 200 83
262 16 4 50 94
263 8 64 150 99
264 8 4 100 53
265 8 64 200 100
266 8 64 200 94
267 16 16 100 52
268 8 4 100 72
269 16 4 200 96
270 16 64 50 70
271 16 64 150 92
272 8 4 150 95
273 8 64 100 63
274 16 4 100 71
275 2 16 100 93
276 16 64 200 91
277 8 16 100 59
278 2 2 100 74
279 16 4 100 75
280 16 2 50 56
281 2 4 200 59
282 16 64 200 94
283 16 2 200 98
284 8 64 150 59
285 2 4 100 52
286 2 2 50 88
287 8 64 150 91
288 8 64 100 69
289 2 64 200 72
290 16 2 50 76
291 16 4 50 70
292 8 2 100 91
293 8 64 200 95
294 8 16 50 82
295 2 2 150 67
296 16 2 100 91
297 8 2 50 68
298 8 64 50 88
299 2 4 50 57
300 8 4 50 73
301 16 16 100 63
302 2 4 100 79
303 8 16 50 61
304 2 4 200 73
305 2 64 150 67
306 16 2 50 98
307 16 4 150 59
308 8 2 100 93
309 8 2 150 85
310 8 4 150 73
311 8 16 150 89
312 8 4 150 78
313 2 16 200 71
314 2 16 150 52
315 16 64 200 71
316 8 16 100 67
317 8 16 100 75
318 8 64 150 99
319 2 64 50 79
320 2 4 50 97
321 2 16 50 77
322 8 4 50 86
323 8 64 200 51
324 8 4 100 94
325 8 64 100 58
326 2 64 100 54
327 8 64 50 84
328 8 16 150 53
329 2 4 200 59
330 8 16 150 61
331 8 64 200 66
332 2 16 150 70
333 8 64 200 94
334 8 2 100 94
335 16 64 100 73
336 16 64 150 68
337 16 2 50 80
338 16 16 200 94
339 16 16 50 65
340 16 64 150 100
341 2 2 50 84
342 2 16 100 62
343 8 2 100 50
344 8 2 150 93
345 8 4 200 92
346 8 64 200 95
347 8 2 150 76
348 16 64 50 55
349 8 16 200 65
350 16 2 150 96
351 2 4 200 77
352 16 64 200 79
353 16 4 100 78
354 8 16 150 95
355 16 2 100 54
356 16 16 100 66
357 2 16 200 84
358 2 64 50 69
359 2 16 150 55
360 16 16 150 77
361 2 2 100 91
362 8 4 50 67
363 16 16 100 65
364 16 16 200 89
365 16 16 200 51
366 2 2 50 99
367 16 2 100 60
368 2 16 100 59
369 8 2 150 78
370 16 2 150 86
371 8 2 200 96
372 16 64 50 100
373 8 16 150 87
374 2 16 100 94
375 2 64 150 69
376 8 2 200 55
377 2 4 150 77
378 2 64 200 72
379 16 2 200 71
380 2 64 150 61
381 2 16 150 59
382 2 2 150 56
383 8 64 150 52
384 2 2 100 64
385 8 16 200 100
386 8 16 200 74
387 2 64 50 88
388 8 64 200 69
389 2 4 200 78
390 8 64 200 59
391 16 64 200 58
392 8 64 50 92
393 2 2 150 92
394 8 2 150 63
395 16 64 50 79
396 2 2 100 94
397 16 4 200 55
398 16 2 50 93
399 8 4 150 73
400 2 4 50 98
401 16 64 200 56
402 8 4 200 72
403 16 2 100 59
404 8 16 200 59
405 16 2 100 75
406 16 4 200 66
407 8 64 50 88
408 16 4 50 81
409 8 64 150 76
410 2 4 100 68
411 2 4 200 66
412 16 16 150 71
413 8 4 150 90
414 2 4 50 73
415 8 2 100 61
416 8 4 50 69
417 16 4 100 90
418 8 64 200 71
419 2 2 100 82
420 2 64 150 90
421 8 4 50 93
422 8 64 100 89
423 8 4 150 82
424 8 64 100 72
425 8 2 50 60
426 8 16 200 60
427 8 2 200 55
428 16 2 50 76
429 8 64 200 78
430 2 64 150 78
431 2 4 150 60
432 16 64 100 75
433 2 16 200 90
434 16 4 200 66
435 16 4 50 95
436 2 2 150 64
437 16 64 200 99
438 2 4 150 77
439 2 16 150 57
440 8 64 50 74
441 2 64 100 98
442 8 64 50 80
443 2 64 50 87
444 16 64 150 57
445 2 64 100 94
446 8 4 100 95
447 16 64 100 67
448 8 2 150 92
449 16 16 50 100
450 2 64 150 83
451 2 2 50 69
452 2 2 100 60
453 2 4 50 100
454 8 16 200 62
455 2 16 150 74
456 16 64 100 63
457 8 16 200 94
458 8 2 150 83
459 2 64 100 94
460 2 64 150 73
461 16 64 100 100
462 8 64 50 93
463 2 64 100 93
464 8 64 100 79
465 2 4 200 83
466 2 2 150 63
467 2 16 200 88
468 2 2 100 50
469 16 16 150 97
470 16 16 150 84
471 16 4 100 93
472 16 4 100 95
473 8 4 50 99
474 2 4 150 72
475 16 4 50 97
476 16 4 50 50
477 8 64 50 68
478 2 16 200 96
479 16 64 50 62
480 2 16 100 67
481 16 64 100 64
482 2 2 200 87
483 16 2 200 98
484 2 4 100 63
485 8 2 200 61
486 8 4 200 53
487 8 64 200 83
488 2 64 50 96
489 8 4 100 54
490 2 4 200 65
491 16 16 150 84
492 2 4 100 63
493 2 16 200 99
494 2 64 50 62
495 2 2 50 67
496 8 16 50 71
497 8 64 200 83
498 16 64 150 98
499 16 64 150 58
500 8 64 150 98
501 2 16 100 72
502 8 2 50 92
503 2 4 50 72
504 2 4 100 61
505 2 2 100 59
506 8 2 100 70
507 16 16 50 54
508 16 4 150 83
509 2 16 100 100
510 8 4 100 51
511 8 2 50 79
512 2 16 150 79
513 2 2 50 62
514 8 16 150 54
515 2 2 200 67
516 2 2 100 99
517 8 16 150 99
518 16 64 150 61
519 16 64 150 65
520 2 2 150 86
521 16 2 100 91
522 2 4 150 51
523 8 2 200 65
524 2 64 150 87
525 8 2 150 65
526 2 4 50 57
527 16 16 100 59
528 16 2 150 62
529 16 16 100 50
530 16 64 50 93
531 16 4 150 80
532 8 16 100 78
533 2 16 50 88
534 2 64 200 85
535 16 4 50 87
536 2 64 100 94
537 2 2 50 73
538 8 4 100 65
539 2 4 100 100
540 2 16 150 65
541 16 16 200 63
542 8 2 100 61
543 16 16 200 58
544 16 16 100 94
545 8 4 100 92
546 2 4 200 81
547 2 2 150 79
548 8 16 150 73
549 16 2 50 67
550 2 64 150 60
551 16 16 50 74
552 2 16 200 74
553 16 64 200 71
554 8 16 50 64
555 8 64 50 94
556 2 2 200 73
557 2 16 150 85
558 2 64 50 96
559 8 2 150 75
560 2 64 150 93
561 8 4 200 72
562 8 2 200 99
563 16 4 150 51
564 2 64 150 86
565 2 64 100 93
566 8 2 200 78
567 8 4 200 79
568 2 4 50 65
569 2 16 200 57
570 2 4 50 88
571 2 2 100 73
572 16 2 100 85
573 8 4 150 63
574 8 2 100 69
575 8 16 150 98
576 16 64 150 89
577 16 2 100 90
578 16 16 200 92
579 2 16 100 57
580 2 64 150 53
581 16 2 150 51
582 16 64 200 93
583 2 64 50 83
584 2 2 150 94
585 2 4 50 51
586 2 16 50 96
587 8 2 50 99
588 2 64 50 64
589 16 2 200 91
590 2 64 100 80
591 16 64 150 92
592 16 2 150 68
593 16 16 100 52
594 2 2 50 71
595 8 4 150 58
596 8 64 100 58
597 2 16 50 66
598 16 64 50 90
599 16 64 150 86
600 16 4 150 73
601 16 64 100 89
602 2 2 50 62
603 2 2 150 63
604 16 16 200 54
605 16 16 50 81
606 8 64 100 100
607 2 16 150 75
608 2 16 50 81
609 2 16 50 71
610 16 64 200 51
611 8 16 200 59
612 2 4 50 73
613 16 64 50 67
614 8 16 150 98
615 2 16 50 55
616 8 64 200 94
617 8 16 200 81
618 16 16 100 52
619 2 4 50 81
620 2 4 200 64
621 2 64 100 83
622 16 16 50 55
623 2 4 100 51
624 2 64 100 62
625 16 4 150 54
626 16 64 150 58
627 2 64 200 54
628 2 16 100 72
629 2 4 100 83
630 16 4 50 88
631 16 64 100 91
632 2 4 150 83
633 16 64 200 100
634 8 2 200 74
635 8 16 100 83
636 2 64 200 53
637 8 64 100 80
638 2 4 200 83
639 2 2 50 75
640 16 4 150 87
641 16 16 100 71
642 8 2 200 62
643 16 4 200 100
644 2 2 100 84
645 16 2 200 59
646 2 64 200 52
647 2 2 50 79
648 8 16 100 59
649 8 4 100 61
650 2 4 50 56
651 16 4 150 96
652 16 4 150 50
653 8 16 200 84
654 16 2 150 64
655 2 16 100 73
656 8 64 150 90
657 2 64 150 55
658 16 2 100 95
659 2 2 200 95
660 8 16 100 72
661 16 2 100 94
662 8 4 150 68
663 16 4 100 67
664 8 2 150 61
665 2 4 200 88
666 2 2 200 84
667 2 64 150 55
668 16 4 150 61
669 2 4 50 54
670 2 64 100 81
671 8 64 150 98
672 2 16 200 97
673 16 4 50 74
674 2 2 100 93
675 2 4 200 54
676 2 2 200 97
677 8 64 50 72
678 16 64 150 96
679 16 64 200 52
680 16 2 150 65
681 16 4 100 82
157
0 248 47 183
6 648 42 181
9 607 50 135
9 435 70 142
9 116 63 103
10 70 62 165
18 556 63 128
19 676 44 162
20 325 70 151
20 631 48 113
22 609 66 154
26 461 53 159
26 396 47 128
30 670 45 96
31 351 69 171
32 268 66 165
34 632 41 177
36 650 66 145
37 101 41 181
41 345 44 157
42 646 43 171
44 563 44 166
46 559 60 175
50 561 69 169
51 439 47 169
51 260 42 196
52 268 48 186
54 482 44 106
56 355 59 143
58 464 68 160
62 84 55 174
67 232 45 143
68 282 42 144
72 592 51 106
72 153 66 114
73 153 64 119
77 522 49 157
79 359 52 116
80 395 44 200
82 135 59 197
86 634 52 108
91 383 58 100
91 235 52 183
97 657 65 180
102 202 49 200
102 227 41 177
102 343 54 130
104 580 65 118
106 165 63 153
107 150 60 149
115 274 62 96
118 181 52 199
118 224 65 134
121 657 50 107
122 532 64 107
122 273 59 148
127 434 67 135
128 305 66 179
128 356 58 115
128 343 68 153
130 547 51 106
131 299 51 130
144 342 48 112
145 668 47 97
150 476 70 163
150 278 65 102
153 595 58 132
157 665 58 126
175 540 56 148
177 422 47 199
187 586 67 167
189 546 49 169
200 572 45 96
208 543 45 102
209 670 57 159
210 273 64 130
212 506 66 155
219 493 66 122
224 545 47 198
228 301 50 142
232 635 50 150
238 454 53 137
242 447 55 164
247 518 44 94
247 470 53 163
248 501 52 164
254 399 58 190
255 356 58 117
258 534 50 93
266 542 64 165
272 611 53 196
275 416 60 174
282 316 56 164
291 595 61 161
292 373 61 165
294 338 46 172
296 353 60 187
301 505 66 137
310 322 60 158
311 376 63 106
313 668 47 122
321 583 45 151
323 597 60 152
325 513 42 193
326 439 44 195
332 666 60 123
336 362 68 172
338 490 66 131
342 345 46 117
345 366 54 188
348 406 54 96
348 510 43 135
351 502 43 126
354 409 59 147
356 416 44 171
359 466 68 123
360 556 54 142
362 394 63 149
375 675 46 173
376 643 55 123
379 480 61 199
379 603 41 167
380 562 58 187
381 590 67 109
389 636 40 149
390 669 60 98
395 677 41 170
396 522 56 90
399 654 50 199
401 577 49 135
414 532 46 122
414 438 53 145
420 460 65 119
421 634 42 158
426 535 51 101
441 662 54 162
442 571 54 92
447 564 68 102
463 680 70 187
465 676 43 185
483 680 59 129
485 544 56 112
515 591 67 130
520 609 54 153
530 617 70 175
536 600 67 115
550 618 67 162
552 630 41 92
561 653 70 189
569 682 47 145
574 679 59 198
574 580 45 99
580 628 47 182
593 613 49 104
597 664 59 108
599 644 64 121
620 663 46 114