835
0 8 320 800 196
1 8 320 5000 153
2 8 320 800 147
3 32 32 800 121
4 8 32 800 170
5 8 320 400 181
6 8 128 5000 148
7 32 320 1000 182
8 32 128 2000 176
9 8 32 400 166
10 32 320 2000 160
11 8 128 1000 125
12 8 32 2000 101
13 32 128 800 132
14 8 128 1000 167
15 8 32 800 100
16 8 32 1000 95
17 8 32 5000 154
18 8 32 5000 187
19 8 32 400 193
20 32 32 5000 111
21 8 128 1000 91
22 8 128 800 124
23 8 320 800 200
24 8 320 400 92
25 32 320 800 96
26 8 320 2000 177
27 8 32 5000 183
28 32 320 2000 133
29 8 320 1000 168
30 8 128 5000 157
31 32 320 2000 104
32 8 32 400 90
33 8 32 5000 165
34 32 320 5000 98
35 8 320 1000 184
36 8 128 400 192
37 8 128 5000 136
38 32 320 400 128
39 8 128 400 192
40 8 320 2000 188
41 8 32 800 176
42 8 32 2000 108
43 8 320 400 119
44 32 320 800 102
45 32 128 5000 100
46 8 320 5000 132
47 32 320 1000 97
48 32 320 1000 139
49 32 32 1000 176
50 32 128 800 157
51 32 320 400 135
52 32 128 400 99
53 8 320 5000 156
54 8 128 800 137
55 8 320 2000 130
56 8 32 400 138
57 8 128 800 181
58 32 128 2000 177
59 32 320 2000 154
60 8 128 1000 154
61 32 320 800 126
62 32 320 1000 149
63 8 128 400 153
64 8 128 2000 182
65 32 128 2000 164
66 8 32 1000 152
67 32 32 800 145
68 32 320 400 102
69 8 320 1000 92
70 32 320 1000 158
71 8 320 5000 172
72 8 32 800 105
73 32 32 800 116
74 32 320 2000 172
75 8 320 400 154
76 32 32 5000 98
77 8 320 1000 183
78 32 32 2000 105
79 8 32 2000 118
80 8 128 5000 167
81 32 320 400 104
82 32 128 800 169
83 32 128 400 189
84 32 320 2000 101
85 32 128 2000 135
86 32 32 2000 181
87 8 128 400 145
88 8 320 400 91
89 8 320 800 131
90 8 320 400 130
91 8 32 1000 111
92 8 32 2000 179
93 8 128 1000 137
94 8 128 2000 92
95 8 128 2000 176
96 8 128 2000 104
97 8 128 800 199
98 32 128 2000 121
99 32 320 1000 132
100 8 32 2000 126
101 8 32 5000 178
102 32 320 400 157
103 8 320 2000 134
104 8 32 2000 184
105 32 32 800 90
106 8 320 800 161
107 32 128 5000 134
108 32 320 800 135
109 8 32 1000 194
110 8 32 1000 172
111 32 32 2000 140
112 8 32 5000 150
113 32 32 800 150
114 32 320 5000 172
115 32 32 2000 189
116 32 32 800 188
117 32 320 400 151
118 8 128 1000 160
119 8 128 800 188
120 32 32 400 117
121 8 32 800 170
122 32 320 400 104
123 8 128 1000 197
124 8 128 1000 157
125 8 32 5000 150
126 8 128 2000 102
127 8 128 800 189
128 32 320 400 179
129 8 320 2000 176
130 8 32 400 106
131 32 320 5000 192
132 32 128 2000 112
133 32 128 400 118
134 32 32 5000 191
135 8 320 800 196
136 8 320 1000 143
137 32 32 400 99
138 32 320 1000 177
139 32 32 1000 93
140 8 320 800 94
141 32 320 400 98
142 32 320 400 198
143 32 32 5000 140
144 8 128 800 150
145 8 128 400 148
146 32 32 2000 142
147 32 32 400 139
148 32 320 1000 161
149 8 128 1000 175
150 32 32 1000 117
151 8 320 1000 158
152 8 32 1000 167
153 32 320 400 114
154 32 32 400 128
155 32 128 5000 90
156 8 320 2000 111
157 32 32 400 192
158 8 32 1000 109
159 8 128 800 108
160 32 128 400 117
161 8 128 5000 119
162 8 128 800 135
163 8 128 1000 184
164 32 128 400 114
165 8 320 800 166
166 8 320 400 193
167 32 128 5000 160
168 32 128 1000 196
169 8 32 2000 145
170 32 128 800 153
171 8 128 800 134
172 8 32 2000 156
173 32 32 2000 90
174 8 128 800 125
175 32 128 800 162
176 8 320 2000 195
177 32 320 800 106
178 32 320 5000 145
179 8 128 1000 165
180 32 320 2000 112
181 32 32 5000 122
182 8 320 2000 193
183 32 32 800 110
184 32 128 400 151
185 8 32 400 188
186 32 32 400 114
187 32 32 400 156
188 8 320 800 122
189 32 32 400 197
190 32 32 400 200
191 8 32 5000 110
192 32 320 1000 129
193 8 320 1000 146
194 8 128 2000 109
195 8 128 1000 161
196 8 32 1000 104
197 8 128 5000 147
198 8 32 2000 168
199 8 128 1000 90
200 32 128 1000 135
201 8 128 800 143
202 8 32 2000 146
203 8 32 1000 125
204 32 320 2000 149
205 8 32 1000 120
206 32 32 5000 139
207 8 320 400 159
208 32 32 1000 117
209 32 32 5000 92
210 32 32 800 156
211 8 32 400 173
212 8 32 5000 141
213 32 32 2000 163
214 32 320 1000 174
215 32 128 800 190
216 8 128 5000 91
217 8 128 2000 177
218 32 128 1000 163
219 32 128 800 174
220 32 128 1000 136
221 32 128 2000 128
222 8 320 5000 170
223 8 32 2000 184
224 8 32 800 180
225 8 128 2000 105
226 8 320 400 194
227 32 32 1000 103
228 32 128 800 188
229 32 128 400 161
230 32 320 5000 126
231 8 128 5000 188
232 32 320 2000 175
233 8 320 400 122
234 8 32 800 103
235 32 32 1000 180
236 32 320 2000 152
237 32 32 5000 174
238 8 32 400 139
239 8 32 1000 161
240 8 128 800 164
241 32 128 1000 196
242 32 128 800 155
243 32 32 2000 145
244 8 32 2000 158
245 32 320 400 131
246 8 128 2000 188
247 8 128 5000 97
248 8 128 5000 142
249 8 320 2000 141
250 32 32 400 191
251 32 32 400 178
252 32 32 800 109
253 8 320 800 151
254 32 128 400 114
255 8 32 400 155
256 8 320 2000 196
257 32 320 5000 192
258 32 32 400 137
259 8 320 1000 96
260 8 128 2000 143
261 32 128 2000 148
262 8 32 5000 159
263 8 320 400 192
264 32 128 5000 187
265 32 128 800 142
266 32 320 5000 120
267 8 32 2000 187
268 8 320 400 181
269 8 128 2000 175
270 8 128 400 102
271 8 320 1000 197
272 8 320 1000 93
273 32 320 1000 100
274 8 320 5000 107
275 8 320 800 130
276 32 128 1000 193
277 32 320 400 112
278 32 320 1000 147
279 8 32 1000 140
280 32 32 2000 106
281 32 128 1000 143
282 32 32 800 126
283 32 320 400 176
284 8 32 2000 108
285 32 128 400 111
286 32 32 5000 130
287 8 320 1000 150
288 32 32 1000 166
289 8 32 5000 196
290 8 320 400 98
291 32 32 400 134
292 8 128 5000 101
293 32 320 800 192
294 32 32 2000 138
295 8 320 2000 147
296 32 320 400 174
297 8 320 400 148
298 8 32 5000 152
299 8 320 5000 168
300 32 128 5000 111
301 8 320 1000 127
302 8 320 800 123
303 8 320 400 157
304 32 32 1000 135
305 32 32 1000 134
306 8 320 800 142
307 32 128 2000 121
308 32 320 400 175
309 32 320 5000 149
310 8 128 5000 91
311 8 128 400 168
312 8 320 800 107
313 8 128 5000 169
314 32 320 400 113
315 32 128 400 189
316 32 128 1000 117
317 8 128 2000 107
318 32 320 800 144
319 8 128 800 132
320 8 320 400 189
321 8 128 1000 114
322 8 320 5000 147
323 8 32 2000 167
324 8 32 2000 186
325 32 32 5000 168
326 8 128 5000 141
327 32 32 5000 125
328 32 32 2000 93
329 32 32 1000 181
330 32 32 2000 92
331 8 32 2000 101
332 8 320 400 146
333 8 128 400 167
334 32 32 800 91
335 32 32 400 115
336 32 128 800 189
337 8 320 800 189
338 32 320 800 182
339 8 320 1000 157
340 32 320 800 178
341 32 32 5000 95
342 32 320 2000 198
343 32 32 2000 129
344 32 128 400 152
345 8 320 800 164
346 32 32 800 102
347 8 128 5000 145
348 8 320 400 91
349 8 32 2000 146
350 32 128 800 151
351 32 32 5000 178
352 8 128 400 98
353 32 32 2000 100
354 32 32 5000 127
355 32 320 800 154
356 32 128 1000 105
357 8 320 5000 145
358 8 320 5000 122
359 32 128 400 125
360 8 128 2000 184
361 32 320 5000 129
362 32 128 800 121
363 8 320 5000 140
364 8 32 400 121
365 8 32 400 160
366 32 32 1000 183
367 32 128 2000 127
368 32 320 2000 156
369 32 320 800 97
370 32 320 2000 177
371 32 320 2000 183
372 32 320 5000 174
373 8 32 800 154
374 8 128 1000 121
375 8 128 400 133
376 32 32 400 101
377 32 320 1000 168
378 32 320 1000 171
379 32 32 400 117
380 8 32 2000 96
381 8 32 5000 114
382 32 128 800 130
383 8 32 5000 121
384 32 32 1000 140
385 8 128 400 163
386 8 320 1000 178
387 32 32 2000 110
388 8 320 2000 178
389 8 320 400 103
390 8 32 800 175
391 32 32 2000 136
392 32 128 400 96
393 8 320 800 148
394 32 32 800 98
395 32 32 800 150
396 8 128 5000 158
397 8 128 5000 98
398 8 128 1000 104
399 8 320 800 134
400 8 32 2000 186
401 32 320 800 177
402 32 128 800 180
403 8 128 1000 160
404 8 128 400 97
405 32 32 1000 189
406 8 320 800 95
407 32 320 400 115
408 32 320 800 155
409 32 320 2000 139
410 8 32 2000 186
411 8 320 2000 184
412 32 128 5000 134
413 32 320 800 148
414 32 32 800 133
415 8 128 800 186
416 8 32 5000 186
417 8 320 2000 127
418 8 32 400 115
419 8 128 2000 118
420 32 32 400 185
421 32 32 1000 183
422 32 320 800 123
423 32 128 2000 183
424 32 320 800 94
425 8 32 2000 200
426 8 320 5000 142
427 32 320 2000 143
428 32 320 1000 114
429 32 128 800 95
430 32 32 800 168
431 32 32 400 179
432 32 32 400 101
433 8 32 800 151
434 8 128 2000 179
435 32 320 1000 123
436 32 32 2000 160
437 32 320 1000 120
438 8 320 2000 199
439 32 320 800 144
440 8 128 5000 169
441 32 128 2000 124
442 32 128 5000 195
443 8 128 400 168
444 32 320 2000 159
445 8 320 400 94
446 32 32 5000 186
447 8 320 2000 183
448 8 320 800 92
449 8 320 400 92
450 8 32 2000 160
451 8 320 1000 142
452 8 128 5000 92
453 8 32 800 100
454 8 320 1000 97
455 8 320 800 188
456 32 32 400 123
457 8 320 800 132
458 8 320 800 168
459 32 32 800 99
460 32 32 800 176
461 32 128 1000 122
462 32 128 2000 191
463 32 32 400 160
464 8 320 2000 134
465 8 32 2000 185
466 8 32 400 179
467 8 32 1000 158
468 32 128 800 149
469 32 320 1000 100
470 8 32 5000 199
471 32 128 2000 182
472 8 32 1000 162
473 32 320 5000 197
474 32 320 5000 114
475 8 128 400 141
476 32 320 5000 181
477 32 320 400 199
478 8 128 800 160
479 32 320 5000 195
480 32 128 400 105
481 32 128 2000 140
482 8 320 5000 187
483 32 128 2000 150
484 8 128 2000 98
485 32 32 800 192
486 32 32 1000 148
487 8 128 800 98
488 8 320 2000 93
489 32 32 5000 167
490 32 32 5000 161
491 8 32 5000 167
492 32 320 800 190
493 8 32 2000 96
494 8 32 5000 158
495 32 320 800 148
496 8 320 2000 200
497 32 128 1000 106
498 32 128 1000 127
499 32 128 800 172
500 8 32 1000 130
501 8 32 2000 160
502 32 320 5000 129
503 32 320 2000 131
504 8 320 800 138
505 8 320 800 92
506 8 320 400 110
507 8 32 1000 169
508 8 32 800 175
509 32 128 800 199
510 8 128 1000 119
511 32 320 800 94
512 32 128 1000 91
513 8 320 2000 93
514 32 128 5000 130
515 32 128 2000 141
516 8 128 5000 98
517 8 128 5000 187
518 8 320 2000 116
519 32 32 5000 192
520 32 32 2000 135
521 8 32 1000 113
522 8 320 5000 184
523 8 32 2000 96
524 8 128 400 198
525 32 320 1000 190
526 32 320 5000 113
527 8 128 800 140
528 8 32 2000 195
529 32 32 400 146
530 8 32 1000 175
531 32 32 400 199
532 8 128 800 169
533 32 320 5000 183
534 8 32 5000 141
535 8 32 5000 122
536 32 32 5000 167
537 32 128 400 170
538 32 32 800 133
539 8 128 800 113
540 8 32 2000 157
541 8 32 5000 140
542 8 32 1000 158
543 8 320 5000 177
544 32 32 5000 180
545 32 128 800 169
546 32 320 5000 110
547 8 128 800 128
548 8 32 1000 193
549 8 32 5000 197
550 32 128 800 146
551 8 320 5000 127
552 32 128 5000 128
553 8 320 1000 155
554 32 32 2000 94
555 8 320 2000 91
556 8 32 5000 175
557 8 32 800 149
558 8 32 5000 143
559 8 320 2000 108
560 8 32 800 160
561 32 128 5000 188
562 8 320 400 164
563 8 320 1000 135
564 8 128 1000 183
565 32 320 400 144
566 32 32 2000 102
567 32 128 800 168
568 8 128 5000 145
569 8 32 2000 111
570 32 32 2000 138
571 32 320 2000 193
572 8 128 1000 170
573 32 128 800 150
574 8 32 2000 124
575 32 128 400 192
576 8 320 800 130
577 32 128 400 111
578 32 128 5000 164
579 8 320 1000 144
580 8 320 2000 125
581 8 128 1000 142
582 32 128 400 177
583 32 320 1000 195
584 32 32 2000 175
585 32 320 1000 200
586 8 32 400 97
587 8 320 1000 112
588 8 320 400 146
589 8 128 800 200
590 32 128 800 129
591 8 128 1000 168
592 32 320 1000 174
593 8 32 1000 187
594 32 320 2000 182
595 8 320 1000 153
596 32 128 400 180
597 8 128 5000 200
598 8 128 2000 105
599 32 32 2000 183
600 8 128 2000 149
601 8 128 5000 118
602 8 128 1000 106
603 32 32 5000 118
604 8 32 400 91
605 32 32 2000 158
606 8 128 2000 102
607 32 128 1000 129
608 32 128 5000 191
609 32 128 2000 170
610 8 320 1000 191
611 32 320 800 139
612 32 32 2000 170
613 8 128 800 119
614 32 320 800 127
615 32 320 1000 197
616 32 32 5000 147
617 8 320 1000 156
618 8 128 1000 113
619 32 320 1000 186
620 32 128 800 96
621 8 32 5000 131
622 32 128 2000 152
623 8 32 2000 194
624 32 128 800 176
625 8 32 1000 182
626 8 320 1000 90
627 8 128 1000 160
628 8 320 5000 109
629 8 320 5000 179
630 32 32 800 97
631 32 32 800 103
632 32 128 5000 98
633 8 32 400 193
634 8 320 800 149
635 8 128 800 140
636 8 32 1000 106
637 32 320 2000 167
638 8 320 800 107
639 8 320 1000 149
640 32 128 2000 94
641 8 320 800 148
642 8 128 800 106
643 8 32 1000 128
644 32 32 400 141
645 32 320 800 137
646 32 32 800 126
647 32 320 1000 129
648 8 32 5000 172
649 32 32 1000 196
650 8 128 2000 131
651 8 320 800 197
652 32 320 5000 159
653 32 32 1000 195
654 32 32 800 152
655 8 128 5000 102
656 8 32 1000 113
657 32 32 5000 147
658 8 320 400 124
659 32 128 800 133
660 8 320 2000 148
661 32 320 5000 167
662 32 32 5000 173
663 32 320 400 196
664 32 320 800 104
665 8 128 5000 157
666 32 32 800 140
667 8 320 400 188
668 8 128 1000 167
669 32 128 1000 136
670 32 320 2000 119
671 8 32 1000 147
672 32 128 1000 193
673 32 32 5000 189
674 8 128 400 167
675 32 32 800 155
676 32 128 5000 198
677 32 32 800 185
678 32 320 800 166
679 32 320 2000 120
680 32 128 800 108
681 32 320 5000 132
682 32 32 2000 171
683 32 128 2000 175
684 8 32 400 97
685 8 320 800 149
686 8 32 5000 141
687 8 32 5000 172
688 32 32 2000 122
689 32 32 2000 166
690 32 128 2000 127
691 32 32 2000 192
692 8 320 1000 162
693 32 32 800 171
694 8 128 2000 127
695 8 128 2000 186
696 8 32 5000 130
697 32 320 400 134
698 8 128 800 96
699 8 32 1000 193
700 8 320 800 112
701 8 32 400 160
702 32 128 2000 148
703 32 32 1000 95
704 32 320 800 187
705 32 320 800 134
706 32 32 2000 186
707 8 32 400 142
708 8 320 800 200
709 8 320 400 112
710 32 320 5000 110
711 32 32 1000 162
712 8 32 400 177
713 32 32 5000 102
714 8 32 400 198
715 8 320 1000 113
716 8 32 800 111
717 32 320 1000 140
718 8 32 5000 162
719 32 32 5000 168
720 32 128 400 143
721 32 320 800 176
722 8 32 1000 181
723 8 32 5000 156
724 8 32 2000 196
725 8 128 800 182
726 8 32 800 147
727 8 320 400 146
728 8 320 2000 163
729 32 320 1000 131
730 32 32 1000 117
731 8 320 1000 112
732 32 128 400 102
733 32 128 2000 169
734 32 128 1000 129
735 32 320 1000 148
736 32 128 5000 165
737 8 32 1000 124
738 32 32 1000 187
739 8 32 400 192
740 32 128 2000 166
741 32 128 400 127
742 32 320 800 122
743 8 320 400 92
744 32 128 2000 167
745 8 32 800 162
746 32 128 1000 124
747 32 128 800 101
748 8 32 5000 114
749 8 320 800 98
750 8 32 800 105
751 8 32 5000 113
752 8 32 2000 170
753 8 128 1000 178
754 32 320 1000 168
755 8 128 400 117
756 8 320 5000 121
757 32 32 5000 157
758 32 128 800 166
759 32 128 2000 135
760 8 128 5000 187
761 8 320 1000 113
762 32 320 5000 91
763 32 32 1000 150
764 32 128 2000 111
765 32 320 800 90
766 32 32 1000 188
767 8 128 400 185
768 32 128 1000 153
769 32 32 2000 137
770 8 128 400 129
771 8 128 5000 183
772 32 32 800 112
773 32 128 400 108
774 32 32 800 94
775 32 32 400 185
776 8 320 1000 180
777 8 320 5000 152
778 8 128 800 174
779 32 128 400 168
780 8 32 1000 169
781 8 320 400 153
782 8 320 400 111
783 8 128 2000 123
784 8 32 800 139
785 8 320 5000 105
786 32 320 800 147
787 32 32 1000 131
788 32 128 400 119
789 8 128 2000 165
790 8 32 400 112
791 32 32 400 169
792 8 128 800 145
793 8 320 2000 171
794 32 32 2000 136
795 32 128 800 167
796 8 32 800 147
797 32 128 1000 106
798 8 320 2000 129
799 8 320 400 165
800 32 320 800 141
801 32 32 800 110
802 8 32 2000 101
803 8 320 800 152
804 32 32 800 145
805 32 128 1000 122
806 8 320 1000 113
807 8 320 800 147
808 8 32 2000 176
809 8 128 2000 99
810 32 128 2000 126
811 32 32 400 113
812 8 32 2000 146
813 8 32 5000 140
814 32 320 800 129
815 8 128 400 198
816 32 128 800 161
817 32 128 1000 165
818 32 32 1000 164
819 32 128 2000 195
820 8 320 5000 114
821 8 32 5000 114
822 8 32 2000 96
823 32 320 2000 151
824 8 32 1000 159
825 8 320 800 115
826 32 320 400 109
827 8 320 5000 122
828 8 128 2000 115
829 32 128 1000 145
830 8 320 800 140
831 32 320 5000 138
832 8 320 800 137
833 32 128 2000 156
834 8 32 800 142
288
1 190 41 170
4 648 40 153
6 361 52 152
7 311 48 133
7 566 50 97
8 220 64 97
12 411 40 145
15 114 53 100
16 72 46 103
21 772 42 92
21 160 52 165
21 154 70 179
24 629 53 199
25 244 51 115
26 754 50 166
26 378 52 196
28 692 45 101
29 461 43 172
29 326 50 106
30 294 65 99
31 608 61 91
33 59 57 104
36 432 45 156
36 180 47 91
38 217 54 115
39 624 45 145
41 163 54 198
45 733 48 160
45 765 53 165
50 431 59 176
50 372 64 102
52 345 61 179
54 556 44 146
56 806 66 131
56 634 45 148
56 397 49 114
57 833 42 194
58 735 49 163
59 286 48 92
59 490 69 116
60 373 48 94
60 705 42 161
60 624 57 117
64 800 52 96
64 730 56 161
67 562 57 187
68 731 53 172
68 566 47 135
69 380 46 113
71 477 63 176
72 211 63 160
78 157 49 115
81 92 61 188
82 385 56 164
82 396 49 115
82 333 59 99
84 751 54 161
84 505 63 175
88 717 70 151
89 200 57 157
89 224 50 141
90 654 58 165
91 468 44 124
93 827 62 184
93 325 59 105
94 678 61 128
96 524 59 121
97 304 56 100
99 747 58 173
99 133 41 133
99 304 70 100
101 804 56 113
105 552 58 95
106 377 59 165
111 666 61 92
111 298 57 163
113 167 62 157
114 354 68 111
118 393 47 199
119 553 55 178
124 635 61 187
128 235 62 174
128 680 41 183
131 254 51 170
134 790 50 155
135 149 50 117
138 518 40 183
143 611 41 108
144 712 48 187
148 493 40 119
152 257 54 134
152 396 54 127
154 381 59 179
154 833 61 181
158 541 60 134
161 638 46 105
166 469 44 91
167 215 50 99
167 732 68 195
168 277 70 110
169 626 47 130
169 534 48 134
170 462 67 145
171 533 50 114
173 627 52 103
175 505 45 196
175 758 46 146
176 527 50 168
177 566 64 175
177 711 53 184
179 387 48 122
181 237 66 189
182 515 65 128
183 821 47 109
184 727 53 126
186 260 46 200
187 498 59 181
191 497 62 190
192 822 46 128
199 808 42 168
208 647 40 94
210 310 50 117
215 441 53 123
215 811 52 144
222 479 58 102
227 799 66 104
229 813 65 200
235 727 41 103
235 325 53 173
236 536 52 92
237 573 50 160
241 534 62 149
243 811 50 151
244 640 69 164
245 761 55 135
245 351 47 135
246 681 60 197
248 414 51 115
248 422 70 107
254 531 58 126
262 445 42 196
266 502 44 176
267 708 62 174
268 307 54 191
274 575 70 168
275 727 54 128
279 583 43 170
282 377 61 157
285 347 58 141
285 660 65 172
289 685 51 199
291 321 45 186
293 811 68 116
295 456 56 135
296 716 48 191
297 757 57 191
299 461 69 140
300 695 65 115
301 431 69 102
305 573 51 93
308 503 43 175
308 600 66 150
308 778 46 169
309 551 64 177
310 395 51 133
311 621 51 123
311 520 55 176
318 346 51 157
320 717 43 100
324 425 60 96
324 575 59 165
324 393 62 163
328 832 43 173
330 576 56 159
331 521 40 164
339 479 53 200
341 768 44 127
341 834 49 117
346 525 45 154
348 538 44 108
356 496 58 169
358 425 61 165
359 624 66 144
366 794 67 194
366 647 44 166
367 519 55 174
368 441 41 173
368 813 49 91
369 815 57 97
372 659 62 196
373 705 66 91
375 664 50 128
376 462 67 139
379 472 43 198
380 654 49 98
381 471 53 144
383 815 55 122
387 457 70 99
406 457 49 177
407 452 54 142
415 812 60 104
415 520 62 164
415 454 51 188
416 516 64 181
417 671 53 130
417 710 45 193
419 681 44 127
421 491 58 138
426 828 68 139
428 459 43 140
429 564 57 163
429 790 64 117
430 761 52 157
435 767 67 133
436 532 52 125
437 752 62 174
439 683 55 197
439 579 45 180
442 660 42 128
443 640 55 177
444 787 51 176
445 598 49 96
445 661 55 162
447 607 54 187
449 483 50 183
455 689 64 101
460 785 43 172
460 805 57 152
462 576 58 181
464 625 68 200
469 805 51 109
471 517 60 146
472 498 61 162
479 728 42 149
482 730 57 92
488 643 45 165
494 538 42 119
498 648 70 131
503 797 67 140
506 683 46 175
510 550 60 132
512 799 49 156
514 593 49 153
518 626 58 140
522 534 54 185
524 526 65 110
528 633 50 193
529 601 55 165
532 695 48 182
533 788 46 187
534 641 70 161
543 704 64 159
562 796 69 178
573 810 67 179
581 631 57 100
583 783 40 167
590 707 50 133
590 795 50 134
592 642 47 180
594 617 54 181
603 640 46 115
607 816 59 191
609 789 64 155
609 662 52 106
610 612 42 145
618 767 42 183
622 635 61 151
624 768 55 179
639 642 49 103
640 754 44 117
647 698 65 131
651 797 50 172
653 707 44 94
671 812 59 152
682 749 40 135
683 725 45 148
684 797 41 102
690 813 48 136
694 823 67 108
717 738 46 129
735 783 61 101
737 761 42 125
741 833 41 180
749 755 48 113
749 790 41 131
759 760 66 162
762 831 65 119
778 805 62 184