279
0 2 64 150 80
1 2 64 150 61
2 16 64 150 50
3 8 64 150 64
4 8 64 150 94
5 8 16 150 69
6 8 4 150 94
7 2 4 200 99
8 16 2 150 68
9 8 2 50 66
10 2 16 50 76
11 8 16 50 78
12 2 4 150 94
13 2 16 200 56
14 8 16 100 70
15 8 4 150 89
16 8 2 50 71
17 16 16 200 85
18 8 4 50 61
19 16 64 150 94
20 8 4 200 84
21 8 2 200 59
22 16 2 50 63
23 8 4 150 89
24 16 64 100 62
25 8 16 200 81
26 2 64 100 71
27 2 64 150 71
28 8 16 150 56
29 8 64 50 65
30 16 16 150 89
31 16 4 200 80
32 16 2 100 73
33 16 4 100 51
34 2 2 150 66
35 8 16 150 67
36 8 4 200 92
37 2 4 100 57
38 2 4 150 61
39 2 16 150 100
40 2 2 50 85
41 2 4 50 83
42 2 2 100 68
43 16 4 200 60
44 8 64 100 83
45 2 4 200 58
46 2 64 50 87
47 16 64 50 96
48 8 4 100 68
49 8 64 100 55
50 2 2 200 92
51 8 2 100 63
52 8 2 100 99
53 16 2 200 66
54 2 16 150 90
55 16 4 50 53
56 2 16 150 54
57 2 64 50 95
58 8 2 50 89
59 16 2 150 76
60 16 2 100 60
61 2 4 50 81
62 2 64 150 86
63 2 2 50 98
64 16 64 50 56
65 8 4 150 87
66 16 16 200 98
67 16 16 150 63
68 2 16 200 70
69 16 2 100 99
70 2 64 200 82
71 8 64 100 57
72 8 2 50 84
73 16 4 150 73
74 2 2 200 57
75 16 2 50 91
76 8 16 150 86
77 2 16 50 92
78 2 64 50 74
79 2 64 50 91
80 2 64 100 58
81 2 4 200 82
82 2 4 50 60
83 8 64 150 80
84 16 16 50 88
85 8 16 50 88
86 2 64 50 79
87 8 64 100 91
88 16 4 150 69
89 2 64 50 68
90 16 16 50 50
91 8 16 50 87
92 2 4 100 54
93 8 2 100 94
94 16 2 100 84
95 8 16 150 68
96 2 4 50 54
97 8 64 50 67
98 16 2 150 62
99 8 64 50 88
100 2 2 50 73
101 2 64 100 96
102 2 16 200 62
103 8 4 50 89
104 8 64 50 60
105 16 2 100 99
106 8 2 200 95
107 16 16 150 56
108 8 4 150 83
109 8 2 100 99
110 2 64 200 95
111 2 4 150 57
112 16 2 100 77
113 2 16 100 100
114 16 16 150 71
115 8 64 100 73
116 8 2 100 51
117 8 16 150 78
118 2 64 200 84
119 8 16 50 81
120 8 16 150 62
121 8 64 150 85
122 8 64 200 95
123 2 16 150 67
124 2 4 100 85
125 2 2 150 68
126 8 2 150 50
127 2 2 100 94
128 2 2 150 72
129 16 4 200 91
130 8 2 100 61
131 2 2 200 92
132 8 4 100 66
133 8 64 150 50
134 16 2 100 79
135 16 16 50 67
136 16 16 150 93
137 8 2 100 55
138 2 2 150 54
139 8 64 100 77
140 16 4 50 70
141 2 64 100 70
142 16 2 150 92
143 2 16 200 77
144 8 64 200 79
145 16 64 50 52
146 8 16 100 96
147 8 16 150 60
148 16 2 150 66
149 16 2 50 88
150 2 2 150 79
151 2 4 200 64
152 8 16 50 88
153 8 4 50 52
154 8 4 100 56
155 8 2 50 73
156 16 64 200 65
157 16 4 150 98
158 2 16 100 80
159 8 4 150 90
160 16 2 200 89
161 2 16 50 83
162 8 64 150 94
163 8 2 150 94
164 16 16 50 100
165 2 16 50 55
166 2 64 200 98
167 2 2 50 53
168 16 64 50 54
169 2 64 200 76
170 8 4 50 81
171 16 2 50 100
172 8 2 150 87
173 8 16 100 63
174 2 64 150 68
175 16 4 50 88
176 2 64 50 73
177 16 4 200 78
178 8 64 50 80
179 2 64 50 65
180 8 16 200 73
181 16 16 200 65
182 2 16 150 77
183 16 4 200 74
184 16 2 100 62
185 8 4 50 80
186 2 16 50 56
187 8 16 50 60
188 8 2 150 54
189 8 2 200 91
190 8 2 50 64
191 2 4 150 63
192 8 64 150 55
193 8 16 50 86
194 2 16 50 78
195 2 64 100 85
196 2 2 150 76
197 8 4 50 63
198 8 2 150 73
199 2 2 150 98
200 16 4 50 91
201 16 64 100 62
202 2 4 150 72
203 16 4 100 77
204 2 2 50 61
205 16 64 50 56
206 8 4 150 63
207 8 16 200 71
208 8 64 150 70
209 2 4 100 54
210 8 2 150 70
211 2 64 150 65
212 8 64 100 100
213 8 4 150 98
214 2 16 150 79
215 16 16 50 76
216 2 64 100 92
217 2 16 200 86
218 16 4 50 84
219 16 16 200 66
220 8 16 150 67
221 8 16 200 69
222 16 16 150 68
223 8 16 200 70
224 2 2 150 88
225 2 16 100 84
226 2 4 150 60
227 2 2 100 73
228 2 64 200 92
229 16 16 50 90
230 2 2 200 93
231 2 4 150 74
232 8 16 200 86
233 8 16 100 91
234 16 4 100 66
235 2 2 200 62
236 8 2 100 86
237 16 2 100 78
238 8 2 50 100
239 8 64 50 91
240 2 2 200 93
241 2 16 150 50
242 8 16 50 87
243 8 16 50 74
244 8 16 150 60
245 8 16 100 59
246 8 2 150 99
247 16 16 150 96
248 2 2 50 61
249 2 64 100 78
250 8 16 100 51
251 2 2 50 96
252 16 4 200 75
253 16 4 150 73
254 8 4 150 67
255 16 16 100 83
256 16 4 200 61
257 8 2 200 96
258 2 2 200 51
259 2 16 150 96
260 2 64 100 72
261 16 2 150 59
262 8 16 200 62
263 16 4 150 73
264 2 2 150 76
265 2 4 50 70
266 16 4 100 89
267 16 64 50 89
268 2 2 150 99
269 16 2 100 72
270 2 64 150 58
271 2 4 100 88
272 2 4 200 75
273 2 4 100 53
274 8 16 50 86
275 16 4 100 54
276 16 64 200 54
277 16 2 50 79
278 2 16 50 86
108
0 165 64 155
1 181 49 129
4 129 48 147
5 17 61 99
7 235 61 91
9 165 56 165
10 59 52 105
10 257 44 96
11 76 46 158
11 21 65 124
11 225 43 91
12 190 46 140
13 263 53 186
13 118 40 140
16 122 59 117
17 70 40 96
21 198 50 167
22 139 43 168
22 79 45 136
22 44 58 192
25 96 42 124
26 73 51 178
27 39 46 191
27 42 48 195
28 222 49 128
28 148 62 175
29 123 68 148
30 47 68 138
31 76 57 165
32 266 66 163
33 169 63 93
33 247 42 188
33 242 64 150
37 157 58 135
42 53 60 197
42 157 55 168
42 184 65 100
47 129 53 124
49 257 67 168
49 178 49 195
51 178 65 94
52 67 57 151
54 173 55 200
55 180 64 95
57 74 58 164
61 173 57 164
63 149 61 166
65 208 60 96
66 237 40 90
67 75 55 124
67 142 63 128
68 134 65 147
72 189 69 198
73 146 50 166
74 184 50 171
74 122 53 199
75 153 70 103
75 181 62 129
79 113 44 135
84 118 64 186
92 201 45 178
93 200 60 176
93 268 65 133
94 215 45 102
95 215 67 117
97 152 64 168
100 207 44 128
102 258 40 158
103 211 66 170
106 165 40 157
107 170 58 142
108 178 46 111
110 175 42 195
113 211 64 176
115 215 62 158
119 201 55 157
122 144 40 115
122 214 65 157
123 269 42 182
125 178 55 185
128 182 58 112
131 186 68 181
133 140 42 171
135 234 64 179
137 242 68 114
140 171 52 124
146 201 62 182
148 222 49 95
150 260 50 91
150 270 55 118
151 238 42 171
151 167 65 146
161 219 50 190
168 215 50 112
174 236 45 165
177 243 57 114
177 195 48 139
178 198 64 126
179 219 45 110
182 256 61 132
188 206 48 168
192 205 69 129
195 201 61 163
197 275 65 103
201 259 48 121
203 253 47 161
219 270 61 106
237 274 48 175