95
0 32 64 500 129
1 16 128 2400 173
2 64 64 500 127
3 64 256 2400 156
4 32 128 800 148
5 64 256 5000 95
6 64 64 800 168
7 128 64 5000 100
8 64 256 1000 132
9 16 16 1000 126
10 128 256 5000 99
11 64 256 500 148
12 32 128 800 152
13 64 128 800 90
14 16 256 500 145
15 32 16 500 109
16 64 16 1000 188
17 64 256 5000 138
18 128 64 1000 140
19 16 64 1000 192
20 16 256 5000 184
21 64 128 1000 106
22 128 16 500 119
23 32 64 1000 195
24 16 64 500 105
25 16 64 5000 100
26 128 256 2400 134
27 32 128 800 145
28 64 128 800 192
29 64 64 500 156
30 16 128 1000 103
31 16 256 1000 119
32 128 256 800 147
33 64 64 1000 114
34 32 128 800 160
35 16 256 1000 200
36 64 64 2400 130
37 128 64 5000 186
38 128 256 5000 190
39 64 128 1000 131
40 64 256 2400 110
41 32 16 1000 181
42 128 16 800 95
43 64 256 2400 110
44 128 256 500 124
45 64 16 5000 150
46 64 64 5000 123
47 64 128 500 194
48 16 16 5000 104
49 16 128 1000 117
50 32 16 5000 188
51 64 256 500 90
52 32 64 500 109
53 16 128 2400 93
54 16 64 5000 165
55 128 128 1000 165
56 32 16 500 104
57 16 256 2400 92
58 16 64 500 139
59 128 128 1000 123
60 128 256 1000 193
61 32 16 1000 128
62 64 64 500 103
63 64 64 2400 184
64 16 16 1000 101
65 64 256 5000 159
66 16 64 500 119
67 16 16 800 118
68 16 256 2400 133
69 128 128 2400 179
70 16 64 2400 184
71 32 16 1000 144
72 16 16 2400 132
73 32 256 800 147
74 32 128 500 126
75 64 128 5000 176
76 16 128 800 105
77 32 16 1000 187
78 32 16 500 117
79 128 64 1000 101
80 16 128 800 143
81 128 128 2400 102
82 128 16 2400 99
83 16 16 800 158
84 16 256 800 155
85 128 256 500 111
86 128 64 500 200
87 32 16 500 190
88 64 64 1000 189
89 64 256 2400 194
90 64 128 800 94
91 32 16 800 171
92 16 64 2400 180
93 128 16 1000 137
94 64 256 5000 127
27
2 52 54 198
5 38 56 136
7 39 59 133
8 46 65 158
9 76 66 90
11 42 48 185
13 74 51 179
16 33 53 176
22 53 70 150
26 31 64 180
28 73 48 119
30 35 49 168
33 72 49 168
35 87 55 177
38 83 40 103
39 72 40 95
42 83 66 151
43 65 41 189
49 52 50 104
51 83 50 140
56 70 63 184
71 90 42 110
75 94 59 94
81 90 42 121
86 95 60 158
87 93 63 96
87 91 54 137