391
0 16 64 1000 142
1 64 64 800 158
2 32 256 800 117
3 128 64 1000 200
4 64 128 1000 164
5 32 16 800 134
6 128 256 1000 125
7 16 128 2400 109
8 128 128 1000 192
9 16 128 800 192
10 32 128 2400 121
11 64 256 1000 103
12 64 64 500 104
13 64 16 2400 147
14 128 256 500 114
15 16 64 2400 192
16 16 64 2400 194
17 16 16 2400 170
18 16 128 500 194
19 16 128 1000 102
20 64 16 1000 192
21 64 128 2400 113
22 16 256 800 135
23 64 64 2400 157
24 32 128 1000 127
25 16 256 800 165
26 32 128 1000 196
27 64 16 800 186
28 16 64 500 109
29 16 64 500 185
30 128 128 1000 112
31 32 256 800 92
32 32 256 1000 95
33 64 16 500 123
34 32 16 2400 194
35 128 128 800 153
36 16 128 800 145
37 64 128 500 165
38 64 256 800 186
39 64 64 2400 140
40 128 256 800 144
41 64 256 2400 94
42 32 128 1000 184
43 16 16 1000 136
44 16 16 1000 176
45 16 64 2400 103
46 128 16 500 146
47 128 128 500 145
48 128 256 800 160
49 64 256 500 92
50 32 128 500 146
51 128 128 5000 98
52 128 128 500 168
53 64 256 1000 135
54 16 16 5000 178
55 128 256 500 193
56 128 64 1000 176
57 128 128 5000 150
58 128 128 1000 114
59 64 64 1000 173
60 16 128 5000 100
61 128 64 500 168
62 128 64 5000 112
63 128 16 5000 161
64 32 128 1000 178
65 64 128 800 171
66 16 64 2400 155
67 128 128 2400 185
68 16 128 500 121
69 128 128 800 178
70 64 16 500 119
71 16 128 5000 117
72 64 64 5000 190
73 64 16 500 190
74 128 128 2400 109
75 32 64 2400 106
76 128 64 800 144
77 32 256 2400 111
78 128 16 2400 146
79 16 64 5000 157
80 128 256 5000 95
81 128 128 2400 187
82 64 16 5000 103
83 32 128 800 166
84 128 64 1000 162
85 64 64 1000 183
86 128 256 800 185
87 32 16 2400 175
88 16 256 800 140
89 16 256 800 162
90 128 16 2400 157
91 16 64 2400 156
92 32 128 1000 182
93 128 64 5000 178
94 32 256 2400 147
95 16 128 800 158
96 128 64 500 176
97 64 16 800 196
98 128 128 1000 168
99 64 64 2400 156
100 128 16 1000 99
101 64 256 1000 180
102 16 256 5000 198
103 64 64 800 148
104 32 128 500 105
105 16 16 2400 135
106 64 16 2400 151
107 64 16 800 122
108 32 256 800 197
109 32 16 800 170
110 64 256 1000 179
111 32 64 800 95
112 16 256 2400 119
113 16 128 1000 145
114 16 16 5000 193
115 32 64 1000 196
116 16 64 2400 180
117 16 16 500 156
118 64 16 2400 143
119 16 16 2400 146
120 64 128 500 109
121 32 16 1000 196
122 16 256 5000 115
123 64 256 800 152
124 32 16 500 123
125 16 64 5000 94
126 16 16 2400 96
127 64 16 5000 174
128 32 256 1000 145
129 128 128 2400 126
130 32 128 5000 137
131 64 256 2400 145
132 128 64 1000 148
133 16 16 1000 137
134 16 16 1000 105
135 64 128 5000 143
136 16 64 800 143
137 16 64 1000 98
138 128 64 2400 142
139 128 128 1000 162
140 16 256 1000 122
141 64 16 500 144
142 16 256 800 144
143 128 16 5000 161
144 64 128 800 94
145 32 256 500 125
146 128 256 800 117
147 32 128 1000 102
148 64 256 500 186
149 32 128 2400 156
150 64 64 2400 113
151 32 64 2400 182
152 128 128 500 93
153 16 256 500 97
154 128 128 1000 138
155 32 128 500 111
156 64 256 2400 168
157 16 256 1000 112
158 32 16 1000 101
159 32 64 800 183
160 16 64 800 196
161 16 16 5000 138
162 16 16 5000 131
163 32 128 5000 101
164 16 16 5000 150
165 32 64 2400 175
166 32 256 500 119
167 64 128 2400 145
168 128 128 5000 134
169 16 256 1000 122
170 32 64 800 140
171 64 128 2400 198
172 64 16 1000 183
173 128 256 500 192
174 128 64 800 159
175 128 128 1000 163
176 128 128 500 137
177 64 16 5000 149
178 64 16 5000 169
179 128 256 2400 142
180 16 16 800 104
181 64 16 1000 181
182 32 16 5000 90
183 64 256 800 171
184 16 256 500 101
185 32 16 5000 116
186 64 64 2400 148
187 16 256 2400 185
188 16 256 800 98
189 16 64 800 114
190 64 128 2400 179
191 64 16 2400 122
192 64 256 5000 177
193 64 128 2400 123
194 64 64 2400 171
195 32 64 1000 92
196 128 64 1000 114
197 64 64 800 164
198 64 128 500 97
199 64 256 1000 171
200 16 128 500 146
201 32 128 1000 189
202 32 128 1000 127
203 128 16 500 150
204 128 16 2400 195
205 128 128 2400 180
206 32 16 2400 179
207 32 128 5000 149
208 128 16 5000 92
209 32 16 5000 190
210 16 128 500 178
211 16 16 500 168
212 16 16 1000 199
213 32 16 500 194
214 32 64 2400 130
215 32 16 1000 119
216 16 128 5000 118
217 32 64 1000 170
218 128 128 2400 173
219 64 128 2400 194
220 16 64 800 107
221 64 64 1000 106
222 64 16 800 167
223 128 256 1000 172
224 32 16 2400 183
225 16 16 1000 188
226 64 64 800 137
227 128 256 800 95
228 32 128 1000 200
229 32 64 5000 101
230 32 256 1000 165
231 128 128 1000 128
232 16 128 2400 182
233 32 64 500 121
234 64 256 500 126
235 64 128 800 192
236 32 256 1000 112
237 128 128 800 94
238 64 256 800 179
239 128 128 1000 176
240 128 64 500 135
241 32 16 5000 181
242 128 256 1000 112
243 64 16 1000 151
244 128 64 1000 172
245 64 64 2400 161
246 64 256 5000 143
247 16 16 800 181
248 16 16 500 161
249 32 64 2400 196
250 128 256 1000 190
251 16 256 500 154
252 64 256 5000 139
253 64 64 2400 137
254 16 64 500 142
255 64 16 500 196
256 64 256 2400 108
257 32 16 5000 113
258 16 64 2400 107
259 32 64 2400 102
260 16 128 2400 133
261 16 64 5000 97
262 128 64 1000 94
263 16 256 800 128
264 128 128 500 164
265 32 256 5000 132
266 16 256 800 132
267 16 128 1000 114
268 64 64 500 106
269 32 16 1000 180
270 64 64 2400 179
271 128 256 800 191
272 128 256 2400 101
273 128 256 5000 117
274 128 256 2400 131
275 128 64 2400 119
276 128 16 1000 180
277 64 64 5000 114
278 128 64 500 147
279 64 64 500 154
280 64 64 800 103
281 64 256 5000 176
282 16 128 5000 117
283 64 16 5000 154
284 32 256 1000 99
285 64 128 1000 141
286 32 128 500 130
287 32 64 2400 99
288 64 128 800 176
289 64 16 1000 127
290 64 128 800 124
291 64 128 800 142
292 32 128 2400 179
293 128 64 1000 175
294 128 256 800 98
295 128 16 500 135
296 64 16 2400 170
297 32 256 2400 163
298 32 128 500 154
299 128 16 2400 149
300 32 256 500 179
301 64 128 5000 163
302 64 128 1000 128
303 128 16 2400 155
304 128 256 2400 113
305 64 256 500 166
306 16 128 2400 141
307 16 128 1000 162
308 128 16 2400 179
309 16 16 1000 95
310 64 128 5000 158
311 128 16 500 119
312 32 64 1000 196
313 64 64 500 195
314 128 256 1000 174
315 64 64 5000 149
316 16 16 800 141
317 128 64 1000 153
318 32 16 1000 183
319 16 128 5000 171
320 16 64 1000 171
321 32 64 500 153
322 128 256 1000 111
323 128 64 5000 120
324 32 64 5000 175
325 128 16 1000 122
326 32 16 2400 177
327 32 64 2400 151
328 16 16 800 175
329 32 64 2400 128
330 16 16 2400 148
331 32 256 500 170
332 32 16 1000 181
333 16 16 800 159
334 128 256 500 196
335 64 64 2400 171
336 16 64 5000 126
337 64 256 500 97
338 128 256 5000 169
339 64 16 500 177
340 128 128 1000 162
341 128 128 2400 200
342 128 16 1000 110
343 16 16 500 194
344 16 16 800 144
345 128 16 2400 198
346 128 64 800 110
347 128 128 2400 182
348 16 16 5000 193
349 128 64 5000 128
350 64 16 2400 175
351 32 128 800 164
352 32 256 800 128
353 128 128 5000 135
354 128 16 500 95
355 64 16 800 168
356 16 256 5000 159
357 32 128 5000 156
358 32 16 5000 179
359 32 16 5000 192
360 16 64 1000 138
361 32 64 2400 153
362 128 64 500 116
363 64 64 1000 94
364 32 64 800 119
365 16 256 800 98
366 32 128 5000 164
367 32 256 2400 177
368 16 16 800 122
369 16 256 500 174
370 128 64 1000 192
371 128 256 5000 190
372 128 64 5000 123
373 64 128 5000 182
374 32 16 5000 163
375 64 128 2400 97
376 64 256 800 102
377 32 64 2400 173
378 32 16 500 183
379 64 64 5000 104
380 16 128 800 105
381 16 256 800 120
382 16 64 2400 151
383 128 256 800 120
384 32 16 800 187
385 32 256 500 138
386 32 256 500 130
387 32 16 1000 179
388 16 256 2400 114
389 128 256 2400 95
390 128 128 1000 146
31
7 298 51 101
15 275 60 168
27 110 50 176
30 230 55 142
32 257 70 200
36 93 50 184
55 281 64 166
90 331 50 98
90 108 50 144
99 164 56 154
101 135 68 126
121 300 56 99
141 162 48 178
144 213 54 104
152 317 44 135
170 192 62 139
174 179 62 105
183 314 46 118
185 219 61 170
185 276 49 132
196 273 58 186
245 301 43 122
247 351 70 131
254 353 63 149
264 284 53 181
267 365 53 90
298 348 45 114
314 372 59 141
327 367 43 162
341 347 42 128
341 363 46 96