68
0 128 64 5000 116
1 32 256 2400 137
2 64 256 500 137
3 16 64 5000 152
4 128 256 2400 98
5 32 128 1000 173
6 64 256 500 99
7 32 256 2400 91
8 16 64 500 159
9 32 256 800 181
10 128 128 800 178
11 64 256 800 125
12 32 128 500 115
13 64 256 500 98
14 128 128 2400 158
15 16 16 500 176
16 16 64 1000 107
17 64 128 1000 180
18 32 16 500 135
19 32 16 800 130
20 64 64 1000 111
21 16 128 5000 117
22 64 128 2400 117
23 64 128 500 177
24 64 64 500 131
25 64 64 800 143
26 16 128 2400 188
27 128 16 800 171
28 16 256 800 185
29 32 64 2400 126
30 64 256 500 169
31 64 16 1000 93
32 32 16 5000 103
33 128 64 800 148
34 16 256 5000 173
35 16 64 1000 167
36 16 256 800 188
37 16 128 800 118
38 32 16 5000 133
39 64 256 5000 180
40 64 16 800 162
41 64 256 800 170
42 16 128 2400 140
43 64 256 2400 195
44 128 128 800 153
45 128 128 1000 152
46 32 16 2400 124
47 128 64 5000 127
48 64 64 1000 151
49 16 256 1000 94
50 64 16 1000 187
51 128 16 5000 154
52 32 128 800 111
53 16 64 5000 108
54 32 256 800 187
55 16 128 1000 169
56 64 256 5000 190
57 32 128 800 193
58 128 64 5000 105
59 64 64 2400 121
60 128 128 1000 148
61 32 16 1000 170
62 16 16 2400 109
63 64 16 800 112
64 16 256 5000 199
65 32 128 2400 196
66 32 256 1000 185
67 128 256 5000 199
29
0 31 70 188
1 47 69 174
1 62 63 123
3 37 55 191
4 33 51 111
4 34 64 154
6 39 47 179
7 25 61 193
7 14 58 154
16 53 49 107
20 56 58 110
23 41 70 116
23 47 42 200
25 34 56 143
29 38 69 200
29 67 61 183
32 42 66 149
33 50 56 97
34 49 47 92
38 44 52 182
38 47 67 111
39 41 53 105
41 47 51 167
41 47 45 112
44 65 48 161
45 56 41 198
51 52 69 133
54 62 69 189
63 66 66 128