933
0 4 16 500 77
1 16 16 500 44
2 64 8 200 83
3 32 8 200 92
4 16 64 2000 33
5 4 8 500 66
6 16 8 500 68
7 4 16 1000 64
8 16 128 2000 45
9 4 64 1000 74
10 64 128 500 94
11 32 8 500 71
12 4 64 2000 63
13 32 8 200 48
14 16 8 2000 62
15 4 16 100 57
16 4 8 100 79
17 4 64 1000 91
18 32 64 100 96
19 16 128 500 52
20 16 128 200 68
21 16 128 200 92
22 64 8 500 94
23 64 128 500 95
24 64 128 200 52
25 16 16 100 63
26 4 16 2000 69
27 64 128 2000 91
28 16 64 2000 30
29 4 16 2000 87
30 32 128 200 84
31 32 64 100 52
32 64 128 500 68
33 16 8 200 90
34 4 128 500 36
35 64 128 200 79
36 32 64 200 89
37 32 64 200 42
38 64 128 500 72
39 4 128 200 73
40 64 64 500 93
41 64 64 500 72
42 16 16 1000 95
43 16 16 2000 62
44 64 64 500 64
45 32 64 2000 98
46 64 128 1000 65
47 64 64 500 70
48 32 64 2000 84
49 16 16 100 34
50 32 64 100 46
51 32 8 500 32
52 64 64 1000 95
53 64 8 1000 55
54 32 128 200 100
55 32 8 2000 98
56 32 8 1000 71
57 4 16 1000 53
58 4 8 500 64
59 32 64 2000 36
60 32 16 2000 80
61 32 16 2000 73
62 16 128 500 65
63 64 128 500 62
64 16 64 500 39
65 4 128 2000 49
66 16 8 2000 76
67 16 8 200 32
68 16 16 100 64
69 32 16 200 90
70 16 8 100 65
71 16 16 1000 69
72 16 128 1000 52
73 64 128 500 79
74 16 16 500 32
75 64 16 200 55
76 64 8 2000 93
77 64 8 200 93
78 64 64 200 51
79 64 16 2000 53
80 32 16 2000 38
81 64 16 1000 90
82 16 128 1000 74
83 64 8 200 55
84 64 128 1000 99
85 16 8 1000 48
86 4 16 1000 44
87 32 64 1000 60
88 32 16 1000 39
89 4 128 200 61
90 64 16 200 90
91 64 128 200 87
92 16 16 2000 93
93 64 64 200 52
94 64 8 100 31
95 4 64 1000 45
96 32 16 1000 71
97 32 8 100 47
98 4 64 500 60
99 16 128 100 46
100 4 128 500 87
101 16 16 2000 65
102 64 64 100 32
103 64 64 200 70
104 32 8 200 72
105 32 16 200 96
106 4 16 100 79
107 64 128 2000 39
108 4 16 2000 48
109 16 8 500 61
110 4 64 1000 94
111 16 128 200 73
112 64 8 500 59
113 64 128 100 50
114 16 16 1000 39
115 16 16 100 38
116 16 128 2000 96
117 4 8 500 67
118 4 128 2000 80
119 16 16 100 96
120 16 16 2000 36
121 4 128 100 87
122 16 16 200 63
123 32 64 200 93
124 4 8 500 70
125 4 64 1000 92
126 32 16 500 92
127 16 64 200 60
128 32 16 100 47
129 4 16 200 98
130 32 16 200 57
131 64 8 500 57
132 64 128 100 60
133 32 16 1000 72
134 64 64 1000 37
135 16 16 100 40
136 4 128 500 65
137 4 128 2000 38
138 64 8 1000 42
139 16 16 200 53
140 4 8 200 98
141 4 64 100 51
142 4 64 1000 62
143 32 16 100 95
144 4 16 200 38
145 16 64 500 57
146 4 16 100 73
147 16 64 200 31
148 32 16 1000 82
149 4 128 500 81
150 64 128 200 75
151 4 64 500 36
152 16 8 200 80
153 4 16 200 96
154 4 8 200 88
155 32 8 100 95
156 16 64 200 37
157 16 128 500 84
158 4 64 500 75
159 64 64 200 41
160 64 16 2000 40
161 64 8 2000 49
162 16 8 100 61
163 4 8 500 63
164 16 64 1000 65
165 16 16 1000 48
166 4 8 200 75
167 4 8 2000 75
168 16 8 1000 98
169 16 64 200 66
170 4 8 200 38
171 4 16 100 32
172 64 16 200 31
173 16 8 500 54
174 64 128 1000 81
175 4 8 2000 57
176 64 128 100 36
177 4 128 200 63
178 32 16 500 46
179 4 64 2000 81
180 4 16 2000 37
181 64 8 200 82
182 4 8 500 41
183 4 16 500 85
184 16 16 100 44
185 4 8 1000 87
186 4 16 2000 80
187 32 128 1000 91
188 32 64 2000 61
189 4 16 500 65
190 32 64 2000 64
191 16 16 100 73
192 32 128 1000 37
193 64 128 2000 73
194 16 128 1000 97
195 4 128 2000 44
196 16 128 1000 69
197 64 16 100 54
198 32 8 100 43
199 32 8 500 78
200 32 8 200 61
201 4 16 200 82
202 16 8 200 91
203 4 8 500 45
204 16 128 200 79
205 32 16 1000 77
206 32 8 1000 41
207 4 64 100 34
208 4 8 100 65
209 32 16 500 76
210 32 128 1000 81
211 32 16 200 90
212 32 128 200 90
213 4 16 200 40
214 16 128 500 83
215 64 8 1000 65
216 4 8 100 83
217 32 8 200 78
218 4 128 100 73
219 16 16 2000 81
220 4 8 2000 78
221 16 64 200 55
222 32 8 2000 64
223 4 128 100 68
224 64 128 1000 79
225 32 64 2000 34
226 32 64 1000 33
227 32 8 2000 55
228 4 128 200 55
229 16 128 200 95
230 4 128 500 43
231 4 8 200 84
232 64 64 100 71
233 64 128 1000 96
234 64 8 2000 59
235 32 128 2000 49
236 4 128 100 70
237 4 64 2000 91
238 4 16 500 92
239 32 64 1000 57
240 32 64 2000 63
241 4 128 200 56
242 16 128 100 88
243 4 64 500 65
244 32 128 2000 52
245 4 8 2000 43
246 16 64 100 34
247 32 16 2000 78
248 16 128 1000 35
249 4 16 200 93
250 16 64 2000 67
251 64 16 2000 72
252 64 64 2000 45
253 64 16 200 55
254 32 128 1000 36
255 4 64 2000 32
256 64 16 2000 78
257 4 16 500 83
258 64 16 200 63
259 32 16 1000 38
260 32 64 2000 51
261 32 8 1000 90
262 16 64 1000 41
263 64 16 2000 96
264 32 128 1000 53
265 16 128 200 68
266 64 64 2000 71
267 16 64 200 42
268 16 128 2000 96
269 32 8 500 33
270 64 64 200 59
271 32 16 2000 39
272 4 8 500 85
273 64 8 2000 71
274 4 8 100 82
275 64 128 1000 69
276 4 16 200 76
277 4 128 1000 75
278 16 64 100 48
279 32 128 100 80
280 64 8 2000 94
281 4 16 100 41
282 32 8 100 88
283 64 128 1000 39
284 32 8 100 84
285 4 64 500 65
286 64 128 2000 30
287 4 16 500 78
288 4 128 200 64
289 32 8 100 98
290 32 8 2000 96
291 4 8 500 46
292 32 16 200 44
293 16 64 1000 69
294 16 64 500 100
295 64 128 200 89
296 16 64 2000 58
297 16 16 200 69
298 4 16 2000 50
299 64 8 100 90
300 32 128 1000 68
301 16 128 2000 62
302 64 128 100 47
303 32 16 500 49
304 16 128 500 59
305 16 64 500 80
306 16 64 2000 30
307 64 16 100 70
308 16 64 500 76
309 16 64 200 64
310 32 8 100 77
311 4 8 500 70
312 32 128 500 57
313 64 16 100 100
314 4 8 200 74
315 64 64 500 99
316 64 64 100 84
317 64 8 200 41
318 16 16 1000 69
319 16 16 2000 88
320 16 8 2000 81
321 16 8 100 78
322 16 8 1000 70
323 16 64 200 64
324 4 64 100 98
325 32 8 500 98
326 16 8 500 67
327 32 128 2000 92
328 32 128 2000 82
329 64 64 100 55
330 32 128 200 46
331 64 8 100 45
332 16 64 100 65
333 16 128 500 49
334 32 128 200 44
335 4 128 500 54
336 4 16 500 95
337 32 16 1000 34
338 64 64 100 41
339 64 8 100 80
340 64 8 1000 78
341 32 64 200 72
342 32 128 1000 43
343 16 8 500 59
344 16 8 2000 72
345 64 16 500 30
346 32 64 2000 40
347 32 64 200 31
348 16 64 500 56
349 4 64 200 47
350 4 8 100 67
351 16 128 2000 52
352 16 128 200 43
353 4 64 2000 47
354 64 16 2000 32
355 16 8 500 81
356 64 128 100 37
357 32 64 2000 94
358 64 8 500 62
359 32 16 1000 93
360 32 64 100 68
361 64 16 1000 39
362 16 128 2000 92
363 32 64 200 99
364 16 16 1000 73
365 32 64 100 54
366 32 8 100 67
367 4 64 100 46
368 32 128 200 74
369 16 16 1000 48
370 4 8 2000 94
371 32 16 500 96
372 16 64 1000 96
373 4 16 200 49
374 32 8 1000 81
375 64 64 100 80
376 64 16 1000 71
377 4 16 500 67
378 64 8 2000 91
379 64 8 1000 80
380 4 64 2000 90
381 4 16 500 54
382 32 8 100 49
383 4 128 500 41
384 4 8 500 53
385 4 128 200 96
386 16 128 500 32
387 32 128 1000 93
388 32 64 500 69
389 32 128 1000 57
390 64 8 2000 30
391 16 64 100 70
392 4 8 1000 49
393 64 16 100 52
394 4 16 1000 40
395 4 64 100 94
396 64 64 500 71
397 4 128 200 48
398 16 128 500 98
399 4 64 500 82
400 32 128 2000 83
401 16 128 500 42
402 32 16 2000 100
403 32 16 2000 65
404 16 128 2000 77
405 16 16 200 97
406 32 8 100 79
407 16 8 500 85
408 4 128 100 35
409 32 8 500 35
410 16 64 1000 62
411 16 64 200 73
412 32 8 200 73
413 32 8 2000 37
414 32 128 200 54
415 64 16 500 37
416 64 16 200 60
417 4 64 1000 79
418 64 16 500 77
419 4 128 500 55
420 4 8 2000 35
421 64 8 200 54
422 32 64 1000 45
423 16 64 200 77
424 4 8 1000 73
425 32 8 1000 71
426 4 64 2000 88
427 64 8 100 94
428 16 16 100 85
429 32 128 2000 71
430 4 16 1000 69
431 16 16 2000 41
432 16 128 2000 98
433 32 16 2000 82
434 4 64 200 76
435 16 8 500 39
436 32 16 2000 95
437 32 128 500 33
438 32 8 200 50
439 32 64 2000 82
440 64 8 100 89
441 4 128 200 67
442 32 8 2000 69
443 4 64 500 72
444 4 8 500 97
445 64 8 100 62
446 16 128 200 86
447 16 128 2000 31
448 64 64 100 84
449 64 8 100 94
450 16 128 500 65
451 64 16 1000 91
452 16 128 1000 90
453 32 128 200 60
454 32 16 100 97
455 64 128 100 36
456 64 64 200 44
457 16 8 2000 72
458 32 8 500 43
459 4 8 100 70
460 64 8 1000 49
461 64 8 200 36
462 32 16 200 52
463 16 16 500 72
464 16 16 2000 33
465 4 8 100 58
466 64 8 100 50
467 32 8 1000 61
468 4 16 200 31
469 16 64 200 52
470 16 8 200 68
471 64 8 100 50
472 64 128 500 53
473 64 128 500 51
474 16 16 200 78
475 4 64 2000 32
476 32 8 1000 100
477 4 16 1000 33
478 32 64 100 72
479 32 8 200 65
480 4 64 100 75
481 32 8 200 56
482 32 8 500 43
483 32 8 2000 77
484 4 8 1000 61
485 16 16 200 62
486 16 8 1000 89
487 16 128 100 90
488 4 64 100 35
489 32 16 500 80
490 4 128 100 79
491 64 8 500 41
492 4 128 500 32
493 32 16 200 52
494 32 16 200 98
495 16 128 2000 59
496 32 8 2000 78
497 16 8 500 69
498 4 128 1000 35
499 4 64 200 65
500 64 16 1000 66
501 32 8 500 69
502 4 64 500 87
503 32 8 200 80
504 64 128 1000 99
505 64 128 500 64
506 16 64 500 38
507 64 64 100 98
508 16 16 2000 81
509 16 64 1000 74
510 4 16 1000 97
511 64 8 1000 69
512 64 128 500 59
513 16 8 1000 47
514 64 128 200 51
515 64 8 200 87
516 4 64 500 81
517 16 128 200 88
518 32 16 100 95
519 32 64 500 72
520 16 64 500 78
521 64 64 2000 95
522 32 8 100 30
523 4 8 100 44
524 32 128 100 72
525 4 8 500 37
526 16 8 500 49
527 64 128 2000 93
528 64 64 1000 61
529 16 16 200 46
530 64 64 1000 57
531 4 64 500 86
532 4 128 2000 33
533 32 16 2000 72
534 32 64 200 91
535 16 8 2000 80
536 4 16 500 41
537 32 8 200 67
538 32 128 2000 62
539 16 16 1000 67
540 4 16 500 97
541 16 64 1000 81
542 16 8 2000 37
543 4 64 200 37
544 4 8 100 59
545 32 16 500 48
546 64 64 100 41
547 32 128 100 73
548 64 64 2000 33
549 4 64 1000 36
550 16 8 2000 73
551 32 16 2000 62
552 32 128 500 39
553 32 128 500 93
554 32 16 2000 93
555 32 64 200 61
556 16 16 500 88
557 32 128 1000 82
558 32 16 2000 70
559 64 16 2000 68
560 16 64 2000 73
561 32 128 2000 78
562 16 16 500 40
563 64 8 1000 37
564 32 8 2000 50
565 32 64 200 86
566 32 64 100 58
567 64 8 100 83
568 32 16 1000 38
569 32 8 2000 50
570 16 16 500 49
571 32 64 1000 69
572 32 16 2000 41
573 32 8 500 99
574 64 128 2000 52
575 16 16 2000 33
576 4 16 2000 81
577 64 16 1000 69
578 64 16 500 83
579 16 8 2000 74
580 16 128 500 31
581 16 64 2000 59
582 32 16 200 88
583 16 64 2000 46
584 4 8 100 47
585 32 128 2000 57
586 16 8 200 40
587 16 64 200 65
588 16 8 200 45
589 32 16 2000 38
590 32 64 2000 89
591 32 16 100 85
592 64 64 1000 71
593 64 8 100 37
594 32 64 100 49
595 32 64 100 49
596 32 64 2000 73
597 16 64 100 88
598 32 128 2000 84
599 16 16 2000 94
600 16 16 1000 79
601 4 16 500 97
602 32 16 100 33
603 64 128 2000 68
604 64 8 500 83
605 4 128 1000 67
606 64 16 200 62
607 4 64 200 52
608 32 64 1000 59
609 16 8 100 82
610 32 64 2000 93
611 16 64 200 58
612 4 8 2000 69
613 64 16 100 68
614 64 64 200 69
615 4 8 2000 90
616 16 64 1000 43
617 4 16 2000 61
618 64 64 500 89
619 64 16 1000 81
620 64 8 2000 100
621 4 8 2000 55
622 16 64 1000 49
623 16 16 200 79
624 64 128 100 58
625 64 16 2000 92
626 16 8 500 32
627 64 16 2000 93
628 4 128 2000 87
629 64 128 1000 77
630 4 128 200 65
631 32 16 2000 32
632 32 64 1000 50
633 32 128 2000 95
634 64 16 500 59
635 64 16 500 45
636 16 16 1000 69
637 64 128 100 88
638 4 128 1000 33
639 32 128 100 49
640 64 128 1000 66
641 64 64 100 70
642 16 8 1000 84
643 16 16 200 50
644 16 128 200 48
645 4 8 2000 62
646 64 16 500 37
647 64 8 1000 85
648 32 64 100 45
649 64 8 500 53
650 16 8 100 95
651 32 128 2000 89
652 4 8 2000 50
653 32 16 500 89
654 32 16 100 40
655 32 8 500 52
656 4 64 2000 53
657 16 128 1000 81
658 32 64 200 64
659 4 8 200 85
660 64 16 200 86
661 16 64 1000 77
662 4 64 1000 70
663 32 8 1000 90
664 32 8 1000 37
665 64 64 1000 84
666 64 64 500 30
667 4 64 2000 60
668 32 64 200 73
669 32 8 2000 41
670 32 128 1000 88
671 64 128 500 92
672 16 8 500 85
673 32 128 100 64
674 16 16 200 45
675 16 64 200 81
676 16 64 200 70
677 16 64 500 69
678 64 8 1000 91
679 16 8 2000 81
680 64 64 1000 69
681 16 8 2000 66
682 16 64 200 32
683 64 16 2000 58
684 16 16 2000 69
685 64 128 500 58
686 16 8 100 63
687 4 16 200 66
688 16 8 100 75
689 64 16 500 70
690 32 8 1000 56
691 64 16 2000 63
692 4 64 2000 30
693 16 64 1000 55
694 32 16 100 32
695 16 8 500 84
696 4 64 500 58
697 32 128 100 94
698 4 128 200 85
699 64 64 100 95
700 16 64 2000 38
701 32 64 500 50
702 64 8 1000 31
703 4 8 1000 40
704 4 64 1000 59
705 32 8 100 94
706 64 64 500 92
707 64 64 1000 80
708 64 16 2000 72
709 64 16 1000 74
710 32 8 1000 41
711 16 16 1000 80
712 4 128 100 87
713 16 128 1000 31
714 16 8 200 69
715 64 16 1000 90
716 16 16 500 60
717 32 128 2000 48
718 64 8 100 50
719 64 64 2000 97
720 4 8 500 85
721 64 8 2000 32
722 16 8 100 41
723 64 8 2000 84
724 4 128 500 44
725 4 16 2000 30
726 64 8 2000 95
727 64 128 1000 85
728 32 16 200 58
729 32 64 200 90
730 32 16 500 69
731 4 64 2000 35
732 32 16 1000 74
733 16 8 2000 83
734 32 64 200 95
735 4 16 500 57
736 16 64 100 91
737 32 8 2000 31
738 16 128 1000 87
739 16 16 100 49
740 32 128 1000 68
741 4 16 100 56
742 32 16 2000 90
743 4 128 1000 57
744 16 8 1000 32
745 4 64 100 36
746 16 64 200 96
747 4 128 100 66
748 64 8 2000 70
749 64 128 2000 30
750 16 8 100 99
751 16 8 200 73
752 4 8 1000 86
753 64 128 200 97
754 64 128 1000 91
755 4 64 200 62
756 64 8 2000 92
757 4 128 1000 89
758 64 8 2000 76
759 32 16 2000 81
760 4 8 2000 81
761 64 8 2000 75
762 32 16 500 59
763 32 64 200 62
764 4 64 2000 81
765 64 128 500 79
766 16 128 1000 46
767 16 128 1000 52
768 4 64 100 62
769 4 16 200 65
770 64 64 500 30
771 16 8 100 39
772 4 8 1000 48
773 32 64 1000 67
774 16 64 500 88
775 16 16 100 32
776 64 8 200 68
777 64 128 200 86
778 64 8 500 61
779 4 8 500 35
780 32 64 200 38
781 64 64 500 78
782 16 128 100 59
783 64 16 2000 33
784 64 128 200 61
785 64 64 1000 62
786 4 16 2000 87
787 16 128 200 82
788 16 16 500 50
789 16 16 200 98
790 4 64 500 30
791 16 16 200 89
792 16 8 1000 41
793 16 64 2000 53
794 64 128 500 35
795 16 16 1000 30
796 16 16 500 57
797 64 64 100 98
798 4 128 1000 70
799 4 16 1000 53
800 4 128 2000 66
801 4 16 1000 47
802 64 8 200 63
803 32 128 2000 44
804 16 128 200 81
805 64 8 100 40
806 64 64 2000 39
807 4 128 100 78
808 4 16 500 79
809 32 128 2000 58
810 32 8 200 40
811 64 16 2000 48
812 16 64 2000 60
813 32 8 2000 59
814 64 16 100 67
815 32 128 1000 33
816 32 128 500 49
817 32 64 500 90
818 64 64 100 46
819 64 128 200 69
820 32 16 2000 92
821 64 16 100 86
822 32 8 100 91
823 32 8 200 43
824 64 16 2000 64
825 16 64 200 88
826 16 64 200 49
827 64 64 100 77
828 4 16 200 74
829 32 8 1000 38
830 16 64 100 70
831 64 8 100 88
832 16 128 200 49
833 64 8 1000 73
834 32 64 500 53
835 4 16 2000 97
836 4 8 100 52
837 32 64 1000 55
838 32 8 1000 56
839 64 16 500 83
840 32 64 200 30
841 64 64 1000 35
842 32 16 500 54
843 16 64 100 56
844 32 16 1000 63
845 32 8 200 58
846 16 64 200 79
847 16 128 100 69
848 16 64 1000 47
849 32 64 1000 84
850 4 64 2000 80
851 64 16 100 73
852 64 128 2000 40
853 32 8 200 89
854 64 64 1000 100
855 4 8 2000 88
856 16 128 200 48
857 64 64 1000 76
858 16 128 2000 76
859 4 64 200 54
860 16 8 200 74
861 32 16 1000 73
862 32 64 100 35
863 64 16 1000 81
864 32 16 1000 83
865 32 128 2000 87
866 32 16 200 78
867 64 64 2000 73
868 64 128 2000 60
869 64 8 200 88
870 64 128 200 59
871 64 64 100 44
872 64 128 500 30
873 64 16 2000 34
874 4 8 100 45
875 64 8 500 35
876 16 16 100 59
877 32 128 2000 78
878 4 128 100 63
879 64 16 200 91
880 16 128 2000 44
881 16 64 2000 77
882 16 8 2000 42
883 4 8 200 66
884 4 16 200 35
885 16 64 100 62
886 32 128 2000 33
887 16 16 100 85
888 32 128 500 80
889 16 16 1000 49
890 32 16 200 65
891 64 128 100 81
892 4 16 1000 61
893 4 16 200 86
894 4 16 200 85
895 4 16 200 72
896 64 64 2000 52
897 16 8 500 47
898 32 8 100 44
899 16 64 2000 96
900 16 64 500 88
901 4 64 500 57
902 4 128 1000 99
903 32 128 2000 60
904 32 8 500 47
905 16 8 500 66
906 16 8 1000 100
907 64 128 500 97
908 4 128 100 78
909 32 16 200 36
910 4 16 100 37
911 16 64 2000 59
912 4 128 500 44
913 64 128 200 89
914 4 64 100 70
915 64 16 100 46
916 16 16 2000 83
917 16 8 2000 35
918 4 128 100 40
919 64 16 1000 98
920 32 8 1000 51
921 32 8 500 78
922 64 16 100 90
923 64 8 2000 40
924 64 8 2000 57
925 4 128 500 90
926 32 64 1000 54
927 16 128 100 97
928 4 128 500 93
929 4 16 500 94
930 32 8 2000 80
931 4 8 1000 57
932 16 128 1000 31
103
12 722 19 51
15 159 13 82
17 774 36 93
19 23 19 78
23 774 32 56
32 862 48 43
36 515 27 66
42 73 33 94
43 832 23 33
49 573 13 37
57 197 21 40
59 378 17 59
62 368 31 50
64 69 20 94
72 490 50 35
72 447 46 48
82 144 33 80
93 197 37 43
95 324 19 51
97 179 30 44
104 727 14 80
114 231 47 82
115 742 22 65
119 321 32 96
122 714 34 85
125 804 24 69
128 149 16 35
133 760 32 69
137 395 50 45
139 428 41 58
150 305 13 97
160 703 18 96
160 571 36 62
166 257 43 63
168 210 14 63
171 271 32 39
178 784 29 46
185 729 50 49
193 290 19 48
225 912 36 30
250 885 11 66
251 457 15 53
256 781 14 43
261 908 30 45
265 838 41 100
282 328 20 79
285 851 45 79
292 342 30 57
297 541 21 87
301 371 35 86
327 404 16 90
331 650 48 84
332 721 32 50
332 663 15 47
336 770 25 38
350 606 21 57
354 629 10 64
356 617 29 65
359 659 44 51
368 578 20 57
372 610 44 87
372 403 25 77
374 573 40 38
391 787 22 91
391 403 29 85
395 457 21 88
398 704 32 57
407 627 13 47
409 528 17 86
412 825 13 98
421 893 20 96
424 473 35 32
431 516 47 58
434 576 36 76
443 467 14 92
477 864 35 48
497 560 26 82
515 551 22 65
516 843 34 83
519 837 15 86
531 776 34 33
535 773 14 82
548 580 22 78
580 786 10 39
582 734 18 96
583 791 44 34
587 723 43 35
589 734 16 59
599 689 35 32
605 694 42 47
663 697 39 33
663 850 33 71
687 776 42 67
707 812 34 78
712 803 36 86
718 824 30 63
730 865 43 43
737 848 19 89
762 867 38 62
791 878 40 65
795 814 23 83
849 875 44 100
908 921 34 67