49
0 2 64 300 92
1 8 128 1000 107
2 16 16 300 97
3 16 16 200 150
4 8 128 300 123
5 8 128 300 125
6 8 16 300 92
7 16 64 1000 110
8 16 16 300 104
9 8 64 200 142
10 16 16 500 118
11 16 128 1000 116
12 2 16 1000 138
13 16 16 1000 142
14 8 64 100 91
15 16 16 100 107
16 8 16 300 97
17 2 128 500 115
18 2 128 200 113
19 2 16 500 96
20 8 64 1000 113
21 8 128 200 105
22 8 64 1000 117
23 16 16 100 110
24 8 128 100 149
25 2 128 100 97
26 2 16 500 101
27 16 16 1000 127
28 16 64 100 136
29 16 16 200 92
30 8 128 1000 117
31 8 64 100 95
32 16 128 100 102
33 2 16 200 140
34 8 64 1000 100
35 16 128 100 117
36 2 128 200 150
37 16 16 1000 144
38 8 64 500 146
39 2 128 200 143
40 16 64 500 138
41 2 128 1000 145
42 16 16 300 101
43 8 128 100 148
44 16 64 200 127
45 8 64 500 101
46 16 64 500 126
47 2 128 300 140
48 2 128 200 131
8
9 25 57 167
12 30 44 154
13 28 48 132
14 37 42 182
19 49 45 165
21 47 56 171
30 32 51 160
35 42 60 188