326
0 64 64 200 46
1 32 64 1000 40
2 4 128 100 85
3 32 16 200 87
4 64 8 100 78
5 32 64 2000 52
6 16 128 2000 49
7 4 128 1000 85
8 64 8 1000 65
9 32 8 200 38
10 4 64 2000 83
11 16 8 2000 61
12 4 64 1000 68
13 64 128 200 74
14 16 128 100 69
15 16 128 2000 94
16 32 64 200 59
17 64 128 100 89
18 32 64 500 64
19 32 16 1000 99
20 64 16 100 89
21 32 64 1000 83
22 16 128 2000 30
23 4 128 100 75
24 64 8 200 80
25 16 64 200 93
26 4 16 2000 76
27 16 64 1000 41
28 64 64 1000 81
29 64 16 1000 92
30 32 8 2000 70
31 4 64 2000 93
32 32 64 200 77
33 32 128 200 92
34 16 8 200 58
35 4 64 100 66
36 4 64 200 73
37 32 128 2000 85
38 4 8 200 61
39 32 8 1000 75
40 16 128 500 83
41 64 8 200 63
42 4 64 100 72
43 32 8 200 68
44 64 128 1000 53
45 64 64 500 39
46 32 16 500 36
47 32 8 100 45
48 4 128 2000 97
49 64 64 1000 85
50 32 16 500 46
51 32 8 2000 48
52 32 8 1000 60
53 32 128 100 46
54 64 8 500 66
55 32 8 100 95
56 64 8 200 72
57 4 8 2000 83
58 64 64 200 98
59 64 16 200 98
60 16 16 200 30
61 16 16 500 57
62 64 8 100 97
63 32 16 2000 66
64 4 16 200 35
65 64 128 1000 49
66 16 128 500 71
67 32 16 1000 33
68 4 64 200 61
69 32 128 200 34
70 16 16 100 37
71 4 16 2000 85
72 64 8 500 42
73 64 128 1000 56
74 64 64 500 53
75 64 16 2000 85
76 16 64 100 52
77 32 128 2000 52
78 32 128 100 96
79 32 16 500 79
80 64 64 500 43
81 4 128 1000 60
82 32 128 200 33
83 64 128 500 46
84 4 64 200 44
85 64 128 200 72
86 64 8 1000 93
87 16 8 2000 69
88 4 8 200 59
89 4 64 1000 98
90 16 128 500 97
91 64 64 2000 95
92 4 128 200 47
93 32 16 500 36
94 16 8 200 36
95 32 128 100 59
96 64 128 200 91
97 4 16 2000 35
98 64 16 200 41
99 4 128 1000 90
100 16 8 2000 70
101 4 8 500 100
102 4 128 1000 30
103 64 8 200 70
104 4 8 1000 55
105 64 64 200 34
106 16 8 2000 47
107 16 16 100 48
108 64 16 2000 48
109 16 128 2000 31
110 32 16 2000 69
111 64 16 200 37
112 32 128 200 68
113 4 64 500 75
114 64 8 500 50
115 4 128 200 77
116 4 16 200 65
117 4 64 2000 37
118 64 16 100 69
119 16 128 2000 46
120 64 128 200 80
121 64 128 100 56
122 32 64 1000 68
123 4 16 1000 60
124 4 8 1000 43
125 64 128 100 38
126 32 8 500 94
127 32 16 2000 67
128 32 16 200 87
129 64 16 500 65
130 16 8 1000 100
131 64 8 500 88
132 16 64 1000 93
133 4 128 500 69
134 4 64 100 41
135 4 128 500 79
136 4 8 500 97
137 64 16 2000 60
138 16 16 500 49
139 64 128 200 96
140 32 8 1000 100
141 64 16 500 63
142 16 8 500 94
143 32 8 100 96
144 64 8 200 73
145 64 64 500 50
146 32 8 2000 99
147 4 8 1000 73
148 64 16 2000 69
149 64 128 1000 70
150 4 64 100 78
151 4 16 1000 30
152 16 128 1000 84
153 32 8 200 67
154 4 128 200 75
155 4 8 100 59
156 32 128 500 67
157 16 16 100 78
158 32 128 100 69
159 4 8 500 77
160 64 64 2000 95
161 16 64 2000 72
162 16 16 1000 33
163 16 64 200 60
164 16 16 200 61
165 32 64 200 35
166 4 16 100 37
167 4 128 1000 50
168 32 128 2000 77
169 16 16 1000 78
170 64 16 200 48
171 32 64 1000 76
172 64 64 500 75
173 32 128 2000 98
174 4 16 200 89
175 64 128 100 63
176 32 16 200 97
177 16 128 2000 49
178 4 8 2000 39
179 4 128 500 54
180 4 8 1000 55
181 4 128 1000 34
182 4 16 1000 99
183 32 128 500 48
184 4 128 2000 70
185 4 128 2000 77
186 64 16 1000 43
187 64 64 200 30
188 16 8 200 56
189 16 64 500 45
190 4 16 100 37
191 4 8 2000 94
192 64 128 500 55
193 64 8 100 75
194 32 16 100 54
195 32 8 200 86
196 16 8 2000 92
197 16 64 100 95
198 16 16 100 96
199 16 8 2000 44
200 4 128 2000 60
201 32 64 500 30
202 32 16 1000 60
203 16 8 100 98
204 64 128 1000 44
205 32 8 1000 86
206 64 128 100 86
207 32 64 1000 99
208 4 8 200 44
209 4 8 1000 61
210 64 64 200 61
211 16 64 200 99
212 32 8 100 73
213 64 128 500 49
214 16 16 100 49
215 32 64 2000 76
216 16 16 1000 97
217 16 16 500 74
218 16 128 2000 80
219 16 64 200 60
220 32 16 500 96
221 16 16 1000 50
222 64 64 1000 48
223 4 16 2000 47
224 16 8 500 66
225 32 8 100 84
226 32 8 100 55
227 16 64 2000 87
228 64 128 100 76
229 32 64 1000 60
230 16 128 2000 87
231 4 64 500 52
232 4 8 1000 78
233 4 64 100 99
234 64 128 200 60
235 4 128 1000 34
236 64 16 2000 78
237 16 64 2000 50
238 4 16 1000 93
239 4 8 100 71
240 32 64 200 71
241 16 16 200 58
242 64 8 200 50
243 64 128 200 80
244 16 16 200 57
245 4 128 1000 72
246 64 64 2000 32
247 4 128 1000 97
248 4 128 500 34
249 64 8 100 49
250 4 16 200 77
251 64 64 2000 59
252 32 16 2000 66
253 16 8 2000 96
254 4 16 500 68
255 64 64 500 69
256 64 16 100 54
257 16 128 200 48
258 64 16 100 68
259 64 8 1000 81
260 16 128 2000 44
261 64 64 500 36
262 4 8 1000 81
263 4 16 500 94
264 16 8 100 78
265 16 8 1000 88
266 16 16 200 37
267 64 64 200 74
268 64 8 2000 84
269 16 128 200 73
270 32 64 200 42
271 32 16 1000 35
272 32 8 500 63
273 64 16 200 48
274 4 128 2000 50
275 4 16 2000 30
276 64 16 500 81
277 32 128 100 78
278 16 128 500 59
279 64 16 500 61
280 64 8 500 87
281 16 128 1000 81
282 32 8 100 67
283 4 8 100 55
284 32 16 500 65
285 32 128 1000 65
286 32 64 100 68
287 4 64 2000 73
288 4 16 500 55
289 4 64 100 97
290 32 128 1000 82
291 32 8 500 42
292 4 8 200 94
293 16 8 100 32
294 64 128 1000 32
295 4 64 2000 54
296 32 128 1000 86
297 32 128 200 33
298 32 64 2000 36
299 64 16 2000 72
300 4 16 200 87
301 4 16 500 96
302 4 8 100 56
303 64 64 100 85
304 16 64 200 87
305 4 64 2000 49
306 64 64 200 74
307 16 64 200 86
308 4 16 1000 85
309 32 64 100 63
310 32 128 2000 82
311 4 16 100 92
312 4 16 100 59
313 32 16 1000 88
314 32 64 1000 53
315 4 8 2000 42
316 32 64 200 56
317 64 8 200 90
318 32 128 2000 69
319 32 128 2000 81
320 16 8 2000 58
321 4 128 1000 72
322 64 128 1000 69
323 4 8 100 30
324 64 16 200 66
325 32 64 2000 91
48
1 79 50 75
2 107 18 59
3 115 41 53
10 101 18 91
12 171 16 67
13 171 17 41
16 20 27 66
16 84 25 78
18 276 20 38
20 210 27 94
27 220 50 61
32 301 47 64
35 38 44 43
42 188 29 47
45 320 37 75
53 299 12 65
56 189 25 70
56 93 41 74
62 158 30 92
71 148 44 46
72 272 13 95
73 227 38 100
75 157 24 62
77 268 18 83
97 205 14 39
102 239 47 49
108 298 42 90
110 168 27 65
110 189 50 52
113 197 32 41
115 132 49 46
115 151 17 61
116 233 26 96
129 241 16 98
135 255 28 68
140 151 32 50
151 224 25 88
153 199 50 49
160 246 37 85
165 311 14 84
168 274 18 97
176 293 10 45
237 315 49 31
238 317 49 64
246 257 38 57
260 298 47 61
267 271 16 95
295 313 45 46