273
0 8 64 500 107
1 16 64 1000 125
2 2 16 300 91
3 16 64 100 112
4 2 128 1000 103
5 8 64 500 120
6 2 16 1000 146
7 16 16 1000 109
8 16 64 100 144
9 8 16 100 92
10 2 16 200 92
11 2 16 100 119
12 16 64 500 99
13 16 128 1000 147
14 8 128 200 135
15 8 16 200 140
16 16 16 1000 103
17 2 64 500 105
18 8 128 200 105
19 2 128 100 119
20 16 16 500 130
21 2 128 500 132
22 2 128 1000 91
23 16 64 200 126
24 16 16 100 95
25 8 16 300 92
26 8 128 1000 96
27 2 16 100 135
28 8 16 200 108
29 16 128 100 126
30 16 16 100 98
31 2 16 500 124
32 2 16 500 109
33 8 64 200 122
34 2 64 500 117
35 2 128 100 109
36 16 16 1000 112
37 2 64 1000 114
38 16 64 100 106
39 8 128 300 95
40 8 64 1000 115
41 8 16 500 110
42 2 64 200 99
43 16 128 200 127
44 16 64 200 100
45 8 16 1000 147
46 8 16 200 149
47 2 64 500 116
48 2 128 100 134
49 8 16 200 148
50 16 128 200 125
51 16 128 200 140
52 8 128 500 104
53 8 128 500 145
54 8 64 200 97
55 16 128 300 139
56 8 128 200 133
57 16 64 500 150
58 2 64 200 130
59 16 16 500 98
60 16 64 200 91
61 2 128 1000 101
62 2 16 200 105
63 2 128 1000 127
64 2 64 100 147
65 16 64 100 134
66 2 64 200 150
67 8 64 500 136
68 8 128 200 94
69 2 64 300 128
70 16 64 200 128
71 16 16 500 118
72 8 128 200 137
73 2 128 300 139
74 16 128 300 91
75 2 16 500 128
76 2 128 1000 94
77 8 128 200 141
78 16 128 300 112
79 2 16 500 143
80 8 128 500 96
81 16 16 1000 107
82 8 128 200 136
83 16 128 300 112
84 8 64 300 127
85 8 64 200 148
86 8 16 500 98
87 16 128 200 121
88 16 16 500 144
89 2 128 500 141
90 8 16 300 125
91 16 64 1000 97
92 2 128 100 100
93 2 16 1000 142
94 8 64 1000 105
95 2 64 300 132
96 16 16 100 117
97 2 16 500 115
98 8 128 300 144
99 16 128 200 136
100 16 128 1000 140
101 16 128 500 141
102 8 128 200 141
103 8 64 500 129
104 2 16 1000 92
105 8 64 300 140
106 2 64 1000 138
107 2 64 1000 101
108 2 128 500 93
109 2 64 300 100
110 16 64 200 145
111 8 128 1000 126
112 2 16 500 104
113 8 128 500 109
114 2 16 500 117
115 8 16 200 95
116 8 16 500 109
117 2 128 500 142
118 16 16 1000 131
119 8 64 300 131
120 2 16 1000 109
121 2 16 1000 127
122 2 64 1000 145
123 8 64 100 106
124 8 16 200 104
125 8 128 300 131
126 2 16 1000 116
127 8 64 500 108
128 8 128 100 120
129 16 128 100 110
130 16 128 1000 103
131 16 16 300 116
132 2 16 300 145
133 8 16 500 113
134 2 128 500 92
135 8 16 200 95
136 8 16 1000 148
137 8 16 1000 140
138 8 64 500 104
139 8 64 1000 102
140 2 64 1000 101
141 16 16 100 101
142 2 16 200 141
143 16 128 300 115
144 8 128 500 110
145 16 128 100 139
146 8 16 100 112
147 16 128 300 130
148 16 16 200 115
149 16 16 100 145
150 2 128 200 129
151 2 128 300 91
152 8 16 300 147
153 8 128 200 94
154 16 128 100 101
155 8 128 500 137
156 16 16 200 111
157 2 128 200 125
158 2 64 500 97
159 16 128 100 116
160 2 64 300 97
161 8 128 100 103
162 16 128 100 139
163 8 128 500 106
164 8 16 200 133
165 16 128 300 108
166 2 64 100 121
167 8 16 1000 141
168 2 128 100 139
169 2 16 300 92
170 16 16 100 145
171 8 16 300 146
172 8 128 300 112
173 16 64 500 110
174 2 64 200 129
175 16 16 200 108
176 2 64 1000 137
177 8 128 200 104
178 16 128 1000 145
179 2 64 100 144
180 16 16 1000 121
181 2 16 1000 131
182 16 128 300 138
183 2 16 200 107
184 8 64 200 139
185 2 16 100 93
186 8 128 200 118
187 8 16 500 104
188 16 64 100 103
189 16 64 500 113
190 16 64 500 115
191 16 128 500 126
192 16 16 100 139
193 8 64 500 146
194 16 64 1000 105
195 2 64 100 126
196 16 16 500 135
197 8 64 200 118
198 2 128 200 122
199 8 64 300 122
200 16 64 100 95
201 8 16 300 112
202 2 128 1000 143
203 16 16 1000 100
204 2 128 100 140
205 16 16 500 111
206 2 16 200 138
207 16 64 1000 124
208 16 64 300 110
209 16 128 100 145
210 2 128 500 99
211 8 64 1000 128
212 8 128 200 115
213 16 16 300 125
214 8 64 100 137
215 16 128 500 137
216 16 16 500 113
217 2 64 300 136
218 8 128 500 104
219 16 128 100 124
220 2 64 300 112
221 2 128 100 121
222 16 64 100 122
223 2 64 100 127
224 8 16 300 140
225 8 128 1000 137
226 2 16 300 136
227 16 64 200 143
228 16 128 300 114
229 2 128 100 132
230 2 64 200 94
231 8 64 500 148
232 2 64 200 131
233 16 128 300 131
234 16 64 1000 140
235 8 64 300 142
236 8 64 500 90
237 8 16 200 123
238 16 64 200 120
239 2 128 200 104
240 8 128 200 124
241 2 64 300 140
242 16 64 200 119
243 16 128 300 94
244 8 16 100 121
245 16 16 300 127
246 16 16 500 103
247 8 64 200 144
248 8 128 1000 143
249 2 64 200 107
250 2 16 100 107
251 16 16 100 119
252 2 16 500 121
253 8 128 100 126
254 2 16 500 148
255 2 64 500 118
256 8 128 500 150
257 8 16 500 144
258 16 16 100 137
259 8 128 1000 120
260 8 64 300 102
261 2 16 200 140
262 16 64 200 93
263 2 16 300 101
264 2 16 200 90
265 2 16 1000 138
266 8 128 100 144
267 2 16 300 144
268 16 16 200 105
269 2 64 1000 115
270 16 16 200 148
271 16 128 1000 122
272 8 64 300 115
38
6 239 55 162
11 213 59 198
20 267 70 167
22 69 70 194
25 156 45 152
31 96 65 159
34 112 45 113
36 204 48 184
37 45 65 150
39 191 65 102
40 55 50 190
47 216 40 137
50 155 61 123
53 90 57 185
59 166 49 193
59 170 40 193
67 174 69 117
78 175 45 170
78 144 60 144
78 182 43 122
85 161 46 140
86 267 69 155
87 94 53 108
90 128 55 92
100 131 59 171
102 107 56 172
104 237 54 108
109 226 45 91
112 266 55 119
118 121 41 184
128 207 51 159
134 146 43 159
136 176 42 179
143 204 49 144
153 223 61 193
158 259 67 184
192 204 48 172
194 240 43 115