409
0 8 4 100 77
1 8 64 100 83
2 2 4 100 99
3 8 4 100 51
4 16 64 50 78
5 16 2 150 64
6 2 4 50 87
7 8 16 200 51
8 16 64 200 59
9 16 2 50 69
10 16 4 50 64
11 2 64 50 63
12 8 4 150 76
13 8 2 200 52
14 8 16 150 61
15 16 64 100 67
16 8 4 150 79
17 2 4 200 84
18 2 4 50 50
19 8 4 50 100
20 8 4 100 96
21 2 2 50 74
22 2 64 150 96
23 8 4 50 73
24 16 16 200 69
25 2 4 50 80
26 2 16 200 57
27 16 16 200 60
28 2 2 100 80
29 8 64 200 60
30 2 2 100 73
31 2 64 50 87
32 16 64 100 51
33 8 16 200 72
34 2 64 100 93
35 8 16 150 85
36 8 16 200 59
37 2 4 100 94
38 16 4 200 78
39 8 64 100 59
40 2 64 100 50
41 16 64 150 50
42 8 16 200 99
43 16 4 150 83
44 2 64 50 73
45 8 64 100 75
46 8 64 50 88
47 8 64 150 70
48 8 64 200 87
49 16 4 100 58
50 2 2 200 82
51 8 2 150 80
52 16 4 100 65
53 2 2 200 56
54 16 2 200 53
55 2 4 150 80
56 16 2 150 68
57 16 16 200 68
58 16 64 150 58
59 8 2 200 73
60 8 2 100 95
61 2 2 100 100
62 8 2 150 67
63 2 16 50 77
64 16 4 100 93
65 2 16 100 75
66 8 4 50 70
67 8 16 200 98
68 16 64 150 61
69 2 16 150 95
70 8 64 100 70
71 2 64 100 79
72 2 4 150 90
73 2 16 100 95
74 16 2 200 97
75 8 4 100 61
76 2 4 50 80
77 8 16 100 54
78 16 4 200 69
79 2 16 200 67
80 16 2 150 88
81 8 4 150 91
82 16 4 100 50
83 2 64 50 59
84 16 16 200 55
85 2 4 50 63
86 8 16 200 92
87 8 16 100 94
88 16 2 50 87
89 16 64 150 57
90 8 4 150 54
91 16 64 200 73
92 2 2 100 53
93 8 2 50 100
94 2 16 150 51
95 16 64 50 84
96 2 2 100 62
97 8 64 100 66
98 2 2 100 99
99 16 4 150 75
100 8 16 100 85
101 16 4 100 60
102 2 16 50 69
103 8 64 100 60
104 16 64 100 68
105 16 64 50 70
106 16 16 100 52
107 8 64 150 92
108 2 16 50 65
109 8 2 50 77
110 2 64 150 67
111 2 4 100 57
112 16 2 50 92
113 16 4 150 86
114 2 4 100 80
115 2 4 100 80
116 8 4 150 99
117 2 2 200 99
118 8 64 100 64
119 16 64 200 68
120 16 16 150 57
121 2 2 150 81
122 16 2 50 85
123 8 4 200 74
124 8 16 50 65
125 8 64 150 82
126 2 4 150 53
127 16 16 200 91
128 2 64 100 80
129 8 64 50 82
130 8 64 100 89
131 8 64 100 89
132 2 4 50 95
133 8 4 150 53
134 8 16 100 99
135 2 64 150 74
136 8 4 100 50
137 2 2 200 89
138 16 16 50 79
139 16 2 200 65
140 16 4 100 80
141 8 4 150 93
142 2 64 150 100
143 2 4 200 81
144 2 4 50 55
145 8 64 200 85
146 8 4 150 79
147 2 4 150 99
148 8 2 50 91
149 16 16 200 97
150 16 16 50 97
151 2 4 200 70
152 2 64 200 61
153 8 4 50 63
154 2 16 200 51
155 2 64 100 71
156 2 4 100 77
157 16 64 150 86
158 8 16 50 58
159 2 64 150 61
160 8 2 150 62
161 2 64 100 98
162 8 16 200 83
163 2 16 150 55
164 2 4 100 64
165 2 4 150 59
166 16 64 100 90
167 8 2 100 62
168 8 16 150 88
169 8 4 150 95
170 8 2 150 88
171 2 64 200 63
172 2 2 50 65
173 2 2 100 63
174 8 4 200 82
175 8 64 100 57
176 8 4 50 92
177 8 4 100 83
178 8 16 100 64
179 2 2 200 81
180 16 64 100 71
181 8 4 150 100
182 8 2 100 76
183 8 2 50 76
184 8 4 50 50
185 16 2 100 92
186 2 16 150 91
187 16 64 100 83
188 2 16 150 89
189 8 16 200 95
190 2 16 150 58
191 8 4 150 62
192 8 2 50 73
193 2 16 100 51
194 2 64 50 55
195 16 2 200 81
196 16 2 150 95
197 2 2 50 88
198 8 4 50 69
199 16 64 150 50
200 2 16 150 71
201 8 64 150 71
202 8 64 100 84
203 16 64 150 75
204 2 16 150 57
205 16 64 50 92
206 2 16 200 76
207 16 2 100 71
208 16 2 100 86
209 16 4 150 59
210 16 2 50 100
211 2 64 50 96
212 2 2 100 94
213 16 16 50 73
214 16 4 200 55
215 8 16 150 74
216 8 64 150 87
217 2 4 50 74
218 16 16 200 67
219 2 64 100 88
220 2 64 150 82
221 8 4 200 68
222 2 4 100 69
223 8 2 50 74
224 2 64 150 73
225 16 2 150 67
226 8 4 50 87
227 16 16 200 55
228 16 2 50 55
229 8 64 50 83
230 8 2 200 78
231 8 2 150 92
232 8 64 150 94
233 16 64 100 56
234 8 64 50 88
235 2 2 200 94
236 8 4 100 91
237 16 64 100 64
238 16 4 200 54
239 8 64 150 63
240 2 64 200 60
241 2 16 50 73
242 8 16 150 51
243 16 64 150 74
244 16 64 150 66
245 2 4 150 81
246 16 4 150 88
247 16 2 200 67
248 2 4 50 55
249 8 16 50 55
250 16 16 100 80
251 2 2 200 98
252 16 16 50 56
253 2 16 200 80
254 2 4 50 86
255 8 64 100 87
256 8 2 50 64
257 8 4 50 56
258 2 16 100 96
259 8 2 50 86
260 2 2 50 63
261 8 2 50 74
262 16 2 50 78
263 2 4 150 55
264 16 4 50 82
265 16 16 100 68
266 16 4 200 56
267 16 16 200 86
268 16 2 50 64
269 2 64 50 84
270 8 2 100 56
271 8 4 200 71
272 16 2 50 65
273 2 64 100 58
274 2 4 150 96
275 8 4 50 74
276 2 64 200 98
277 2 64 50 53
278 8 2 100 94
279 8 64 50 57
280 16 4 150 95
281 16 64 100 63
282 2 16 50 56
283 2 4 100 68
284 2 64 100 69
285 2 2 100 84
286 8 4 150 51
287 2 64 200 53
288 2 64 150 65
289 16 2 200 97
290 16 16 100 90
291 8 64 200 78
292 2 64 150 95
293 8 2 150 61
294 2 4 100 87
295 8 2 100 62
296 2 16 50 87
297 2 4 200 75
298 8 4 200 91
299 16 64 100 81
300 8 16 50 77
301 16 64 50 84
302 2 64 50 79
303 16 4 100 60
304 8 64 100 91
305 16 4 50 64
306 8 2 150 96
307 8 16 200 87
308 16 4 50 99
309 8 4 150 78
310 2 16 200 79
311 16 2 50 72
312 16 16 150 54
313 8 64 50 95
314 2 2 50 90
315 2 64 200 51
316 2 2 150 83
317 2 4 150 53
318 8 16 50 94
319 8 4 100 83
320 16 4 50 64
321 2 64 50 80
322 8 2 100 95
323 16 4 200 89
324 8 64 50 80
325 8 4 200 81
326 16 64 150 68
327 16 2 100 80
328 2 64 150 70
329 16 4 100 57
330 2 2 100 64
331 8 2 200 79
332 2 16 200 58
333 16 16 100 92
334 8 64 100 90
335 8 16 50 54
336 2 16 50 62
337 16 2 150 58
338 2 16 150 65
339 2 64 150 69
340 2 16 50 100
341 16 64 50 55
342 2 16 100 90
343 16 16 50 81
344 2 16 50 61
345 2 2 100 91
346 2 64 200 90
347 16 64 150 99
348 2 2 200 58
349 2 2 100 91
350 8 2 150 69
351 16 64 150 52
352 2 64 150 100
353 16 16 200 85
354 16 4 50 94
355 8 2 150 77
356 16 64 50 77
357 16 64 200 61
358 2 64 50 82
359 2 64 150 96
360 2 64 50 88
361 16 64 200 86
362 16 16 100 63
363 2 4 50 79
364 8 64 100 52
365 16 16 50 63
366 8 2 200 50
367 8 2 100 82
368 16 64 100 94
369 2 16 50 97
370 2 16 200 99
371 2 64 100 74
372 16 4 50 86
373 16 2 150 95
374 16 64 50 92
375 8 2 150 62
376 2 64 150 86
377 2 2 150 93
378 8 2 200 60
379 16 16 100 84
380 8 4 50 92
381 16 4 100 84
382 2 16 200 65
383 2 64 100 99
384 16 16 150 57
385 2 64 50 54
386 2 4 50 80
387 2 2 100 77
388 16 64 150 75
389 2 2 50 100
390 2 16 200 89
391 16 16 150 64
392 16 2 50 93
393 2 4 100 92
394 8 64 150 89
395 2 2 200 93
396 2 64 150 85
397 2 16 200 54
398 16 64 100 58
399 2 16 200 93
400 2 4 200 98
401 16 2 200 55
402 8 4 150 67
403 16 16 50 94
404 16 16 150 63
405 8 64 100 51
406 2 4 150 88
407 16 64 200 63
408 16 4 200 61
112
0 129 43 181
1 109 40 131
2 344 45 181
7 89 65 130
8 212 46 122
9 78 70 134
12 15 40 194
17 320 57 198
19 333 40 195
19 187 57 102
20 353 59 160
20 355 55 153
22 249 68 184
25 140 41 158
26 142 67 178
27 45 40 148
28 102 40 167
30 99 42 187
31 309 50 192
32 300 40 117
35 94 51 131
37 173 66 188
41 47 44 156
41 358 57 124
43 386 64 151
44 149 66 152
45 248 48 146
52 100 40 173
56 308 48 179
57 245 42 166
57 233 45 125
59 78 49 182
60 400 65 149
61 79 49 154
65 228 46 200
70 159 42 175
72 90 63 101
74 283 50 153
77 291 40 136
90 135 45 141
90 345 59 180
92 129 52 190
93 151 42 133
94 169 57 177
95 400 62 146
96 231 46 176
97 270 52 151
100 350 64 136
100 153 64 137
101 371 56 104
106 112 43 178
115 191 49 188
117 234 52 138
120 344 45 198
122 371 65 180
128 334 46 191
128 211 68 155
132 273 57 174
135 215 68 143
139 377 40 148
144 254 45 164
146 165 50 137
149 213 42 172
153 271 63 156
156 393 48 146
160 261 50 200
164 329 41 91
164 337 42 117
165 296 60 136
167 224 46 113
169 170 59 196
170 217 69 176
171 310 58 148
173 349 44 199
173 242 47 129
189 258 68 130
191 202 70 94
196 316 59 174
196 293 68 140
197 388 65 109
206 384 57 97
206 232 55 183
212 242 69 91
216 358 57 132
216 243 61 92
220 288 48 139
222 393 64 184
223 371 53 125
224 283 47 160
226 287 51 109
229 285 44 197
232 348 52 117
235 237 53 138
237 346 69 96
257 291 50 178
261 365 61 172
265 320 70 186
278 395 69 154
282 371 70 117
288 331 53 182
294 367 58 162
295 379 49 103
296 298 66 104
306 380 58 159
308 387 60 111
314 384 49 115
328 330 56 148
330 409 61 173
334 388 70 141
373 400 57 124
373 390 58 150
390 402 43 182