644
0 8 4 50 88
1 16 16 100 93
2 8 64 100 90
3 2 2 100 59
4 8 64 100 72
5 8 2 150 89
6 2 16 150 59
7 2 2 100 89
8 16 2 100 63
9 16 64 200 60
10 16 2 200 85
11 8 2 150 69
12 8 16 200 63
13 8 4 200 54
14 2 4 50 99
15 2 16 50 50
16 2 16 150 79
17 2 64 100 79
18 16 4 150 100
19 2 64 100 72
20 8 64 50 86
21 8 2 50 75
22 16 16 50 88
23 2 2 100 71
24 8 4 100 69
25 8 64 100 76
26 16 2 50 87
27 16 4 200 75
28 16 4 100 59
29 16 64 100 85
30 16 4 200 89
31 16 16 200 77
32 2 16 50 54
33 16 64 50 86
34 16 4 200 91
35 2 16 200 95
36 8 2 50 75
37 16 64 150 87
38 16 64 100 50
39 16 16 150 69
40 16 2 200 63
41 16 2 150 65
42 2 64 100 62
43 2 4 100 78
44 16 64 50 59
45 2 16 150 78
46 2 4 150 68
47 8 4 100 53
48 2 4 100 71
49 2 4 50 69
50 2 16 50 57
51 8 64 150 55
52 2 64 100 61
53 16 4 50 82
54 2 16 150 64
55 16 2 50 76
56 2 2 200 100
57 2 16 50 95
58 16 4 100 84
59 2 16 50 92
60 8 16 50 71
61 16 2 50 54
62 2 2 50 93
63 2 16 150 74
64 2 64 50 65
65 2 64 50 83
66 2 4 150 59
67 16 4 50 95
68 8 16 100 84
69 8 64 200 62
70 16 4 200 61
71 2 2 150 53
72 16 16 50 65
73 8 64 200 79
74 8 64 100 64
75 2 16 50 78
76 16 2 200 73
77 16 16 200 90
78 2 64 200 91
79 8 2 100 56
80 16 4 200 80
81 16 2 100 85
82 8 16 100 85
83 8 2 50 70
84 8 16 200 96
85 8 2 50 61
86 2 4 100 89
87 2 16 150 54
88 16 64 100 71
89 8 2 50 63
90 8 64 100 63
91 16 4 150 61
92 8 2 100 94
93 16 16 50 52
94 16 2 150 55
95 2 16 50 100
96 8 4 50 93
97 8 64 200 64
98 2 64 150 53
99 16 2 200 70
100 2 16 150 82
101 8 2 50 87
102 8 16 150 83
103 2 2 100 70
104 16 64 200 98
105 8 2 200 65
106 16 16 150 57
107 2 64 200 96
108 16 64 200 62
109 16 2 200 67
110 2 4 200 96
111 16 4 150 50
112 2 64 150 80
113 2 64 150 94
114 16 2 50 75
115 16 64 50 81
116 8 4 200 88
117 2 4 100 98
118 8 4 150 80
119 8 64 50 63
120 8 16 100 65
121 2 16 100 88
122 8 4 150 63
123 2 4 150 75
124 8 4 50 94
125 16 64 50 97
126 16 2 200 53
127 16 4 150 59
128 16 64 200 61
129 16 2 50 91
130 8 4 150 80
131 2 2 150 54
132 2 16 100 97
133 16 2 50 86
134 16 64 50 62
135 16 2 200 54
136 8 16 50 86
137 2 4 50 77
138 8 2 200 55
139 8 4 200 58
140 16 2 200 75
141 2 2 200 54
142 2 16 200 55
143 16 64 50 75
144 8 2 50 60
145 16 2 150 98
146 8 64 50 77
147 8 16 100 90
148 8 64 150 60
149 16 4 100 60
150 16 64 100 92
151 16 2 200 70
152 16 4 50 83
153 2 16 200 64
154 2 16 50 65
155 16 64 200 55
156 16 16 200 97
157 16 4 100 75
158 2 64 100 54
159 8 4 200 90
160 16 2 50 99
161 8 64 50 71
162 2 16 50 83
163 16 64 50 95
164 2 16 100 83
165 16 4 100 81
166 8 64 50 91
167 2 16 100 76
168 16 64 150 71
169 8 16 150 51
170 16 16 50 96
171 16 64 200 77
172 2 16 100 100
173 2 16 100 99
174 2 64 150 77
175 8 64 50 64
176 2 16 150 55
177 16 4 200 88
178 2 64 100 75
179 8 4 150 73
180 2 16 200 61
181 8 2 150 53
182 2 64 100 81
183 8 16 150 75
184 16 2 150 96
185 16 4 200 85
186 8 64 50 80
187 8 2 100 54
188 8 64 50 89
189 16 16 100 54
190 2 16 50 80
191 16 4 100 98
192 16 64 200 79
193 8 16 100 51
194 16 64 150 51
195 2 16 150 62
196 8 4 150 63
197 8 16 50 88
198 8 4 50 97
199 16 64 50 96
200 16 16 100 95
201 8 4 50 94
202 16 4 50 99
203 2 4 150 62
204 2 4 150 70
205 16 2 100 89
206 8 16 50 86
207 16 16 50 59
208 16 4 100 71
209 16 2 100 85
210 8 2 50 75
211 16 16 50 56
212 16 64 150 84
213 2 4 100 78
214 8 4 50 63
215 16 16 100 56
216 8 64 150 83
217 2 4 200 98
218 2 16 100 92
219 16 16 50 67
220 8 4 50 58
221 8 16 100 87
222 2 64 50 57
223 2 2 200 54
224 16 2 150 90
225 8 4 50 94
226 16 4 100 94
227 8 64 150 81
228 16 4 150 75
229 8 16 200 89
230 2 64 200 80
231 8 16 150 62
232 2 16 150 58
233 2 64 150 65
234 2 2 150 82
235 2 4 150 82
236 2 2 200 69
237 8 16 200 98
238 8 16 200 94
239 8 4 50 87
240 16 16 50 81
241 2 16 50 88
242 2 4 200 50
243 16 2 200 71
244 8 64 150 80
245 16 16 50 65
246 16 64 50 94
247 16 2 150 69
248 8 64 200 70
249 8 16 150 84
250 8 16 200 95
251 2 64 100 71
252 8 16 200 62
253 2 4 150 89
254 2 4 200 94
255 16 64 150 79
256 16 16 200 67
257 2 2 100 97
258 8 2 100 82
259 2 4 50 52
260 16 2 200 94
261 2 2 50 70
262 16 2 200 80
263 8 4 150 83
264 8 4 200 78
265 16 4 100 84
266 8 4 100 55
267 8 64 100 66
268 8 2 100 76
269 8 2 200 55
270 16 16 200 80
271 8 16 50 55
272 8 16 200 92
273 8 64 50 69
274 8 16 100 80
275 8 4 100 78
276 16 16 100 58
277 2 4 150 97
278 2 16 50 53
279 16 16 50 90
280 8 64 50 99
281 2 16 200 56
282 2 16 150 93
283 16 16 200 67
284 16 2 200 52
285 16 2 100 79
286 8 64 200 60
287 16 2 100 53
288 2 64 100 82
289 8 2 50 98
290 8 16 50 82
291 16 16 50 55
292 8 2 200 94
293 2 64 150 68
294 16 64 150 53
295 8 64 150 90
296 2 2 100 89
297 2 2 150 61
298 2 4 150 67
299 8 64 150 54
300 8 2 50 63
301 16 64 100 76
302 2 4 50 79
303 2 16 100 79
304 2 16 100 54
305 16 64 150 51
306 16 4 100 97
307 2 4 100 67
308 2 2 150 71
309 8 16 50 77
310 8 64 200 83
311 16 16 100 68
312 8 2 100 68
313 2 2 100 76
314 8 2 200 50
315 16 16 200 52
316 2 16 150 58
317 16 4 100 75
318 8 16 150 84
319 8 2 50 53
320 8 64 50 88
321 8 2 50 69
322 8 4 100 69
323 8 2 100 90
324 16 64 200 93
325 2 16 150 56
326 16 2 100 64
327 8 4 50 75
328 8 2 150 63
329 16 64 150 66
330 2 16 150 84
331 8 4 150 66
332 2 2 200 99
333 2 2 50 87
334 16 16 100 83
335 2 2 200 81
336 2 2 200 63
337 8 4 100 56
338 2 4 50 54
339 16 16 50 69
340 8 64 50 71
341 16 2 200 57
342 2 4 50 73
343 2 64 50 90
344 8 4 200 59
345 8 64 150 86
346 8 2 200 83
347 2 16 200 99
348 2 16 150 78
349 8 16 50 93
350 2 4 200 81
351 2 4 50 95
352 16 4 200 66
353 8 64 50 66
354 16 16 150 51
355 16 16 200 51
356 16 16 200 89
357 16 16 150 88
358 8 16 100 78
359 8 64 50 89
360 8 16 200 54
361 2 16 100 67
362 8 16 150 60
363 16 64 200 63
364 8 2 200 92
365 16 2 100 62
366 2 4 50 99
367 8 64 50 58
368 2 2 100 56
369 8 2 50 68
370 8 16 100 58
371 16 64 200 83
372 2 2 150 56
373 8 2 200 80
374 8 2 200 92
375 2 2 150 52
376 2 2 200 57
377 8 2 100 69
378 8 16 100 72
379 16 2 150 53
380 16 2 200 82
381 2 2 200 88
382 16 4 100 85
383 8 16 150 66
384 2 4 150 98
385 16 2 50 55
386 16 16 100 83
387 16 2 50 72
388 8 4 150 63
389 8 2 200 51
390 8 4 100 63
391 2 64 200 91
392 2 16 50 66
393 16 16 100 80
394 8 64 150 50
395 8 64 200 63
396 2 2 150 82
397 8 64 50 61
398 8 16 50 83
399 16 2 200 89
400 2 16 200 65
401 2 4 50 69
402 16 4 100 78
403 2 64 200 75
404 16 16 200 87
405 2 16 50 78
406 2 4 100 86
407 2 64 150 52
408 2 16 150 63
409 16 64 50 96
410 2 2 100 74
411 16 4 100 93
412 16 64 200 75
413 8 16 100 92
414 8 4 100 63
415 16 64 200 91
416 8 64 100 67
417 2 4 200 95
418 8 4 200 63
419 8 64 100 87
420 2 64 50 93
421 2 64 100 60
422 16 2 50 84
423 16 16 50 83
424 16 2 100 84
425 16 2 100 90
426 8 4 50 89
427 16 4 100 63
428 2 2 100 65
429 16 2 150 68
430 16 2 100 58
431 2 4 150 65
432 8 64 50 85
433 8 64 100 100
434 8 16 200 92
435 8 4 150 80
436 2 16 50 74
437 2 4 150 88
438 16 4 50 68
439 16 16 50 60
440 16 16 150 91
441 16 2 100 67
442 2 16 200 78
443 2 16 50 87
444 8 2 150 54
445 8 4 150 60
446 2 16 150 96
447 2 4 100 91
448 16 64 200 94
449 16 16 100 96
450 2 16 200 82
451 16 4 200 59
452 16 4 100 95
453 2 4 200 82
454 16 4 150 64
455 8 4 200 83
456 16 2 100 77
457 8 16 50 98
458 8 4 50 78
459 8 64 50 74
460 2 2 100 97
461 2 64 150 100
462 2 16 50 89
463 16 64 50 60
464 2 4 50 66
465 8 4 150 75
466 16 16 50 82
467 16 2 50 55
468 16 2 100 92
469 16 16 150 77
470 16 16 100 64
471 2 2 200 61
472 2 4 200 94
473 8 2 50 81
474 8 16 200 81
475 2 64 100 74
476 16 4 50 94
477 2 64 150 84
478 16 64 150 65
479 16 4 50 52
480 8 2 200 77
481 2 16 200 73
482 16 4 100 60
483 8 2 200 79
484 2 2 50 96
485 16 64 100 51
486 16 16 50 85
487 8 64 50 73
488 8 64 150 65
489 8 2 100 83
490 16 16 100 76
491 8 2 200 93
492 8 64 150 91
493 16 64 100 92
494 8 16 200 67
495 2 4 100 90
496 16 2 200 62
497 8 16 200 66
498 8 16 50 96
499 8 64 100 71
500 16 16 100 99
501 8 2 50 64
502 16 4 200 93
503 8 4 200 73
504 16 64 150 65
505 2 16 50 86
506 8 64 50 100
507 2 64 100 59
508 8 16 200 99
509 2 16 100 52
510 8 64 200 78
511 16 16 100 96
512 2 16 200 58
513 2 2 100 79
514 2 2 100 96
515 2 2 200 80
516 16 2 200 68
517 2 16 100 89
518 8 4 200 59
519 16 16 150 51
520 16 64 100 84
521 2 4 200 84
522 8 64 200 74
523 16 64 100 86
524 16 64 50 85
525 16 16 150 65
526 2 4 150 96
527 8 4 150 53
528 16 16 200 72
529 8 2 200 90
530 16 16 100 57
531 2 4 50 62
532 2 4 150 78
533 2 2 200 89
534 16 2 100 76
535 8 16 200 50
536 16 64 200 74
537 16 2 150 59
538 16 64 50 65
539 2 2 50 87
540 2 16 200 82
541 16 4 50 98
542 2 16 150 95
543 8 64 150 62
544 2 2 150 52
545 2 2 200 96
546 2 2 100 71
547 8 4 50 69
548 8 2 100 74
549 16 4 50 68
550 16 4 50 88
551 8 4 50 82
552 2 4 200 69
553 16 16 150 64
554 8 4 150 72
555 2 4 200 63
556 16 16 50 51
557 16 2 100 81
558 8 2 50 90
559 8 16 150 53
560 8 2 200 83
561 8 16 200 67
562 8 2 200 52
563 2 16 200 59
564 2 64 100 87
565 2 4 100 51
566 8 4 150 95
567 8 4 100 54
568 8 4 150 85
569 16 16 200 71
570 16 16 200 92
571 2 2 200 97
572 8 4 100 91
573 16 64 200 74
574 2 2 200 96
575 2 4 100 61
576 16 64 150 94
577 2 4 100 95
578 2 64 150 67
579 2 64 200 99
580 2 16 50 99
581 2 64 100 90
582 16 64 200 51
583 2 16 50 63
584 2 2 50 76
585 16 2 150 51
586 16 2 100 99
587 2 4 200 60
588 16 16 50 82
589 2 2 200 51
590 2 4 150 89
591 16 16 150 91
592 8 64 200 67
593 2 16 200 83
594 2 4 50 56
595 16 16 50 80
596 16 4 50 69
597 16 64 200 51
598 2 4 150 57
599 2 4 200 62
600 2 64 150 74
601 2 64 100 64
602 16 2 150 84
603 2 64 200 91
604 8 64 50 87
605 2 16 150 54
606 8 16 50 86
607 2 2 100 74
608 8 16 150 68
609 2 4 100 62
610 16 16 100 83
611 16 16 100 90
612 16 16 200 87
613 8 16 200 62
614 2 2 100 56
615 2 4 150 77
616 8 4 100 96
617 8 64 100 66
618 16 4 50 86
619 16 4 50 56
620 2 2 50 93
621 2 2 100 88
622 16 4 150 83
623 8 64 100 75
624 2 16 50 62
625 8 64 200 92
626 16 64 50 53
627 2 2 200 82
628 8 4 100 59
629 2 16 50 67
630 2 16 150 63
631 16 64 100 85
632 8 16 150 78
633 16 16 50 85
634 16 2 50 57
635 16 16 50 87
636 16 4 150 90
637 16 2 100 80
638 2 4 200 68
639 2 64 100 97
640 16 64 150 56
641 2 4 100 73
642 8 16 50 86
643 8 2 100 94
323
1 252 59 98
2 176 54 167
3 592 63 106
4 184 59 114
5 137 44 99
8 286 62 157
8 587 68 111
9 202 47 118
10 272 40 200
10 613 68 171
11 245 44 167
12 161 64 161
12 552 63 116
13 220 46 132
14 89 52 171
15 277 54 121
16 357 48 161
17 574 68 125
18 574 60 98
19 407 50 100
23 67 42 111
24 521 51 103
24 441 59 167
24 439 61 111
25 335 46 144
27 65 49 186
28 216 53 115
28 378 48 137
31 43 46 115
32 514 52 154
32 457 45 122
32 328 66 146
34 428 40 97
38 458 50 114
41 356 65 166
41 69 46 102
42 281 43 156
44 55 60 172
44 580 60 136
45 102 54 139
45 131 60 113
46 202 44 187
48 518 53 146
51 460 48 128
53 213 58 135
53 149 48 111
55 219 47 106
56 621 49 124
57 370 48 191
57 336 47 186
57 595 54 185
57 181 60 137
59 378 62 167
59 113 50 136
61 604 67 140
61 147 59 129
62 599 67 155
63 447 47 169
63 496 49 146
63 489 51 134
64 593 54 163
66 555 44 109
67 268 60 114
69 592 69 99
73 115 41 182
73 157 69 145
73 508 45 138
74 404 59 198
74 608 62 188
75 469 62 171
75 510 59 96
75 303 66 98
75 109 60 144
75 568 55 113
76 458 69 179
77 513 51 187
78 538 69 158
79 511 60 105
79 466 60 156
80 404 62 181
80 153 63 171
80 424 48 117
81 582 42 109
81 500 63 168
82 210 44 136
82 92 52 166
84 219 50 163
84 532 55 180
84 405 65 188
85 166 66 160
85 603 40 173
87 195 69 114
88 227 42 113
89 342 69 143
89 465 62 96
91 564 42 101
91 188 59 193
92 438 57 178
93 473 56 172
94 422 63 144
98 316 54 157
101 468 60 99
101 175 46 178
104 118 43 149
104 493 40 115
104 631 50 146
106 460 46 141
109 334 62 180
110 554 51 164
111 457 69 112
113 203 57 150
115 493 67 139
115 492 50 105
117 505 55 160
119 166 70 188
121 139 48 183
123 585 53 167
126 333 68 167
130 618 42 175
132 615 53 178
132 205 42 188
134 336 56 103
134 612 43 161
135 250 51 148
136 378 61 157
137 226 55 188
138 459 58 196
138 494 69 191
139 320 48 194
139 381 69 156
144 305 57 97
145 557 45 169
145 166 53 167
149 476 41 183
151 269 43 91
151 394 67 101
158 394 64 195
158 171 67 150
165 187 41 133
166 477 57 96
167 558 58 197
168 605 63 168
168 614 44 176
169 560 54 154
171 543 58 103
172 386 59 115
172 574 70 151
172 378 59 96
172 336 61 147
177 442 63 187
179 402 67 176
184 636 53 185
185 571 47 150
186 515 70 123
188 306 48 109
190 230 67 173
194 500 59 106
195 239 49 141
196 415 47 154
197 499 60 96
199 357 61 125
200 311 53 176
200 386 61 112
202 394 50 170
204 386 46 137
204 462 68 176
207 424 48 177
208 461 48 139
208 219 70 105
208 595 69 144
213 458 69 142
213 537 48 107
213 412 42 171
218 242 46 160
223 262 70 184
225 640 64 112
225 510 41 134
226 343 53 172
227 530 48 164
229 546 53 104
234 330 64 118
236 397 50 172
238 324 46 159
240 249 43 138
241 291 65 150
245 325 55 172
246 308 45 132
247 508 58 189
250 400 66 148
250 462 70 96
250 478 45 113
252 306 70 196
253 449 48 135
253 273 49 166
253 559 57 135
256 334 42 125
258 619 48 106
259 636 41 150
262 631 58 107
262 497 57 197
263 482 69 188
264 545 70 188
265 506 62 185
265 357 57 159
267 444 41 152
267 526 53 131
268 470 68 91
268 600 42 154
269 360 67 130
272 408 64 123
274 600 61 149
274 586 70 117
275 432 41 156
277 617 51 132
277 287 49 96
277 524 64 164
279 636 40 115
279 632 65 107
281 543 56 161
282 338 67 111
289 429 45 142
291 492 63 187
291 489 55 180
294 454 52 191
295 303 69 97
296 614 40 139
298 370 65 156
298 477 50 92
299 393 46 129
300 631 42 191
302 547 65 145
302 454 43 106
305 644 41 94
311 531 57 138
313 427 51 116
318 543 48 156
319 337 67 179
319 495 49 176
325 422 64 147
327 418 51 181
329 538 47 95
329 571 70 114
330 440 45 169
331 513 48 148
336 569 67 91
339 384 44 135
340 436 49 161
340 386 69 160
342 510 57 168
345 627 45 180
346 595 45 153
348 468 66 96
350 433 40 178
353 355 61 181
353 401 48 176
358 555 50 109
358 388 63 177
358 386 42 184
359 638 53 147
359 379 54 115
359 639 51 92
363 442 61 168
366 375 62 139
368 390 44 110
377 454 56 190
380 480 45 183
383 450 62 157
383 619 41 112
387 639 41 114
388 458 53 142
391 395 43 143
392 497 51 100
393 436 56 149
394 622 51 130
396 640 62 188
401 540 41 163
402 433 55 160
405 596 57 189
406 590 42 114
412 471 57 153
416 549 64 191
418 494 63 176
419 420 66 150
422 473 63 91
423 560 60 112
426 484 44 107
431 455 65 127
433 437 67 173
434 592 47 116
437 443 44 129
444 599 57 197
447 513 43 116
452 521 62 95
456 488 56 162
459 521 44 153
464 550 69 150
468 488 50 113
481 618 52 191
483 545 54 146
486 601 57 143
487 517 57 168
491 555 69 99
498 590 63 141
499 613 63 143
501 609 46 193
506 627 47 190
507 575 54 94
510 570 56 157
511 625 50 102
516 632 40 128
518 643 65 159
525 551 40 172
527 624 57 164
531 564 45 136
532 601 68 105
535 588 55 108
536 561 49 183
539 542 60 95
542 594 57 155
551 643 64 170
603 625 63 161
607 610 62 186
613 621 40 140