732
0 2 16 150 83
1 2 64 50 99
2 2 16 200 50
3 16 16 50 92
4 16 2 200 86
5 8 4 150 81
6 8 2 200 64
7 2 16 150 69
8 8 64 150 97
9 8 4 50 78
10 2 4 200 54
11 16 16 200 55
12 2 64 100 88
13 2 4 150 63
14 8 64 200 68
15 2 16 150 66
16 2 2 50 58
17 2 16 150 79
18 8 16 100 76
19 16 16 100 73
20 8 64 150 51
21 8 4 50 57
22 16 64 50 72
23 8 16 200 84
24 2 16 200 54
25 2 2 150 51
26 2 64 50 75
27 16 4 50 70
28 8 2 50 80
29 16 2 150 95
30 2 2 100 74
31 2 4 150 56
32 2 4 100 87
33 8 64 150 81
34 8 4 100 95
35 16 16 200 56
36 16 64 200 87
37 16 2 50 73
38 16 64 150 80
39 8 4 50 98
40 2 64 100 52
41 8 2 200 77
42 16 16 150 78
43 8 2 100 74
44 8 16 150 76
45 16 2 200 95
46 2 4 200 78
47 16 64 150 59
48 2 64 200 67
49 16 64 50 77
50 16 2 150 93
51 2 4 50 98
52 2 4 50 88
53 2 4 100 75
54 8 16 200 53
55 16 16 150 100
56 16 64 100 61
57 2 16 200 73
58 2 64 150 89
59 16 64 100 82
60 8 16 100 63
61 2 16 200 58
62 2 4 150 54
63 8 16 200 51
64 8 16 200 81
65 16 4 200 77
66 2 16 100 99
67 2 4 50 85
68 2 64 150 77
69 16 64 200 59
70 8 4 100 78
71 16 64 50 90
72 2 64 200 54
73 16 2 100 65
74 2 2 50 77
75 2 2 50 54
76 2 4 50 97
77 8 16 50 94
78 8 2 200 98
79 16 2 150 66
80 16 64 200 83
81 2 16 200 99
82 2 16 200 79
83 8 16 100 69
84 16 16 200 50
85 2 2 200 65
86 8 4 150 70
87 8 16 100 98
88 8 4 200 67
89 16 2 200 84
90 16 4 50 79
91 16 16 150 78
92 16 4 100 56
93 2 64 200 94
94 8 4 50 95
95 8 4 200 60
96 8 4 150 52
97 16 4 100 63
98 2 16 200 51
99 16 4 150 71
100 2 16 200 92
101 8 64 200 75
102 2 4 100 65
103 2 2 150 70
104 8 64 100 84
105 2 16 200 77
106 2 4 200 88
107 2 64 150 53
108 8 2 200 53
109 16 64 200 65
110 2 16 200 99
111 16 2 200 69
112 2 16 100 60
113 2 16 50 58
114 8 4 150 59
115 16 2 100 84
116 16 64 200 96
117 16 16 200 99
118 16 4 50 90
119 2 16 100 91
120 16 2 200 83
121 8 16 150 69
122 8 4 50 86
123 16 16 150 73
124 2 16 50 76
125 8 64 200 87
126 16 64 150 53
127 2 16 150 93
128 2 4 50 83
129 8 16 200 66
130 16 64 150 99
131 16 16 200 75
132 2 2 50 79
133 8 2 100 94
134 8 2 50 59
135 2 16 200 61
136 8 16 200 81
137 8 64 50 80
138 8 16 50 50
139 8 64 150 93
140 16 2 50 100
141 16 16 50 55
142 8 16 50 76
143 8 16 200 53
144 2 16 50 76
145 8 16 100 72
146 8 4 150 53
147 8 2 150 72
148 16 16 150 57
149 16 2 200 94
150 8 64 150 70
151 16 4 50 59
152 2 4 200 67
153 8 4 200 65
154 16 2 100 68
155 2 2 200 78
156 16 4 100 80
157 2 2 150 60
158 16 2 150 77
159 8 2 200 53
160 8 64 200 66
161 8 2 150 65
162 2 64 200 52
163 2 64 200 59
164 2 2 150 58
165 8 4 200 58
166 8 2 150 59
167 16 16 200 77
168 2 64 100 95
169 8 16 100 82
170 2 4 50 68
171 16 2 100 50
172 16 64 50 81
173 2 16 50 51
174 16 64 150 74
175 8 2 100 50
176 8 16 200 81
177 8 64 200 67
178 2 2 50 66
179 8 64 50 51
180 2 2 50 54
181 16 64 200 93
182 8 2 50 88
183 16 2 150 63
184 8 2 150 66
185 16 2 150 83
186 16 4 50 60
187 2 4 200 74
188 2 64 200 51
189 2 2 50 72
190 2 64 100 51
191 16 16 100 66
192 16 4 100 63
193 2 64 50 74
194 2 4 50 97
195 8 64 50 51
196 2 4 150 62
197 16 16 50 84
198 2 4 100 65
199 8 4 200 84
200 16 2 100 56
201 2 64 200 72
202 8 4 50 62
203 2 64 200 76
204 16 16 100 75
205 16 2 150 55
206 2 16 150 100
207 2 2 200 78
208 8 2 50 85
209 2 64 200 72
210 8 4 50 74
211 16 4 150 100
212 2 2 150 98
213 2 16 50 54
214 8 4 50 79
215 8 2 150 53
216 8 4 200 68
217 2 4 150 96
218 8 16 150 89
219 16 64 50 55
220 16 16 200 55
221 2 2 100 65
222 8 4 100 73
223 16 2 50 65
224 8 4 200 95
225 16 16 100 100
226 16 64 50 71
227 2 64 100 85
228 2 2 200 51
229 16 4 100 77
230 2 4 200 79
231 8 16 200 84
232 8 2 150 71
233 16 2 50 60
234 2 2 150 90
235 8 64 200 50
236 8 16 150 98
237 8 4 200 91
238 8 64 100 61
239 16 4 50 57
240 2 16 150 100
241 2 2 200 98
242 2 16 50 98
243 2 64 100 81
244 16 4 200 97
245 2 16 100 92
246 8 16 50 58
247 2 2 150 97
248 2 4 100 77
249 2 16 150 52
250 8 16 50 74
251 16 64 200 88
252 16 16 50 71
253 8 64 50 80
254 2 4 50 62
255 16 64 150 79
256 16 64 100 69
257 2 16 200 71
258 2 4 100 63
259 2 64 200 86
260 2 16 50 56
261 16 2 100 51
262 2 2 150 55
263 16 16 150 79
264 16 16 50 97
265 2 16 200 58
266 2 64 200 91
267 2 4 150 77
268 2 64 200 78
269 2 2 100 94
270 16 16 150 99
271 8 64 200 94
272 2 2 50 50
273 16 4 150 67
274 8 64 50 85
275 2 16 150 59
276 8 2 200 53
277 8 2 150 82
278 2 2 150 52
279 8 64 100 61
280 8 16 150 66
281 16 4 200 95
282 16 64 100 77
283 16 2 150 79
284 16 4 100 96
285 16 64 100 90
286 8 64 100 96
287 8 16 150 90
288 16 64 150 74
289 16 4 150 74
290 16 16 200 77
291 16 64 100 87
292 8 2 150 71
293 16 64 150 75
294 2 64 100 59
295 16 4 100 84
296 8 4 100 60
297 2 16 150 97
298 16 4 150 88
299 2 64 200 93
300 16 2 50 98
301 16 2 100 93
302 8 16 150 62
303 8 64 100 84
304 8 2 200 89
305 2 64 100 92
306 2 64 150 61
307 8 2 150 87
308 2 64 150 50
309 16 16 100 85
310 8 64 200 63
311 8 16 200 78
312 8 4 150 87
313 8 64 50 61
314 8 4 200 69
315 8 4 150 76
316 16 4 200 78
317 8 4 50 61
318 2 16 50 100
319 8 16 50 53
320 8 2 50 60
321 8 4 150 62
322 8 2 50 77
323 8 64 200 69
324 16 2 150 66
325 16 64 50 58
326 2 64 200 69
327 8 4 150 84
328 16 64 150 93
329 8 16 150 70
330 2 2 150 98
331 16 16 150 84
332 16 64 50 90
333 16 4 50 59
334 2 64 150 64
335 16 64 100 95
336 16 64 50 81
337 16 16 50 89
338 16 2 200 95
339 8 64 50 68
340 8 16 50 60
341 8 64 100 54
342 8 4 100 51
343 2 16 100 70
344 16 4 50 94
345 16 4 150 97
346 16 64 50 92
347 16 4 100 91
348 16 16 50 77
349 16 64 50 64
350 16 16 200 80
351 2 4 150 51
352 8 4 150 94
353 2 16 150 62
354 2 4 150 87
355 8 4 50 58
356 2 16 150 60
357 2 4 200 86
358 16 16 100 97
359 2 64 200 93
360 8 2 150 93
361 16 4 200 69
362 2 2 100 52
363 2 16 100 60
364 8 4 50 65
365 8 4 100 52
366 2 2 200 90
367 16 64 50 75
368 8 2 150 72
369 16 2 100 71
370 2 16 50 92
371 8 4 100 69
372 8 16 50 60
373 16 2 150 94
374 8 2 150 66
375 8 4 50 62
376 16 16 50 77
377 2 16 50 84
378 16 4 100 57
379 16 64 150 87
380 2 2 100 93
381 8 64 100 56
382 2 2 200 78
383 8 4 100 85
384 8 4 200 70
385 16 4 50 95
386 2 16 200 93
387 16 64 100 60
388 2 64 200 98
389 16 2 100 67
390 16 2 150 85
391 2 16 150 53
392 16 4 50 89
393 16 2 200 75
394 16 4 50 76
395 16 2 150 89
396 8 4 200 95
397 16 2 50 76
398 16 16 50 70
399 2 4 100 83
400 8 2 100 62
401 8 4 150 55
402 8 16 50 82
403 2 64 200 72
404 16 4 100 69
405 8 2 100 54
406 16 2 200 98
407 16 2 150 59
408 16 16 100 84
409 2 16 200 69
410 8 16 100 78
411 8 4 150 58
412 16 16 150 66
413 8 4 100 95
414 8 4 50 70
415 2 64 200 66
416 2 64 100 51
417 2 4 150 99
418 8 64 150 61
419 16 4 200 81
420 8 2 50 71
421 16 16 200 100
422 8 64 200 89
423 16 4 50 84
424 8 2 200 94
425 8 4 100 51
426 8 64 50 93
427 2 64 200 61
428 8 16 50 60
429 16 4 150 72
430 8 64 200 97
431 8 64 50 87
432 16 2 50 60
433 16 64 150 56
434 2 2 200 71
435 8 4 200 90
436 16 2 100 98
437 2 4 100 77
438 8 64 150 56
439 2 4 50 77
440 16 2 200 76
441 2 16 50 67
442 8 4 150 72
443 2 64 50 99
444 16 2 50 58
445 2 16 100 75
446 8 64 200 62
447 2 4 150 72
448 2 16 150 83
449 8 2 50 60
450 8 16 100 62
451 2 2 200 73
452 16 16 50 96
453 2 2 100 58
454 2 4 100 82
455 2 64 100 83
456 8 64 100 88
457 2 2 150 58
458 16 64 100 97
459 2 64 50 91
460 2 16 50 100
461 2 16 50 64
462 8 16 150 90
463 8 64 200 59
464 16 16 150 80
465 8 16 50 93
466 8 16 200 88
467 2 4 50 100
468 16 2 50 77
469 2 2 50 95
470 2 64 50 97
471 8 2 50 62
472 8 64 100 87
473 16 2 200 90
474 16 4 100 72
475 8 16 100 93
476 16 16 50 94
477 16 4 150 66
478 2 64 50 57
479 8 64 100 88
480 2 16 150 66
481 8 16 100 67
482 8 64 200 90
483 8 2 50 83
484 2 2 150 76
485 2 64 150 70
486 8 16 100 88
487 8 4 200 95
488 16 16 100 59
489 8 2 50 63
490 16 2 50 50
491 16 2 100 78
492 2 4 50 83
493 16 16 100 79
494 16 16 100 89
495 8 2 150 59
496 2 64 50 58
497 2 16 50 70
498 8 64 100 82
499 16 64 100 85
500 8 16 200 67
501 8 2 50 61
502 16 16 150 50
503 16 16 150 90
504 16 16 150 96
505 16 4 150 60
506 8 16 200 65
507 8 64 200 73
508 2 16 100 76
509 8 4 200 99
510 8 4 200 50
511 16 64 200 87
512 8 64 50 72
513 8 2 100 70
514 2 64 100 60
515 8 16 150 74
516 16 4 200 82
517 8 2 200 79
518 16 2 50 93
519 2 64 200 93
520 8 4 150 53
521 8 64 200 71
522 8 64 100 68
523 8 4 50 66
524 8 16 200 87
525 8 2 200 56
526 8 64 100 90
527 16 64 50 65
528 2 16 200 55
529 2 4 150 96
530 2 16 200 74
531 16 16 100 64
532 16 4 200 82
533 8 16 200 81
534 2 64 100 63
535 16 16 150 84
536 2 2 100 65
537 8 4 200 89
538 8 4 150 53
539 8 4 100 58
540 16 2 200 50
541 16 2 150 50
542 2 4 200 84
543 8 64 150 84
544 16 2 200 75
545 2 4 100 58
546 2 16 200 51
547 16 64 50 82
548 16 64 100 59
549 16 16 100 78
550 2 4 50 95
551 2 2 200 73
552 8 64 100 62
553 16 4 200 82
554 2 64 50 73
555 2 16 100 85
556 16 16 100 80
557 2 2 100 66
558 16 64 200 93
559 8 2 150 93
560 16 64 200 73
561 2 2 50 74
562 16 16 50 87
563 16 2 200 51
564 2 64 50 62
565 2 4 150 99
566 16 16 200 73
567 8 64 200 98
568 16 16 50 92
569 8 4 200 94
570 8 2 150 72
571 2 64 150 83
572 2 16 50 94
573 16 16 150 76
574 2 64 100 84
575 8 4 50 74
576 16 64 200 53
577 16 16 150 95
578 16 64 100 56
579 16 64 50 87
580 8 16 100 81
581 16 64 150 83
582 16 64 100 76
583 16 2 50 71
584 2 16 100 50
585 2 64 50 73
586 16 16 50 70
587 16 4 200 89
588 16 2 200 87
589 2 2 50 51
590 16 2 150 58
591 8 64 150 51
592 2 64 50 56
593 2 16 100 68
594 2 4 150 75
595 2 64 100 55
596 2 64 150 80
597 8 64 150 93
598 16 2 50 82
599 2 16 200 72
600 16 4 150 90
601 8 2 50 86
602 8 4 100 86
603 16 64 200 97
604 8 4 200 100
605 2 2 150 65
606 8 2 100 50
607 8 4 100 67
608 16 2 150 85
609 8 2 50 51
610 2 16 100 74
611 16 64 150 94
612 8 2 100 84
613 16 2 50 86
614 8 64 150 57
615 16 16 100 76
616 8 2 100 74
617 2 16 100 50
618 8 2 50 100
619 8 4 50 62
620 16 2 100 75
621 2 2 150 74
622 8 2 100 67
623 8 64 50 83
624 8 4 100 92
625 16 4 200 53
626 2 16 100 77
627 16 16 50 87
628 2 2 100 94
629 2 2 150 67
630 16 2 50 79
631 8 2 50 92
632 16 64 200 68
633 2 4 200 51
634 2 16 50 64
635 16 2 50 92
636 8 16 200 76
637 2 64 100 90
638 2 2 200 100
639 8 16 100 50
640 2 4 50 76
641 8 64 150 65
642 8 64 200 76
643 2 64 50 81
644 2 4 150 56
645 8 4 200 96
646 16 64 150 93
647 2 16 200 100
648 8 64 150 98
649 8 4 50 80
650 16 16 150 73
651 2 2 200 59
652 16 4 50 99
653 8 2 100 94
654 16 64 50 81
655 16 2 200 64
656 2 64 150 84
657 16 4 100 70
658 2 64 200 86
659 16 4 100 65
660 8 16 200 78
661 8 64 50 98
662 2 2 50 79
663 16 16 200 77
664 8 4 50 57
665 8 4 200 89
666 8 64 200 64
667 16 4 200 70
668 16 2 200 62
669 16 16 200 86
670 16 2 50 80
671 8 16 150 59
672 16 64 150 70
673 8 16 200 51
674 2 16 200 53
675 8 4 200 65
676 8 16 200 97
677 2 16 150 84
678 16 2 150 62
679 16 16 50 67
680 2 4 150 72
681 16 16 50 52
682 8 2 200 57
683 16 64 50 64
684 2 4 200 94
685 2 2 200 75
686 2 4 100 67
687 8 4 150 78
688 2 64 50 80
689 8 16 150 65
690 16 64 150 76
691 16 16 200 75
692 8 16 150 54
693 8 64 50 73
694 8 16 50 74
695 8 16 100 71
696 16 4 150 93
697 2 2 200 99
698 8 16 150 95
699 16 16 100 70
700 8 64 50 94
701 2 64 150 77
702 2 64 50 95
703 16 64 100 73
704 8 64 100 97
705 2 16 50 77
706 2 64 150 92
707 8 64 100 66
708 16 16 100 62
709 8 4 150 56
710 8 4 100 91
711 16 4 100 54
712 2 64 150 61
713 16 4 50 65
714 2 2 150 90
715 2 16 100 79
716 2 64 150 97
717 8 64 200 99
718 8 2 50 69
719 8 4 100 97
720 16 2 150 95
721 16 2 150 66
722 2 2 100 97
723 2 2 150 74
724 16 64 150 55
725 2 2 200 100
726 8 16 100 70
727 2 64 200 95
728 16 16 150 59
729 16 4 150 92
730 2 64 50 68
731 16 16 200 54
256
0 175 51 166
3 306 44 118
4 96 70 96
6 11 43 120
9 527 59 101
9 677 60 168
11 361 44 117
12 233 59 90
13 635 70 132
13 538 61 149
14 58 68 196
16 101 40 111
17 643 48 158
17 216 59 135
20 82 41 168
21 211 55 92
21 54 67 127
23 498 40 122
26 700 45 91
29 177 53 125
33 76 55 138
34 86 49 121
34 500 64 111
36 296 58 180
38 64 40 158
40 495 59 189
41 305 60 156
42 148 45 95
42 116 70 112
43 435 57 108
43 76 52 186
44 137 66 95
46 432 67 184
47 297 43 183
48 665 62 114
48 684 45 93
48 191 70 179
50 62 55 135
53 540 45 177
56 315 49 193
57 683 58 153
57 612 45 156
58 71 51 115
61 674 55 126
61 299 52 176
61 104 58 107
62 320 61 104
62 506 67 95
63 596 57 145
65 723 48 183
66 350 64 159
67 724 52 155
68 217 42 152
68 239 56 131
68 436 41 193
68 347 65 114
70 171 43 115
72 144 50 103
72 439 52 113
73 87 46 164
73 660 52 179
77 422 65 122
82 465 57 101
82 180 58 124
82 282 48 127
83 699 41 156
88 239 66 155
89 654 54 177
89 724 43 199
89 153 40 105
98 645 64 165
103 543 42 95
104 698 67 97
106 543 49 178
108 207 62 184
109 180 54 131
111 317 46 159
112 732 55 105
113 604 63 127
114 291 50 103
121 595 40 113
121 440 63 134
121 487 70 100
125 634 63 90
125 136 60 148
128 595 51 190
129 444 46 103
129 582 41 193
132 577 43 95
132 281 59 91
132 260 69 191
134 436 60 199
137 296 65 124
149 495 68 91
150 388 40 122
151 439 68 129
152 668 40 140
155 365 67 139
156 309 50 165
158 190 47 199
159 630 70 92
161 656 43 92
161 535 49 107
161 654 41 177
164 612 67 157
170 342 56 138
172 606 42 136
175 711 58 137
176 638 65 108
177 324 53 118
179 246 45 176
179 708 60 190
180 449 64 183
185 310 49 122
185 432 41 111
186 352 67 102
186 506 44 182
190 460 54 93
191 198 58 152
198 687 63 173
198 230 62 92
198 701 64 147
199 282 70 151
202 504 54 141
202 502 45 153
203 459 65 182
207 493 45 158
210 378 43 119
211 479 54 132
214 633 48 176
214 392 67 113
215 607 55 196
216 543 69 120
216 266 63 133
217 412 57 114
219 691 57 112
223 417 56 109
224 713 63 154
225 515 65 194
226 437 64 196
227 497 56 181
228 452 48 133
233 560 48 187
234 715 60 189
235 671 69 189
236 669 47 98
236 660 70 116
241 652 44 196
241 653 47 94
242 455 63 137
245 292 48 153
248 644 70 126
251 500 61 92
256 531 52 111
264 482 63 176
265 437 40 164
266 598 60 168
268 434 55 185
274 372 67 102
274 518 61 128
274 589 48 130
276 279 58 110
283 577 48 130
285 556 62 179
285 491 48 194
286 570 45 127
291 533 68 175
292 593 56 108
294 401 49 193
298 440 51 114
299 408 70 146
300 352 67 157
300 389 45 112
301 695 53 159
302 680 65 125
305 515 51 161
311 519 62 200
311 500 50 116
316 626 60 98
316 699 70 192
318 440 56 152
319 441 61 158
319 501 64 126
321 727 66 135
323 664 67 125
324 721 66 139
326 473 43 141
334 479 44 123
337 704 44 171
344 597 57 101
351 559 54 101
354 532 69 124
355 402 48 128
357 715 49 177
358 590 60 165
358 582 45 193
359 481 61 122
359 709 46 159
362 368 63 156
364 406 50 162
366 732 45 147
367 496 47 136
370 685 45 96
374 692 68 111
380 521 47 141
380 526 62 107
384 599 51 153
385 442 55 94
389 520 41 180
397 672 58 141
401 426 68 134
403 464 48 179
408 590 69 135
410 560 68 155
414 590 68 198
415 563 52 166
417 658 64 97
417 627 43 188
423 490 69 149
426 601 59 97
426 519 50 153
427 492 43 136
431 732 59 95
441 698 51 139
447 525 67 189
453 605 46 184
453 466 53 101
471 574 67 143
479 513 44 173
482 620 43 91
484 632 66 177
487 713 54 191
488 721 56 152
492 719 56 108
492 498 57 97
495 655 51 196
500 709 42 174
510 628 52 200
516 711 50 200
527 590 41 157
527 675 45 148
535 638 56 108
536 691 52 160
536 596 48 138
538 704 62 145
542 581 51 133
555 691 42 99
567 730 43 124
572 683 56 190
595 614 51 169
602 692 50 138
602 639 45 191
638 715 56 165
663 717 54 150
704 720 57 150
723 732 40 113