454
0 32 320 400 170
1 8 320 400 176
2 8 128 1000 156
3 32 320 400 130
4 8 128 5000 111
5 8 128 400 115
6 32 320 400 184
7 32 32 2000 142
8 8 320 5000 107
9 8 320 5000 154
10 8 32 5000 121
11 8 320 5000 192
12 32 320 2000 112
13 8 32 400 175
14 8 32 2000 161
15 32 32 400 155
16 8 32 800 104
17 8 320 2000 200
18 32 128 1000 96
19 8 32 800 159
20 8 320 400 144
21 8 128 1000 177
22 32 32 400 131
23 32 32 2000 119
24 8 32 800 175
25 32 32 1000 176
26 32 32 2000 91
27 32 32 5000 131
28 8 128 5000 118
29 32 32 5000 156
30 32 32 2000 97
31 8 320 5000 179
32 8 32 1000 97
33 32 320 800 103
34 8 320 2000 155
35 8 32 800 176
36 8 32 800 127
37 8 320 2000 108
38 8 128 2000 109
39 32 320 1000 115
40 32 32 5000 99
41 8 320 5000 101
42 8 32 400 184
43 8 128 2000 119
44 8 128 400 100
45 8 320 800 140
46 8 32 400 188
47 8 128 2000 148
48 8 32 800 147
49 32 128 1000 173
50 32 32 800 165
51 8 320 400 139
52 8 320 1000 135
53 32 128 5000 184
54 32 320 800 199
55 8 128 400 121
56 32 32 400 93
57 8 128 2000 189
58 32 32 2000 187
59 8 320 2000 186
60 8 320 1000 190
61 32 128 400 143
62 32 128 5000 127
63 8 32 400 100
64 8 320 5000 133
65 32 32 2000 136
66 32 32 2000 91
67 8 320 1000 172
68 8 320 400 117
69 8 128 1000 100
70 8 128 400 138
71 8 128 2000 91
72 8 128 1000 146
73 8 320 2000 158
74 8 320 800 93
75 32 32 1000 142
76 32 32 400 161
77 32 128 1000 135
78 32 320 800 104
79 32 128 800 152
80 32 32 400 128
81 8 32 400 118
82 8 128 800 130
83 8 320 5000 134
84 8 32 400 137
85 32 320 1000 176
86 8 320 2000 188
87 8 32 1000 192
88 32 320 2000 165
89 8 320 800 153
90 8 128 400 193
91 8 128 1000 135
92 8 128 1000 117
93 32 128 1000 187
94 8 32 1000 113
95 8 128 800 125
96 8 128 2000 109
97 8 320 1000 188
98 8 320 400 173
99 8 128 1000 180
100 32 320 2000 117
101 8 320 2000 129
102 32 32 5000 162
103 32 32 800 140
104 32 128 2000 135
105 8 32 1000 182
106 32 32 400 96
107 8 128 400 105
108 8 320 5000 197
109 8 32 1000 98
110 8 32 5000 158
111 8 320 2000 168
112 8 128 1000 178
113 32 128 400 113
114 32 32 400 95
115 32 320 2000 114
116 32 128 2000 195
117 32 128 2000 194
118 8 32 1000 105
119 8 32 5000 182
120 32 128 1000 144
121 32 32 800 130
122 32 128 400 161
123 8 32 400 97
124 8 32 5000 173
125 32 32 800 131
126 8 128 2000 189
127 32 32 1000 200
128 32 32 2000 137
129 32 320 5000 122
130 32 32 5000 156
131 32 320 400 145
132 8 128 800 172
133 32 320 2000 95
134 8 320 2000 93
135 8 32 800 145
136 8 32 2000 92
137 8 32 1000 176
138 32 128 400 132
139 8 320 1000 139
140 8 320 1000 138
141 8 32 5000 134
142 8 320 5000 179
143 8 128 1000 149
144 8 320 1000 115
145 32 320 2000 186
146 32 320 800 186
147 32 320 400 187
148 8 32 1000 171
149 8 32 1000 96
150 32 320 800 169
151 32 128 800 167
152 32 128 1000 140
153 32 320 400 112
154 8 320 5000 169
155 8 128 5000 92
156 32 32 2000 99
157 32 128 2000 140
158 8 128 1000 110
159 8 320 1000 130
160 8 128 1000 111
161 8 32 400 119
162 8 32 800 170
163 32 128 5000 132
164 32 320 2000 173
165 32 128 1000 111
166 32 32 400 179
167 8 128 5000 148
168 32 32 1000 104
169 8 128 400 193
170 8 32 800 103
171 32 32 400 175
172 8 32 800 186
173 8 128 400 94
174 32 320 800 172
175 32 32 800 149
176 8 320 1000 200
177 32 128 2000 156
178 8 128 2000 179
179 8 32 800 138
180 32 32 400 121
181 8 32 400 157
182 32 320 5000 199
183 32 128 800 124
184 32 32 1000 162
185 32 320 2000 191
186 32 128 2000 111
187 32 320 1000 113
188 8 32 400 107
189 32 128 1000 187
190 8 32 400 101
191 8 32 1000 97
192 32 320 400 193
193 8 32 800 157
194 8 128 5000 126
195 32 128 400 180
196 8 32 800 164
197 32 32 400 148
198 8 128 800 154
199 8 320 5000 166
200 32 320 1000 171
201 32 32 1000 102
202 8 320 800 97
203 8 320 800 194
204 8 128 800 131
205 32 32 2000 165
206 8 32 400 193
207 8 320 800 138
208 8 320 400 145
209 32 320 1000 193
210 32 32 400 164
211 32 32 800 99
212 8 128 5000 122
213 8 32 5000 169
214 32 32 5000 127
215 32 128 2000 197
216 32 320 5000 200
217 8 320 5000 152
218 32 320 800 121
219 8 128 5000 125
220 32 32 800 98
221 32 32 5000 103
222 32 320 5000 171
223 32 32 800 153
224 8 32 400 189
225 32 32 400 193
226 32 32 1000 161
227 32 320 400 105
228 32 32 1000 110
229 32 32 2000 189
230 8 32 400 130
231 8 32 800 131
232 32 128 5000 125
233 32 128 5000 174
234 32 320 2000 176
235 8 32 1000 144
236 32 320 5000 156
237 8 320 400 133
238 32 32 1000 124
239 8 128 2000 173
240 32 320 2000 137
241 32 128 5000 158
242 8 128 400 146
243 8 32 400 109
244 32 32 800 111
245 8 32 2000 91
246 32 320 400 123
247 8 32 1000 155
248 8 320 800 153
249 8 32 1000 187
250 32 320 800 164
251 32 128 5000 195
252 8 128 1000 131
253 8 128 800 116
254 8 320 800 144
255 8 128 1000 148
256 32 32 1000 129
257 8 320 800 92
258 32 128 800 132
259 32 32 800 179
260 8 32 800 125
261 8 128 800 164
262 8 32 5000 161
263 32 320 5000 112
264 32 32 1000 200
265 8 320 2000 115
266 32 320 400 174
267 32 32 5000 97
268 32 128 1000 126
269 8 32 400 168
270 32 320 2000 166
271 32 128 1000 93
272 8 128 5000 93
273 8 128 800 180
274 32 320 800 105
275 8 32 1000 98
276 8 32 2000 169
277 32 32 1000 138
278 32 320 1000 194
279 8 320 400 95
280 8 32 2000 200
281 8 128 800 101
282 8 320 400 113
283 32 320 2000 110
284 8 128 5000 128
285 32 128 2000 114
286 32 32 2000 198
287 32 32 400 119
288 32 320 5000 140
289 32 128 1000 183
290 8 32 400 127
291 32 32 5000 153
292 8 128 1000 142
293 8 32 2000 120
294 8 128 800 129
295 8 320 800 117
296 32 320 5000 120
297 8 320 2000 168
298 8 32 1000 111
299 8 32 2000 156
300 8 320 1000 173
301 8 320 2000 103
302 32 320 800 94
303 32 320 800 135
304 8 32 1000 115
305 32 128 5000 199
306 8 32 2000 128
307 8 128 400 105
308 32 128 5000 132
309 8 32 1000 154
310 32 32 1000 171
311 32 128 5000 129
312 8 320 2000 186
313 32 128 5000 133
314 32 128 2000 164
315 32 320 800 108
316 8 128 2000 115
317 8 32 5000 120
318 32 32 400 172
319 8 128 1000 104
320 32 320 5000 143
321 8 128 5000 171
322 32 32 400 161
323 8 32 5000 190
324 8 32 400 166
325 32 128 800 187
326 8 32 1000 187
327 32 320 2000 153
328 32 32 800 161
329 8 32 800 100
330 32 32 1000 139
331 8 32 800 184
332 32 32 800 134
333 8 320 5000 108
334 32 128 2000 178
335 32 128 2000 125
336 8 320 400 119
337 8 128 2000 183
338 32 32 400 137
339 8 128 5000 113
340 32 128 400 199
341 8 128 1000 175
342 32 32 800 183
343 8 320 1000 129
344 8 128 1000 119
345 8 128 5000 152
346 32 320 5000 118
347 32 320 400 188
348 32 320 2000 114
349 8 320 1000 162
350 8 32 800 138
351 8 128 2000 140
352 8 320 800 180
353 8 32 800 158
354 32 32 400 180
355 32 32 400 189
356 8 320 400 185
357 8 128 2000 134
358 32 128 2000 184
359 32 32 1000 119
360 32 128 5000 110
361 32 320 5000 127
362 8 128 400 118
363 32 320 400 199
364 8 32 2000 139
365 32 128 400 196
366 32 32 2000 174
367 8 32 1000 193
368 8 32 800 196
369 32 32 2000 192
370 32 320 5000 152
371 8 320 800 134
372 32 320 2000 90
373 8 128 5000 184
374 32 32 5000 137
375 8 32 2000 171
376 8 128 400 166
377 8 32 5000 150
378 32 32 5000 162
379 8 128 2000 174
380 32 128 400 177
381 8 320 5000 133
382 32 32 5000 160
383 32 32 400 190
384 32 128 2000 186
385 32 320 800 117
386 8 320 2000 121
387 8 128 400 119
388 32 128 1000 115
389 8 128 2000 125
390 8 32 2000 122
391 8 320 1000 95
392 8 128 2000 199
393 32 128 1000 139
394 8 128 800 133
395 8 32 800 101
396 32 32 2000 132
397 8 128 1000 136
398 8 32 400 94
399 8 128 400 170
400 32 320 5000 154
401 32 128 2000 175
402 32 320 1000 113
403 32 128 5000 156
404 32 320 2000 167
405 8 32 1000 129
406 32 32 2000 194
407 32 32 400 141
408 32 32 800 108
409 8 320 1000 153
410 8 32 1000 95
411 8 128 800 113
412 8 32 400 176
413 8 128 1000 118
414 32 320 1000 111
415 32 128 5000 105
416 8 320 1000 90
417 32 128 5000 183
418 32 128 800 115
419 8 32 800 101
420 8 32 800 184
421 32 32 5000 200
422 32 128 5000 115
423 32 128 400 91
424 8 32 2000 140
425 32 32 400 168
426 8 128 400 187
427 8 128 2000 93
428 8 32 2000 141
429 8 32 400 155
430 8 320 5000 117
431 8 320 2000 97
432 8 32 5000 154
433 32 320 400 119
434 32 128 2000 156
435 8 32 5000 128
436 32 128 5000 142
437 8 32 400 196
438 32 32 5000 128
439 32 32 800 157
440 8 32 400 168
441 32 32 1000 93
442 8 32 2000 198
443 32 320 1000 117
444 8 32 2000 141
445 8 320 5000 95
446 8 32 800 168
447 8 320 2000 147
448 32 32 1000 182
449 8 32 5000 137
450 8 32 800 104
451 8 320 400 151
452 8 32 800 121
453 8 32 2000 156
135
1 242 49 121
4 207 65 198
4 258 57 161
5 178 65 137
8 242 44 186
13 445 40 151
15 390 52 132
16 79 40 110
17 243 50 122
23 59 68 152
23 369 66 102
25 188 69 197
26 279 67 98
27 376 55 141
28 320 43 173
30 406 40 107
31 326 42 150
34 290 64 165
36 239 56 158
38 164 59 153
41 221 67 159
41 268 58 157
41 348 69 197
53 96 63 162
53 321 66 162
53 210 64 189
56 273 54 105
56 196 41 115
56 409 65 142
57 375 42 139
58 281 44 124
59 217 67 152
60 263 65 98
61 166 62 123
65 129 59 187
66 76 60 172
71 183 50 197
73 259 50 124
73 195 57 106
74 226 50 189
75 320 60 119
75 206 50 147
76 253 46 133
78 288 60 184
81 421 59 158
84 218 63 195
86 315 51 188
86 356 70 93
87 290 57 153
88 183 66 123
89 322 67 133
92 149 55 122
98 290 40 169
101 149 57 171
104 395 49 128
106 279 63 113
109 407 45 186
112 296 66 187
113 141 63 193
115 202 51 137
123 342 57 178
124 403 47 93
126 161 56 157
126 163 61 149
126 290 44 112
136 362 47 186
137 319 70 179
137 449 67 193
139 182 68 140
140 201 45 183
141 265 51 153
143 263 58 166
146 321 64 158
148 177 64 193
152 370 51 183
152 310 44 120
154 313 56 139
155 211 52 110
157 395 67 186
158 280 51 96
161 309 46 106
162 278 62 148
163 242 68 162
165 290 41 92
167 380 59 91
171 389 60 149
173 397 42 154
175 223 56 179
177 284 40 117
178 296 48 107
185 254 65 130
197 333 67 200
201 372 45 96
201 370 60 164
207 445 54 110
211 334 47 171
213 405 63 141
214 399 52 93
216 409 66 166
218 269 47 145
222 411 55 159
222 261 49 111
222 423 44 163
223 377 61 121
225 447 57 133
227 283 53 167
229 342 54 182
236 301 55 98
236 359 49 189
237 325 69 97
238 388 65 181
245 434 59 99
248 398 41 164
257 348 42 115
258 397 54 112
258 356 41 123
267 396 50 166
270 310 59 118
286 335 42 103
286 331 61 178
299 413 64 193
303 337 65 169
310 405 62 99
317 343 51 153
321 340 65 188
326 354 40 173
342 432 68 93
344 432 51 139
346 442 60 187
351 398 40 96
356 408 57 155
368 418 45 145
369 452 57 123
417 429 40 194
417 454 56 135