576
0 16 256 5000 177
1 64 128 2400 186
2 128 64 2400 160
3 32 128 800 183
4 64 16 2400 95
5 32 256 2400 132
6 64 256 800 175
7 128 16 5000 165
8 128 256 5000 110
9 128 128 5000 114
10 128 256 2400 127
11 16 256 5000 155
12 128 64 500 183
13 128 128 800 169
14 32 128 2400 152
15 32 128 5000 90
16 16 128 800 142
17 128 16 5000 110
18 16 64 500 155
19 32 128 1000 162
20 32 16 5000 107
21 128 16 5000 121
22 16 16 5000 158
23 64 16 800 141
24 64 64 5000 198
25 16 64 800 170
26 128 16 800 133
27 16 64 1000 158
28 128 64 2400 119
29 32 64 800 156
30 32 16 5000 156
31 128 16 2400 136
32 32 16 800 96
33 128 64 500 150
34 64 16 500 195
35 128 16 5000 170
36 16 64 500 142
37 64 128 1000 138
38 128 16 800 131
39 128 256 2400 142
40 128 256 2400 150
41 16 16 5000 105
42 32 128 500 156
43 64 256 500 130
44 16 16 2400 172
45 128 16 5000 197
46 64 128 5000 109
47 128 64 1000 164
48 64 64 500 112
49 32 256 800 185
50 64 256 2400 92
51 64 256 5000 194
52 64 256 2400 91
53 16 64 500 108
54 64 256 5000 174
55 16 256 800 181
56 32 128 500 169
57 64 256 500 127
58 16 16 2400 161
59 32 16 5000 151
60 16 128 800 194
61 32 64 5000 109
62 32 128 1000 158
63 32 64 500 195
64 16 128 2400 165
65 16 16 5000 142
66 64 64 2400 98
67 128 64 2400 133
68 128 128 800 129
69 128 128 500 102
70 128 256 500 107
71 128 256 2400 162
72 32 256 5000 93
73 64 64 500 160
74 32 256 1000 191
75 64 256 5000 195
76 128 128 5000 122
77 32 128 500 150
78 64 128 800 189
79 128 256 800 115
80 64 64 800 154
81 16 256 5000 144
82 128 64 800 112
83 64 64 5000 190
84 128 256 1000 117
85 128 256 5000 178
86 32 128 1000 156
87 128 64 1000 146
88 32 64 500 146
89 64 128 1000 129
90 32 64 5000 139
91 64 16 2400 123
92 128 128 800 92
93 32 128 1000 146
94 64 128 5000 181
95 16 64 2400 124
96 16 128 500 94
97 128 16 5000 156
98 32 128 2400 169
99 32 256 1000 126
100 32 128 800 124
101 16 64 5000 98
102 32 64 500 193
103 128 16 500 151
104 32 256 800 119
105 16 256 800 114
106 64 64 800 155
107 16 128 1000 196
108 32 128 800 151
109 64 256 1000 137
110 16 16 800 107
111 32 128 1000 129
112 64 64 2400 140
113 32 256 1000 191
114 32 64 2400 149
115 16 16 2400 141
116 32 256 1000 183
117 32 16 800 160
118 32 64 500 106
119 16 64 2400 130
120 128 128 500 190
121 128 128 500 171
122 16 16 1000 165
123 16 128 2400 181
124 32 64 2400 183
125 32 256 800 123
126 32 128 1000 115
127 128 128 2400 193
128 128 128 1000 122
129 64 16 800 159
130 16 16 500 106
131 16 16 5000 120
132 16 256 2400 112
133 128 128 800 120
134 64 128 1000 112
135 32 256 5000 109
136 16 16 1000 99
137 64 16 2400 138
138 128 128 5000 116
139 16 256 800 180
140 32 128 2400 120
141 128 256 5000 131
142 64 128 5000 136
143 16 64 1000 175
144 16 256 500 124
145 16 128 500 133
146 32 16 500 195
147 32 128 2400 145
148 32 256 800 189
149 128 64 5000 194
150 16 256 2400 174
151 16 256 500 125
152 64 16 2400 195
153 16 256 2400 105
154 32 128 1000 137
155 32 16 800 189
156 64 16 1000 183
157 32 128 5000 109
158 16 128 2400 177
159 32 256 500 124
160 16 64 1000 179
161 16 128 2400 141
162 32 128 5000 110
163 128 64 500 169
164 16 64 500 154
165 128 16 500 194
166 128 64 2400 117
167 16 128 5000 195
168 128 64 800 110
169 32 16 500 157
170 64 16 800 148
171 128 16 1000 118
172 16 256 800 182
173 64 16 800 96
174 64 64 800 187
175 128 128 800 177
176 16 128 2400 133
177 32 128 1000 126
178 128 256 800 162
179 16 128 5000 123
180 128 128 500 105
181 16 16 1000 163
182 32 128 5000 100
183 128 256 2400 141
184 32 256 5000 132
185 64 256 1000 109
186 64 16 5000 197
187 16 16 500 122
188 32 16 500 182
189 128 128 800 184
190 32 256 2400 93
191 128 128 500 155
192 128 128 800 92
193 16 64 2400 176
194 16 256 2400 179
195 32 256 800 162
196 32 256 5000 164
197 32 16 2400 180
198 16 256 500 146
199 32 16 800 182
200 128 128 2400 188
201 32 256 1000 105
202 16 64 500 180
203 32 256 500 130
204 16 64 1000 111
205 128 16 500 125
206 16 16 5000 193
207 32 64 500 185
208 64 64 1000 115
209 16 128 500 118
210 64 128 5000 119
211 32 128 1000 186
212 16 16 5000 90
213 64 64 2400 175
214 128 64 2400 100
215 128 16 500 194
216 16 64 2400 170
217 16 256 5000 194
218 16 64 2400 166
219 64 16 2400 159
220 128 256 1000 101
221 128 256 800 103
222 64 64 800 123
223 16 128 800 129
224 32 256 5000 94
225 128 64 800 114
226 128 128 2400 118
227 16 64 500 129
228 32 16 5000 154
229 32 64 2400 127
230 32 64 1000 100
231 64 64 500 109
232 16 128 5000 195
233 128 256 2400 145
234 16 16 500 140
235 128 64 500 122
236 16 128 800 200
237 64 256 2400 196
238 128 16 1000 130
239 64 256 800 174
240 64 128 1000 120
241 128 128 5000 169
242 128 256 1000 142
243 64 64 800 94
244 16 64 1000 91
245 32 128 1000 110
246 128 16 1000 120
247 16 256 2400 122
248 16 16 2400 172
249 32 64 1000 200
250 16 64 1000 173
251 16 256 5000 185
252 64 64 1000 151
253 128 256 500 189
254 128 128 800 165
255 128 16 800 192
256 64 256 800 132
257 64 256 5000 195
258 16 256 500 157
259 16 256 2400 92
260 64 128 1000 147
261 16 16 1000 133
262 16 16 800 151
263 128 128 800 185
264 16 16 800 171
265 16 256 500 168
266 16 16 5000 90
267 128 16 800 121
268 64 16 1000 131
269 16 128 500 106
270 16 128 800 194
271 128 256 5000 193
272 16 16 1000 166
273 16 16 1000 158
274 16 16 800 112
275 64 128 2400 196
276 16 128 2400 156
277 16 128 800 151
278 64 256 500 106
279 16 16 500 160
280 32 256 5000 175
281 32 256 2400 93
282 64 128 2400 192
283 64 256 1000 109
284 32 16 500 182
285 16 256 800 133
286 32 256 1000 99
287 16 128 1000 139
288 32 64 800 149
289 64 64 500 92
290 16 16 2400 188
291 16 64 800 139
292 128 128 800 92
293 32 256 1000 137
294 32 16 1000 157
295 64 16 5000 156
296 128 64 800 195
297 16 128 5000 193
298 128 16 5000 175
299 32 128 500 198
300 16 16 1000 193
301 128 16 1000 190
302 32 64 5000 191
303 32 16 500 123
304 128 64 1000 98
305 16 128 2400 166
306 16 64 5000 138
307 128 128 800 108
308 32 128 5000 139
309 32 256 1000 111
310 16 16 800 101
311 128 16 800 122
312 64 16 1000 176
313 32 256 500 170
314 32 128 800 138
315 32 16 5000 125
316 64 64 500 153
317 32 16 500 192
318 128 128 800 152
319 32 128 2400 142
320 32 128 500 130
321 64 64 500 109
322 32 256 1000 157
323 64 16 500 187
324 16 128 2400 148
325 64 64 1000 95
326 32 128 1000 95
327 32 128 500 129
328 64 256 500 131
329 128 256 1000 190
330 64 64 800 100
331 128 128 1000 172
332 32 16 2400 124
333 128 64 1000 99
334 128 64 800 199
335 32 128 2400 160
336 16 128 1000 145
337 16 256 500 153
338 64 64 800 118
339 16 128 2400 144
340 64 256 500 186
341 32 16 800 111
342 32 16 800 92
343 16 16 500 129
344 16 128 500 96
345 16 256 2400 152
346 128 256 500 103
347 32 256 800 157
348 32 256 2400 143
349 64 128 5000 118
350 128 128 5000 141
351 32 256 5000 185
352 16 128 800 173
353 64 16 800 140
354 16 128 2400 154
355 128 16 5000 191
356 16 256 500 139
357 128 128 500 104
358 128 16 1000 179
359 128 128 800 188
360 16 64 5000 185
361 16 64 1000 165
362 16 64 1000 160
363 32 64 2400 156
364 64 16 1000 116
365 128 256 2400 160
366 16 256 800 145
367 128 64 500 102
368 16 256 5000 140
369 128 128 1000 103
370 32 128 500 107
371 16 16 2400 180
372 64 16 500 178
373 128 256 800 168
374 64 16 800 178
375 64 256 800 173
376 128 256 500 109
377 128 256 800 118
378 64 64 1000 198
379 64 64 500 163
380 128 64 500 126
381 32 128 1000 146
382 16 128 500 97
383 64 16 800 188
384 64 64 800 142
385 128 64 800 97
386 64 256 800 194
387 16 16 5000 125
388 128 16 2400 171
389 128 64 2400 125
390 16 16 800 160
391 128 256 800 165
392 64 16 500 94
393 64 128 500 92
394 64 64 2400 170
395 64 64 2400 116
396 128 256 500 105
397 32 64 2400 112
398 32 128 1000 112
399 32 128 800 166
400 32 256 5000 118
401 32 128 500 172
402 16 256 5000 168
403 128 64 800 170
404 128 256 500 125
405 32 16 500 170
406 16 16 800 154
407 128 64 800 177
408 32 128 1000 120
409 64 16 800 105
410 128 16 800 153
411 16 256 2400 164
412 128 16 2400 151
413 32 256 5000 105
414 64 256 5000 130
415 64 64 500 189
416 32 128 1000 124
417 16 64 500 125
418 128 128 800 118
419 16 128 800 112
420 16 128 500 187
421 32 64 2400 152
422 16 256 5000 177
423 64 256 5000 106
424 64 64 2400 111
425 64 64 2400 145
426 32 256 5000 130
427 128 128 1000 96
428 64 128 5000 91
429 128 128 1000 194
430 16 256 500 159
431 16 64 5000 121
432 16 256 5000 191
433 32 256 5000 143
434 32 64 800 137
435 128 128 5000 98
436 16 64 2400 110
437 16 16 800 176
438 32 16 500 153
439 64 128 800 102
440 64 16 800 92
441 32 128 1000 176
442 128 16 5000 176
443 64 128 800 196
444 16 128 2400 152
445 128 128 2400 158
446 128 256 500 190
447 32 128 1000 184
448 64 16 2400 161
449 32 64 800 109
450 128 64 1000 100
451 32 256 5000 199
452 64 256 2400 127
453 128 16 1000 157
454 128 256 800 134
455 32 256 2400 161
456 16 256 500 184
457 64 64 2400 167
458 32 128 500 97
459 32 64 1000 177
460 64 64 2400 177
461 16 256 500 116
462 64 16 5000 92
463 64 16 1000 96
464 16 64 5000 125
465 16 128 2400 187
466 128 256 500 107
467 16 256 1000 102
468 128 256 5000 178
469 64 128 500 95
470 32 64 2400 114
471 16 16 1000 156
472 16 128 800 189
473 128 64 1000 107
474 128 64 800 187
475 16 256 2400 183
476 64 256 800 184
477 64 16 1000 98
478 32 256 1000 132
479 64 256 500 90
480 32 128 500 137
481 32 16 2400 113
482 128 256 800 147
483 16 16 5000 170
484 32 128 2400 155
485 32 64 5000 108
486 128 128 1000 134
487 32 128 800 148
488 128 64 2400 133
489 64 16 2400 113
490 32 16 2400 193
491 128 256 5000 162
492 64 64 2400 100
493 16 16 1000 107
494 32 64 500 126
495 64 64 2400 107
496 64 256 2400 98
497 128 16 500 186
498 64 128 5000 165
499 16 16 500 134
500 16 64 5000 189
501 128 64 2400 107
502 32 64 500 95
503 64 256 500 183
504 64 64 500 133
505 32 128 5000 150
506 128 64 800 108
507 128 256 800 136
508 64 256 800 130
509 16 16 800 144
510 16 256 1000 90
511 32 64 5000 111
512 128 16 1000 100
513 64 64 2400 95
514 16 16 2400 119
515 32 128 1000 99
516 32 128 1000 195
517 16 16 1000 179
518 64 16 2400 113
519 16 64 1000 194
520 64 64 500 122
521 128 256 1000 183
522 64 128 5000 94
523 32 256 800 171
524 64 64 1000 169
525 128 128 1000 122
526 16 64 500 116
527 64 256 500 102
528 16 64 800 158
529 16 128 800 177
530 64 256 2400 96
531 16 16 800 177
532 64 16 2400 126
533 16 256 2400 194
534 16 128 5000 97
535 64 128 1000 97
536 64 128 500 103
537 16 16 1000 133
538 16 64 1000 124
539 128 256 800 163
540 128 64 5000 187
541 64 128 5000 168
542 128 64 800 182
543 64 16 2400 101
544 64 64 800 172
545 32 16 5000 184
546 64 256 1000 143
547 128 256 800 108
548 128 128 2400 190
549 16 16 2400 97
550 16 64 1000 183
551 64 256 500 122
552 16 64 800 163
553 16 128 5000 178
554 32 16 5000 136
555 16 256 1000 176
556 128 128 1000 177
557 16 128 500 157
558 128 128 800 164
559 32 16 800 106
560 16 128 5000 181
561 128 128 2400 97
562 32 16 800 174
563 16 16 500 104
564 16 256 5000 116
565 64 128 5000 158
566 16 128 5000 192
567 32 256 800 193
568 16 128 500 105
569 16 64 1000 185
570 64 128 1000 117
571 64 64 1000 159
572 16 64 800 196
573 16 16 5000 197
574 32 256 500 162
575 64 64 800 139
246
0 167 65 114
1 192 48 172
1 225 67 101
1 262 40 99
2 182 43 163
2 83 44 104
5 164 66 112
5 208 60 101
6 76 58 194
6 175 54 139
9 386 46 152
10 42 43 172
10 390 40 157
10 312 66 142
15 203 50 107
15 493 68 129
16 494 43 195
17 25 55 152
19 235 65 172
24 49 64 140
26 412 55 142
28 295 64 91
30 384 55 115
30 330 67 173
33 433 55 164
33 184 57 157
34 125 57 132
35 127 48 193
36 207 61 169
36 213 52 137
37 313 62 109
39 522 52 110
39 497 56 174
40 500 57 151
40 569 64 189
43 262 47 193
46 175 53 195
46 567 57 147
52 88 58 122
52 280 56 173
55 375 56 190
56 103 66 176
57 507 67 187
58 296 67 103
58 382 63 180
59 124 41 192
59 268 58 176
60 368 52 109
61 296 60 123
63 226 48 90
63 534 51 192
63 524 44 125
63 330 44 132
64 72 49 152
64 573 56 120
66 304 43 113
68 536 54 104
70 151 51 109
72 512 51 108
74 382 55 108
76 229 66 102
77 298 54 146
77 402 41 112
77 156 46 109
78 241 70 177
79 229 66 191
81 479 65 175
81 469 40 116
83 491 46 181
83 109 67 178
86 519 53 101
87 519 51 192
88 379 48 178
88 486 58 192
90 305 45 99
90 140 46 116
96 516 67 114
96 130 62 146
101 156 44 141
103 476 63 127
104 496 51 138
104 212 55 94
106 247 40 114
106 526 50 181
107 207 67 129
109 297 58 189
109 509 59 144
110 545 41 159
111 572 51 99
112 380 54 111
112 411 48 109
113 270 65 172
113 377 43 196
115 440 54 139
117 303 65 195
120 560 41 182
123 312 46 190
127 132 52 121
127 552 51 132
130 367 47 127
132 568 67 169
133 324 70 196
137 318 61 178
138 280 45 124
139 537 68 162
143 496 66 184
148 315 56 105
149 567 58 110
150 211 60 97
152 509 68 138
153 258 64 181
155 480 57 93
157 560 60 97
157 501 64 152
158 259 64 169
158 165 41 198
158 285 42 181
166 279 62 130
168 363 49 132
172 370 62 166
174 522 56 127
176 205 43 141
177 214 55 142
178 453 44 161
178 568 64 190
182 270 59 155
183 240 43 146
185 346 45 123
188 279 49 178
190 213 67 199
192 265 44 168
192 451 57 97
194 279 60 188
197 534 60 173
197 267 48 173
198 255 67 118
198 263 70 163
199 371 47 94
200 441 51 192
201 297 43 101
202 449 53 144
204 434 70 129
205 546 56 171
209 468 42 108
213 219 67 185
217 536 43 95
217 387 53 153
218 274 41 93
218 529 61 95
220 560 53 161
221 267 60 127
223 524 42 109
224 500 40 152
229 356 61 119
230 288 68 199
230 385 46 141
232 261 54 199
232 414 42 161
234 411 47 133
234 369 53 139
240 354 55 95
241 400 42 94
242 310 48 129
247 258 70 130
250 369 67 172
251 414 69 130
252 560 47 109
253 448 63 179
254 533 57 192
254 365 64 105
254 551 70 104
254 309 70 176
254 328 62 173
258 312 45 170
258 285 66 193
261 330 52 146
264 459 57 103
271 430 54 119
274 348 57 178
274 562 62 90
278 447 70 101
279 386 67 152
280 375 47 163
280 355 41 157
281 513 44 157
284 341 43 175
285 374 67 122
288 498 53 126
295 347 47 137
296 533 45 133
296 314 46 156
297 500 56 154
299 317 68 105
302 548 51 148
304 570 53 136
306 391 51 163
308 502 42 166
312 504 57 123
313 515 59 128
313 315 63 142
317 374 49 129
319 513 62 163
319 505 46 122
321 506 42 119
324 450 43 199
325 534 67 192
327 391 59 128
329 453 51 198
329 422 67 140
331 507 59 115
337 575 67 108
339 396 68 188
343 572 47 94
345 426 59 192
345 380 47 161
347 377 53 144
354 485 59 176
357 470 47 194
357 433 49 188
359 433 62 177
360 534 52 175
364 517 52 135
365 575 40 197
376 412 55 159
381 572 61 96
387 482 60 135
388 484 56 129
393 518 58 197
393 482 43 174
394 414 51 124
404 554 62 98
411 485 47 106
413 421 58 186
413 483 69 142
417 514 51 180
420 525 44 175
422 424 47 137
432 570 47 95
448 497 43 145
458 475 43 124
463 566 41 105
468 551 52 200
508 536 59 158
521 537 57 153
528 560 63 113
534 576 52 158