844
0 32 128 1000 142
1 32 64 500 200
2 128 16 1000 159
3 64 256 1000 129
4 16 128 500 118
5 128 64 5000 160
6 128 16 2400 115
7 16 16 1000 157
8 16 64 1000 122
9 128 256 500 163
10 16 16 5000 134
11 64 16 5000 100
12 128 256 500 145
13 16 64 1000 125
14 32 64 800 165
15 16 256 800 200
16 16 64 5000 188
17 128 16 500 190
18 64 64 500 183
19 16 256 800 153
20 128 16 1000 170
21 16 16 1000 96
22 128 64 800 139
23 32 16 5000 91
24 128 128 5000 124
25 16 256 2400 181
26 16 128 500 194
27 64 16 500 187
28 64 256 2400 195
29 128 64 500 101
30 16 16 2400 193
31 32 64 800 192
32 32 128 2400 97
33 64 64 500 181
34 64 16 500 163
35 64 16 1000 184
36 64 256 5000 150
37 64 64 500 102
38 32 16 500 136
39 16 128 500 181
40 128 16 5000 167
41 16 256 2400 109
42 32 16 2400 182
43 128 128 2400 141
44 64 128 800 111
45 16 64 2400 167
46 128 256 1000 106
47 32 16 2400 200
48 16 16 2400 195
49 32 256 1000 90
50 128 128 5000 130
51 32 128 1000 179
52 32 256 500 176
53 32 256 5000 193
54 128 16 800 145
55 16 64 1000 103
56 16 64 500 174
57 128 256 5000 171
58 64 128 500 198
59 64 128 800 126
60 64 64 5000 180
61 32 128 800 118
62 128 128 2400 155
63 64 64 1000 182
64 32 64 5000 169
65 32 128 800 102
66 64 16 1000 121
67 32 128 1000 192
68 128 128 2400 103
69 64 64 800 116
70 64 64 800 194
71 32 256 5000 129
72 16 128 800 170
73 16 64 1000 139
74 32 64 2400 188
75 64 256 1000 137
76 32 16 1000 134
77 64 16 500 194
78 32 256 5000 153
79 128 64 500 124
80 16 64 800 182
81 128 16 500 126
82 32 128 500 121
83 32 16 2400 174
84 32 128 5000 110
85 16 256 2400 122
86 32 16 2400 119
87 16 64 5000 139
88 32 64 2400 166
89 16 128 800 91
90 32 256 2400 143
91 64 256 1000 125
92 32 64 500 125
93 64 16 2400 192
94 64 16 500 115
95 32 16 1000 179
96 64 64 2400 192
97 32 64 5000 103
98 16 64 800 120
99 16 256 500 131
100 128 128 800 131
101 16 16 1000 149
102 32 128 5000 199
103 16 64 500 183
104 128 16 5000 144
105 32 128 800 148
106 64 16 2400 104
107 32 256 1000 110
108 64 16 800 90
109 16 64 500 188
110 32 16 500 131
111 128 128 2400 155
112 32 128 500 177
113 16 256 5000 186
114 32 16 5000 147
115 64 16 1000 135
116 32 16 500 191
117 32 64 1000 141
118 64 16 1000 167
119 64 128 500 100
120 64 128 800 167
121 16 64 2400 180
122 128 256 2400 192
123 32 128 2400 133
124 64 256 1000 107
125 64 128 800 172
126 16 16 1000 95
127 128 256 2400 154
128 16 64 500 182
129 64 256 800 195
130 64 16 5000 93
131 128 128 5000 112
132 64 16 1000 102
133 64 64 800 167
134 64 16 800 92
135 64 16 2400 193
136 16 16 1000 185
137 64 256 1000 150
138 16 128 5000 147
139 128 128 1000 91
140 32 128 500 173
141 64 64 500 194
142 16 256 1000 177
143 64 16 800 193
144 16 128 2400 170
145 32 256 5000 92
146 32 16 1000 169
147 128 256 500 196
148 64 128 5000 112
149 64 16 1000 192
150 128 256 5000 110
151 16 128 2400 158
152 128 64 500 133
153 128 64 2400 116
154 64 16 2400 129
155 128 16 800 117
156 128 128 500 92
157 64 64 1000 122
158 128 256 800 166
159 128 64 2400 172
160 16 128 800 146
161 32 64 500 134
162 128 16 1000 128
163 16 64 1000 152
164 16 64 800 174
165 128 64 500 169
166 64 128 5000 93
167 64 16 5000 179
168 64 16 2400 126
169 32 16 1000 184
170 128 128 800 113
171 32 256 800 193
172 128 256 1000 153
173 64 128 1000 189
174 32 256 1000 191
175 64 128 1000 123
176 32 16 2400 99
177 128 64 5000 169
178 16 64 800 116
179 64 256 800 197
180 128 16 800 173
181 64 128 500 120
182 32 64 500 197
183 64 64 1000 131
184 16 256 1000 200
185 16 256 5000 124
186 128 16 800 170
187 32 16 500 167
188 128 64 500 121
189 128 256 1000 131
190 16 16 5000 172
191 32 256 2400 136
192 32 64 800 98
193 128 64 2400 195
194 128 64 5000 110
195 64 128 500 143
196 64 128 1000 176
197 16 256 500 164
198 16 256 1000 115
199 32 128 5000 142
200 128 64 800 124
201 128 64 5000 92
202 32 16 5000 99
203 16 256 1000 142
204 128 64 500 161
205 128 256 500 184
206 16 16 2400 136
207 32 16 500 165
208 16 16 800 156
209 128 256 2400 128
210 16 256 1000 149
211 16 256 800 193
212 16 64 2400 131
213 128 128 800 186
214 32 256 500 150
215 128 256 1000 95
216 16 256 1000 117
217 128 256 800 164
218 64 16 500 180
219 128 256 500 155
220 64 64 800 197
221 128 256 1000 181
222 64 64 1000 196
223 32 16 500 182
224 64 256 5000 152
225 16 256 1000 156
226 16 16 1000 141
227 32 16 1000 100
228 64 128 5000 200
229 64 64 1000 146
230 128 64 2400 116
231 32 64 5000 158
232 128 16 2400 144
233 32 64 5000 93
234 64 128 2400 162
235 16 16 5000 126
236 128 64 500 115
237 128 16 800 168
238 16 128 2400 148
239 128 256 1000 106
240 64 64 2400 156
241 32 64 5000 93
242 64 256 1000 178
243 128 64 5000 131
244 32 256 2400 180
245 32 128 1000 159
246 128 16 5000 100
247 64 256 2400 121
248 32 64 800 172
249 32 128 500 190
250 128 128 5000 100
251 32 64 1000 173
252 16 16 800 200
253 16 128 1000 139
254 32 256 5000 110
255 32 16 500 164
256 16 256 1000 115
257 128 16 500 173
258 128 16 800 174
259 128 64 500 180
260 128 64 1000 122
261 64 64 500 113
262 32 64 800 136
263 16 64 1000 129
264 128 64 1000 132
265 16 16 5000 190
266 16 256 1000 154
267 128 64 800 179
268 16 16 2400 159
269 32 128 5000 146
270 64 64 5000 125
271 16 16 2400 102
272 64 64 1000 187
273 32 16 1000 170
274 64 128 1000 122
275 16 128 5000 165
276 32 256 500 141
277 64 256 5000 121
278 16 16 500 144
279 128 64 800 103
280 64 16 1000 132
281 16 256 1000 100
282 16 64 5000 97
283 32 16 1000 107
284 128 256 1000 160
285 128 16 2400 177
286 32 256 2400 128
287 64 64 5000 130
288 32 64 2400 117
289 128 64 2400 140
290 128 256 1000 165
291 128 256 2400 144
292 64 128 500 133
293 128 64 1000 173
294 16 64 5000 130
295 16 16 800 133
296 64 128 2400 183
297 16 128 5000 200
298 128 128 1000 169
299 32 64 5000 160
300 64 64 5000 144
301 128 256 2400 177
302 16 16 5000 200
303 32 16 5000 156
304 32 16 2400 149
305 32 128 2400 161
306 128 128 5000 136
307 16 64 2400 138
308 64 64 500 162
309 64 16 800 99
310 64 128 1000 90
311 16 16 5000 200
312 128 16 2400 167
313 64 16 5000 137
314 128 64 800 157
315 32 16 800 146
316 64 128 5000 167
317 16 256 500 125
318 16 64 800 164
319 64 16 500 106
320 64 128 500 167
321 128 128 500 170
322 128 256 1000 160
323 16 64 500 175
324 32 64 500 148
325 128 64 800 191
326 64 64 5000 133
327 64 16 500 118
328 32 128 5000 174
329 64 64 1000 108
330 64 16 800 184
331 16 64 5000 170
332 16 64 2400 105
333 32 256 5000 136
334 16 64 800 199
335 32 16 2400 115
336 64 16 800 197
337 32 128 5000 94
338 64 16 2400 119
339 128 16 2400 165
340 128 128 500 149
341 32 256 500 179
342 128 64 5000 105
343 128 16 1000 144
344 16 16 5000 185
345 16 128 2400 135
346 32 256 5000 135
347 64 64 500 179
348 32 16 500 140
349 32 256 500 181
350 32 16 800 156
351 16 16 800 134
352 64 16 1000 114
353 16 16 5000 154
354 32 64 1000 108
355 128 16 1000 125
356 32 64 800 100
357 32 256 5000 161
358 32 256 1000 171
359 16 64 2400 111
360 128 16 1000 160
361 16 256 2400 113
362 64 16 5000 124
363 64 16 800 173
364 128 128 800 106
365 16 64 1000 97
366 32 16 1000 119
367 128 16 2400 176
368 32 64 2400 123
369 16 128 5000 91
370 128 64 5000 126
371 32 256 800 198
372 128 256 800 176
373 32 64 1000 149
374 16 256 800 183
375 64 128 5000 127
376 16 128 800 152
377 64 128 1000 181
378 16 256 800 124
379 32 256 1000 115
380 32 64 500 153
381 32 128 800 96
382 128 16 500 95
383 128 16 1000 152
384 32 16 2400 98
385 64 128 500 199
386 64 128 5000 144
387 32 256 5000 102
388 128 16 2400 155
389 16 256 1000 91
390 64 256 1000 135
391 16 128 1000 106
392 16 64 2400 163
393 128 16 5000 103
394 128 128 800 151
395 32 256 1000 188
396 128 128 800 102
397 16 16 500 188
398 32 128 1000 124
399 32 256 500 194
400 16 64 800 167
401 16 256 5000 131
402 32 16 5000 135
403 16 16 800 145
404 64 64 2400 134
405 16 64 500 173
406 32 128 500 184
407 64 64 800 192
408 16 256 500 199
409 32 16 800 93
410 32 16 500 99
411 16 128 500 158
412 128 256 1000 146
413 32 64 800 153
414 128 64 2400 131
415 16 256 5000 173
416 128 16 2400 185
417 32 128 800 178
418 32 16 5000 181
419 128 256 800 119
420 16 256 500 93
421 64 64 2400 195
422 128 16 500 198
423 128 16 5000 153
424 32 256 800 122
425 32 256 1000 93
426 32 128 2400 140
427 128 16 800 147
428 16 64 2400 189
429 128 16 2400 146
430 16 256 500 181
431 32 16 1000 178
432 32 16 5000 165
433 128 16 2400 143
434 32 128 1000 90
435 32 64 5000 150
436 32 16 5000 186
437 16 64 5000 199
438 64 256 5000 199
439 16 256 500 192
440 64 16 2400 120
441 64 64 2400 162
442 16 256 5000 132
443 128 128 1000 160
444 16 16 5000 171
445 64 128 5000 194
446 64 16 2400 140
447 64 256 5000 133
448 32 16 5000 171
449 64 128 2400 141
450 128 128 1000 117
451 64 256 5000 123
452 16 16 500 164
453 16 64 2400 198
454 16 128 500 180
455 16 64 800 186
456 128 16 1000 166
457 32 128 2400 107
458 128 64 1000 90
459 64 128 1000 131
460 16 16 500 159
461 128 16 5000 90
462 32 128 800 168
463 16 128 500 115
464 32 128 5000 129
465 64 16 2400 118
466 64 16 2400 119
467 32 64 500 172
468 16 64 5000 171
469 128 256 5000 109
470 128 64 1000 147
471 32 16 1000 118
472 128 16 1000 143
473 32 16 5000 135
474 128 64 2400 102
475 32 16 500 143
476 16 64 5000 158
477 16 16 1000 167
478 16 16 1000 158
479 32 128 1000 92
480 64 16 1000 135
481 16 64 1000 160
482 128 128 5000 196
483 16 128 800 104
484 16 128 1000 105
485 16 64 5000 172
486 64 256 500 115
487 128 256 500 163
488 64 64 5000 175
489 16 256 5000 154
490 64 128 5000 188
491 128 16 500 92
492 64 64 1000 167
493 128 16 1000 178
494 16 128 5000 195
495 32 16 1000 112
496 64 16 500 124
497 128 256 1000 153
498 64 16 5000 199
499 128 16 5000 200
500 32 64 1000 97
501 32 16 500 194
502 16 64 5000 114
503 64 16 1000 200
504 16 128 5000 178
505 16 16 1000 113
506 32 128 2400 152
507 128 16 500 200
508 16 16 800 91
509 64 128 5000 122
510 128 256 800 149
511 32 16 5000 172
512 64 16 800 132
513 32 256 5000 161
514 32 64 2400 106
515 16 128 5000 194
516 64 256 800 196
517 64 16 2400 136
518 64 64 500 123
519 128 256 5000 174
520 128 128 500 159
521 16 256 800 121
522 64 64 500 159
523 16 16 500 128
524 16 256 5000 151
525 128 64 500 199
526 64 256 500 168
527 16 128 500 115
528 16 256 1000 157
529 32 256 800 175
530 128 64 800 195
531 128 16 500 112
532 32 128 5000 165
533 16 256 1000 164
534 64 16 1000 183
535 64 64 2400 162
536 16 64 5000 97
537 32 256 500 120
538 128 16 1000 123
539 64 256 5000 200
540 16 128 800 168
541 16 128 2400 138
542 128 256 1000 106
543 64 16 800 186
544 64 64 2400 160
545 64 64 2400 127
546 64 256 500 112
547 128 16 5000 149
548 16 256 5000 145
549 64 16 5000 192
550 16 64 5000 134
551 16 256 1000 170
552 32 128 800 195
553 16 16 500 155
554 32 64 500 131
555 32 128 1000 122
556 128 16 5000 97
557 32 64 2400 160
558 128 128 5000 131
559 16 256 2400 161
560 16 64 500 130
561 64 128 5000 149
562 32 128 500 98
563 64 16 1000 157
564 128 256 2400 120
565 128 64 5000 177
566 32 128 1000 115
567 16 128 5000 92
568 16 128 5000 180
569 64 256 500 108
570 32 16 5000 121
571 128 128 5000 172
572 64 64 800 161
573 64 256 500 91
574 16 16 2400 190
575 32 64 5000 183
576 32 16 1000 144
577 32 16 2400 159
578 16 128 1000 144
579 32 128 2400 118
580 128 64 2400 175
581 64 16 2400 170
582 32 128 5000 173
583 64 64 500 93
584 16 256 800 100
585 64 64 5000 152
586 64 128 800 101
587 16 256 2400 122
588 64 16 2400 123
589 16 64 2400 112
590 32 16 1000 126
591 128 64 800 121
592 16 256 500 151
593 32 256 2400 153
594 64 16 1000 191
595 32 16 500 151
596 32 128 800 144
597 16 16 500 167
598 64 64 1000 153
599 128 64 800 177
600 128 128 500 121
601 128 64 2400 146
602 128 256 800 128
603 16 128 500 163
604 128 64 1000 173
605 32 128 2400 110
606 128 16 2400 144
607 32 256 2400 94
608 16 64 1000 116
609 16 64 500 160
610 64 64 500 187
611 64 128 2400 164
612 32 64 500 165
613 128 16 1000 104
614 32 16 5000 153
615 64 128 800 178
616 32 256 2400 177
617 64 64 5000 131
618 16 256 1000 154
619 16 64 500 182
620 64 64 5000 167
621 128 64 5000 90
622 16 16 5000 168
623 16 256 1000 183
624 128 16 500 129
625 128 256 2400 189
626 64 64 1000 123
627 16 64 800 129
628 16 16 1000 130
629 32 128 1000 141
630 16 16 5000 200
631 16 256 2400 146
632 32 256 800 179
633 32 16 2400 155
634 128 128 1000 126
635 16 64 800 184
636 128 16 2400 168
637 32 256 500 197
638 16 128 800 180
639 32 128 1000 173
640 16 256 2400 102
641 32 16 500 92
642 32 64 1000 122
643 32 64 1000 187
644 32 128 2400 106
645 16 16 800 92
646 32 128 500 139
647 128 256 2400 95
648 128 16 500 100
649 16 64 800 140
650 16 16 500 167
651 32 256 2400 106
652 16 64 500 172
653 64 64 5000 124
654 32 16 2400 166
655 128 16 800 197
656 16 256 800 188
657 64 16 1000 105
658 64 64 800 169
659 32 16 5000 174
660 16 16 500 177
661 128 64 800 127
662 16 128 500 130
663 32 16 2400 162
664 32 64 800 100
665 64 256 500 145
666 128 128 5000 91
667 16 64 2400 147
668 16 16 800 124
669 32 128 1000 174
670 16 128 5000 180
671 32 64 1000 127
672 32 128 1000 97
673 16 64 5000 186
674 128 256 1000 91
675 16 256 2400 148
676 64 16 1000 140
677 64 256 500 181
678 32 256 1000 183
679 128 256 500 172
680 16 128 2400 148
681 16 256 2400 156
682 32 16 5000 92
683 32 256 800 179
684 16 128 5000 180
685 32 64 2400 145
686 128 256 5000 146
687 64 16 800 188
688 32 128 2400 181
689 32 256 2400 163
690 16 128 500 140
691 16 64 1000 167
692 128 256 2400 149
693 64 128 2400 133
694 64 256 2400 125
695 32 128 500 129
696 16 16 5000 105
697 32 16 2400 164
698 64 256 800 133
699 64 128 500 119
700 32 64 800 187
701 128 16 500 147
702 32 16 1000 126
703 128 64 800 145
704 64 256 5000 143
705 16 128 2400 90
706 64 128 800 168
707 16 64 2400 127
708 64 16 1000 131
709 32 128 5000 141
710 64 128 500 121
711 64 64 1000 153
712 32 64 500 117
713 64 256 500 105
714 128 128 800 156
715 128 128 1000 184
716 16 128 2400 155
717 128 16 500 188
718 32 64 800 145
719 64 128 2400 121
720 32 64 1000 100
721 64 16 2400 117
722 16 16 1000 166
723 64 256 500 177
724 16 128 800 190
725 64 256 500 155
726 128 64 500 135
727 64 64 1000 116
728 16 64 1000 93
729 64 16 500 118
730 32 16 500 195
731 128 16 500 105
732 128 64 800 129
733 32 256 500 131
734 64 256 1000 143
735 16 16 500 154
736 128 256 2400 142
737 16 16 5000 192
738 128 16 5000 158
739 64 256 500 174
740 16 256 800 121
741 16 256 2400 97
742 32 16 800 197
743 128 64 2400 128
744 32 256 500 157
745 32 256 5000 185
746 32 16 5000 176
747 32 128 500 187
748 16 256 5000 100
749 32 256 800 127
750 64 128 2400 131
751 32 128 500 102
752 64 16 5000 187
753 32 128 2400 125
754 16 256 1000 129
755 32 16 2400 188
756 64 256 500 150
757 128 256 800 113
758 128 128 5000 197
759 128 256 2400 146
760 128 256 1000 187
761 16 16 500 106
762 16 64 5000 101
763 16 128 1000 192
764 128 64 5000 135
765 64 256 1000 185
766 16 64 5000 135
767 32 128 1000 175
768 16 256 1000 111
769 32 128 5000 165
770 16 16 5000 131
771 128 128 500 97
772 64 64 800 192
773 32 256 2400 152
774 128 256 500 192
775 32 256 1000 125
776 64 256 800 103
777 128 256 2400 167
778 128 256 2400 196
779 32 16 1000 166
780 128 64 1000 168
781 32 16 800 188
782 16 16 2400 142
783 64 64 500 128
784 32 64 800 180
785 16 16 2400 174
786 16 16 2400 165
787 64 256 5000 153
788 32 16 500 119
789 16 128 2400 193
790 64 256 500 193
791 64 256 500 141
792 128 16 800 167
793 128 128 2400 176
794 16 128 1000 145
795 128 16 500 162
796 32 64 5000 134
797 64 128 5000 126
798 32 16 500 113
799 16 16 2400 100
800 16 16 2400 97
801 32 256 1000 142
802 128 128 2400 154
803 128 64 2400 136
804 64 16 5000 97
805 32 256 2400 105
806 32 256 1000 152
807 32 128 800 183
808 16 128 5000 120
809 16 64 1000 142
810 64 128 500 136
811 64 256 800 158
812 128 16 500 157
813 16 16 2400 200
814 64 64 5000 136
815 32 256 2400 100
816 128 128 2400 102
817 32 64 2400 118
818 16 256 800 97
819 128 128 500 133
820 64 128 2400 139
821 64 64 2400 103
822 16 128 800 117
823 64 64 1000 200
824 64 16 5000 110
825 128 128 1000 199
826 16 256 800 163
827 32 16 1000 147
828 128 16 2400 142
829 16 128 800 103
830 16 256 800 122
831 128 128 5000 195
832 16 128 5000 102
833 128 16 2400 129
834 128 64 1000 160
835 128 16 5000 144
836 64 64 800 116
837 64 256 5000 175
838 32 64 800 200
839 16 16 1000 138
840 16 64 2400 112
841 128 64 2400 180
842 32 64 800 161
843 16 256 2400 142
83
0 524 65 114
7 45 59 149
15 774 70 134
17 569 64 111
19 548 63 120
21 353 40 95
22 814 45 183
23 304 63 192
29 101 45 107
34 674 40 179
38 312 40 171
42 138 48 161
43 680 53 120
51 507 60 101
54 135 67 113
62 719 68 132
64 239 61 168
67 130 53 174
72 504 57 194
73 840 63 96
75 510 40 174
84 547 51 154
86 165 55 142
88 367 40 90
92 663 64 109
94 499 61 196
107 783 66 132
109 144 55 175
111 501 42 167
121 294 64 115
122 303 47 154
126 610 66 184
126 620 42 145
131 366 67 175
144 456 53 188
156 743 67 161
166 181 67 118
177 426 59 180
204 397 43 172
210 568 53 151
213 672 41 158
216 533 57 190
218 379 67 142
244 541 65 161
253 816 51 112
253 693 55 190
254 548 56 142
258 369 57 125
260 570 62 158
262 656 58 170
263 781 49 166
265 446 47 152
266 527 70 134
292 635 44 136
292 564 60 168
296 654 68 120
325 369 64 196
330 485 45 168
331 709 57 117
340 513 40 121
377 481 68 183
383 494 54 106
384 770 66 168
388 737 53 101
390 610 45 100
394 504 41 147
426 754 52 98
448 510 68 170
455 574 48 131
461 766 45 196
496 714 45 179
497 654 55 167
526 607 66 123
527 667 61 151
555 670 68 120
557 635 60 136
559 682 62 150
560 614 60 127
588 715 57 119
626 704 59 98
681 697 65 179
704 769 64 145
768 772 66 197