447
0 32 320 2000 173
1 8 320 400 151
2 32 32 400 119
3 32 32 800 97
4 32 320 1000 166
5 32 32 1000 111
6 8 320 400 140
7 32 320 2000 161
8 8 320 1000 168
9 8 320 1000 155
10 8 320 400 164
11 32 32 1000 138
12 32 32 800 177
13 8 320 1000 199
14 8 32 2000 176
15 8 128 5000 119
16 8 320 1000 192
17 8 32 1000 137
18 32 32 800 98
19 32 32 5000 125
20 32 320 1000 157
21 8 128 5000 150
22 8 32 2000 124
23 32 32 1000 109
24 32 128 5000 102
25 8 320 400 100
26 8 320 800 127
27 32 320 400 164
28 32 128 2000 149
29 32 32 2000 198
30 8 128 2000 199
31 8 128 2000 200
32 32 32 5000 93
33 8 128 2000 150
34 8 32 5000 184
35 32 320 1000 137
36 32 128 400 119
37 8 320 400 186
38 32 320 800 110
39 32 128 2000 184
40 32 128 1000 142
41 8 128 800 118
42 8 320 5000 159
43 32 32 5000 197
44 32 320 800 91
45 8 32 1000 100
46 32 320 800 151
47 32 32 5000 169
48 32 320 400 103
49 32 32 5000 106
50 8 32 800 123
51 32 320 2000 161
52 8 320 5000 195
53 8 32 2000 165
54 32 320 400 186
55 32 32 400 142
56 8 128 400 199
57 8 320 5000 125
58 8 320 5000 92
59 32 32 400 129
60 32 128 800 159
61 8 320 2000 114
62 8 320 800 152
63 32 128 2000 188
64 8 320 1000 143
65 32 320 800 171
66 32 32 400 97
67 32 32 5000 152
68 32 32 1000 133
69 32 320 5000 176
70 32 128 1000 179
71 8 32 400 168
72 8 128 2000 136
73 8 320 5000 168
74 8 320 5000 96
75 8 128 2000 193
76 8 32 1000 172
77 32 320 5000 114
78 32 32 1000 110
79 32 32 5000 153
80 8 128 2000 171
81 32 32 1000 184
82 8 32 400 184
83 8 128 2000 158
84 32 128 400 125
85 8 128 800 167
86 32 128 2000 135
87 8 128 800 178
88 32 320 400 164
89 32 128 2000 152
90 8 32 400 163
91 8 128 2000 102
92 32 320 800 123
93 32 32 2000 125
94 8 32 400 168
95 8 128 2000 174
96 8 128 5000 200
97 32 320 2000 191
98 8 32 1000 100
99 8 320 5000 112
100 32 128 1000 137
101 32 128 800 157
102 32 32 2000 112
103 8 32 2000 190
104 32 128 1000 159
105 8 32 400 185
106 32 320 400 195
107 8 32 1000 190
108 32 128 5000 120
109 8 32 400 134
110 8 320 800 182
111 8 128 2000 164
112 32 32 400 96
113 8 128 5000 134
114 32 128 400 188
115 8 320 400 111
116 32 32 400 114
117 8 320 800 123
118 32 32 1000 119
119 8 128 2000 140
120 32 320 1000 178
121 32 320 400 183
122 32 320 5000 136
123 32 32 5000 151
124 32 128 1000 161
125 32 32 400 161
126 8 128 2000 176
127 32 128 400 191
128 8 32 800 171
129 32 32 800 191
130 8 320 400 110
131 8 128 1000 187
132 8 32 800 126
133 8 128 400 160
134 32 128 1000 180
135 8 128 5000 163
136 8 32 2000 126
137 8 32 5000 118
138 8 128 800 125
139 32 128 2000 185
140 8 32 1000 145
141 8 320 5000 140
142 32 320 800 123
143 8 32 400 158
144 32 320 5000 100
145 8 32 2000 126
146 8 128 1000 163
147 32 320 800 167
148 32 128 1000 134
149 8 128 400 157
150 8 128 800 117
151 8 128 800 124
152 32 32 2000 117
153 8 32 2000 152
154 32 32 800 148
155 32 128 1000 169
156 32 320 800 196
157 32 128 5000 148
158 32 32 1000 141
159 8 320 2000 144
160 8 128 1000 178
161 32 128 400 154
162 32 128 400 133
163 32 32 1000 200
164 8 128 1000 151
165 32 128 2000 90
166 32 128 2000 187
167 32 32 400 150
168 32 32 2000 149
169 32 32 400 175
170 32 320 800 94
171 32 128 400 105
172 8 320 1000 132
173 32 128 400 113
174 32 32 5000 191
175 8 32 400 199
176 8 320 800 172
177 32 320 400 120
178 32 128 400 143
179 8 32 2000 196
180 32 128 800 196
181 8 32 2000 101
182 8 128 800 135
183 8 32 400 94
184 8 32 400 119
185 8 320 400 128
186 8 128 400 153
187 8 32 2000 123
188 32 32 800 177
189 32 320 2000 185
190 8 128 800 101
191 8 320 1000 132
192 32 320 400 116
193 8 320 1000 134
194 32 128 800 161
195 32 32 800 185
196 8 128 5000 194
197 32 320 400 186
198 8 32 2000 128
199 8 320 2000 91
200 8 320 400 140
201 8 320 1000 125
202 8 32 5000 176
203 32 320 2000 173
204 8 128 5000 177
205 8 128 2000 152
206 32 128 1000 200
207 32 32 400 165
208 32 128 5000 97
209 32 32 5000 129
210 32 128 2000 186
211 32 320 400 133
212 32 32 800 105
213 32 320 5000 145
214 8 128 5000 139
215 32 320 400 123
216 32 320 800 154
217 32 32 2000 158
218 8 32 400 170
219 8 32 2000 98
220 8 128 1000 139
221 8 320 2000 163
222 8 32 1000 118
223 32 32 5000 115
224 8 32 1000 129
225 8 128 800 108
226 32 128 1000 169
227 8 128 2000 173
228 8 32 800 161
229 32 32 800 162
230 8 320 1000 126
231 8 320 400 143
232 32 128 400 97
233 8 320 1000 111
234 32 32 2000 175
235 8 128 2000 94
236 32 32 1000 95
237 32 128 800 142
238 8 128 800 153
239 32 32 5000 165
240 8 320 800 179
241 32 128 5000 159
242 8 32 2000 113
243 8 320 800 157
244 32 128 800 121
245 8 128 5000 143
246 8 128 2000 174
247 32 32 2000 198
248 8 320 5000 138
249 32 32 5000 101
250 32 320 400 142
251 8 128 800 190
252 8 320 2000 123
253 8 32 2000 161
254 8 320 1000 178
255 32 128 800 172
256 32 32 400 166
257 32 32 800 123
258 8 128 5000 93
259 32 128 2000 107
260 32 32 5000 176
261 32 320 5000 97
262 8 320 1000 115
263 8 320 5000 192
264 32 320 800 168
265 32 32 1000 146
266 8 32 2000 91
267 32 32 5000 160
268 32 32 2000 156
269 8 128 1000 189
270 8 128 2000 197
271 8 32 400 195
272 32 128 400 157
273 32 320 5000 169
274 32 128 800 164
275 32 128 400 125
276 32 32 5000 116
277 32 320 5000 152
278 8 128 5000 180
279 8 128 1000 105
280 32 320 800 111
281 32 320 800 191
282 8 128 2000 186
283 32 320 5000 90
284 32 320 800 156
285 32 128 1000 173
286 32 320 1000 119
287 32 32 5000 180
288 32 320 1000 91
289 32 128 5000 157
290 8 320 400 195
291 8 320 2000 96
292 8 128 5000 190
293 32 320 800 109
294 8 320 2000 151
295 8 128 1000 152
296 32 320 400 117
297 8 128 1000 175
298 8 320 400 117
299 32 320 2000 200
300 32 320 400 116
301 32 128 2000 143
302 8 320 400 98
303 32 320 400 197
304 32 32 400 159
305 32 32 2000 164
306 32 32 5000 101
307 32 32 5000 119
308 32 32 1000 136
309 32 320 800 118
310 8 128 1000 174
311 8 32 800 141
312 32 32 400 177
313 32 320 2000 169
314 32 128 800 180
315 32 32 400 132
316 32 128 400 100
317 32 128 2000 158
318 8 128 2000 151
319 8 320 800 158
320 32 32 2000 161
321 32 128 400 148
322 8 32 400 191
323 8 32 400 184
324 8 128 5000 109
325 32 320 400 118
326 32 320 2000 128
327 32 320 400 118
328 8 128 800 93
329 32 128 5000 97
330 8 320 2000 140
331 32 32 800 162
332 8 32 2000 153
333 32 320 400 167
334 32 320 400 106
335 32 32 5000 170
336 32 32 2000 133
337 32 32 1000 167
338 32 320 800 190
339 8 128 5000 162
340 8 320 800 180
341 8 32 2000 162
342 32 32 5000 119
343 8 128 1000 111
344 32 128 400 103
345 8 128 1000 184
346 8 32 5000 112
347 8 32 400 198
348 8 320 800 182
349 32 128 1000 160
350 8 32 1000 152
351 8 320 1000 91
352 8 128 5000 184
353 32 320 1000 177
354 32 128 800 197
355 32 128 2000 108
356 8 128 1000 119
357 32 320 400 137
358 32 128 800 166
359 8 128 1000 155
360 8 320 800 102
361 32 320 5000 162
362 32 32 1000 98
363 8 32 800 148
364 32 128 2000 164
365 8 32 1000 167
366 32 128 1000 118
367 32 32 5000 115
368 8 32 400 138
369 8 128 800 182
370 8 320 2000 125
371 32 128 400 183
372 32 32 400 163
373 32 128 2000 145
374 32 32 400 114
375 32 320 2000 188
376 8 32 1000 150
377 8 320 5000 123
378 8 320 800 91
379 8 320 5000 128
380 8 32 400 187
381 8 320 5000 157
382 8 320 2000 151
383 32 320 800 164
384 32 128 1000 161
385 8 32 2000 186
386 32 32 400 149
387 8 32 400 120
388 32 320 2000 118
389 32 320 800 107
390 8 128 400 91
391 8 128 1000 183
392 32 128 1000 131
393 8 32 2000 154
394 32 320 2000 127
395 32 128 2000 194
396 32 128 800 181
397 8 32 2000 158
398 32 320 800 99
399 8 128 800 120
400 8 32 1000 161
401 8 128 2000 123
402 8 128 5000 130
403 32 128 400 139
404 8 320 1000 133
405 32 128 5000 177
406 8 320 400 181
407 32 320 400 187
408 8 128 5000 162
409 32 320 2000 176
410 8 320 800 133
411 32 128 1000 115
412 8 32 800 166
413 8 32 400 188
414 8 320 1000 145
415 8 32 800 91
416 32 128 800 187
417 8 32 1000 177
418 32 128 2000 103
419 32 128 2000 170
420 32 128 2000 164
421 32 128 1000 141
422 8 320 5000 193
423 8 32 400 101
424 32 32 5000 136
425 8 128 5000 194
426 32 128 1000 145
427 32 128 400 143
428 32 320 2000 127
429 8 320 2000 141
430 32 32 5000 200
431 8 320 5000 134
432 8 320 2000 157
433 32 32 800 96
434 8 32 2000 96
435 32 320 5000 125
436 32 32 5000 142
437 32 128 1000 162
438 32 128 5000 90
439 32 320 2000 165
440 32 32 800 187
441 8 32 1000 195
442 32 32 5000 111
443 8 32 1000 176
444 8 128 400 160
445 32 32 400 179
446 32 32 2000 95
26
0 124 68 92
23 162 59 161
24 447 69 127
32 332 40 161
41 158 67 124
52 149 65 107
53 304 70 139
70 253 52 180
87 108 59 170
88 399 51 160
90 428 62 189
94 308 51 152
108 315 43 137
112 423 41 117
146 401 69 133
156 304 55 188
158 287 53 156
173 301 40 180
200 374 59 173
210 350 42 145
243 331 52 190
245 256 61 131
258 263 61 196
268 315 67 166
317 358 56 172
384 440 60 111