539
0 8 64 150 95
1 16 16 50 88
2 8 4 100 88
3 16 64 200 77
4 16 2 200 83
5 8 4 50 64
6 8 16 150 63
7 8 64 200 87
8 8 4 200 94
9 8 64 150 64
10 16 16 50 70
11 16 16 50 55
12 2 16 150 90
13 16 4 150 60
14 2 16 200 93
15 8 2 200 68
16 8 16 100 61
17 16 4 150 57
18 16 4 150 99
19 16 16 100 90
20 2 2 200 84
21 2 2 200 70
22 2 64 100 98
23 8 2 100 92
24 16 2 50 96
25 16 64 150 81
26 8 16 200 78
27 16 4 200 74
28 2 64 200 57
29 2 4 150 87
30 16 64 200 85
31 8 2 200 55
32 16 64 150 70
33 16 4 50 70
34 2 16 150 58
35 2 64 100 87
36 2 2 200 99
37 16 4 100 99
38 8 16 200 55
39 8 2 50 72
40 16 4 200 56
41 16 64 150 91
42 2 64 50 78
43 8 64 150 58
44 8 4 50 67
45 16 2 50 50
46 8 4 200 52
47 2 4 200 65
48 2 2 200 86
49 8 2 150 77
50 2 2 100 81
51 16 2 50 61
52 8 4 100 79
53 8 16 200 53
54 2 2 200 56
55 2 64 50 55
56 16 16 200 53
57 2 4 50 85
58 8 2 50 100
59 2 2 100 76
60 2 16 100 64
61 2 16 50 76
62 16 16 200 100
63 16 4 100 58
64 8 64 150 65
65 8 4 100 84
66 2 2 100 69
67 8 4 50 94
68 8 4 100 61
69 2 64 50 52
70 2 16 50 81
71 16 64 100 69
72 2 2 100 55
73 8 16 50 95
74 16 64 100 71
75 2 16 100 99
76 16 64 50 81
77 2 64 50 63
78 2 64 200 66
79 8 64 150 66
80 8 64 100 53
81 2 4 200 51
82 2 16 150 56
83 16 16 50 78
84 8 4 150 75
85 8 4 50 84
86 2 4 50 67
87 16 64 50 52
88 16 64 50 52
89 8 16 200 74
90 2 16 100 73
91 16 2 50 92
92 8 2 200 81
93 2 2 150 71
94 2 16 50 96
95 2 16 150 61
96 8 16 50 55
97 8 16 150 54
98 2 16 50 74
99 16 16 100 78
100 16 64 100 98
101 2 16 100 88
102 2 16 50 64
103 16 4 200 98
104 2 16 100 97
105 8 16 50 84
106 2 16 200 55
107 16 64 50 84
108 2 16 100 57
109 2 64 100 50
110 2 64 200 61
111 2 16 100 92
112 2 16 150 60
113 2 16 50 78
114 8 2 150 81
115 8 16 50 51
116 2 4 150 83
117 8 64 150 96
118 16 16 200 71
119 8 2 50 99
120 16 2 150 67
121 16 64 200 78
122 2 2 150 78
123 16 16 100 75
124 8 4 50 60
125 8 64 100 66
126 2 16 50 100
127 2 2 200 99
128 2 64 100 97
129 2 4 150 52
130 2 4 150 51
131 16 64 100 98
132 16 64 100 52
133 16 4 150 77
134 16 4 200 96
135 8 2 100 80
136 16 2 100 93
137 16 2 50 85
138 8 16 200 91
139 8 16 50 72
140 16 2 200 79
141 16 64 50 65
142 8 64 50 99
143 2 16 100 75
144 16 64 150 96
145 8 4 100 97
146 16 4 100 62
147 8 2 200 80
148 8 4 200 84
149 2 4 150 60
150 2 16 50 83
151 16 2 200 61
152 2 64 200 67
153 2 2 50 72
154 2 64 100 93
155 2 4 100 63
156 16 4 100 91
157 16 16 50 90
158 8 4 50 55
159 2 2 200 52
160 16 2 150 76
161 2 4 100 72
162 16 16 200 74
163 16 16 200 54
164 16 2 100 64
165 16 64 50 60
166 16 64 100 80
167 8 2 100 52
168 2 16 50 69
169 16 16 50 50
170 8 4 200 63
171 16 16 150 53
172 2 16 100 99
173 16 2 100 83
174 2 2 50 83
175 8 64 50 54
176 8 2 150 74
177 16 4 150 59
178 16 16 200 54
179 8 16 100 85
180 2 4 50 59
181 8 64 200 59
182 2 2 200 63
183 16 64 100 52
184 8 4 100 81
185 2 16 150 95
186 16 16 150 89
187 8 64 50 98
188 2 64 150 52
189 16 64 100 54
190 2 64 50 94
191 16 2 100 67
192 16 4 50 95
193 2 16 50 73
194 8 16 150 65
195 2 16 50 97
196 2 16 100 97
197 2 4 50 55
198 8 2 100 61
199 2 4 50 83
200 2 16 50 81
201 2 64 50 94
202 2 64 150 51
203 8 16 200 72
204 2 16 100 75
205 8 16 200 53
206 8 16 50 52
207 2 64 50 98
208 16 16 50 60
209 2 64 50 89
210 2 2 200 84
211 16 4 150 96
212 8 4 150 99
213 2 64 150 65
214 16 2 50 97
215 8 16 100 72
216 8 16 200 62
217 16 64 200 52
218 2 2 200 79
219 2 16 50 63
220 2 64 50 74
221 2 4 100 60
222 2 2 50 56
223 2 64 100 72
224 8 64 200 73
225 16 16 200 69
226 16 4 200 70
227 8 16 200 74
228 16 2 100 57
229 8 4 50 71
230 16 16 200 60
231 16 16 100 68
232 2 16 50 73
233 16 64 150 52
234 16 2 150 88
235 8 4 50 72
236 2 16 100 94
237 2 64 150 78
238 16 16 150 52
239 2 4 50 70
240 16 64 100 50
241 2 4 50 51
242 16 64 150 62
243 8 2 100 54
244 16 4 150 72
245 2 16 150 81
246 16 64 100 74
247 8 16 50 98
248 16 64 100 94
249 2 64 100 99
250 8 4 100 65
251 8 4 100 65
252 8 2 150 54
253 2 2 200 60
254 8 2 150 52
255 2 64 150 86
256 16 64 200 60
257 8 2 150 51
258 16 64 150 92
259 16 64 200 51
260 2 4 200 92
261 16 4 150 86
262 8 16 100 89
263 2 2 50 95
264 8 64 50 79
265 16 64 100 62
266 16 2 50 70
267 8 64 150 65
268 16 2 200 90
269 8 64 200 63
270 16 16 100 100
271 16 16 150 97
272 2 16 150 93
273 8 4 50 56
274 8 64 150 74
275 2 4 100 77
276 8 64 100 63
277 2 16 100 95
278 16 16 200 77
279 16 64 50 61
280 16 64 200 54
281 8 64 200 84
282 16 64 150 62
283 16 2 150 98
284 2 16 50 61
285 16 4 150 54
286 16 2 200 76
287 2 64 100 97
288 16 2 100 77
289 2 16 150 89
290 2 2 150 82
291 16 64 50 92
292 8 64 150 61
293 2 16 200 94
294 8 2 50 70
295 2 16 100 88
296 8 16 200 64
297 2 16 100 99
298 8 16 50 67
299 8 2 150 99
300 8 64 200 52
301 16 2 100 86
302 2 64 100 100
303 8 2 100 88
304 8 16 200 55
305 8 64 50 50
306 16 2 150 85
307 8 64 100 90
308 16 2 50 82
309 8 64 200 92
310 8 64 50 98
311 2 4 50 63
312 2 64 100 73
313 8 4 200 67
314 8 16 100 50
315 8 4 50 53
316 16 4 200 59
317 16 16 200 75
318 16 16 50 61
319 2 4 50 67
320 16 16 200 61
321 16 2 200 53
322 16 16 150 66
323 8 16 150 52
324 16 4 200 96
325 8 64 150 99
326 16 64 150 82
327 2 4 100 86
328 16 64 50 56
329 2 4 200 84
330 16 64 200 63
331 16 4 200 70
332 2 64 200 81
333 16 16 200 68
334 2 16 150 88
335 2 2 50 77
336 16 4 150 59
337 2 4 200 77
338 8 16 100 79
339 8 2 50 60
340 2 16 50 69
341 16 2 200 86
342 2 4 150 75
343 16 64 200 71
344 2 64 200 69
345 16 2 50 55
346 16 16 150 63
347 8 4 100 96
348 8 64 50 64
349 2 64 100 68
350 16 16 100 72
351 16 64 50 62
352 16 4 150 98
353 2 16 100 96
354 8 2 100 68
355 8 2 200 54
356 2 2 200 95
357 16 4 150 63
358 2 16 100 98
359 2 16 100 91
360 2 64 50 55
361 2 2 200 61
362 8 4 100 82
363 16 4 150 65
364 8 2 200 71
365 2 2 100 97
366 16 4 200 50
367 2 64 200 92
368 8 64 200 95
369 2 2 100 74
370 8 2 200 53
371 2 64 150 95
372 2 2 100 89
373 2 4 200 71
374 2 2 200 67
375 16 4 150 55
376 2 4 150 81
377 16 64 50 59
378 2 2 200 63
379 8 64 200 84
380 8 16 150 78
381 2 64 100 80
382 2 2 100 73
383 16 64 100 70
384 2 16 50 62
385 2 16 150 72
386 8 4 100 72
387 2 64 200 95
388 16 16 200 88
389 2 4 200 96
390 2 2 50 79
391 8 2 150 94
392 8 64 50 52
393 2 64 50 76
394 8 64 100 84
395 8 2 100 89
396 16 64 150 80
397 16 64 100 84
398 16 16 200 60
399 16 4 150 50
400 8 16 100 51
401 16 4 150 75
402 16 2 150 67
403 2 2 100 84
404 16 4 200 97
405 16 2 150 63
406 8 2 50 61
407 16 16 50 92
408 16 2 50 88
409 8 4 150 80
410 2 2 100 86
411 16 2 100 91
412 2 64 150 83
413 16 4 150 98
414 8 2 200 72
415 8 4 200 94
416 16 16 100 79
417 16 16 100 53
418 8 16 100 80
419 16 64 100 58
420 16 2 100 66
421 16 16 150 61
422 2 16 100 92
423 2 64 50 53
424 16 16 200 70
425 16 2 200 98
426 2 16 200 100
427 16 2 200 55
428 2 64 50 71
429 8 64 100 55
430 16 4 150 74
431 16 4 150 59
432 2 2 150 53
433 2 4 150 88
434 16 4 200 98
435 16 4 100 94
436 16 4 150 68
437 8 16 50 76
438 16 2 150 80
439 16 64 100 92
440 8 2 100 83
441 2 4 50 80
442 16 16 150 83
443 2 2 200 59
444 16 2 50 91
445 16 4 100 62
446 8 16 50 83
447 2 4 200 80
448 8 2 200 80
449 8 4 100 99
450 16 16 100 64
451 16 64 50 57
452 8 64 100 63
453 16 2 100 93
454 8 4 200 71
455 8 2 50 77
456 8 4 200 71
457 16 2 150 77
458 2 4 150 50
459 2 2 200 95
460 2 4 100 82
461 8 4 200 71
462 2 4 100 78
463 16 16 200 67
464 16 4 50 70
465 8 4 50 70
466 2 64 50 61
467 2 4 200 56
468 16 4 200 62
469 8 2 200 98
470 16 2 100 65
471 2 2 100 96
472 16 2 150 92
473 8 64 100 84
474 8 2 150 77
475 16 16 100 71
476 8 64 100 63
477 2 16 150 82
478 2 2 150 78
479 8 16 150 88
480 8 4 50 61
481 8 16 200 69
482 2 64 150 85
483 2 4 150 74
484 16 16 50 68
485 16 64 150 79
486 8 4 100 68
487 16 16 200 96
488 2 16 200 84
489 16 4 150 68
490 16 2 50 56
491 2 16 150 61
492 8 4 200 87
493 16 16 50 58
494 8 2 50 94
495 2 64 200 54
496 16 2 200 67
497 8 16 150 94
498 8 16 50 82
499 16 2 150 87
500 2 4 150 66
501 16 2 50 89
502 8 4 200 69
503 8 16 50 72
504 8 16 200 72
505 16 4 100 96
506 2 64 100 54
507 16 16 150 57
508 2 16 50 96
509 16 2 150 79
510 16 2 150 73
511 16 16 100 93
512 2 16 100 54
513 16 4 150 93
514 2 64 150 99
515 8 4 200 72
516 16 16 100 87
517 16 64 150 52
518 8 64 150 68
519 16 2 150 69
520 8 64 50 94
521 16 4 150 60
522 8 16 50 54
523 2 16 50 65
524 16 64 50 62
525 8 16 150 100
526 2 16 200 52
527 2 16 200 70
528 8 4 100 55
529 8 2 100 88
530 8 4 200 81
531 8 4 100 94
532 8 4 50 55
533 2 2 100 57
534 2 64 50 95
535 2 2 150 95
536 2 4 100 58
537 2 4 200 65
538 16 4 150 86
84
6 286 44 117
9 199 44 98
13 419 61 146
19 531 63 161
21 538 49 199
22 265 59 167
22 105 42 118
29 409 61 199
32 473 68 93
33 214 66 179
35 280 60 100
36 78 52 188
43 66 55 158
54 76 41 151
55 526 51 104
55 448 40 192
58 334 56 102
60 79 41 160
60 194 57 108
62 478 62 152
65 252 51 138
68 130 69 161
69 482 51 115
70 333 68 195
80 402 65 194
85 98 42 176
88 451 42 199
98 101 64 131
102 337 68 90
105 125 49 197
107 336 46 157
109 225 41 138
112 442 40 184
113 351 52 104
115 164 41 193
120 489 56 173
131 362 55 154
132 165 45 94
141 384 65 190
144 289 53 90
146 494 52 132
148 299 62 107
162 369 49 165
163 335 50 129
168 208 46 151
170 312 42 189
179 318 59 142
180 526 44 123
183 336 47 147
185 391 70 171
193 344 51 159
193 202 54 112
195 231 41 180
203 539 60 136
205 506 45 116
208 349 58 126
222 395 61 165
227 480 48 152
228 455 64 125
241 379 52 111
249 314 62 105
254 404 70 129
262 524 63 116
268 488 55 131
268 457 68 148
269 325 66 170
282 392 69 149
293 344 57 95
314 517 48 136
340 490 61 174
345 442 55 156
367 430 51 164
368 480 42 96
369 429 48 114
381 439 52 138
385 401 66 123
386 428 58 174
403 493 51 98
427 437 47 93
428 465 55 123
446 538 68 123
459 522 42 136
465 487 42 161
504 506 46 177