887
0 32 64 1000 114
1 16 96 400 141
2 32 40 800 189
3 32 40 1000 138
4 32 40 800 114
5 16 96 800 174
6 16 96 2000 93
7 32 96 400 200
8 32 40 800 157
9 32 40 800 107
10 16 96 400 197
11 16 64 800 118
12 16 96 800 103
13 16 64 1000 197
14 16 96 2000 176
15 16 64 400 183
16 32 96 2000 129
17 16 64 5000 98
18 32 64 400 168
19 32 40 400 133
20 32 40 800 173
21 16 64 1000 176
22 32 64 2000 131
23 16 64 400 121
24 16 40 5000 97
25 32 40 400 147
26 16 64 5000 102
27 16 64 400 179
28 32 40 800 173
29 16 96 5000 104
30 32 64 800 95
31 32 64 2000 94
32 32 64 2000 105
33 16 40 1000 102
34 16 64 800 163
35 16 40 400 131
36 16 64 1000 150
37 16 96 1000 196
38 16 40 5000 151
39 32 64 5000 103
40 32 64 1000 179
41 32 96 1000 160
42 16 64 800 146
43 16 96 1000 138
44 16 64 800 166
45 32 64 1000 128
46 16 96 400 132
47 16 64 5000 94
48 16 64 5000 111
49 16 96 5000 153
50 32 40 2000 186
51 16 64 400 107
52 16 64 2000 159
53 32 64 1000 117
54 32 64 2000 110
55 32 40 5000 103
56 16 96 2000 164
57 16 40 5000 110
58 32 40 2000 195
59 16 40 800 96
60 16 96 1000 191
61 16 40 400 135
62 32 64 5000 192
63 16 40 2000 152
64 16 96 800 148
65 32 64 400 180
66 16 64 400 108
67 32 64 1000 191
68 32 96 1000 140
69 16 64 5000 194
70 32 96 1000 165
71 16 40 800 190
72 16 64 2000 164
73 32 96 800 183
74 16 96 400 94
75 16 64 1000 103
76 16 96 5000 163
77 16 96 1000 157
78 16 96 800 167
79 16 64 1000 183
80 32 96 2000 135
81 32 96 1000 146
82 16 64 800 99
83 16 96 5000 120
84 16 96 1000 161
85 32 64 800 102
86 16 96 400 127
87 16 40 800 181
88 32 64 1000 158
89 16 40 400 157
90 16 40 1000 181
91 32 40 400 169
92 32 64 2000 116
93 32 64 2000 120
94 16 40 800 162
95 32 64 1000 115
96 32 40 1000 129
97 16 64 800 139
98 32 64 400 157
99 16 40 400 128
100 32 40 5000 200
101 16 96 2000 195
102 32 64 5000 126
103 32 96 400 150
104 32 64 800 190
105 16 64 2000 157
106 32 40 2000 135
107 16 64 400 139
108 16 64 800 156
109 32 40 800 153
110 16 40 1000 191
111 32 40 2000 159
112 32 40 5000 179
113 16 40 400 132
114 32 64 800 193
115 32 64 800 99
116 16 40 400 92
117 32 64 5000 184
118 16 40 1000 108
119 32 40 800 180
120 16 64 2000 128
121 16 96 2000 150
122 32 64 2000 183
123 32 96 1000 175
124 32 40 2000 171
125 32 96 400 136
126 32 40 2000 176
127 32 96 1000 142
128 16 64 1000 123
129 16 40 5000 147
130 32 64 5000 135
131 16 96 1000 188
132 32 64 1000 156
133 16 40 2000 184
134 32 40 5000 111
135 32 64 5000 186
136 16 40 2000 179
137 32 64 800 113
138 32 40 400 177
139 32 40 800 200
140 32 96 2000 135
141 16 64 1000 189
142 32 40 800 142
143 16 64 5000 95
144 16 96 400 146
145 16 64 1000 127
146 32 40 400 141
147 16 40 400 162
148 16 40 2000 184
149 16 40 2000 182
150 32 64 400 94
151 16 96 1000 117
152 16 96 2000 156
153 16 40 400 120
154 16 64 1000 174
155 16 40 5000 186
156 16 96 1000 154
157 16 96 2000 170
158 16 40 5000 92
159 32 40 400 198
160 32 64 5000 190
161 16 96 800 137
162 16 64 1000 158
163 16 96 2000 90
164 32 40 5000 182
165 16 96 800 114
166 16 64 400 194
167 32 40 2000 193
168 32 96 400 138
169 32 64 2000 178
170 32 96 800 180
171 32 40 400 149
172 32 96 2000 192
173 16 64 400 157
174 16 40 2000 151
175 32 40 400 127
176 16 40 400 149
177 32 64 1000 120
178 32 64 800 101
179 16 64 1000 186
180 32 64 2000 165
181 32 64 1000 131
182 16 96 2000 176
183 16 96 400 165
184 32 40 800 123
185 16 96 400 155
186 16 64 400 185
187 32 64 400 97
188 16 40 2000 99
189 16 64 2000 121
190 32 64 1000 97
191 32 40 800 192
192 32 40 800 138
193 32 64 2000 156
194 32 40 5000 129
195 16 64 5000 98
196 32 40 1000 105
197 32 96 800 157
198 16 40 2000 115
199 16 64 5000 183
200 32 40 400 115
201 32 96 1000 96
202 16 40 400 95
203 32 64 2000 142
204 32 64 1000 141
205 32 96 800 187
206 32 96 2000 196
207 16 40 2000 143
208 32 96 800 152
209 32 96 5000 95
210 16 40 2000 163
211 32 40 5000 110
212 16 40 800 169
213 32 96 2000 95
214 32 40 1000 150
215 16 64 2000 108
216 16 40 1000 129
217 32 40 5000 111
218 32 40 5000 172
219 16 64 800 193
220 32 64 800 184
221 32 64 5000 161
222 32 96 400 175
223 32 96 2000 108
224 32 40 5000 130
225 32 96 800 122
226 32 40 1000 143
227 32 96 2000 105
228 32 96 1000 167
229 16 64 400 94
230 16 96 5000 193
231 16 64 800 122
232 32 64 400 148
233 32 64 800 179
234 16 96 5000 132
235 16 40 2000 136
236 16 64 1000 113
237 16 96 800 144
238 16 96 2000 191
239 32 96 800 181
240 32 96 400 168
241 16 64 2000 176
242 16 40 800 124
243 16 64 800 129
244 32 64 400 113
245 32 64 1000 180
246 16 96 5000 161
247 32 64 2000 148
248 16 96 2000 93
249 16 40 2000 183
250 32 64 1000 123
251 16 64 800 95
252 32 96 1000 158
253 16 40 1000 199
254 32 96 800 179
255 16 64 1000 167
256 16 64 5000 102
257 32 64 1000 150
258 32 96 400 154
259 16 96 1000 146
260 32 40 800 106
261 16 96 800 134
262 32 96 2000 192
263 32 96 800 177
264 32 40 5000 171
265 16 64 1000 93
266 32 40 5000 121
267 32 64 800 166
268 32 64 800 181
269 32 40 1000 186
270 16 64 5000 115
271 16 96 1000 145
272 16 40 2000 112
273 32 40 5000 98
274 32 96 400 110
275 16 96 1000 173
276 32 40 2000 167
277 32 64 800 131
278 16 96 5000 101
279 32 40 400 171
280 32 40 400 199
281 16 40 5000 108
282 16 96 5000 199
283 32 64 5000 149
284 16 96 1000 94
285 32 40 2000 159
286 32 96 1000 131
287 16 40 1000 108
288 16 64 1000 110
289 32 96 800 200
290 16 40 1000 199
291 16 96 800 173
292 16 64 800 119
293 16 96 400 128
294 16 64 1000 173
295 16 40 800 157
296 16 96 2000 194
297 32 40 5000 135
298 32 96 1000 180
299 16 64 400 164
300 16 64 1000 134
301 16 64 1000 125
302 16 64 400 94
303 16 64 800 161
304 32 40 5000 112
305 16 64 5000 189
306 32 64 400 159
307 32 96 2000 143
308 32 40 2000 195
309 16 40 800 100
310 32 40 1000 100
311 16 96 400 170
312 32 96 400 94
313 16 64 2000 144
314 32 96 5000 148
315 32 40 5000 93
316 32 40 1000 158
317 32 96 1000 172
318 32 40 800 144
319 16 64 800 138
320 16 64 800 150
321 32 40 2000 150
322 16 96 800 116
323 32 64 1000 163
324 16 64 2000 91
325 16 40 1000 193
326 16 40 800 111
327 16 40 800 184
328 32 64 5000 147
329 16 40 400 189
330 16 96 2000 178
331 32 40 800 179
332 32 96 1000 113
333 16 96 2000 130
334 16 40 800 143
335 32 96 1000 100
336 32 40 5000 197
337 16 96 400 100
338 16 64 5000 106
339 32 64 5000 157
340 32 96 800 116
341 16 40 1000 170
342 32 64 2000 118
343 32 40 2000 158
344 32 64 400 162
345 32 96 1000 142
346 32 64 1000 193
347 32 40 5000 175
348 32 64 800 139
349 32 64 800 157
350 32 40 800 120
351 16 64 5000 183
352 32 40 5000 150
353 32 40 800 150
354 16 40 800 92
355 32 96 1000 171
356 16 40 400 142
357 32 96 5000 195
358 16 40 1000 97
359 32 40 1000 195
360 16 40 400 138
361 16 64 400 109
362 16 64 400 188
363 32 96 2000 195
364 32 40 2000 122
365 16 64 2000 171
366 16 40 2000 199
367 16 64 1000 163
368 16 64 800 183
369 32 40 800 96
370 32 96 5000 168
371 16 64 400 141
372 16 64 400 155
373 16 96 400 172
374 32 96 400 170
375 16 40 2000 104
376 16 64 400 167
377 32 64 1000 113
378 16 96 400 122
379 32 64 400 127
380 16 40 800 162
381 32 40 5000 175
382 32 96 800 154
383 32 96 2000 132
384 32 96 2000 184
385 32 40 5000 110
386 16 64 5000 187
387 32 64 5000 163
388 32 40 1000 128
389 16 96 5000 196
390 16 40 400 161
391 16 96 800 149
392 16 40 2000 146
393 32 64 5000 140
394 32 96 400 141
395 32 40 800 190
396 32 64 2000 103
397 16 40 800 152
398 16 64 400 135
399 16 96 1000 125
400 32 40 5000 177
401 16 40 2000 100
402 32 64 5000 163
403 32 40 5000 181
404 16 64 800 175
405 16 40 5000 92
406 16 64 1000 138
407 32 40 5000 114
408 16 96 400 178
409 32 64 800 165
410 32 64 800 191
411 16 96 2000 128
412 32 64 1000 93
413 32 96 400 104
414 32 96 2000 178
415 32 96 800 107
416 16 40 400 140
417 32 96 5000 160
418 16 64 800 102
419 32 96 400 148
420 32 96 400 160
421 32 64 400 150
422 32 64 800 110
423 16 40 1000 122
424 16 96 400 143
425 16 64 1000 172
426 32 96 1000 192
427 16 96 400 131
428 32 40 800 191
429 16 40 1000 190
430 32 64 400 97
431 16 64 400 128
432 32 40 2000 150
433 32 64 1000 122
434 32 64 1000 164
435 16 64 5000 177
436 32 64 2000 132
437 16 64 2000 166
438 16 64 2000 144
439 32 64 1000 124
440 16 96 2000 106
441 16 40 800 132
442 16 64 1000 179
443 32 96 1000 170
444 32 96 800 90
445 16 40 1000 174
446 16 64 1000 198
447 16 96 400 137
448 32 40 1000 191
449 32 40 2000 125
450 16 40 400 164
451 32 40 400 174
452 32 40 400 121
453 32 64 5000 200
454 32 40 1000 152
455 16 40 1000 149
456 16 96 2000 126
457 32 64 400 112
458 16 64 1000 197
459 32 96 2000 181
460 32 40 2000 121
461 32 96 2000 117
462 32 40 400 156
463 32 40 5000 92
464 16 96 1000 190
465 16 64 400 137
466 16 64 2000 102
467 16 64 1000 115
468 32 64 800 98
469 16 40 800 194
470 16 40 2000 131
471 16 96 400 142
472 16 64 1000 122
473 32 40 800 133
474 32 96 800 172
475 16 64 2000 188
476 32 64 400 92
477 32 96 5000 127
478 16 96 1000 159
479 32 40 2000 135
480 16 96 800 134
481 16 40 5000 182
482 16 96 800 139
483 32 64 2000 116
484 16 40 800 188
485 32 40 400 181
486 16 96 2000 128
487 32 64 5000 174
488 32 64 400 93
489 16 40 5000 130
490 32 40 5000 195
491 32 64 5000 170
492 32 96 5000 111
493 32 40 2000 133
494 16 64 2000 138
495 16 64 2000 127
496 16 96 1000 95
497 32 64 1000 142
498 32 96 2000 166
499 16 40 1000 105
500 32 64 400 185
501 16 40 5000 108
502 16 64 800 130
503 32 40 1000 121
504 32 40 800 198
505 32 64 5000 118
506 32 96 800 93
507 16 96 5000 107
508 16 40 800 121
509 32 96 1000 155
510 32 96 1000 145
511 32 64 2000 137
512 32 64 5000 135
513 16 40 2000 145
514 16 64 1000 174
515 16 64 800 122
516 32 64 2000 121
517 16 40 2000 194
518 16 40 400 155
519 32 64 5000 188
520 32 96 800 180
521 16 96 400 96
522 16 96 800 179
523 32 96 2000 179
524 16 40 800 160
525 32 40 2000 199
526 16 96 800 121
527 32 96 400 115
528 16 64 2000 178
529 16 40 2000 156
530 16 96 2000 170
531 32 40 800 95
532 16 96 1000 150
533 32 64 2000 145
534 32 40 2000 134
535 32 96 800 124
536 32 96 400 136
537 16 64 800 175
538 32 96 800 189
539 32 96 2000 93
540 16 96 400 193
541 32 96 400 197
542 16 96 1000 141
543 32 40 5000 139
544 32 96 400 172
545 32 64 1000 161
546 16 64 800 185
547 32 40 800 138
548 32 96 1000 101
549 32 40 1000 100
550 32 96 2000 199
551 16 96 5000 189
552 32 96 2000 140
553 16 64 2000 107
554 32 96 1000 115
555 16 96 2000 91
556 32 96 2000 188
557 32 96 2000 148
558 32 64 800 93
559 16 96 800 145
560 32 40 2000 199
561 32 64 1000 143
562 16 64 2000 177
563 32 64 800 118
564 16 64 400 145
565 32 40 800 186
566 16 64 5000 130
567 32 64 400 147
568 16 64 1000 144
569 16 96 2000 194
570 16 40 400 101
571 32 96 2000 136
572 16 40 5000 186
573 16 64 2000 179
574 32 40 400 130
575 32 96 5000 189
576 16 40 400 176
577 16 64 2000 121
578 32 64 800 185
579 16 40 400 186
580 16 96 400 117
581 32 96 5000 98
582 32 64 800 157
583 16 64 5000 119
584 16 96 800 144
585 16 64 2000 141
586 32 96 800 112
587 32 64 400 136
588 32 40 2000 95
589 16 96 5000 151
590 16 40 2000 151
591 16 40 2000 97
592 16 64 2000 185
593 16 64 400 120
594 32 96 2000 175
595 32 40 800 160
596 32 96 800 104
597 32 40 2000 154
598 32 40 5000 189
599 32 40 1000 193
600 16 64 5000 100
601 32 96 800 169
602 16 40 2000 140
603 32 96 1000 128
604 32 40 2000 110
605 16 40 1000 153
606 32 64 2000 175
607 16 64 400 153
608 32 64 1000 143
609 16 64 5000 182
610 32 40 1000 189
611 32 40 800 155
612 16 64 2000 162
613 32 40 400 144
614 16 40 1000 94
615 16 64 1000 163
616 16 96 5000 158
617 16 40 2000 153
618 32 40 400 162
619 32 64 800 143
620 16 40 400 172
621 32 64 400 125
622 32 40 1000 181
623 16 40 1000 179
624 16 40 1000 150
625 16 40 400 94
626 16 40 1000 146
627 32 40 2000 186
628 32 40 2000 160
629 16 64 1000 194
630 16 64 400 163
631 32 40 2000 133
632 32 40 1000 140
633 16 64 5000 179
634 16 40 800 141
635 32 64 2000 107
636 16 96 400 125
637 32 40 5000 199
638 16 40 5000 90
639 16 40 5000 98
640 32 64 5000 144
641 16 40 400 176
642 16 64 5000 140
643 32 96 2000 178
644 32 64 800 174
645 16 40 400 113
646 16 64 800 196
647 32 96 2000 91
648 16 64 5000 131
649 32 40 400 121
650 16 96 1000 149
651 16 40 400 127
652 32 64 2000 137
653 16 96 400 115
654 16 96 2000 170
655 32 64 800 193
656 16 40 400 130
657 32 64 400 126
658 16 96 1000 166
659 16 64 5000 191
660 16 64 800 157
661 32 64 800 108
662 32 40 5000 131
663 16 64 5000 183
664 16 40 800 187
665 32 40 1000 90
666 16 96 1000 114
667 16 96 1000 190
668 32 40 2000 128
669 32 64 2000 90
670 32 40 400 131
671 32 96 400 162
672 32 96 400 106
673 16 40 400 188
674 16 40 5000 110
675 16 40 5000 169
676 32 64 5000 155
677 16 64 5000 191
678 32 40 1000 94
679 32 64 1000 195
680 16 40 2000 183
681 32 64 400 114
682 16 40 1000 187
683 16 64 1000 94
684 16 64 800 144
685 32 96 2000 161
686 32 96 2000 104
687 16 96 800 109
688 16 64 1000 133
689 16 64 800 198
690 16 64 400 179
691 32 64 2000 151
692 32 40 5000 121
693 32 64 5000 118
694 32 40 800 96
695 16 64 2000 187
696 32 96 400 113
697 16 40 800 115
698 32 96 2000 195
699 16 40 2000 125
700 16 40 1000 108
701 32 64 2000 189
702 32 96 800 186
703 32 96 1000 157
704 32 96 2000 196
705 16 96 5000 197
706 32 64 400 139
707 16 40 2000 191
708 32 40 800 125
709 32 64 400 143
710 32 64 800 115
711 16 96 800 176
712 16 64 5000 126
713 32 96 2000 166
714 16 40 5000 122
715 32 40 5000 121
716 16 64 5000 192
717 16 40 400 144
718 16 40 5000 184
719 32 40 5000 173
720 32 40 5000 189
721 16 64 400 159
722 32 64 1000 137
723 16 40 2000 123
724 16 96 2000 172
725 32 64 400 184
726 16 64 2000 158
727 32 96 2000 123
728 16 64 1000 164
729 32 96 1000 98
730 16 96 1000 143
731 32 96 1000 179
732 16 64 400 107
733 16 40 800 133
734 32 96 800 183
735 16 64 400 166
736 16 64 1000 150
737 32 96 800 142
738 32 40 5000 126
739 16 96 5000 198
740 16 64 1000 184
741 32 40 5000 138
742 32 96 1000 127
743 16 64 2000 112
744 32 96 5000 93
745 32 40 800 94
746 16 96 400 162
747 32 64 5000 178
748 16 96 400 158
749 16 96 2000 119
750 32 40 400 148
751 32 64 2000 116
752 32 96 400 98
753 32 64 5000 106
754 32 64 5000 106
755 32 96 800 130
756 32 96 800 190
757 16 40 800 159
758 16 64 2000 101
759 32 96 5000 191
760 16 64 400 121
761 16 64 5000 194
762 16 40 400 181
763 32 96 800 151
764 16 96 400 90
765 32 40 800 141
766 16 40 2000 171
767 16 96 400 175
768 32 64 800 182
769 32 40 400 140
770 32 40 2000 144
771 32 64 2000 98
772 16 96 400 104
773 32 64 1000 104
774 16 40 400 168
775 32 96 5000 111
776 16 96 400 151
777 32 96 5000 195
778 16 40 1000 93
779 16 40 800 137
780 16 96 5000 95
781 32 40 1000 166
782 32 64 2000 119
783 16 40 5000 149
784 32 64 2000 93
785 16 96 800 171
786 32 40 800 154
787 16 64 800 147
788 16 96 1000 174
789 32 64 400 180
790 16 40 1000 120
791 16 64 800 106
792 32 64 400 183
793 32 64 5000 119
794 32 40 800 176
795 16 40 1000 134
796 32 64 800 119
797 32 96 1000 115
798 32 64 1000 188
799 32 40 2000 191
800 32 40 400 186
801 16 96 2000 196
802 16 40 5000 141
803 16 96 1000 138
804 16 40 5000 185
805 16 40 2000 101
806 32 40 1000 110
807 16 64 1000 90
808 32 40 800 197
809 32 64 400 173
810 32 96 800 93
811 32 64 2000 200
812 32 40 5000 194
813 32 64 5000 178
814 32 64 400 145
815 32 64 800 113
816 32 96 800 104
817 16 64 2000 174
818 32 40 800 92
819 32 96 5000 148
820 32 40 5000 158
821 32 40 5000 200
822 16 96 2000 116
823 16 96 1000 98
824 16 96 2000 198
825 16 40 400 139
826 16 96 5000 112
827 32 40 5000 148
828 32 40 5000 172
829 16 40 5000 104
830 32 64 5000 168
831 32 40 5000 163
832 16 96 5000 101
833 16 40 2000 116
834 32 64 1000 170
835 16 64 2000 196
836 32 40 800 139
837 32 96 2000 190
838 16 64 800 196
839 32 96 1000 167
840 16 40 2000 165
841 32 64 5000 115
842 16 64 400 132
843 16 96 400 106
844 32 96 5000 99
845 32 40 1000 143
846 16 96 2000 183
847 32 40 800 151
848 16 64 5000 91
849 16 64 800 145
850 16 96 5000 130
851 16 40 2000 180
852 16 40 2000 162
853 32 96 1000 159
854 16 64 800 157
855 32 96 1000 121
856 32 96 2000 178
857 16 64 1000 98
858 32 64 400 90
859 16 64 2000 190
860 16 96 800 121
861 16 64 800 145
862 32 96 5000 165
863 16 96 5000 199
864 16 40 800 170
865 16 64 1000 195
866 32 64 5000 200
867 32 96 400 160
868 32 64 800 163
869 32 64 2000 91
870 32 40 800 147
871 32 40 400 173
872 32 40 800 197
873 32 64 400 176
874 16 40 5000 149
875 32 96 5000 183
876 16 40 1000 124
877 32 40 5000 131
878 16 96 1000 182
879 16 64 800 170
880 32 40 2000 188
881 32 40 2000 92
882 32 64 400 155
883 16 64 5000 142
884 16 64 800 131
885 32 64 800 145
886 32 64 2000 158
62
3 606 50 133
14 554 51 197
14 551 44 126
17 835 64 129
18 819 43 110
19 429 60 112
25 55 40 120
41 749 42 115
54 854 68 161
64 793 49 92
91 286 51 119
99 496 59 107
99 118 65 143
102 183 47 190
105 828 45 104
106 397 45 92
116 536 65 196
122 615 59 191
131 762 41 139
136 152 68 185
138 354 60 133
154 291 56 125
157 732 60 157
166 832 46 172
192 757 44 172
193 883 66 98
197 561 52 132
200 860 45 169
204 287 64 143
212 382 60 155
215 329 55 177
218 228 49 179
220 276 56 176
241 796 69 150
245 473 67 109
272 842 44 148
290 457 42 95
303 445 52 116
324 610 41 170
356 427 43 95
361 804 57 162
364 740 55 96
375 380 58 187
382 782 58 180
400 650 66 179
438 821 53 200
450 721 48 150
454 826 62 128
458 462 43 133
471 885 60 189
508 567 67 102
527 872 59 162
547 707 51 106
563 769 54 131
585 695 58 183
589 745 40 159
613 678 55 91
637 857 54 156
668 810 47 121
746 854 67 101
755 866 67 184
756 851 56 110