122
0 16 16 200 76
1 8 16 100 67
2 16 2 50 81
3 16 2 50 58
4 8 2 150 85
5 16 16 150 72
6 16 2 150 65
7 2 2 150 69
8 8 64 200 82
9 2 2 200 97
10 2 16 100 80
11 2 16 200 61
12 8 2 150 51
13 2 16 50 65
14 8 2 100 59
15 8 64 50 91
16 16 4 50 90
17 16 4 200 65
18 8 2 200 87
19 16 2 150 86
20 8 4 50 75
21 8 2 50 94
22 2 16 50 100
23 16 2 200 94
24 16 2 50 91
25 2 16 200 64
26 16 4 50 80
27 8 2 150 65
28 2 2 50 66
29 8 4 150 60
30 16 16 100 99
31 8 16 150 91
32 8 64 50 79
33 16 64 200 90
34 2 64 100 58
35 16 4 100 64
36 2 4 50 94
37 16 4 100 99
38 2 64 100 78
39 16 16 50 96
40 16 16 200 60
41 2 2 150 67
42 8 64 100 51
43 16 4 150 98
44 16 16 50 84
45 2 64 150 99
46 8 4 200 95
47 2 64 200 86
48 2 2 150 52
49 16 64 100 91
50 2 4 50 78
51 8 4 200 72
52 8 2 50 57
53 2 2 200 93
54 8 64 100 60
55 8 2 150 86
56 8 2 150 70
57 2 16 50 57
58 16 16 50 76
59 16 2 150 87
60 16 64 200 59
61 8 4 200 62
62 16 16 100 100
63 16 64 100 84
64 8 2 150 89
65 8 16 100 72
66 8 4 50 97
67 8 16 200 97
68 8 2 150 63
69 16 4 100 65
70 8 64 200 56
71 8 2 100 76
72 8 64 50 87
73 8 16 100 50
74 2 64 200 96
75 8 2 100 74
76 16 16 150 64
77 2 64 200 56
78 8 16 50 82
79 16 16 100 94
80 8 2 50 94
81 16 16 200 66
82 2 64 100 73
83 8 64 200 71
84 2 2 50 54
85 8 64 200 71
86 16 2 150 88
87 16 16 100 99
88 16 16 150 54
89 2 2 200 53
90 8 64 200 55
91 16 4 200 54
92 2 2 50 66
93 2 4 200 92
94 16 64 150 83
95 16 16 200 60
96 2 64 200 63
97 8 4 200 78
98 2 2 100 92
99 2 64 200 91
100 16 2 100 59
101 8 64 100 81
102 8 4 200 75
103 8 16 50 83
104 2 2 100 90
105 2 2 150 98
106 2 4 200 60
107 16 16 50 100
108 2 4 200 84
109 8 64 50 57
110 2 64 100 50
111 8 2 150 80
112 16 16 100 53
113 2 64 200 63
114 2 2 150 51
115 8 4 100 81
116 2 2 100 99
117 2 16 50 76
118 8 64 150 57
119 8 64 200 79
120 8 2 150 94
121 16 4 100 55
35
2 50 61 190
3 68 51 147
4 65 47 91
4 80 62 177
6 21 49 174
7 93 53 159
7 98 61 162
10 53 61 107
11 22 70 137
11 86 41 102
12 20 65 186
14 67 57 171
21 54 41 188
23 95 48 154
23 71 54 186
24 109 61 118
27 51 48 116
29 51 43 109
31 107 46 112
32 67 64 153
38 72 45 159
40 42 41 124
44 91 66 105
46 116 63 175
53 80 56 196
59 110 56 185
61 77 50 128
66 112 45 126
67 90 61 193
72 110 62 129
74 108 56 112
81 92 44 132
82 120 43 90
91 102 65 198
98 110 64 169