506
0 2 4 200 58
1 2 64 50 82
2 16 16 150 53
3 8 4 150 94
4 8 2 50 95
5 16 4 150 78
6 2 16 50 97
7 8 4 150 95
8 2 16 100 54
9 8 2 200 93
10 16 64 50 69
11 8 4 100 61
12 16 16 50 74
13 8 64 100 86
14 16 64 50 68
15 2 16 50 97
16 16 16 200 67
17 8 4 50 100
18 2 4 50 93
19 2 2 200 99
20 8 2 200 97
21 8 2 50 78
22 16 16 100 79
23 16 64 200 54
24 8 2 50 89
25 8 64 100 64
26 2 4 200 57
27 2 2 100 88
28 8 64 150 78
29 8 16 50 67
30 16 4 200 54
31 8 4 150 73
32 2 16 200 56
33 8 64 200 68
34 2 16 50 51
35 2 4 200 92
36 16 16 100 50
37 8 16 150 51
38 8 16 150 62
39 16 16 200 68
40 2 16 150 55
41 2 2 100 98
42 2 64 50 62
43 8 2 200 79
44 16 2 50 73
45 16 2 50 98
46 16 64 100 65
47 16 4 100 82
48 8 4 200 86
49 8 2 200 63
50 16 2 100 72
51 16 16 50 82
52 16 64 200 81
53 8 64 200 81
54 16 64 150 79
55 16 16 100 75
56 8 16 200 50
57 8 4 50 52
58 8 2 200 70
59 8 64 100 52
60 16 4 200 70
61 8 16 100 68
62 16 4 50 92
63 16 4 200 74
64 8 64 200 92
65 2 2 100 85
66 16 4 50 58
67 16 64 100 61
68 8 64 200 74
69 8 2 100 81
70 2 2 200 81
71 2 4 150 91
72 8 2 150 68
73 2 16 100 51
74 8 64 150 78
75 2 2 150 69
76 2 4 200 76
77 8 16 150 70
78 2 2 150 62
79 16 4 200 60
80 8 4 150 68
81 16 4 100 87
82 16 2 150 93
83 8 64 100 54
84 2 64 150 89
85 2 2 50 83
86 8 64 200 68
87 16 2 50 88
88 8 64 150 57
89 16 2 50 83
90 16 64 150 78
91 8 2 100 83
92 16 2 150 80
93 8 4 50 66
94 8 64 100 56
95 16 16 200 51
96 2 16 100 54
97 16 2 50 96
98 2 2 100 81
99 8 64 150 84
100 16 16 200 100
101 2 2 100 85
102 2 64 50 52
103 8 64 50 68
104 8 16 50 65
105 16 2 50 88
106 2 16 100 96
107 2 16 50 63
108 16 4 100 76
109 16 2 150 59
110 2 64 150 88
111 2 4 150 62
112 16 2 100 67
113 2 4 100 52
114 8 16 100 95
115 2 64 150 58
116 16 64 150 75
117 2 64 50 97
118 16 4 150 56
119 8 64 150 89
120 2 4 50 70
121 2 16 100 94
122 16 2 50 73
123 8 64 200 79
124 8 2 200 73
125 16 4 150 58
126 16 4 100 76
127 2 16 100 87
128 2 2 200 84
129 16 4 200 91
130 2 16 200 69
131 8 64 50 63
132 2 4 100 50
133 2 2 150 55
134 2 2 50 98
135 2 4 50 55
136 8 2 50 86
137 16 2 150 61
138 2 4 50 58
139 2 2 50 98
140 16 64 150 64
141 8 4 50 63
142 2 4 50 65
143 8 4 150 50
144 16 16 150 85
145 16 4 100 88
146 8 2 150 100
147 8 64 100 76
148 8 4 200 80
149 8 2 50 75
150 8 16 150 70
151 8 64 100 93
152 16 2 200 65
153 2 64 200 96
154 16 2 50 80
155 8 4 100 94
156 8 4 200 92
157 16 64 200 50
158 8 4 200 75
159 2 4 150 96
160 8 16 150 93
161 2 64 50 61
162 8 64 50 64
163 8 2 200 66
164 2 64 150 57
165 2 2 50 66
166 2 4 200 57
167 2 2 150 100
168 16 16 200 73
169 16 16 200 62
170 8 4 100 75
171 2 64 100 80
172 2 4 150 67
173 8 16 150 50
174 2 16 50 64
175 16 2 200 56
176 2 4 200 96
177 16 2 150 97
178 2 2 100 98
179 8 2 150 60
180 8 64 200 92
181 8 4 100 67
182 8 16 50 90
183 8 64 50 53
184 16 64 50 56
185 2 2 50 95
186 8 16 200 70
187 16 2 200 55
188 2 64 100 83
189 8 4 200 83
190 2 4 150 85
191 16 4 100 83
192 2 4 100 95
193 16 4 100 58
194 2 64 200 53
195 8 2 100 78
196 8 64 200 89
197 2 2 150 55
198 2 2 150 100
199 16 2 100 91
200 2 2 50 56
201 2 4 50 73
202 8 4 50 65
203 2 16 50 54
204 8 2 200 94
205 2 16 150 83
206 2 2 200 57
207 2 4 150 95
208 2 4 100 79
209 16 2 50 83
210 2 4 100 80
211 2 16 50 58
212 8 16 100 92
213 16 16 200 95
214 16 4 150 50
215 16 4 50 54
216 2 4 200 83
217 16 64 150 76
218 16 64 50 57
219 16 4 150 67
220 8 16 100 90
221 16 64 100 57
222 8 16 50 67
223 16 64 50 83
224 16 4 100 87
225 16 2 50 55
226 16 4 150 70
227 8 4 100 57
228 2 64 150 70
229 8 4 100 100
230 8 64 50 74
231 16 64 100 60
232 8 64 200 93
233 2 64 50 55
234 2 2 200 94
235 8 16 50 84
236 16 2 50 72
237 2 4 50 59
238 8 2 200 50
239 16 16 50 67
240 8 4 50 90
241 8 16 100 81
242 8 64 150 78
243 16 16 150 83
244 2 2 200 89
245 16 4 200 63
246 8 4 100 78
247 2 64 200 74
248 2 16 100 65
249 8 16 150 88
250 2 64 100 75
251 2 4 200 97
252 16 4 150 69
253 16 16 50 94
254 8 4 150 91
255 2 16 200 82
256 16 4 100 100
257 2 16 200 98
258 16 64 50 100
259 16 4 200 84
260 2 64 200 64
261 8 64 150 69
262 8 4 100 77
263 8 16 150 88
264 2 64 200 70
265 8 16 150 89
266 16 2 200 67
267 16 16 50 92
268 2 64 200 50
269 2 64 100 52
270 2 16 50 92
271 16 64 50 97
272 8 2 100 57
273 2 16 200 63
274 16 16 100 91
275 8 64 50 75
276 8 4 150 69
277 2 4 50 80
278 2 4 200 50
279 8 2 50 71
280 2 4 50 93
281 8 2 50 88
282 2 64 150 76
283 8 4 50 97
284 2 64 200 58
285 16 4 200 89
286 8 2 50 95
287 8 16 200 93
288 8 64 100 95
289 8 2 150 100
290 16 64 50 54
291 2 64 200 90
292 2 2 50 75
293 8 64 200 55
294 8 4 50 52
295 8 64 100 80
296 2 4 100 61
297 16 64 150 86
298 8 4 150 57
299 2 16 200 98
300 16 64 200 92
301 2 64 100 75
302 2 4 50 91
303 16 2 150 81
304 16 64 150 90
305 8 16 150 60
306 16 64 100 100
307 8 4 150 63
308 8 4 200 87
309 8 4 100 96
310 8 64 200 95
311 16 4 150 77
312 16 2 50 67
313 8 2 50 92
314 16 2 200 75
315 16 4 150 89
316 16 2 50 50
317 16 4 200 51
318 2 4 100 99
319 16 4 50 60
320 2 2 150 53
321 2 16 50 56
322 8 64 200 69
323 8 64 200 50
324 16 4 100 63
325 16 64 50 90
326 2 64 50 51
327 2 4 100 90
328 8 4 50 82
329 16 2 100 91
330 8 16 150 72
331 2 64 200 64
332 2 2 100 95
333 2 64 50 62
334 2 2 150 73
335 16 64 200 60
336 16 16 150 95
337 16 16 100 67
338 16 64 50 100
339 8 2 150 61
340 2 16 150 58
341 2 2 100 90
342 16 2 50 70
343 8 64 100 89
344 2 16 100 85
345 8 16 100 51
346 16 4 100 83
347 16 2 150 92
348 8 16 100 63
349 8 64 200 64
350 16 16 200 66
351 8 2 200 75
352 16 16 50 77
353 16 2 200 83
354 2 2 50 92
355 16 64 200 78
356 2 4 200 88
357 2 4 150 76
358 2 64 200 59
359 16 4 100 90
360 8 16 100 80
361 16 16 50 50
362 8 16 50 87
363 2 16 150 97
364 16 16 100 53
365 16 4 200 66
366 8 2 100 76
367 8 2 150 79
368 2 64 100 86
369 2 64 200 63
370 16 2 100 67
371 8 64 150 73
372 2 16 100 92
373 8 2 50 56
374 2 2 200 79
375 2 64 200 97
376 16 4 150 63
377 8 2 200 67
378 8 4 150 64
379 16 64 50 91
380 16 16 200 92
381 16 64 100 88
382 16 4 200 71
383 2 64 50 94
384 16 2 100 89
385 2 64 100 68
386 8 64 200 65
387 2 4 200 63
388 2 4 50 88
389 16 4 100 83
390 8 4 200 76
391 8 64 50 77
392 2 64 100 83
393 2 64 50 50
394 2 2 50 62
395 2 64 200 59
396 8 16 200 95
397 16 64 50 57
398 2 4 150 57
399 8 2 150 92
400 8 2 200 93
401 8 16 150 100
402 2 16 150 100
403 8 64 100 89
404 16 4 200 87
405 16 16 50 93
406 8 64 100 60
407 8 64 50 74
408 8 64 100 81
409 8 2 200 68
410 8 2 150 54
411 8 2 100 79
412 16 16 150 82
413 16 2 100 50
414 8 4 200 59
415 2 2 200 53
416 8 4 150 56
417 16 2 100 62
418 2 16 50 83
419 2 4 200 93
420 8 64 100 93
421 2 64 150 95
422 2 16 50 81
423 2 64 100 81
424 8 4 150 66
425 16 16 50 54
426 2 2 200 51
427 16 16 50 80
428 2 16 100 57
429 8 64 100 76
430 16 2 150 100
431 8 64 200 54
432 8 2 50 71
433 8 2 100 80
434 8 4 150 65
435 2 4 200 68
436 8 2 100 52
437 16 16 200 91
438 16 2 150 96
439 2 2 150 80
440 2 4 200 78
441 2 2 200 83
442 8 4 100 88
443 8 2 200 65
444 8 64 100 89
445 2 64 100 82
446 2 16 100 84
447 16 4 50 67
448 16 64 200 88
449 8 64 50 51
450 2 64 200 69
451 16 4 100 66
452 16 16 50 95
453 2 4 200 91
454 8 2 100 58
455 2 64 50 67
456 16 64 200 54
457 16 4 150 58
458 16 64 50 65
459 8 64 200 79
460 2 2 100 78
461 2 16 150 78
462 2 2 150 52
463 2 16 150 59
464 8 4 150 68
465 8 64 100 87
466 8 4 150 100
467 8 2 50 67
468 8 2 200 92
469 8 64 100 100
470 8 16 100 64
471 16 16 50 99
472 8 16 150 80
473 8 64 50 71
474 16 64 150 73
475 2 4 150 86
476 8 16 50 100
477 8 64 50 60
478 8 2 150 53
479 2 64 200 73
480 2 64 150 68
481 8 2 100 84
482 8 4 50 79
483 16 64 200 65
484 16 2 150 65
485 2 2 100 60
486 8 2 50 76
487 2 4 100 56
488 2 64 150 67
489 2 64 50 95
490 2 4 200 97
491 8 2 100 64
492 8 64 100 79
493 8 4 100 89
494 16 64 50 77
495 8 2 200 61
496 16 2 150 85
497 16 64 100 94
498 16 2 200 60
499 2 4 100 93
500 16 4 100 62
501 8 16 50 89
502 8 4 50 79
503 16 64 100 68
504 8 4 200 76
505 8 16 150 74
66
8 218 51 92
10 201 67 181
15 34 47 166
16 452 63 146
17 366 43 199
17 277 44 161
18 127 50 119
19 453 62 166
27 449 49 171
30 203 60 103
35 350 52 174
39 373 50 117
49 385 61 151
50 119 59 100
56 334 40 123
62 338 69 167
71 159 54 188
72 336 64 106
76 186 51 173
82 420 48 146
91 112 51 94
95 226 62 198
97 422 52 115
109 146 69 179
111 159 53 125
120 218 57 161
122 202 49 107
125 465 63 136
132 208 45 189
139 499 60 195
145 292 50 131
155 246 67 102
155 180 43 121
160 400 43 90
169 400 47 102
172 414 52 124
176 323 53 136
179 245 55 102
181 458 45 152
186 256 50 101
197 413 44 105
202 380 54 106
225 374 65 121
227 402 41 113
241 332 61 134
246 282 69 115
250 499 58 153
261 275 70 160
276 346 49 99
277 479 45 140
283 504 44 169
292 414 67 125
302 419 68 200
304 344 63 174
311 494 69 103
322 338 50 133
326 437 60 187
328 472 50 154
330 383 60 98
333 374 63 185
361 416 60 134
361 401 55 193
379 401 65 128
399 422 49 115
417 470 49 178
427 474 69 188