920
0 16 64 1000 121
1 32 96 800 113
2 32 96 800 150
3 16 96 1000 193
4 32 40 400 105
5 16 40 400 192
6 16 40 800 187
7 16 96 2000 142
8 16 64 800 132
9 16 96 5000 155
10 32 40 5000 116
11 32 64 400 146
12 32 64 400 160
13 32 40 400 127
14 16 96 5000 117
15 32 40 1000 194
16 32 40 1000 127
17 32 96 800 176
18 16 96 800 189
19 16 40 800 177
20 16 64 2000 98
21 32 64 1000 180
22 32 40 1000 106
23 32 64 800 148
24 32 40 800 124
25 32 40 1000 190
26 32 40 5000 161
27 32 64 800 195
28 32 64 2000 139
29 32 64 1000 184
30 16 64 1000 113
31 32 64 1000 144
32 16 64 800 174
33 32 64 1000 128
34 32 96 400 124
35 16 40 1000 93
36 16 96 2000 115
37 16 40 2000 172
38 32 64 5000 194
39 16 96 800 199
40 32 64 2000 168
41 32 40 2000 132
42 32 96 5000 178
43 32 40 800 96
44 32 64 2000 187
45 16 40 1000 109
46 16 64 2000 120
47 16 64 1000 127
48 16 96 400 185
49 16 64 5000 97
50 32 40 400 170
51 16 64 1000 138
52 16 64 2000 116
53 32 40 800 157
54 32 64 2000 162
55 16 96 1000 121
56 16 64 5000 178
57 32 40 1000 200
58 16 40 2000 170
59 16 96 1000 181
60 32 64 800 196
61 32 96 5000 163
62 32 40 5000 105
63 32 96 5000 199
64 16 96 2000 95
65 32 64 800 108
66 16 64 1000 150
67 32 96 5000 187
68 32 64 1000 174
69 16 40 2000 159
70 16 96 800 165
71 32 96 5000 170
72 16 96 800 170
73 32 64 2000 169
74 16 96 1000 113
75 32 40 1000 196
76 32 40 1000 191
77 32 96 5000 165
78 32 96 800 157
79 32 40 1000 150
80 16 64 800 147
81 16 96 800 95
82 16 40 2000 174
83 32 64 400 178
84 16 96 2000 185
85 16 40 5000 155
86 32 64 2000 106
87 32 64 1000 175
88 32 64 400 178
89 32 96 5000 159
90 16 96 5000 139
91 16 96 400 105
92 16 40 1000 118
93 16 40 1000 101
94 16 40 5000 166
95 32 64 400 118
96 16 96 400 199
97 32 40 1000 101
98 16 96 400 173
99 32 64 2000 187
100 32 96 2000 95
101 16 40 1000 118
102 32 64 1000 91
103 32 40 5000 115
104 16 64 5000 149
105 32 64 2000 116
106 32 40 400 165
107 32 96 800 127
108 16 64 400 127
109 16 64 1000 104
110 16 64 800 168
111 32 64 400 96
112 16 96 1000 139
113 32 96 1000 109
114 16 64 400 176
115 16 64 5000 126
116 16 64 5000 126
117 32 40 400 132
118 16 64 1000 193
119 16 40 5000 141
120 16 40 800 145
121 16 64 2000 116
122 32 64 5000 101
123 16 96 2000 164
124 32 64 2000 108
125 32 64 5000 193
126 16 64 400 101
127 16 64 400 111
128 32 96 2000 165
129 32 40 2000 167
130 16 40 5000 129
131 16 64 2000 167
132 16 64 2000 93
133 32 64 1000 155
134 16 40 2000 104
135 32 96 2000 180
136 16 96 400 169
137 16 40 1000 156
138 16 64 5000 162
139 16 96 800 139
140 16 40 2000 156
141 32 64 5000 150
142 16 40 1000 165
143 16 96 2000 190
144 32 40 800 91
145 32 96 2000 97
146 16 96 2000 197
147 16 64 2000 198
148 16 96 5000 90
149 16 40 1000 114
150 16 96 2000 94
151 32 64 800 144
152 32 40 800 164
153 32 64 2000 198
154 32 96 400 179
155 16 64 5000 165
156 16 40 800 129
157 16 96 2000 195
158 16 64 5000 170
159 16 96 400 148
160 16 40 400 116
161 16 96 2000 164
162 32 64 5000 154
163 32 40 400 193
164 16 64 800 108
165 16 40 2000 130
166 16 96 5000 184
167 32 64 800 97
168 32 40 400 141
169 16 96 800 162
170 32 40 800 187
171 32 96 2000 103
172 32 64 400 198
173 32 96 400 143
174 16 40 400 163
175 16 96 800 197
176 16 64 800 124
177 32 40 400 144
178 32 40 400 154
179 16 96 400 159
180 16 96 5000 165
181 32 64 5000 131
182 16 64 5000 193
183 32 40 2000 168
184 32 64 5000 113
185 32 96 2000 179
186 16 40 5000 108
187 32 96 400 181
188 32 40 400 183
189 16 96 400 134
190 16 96 2000 190
191 32 96 400 120
192 32 64 400 192
193 32 40 2000 162
194 16 96 800 124
195 32 64 2000 119
196 16 64 400 180
197 16 40 2000 129
198 16 64 400 152
199 32 96 400 148
200 16 40 5000 159
201 32 40 400 121
202 32 96 1000 144
203 16 96 2000 195
204 16 64 1000 119
205 16 64 2000 127
206 32 40 5000 134
207 16 96 800 144
208 16 40 800 119
209 32 64 800 129
210 16 64 400 106
211 32 40 800 161
212 32 64 2000 139
213 32 64 1000 181
214 16 40 800 118
215 16 96 400 131
216 32 64 800 182
217 32 40 1000 164
218 32 96 1000 181
219 32 40 400 181
220 32 64 1000 189
221 16 40 1000 117
222 16 40 800 127
223 16 64 800 130
224 32 64 2000 111
225 16 40 2000 90
226 32 96 400 149
227 16 40 5000 149
228 32 64 1000 117
229 32 96 1000 90
230 16 64 1000 130
231 32 40 2000 186
232 32 64 1000 127
233 32 64 400 167
234 16 96 400 153
235 16 64 800 139
236 32 96 800 107
237 32 40 800 164
238 16 96 2000 196
239 32 40 800 163
240 16 40 2000 181
241 16 96 800 175
242 16 96 400 128
243 32 64 2000 146
244 32 40 1000 131
245 32 64 1000 97
246 32 96 800 161
247 32 64 800 106
248 32 96 2000 139
249 16 64 2000 124
250 32 96 2000 181
251 32 40 400 156
252 32 96 5000 174
253 16 64 1000 104
254 32 96 5000 127
255 32 96 5000 172
256 16 96 800 120
257 32 40 5000 159
258 16 64 2000 152
259 32 96 2000 167
260 16 64 400 146
261 32 40 800 126
262 32 64 800 124
263 16 40 1000 143
264 32 40 2000 145
265 32 64 5000 149
266 16 64 1000 155
267 16 64 5000 200
268 16 64 800 120
269 16 40 2000 184
270 32 64 800 165
271 16 40 400 164
272 32 64 400 111
273 32 40 1000 173
274 16 64 2000 94
275 32 64 400 173
276 32 40 800 93
277 16 96 400 118
278 16 64 2000 181
279 32 96 1000 185
280 16 64 400 142
281 16 96 800 175
282 16 64 800 168
283 16 96 800 158
284 16 96 800 101
285 32 40 2000 168
286 32 40 400 92
287 32 40 2000 112
288 32 64 5000 127
289 32 64 1000 167
290 32 64 400 198
291 16 64 2000 179
292 32 64 5000 195
293 16 40 5000 162
294 32 96 400 98
295 16 64 800 135
296 16 40 800 175
297 16 40 800 157
298 16 40 2000 104
299 16 40 1000 104
300 32 96 2000 157
301 32 64 400 118
302 32 64 400 188
303 16 64 5000 126
304 32 64 800 125
305 32 64 800 165
306 16 40 2000 108
307 16 64 800 97
308 32 96 1000 179
309 16 64 400 102
310 16 40 1000 139
311 16 64 1000 155
312 16 96 5000 160
313 32 40 800 175
314 32 40 2000 100
315 16 96 400 119
316 32 40 5000 128
317 32 64 800 129
318 16 40 5000 193
319 32 96 800 153
320 32 96 1000 186
321 16 64 2000 137
322 32 64 400 104
323 32 40 2000 97
324 32 40 400 93
325 32 64 400 192
326 32 40 800 157
327 32 64 5000 160
328 16 96 400 112
329 16 40 400 159
330 16 40 400 183
331 16 40 1000 132
332 32 64 1000 147
333 32 64 1000 196
334 16 40 5000 155
335 32 64 800 168
336 32 64 1000 167
337 32 40 2000 170
338 16 64 800 198
339 32 96 5000 91
340 32 96 5000 180
341 16 64 5000 153
342 32 96 800 146
343 32 40 2000 121
344 32 40 2000 125
345 32 96 800 105
346 16 64 2000 135
347 32 64 2000 159
348 16 40 400 141
349 16 96 400 187
350 16 40 1000 130
351 16 64 2000 179
352 16 40 400 98
353 32 64 800 135
354 16 96 1000 114
355 16 64 2000 133
356 32 64 2000 170
357 32 40 5000 130
358 32 40 1000 194
359 16 96 1000 160
360 16 96 400 149
361 32 96 1000 136
362 16 64 5000 162
363 16 96 5000 152
364 16 40 400 90
365 16 64 800 140
366 32 40 5000 142
367 16 96 1000 109
368 32 40 5000 146
369 16 40 5000 137
370 16 40 400 107
371 16 64 5000 136
372 16 64 5000 113
373 32 64 400 194
374 32 64 1000 93
375 32 40 400 129
376 32 64 2000 90
377 32 96 1000 148
378 16 64 1000 194
379 16 64 800 165
380 32 96 800 160
381 16 96 5000 159
382 16 40 2000 167
383 32 64 800 167
384 32 96 400 160
385 32 96 2000 174
386 16 64 1000 156
387 16 96 5000 146
388 32 64 400 121
389 16 40 5000 162
390 32 40 5000 187
391 32 64 400 142
392 16 64 800 190
393 32 40 5000 96
394 16 40 2000 123
395 16 64 1000 143
396 32 64 400 163
397 32 96 400 115
398 16 64 5000 171
399 32 40 1000 156
400 32 64 5000 177
401 32 96 2000 139
402 32 96 5000 129
403 16 40 2000 96
404 32 64 400 120
405 16 96 1000 113
406 32 64 1000 112
407 16 40 400 101
408 32 64 2000 181
409 16 64 400 148
410 32 40 800 162
411 32 96 1000 157
412 16 64 800 161
413 16 40 400 120
414 16 40 2000 146
415 32 40 1000 141
416 32 40 1000 94
417 32 96 1000 121
418 16 40 1000 119
419 16 96 5000 159
420 32 40 1000 190
421 32 40 2000 124
422 16 64 1000 126
423 32 64 400 161
424 16 40 2000 168
425 32 40 800 151
426 32 64 5000 177
427 16 96 1000 174
428 32 64 2000 159
429 32 96 2000 121
430 32 64 5000 138
431 32 40 800 135
432 32 96 1000 108
433 16 40 400 119
434 16 64 400 148
435 32 40 1000 143
436 16 96 400 187
437 16 64 2000 93
438 16 64 5000 195
439 32 40 5000 144
440 16 96 5000 126
441 16 40 5000 93
442 16 40 2000 100
443 32 64 5000 192
444 16 40 1000 193
445 32 40 1000 192
446 32 64 2000 118
447 32 96 2000 148
448 32 64 2000 127
449 32 40 1000 155
450 16 40 800 157
451 32 64 1000 186
452 32 64 400 197
453 16 64 800 169
454 32 64 2000 165
455 32 40 5000 136
456 16 96 5000 137
457 32 96 800 157
458 16 96 5000 137
459 16 96 1000 181
460 32 40 1000 147
461 32 64 5000 104
462 16 40 1000 115
463 32 64 5000 108
464 32 96 5000 200
465 32 96 400 97
466 16 96 800 97
467 16 96 800 173
468 32 64 800 142
469 32 64 5000 165
470 16 64 5000 163
471 32 96 1000 129
472 32 96 800 181
473 32 40 800 144
474 16 40 800 94
475 16 64 1000 200
476 16 40 1000 168
477 16 64 400 108
478 32 64 2000 182
479 32 40 1000 126
480 32 40 400 165
481 32 96 2000 132
482 16 40 400 199
483 16 96 5000 90
484 16 40 1000 131
485 16 40 1000 142
486 16 96 5000 94
487 32 96 800 183
488 16 64 1000 124
489 16 40 1000 128
490 32 64 2000 170
491 32 96 5000 163
492 16 64 800 163
493 16 96 2000 114
494 16 96 5000 97
495 32 64 800 161
496 32 64 400 157
497 16 64 2000 128
498 16 40 5000 128
499 32 40 2000 108
500 32 40 5000 167
501 16 40 5000 174
502 32 40 2000 193
503 16 64 1000 157
504 32 40 1000 179
505 32 40 800 170
506 16 64 5000 159
507 16 64 1000 172
508 32 64 800 143
509 16 96 400 181
510 16 64 5000 172
511 32 40 2000 107
512 16 64 1000 176
513 32 64 5000 176
514 16 64 2000 146
515 32 96 800 101
516 16 96 5000 139
517 16 64 1000 173
518 32 64 800 160
519 16 40 400 126
520 32 96 400 108
521 32 96 1000 156
522 16 64 5000 167
523 32 64 5000 157
524 32 64 2000 100
525 32 40 800 187
526 32 64 2000 134
527 16 40 400 186
528 16 96 2000 94
529 32 96 2000 122
530 32 96 5000 94
531 32 40 2000 186
532 16 96 800 115
533 16 64 1000 142
534 16 40 1000 157
535 32 64 400 187
536 32 96 400 180
537 16 40 5000 182
538 16 96 800 110
539 16 64 2000 145
540 16 96 1000 149
541 32 64 800 94
542 32 96 1000 160
543 16 40 1000 133
544 16 40 400 183
545 16 40 1000 98
546 32 40 2000 177
547 16 64 1000 97
548 16 64 2000 166
549 16 64 5000 105
550 32 96 5000 140
551 16 40 400 101
552 16 40 800 98
553 16 40 800 91
554 16 40 5000 148
555 16 96 5000 162
556 16 96 800 97
557 16 40 5000 162
558 16 64 2000 119
559 16 64 5000 177
560 16 64 800 91
561 16 96 800 140
562 32 96 400 122
563 16 64 5000 177
564 16 96 1000 174
565 32 40 800 197
566 16 96 5000 166
567 16 64 1000 175
568 16 40 5000 166
569 32 64 2000 119
570 16 96 2000 122
571 16 96 1000 102
572 16 96 1000 179
573 32 64 1000 95
574 16 40 2000 198
575 32 40 2000 119
576 32 40 2000 194
577 16 40 1000 200
578 16 96 400 154
579 32 96 5000 186
580 32 96 1000 103
581 16 64 2000 102
582 16 64 5000 198
583 16 96 1000 163
584 32 40 5000 97
585 16 64 1000 92
586 16 96 2000 92
587 32 64 5000 112
588 16 64 400 109
589 16 64 1000 125
590 32 64 1000 130
591 32 64 800 137
592 32 96 1000 161
593 32 40 400 144
594 16 96 2000 91
595 32 40 5000 132
596 32 64 1000 178
597 32 96 400 167
598 32 96 2000 183
599 16 40 400 116
600 16 64 800 145
601 32 40 2000 157
602 16 40 5000 98
603 32 64 1000 123
604 32 64 2000 126
605 16 96 1000 113
606 32 64 400 126
607 32 40 1000 175
608 16 64 2000 99
609 16 64 1000 178
610 16 64 2000 134
611 32 40 5000 142
612 16 40 400 106
613 32 96 1000 189
614 16 96 400 175
615 32 64 800 116
616 32 96 5000 118
617 32 40 400 122
618 16 96 400 94
619 32 40 400 133
620 32 96 800 128
621 32 64 1000 139
622 16 64 800 123
623 32 40 400 180
624 32 40 400 133
625 16 40 2000 170
626 32 64 1000 192
627 32 64 1000 139
628 16 64 5000 100
629 16 40 400 197
630 16 64 400 184
631 32 64 1000 176
632 16 64 5000 133
633 32 64 800 147
634 32 64 2000 155
635 32 96 2000 197
636 32 40 2000 166
637 16 40 2000 116
638 32 40 800 200
639 16 96 400 196
640 32 96 2000 123
641 16 64 2000 186
642 32 40 800 102
643 32 96 2000 185
644 16 96 800 100
645 32 40 800 162
646 16 64 2000 133
647 16 96 400 137
648 32 96 2000 121
649 16 96 400 176
650 16 96 800 93
651 16 96 400 192
652 32 96 2000 92
653 16 64 5000 183
654 32 64 800 151
655 16 40 5000 175
656 16 96 5000 129
657 32 40 5000 109
658 16 40 800 151
659 32 96 5000 123
660 16 96 1000 165
661 16 40 1000 145
662 32 40 1000 139
663 16 64 400 166
664 16 40 1000 136
665 16 96 1000 175
666 32 96 1000 116
667 16 64 400 100
668 16 64 400 156
669 32 40 5000 109
670 32 64 400 97
671 32 96 400 149
672 32 96 1000 185
673 32 40 1000 102
674 32 96 5000 121
675 16 96 1000 121
676 32 64 5000 178
677 32 40 800 159
678 16 64 1000 140
679 32 64 400 160
680 16 96 800 177
681 32 96 1000 148
682 32 64 1000 102
683 16 40 5000 194
684 16 40 2000 170
685 16 64 2000 104
686 32 96 800 173
687 32 64 5000 160
688 32 40 1000 189
689 16 40 400 198
690 32 64 1000 97
691 32 40 5000 139
692 16 96 5000 127
693 16 96 2000 130
694 16 96 800 107
695 32 96 1000 117
696 16 40 400 169
697 16 40 400 153
698 16 40 400 182
699 32 40 400 141
700 16 96 2000 105
701 32 40 400 95
702 32 96 2000 116
703 16 40 1000 199
704 16 96 1000 200
705 16 40 5000 157
706 16 40 5000 144
707 16 40 5000 119
708 32 64 800 112
709 16 64 2000 166
710 32 64 1000 123
711 16 96 5000 200
712 32 96 5000 195
713 16 96 2000 134
714 16 96 400 106
715 16 64 400 91
716 32 64 800 190
717 16 64 2000 103
718 16 96 1000 198
719 16 64 800 140
720 32 64 800 173
721 16 40 800 160
722 32 96 400 102
723 32 40 2000 176
724 16 40 1000 95
725 16 40 400 141
726 16 40 1000 127
727 16 96 800 173
728 16 64 800 198
729 32 96 5000 128
730 16 96 800 199
731 32 40 2000 112
732 16 40 2000 138
733 16 96 400 136
734 32 40 1000 180
735 16 64 400 150
736 16 40 5000 126
737 16 64 5000 159
738 16 64 400 188
739 32 40 5000 140
740 32 40 2000 93
741 16 96 2000 186
742 32 96 400 182
743 32 40 400 128
744 16 64 2000 134
745 16 96 5000 188
746 16 40 1000 159
747 32 64 400 173
748 32 40 800 194
749 32 96 2000 169
750 32 40 5000 192
751 32 40 1000 158
752 16 96 2000 193
753 32 40 400 167
754 32 40 400 159
755 16 96 1000 108
756 16 64 800 192
757 32 64 800 96
758 32 40 800 126
759 16 64 2000 147
760 32 64 2000 122
761 16 96 800 99
762 32 96 2000 126
763 32 96 5000 153
764 16 40 5000 94
765 16 40 400 126
766 32 64 1000 164
767 32 40 400 175
768 16 64 800 95
769 16 96 5000 148
770 32 64 1000 160
771 16 40 1000 145
772 16 96 1000 199
773 32 96 2000 113
774 32 96 2000 135
775 32 40 800 185
776 32 64 800 129
777 16 96 1000 118
778 16 96 800 192
779 16 40 400 200
780 16 64 800 129
781 32 40 5000 187
782 32 64 5000 166
783 32 40 800 198
784 32 96 5000 171
785 16 64 5000 141
786 32 40 1000 104
787 32 40 800 131
788 16 96 800 166
789 16 64 5000 156
790 16 96 5000 128
791 16 96 5000 117
792 16 40 400 167
793 16 40 800 148
794 32 96 1000 199
795 32 40 2000 124
796 32 96 5000 198
797 16 64 1000 118
798 32 96 400 111
799 32 96 2000 158
800 32 96 1000 169
801 32 64 1000 103
802 16 96 1000 142
803 16 64 800 103
804 32 64 800 151
805 32 40 400 161
806 32 40 2000 183
807 16 96 800 103
808 32 64 1000 97
809 32 64 1000 185
810 32 64 800 168
811 16 96 2000 182
812 16 96 1000 107
813 32 40 400 190
814 16 64 400 131
815 32 96 1000 113
816 16 96 400 157
817 16 64 400 125
818 16 96 400 143
819 16 40 2000 152
820 32 64 400 192
821 16 64 400 154
822 16 40 400 131
823 16 64 800 150
824 16 64 2000 199
825 32 64 800 107
826 16 40 800 97
827 16 40 1000 113
828 32 96 5000 170
829 16 40 1000 164
830 16 40 5000 134
831 16 96 5000 164
832 16 64 400 188
833 32 96 5000 163
834 32 40 5000 156
835 32 64 5000 166
836 16 40 800 191
837 16 96 400 196
838 32 40 1000 184
839 32 40 5000 180
840 16 40 400 198
841 32 96 400 94
842 32 40 400 136
843 16 64 800 167
844 16 40 800 191
845 16 64 5000 171
846 32 40 1000 124
847 32 96 2000 153
848 32 64 400 190
849 16 40 1000 112
850 16 96 2000 142
851 16 96 1000 113
852 32 40 5000 152
853 16 96 2000 180
854 16 96 1000 185
855 32 96 5000 189
856 32 96 2000 152
857 16 64 2000 171
858 32 40 400 171
859 32 40 5000 110
860 16 96 2000 154
861 16 64 5000 199
862 32 64 5000 168
863 32 40 2000 137
864 32 40 1000 105
865 16 96 2000 150
866 16 64 5000 114
867 16 96 1000 178
868 16 96 1000 96
869 16 40 1000 126
870 16 40 400 119
871 32 64 2000 159
872 32 96 5000 183
873 32 64 800 158
874 16 96 1000 173
875 16 96 800 137
876 16 96 800 187
877 32 64 5000 93
878 32 64 1000 148
879 32 64 800 147
880 32 64 800 147
881 16 96 1000 159
882 16 40 800 99
883 16 40 2000 143
884 32 96 1000 200
885 32 96 800 190
886 32 40 5000 120
887 16 96 1000 172
888 32 40 400 133
889 32 40 1000 92
890 16 64 800 94
891 32 64 5000 132
892 32 40 5000 173
893 32 96 2000 112
894 32 64 2000 129
895 16 96 5000 185
896 16 64 400 168
897 32 64 2000 185
898 16 64 400 93
899 16 64 1000 123
900 16 64 1000 132
901 32 40 2000 195
902 16 64 1000 195
903 16 96 400 165
904 32 64 2000 166
905 16 40 2000 165
906 16 64 800 182
907 32 96 800 192
908 32 64 400 128
909 16 40 2000 94
910 32 40 400 158
911 32 64 400 114
912 16 96 5000 178
913 16 64 1000 164
914 16 96 1000 91
915 32 40 5000 168
916 32 64 800 197
917 32 64 400 111
918 16 64 2000 170
919 32 64 800 179
418
2 757 63 187
2 877 53 172
2 834 53 128
4 700 51 162
8 475 47 105
12 661 59 130
12 900 52 152
13 78 45 128
14 240 63 156
15 301 65 153
20 570 60 200
21 423 47 180
23 334 48 200
23 296 55 93
24 489 69 156
24 674 55 118
26 428 67 178
26 256 67 98
34 199 50 117
34 88 70 105
36 637 41 166
38 54 69 161
39 723 47 116
39 615 61 92
40 420 56 123
42 548 47 112
42 200 68 102
42 145 45 144
43 594 40 197
44 551 55 141
46 278 49 142
47 536 52 108
48 267 57 183
49 892 57 110
51 582 50 123
55 408 58 134
55 152 67 198
55 889 60 135
55 464 56 118
56 794 60 142
58 309 43 128
58 399 40 100
59 853 62 148
60 369 59 162
61 103 52 134
62 751 70 194
62 553 67 96
63 480 70 113
67 73 40 195
69 466 58 102
70 353 50 139
71 158 60 141
71 398 68 106
73 804 52 141
74 696 64 134
77 881 51 190
79 440 50 160
80 599 56 161
80 827 48 194
82 632 55 192
83 333 47 136
83 230 47 118
87 645 55 168
87 560 46 160
87 329 62 129
88 471 68 184
89 448 58 141
90 203 56 110
98 419 68 186
98 468 55 126
98 228 43 163
99 387 52 178
101 439 58 114
102 495 47 117
104 776 58 122
105 175 46 117
105 668 51 148
105 878 65 134
106 265 46 171
106 553 51 133
107 710 70 119
107 770 43 92
108 395 50 188
109 319 51 185
109 545 64 158
110 454 42 121
111 416 64 163
111 494 42 129
112 421 61 191
113 518 58 140
114 358 68 181
116 158 53 193
116 736 63 105
117 301 44 191
118 592 53 127
120 330 44 186
121 754 40 109
125 531 69 93
126 402 42 107
127 494 61 153
130 720 42 151
131 765 62 118
132 887 66 92
133 837 67 161
135 241 65 147
135 196 48 122
136 196 51 182
136 494 63 125
138 263 66 108
139 840 63 124
140 246 53 199
140 144 69 122
140 215 47 124
142 728 70 107
143 530 53 142
143 512 57 121
143 252 64 142
143 841 67 104
148 220 59 173
151 730 46 137
153 863 41 137
154 882 67 128
154 739 49 123
155 588 55 94
156 195 61 174
156 314 67 166
156 760 70 132
157 590 46 151
162 467 67 191
164 205 65 156
164 287 59 187
164 482 65 112
164 295 43 104
164 770 48 153
167 581 60 190
169 660 50 95
171 529 61 160
176 484 48 181
176 251 52 182
177 595 62 114
177 863 46 189
179 202 59 162
180 630 65 92
181 883 54 199
182 619 67 161
182 275 52 120
182 791 63 174
183 318 65 108
184 730 61 168
186 406 41 187
188 517 49 152
188 222 64 171
190 568 44 102
191 403 70 95
192 875 53 174
193 693 45 115
193 472 67 103
194 644 61 186
195 418 69 154
199 470 53 110
199 860 67 107
200 646 64 108
200 255 62 172
202 230 65 177
204 355 53 114
205 596 47 151
206 517 47 131
209 579 50 110
210 717 49 163
211 608 63 151
211 563 60 127
214 490 61 181
214 607 54 175
216 871 62 135
216 851 66 96
223 648 58 164
224 514 70 161
224 389 48 190
225 350 60 159
227 587 55 133
230 480 43 190
234 584 65 98
234 811 65 90
235 787 45 148
235 557 66 138
236 893 62 185
236 893 69 171
237 761 68 173
240 563 42 171
241 810 40 128
243 807 69 144
248 751 50 134
251 671 56 141
251 664 59 97
252 623 45 104
252 839 55 192
253 267 42 98
254 864 63 121
255 849 57 125
256 770 66 187
256 726 53 126
256 537 60 107
256 547 63 118
256 396 69 176
259 622 52 109
259 894 65 160
262 377 48 122
262 686 47 142
264 434 69 115
265 706 40 175
266 737 70 96
266 504 67 181
267 618 41 134
268 479 65 192
273 575 46 199
275 615 60 144
275 717 52 141
275 585 70 112
277 871 57 119
281 908 51 188
285 412 49 97
286 746 67 115
288 850 51 132
288 495 68 199
292 812 66 108
293 500 40 119
294 473 57 102
297 547 56 155
299 724 50 137
300 398 63 122
301 419 42 96
302 632 69 113
306 368 70 184
307 737 44 119
308 751 54 121
309 768 41 144
311 782 53 124
312 804 59 145
312 697 57 181
318 839 56 167
319 737 54 100
326 377 42 198
328 611 40 191
329 826 60 136
330 798 62 196
336 539 44 149
336 390 60 170
336 787 64 112
338 633 69 111
340 682 48 96
344 747 60 161
348 813 46 193
354 765 64 106
354 664 60 191
355 493 50 134
355 630 42 100
355 575 52 148
355 438 52 163
356 815 61 158
360 849 60 171
361 913 67 159
363 429 54 188
365 784 64 181
367 404 64 90
369 676 61 157
370 819 44 174
373 526 60 158
374 891 64 193
377 686 62 125
378 581 50 169
380 578 70 147
381 585 64 102
381 501 53 140
383 444 52 142
384 617 63 98
385 827 42 166
388 732 58 172
390 847 49 158
392 763 44 195
399 680 65 93
399 502 40 140
399 540 43 142
401 843 60 147
402 462 45 126
404 466 55 175
407 513 58 156
410 776 56 144
412 667 63 176
412 920 67 144
415 594 41 122
416 878 52 172
418 810 41 116
422 862 69 177
424 452 47 135
424 443 48 193
425 633 48 186
426 844 68 156
429 546 61 109
434 918 59 159
435 802 70 153
436 708 47 92
436 484 60 103
437 655 48 101
439 488 61 103
441 690 67 145
441 880 56 179
441 550 41 190
442 773 55 178
443 690 44 133
445 799 48 118
447 713 53 124
449 602 55 107
451 838 58 155
453 830 46 125
454 834 41 130
457 901 67 117
458 757 68 199
459 779 54 180
467 629 64 154
469 663 53 178
473 611 43 166
475 853 62 191
476 647 69 164
477 713 47 99
481 685 56 197
482 732 68 135
488 591 50 190
489 623 46 93
493 830 62 105
494 662 63 153
503 886 58 142
504 704 67 114
507 757 59 160
510 915 67 190
511 833 47 182
514 701 44 190
514 665 69 97
515 550 48 139
517 859 61 110
520 883 51 132
522 909 50 107
524 728 57 125
525 545 55 93
526 823 64 129
528 624 52 160
533 700 62 152
537 835 68 165
542 788 63 158
543 574 55 166
546 746 59 123
552 611 66 156
557 883 66 109
560 654 44 153
560 758 41 164
563 623 54 149
563 704 42 148
567 769 51 90
571 668 56 181
574 673 40 121
577 871 54 102
580 620 59 144
589 698 61 185
591 731 43 100
592 899 61 116
593 851 67 195
593 838 58 136
595 884 69 119
596 838 68 90
598 830 56 110
601 875 62 167
606 735 59 170
626 808 51 183
630 807 70 187
631 880 45 133
638 762 52 98
638 667 40 179
639 765 42 173
640 866 67 174
641 755 47 142
641 776 43 91
641 648 57 95
649 750 56 153
661 662 53 93
662 791 69 132
668 746 58 175
672 836 56 196
673 818 63 166
675 828 53 94
680 695 59 194
686 755 66 98
698 778 42 200
699 813 63 129
701 746 44 139
704 865 57 103
712 834 45 128
712 847 67 132
713 789 69 103
714 741 63 167
730 915 45 192
734 746 62 174
737 841 59 198
737 891 69 175
762 808 69 159
774 814 57 162
776 905 64 183
785 792 45 148
792 838 50 177
792 913 41 92
794 838 58 117
796 865 48 98
800 811 64 165
805 886 69 199
810 815 49 122
816 918 62 192
824 879 53 132
855 905 65 151
863 879 65 111
907 915 48 147