33
0 32 128 1000 105
1 32 320 1000 121
2 8 32 5000 106
3 32 128 400 162
4 8 320 800 184
5 32 128 2000 123
6 32 320 2000 139
7 32 128 5000 117
8 32 320 400 118
9 32 128 2000 174
10 8 32 400 155
11 32 128 1000 198
12 8 128 1000 199
13 8 320 2000 120
14 32 320 400 104
15 32 32 2000 158
16 32 32 1000 176
17 32 128 400 190
18 32 32 2000 102
19 32 32 5000 135
20 8 320 800 176
21 32 32 5000 165
22 8 320 800 175
23 32 128 2000 119
24 8 320 400 151
25 32 128 400 162
26 8 32 1000 182
27 32 32 400 192
28 8 32 1000 167
29 8 32 1000 95
30 32 32 400 189
31 8 32 800 141
32 8 32 5000 182
2
0 27 57 200
9 18 67 142