510
0 8 128 2000 144
1 32 128 2000 159
2 8 32 2000 200
3 8 320 2000 99
4 32 32 800 118
5 32 32 2000 194
6 8 32 1000 156
7 8 320 2000 153
8 32 320 400 144
9 8 320 1000 162
10 32 320 2000 115
11 8 32 400 132
12 32 32 400 107
13 8 320 2000 159
14 8 128 1000 170
15 8 320 2000 158
16 8 32 5000 192
17 8 320 1000 118
18 8 32 800 139
19 8 32 1000 156
20 8 32 1000 121
21 8 32 5000 114
22 32 128 400 102
23 32 128 1000 140
24 32 128 400 136
25 32 32 1000 129
26 8 32 5000 105
27 32 128 1000 169
28 8 32 2000 136
29 32 32 5000 194
30 8 32 800 175
31 8 128 2000 90
32 8 320 5000 196
33 8 32 1000 161
34 32 320 800 91
35 32 320 5000 195
36 32 128 1000 198
37 32 128 400 133
38 32 32 5000 172
39 8 128 2000 95
40 8 32 400 102
41 32 128 1000 174
42 32 32 5000 114
43 8 32 400 174
44 8 32 1000 165
45 32 128 2000 174
46 8 128 400 180
47 32 32 400 195
48 32 32 2000 119
49 32 32 5000 91
50 32 32 400 124
51 8 320 800 156
52 32 128 5000 143
53 8 128 1000 132
54 8 320 400 98
55 8 320 5000 167
56 8 128 400 160
57 8 128 2000 157
58 32 32 5000 154
59 32 128 400 192
60 32 32 800 171
61 8 32 800 180
62 32 128 1000 194
63 32 32 2000 181
64 32 32 400 130
65 8 128 800 175
66 32 32 400 90
67 32 320 1000 101
68 32 320 2000 162
69 8 32 2000 105
70 32 320 800 178
71 32 320 2000 96
72 8 320 800 101
73 8 320 400 144
74 32 128 1000 132
75 8 320 800 142
76 8 128 400 109
77 32 320 5000 133
78 8 32 5000 196
79 32 320 5000 129
80 8 128 400 115
81 8 128 1000 143
82 8 320 2000 136
83 32 32 5000 123
84 8 320 400 139
85 32 320 1000 107
86 8 320 1000 194
87 32 32 5000 179
88 32 128 1000 111
89 8 320 2000 123
90 8 128 1000 103
91 8 32 1000 139
92 32 320 5000 90
93 32 128 400 116
94 32 128 5000 168
95 8 32 400 186
96 8 320 800 190
97 32 320 2000 169
98 8 32 2000 102
99 32 128 5000 132
100 32 32 400 117
101 8 320 800 115
102 32 128 800 168
103 32 320 400 193
104 32 128 5000 100
105 8 32 2000 174
106 8 32 1000 196
107 32 320 2000 170
108 32 128 5000 152
109 8 32 800 183
110 8 128 1000 109
111 32 32 2000 143
112 32 320 2000 179
113 32 320 400 185
114 8 320 5000 125
115 32 320 400 196
116 32 320 400 134
117 32 320 400 194
118 8 320 800 127
119 32 320 5000 140
120 32 128 1000 167
121 8 32 5000 151
122 8 32 400 130
123 8 320 2000 102
124 32 128 800 139
125 8 128 5000 119
126 32 128 1000 129
127 8 128 400 171
128 8 320 5000 141
129 8 320 800 170
130 8 128 1000 167
131 8 32 5000 169
132 8 32 800 197
133 32 32 400 175
134 32 128 2000 123
135 32 32 800 183
136 32 128 800 191
137 32 320 5000 138
138 32 128 5000 135
139 8 128 1000 172
140 8 32 800 93
141 32 32 1000 151
142 8 320 400 196
143 8 320 1000 196
144 8 320 1000 96
145 8 128 1000 171
146 8 320 2000 109
147 8 32 2000 163
148 8 128 400 103
149 32 32 800 162
150 8 320 5000 190
151 32 320 400 168
152 8 320 2000 184
153 8 32 1000 176
154 8 32 800 168
155 8 128 400 151
156 32 128 2000 181
157 8 32 400 122
158 8 32 800 136
159 8 320 2000 106
160 8 32 2000 93
161 32 32 400 195
162 8 320 400 128
163 32 320 1000 158
164 32 32 400 124
165 32 128 400 200
166 32 128 2000 90
167 8 320 2000 121
168 32 32 2000 161
169 32 320 5000 197
170 32 128 1000 160
171 8 128 800 117
172 32 128 800 173
173 8 32 2000 198
174 8 32 5000 156
175 32 320 400 141
176 8 320 800 159
177 32 128 5000 170
178 32 128 2000 97
179 32 32 1000 165
180 8 320 2000 138
181 32 128 1000 135
182 32 128 800 151
183 32 320 400 115
184 32 128 2000 96
185 32 32 2000 149
186 32 32 5000 148
187 32 32 800 127
188 8 320 2000 174
189 32 32 400 149
190 8 128 400 148
191 8 128 2000 133
192 32 320 1000 111
193 8 320 800 122
194 8 128 400 199
195 32 32 5000 127
196 8 320 400 191
197 32 32 1000 122
198 32 128 800 127
199 32 128 1000 107
200 8 320 400 145
201 8 128 1000 124
202 8 32 400 130
203 8 32 2000 158
204 8 32 400 138
205 32 128 5000 100
206 32 32 800 129
207 32 32 5000 173
208 32 128 2000 164
209 8 320 400 114
210 32 128 800 181
211 32 128 1000 183
212 32 128 5000 92
213 32 128 400 175
214 8 32 800 125
215 32 32 5000 137
216 32 128 1000 133
217 32 128 400 186
218 32 128 800 119
219 32 320 5000 149
220 32 32 800 170
221 8 128 400 125
222 8 320 1000 145
223 32 320 800 172
224 32 32 800 169
225 32 320 5000 111
226 32 32 2000 107
227 8 320 400 135
228 8 320 5000 104
229 32 32 400 160
230 8 32 5000 136
231 32 320 800 141
232 8 320 800 194
233 8 320 1000 130
234 8 128 1000 153
235 32 32 1000 147
236 8 320 400 193
237 32 32 5000 104
238 8 128 800 132
239 8 128 5000 159
240 32 128 2000 169
241 8 128 800 171
242 32 32 800 187
243 8 32 1000 161
244 32 128 1000 138
245 8 32 2000 165
246 32 320 5000 195
247 32 32 400 150
248 8 32 1000 192
249 8 320 2000 199
250 8 320 5000 114
251 8 32 1000 131
252 8 128 1000 157
253 32 32 1000 102
254 8 128 800 159
255 8 320 400 104
256 32 128 800 128
257 32 320 2000 143
258 8 128 2000 137
259 8 320 5000 116
260 8 32 1000 170
261 32 320 2000 111
262 8 128 1000 102
263 32 320 5000 176
264 8 32 400 143
265 32 128 5000 185
266 32 128 800 112
267 8 32 400 191
268 8 128 2000 159
269 8 128 800 91
270 32 128 1000 185
271 32 320 5000 135
272 8 320 5000 127
273 32 128 5000 134
274 32 320 2000 199
275 32 128 400 189
276 8 32 2000 178
277 8 320 400 139
278 8 32 1000 132
279 32 320 2000 191
280 8 320 2000 199
281 32 32 800 198
282 8 32 400 100
283 8 320 400 152
284 8 128 1000 175
285 32 320 1000 157
286 8 128 5000 178
287 8 320 800 153
288 8 128 5000 168
289 8 320 2000 104
290 8 320 5000 100
291 8 128 400 101
292 8 320 2000 128
293 8 128 2000 122
294 32 128 2000 119
295 32 32 2000 119
296 8 320 800 125
297 32 32 5000 148
298 32 32 5000 101
299 8 320 2000 153
300 32 32 800 181
301 8 128 400 182
302 8 32 5000 157
303 32 320 2000 147
304 32 128 1000 110
305 32 128 5000 96
306 8 32 5000 137
307 8 32 800 136
308 8 320 2000 123
309 32 32 400 197
310 32 320 2000 138
311 32 32 2000 122
312 32 320 800 178
313 32 128 800 102
314 8 128 1000 123
315 8 32 2000 154
316 32 32 400 126
317 32 32 400 109
318 8 32 800 128
319 8 128 800 176
320 8 320 400 133
321 32 32 1000 96
322 8 32 2000 156
323 8 128 5000 173
324 32 32 2000 183
325 32 32 400 122
326 8 32 2000 134
327 32 32 5000 157
328 32 128 400 165
329 32 320 800 93
330 8 320 2000 197
331 32 320 400 150
332 32 320 2000 148
333 8 32 1000 161
334 32 128 400 124
335 8 320 5000 195
336 8 320 400 164
337 8 128 2000 134
338 32 32 2000 186
339 32 32 2000 125
340 8 32 800 193
341 32 32 1000 183
342 8 320 1000 144
343 8 32 800 113
344 8 32 400 100
345 8 32 5000 144
346 8 32 2000 101
347 32 128 800 107
348 8 320 800 114
349 8 320 800 153
350 32 32 1000 121
351 32 128 5000 165
352 32 320 2000 158
353 8 32 800 180
354 32 128 5000 180
355 32 320 2000 155
356 8 320 5000 197
357 32 128 400 126
358 8 32 1000 119
359 8 320 800 113
360 32 32 5000 191
361 32 320 400 103
362 32 128 5000 150
363 32 128 1000 143
364 8 32 800 92
365 32 320 1000 172
366 8 320 400 92
367 32 320 400 119
368 32 128 400 186
369 8 128 400 143
370 8 320 1000 166
371 8 32 1000 156
372 8 32 800 161
373 32 128 5000 121
374 32 128 1000 168
375 32 128 800 180
376 32 320 2000 139
377 8 32 2000 139
378 8 128 400 134
379 32 128 1000 165
380 32 32 2000 184
381 8 128 400 95
382 32 32 2000 96
383 8 32 400 123
384 32 320 5000 128
385 8 320 1000 170
386 32 128 5000 128
387 8 320 800 145
388 32 32 400 99
389 32 320 800 91
390 32 320 5000 168
391 32 320 1000 114
392 8 320 400 164
393 32 320 400 99
394 8 320 1000 125
395 32 320 2000 182
396 32 128 800 136
397 8 320 800 130
398 32 320 5000 167
399 32 128 5000 98
400 32 128 5000 178
401 32 320 1000 120
402 32 128 400 105
403 8 128 5000 98
404 32 128 400 194
405 8 320 2000 107
406 8 32 5000 192
407 32 32 2000 185
408 32 320 800 117
409 8 128 800 128
410 32 320 5000 190
411 32 320 1000 125
412 8 128 2000 166
413 32 32 5000 99
414 8 320 400 110
415 32 32 800 135
416 32 128 1000 139
417 8 320 2000 104
418 32 128 800 163
419 8 32 2000 132
420 8 320 5000 130
421 32 320 5000 168
422 8 128 400 131
423 32 320 2000 174
424 8 320 2000 90
425 8 128 400 113
426 32 320 400 135
427 8 320 2000 149
428 8 32 1000 141
429 32 32 1000 181
430 32 128 5000 184
431 32 32 1000 148
432 8 32 5000 185
433 32 32 5000 139
434 8 128 2000 120
435 8 32 1000 149
436 32 320 5000 191
437 8 32 800 138
438 8 128 400 192
439 8 320 2000 123
440 32 320 2000 161
441 32 32 5000 158
442 32 32 5000 162
443 8 320 800 134
444 32 320 5000 173
445 8 320 400 139
446 8 32 1000 160
447 32 32 400 159
448 32 128 2000 118
449 8 128 5000 134
450 32 32 800 107
451 32 320 800 162
452 32 320 800 113
453 32 320 1000 190
454 8 128 5000 145
455 32 320 5000 99
456 8 32 2000 156
457 8 128 5000 182
458 32 128 800 173
459 8 320 5000 196
460 8 32 800 98
461 32 128 400 166
462 8 128 5000 129
463 8 320 5000 90
464 8 320 400 107
465 32 32 2000 184
466 32 128 800 193
467 8 128 400 105
468 32 128 800 187
469 32 32 400 190
470 8 32 1000 153
471 32 32 5000 133
472 8 32 1000 106
473 8 128 5000 178
474 8 32 400 164
475 32 320 1000 176
476 32 32 2000 152
477 8 320 400 105
478 32 128 2000 165
479 8 128 800 194
480 8 128 5000 167
481 8 128 5000 127
482 8 32 400 166
483 8 320 5000 155
484 32 32 1000 128
485 8 320 5000 171
486 8 32 5000 114
487 32 32 5000 178
488 32 320 1000 102
489 8 320 2000 154
490 8 128 5000 185
491 8 320 2000 169
492 8 128 1000 182
493 8 128 400 148
494 32 32 400 128
495 8 32 2000 103
496 32 320 800 116
497 8 320 800 102
498 32 320 800 200
499 32 320 800 146
500 8 320 1000 114
501 8 128 5000 118
502 8 320 5000 101
503 8 128 800 97
504 32 128 400 123
505 8 128 400 174
506 32 32 800 160
507 8 320 2000 122
508 32 128 1000 101
509 32 32 5000 101
178
2 147 50 122
3 169 60 147
3 228 70 190
4 310 50 182
5 33 59 166
5 312 63 176
14 304 44 115
14 202 56 98
17 152 50 163
17 459 69 188
18 423 49 156
20 400 64 117
21 27 49 177
23 87 62 108
23 158 56 153
26 300 44 92
27 138 44 102
32 305 60 105
33 44 63 131
35 115 42 189
36 327 68 118
37 355 49 127
44 273 54 164
45 186 50 126
45 348 52 117
47 206 61 170
52 191 64 99
53 492 42 180
54 453 40 180
55 378 69 91
55 356 64 157
57 408 42 150
59 73 47 150
60 121 64 158
60 448 41 95
61 227 60 100
61 459 46 144
63 147 64 153
63 364 48 158
64 263 50 146
64 196 70 193
68 187 57 115
69 115 41 149
70 216 65 153
70 260 45 138
75 381 53 98
76 198 55 113
77 233 52 136
79 252 45 142
81 177 47 172
82 383 48 166
84 183 55 128
86 431 62 155
88 427 66 161
89 397 41 161
94 140 55 160
94 436 55 102
96 454 46 91
98 328 58 189
104 327 67 105
105 316 62 92
107 278 56 168
107 155 69 156
107 183 53 99
116 260 50 121
119 207 61 166
122 215 62 100
125 431 63 187
127 361 41 142
127 492 45 172
128 353 42 192
129 186 55 126
130 408 42 142
131 348 56 143
134 498 48 169
139 156 68 172
140 193 65 167
140 420 40 106
140 331 65 188
142 300 59 116
142 418 44 192
142 313 56 185
144 340 54 155
145 459 42 173
146 387 53 159
146 409 54 169
147 328 44 172
149 221 40 174
150 213 44 107
150 415 68 198
151 385 65 96
155 202 58 173
156 474 42 176
164 374 61 109
164 327 50 186
171 428 69 137
171 318 50 139
172 397 56 113
176 354 61 164
176 292 50 93
176 326 59 197
176 371 60 112
179 448 48 178
181 324 49 199
183 448 62 193
185 249 42 143
187 221 53 199
198 390 43 132
199 263 68 108
201 332 45 174
202 379 54 156
204 459 56 147
210 501 45 143
213 240 42 171
217 474 70 95
218 320 61 199
221 333 52 183
222 314 69 108
222 305 58 143
224 508 43 93
226 473 41 178
227 374 54 130
227 367 60 94
227 401 54 168
230 497 67 118
232 450 53 197
232 258 54 133
238 301 44 131
238 266 43 152
238 447 58 121
241 290 41 185
241 369 69 182
242 336 64 119
242 479 67 112
245 258 65 153
248 341 64 90
251 431 58 137
253 446 57 158
253 443 49 113
254 343 45 108
260 437 50 95
264 447 42 176
265 500 68 107
266 386 61 200
273 350 64 196
277 427 51 112
279 391 64 114
279 410 62 97
286 395 62 97
287 307 49 178
287 506 57 95
290 412 65 106
291 345 70 152
309 466 52 113
309 428 66 195
310 424 51 104
326 391 57 90
326 374 47 123
330 456 52 129
335 388 57 91
337 500 64 120
341 388 70 116
343 360 51 96
345 353 52 185
350 453 54 160
352 360 57 172
352 436 49 91
357 469 61 163
357 498 44 120
361 431 53 107
362 394 55 114
368 483 46 168
389 395 50 181
412 510 69 151
419 472 47 189
440 442 42 102
458 506 64 111
474 478 44 133