558
0 32 16 2400 103
1 64 64 800 156
2 128 128 500 163
3 16 128 500 179
4 64 128 500 135
5 64 16 500 91
6 64 128 2400 198
7 64 256 2400 150
8 128 64 1000 113
9 32 64 1000 121
10 32 256 5000 163
11 128 16 500 121
12 128 16 1000 102
13 32 128 800 148
14 32 256 500 125
15 128 256 500 114
16 64 64 800 144
17 16 64 2400 187
18 16 16 500 94
19 64 256 500 112
20 128 256 800 119
21 64 16 2400 182
22 64 16 5000 161
23 64 256 1000 107
24 32 16 2400 171
25 64 256 500 91
26 128 16 800 136
27 128 16 5000 90
28 16 16 1000 174
29 16 256 800 111
30 128 256 800 96
31 32 64 2400 189
32 16 64 2400 151
33 32 256 2400 180
34 32 64 2400 147
35 128 256 500 158
36 128 128 800 195
37 16 128 500 99
38 16 64 500 156
39 64 16 500 97
40 16 128 5000 92
41 128 256 500 118
42 128 128 5000 134
43 64 64 2400 188
44 32 16 5000 110
45 16 128 2400 128
46 128 16 5000 172
47 16 256 500 188
48 16 128 2400 151
49 16 16 800 151
50 128 16 2400 184
51 32 128 800 114
52 16 128 2400 194
53 32 256 800 186
54 32 16 2400 108
55 16 16 500 190
56 16 64 500 176
57 128 16 2400 186
58 128 256 500 100
59 16 16 5000 180
60 16 16 500 161
61 128 16 800 164
62 64 64 5000 152
63 128 16 500 189
64 32 128 500 124
65 128 256 2400 109
66 64 16 800 161
67 64 128 500 141
68 128 16 800 103
69 32 256 2400 193
70 32 16 800 132
71 16 16 500 105
72 128 128 800 98
73 16 256 800 150
74 32 128 2400 95
75 64 64 2400 100
76 16 64 1000 165
77 64 64 5000 143
78 128 128 2400 184
79 128 128 5000 184
80 32 128 500 150
81 64 256 2400 146
82 32 128 1000 183
83 32 128 1000 170
84 32 16 800 121
85 128 128 2400 199
86 64 256 1000 97
87 64 64 500 136
88 16 256 800 144
89 16 16 5000 115
90 16 16 5000 182
91 32 128 1000 183
92 32 64 5000 95
93 64 64 1000 145
94 16 16 500 199
95 128 256 2400 166
96 16 64 800 107
97 32 128 500 154
98 16 64 500 115
99 16 128 800 162
100 128 64 1000 132
101 16 128 5000 168
102 16 16 1000 173
103 128 128 500 117
104 128 256 5000 124
105 64 16 500 160
106 64 16 2400 95
107 128 64 1000 105
108 32 64 800 93
109 32 128 2400 120
110 16 256 5000 150
111 32 256 800 119
112 64 16 1000 189
113 64 64 2400 119
114 128 16 1000 131
115 128 256 500 191
116 64 16 500 90
117 32 256 2400 162
118 16 256 2400 158
119 16 64 1000 188
120 32 64 500 161
121 64 128 500 176
122 64 64 2400 162
123 64 256 1000 157
124 32 64 2400 94
125 16 128 5000 198
126 128 256 500 123
127 16 256 5000 148
128 64 128 2400 130
129 64 64 800 156
130 16 256 1000 96
131 64 256 800 199
132 32 64 800 164
133 64 16 5000 102
134 16 128 1000 132
135 128 16 500 118
136 128 256 5000 151
137 128 128 500 104
138 32 16 2400 174
139 32 256 5000 101
140 16 64 5000 113
141 16 128 800 152
142 64 16 1000 141
143 16 256 800 125
144 128 16 500 91
145 32 128 800 135
146 128 256 1000 154
147 128 256 500 125
148 32 16 5000 143
149 128 64 800 140
150 128 16 2400 170
151 16 128 5000 183
152 16 16 500 103
153 16 128 500 155
154 16 16 800 172
155 16 128 500 189
156 16 64 800 176
157 64 64 500 93
158 16 128 1000 191
159 16 128 800 135
160 32 64 1000 140
161 128 256 500 119
162 64 16 800 161
163 16 64 500 199
164 64 64 1000 173
165 32 16 500 149
166 16 128 1000 160
167 16 16 5000 122
168 64 256 500 135
169 128 64 800 147
170 16 64 500 130
171 64 16 800 173
172 32 64 500 127
173 64 256 1000 102
174 16 128 5000 160
175 16 16 500 116
176 128 16 800 150
177 128 256 500 106
178 16 256 2400 199
179 128 16 5000 145
180 64 16 500 144
181 128 16 1000 98
182 16 256 2400 164
183 32 64 800 150
184 64 128 800 128
185 16 64 5000 187
186 16 128 5000 108
187 16 64 5000 136
188 128 256 2400 102
189 64 128 500 199
190 16 128 500 165
191 32 64 5000 141
192 128 128 1000 181
193 32 16 2400 143
194 16 128 800 94
195 128 16 1000 177
196 64 256 1000 112
197 16 128 5000 101
198 32 256 5000 90
199 64 16 5000 107
200 32 16 2400 145
201 16 64 2400 140
202 64 64 1000 93
203 32 64 5000 138
204 16 64 1000 178
205 128 64 1000 171
206 16 16 1000 141
207 64 64 1000 189
208 64 256 500 102
209 16 64 800 146
210 32 16 800 160
211 16 128 800 134
212 32 16 5000 127
213 128 256 2400 145
214 128 128 500 180
215 128 64 5000 90
216 32 256 2400 150
217 64 64 1000 104
218 16 256 800 106
219 16 128 5000 163
220 32 64 1000 91
221 64 128 2400 91
222 16 16 2400 190
223 32 16 5000 166
224 16 64 500 116
225 16 256 5000 111
226 32 256 500 112
227 32 128 800 115
228 64 256 2400 169
229 128 64 800 150
230 32 128 2400 93
231 128 64 1000 198
232 64 64 5000 161
233 16 256 1000 199
234 64 256 800 181
235 64 16 5000 168
236 16 16 1000 153
237 16 128 5000 154
238 16 64 2400 138
239 16 256 5000 136
240 32 64 800 130
241 32 64 500 192
242 64 16 1000 142
243 64 256 800 199
244 16 256 800 113
245 16 128 800 154
246 64 256 500 191
247 64 64 2400 191
248 16 64 1000 181
249 128 16 2400 169
250 64 16 2400 175
251 128 256 1000 126
252 16 64 500 127
253 16 128 1000 101
254 32 128 1000 199
255 32 16 800 94
256 64 16 1000 114
257 32 256 2400 200
258 128 16 500 120
259 32 16 5000 173
260 64 64 2400 169
261 64 16 800 196
262 32 16 5000 138
263 128 64 5000 148
264 16 256 5000 114
265 128 256 1000 119
266 64 256 800 149
267 32 128 1000 153
268 16 128 2400 125
269 32 16 1000 178
270 128 16 5000 155
271 128 128 2400 173
272 32 256 5000 168
273 32 256 500 180
274 16 64 1000 175
275 16 256 2400 168
276 128 64 5000 177
277 32 16 500 200
278 64 16 800 162
279 16 16 500 131
280 64 64 1000 98
281 32 128 5000 197
282 64 16 1000 175
283 32 16 2400 121
284 128 64 500 105
285 16 128 2400 171
286 64 256 5000 154
287 32 64 5000 143
288 16 16 800 160
289 64 256 5000 155
290 16 128 500 115
291 32 256 5000 118
292 32 64 800 130
293 32 256 500 94
294 16 256 2400 96
295 32 64 1000 96
296 128 128 5000 145
297 32 16 500 182
298 128 16 1000 183
299 32 64 500 152
300 128 256 500 100
301 16 256 2400 140
302 16 16 1000 99
303 32 64 5000 179
304 128 16 2400 198
305 128 64 2400 176
306 64 16 1000 135
307 16 256 500 174
308 16 128 5000 158
309 16 128 2400 98
310 32 128 500 105
311 32 16 800 104
312 64 16 800 197
313 64 128 500 139
314 64 256 2400 177
315 64 64 2400 124
316 64 64 800 159
317 32 16 800 200
318 16 256 1000 175
319 128 128 1000 197
320 128 16 2400 103
321 32 256 2400 145
322 32 64 5000 200
323 16 128 1000 105
324 16 16 2400 186
325 16 128 800 95
326 128 256 2400 181
327 16 256 1000 122
328 128 128 2400 163
329 128 16 5000 170
330 128 128 2400 133
331 16 256 800 90
332 64 128 1000 192
333 32 128 500 105
334 128 128 800 153
335 128 256 2400 158
336 32 256 5000 94
337 128 256 2400 105
338 16 256 500 194
339 128 128 5000 92
340 64 16 1000 159
341 64 64 1000 187
342 64 128 1000 146
343 32 16 2400 162
344 128 64 800 193
345 32 64 5000 91
346 64 16 500 115
347 128 256 800 122
348 64 128 2400 117
349 128 64 1000 136
350 64 128 1000 197
351 64 256 800 117
352 64 128 1000 175
353 16 16 2400 123
354 16 128 2400 189
355 16 16 500 131
356 128 128 500 163
357 16 128 2400 177
358 16 16 2400 136
359 64 256 500 102
360 64 64 2400 136
361 32 256 2400 139
362 128 16 1000 121
363 64 128 1000 110
364 32 64 2400 191
365 64 64 2400 107
366 128 256 1000 165
367 32 64 5000 91
368 32 128 2400 135
369 64 128 5000 143
370 32 16 1000 137
371 64 128 2400 97
372 128 256 800 117
373 16 16 1000 139
374 16 16 500 107
375 64 16 2400 119
376 128 256 1000 170
377 16 16 2400 131
378 32 64 800 118
379 16 64 1000 147
380 64 64 2400 134
381 16 64 2400 170
382 16 256 2400 117
383 64 64 800 152
384 128 64 1000 166
385 16 16 800 198
386 16 256 2400 110
387 64 64 500 116
388 32 64 1000 158
389 16 128 1000 97
390 128 256 2400 163
391 128 16 1000 130
392 16 16 5000 167
393 32 64 1000 93
394 32 256 5000 104
395 16 64 5000 101
396 16 64 800 142
397 32 64 5000 187
398 64 16 5000 92
399 32 16 2400 147
400 128 256 500 130
401 128 256 1000 171
402 128 64 500 156
403 64 16 1000 175
404 128 16 1000 92
405 32 256 800 159
406 32 16 2400 181
407 32 128 5000 117
408 16 128 5000 136
409 64 128 800 152
410 64 64 5000 150
411 64 128 800 147
412 16 256 1000 165
413 32 16 500 157
414 16 128 5000 95
415 32 64 2400 121
416 16 64 800 164
417 16 128 5000 200
418 32 256 2400 192
419 64 16 2400 159
420 128 16 500 194
421 64 64 800 189
422 16 128 1000 155
423 128 64 500 177
424 32 128 800 156
425 64 64 1000 105
426 32 16 500 140
427 32 256 800 147
428 128 256 500 130
429 16 16 800 123
430 32 128 1000 141
431 16 16 500 133
432 16 16 800 160
433 64 16 5000 195
434 64 256 500 171
435 16 64 5000 171
436 128 16 2400 173
437 128 256 800 154
438 128 128 1000 127
439 64 16 500 177
440 32 256 1000 169
441 32 128 2400 92
442 128 64 1000 134
443 64 64 1000 125
444 32 64 800 104
445 64 64 1000 185
446 64 64 2400 133
447 128 256 2400 187
448 128 256 500 117
449 64 256 500 175
450 32 16 1000 164
451 32 128 500 117
452 64 64 1000 134
453 128 16 1000 174
454 64 128 1000 105
455 16 128 5000 188
456 128 128 1000 148
457 16 256 1000 171
458 32 64 1000 141
459 16 64 800 169
460 16 128 1000 115
461 16 16 500 154
462 128 16 800 122
463 16 16 1000 181
464 32 256 5000 126
465 16 256 800 98
466 32 16 2400 147
467 64 64 5000 196
468 16 16 500 188
469 16 128 5000 115
470 32 64 1000 156
471 32 128 5000 190
472 64 256 2400 160
473 128 128 2400 162
474 64 64 2400 97
475 16 64 500 139
476 32 128 800 119
477 16 128 500 162
478 32 256 2400 112
479 64 256 5000 123
480 64 128 1000 162
481 64 128 2400 129
482 32 16 5000 177
483 128 256 800 154
484 64 256 800 91
485 32 128 800 140
486 16 256 1000 115
487 64 256 2400 111
488 16 256 2400 194
489 32 256 1000 200
490 128 16 5000 200
491 16 64 2400 145
492 16 128 5000 151
493 128 256 800 175
494 64 16 800 101
495 64 128 800 177
496 16 64 800 128
497 128 256 5000 102
498 128 256 800 160
499 128 64 2400 178
500 64 256 1000 169
501 32 256 800 156
502 16 256 800 187
503 32 128 500 154
504 64 256 1000 165
505 64 256 500 177
506 64 128 800 158
507 128 256 1000 185
508 32 128 5000 183
509 128 128 800 146
510 64 128 5000 147
511 32 64 5000 164
512 32 64 5000 155
513 32 64 800 93
514 32 16 500 157
515 16 64 500 90
516 16 64 2400 175
517 32 16 500 127
518 128 64 1000 106
519 32 16 800 168
520 32 256 1000 120
521 16 16 2400 142
522 128 256 5000 126
523 16 256 1000 127
524 128 64 5000 114
525 32 128 800 184
526 64 16 500 158
527 128 16 2400 101
528 64 128 1000 97
529 64 16 800 154
530 32 16 5000 94
531 32 64 5000 126
532 32 64 5000 163
533 32 256 500 138
534 64 128 500 91
535 64 256 800 150
536 64 256 800 133
537 128 256 1000 187
538 64 256 500 136
539 128 16 1000 151
540 64 16 1000 182
541 128 256 5000 178
542 16 64 5000 104
543 32 64 2400 137
544 32 256 1000 130
545 64 64 800 122
546 128 128 2400 141
547 16 128 800 171
548 128 256 2400 160
549 128 256 1000 132
550 128 16 5000 193
551 128 16 5000 124
552 16 16 800 105
553 64 64 500 129
554 16 256 2400 159
555 16 256 500 200
556 64 256 5000 161
557 32 128 800 172
199
6 370 58 112
17 334 60 129
18 536 53 116
20 58 58 135
22 486 64 178
22 144 65 164
24 366 42 110
24 541 56 160
30 73 49 115
30 131 55 179
31 484 58 158
32 373 41 183
32 338 51 182
34 351 59 172
34 57 45 158
36 359 58 116
38 151 51 122
40 251 50 102
40 440 53 160
41 287 64 187
43 275 67 162
43 393 62 128
43 282 41 114
43 383 41 193
47 486 62 136
50 325 53 138
50 355 41 192
50 189 63 164
51 58 43 129
51 540 50 189
60 430 65 157
60 103 70 138
61 312 50 157
61 505 56 185
61 270 70 136
63 125 40 100
64 419 66 138
67 498 56 160
67 227 49 139
67 367 56 178
68 212 61 185
70 381 64 100
71 170 59 190
71 419 41 112
73 224 41 110
78 533 66 132
82 329 45 199
84 424 65 126
86 331 53 138
87 481 50 158
92 369 50 179
94 238 68 195
95 454 62 161
96 395 54 126
99 391 54 165
103 109 64 97
103 449 42 193
105 183 65 145
107 476 52 183
107 546 60 139
107 435 60 98
108 556 42 123
113 244 69 109
114 344 57 125
115 444 49 122
125 243 53 182
126 337 66 132
128 407 69 124
128 436 58 105
128 352 61 97
130 503 45 140
132 301 41 104
133 479 44 114
136 211 67 101
137 398 40 115
139 407 54 196
142 161 63 134
143 253 59 187
148 437 65 130
151 503 46 134
155 457 49 93
157 358 54 96
158 445 62 175
159 309 47 115
162 483 63 174
165 442 44 143
172 414 70 140
173 360 57 196
175 327 53 199
175 334 64 113
176 527 45 90
176 468 70 171
177 411 45 124
177 340 49 190
180 328 45 162
181 417 41 184
182 352 59 150
183 422 64 161
183 404 50 168
185 246 55 101
186 411 57 181
187 232 67 197
187 389 62 96
188 374 43 97
194 478 56 165
203 487 70 128
203 494 67 93
203 347 57 134
204 509 40 156
208 537 68 160
215 306 63 157
220 547 55 91
221 524 41 109
226 365 47 154
226 540 47 178
228 487 42 134
232 289 55 114
233 500 68 129
233 387 44 156
234 310 42 114
236 335 68 105
241 550 50 186
241 464 50 116
241 298 67 178
245 284 42 158
245 468 68 173
250 510 51 132
250 514 70 132
251 415 40 112
253 341 45 139
254 396 67 161
257 302 48 167
257 310 65 138
259 370 40 165
260 537 44 199
265 272 43 175
270 398 66 91
270 427 58 108
271 496 55 173
273 538 53 185
275 384 57 100
275 538 40 170
275 327 40 123
276 481 63 130
278 533 42 129
279 339 55 164
281 450 54 165
284 346 69 130
284 349 42 124
292 454 56 128
295 423 48 162
298 316 48 140
298 334 65 147
303 547 62 200
304 496 42 186
306 331 50 169
311 480 53 136
313 500 56 107
316 327 61 187
317 510 57 154
320 336 69 142
322 545 57 120
324 352 47 133
328 407 54 196
330 380 64 195
339 355 40 137
342 343 41 159
344 360 45 186
347 536 50 99
355 450 49 98
373 557 69 134
373 478 53 94
377 456 41 140
378 468 48 161
381 441 53 197
395 398 66 152
397 526 68 162
397 443 53 135
399 502 69 117
411 553 46 152
413 489 47 182
413 426 62 188
413 553 42 159
422 429 46 98
429 518 60 189
429 434 68 186
432 499 55 176
432 496 48 136
434 497 64 91
438 455 41 191
446 517 42 95
469 497 61 101
496 502 55 119
500 504 54 146
502 550 68 173
503 527 67 193
504 516 40 138
505 519 49 170
507 555 63 187