69
0 16 40 5000 131
1 32 64 2000 130
2 16 40 800 189
3 16 64 2000 190
4 32 40 5000 151
5 16 64 800 134
6 32 96 800 152
7 16 64 800 112
8 32 64 400 112
9 16 40 400 131
10 16 64 5000 167
11 16 40 400 196
12 32 96 5000 194
13 16 96 5000 158
14 32 40 1000 124
15 16 40 5000 158
16 32 96 5000 186
17 16 40 800 168
18 32 40 800 108
19 32 96 2000 90
20 32 96 5000 123
21 32 96 5000 139
22 32 64 5000 150
23 16 96 800 197
24 32 64 5000 111
25 32 40 5000 127
26 32 64 2000 158
27 16 96 1000 167
28 16 96 2000 123
29 32 96 800 199
30 32 40 800 192
31 32 40 5000 131
32 16 40 400 133
33 16 64 400 147
34 16 40 400 166
35 32 96 5000 113
36 32 64 400 137
37 16 64 1000 148
38 32 64 2000 152
39 16 96 800 188
40 32 40 800 188
41 16 96 800 116
42 32 64 400 116
43 16 40 5000 91
44 16 96 1000 129
45 32 40 800 124
46 32 64 1000 122
47 32 64 2000 116
48 16 96 800 166
49 32 40 800 177
50 16 40 1000 157
51 16 40 1000 157
52 16 96 2000 117
53 16 40 400 195
54 32 64 800 126
55 16 64 1000 109
56 32 64 5000 164
57 32 96 800 168
58 32 64 1000 173
59 16 40 400 141
60 32 96 2000 161
61 32 40 800 115
62 16 96 800 189
63 32 64 400 123
64 32 64 800 199
65 16 40 800 170
66 32 96 1000 95
67 16 96 5000 165
68 16 40 400 196
27
0 48 57 196
0 18 70 94
2 36 40 122
5 35 59 199
8 61 48 107
9 33 64 94
10 44 50 170
13 44 51 144
15 59 70 139
16 48 40 199
20 24 41 141
21 62 55 91
28 47 61 116
30 36 50 126
30 32 53 137
32 55 55 127
32 65 56 161
33 68 43 103
37 60 51 121
39 54 65 174
41 43 55 103
42 55 54 176
43 46 50 104
46 69 49 182
49 52 44 90
53 67 70 114
59 69 50 133