547
0 16 96 2000 129
1 16 64 1000 109
2 32 64 800 112
3 32 40 5000 178
4 32 96 1000 135
5 32 40 1000 123
6 32 64 800 172
7 16 96 800 180
8 16 64 800 151
9 16 40 1000 138
10 16 40 800 106
11 16 96 1000 95
12 32 40 1000 125
13 32 40 1000 169
14 16 64 800 100
15 16 40 800 94
16 16 40 400 183
17 32 96 2000 100
18 16 96 800 100
19 32 64 1000 139
20 16 40 5000 144
21 32 64 400 165
22 32 40 1000 138
23 32 96 5000 184
24 16 64 2000 108
25 16 96 1000 153
26 16 64 800 113
27 32 64 2000 96
28 16 40 5000 139
29 32 96 2000 182
30 16 64 2000 140
31 16 40 2000 191
32 16 96 400 113
33 16 40 400 175
34 16 64 800 161
35 16 40 2000 114
36 32 40 2000 192
37 16 64 800 121
38 32 96 400 162
39 32 40 5000 186
40 32 96 5000 130
41 16 96 800 148
42 32 96 400 146
43 32 96 2000 193
44 32 40 2000 189
45 16 96 400 123
46 32 64 5000 103
47 16 96 5000 183
48 32 64 2000 193
49 32 40 400 133
50 16 96 1000 128
51 16 64 800 187
52 16 64 400 93
53 16 96 400 198
54 32 40 400 200
55 16 96 5000 123
56 16 40 2000 147
57 16 40 2000 130
58 16 96 5000 102
59 32 96 2000 167
60 32 96 800 178
61 16 96 2000 193
62 32 40 1000 189
63 32 64 1000 157
64 32 96 800 136
65 16 96 1000 192
66 32 64 1000 139
67 16 64 400 96
68 16 64 800 162
69 16 64 5000 159
70 32 64 5000 107
71 16 96 2000 152
72 32 40 2000 129
73 16 96 800 128
74 16 40 800 180
75 16 40 800 156
76 32 96 400 91
77 16 64 1000 163
78 32 40 400 152
79 16 96 5000 141
80 32 96 5000 121
81 16 96 1000 94
82 32 96 5000 132
83 16 96 800 101
84 16 64 5000 189
85 16 64 2000 131
86 16 64 5000 95
87 16 96 5000 148
88 16 40 400 95
89 32 40 400 134
90 16 96 5000 191
91 32 64 5000 200
92 32 40 800 164
93 16 96 2000 167
94 16 40 1000 125
95 32 40 5000 183
96 32 40 400 162
97 16 64 800 129
98 16 96 5000 187
99 32 40 5000 191
100 16 96 800 180
101 16 40 5000 126
102 16 96 2000 124
103 32 64 400 108
104 32 40 5000 121
105 32 64 2000 110
106 32 96 1000 125
107 16 96 2000 169
108 16 40 800 196
109 32 40 1000 124
110 16 64 400 107
111 32 40 2000 126
112 16 64 1000 121
113 32 96 1000 150
114 16 96 5000 111
115 16 96 5000 108
116 32 40 5000 189
117 32 64 5000 163
118 32 96 1000 163
119 16 96 5000 95
120 32 40 800 131
121 32 64 400 116
122 32 96 1000 161
123 16 40 400 149
124 32 40 5000 122
125 32 96 2000 180
126 32 64 2000 137
127 16 64 5000 100
128 32 40 5000 162
129 32 96 1000 107
130 16 96 800 131
131 32 40 1000 104
132 32 40 1000 163
133 32 96 1000 179
134 16 40 800 111
135 32 64 1000 132
136 32 40 400 160
137 32 96 5000 193
138 32 40 5000 122
139 32 40 1000 102
140 16 96 800 168
141 16 96 1000 194
142 16 64 2000 142
143 32 40 2000 165
144 32 40 2000 97
145 16 64 400 172
146 32 40 1000 151
147 32 40 400 94
148 32 64 400 110
149 32 64 400 153
150 16 64 400 167
151 32 64 400 163
152 16 96 5000 164
153 32 40 400 155
154 16 96 1000 159
155 16 40 1000 92
156 16 40 5000 109
157 16 40 800 115
158 32 40 1000 162
159 32 40 5000 104
160 32 96 1000 199
161 32 64 800 180
162 32 64 800 109
163 16 64 2000 147
164 32 40 5000 132
165 16 64 400 183
166 16 40 800 142
167 32 40 2000 104
168 32 96 400 158
169 16 96 2000 156
170 16 64 400 181
171 16 96 5000 112
172 32 40 5000 193
173 16 40 5000 122
174 16 64 400 151
175 32 96 400 157
176 16 96 2000 138
177 32 64 800 151
178 16 96 2000 118
179 32 64 5000 150
180 32 40 800 90
181 32 40 2000 149
182 16 96 800 196
183 32 64 1000 138
184 16 96 5000 177
185 32 96 5000 97
186 32 40 5000 103
187 32 40 5000 141
188 32 64 800 160
189 16 40 5000 131
190 16 64 400 187
191 32 64 1000 183
192 32 96 5000 176
193 32 64 1000 200
194 16 40 2000 197
195 16 64 800 145
196 16 96 1000 128
197 16 40 800 114
198 16 40 2000 181
199 16 96 2000 134
200 32 96 400 109
201 16 96 400 170
202 16 64 5000 126
203 16 96 2000 91
204 16 64 2000 121
205 16 96 800 195
206 16 96 5000 119
207 16 40 1000 155
208 16 64 1000 142
209 32 96 800 171
210 32 40 1000 137
211 32 64 800 113
212 16 64 5000 108
213 16 64 800 114
214 32 96 2000 118
215 16 40 5000 141
216 32 96 5000 132
217 32 40 800 153
218 16 96 1000 126
219 32 40 5000 101
220 16 96 800 192
221 32 96 1000 119
222 32 40 400 182
223 32 64 2000 135
224 16 96 2000 106
225 16 64 2000 140
226 32 96 1000 125
227 16 40 800 116
228 16 96 1000 125
229 32 64 400 112
230 16 40 5000 101
231 32 40 2000 189
232 16 64 800 132
233 32 64 2000 129
234 16 96 1000 101
235 32 40 5000 98
236 32 40 1000 134
237 16 40 1000 112
238 32 96 400 167
239 16 40 5000 110
240 16 40 400 156
241 32 96 2000 159
242 16 96 2000 184
243 16 40 800 118
244 16 96 2000 150
245 32 40 400 178
246 32 96 400 93
247 32 40 2000 168
248 16 40 2000 182
249 16 40 5000 123
250 16 64 1000 105
251 32 96 800 197
252 16 64 5000 92
253 32 64 800 108
254 32 64 2000 182
255 32 64 5000 157
256 16 96 800 142
257 16 96 1000 189
258 32 64 800 115
259 16 40 400 98
260 16 64 2000 151
261 32 96 800 148
262 16 64 5000 172
263 32 96 800 193
264 32 40 400 121
265 16 96 2000 128
266 32 96 5000 101
267 32 40 400 197
268 16 40 800 149
269 32 64 5000 178
270 16 40 5000 155
271 32 64 400 103
272 16 64 2000 180
273 16 64 5000 131
274 32 64 1000 189
275 32 96 400 136
276 16 96 400 149
277 16 40 5000 161
278 32 64 800 181
279 32 40 1000 131
280 32 96 5000 198
281 16 64 1000 122
282 32 96 800 130
283 32 96 800 170
284 32 96 800 121
285 16 40 2000 108
286 32 64 2000 158
287 16 96 800 92
288 16 64 2000 196
289 32 96 800 175
290 16 40 400 192
291 16 96 5000 117
292 32 96 5000 103
293 32 64 5000 174
294 16 64 2000 137
295 32 64 5000 108
296 32 40 800 156
297 16 64 1000 112
298 32 40 400 98
299 32 40 800 157
300 16 40 400 157
301 32 96 2000 166
302 32 96 2000 177
303 32 96 2000 95
304 32 64 800 176
305 16 40 2000 110
306 16 40 800 119
307 16 96 1000 92
308 16 64 400 167
309 32 96 1000 198
310 16 40 400 122
311 16 64 5000 187
312 16 64 400 162
313 32 40 1000 181
314 32 64 800 143
315 32 40 400 101
316 16 64 2000 172
317 32 64 800 196
318 16 64 1000 137
319 16 96 1000 99
320 32 64 800 184
321 32 64 1000 109
322 16 40 5000 169
323 16 96 800 127
324 32 64 2000 96
325 16 64 5000 197
326 16 64 800 166
327 16 40 1000 150
328 16 96 1000 144
329 32 64 2000 183
330 32 40 5000 96
331 32 96 2000 98
332 32 40 1000 121
333 16 64 1000 154
334 16 40 400 94
335 32 64 1000 187
336 32 64 2000 192
337 16 64 400 158
338 16 96 5000 145
339 32 96 5000 147
340 16 64 800 196
341 16 96 800 132
342 16 40 800 141
343 16 64 2000 188
344 16 64 400 97
345 16 64 5000 131
346 32 96 400 196
347 32 96 400 145
348 16 96 2000 168
349 32 64 800 159
350 16 40 1000 157
351 16 40 2000 197
352 16 96 1000 96
353 32 96 400 199
354 16 40 5000 145
355 16 96 800 191
356 32 64 5000 118
357 32 96 1000 147
358 16 96 400 130
359 32 64 2000 170
360 32 40 400 107
361 16 96 800 197
362 32 64 2000 167
363 32 64 1000 150
364 32 64 5000 112
365 16 96 5000 116
366 16 64 2000 140
367 16 96 2000 168
368 32 64 2000 179
369 32 64 2000 169
370 16 40 2000 191
371 32 40 5000 97
372 16 64 1000 116
373 32 64 5000 94
374 32 96 800 110
375 16 64 1000 107
376 32 64 1000 188
377 16 40 5000 155
378 16 64 800 154
379 32 64 800 195
380 32 64 400 116
381 16 96 1000 123
382 16 40 1000 158
383 32 64 400 118
384 32 96 1000 149
385 16 96 800 161
386 16 96 800 98
387 16 96 800 184
388 32 96 5000 126
389 16 40 400 190
390 32 96 800 156
391 32 40 2000 97
392 32 96 2000 156
393 32 40 2000 173
394 32 96 400 168
395 16 64 5000 187
396 16 40 400 177
397 32 40 800 141
398 16 96 2000 105
399 32 40 400 136
400 16 96 400 179
401 16 96 5000 197
402 32 40 5000 167
403 16 40 1000 132
404 32 40 400 138
405 32 64 1000 167
406 16 64 1000 137
407 32 40 1000 143
408 16 96 1000 109
409 16 40 400 96
410 32 40 400 143
411 32 64 1000 145
412 16 96 400 102
413 16 64 400 154
414 32 96 5000 160
415 32 64 2000 143
416 16 96 2000 137
417 32 40 400 123
418 16 96 5000 200
419 32 96 400 149
420 16 96 1000 163
421 16 64 2000 160
422 16 64 5000 115
423 16 96 400 159
424 16 40 2000 157
425 32 40 1000 119
426 16 96 5000 155
427 32 64 2000 162
428 16 96 5000 96
429 16 64 800 132
430 32 40 5000 198
431 16 96 1000 192
432 16 96 2000 141
433 16 96 5000 110
434 32 40 1000 185
435 32 96 5000 97
436 16 40 5000 200
437 32 64 1000 105
438 32 96 2000 135
439 16 64 1000 150
440 32 40 1000 90
441 16 40 1000 173
442 32 64 5000 103
443 16 64 800 111
444 16 64 800 199
445 16 64 1000 172
446 32 64 5000 152
447 32 64 1000 103
448 16 40 400 147
449 32 96 2000 134
450 16 96 5000 191
451 32 40 5000 179
452 32 40 5000 195
453 32 64 400 112
454 16 96 5000 102
455 32 96 800 130
456 32 40 800 192
457 16 96 2000 190
458 32 96 1000 131
459 16 40 2000 147
460 32 64 2000 114
461 32 64 2000 186
462 32 64 800 137
463 16 64 800 169
464 16 96 1000 105
465 16 96 400 188
466 32 40 5000 180
467 16 64 400 146
468 32 40 800 143
469 16 64 5000 99
470 16 64 800 121
471 32 64 5000 190
472 32 64 2000 103
473 16 96 2000 180
474 16 96 5000 156
475 32 96 5000 167
476 16 96 2000 168
477 32 40 400 195
478 16 40 800 168
479 16 40 400 152
480 16 64 800 191
481 32 64 5000 157
482 32 96 800 155
483 16 96 800 189
484 32 64 2000 109
485 16 40 1000 147
486 32 64 2000 185
487 16 96 800 148
488 32 96 800 177
489 16 96 800 149
490 32 64 1000 186
491 16 96 800 118
492 32 96 400 198
493 16 96 2000 175
494 32 96 2000 181
495 16 40 5000 132
496 32 64 5000 192
497 16 40 1000 160
498 16 64 2000 147
499 32 96 800 167
500 32 40 5000 194
501 16 40 800 163
502 32 40 400 109
503 16 64 5000 102
504 16 96 5000 190
505 32 40 1000 123
506 32 40 400 195
507 16 64 5000 110
508 16 64 400 90
509 16 96 5000 156
510 16 96 800 142
511 16 64 2000 150
512 32 40 5000 102
513 16 64 5000 97
514 16 64 1000 150
515 32 64 1000 194
516 16 96 1000 123
517 32 40 2000 131
518 16 40 1000 198
519 16 40 2000 118
520 32 40 5000 92
521 32 40 1000 156
522 16 40 400 174
523 16 40 2000 151
524 32 96 400 191
525 32 40 800 184
526 16 96 1000 157
527 16 64 2000 130
528 16 96 2000 200
529 32 40 5000 168
530 32 64 400 123
531 32 64 1000 97
532 16 64 5000 191
533 32 40 2000 161
534 32 64 800 148
535 32 64 800 159
536 16 40 2000 112
537 32 40 800 150
538 16 96 800 124
539 32 40 800 137
540 16 96 400 180
541 32 40 2000 154
542 32 40 400 186
543 16 40 2000 142
544 16 40 5000 167
545 16 40 800 101
546 16 64 400 174
164
8 287 60 129
9 177 56 118
11 15 42 124
12 543 69 187
17 335 50 114
18 420 52 141
21 380 46 123
21 535 64 122
23 81 55 154
26 396 48 200
27 527 47 105
28 350 53 180
28 212 59 197
31 477 54 93
34 212 55 170
35 171 66 137
37 497 68 148
37 132 42 108
39 298 43 128
47 235 55 190
49 363 65 99
49 123 68 191
54 270 42 99
55 242 54 135
56 430 44 97
56 446 44 91
57 353 66 158
59 339 66 160
59 147 55 175
59 264 57 125
61 169 58 170
63 283 45 178
64 296 46 186
65 284 51 103
65 364 64 120
67 216 49 160
72 127 69 91
72 128 61 130
75 157 50 123
76 334 50 140
79 479 41 195
81 196 42 190
89 106 66 176
92 392 42 136
95 138 43 119
95 138 53 125
96 453 63 151
97 419 65 111
97 498 65 116
98 287 61 126
100 265 60 113
101 545 65 139
102 392 50 112
103 509 69 157
107 301 41 193
108 419 40 180
108 455 63 155
109 188 54 128
113 461 44 139
114 363 49 129
119 469 47 93
120 532 54 146
122 226 59 183
130 499 43 110
130 501 40 134
130 396 55 110
132 263 63 111
136 431 62 145
137 474 50 116
139 312 58 155
141 465 46 177
142 242 52 186
142 463 50 161
146 480 68 172
146 183 42 136
150 421 49 128
151 216 56 138
153 211 55 157
157 429 49 130
158 460 57 150
169 212 46 123
169 331 67 113
169 463 40 182
170 394 69 135
171 436 65 141
176 208 52 114
178 204 65 132
179 269 70 185
180 372 51 131
182 385 68 104
182 297 55 183
183 370 69 107
183 269 48 119
183 452 61 143
184 229 70 154
185 333 50 160
189 334 54 166
190 200 70 186
190 234 66 96
192 310 53 156
193 324 54 151
195 463 65 179
196 412 42 135
197 514 58 97
201 446 45 170
202 459 41 124
204 529 54 128
212 396 70 99
215 438 66 162
218 406 70 199
219 474 46 100
221 421 40 99
222 297 59 140
224 539 43 116
227 279 41 109
228 340 41 127
234 527 41 91
234 499 47 136
241 276 52 124
243 450 43 142
243 499 58 105
249 324 45 138
250 369 67 104
253 457 47 116
256 514 55 119
260 474 69 174
267 285 70 157
274 336 62 149
275 316 53 123
283 509 65 191
283 423 40 119
284 318 62 192
286 381 50 192
293 305 67 188
299 332 46 195
304 329 40 150
314 391 45 113
314 483 45 125
316 347 53 148
318 463 45 90
332 539 52 169
343 451 66 128
347 451 49 131
355 374 48 165
355 468 42 118
356 382 43 127
358 534 55 120
359 362 45 191
363 492 69 196
377 496 47 169
378 425 51 199
378 456 42 131
381 382 58 196
384 454 40 96
406 502 42 90
428 546 63 124
440 529 61 153
442 493 49 154
455 505 66 168
457 520 70 100
465 534 40 184
469 494 54 102
477 478 44 195
533 546 67 105