600
0 4 128 100 68
1 16 8 200 60
2 64 8 2000 99
3 4 16 100 75
4 64 128 500 41
5 4 16 1000 44
6 32 8 100 84
7 32 16 100 40
8 4 8 1000 52
9 4 128 500 58
10 32 128 200 96
11 4 8 500 73
12 64 8 200 65
13 64 128 500 82
14 16 128 200 48
15 64 128 200 78
16 4 16 500 71
17 16 64 1000 45
18 16 16 2000 99
19 32 16 1000 54
20 16 128 100 65
21 4 8 200 42
22 32 16 1000 83
23 4 16 1000 55
24 64 64 200 38
25 64 128 200 78
26 32 128 200 91
27 4 16 1000 53
28 32 128 100 48
29 32 8 500 71
30 64 64 100 75
31 32 16 1000 58
32 4 64 200 42
33 32 64 2000 79
34 16 8 500 70
35 16 8 100 37
36 16 8 200 38
37 32 16 500 63
38 32 128 500 90
39 16 64 2000 89
40 64 16 200 72
41 16 8 2000 45
42 4 128 500 52
43 32 64 2000 53
44 4 16 200 83
45 64 16 1000 77
46 64 8 100 34
47 16 8 200 76
48 64 64 1000 75
49 32 64 2000 79
50 4 16 500 64
51 32 128 1000 86
52 64 16 100 86
53 16 8 200 84
54 4 128 1000 61
55 16 64 100 76
56 4 8 1000 92
57 32 64 2000 51
58 64 64 1000 63
59 64 64 2000 69
60 32 128 500 87
61 64 8 2000 79
62 64 16 1000 100
63 16 8 2000 99
64 32 16 200 74
65 16 64 2000 78
66 16 64 500 70
67 16 64 1000 96
68 32 8 100 81
69 4 64 2000 70
70 32 8 2000 64
71 4 64 2000 96
72 64 64 500 34
73 32 128 2000 32
74 64 64 100 59
75 64 64 1000 53
76 32 64 1000 36
77 32 8 100 80
78 4 8 2000 69
79 64 8 200 50
80 4 8 1000 98
81 16 128 200 55
82 64 64 2000 49
83 16 16 1000 98
84 4 16 1000 59
85 32 128 100 66
86 16 8 200 30
87 64 64 2000 77
88 4 128 1000 42
89 16 8 200 43
90 32 64 200 65
91 4 16 2000 37
92 32 16 200 63
93 16 16 1000 62
94 64 8 500 55
95 16 128 500 56
96 16 16 500 74
97 64 128 500 66
98 4 8 2000 57
99 64 16 500 99
100 16 16 2000 74
101 32 128 2000 49
102 64 128 100 73
103 32 64 100 56
104 16 8 100 62
105 16 8 500 35
106 16 128 200 76
107 16 64 2000 55
108 16 128 200 63
109 16 8 1000 68
110 32 128 1000 95
111 32 8 2000 55
112 4 128 1000 77
113 4 64 2000 89
114 64 64 1000 86
115 32 128 200 92
116 64 128 200 62
117 4 8 2000 84
118 32 8 1000 61
119 32 128 500 40
120 32 16 2000 37
121 64 64 2000 86
122 4 16 100 43
123 32 128 1000 46
124 4 16 2000 64
125 64 64 100 76
126 32 64 500 48
127 4 8 200 57
128 4 64 2000 82
129 16 128 200 52
130 16 8 2000 100
131 4 16 1000 64
132 64 128 500 93
133 16 128 100 99
134 64 128 100 69
135 16 16 200 45
136 4 16 2000 91
137 32 8 2000 84
138 32 16 200 83
139 32 64 100 93
140 4 8 500 40
141 16 64 1000 85
142 64 8 1000 45
143 32 16 200 97
144 32 128 100 93
145 64 16 500 79
146 16 16 1000 56
147 32 8 100 44
148 32 128 1000 66
149 4 16 100 78
150 32 16 200 47
151 64 8 1000 54
152 4 8 1000 47
153 64 8 2000 87
154 4 128 100 58
155 4 8 2000 41
156 32 16 2000 68
157 64 16 200 42
158 16 16 500 93
159 64 64 200 83
160 4 16 100 54
161 16 16 200 95
162 64 16 1000 56
163 32 64 1000 54
164 32 8 1000 36
165 32 8 1000 80
166 16 128 100 41
167 64 8 1000 46
168 16 16 100 39
169 32 128 200 63
170 16 128 100 58
171 4 16 100 92
172 64 128 500 33
173 32 16 100 32
174 64 64 2000 38
175 32 8 100 73
176 4 16 100 34
177 16 128 2000 55
178 32 16 2000 44
179 16 16 500 45
180 64 8 500 56
181 16 16 100 74
182 16 128 100 84
183 64 64 100 48
184 4 128 200 68
185 16 64 2000 94
186 64 128 500 70
187 4 64 2000 75
188 4 8 1000 99
189 64 8 2000 71
190 64 16 200 80
191 64 128 200 63
192 64 64 100 58
193 16 128 1000 48
194 64 8 200 54
195 32 16 200 51
196 32 64 500 41
197 32 64 2000 56
198 4 64 500 70
199 32 128 2000 50
200 4 8 1000 86
201 64 8 100 51
202 64 8 2000 91
203 4 8 500 54
204 4 16 1000 68
205 4 64 200 39
206 32 64 100 94
207 4 8 200 87
208 64 16 500 46
209 32 8 500 62
210 32 16 500 79
211 32 128 1000 83
212 16 16 200 50
213 32 16 100 99
214 32 8 500 95
215 64 128 1000 63
216 4 128 500 40
217 4 16 200 59
218 64 16 2000 49
219 64 64 2000 96
220 32 8 100 67
221 32 64 1000 65
222 32 64 500 82
223 64 16 2000 39
224 16 128 1000 71
225 64 16 200 57
226 4 8 200 40
227 4 16 100 56
228 16 64 2000 73
229 4 64 200 62
230 64 16 200 68
231 32 16 500 94
232 64 128 200 51
233 16 8 200 96
234 4 16 1000 55
235 4 8 100 53
236 32 8 2000 88
237 16 64 500 95
238 4 64 500 51
239 32 128 1000 73
240 4 8 2000 42
241 4 16 200 85
242 64 16 500 59
243 32 128 200 86
244 16 64 100 91
245 4 64 500 76
246 64 8 100 47
247 16 8 500 69
248 4 128 2000 45
249 32 16 1000 33
250 64 16 100 70
251 64 8 200 33
252 4 128 2000 98
253 4 8 2000 94
254 16 16 1000 54
255 64 64 1000 84
256 16 64 500 91
257 64 64 200 70
258 16 128 2000 88
259 64 128 500 76
260 64 16 100 61
261 64 16 200 64
262 16 128 100 30
263 64 8 2000 46
264 4 8 500 39
265 32 64 1000 100
266 16 64 2000 53
267 64 16 100 65
268 16 8 200 82
269 64 64 1000 78
270 4 64 2000 93
271 64 16 1000 53
272 32 16 500 40
273 4 64 500 34
274 32 8 2000 66
275 64 64 200 58
276 4 128 1000 66
277 4 64 500 86
278 32 16 1000 72
279 64 128 200 58
280 64 16 1000 72
281 64 64 200 95
282 4 64 2000 57
283 64 16 100 70
284 64 64 100 86
285 64 128 1000 57
286 64 8 100 30
287 16 16 1000 37
288 4 8 100 61
289 16 128 2000 54
290 16 128 500 53
291 16 8 100 31
292 4 128 200 72
293 16 16 100 62
294 16 16 500 30
295 32 64 200 86
296 64 16 2000 40
297 64 16 200 49
298 16 8 200 44
299 32 128 2000 94
300 64 8 1000 36
301 16 16 2000 65
302 16 16 1000 92
303 4 8 500 84
304 4 128 200 52
305 4 16 1000 46
306 64 64 2000 89
307 32 64 500 67
308 64 128 100 38
309 64 128 1000 72
310 16 128 2000 40
311 32 16 2000 68
312 4 8 100 63
313 64 8 1000 45
314 32 128 100 47
315 16 64 200 89
316 4 128 200 47
317 16 16 500 37
318 32 64 100 79
319 4 8 2000 56
320 32 16 1000 46
321 16 8 500 35
322 16 64 100 100
323 4 64 500 53
324 32 128 2000 69
325 16 128 100 95
326 16 16 500 66
327 4 64 100 50
328 64 16 1000 60
329 64 64 200 56
330 4 8 1000 52
331 4 128 100 47
332 32 8 100 41
333 4 8 100 41
334 16 128 200 78
335 4 16 500 50
336 4 8 500 53
337 32 64 500 35
338 16 128 100 85
339 32 8 100 71
340 4 128 1000 76
341 16 8 2000 33
342 4 64 1000 35
343 4 8 500 63
344 16 64 1000 55
345 64 16 500 35
346 16 8 2000 94
347 32 64 2000 39
348 4 16 200 91
349 32 16 500 70
350 4 8 200 60
351 16 64 1000 87
352 64 16 200 33
353 4 8 1000 31
354 64 8 200 34
355 32 8 1000 80
356 32 16 2000 81
357 64 16 1000 79
358 64 128 500 84
359 16 64 2000 71
360 32 16 2000 50
361 16 8 1000 89
362 4 16 100 60
363 16 128 1000 99
364 16 128 500 78
365 16 8 500 53
366 64 128 1000 92
367 4 16 200 57
368 4 64 500 49
369 32 16 1000 97
370 32 128 1000 31
371 4 64 100 55
372 64 16 100 89
373 16 8 200 67
374 16 16 1000 64
375 4 8 100 71
376 32 16 200 88
377 16 8 2000 89
378 16 8 500 88
379 16 128 200 43
380 4 16 1000 31
381 32 128 200 60
382 4 64 2000 99
383 32 64 200 31
384 32 64 1000 70
385 16 16 2000 43
386 32 64 1000 54
387 4 64 1000 62
388 32 64 1000 45
389 64 64 1000 71
390 32 64 1000 44
391 4 128 500 58
392 64 64 1000 58
393 4 64 1000 80
394 16 8 2000 77
395 16 16 100 62
396 16 16 2000 75
397 4 8 2000 94
398 64 128 100 97
399 16 128 500 74
400 16 128 500 57
401 4 128 200 76
402 4 64 1000 31
403 16 64 2000 76
404 4 128 500 51
405 64 16 200 64
406 16 64 500 83
407 64 64 100 53
408 64 64 1000 44
409 16 64 500 86
410 16 8 100 40
411 4 128 2000 39
412 64 16 500 38
413 32 8 200 35
414 4 8 2000 45
415 16 64 1000 38
416 64 128 1000 66
417 32 16 1000 99
418 16 8 100 47
419 16 16 100 79
420 64 8 2000 83
421 16 8 1000 34
422 32 16 200 61
423 4 16 100 52
424 64 16 200 39
425 64 16 1000 54
426 16 128 1000 43
427 16 64 500 62
428 4 128 500 71
429 64 64 200 45
430 16 128 2000 34
431 16 16 100 47
432 4 8 200 94
433 32 8 1000 33
434 16 128 1000 50
435 64 8 200 30
436 32 16 200 61
437 16 128 200 46
438 16 16 1000 55
439 32 16 2000 67
440 4 128 200 55
441 32 128 500 46
442 16 16 200 52
443 4 16 2000 72
444 16 8 2000 85
445 32 64 100 30
446 32 64 2000 49
447 16 16 2000 62
448 16 64 1000 40
449 64 16 200 71
450 32 64 100 64
451 32 64 200 61
452 32 128 2000 62
453 64 128 1000 33
454 4 128 2000 61
455 4 16 2000 36
456 4 16 500 63
457 64 128 500 54
458 64 128 500 98
459 4 16 1000 81
460 32 128 100 93
461 16 8 100 63
462 4 128 500 48
463 32 64 1000 79
464 64 64 2000 91
465 16 64 200 50
466 16 128 200 68
467 32 16 1000 66
468 32 64 2000 80
469 32 16 500 79
470 16 128 500 96
471 4 64 500 98
472 4 64 500 55
473 16 64 200 59
474 4 128 1000 93
475 16 64 2000 75
476 4 64 100 71
477 16 64 2000 50
478 64 16 1000 48
479 64 64 500 51
480 64 128 500 84
481 4 8 500 40
482 64 16 500 80
483 64 8 100 66
484 4 128 1000 46
485 64 8 200 33
486 64 8 2000 61
487 64 16 2000 44
488 64 64 2000 49
489 4 16 100 48
490 4 128 200 46
491 32 128 100 58
492 32 16 1000 58
493 64 128 2000 36
494 32 64 100 54
495 4 8 200 49
496 64 64 100 37
497 16 8 200 47
498 4 16 200 78
499 16 16 1000 64
500 64 128 1000 31
501 16 128 200 96
502 32 8 200 72
503 32 16 500 45
504 16 16 200 53
505 16 128 500 61
506 64 8 1000 33
507 64 16 200 80
508 64 64 1000 96
509 64 16 2000 93
510 16 16 1000 35
511 16 16 500 46
512 4 128 1000 92
513 32 16 500 56
514 32 16 2000 85
515 32 64 2000 82
516 64 8 200 80
517 32 64 500 38
518 16 128 500 65
519 64 8 1000 74
520 16 64 1000 48
521 64 64 200 31
522 32 128 1000 99
523 64 8 1000 99
524 64 16 200 61
525 4 64 100 36
526 16 64 200 66
527 4 16 1000 38
528 32 128 100 54
529 16 128 1000 68
530 4 128 1000 62
531 32 8 2000 32
532 4 64 500 73
533 64 128 500 95
534 16 128 500 47
535 16 128 100 68
536 32 128 2000 63
537 4 64 200 56
538 32 128 1000 59
539 64 8 200 100
540 4 128 100 42
541 64 8 1000 35
542 16 16 1000 41
543 32 16 500 84
544 16 64 200 93
545 4 16 500 62
546 32 16 2000 57
547 32 8 100 60
548 64 16 1000 40
549 32 64 100 78
550 32 128 500 78
551 4 8 500 85
552 4 8 2000 80
553 64 16 100 58
554 16 64 500 100
555 16 64 2000 68
556 4 8 200 91
557 4 128 100 57
558 16 128 100 59
559 32 128 2000 60
560 16 64 200 81
561 4 128 1000 69
562 16 16 2000 83
563 4 128 2000 86
564 64 64 200 70
565 32 16 200 81
566 4 16 200 79
567 32 8 500 31
568 16 8 500 65
569 4 8 1000 73
570 16 16 1000 32
571 4 64 100 86
572 32 64 500 70
573 4 8 200 81
574 32 64 1000 91
575 32 128 100 100
576 16 8 2000 38
577 4 8 500 60
578 64 8 500 30
579 64 8 100 53
580 64 128 2000 97
581 64 8 1000 95
582 32 128 200 78
583 32 128 100 60
584 4 128 100 44
585 4 8 1000 54
586 16 16 1000 48
587 32 64 2000 62
588 64 128 500 81
589 64 8 500 96
590 16 16 100 76
591 4 16 2000 77
592 16 128 100 33
593 32 128 500 37
594 32 64 1000 79
595 16 8 1000 82
596 4 8 1000 37
597 4 16 100 91
598 64 16 1000 64
599 32 64 200 82
131
0 161 42 67
1 206 17 33
1 158 47 62
3 77 14 78
5 514 50 100
8 276 10 74
8 115 50 77
12 101 41 54
14 187 41 92
17 556 19 89
21 143 33 36
22 469 13 62
22 391 32 63
25 244 30 41
26 540 49 53
29 247 28 62
31 396 18 45
31 430 12 47
33 557 11 65
33 189 31 35
37 273 23 72
38 289 34 58
39 422 45 60
41 55 44 98
42 71 13 77
47 522 13 95
49 73 24 97
51 289 47 98
53 330 19 81
53 600 35 72
66 596 44 48
67 80 30 56
67 382 42 62
68 424 46 61
70 271 21 73
70 395 50 79
78 122 36 78
78 152 17 66
79 518 50 85
82 244 20 93
83 272 23 35
89 420 29 81
91 385 34 100
91 372 39 48
95 107 15 64
95 269 25 58
100 433 31 44
108 353 39 88
115 207 45 35
117 350 22 35
122 511 49 31
123 474 49 58
126 471 19 38
130 273 31 33
131 247 38 47
133 600 50 74
138 330 48 30
138 274 16 79
143 304 32 56
146 386 35 80
146 264 38 32
147 557 44 43
147 330 10 52
149 354 16 46
151 254 17 68
152 216 40 64
152 343 22 51
159 345 26 60
160 389 10 82
170 172 33 58
175 319 17 87
176 585 49 46
178 388 32 39
183 472 45 79
184 444 14 91
200 542 23 72
201 424 44 90
212 224 14 97
221 399 27 84
221 492 26 30
226 363 35 55
238 286 32 61
242 531 21 31
244 293 11 46
246 388 27 54
250 268 10 82
250 307 27 93
251 342 36 69
254 414 16 36
271 362 44 49
274 288 33 57
280 419 47 76
287 340 21 97
290 371 42 92
294 316 30 59
297 432 47 37
300 349 16 38
302 530 28 90
303 376 26 51
315 461 39 79
316 585 37 47
322 517 19 30
329 504 29 36
341 465 37 33
347 364 38 80
347 545 50 75
352 373 15 35
360 598 46 95
360 372 27 69
367 509 16 56
369 500 46 68
378 479 13 85
389 476 39 99
389 526 43 69
389 405 27 76
389 528 18 41
391 484 48 34
392 444 45 92
404 466 46 97
405 572 45 46
410 435 16 85
427 446 35 70
435 505 33 38
439 544 29 65
459 507 20 83
459 469 30 60
489 529 23 30
510 590 29 92
516 536 46 45
521 587 46 92
524 575 43 74