649
0 32 320 800 177
1 32 32 800 145
2 32 32 1000 157
3 32 32 1000 156
4 32 32 400 145
5 8 32 2000 92
6 8 320 800 196
7 8 32 5000 152
8 8 320 400 177
9 8 320 800 99
10 32 128 800 182
11 32 32 5000 118
12 8 128 2000 185
13 8 32 400 195
14 32 32 400 117
15 8 128 2000 185
16 8 128 400 151
17 8 320 1000 137
18 32 32 5000 140
19 8 32 5000 133
20 8 320 1000 133
21 32 32 800 183
22 8 320 1000 128
23 32 128 1000 150
24 32 320 5000 187
25 8 32 1000 170
26 32 32 5000 200
27 8 320 400 98
28 8 320 400 198
29 32 32 800 149
30 8 320 2000 169
31 32 128 400 103
32 32 128 1000 198
33 32 128 400 194
34 32 128 800 166
35 8 320 400 141
36 8 320 800 192
37 8 32 1000 124
38 32 32 400 163
39 32 128 800 200
40 8 32 5000 168
41 32 320 1000 134
42 32 320 5000 198
43 8 128 2000 188
44 8 32 400 110
45 32 32 800 162
46 8 32 800 102
47 32 128 5000 150
48 32 128 800 122
49 8 128 400 197
50 32 128 1000 137
51 8 128 2000 111
52 8 32 400 130
53 32 32 2000 156
54 32 320 1000 105
55 8 320 5000 166
56 8 32 2000 181
57 8 320 5000 153
58 32 320 800 169
59 8 320 2000 176
60 8 128 1000 118
61 32 320 5000 177
62 32 32 5000 118
63 8 320 800 174
64 8 128 800 154
65 8 32 800 123
66 8 320 400 179
67 8 128 1000 172
68 32 320 800 152
69 32 128 800 198
70 32 128 800 176
71 8 32 400 139
72 8 128 400 190
73 32 128 2000 182
74 8 128 400 192
75 8 320 2000 99
76 32 32 800 120
77 32 128 1000 126
78 32 320 1000 104
79 8 128 2000 121
80 32 320 400 137
81 32 320 2000 116
82 8 320 400 158
83 32 128 800 129
84 32 32 1000 178
85 8 320 800 175
86 8 128 2000 94
87 8 320 800 174
88 8 128 400 103
89 8 32 800 122
90 32 128 2000 140
91 8 320 1000 119
92 8 128 400 136
93 32 32 5000 196
94 8 32 2000 118
95 32 128 1000 160
96 8 32 5000 193
97 8 320 800 162
98 32 128 1000 140
99 32 128 400 167
100 8 320 400 98
101 8 320 800 142
102 8 320 400 91
103 32 128 2000 134
104 32 320 400 131
105 8 128 1000 164
106 8 320 400 179
107 32 320 800 193
108 32 32 5000 144
109 32 320 800 178
110 8 128 800 185
111 8 32 1000 138
112 8 32 800 145
113 8 128 800 171
114 32 320 400 135
115 32 128 400 141
116 32 320 400 149
117 32 32 400 174
118 32 32 1000 127
119 8 128 800 191
120 32 128 2000 114
121 8 128 400 117
122 32 32 400 107
123 8 128 400 198
124 32 32 1000 192
125 8 320 800 121
126 8 320 1000 101
127 32 128 1000 182
128 32 32 400 117
129 8 32 400 138
130 8 320 2000 134
131 32 128 400 165
132 32 320 400 195
133 32 128 800 114
134 8 128 5000 169
135 32 32 800 109
136 8 128 2000 123
137 32 32 2000 156
138 8 128 400 93
139 32 320 800 124
140 8 32 2000 100
141 32 128 2000 115
142 32 320 1000 153
143 32 128 800 187
144 8 128 1000 111
145 32 32 800 110
146 8 128 5000 175
147 32 128 5000 92
148 32 320 400 92
149 8 128 1000 134
150 32 320 400 169
151 32 320 5000 95
152 8 32 800 110
153 8 32 400 96
154 32 32 800 107
155 8 128 5000 91
156 8 128 2000 181
157 32 128 5000 137
158 8 32 800 192
159 8 32 400 178
160 8 128 400 113
161 32 32 1000 199
162 8 32 400 111
163 8 32 5000 139
164 8 320 2000 189
165 32 32 1000 95
166 8 32 800 188
167 32 320 2000 104
168 32 128 400 140
169 32 320 5000 130
170 32 128 5000 98
171 8 128 1000 166
172 8 320 2000 129
173 32 128 2000 132
174 8 320 1000 128
175 8 32 400 109
176 8 32 800 189
177 32 32 1000 154
178 8 320 800 191
179 8 32 5000 95
180 32 32 5000 188
181 32 320 5000 194
182 32 320 400 153
183 32 32 5000 197
184 8 128 800 190
185 8 32 400 192
186 32 32 2000 128
187 32 32 5000 174
188 8 32 2000 179
189 8 32 2000 188
190 32 128 5000 132
191 32 32 5000 97
192 8 320 800 193
193 8 320 1000 199
194 32 320 400 112
195 8 128 2000 99
196 32 32 400 145
197 32 320 2000 109
198 32 32 2000 185
199 8 320 400 200
200 32 32 1000 158
201 8 32 400 104
202 32 320 2000 187
203 32 128 5000 178
204 8 320 400 132
205 8 320 800 155
206 8 32 800 164
207 8 128 2000 163
208 8 128 2000 186
209 32 128 2000 120
210 8 32 5000 176
211 8 32 400 177
212 32 320 2000 119
213 32 32 800 148
214 8 320 1000 197
215 32 320 5000 171
216 32 320 400 187
217 32 32 800 141
218 8 32 400 150
219 32 128 5000 165
220 8 32 2000 181
221 32 32 1000 156
222 32 320 2000 179
223 32 32 400 132
224 32 128 400 125
225 32 320 2000 198
226 32 320 2000 163
227 8 320 5000 145
228 32 320 400 175
229 8 128 800 168
230 32 128 1000 159
231 8 128 5000 192
232 8 32 400 176
233 32 128 800 199
234 8 128 2000 139
235 32 320 800 169
236 32 320 1000 188
237 32 320 400 193
238 32 32 5000 184
239 8 32 400 162
240 32 320 5000 139
241 8 320 400 175
242 32 320 1000 144
243 32 32 400 96
244 8 128 800 135
245 8 128 2000 200
246 8 32 2000 111
247 8 32 1000 154
248 8 32 2000 162
249 32 128 5000 172
250 32 320 5000 196
251 8 32 5000 164
252 8 320 1000 200
253 8 320 2000 141
254 8 320 5000 188
255 32 320 5000 109
256 8 32 800 136
257 8 320 5000 95
258 32 32 400 153
259 8 32 5000 129
260 8 320 1000 177
261 32 32 1000 92
262 32 128 1000 114
263 8 128 1000 91
264 32 32 800 122
265 8 32 800 137
266 8 32 800 187
267 32 320 800 193
268 32 320 2000 157
269 8 32 2000 180
270 8 320 5000 90
271 8 320 5000 90
272 8 128 400 107
273 8 32 400 102
274 32 32 2000 163
275 32 32 2000 191
276 8 320 5000 191
277 8 32 800 142
278 32 128 1000 137
279 32 32 1000 156
280 32 320 5000 176
281 32 32 5000 133
282 8 320 2000 189
283 8 128 400 135
284 32 320 800 148
285 32 32 2000 139
286 32 320 5000 142
287 8 320 2000 175
288 32 320 800 112
289 8 32 2000 136
290 32 320 400 145
291 8 128 1000 133
292 32 32 400 94
293 32 32 800 109
294 8 320 800 115
295 32 32 5000 92
296 8 32 2000 107
297 32 128 800 108
298 8 32 800 187
299 32 32 800 178
300 8 32 2000 128
301 32 128 400 100
302 32 320 1000 199
303 8 320 800 154
304 8 128 800 103
305 32 320 800 120
306 8 32 1000 163
307 32 128 800 135
308 32 32 1000 200
309 32 32 400 154
310 32 320 1000 160
311 32 32 2000 165
312 32 128 2000 92
313 8 32 1000 138
314 32 320 800 99
315 32 32 2000 173
316 8 320 2000 189
317 8 128 1000 167
318 8 128 400 156
319 8 128 400 129
320 8 128 400 93
321 8 320 400 114
322 8 128 400 92
323 32 128 1000 128
324 8 320 1000 97
325 8 320 2000 154
326 32 320 400 96
327 8 32 800 187
328 8 320 5000 183
329 8 128 2000 125
330 32 128 800 134
331 8 320 1000 106
332 32 32 1000 177
333 32 320 5000 196
334 32 32 1000 132
335 8 320 1000 111
336 32 128 400 98
337 8 32 5000 142
338 8 128 5000 183
339 8 32 800 156
340 8 32 5000 115
341 8 32 5000 166
342 8 32 400 166
343 8 32 1000 139
344 8 32 5000 186
345 8 32 2000 110
346 32 32 5000 95
347 8 128 2000 157
348 8 32 800 185
349 8 32 800 165
350 8 32 1000 162
351 32 320 1000 135
352 32 320 400 150
353 8 320 800 108
354 32 128 5000 179
355 32 128 5000 160
356 32 128 2000 146
357 8 32 800 150
358 8 32 400 162
359 8 128 1000 165
360 32 320 1000 135
361 32 128 400 104
362 32 320 400 124
363 32 128 400 119
364 8 320 1000 140
365 32 32 400 124
366 32 320 5000 124
367 32 320 5000 100
368 8 32 2000 124
369 8 32 5000 198
370 8 128 1000 101
371 8 320 400 185
372 8 32 1000 151
373 8 32 2000 166
374 8 128 800 186
375 32 32 400 161
376 32 128 800 195
377 8 128 400 184
378 32 320 800 189
379 8 320 1000 111
380 8 32 5000 167
381 8 320 2000 126
382 32 128 800 142
383 32 32 800 126
384 8 320 1000 97
385 8 128 5000 167
386 8 32 2000 101
387 32 32 5000 107
388 32 320 400 183
389 8 32 1000 166
390 8 320 2000 111
391 32 320 400 104
392 32 128 5000 160
393 8 128 400 106
394 32 320 800 183
395 32 32 1000 188
396 8 128 1000 172
397 32 320 5000 192
398 32 32 1000 99
399 8 320 5000 144
400 8 128 1000 161
401 32 128 1000 147
402 32 32 400 97
403 8 128 1000 155
404 8 32 2000 102
405 32 320 800 101
406 8 32 400 125
407 32 32 800 148
408 32 32 5000 135
409 8 128 5000 104
410 8 128 1000 133
411 8 32 400 106
412 32 320 2000 186
413 32 320 2000 131
414 8 128 400 116
415 32 32 400 124
416 32 128 1000 136
417 32 128 400 128
418 32 320 400 119
419 32 32 800 104
420 8 320 400 176
421 8 128 1000 187
422 8 32 5000 126
423 32 128 5000 181
424 8 32 5000 175
425 32 32 400 124
426 8 32 800 150
427 32 32 5000 187
428 32 128 5000 123
429 32 128 800 200
430 8 32 400 125
431 8 320 5000 144
432 32 32 800 174
433 8 32 400 191
434 8 320 5000 102
435 8 128 400 193
436 32 128 5000 159
437 32 320 1000 133
438 32 32 5000 191
439 8 320 800 92
440 32 320 400 149
441 8 32 1000 194
442 8 32 5000 97
443 8 128 1000 90
444 8 32 5000 177
445 8 320 400 108
446 8 32 400 183
447 32 128 800 96
448 8 32 400 144
449 32 320 5000 176
450 32 320 5000 92
451 8 320 2000 102
452 32 32 1000 91
453 8 32 2000 199
454 8 32 400 193
455 32 128 2000 183
456 8 128 400 183
457 32 32 5000 200
458 8 128 5000 105
459 8 128 5000 131
460 32 32 1000 116
461 8 32 2000 118
462 8 128 400 164
463 8 32 5000 162
464 8 128 800 127
465 8 32 5000 186
466 32 320 400 157
467 8 32 1000 112
468 32 128 2000 91
469 8 32 2000 183
470 8 128 2000 159
471 32 32 1000 191
472 32 32 400 179
473 8 32 800 134
474 32 128 1000 137
475 8 32 5000 195
476 32 32 5000 164
477 32 32 1000 138
478 32 320 1000 172
479 8 320 2000 162
480 32 320 800 188
481 8 32 400 168
482 32 128 400 196
483 32 320 2000 171
484 8 128 1000 143
485 32 32 1000 192
486 32 32 5000 90
487 32 32 5000 153
488 8 128 5000 151
489 32 32 2000 97
490 8 32 400 93
491 32 128 2000 92
492 32 128 400 198
493 32 128 1000 168
494 8 32 5000 91
495 32 320 800 90
496 8 320 800 96
497 8 320 800 149
498 32 128 400 142
499 8 32 1000 136
500 32 128 5000 127
501 8 320 800 155
502 32 128 5000 121
503 32 320 800 178
504 32 128 5000 125
505 32 128 5000 165
506 8 320 2000 164
507 8 128 400 160
508 32 128 2000 172
509 8 32 5000 125
510 32 320 800 140
511 32 320 1000 104
512 32 32 1000 189
513 32 320 400 108
514 32 32 2000 112
515 32 320 5000 172
516 8 128 2000 188
517 8 32 2000 178
518 8 320 400 134
519 8 128 1000 91
520 32 128 400 96
521 32 320 2000 141
522 8 32 5000 198
523 8 320 2000 122
524 32 128 1000 157
525 8 32 2000 105
526 8 320 800 177
527 32 128 800 149
528 8 320 2000 157
529 32 32 2000 120
530 32 32 1000 143
531 32 128 5000 131
532 8 128 5000 121
533 8 32 2000 189
534 8 320 2000 109
535 8 128 400 112
536 32 128 5000 100
537 8 128 5000 131
538 8 32 800 96
539 8 128 1000 167
540 32 32 2000 90
541 8 320 800 162
542 8 320 800 170
543 32 128 5000 125
544 8 128 5000 101
545 32 320 400 130
546 8 32 800 112
547 32 320 1000 168
548 8 128 5000 125
549 8 128 2000 124
550 8 32 400 162
551 8 32 400 196
552 8 32 400 164
553 32 128 400 148
554 8 32 2000 100
555 8 128 800 114
556 8 128 800 107
557 32 128 800 169
558 8 128 1000 126
559 32 128 1000 130
560 8 128 1000 172
561 32 320 1000 135
562 32 128 5000 118
563 8 320 2000 125
564 32 320 2000 188
565 32 128 800 119
566 8 128 1000 98
567 32 320 5000 177
568 8 128 1000 141
569 32 32 400 179
570 32 128 800 187
571 32 320 800 92
572 32 128 5000 141
573 8 32 5000 142
574 32 128 400 103
575 32 128 1000 193
576 32 320 400 165
577 8 128 2000 134
578 32 128 2000 138
579 8 32 5000 148
580 32 320 1000 115
581 32 128 400 124
582 8 32 400 111
583 8 32 1000 151
584 8 320 2000 161
585 32 128 400 119
586 8 32 5000 149
587 8 32 400 121
588 8 320 1000 103
589 8 32 2000 112
590 32 32 400 95
591 8 128 800 182
592 8 128 5000 94
593 8 320 1000 138
594 32 320 400 141
595 8 32 1000 177
596 32 32 400 185
597 32 32 2000 154
598 32 128 800 198
599 32 128 5000 175
600 32 32 400 127
601 8 320 800 134
602 32 320 400 146
603 32 32 5000 147
604 32 320 800 152
605 8 128 400 111
606 8 32 5000 107
607 32 320 800 179
608 8 128 400 138
609 32 128 5000 178
610 8 128 2000 107
611 8 320 5000 138
612 32 128 1000 128
613 8 32 800 184
614 8 32 5000 187
615 32 32 1000 161
616 8 32 800 101
617 32 128 2000 151
618 8 32 5000 134
619 8 128 1000 147
620 32 32 1000 198
621 32 320 800 90
622 8 320 5000 185
623 32 128 5000 177
624 8 320 1000 130
625 32 32 800 188
626 8 32 2000 196
627 32 32 2000 116
628 32 128 5000 165
629 8 320 1000 132
630 8 320 1000 194
631 32 320 1000 190
632 32 32 2000 137
633 32 320 1000 125
634 32 32 400 165
635 8 32 5000 171
636 8 320 5000 149
637 8 32 2000 150
638 32 128 1000 190
639 8 320 800 190
640 32 128 400 173
641 32 128 1000 159
642 8 320 2000 95
643 8 320 2000 110
644 8 32 2000 104
645 8 320 400 132
646 32 128 5000 184
647 32 32 1000 161
648 32 320 1000 109
189
4 469 64 98
5 347 45 113
6 297 46 177
7 461 40 147
11 570 53 198
12 404 42 110
13 389 40 185
14 136 46 166
14 180 40 137
15 55 42 158
15 46 47 180
20 438 53 119
30 264 68 115
35 637 51 166
35 406 41 102
36 629 61 116
38 559 43 170
40 375 44 121
40 418 58 128
41 310 48 191
42 147 69 159
44 236 53 148
55 89 59 170
55 558 48 161
57 464 60 171
59 219 47 98
59 371 50 178
60 100 68 142
64 580 57 189
68 177 47 183
69 203 56 114
69 557 41 200
73 644 50 92
74 526 52 144
83 238 65 96
84 178 42 100
84 204 59 166
86 119 52 183
89 438 50 191
91 566 47 148
95 404 43 98
95 98 44 106
96 486 40 109
97 486 68 200
99 227 63 129
101 579 64 163
101 175 41 178
103 128 47 142
105 422 56 105
107 413 50 115
108 478 45 120
110 248 66 188
111 594 49 144
113 251 64 99
115 490 61 123
119 242 51 188
121 220 68 127
125 277 67 134
131 221 50 191
131 187 65 184
132 503 45 168
133 612 50 111
135 372 58 92
139 520 44 153
144 338 63 111
151 562 58 157
154 262 41 188
155 490 47 147
157 266 49 196
159 468 52 128
160 580 45 155
160 242 51 169
161 636 54 132
161 448 58 147
163 641 41 100
165 611 62 105
167 240 70 125
170 354 49 156
170 265 58 174
171 315 64 113
171 580 48 111
173 431 62 125
174 514 46 92
175 232 61 100
178 635 55 140
179 209 69 197
179 376 57 182
187 495 69 182
188 299 50 194
189 203 54 167
189 296 69 100
190 518 55 121
191 248 68 183
193 477 59 123
193 401 60 124
199 630 60 90
199 346 57 171
200 411 67 107
200 280 59 93
206 541 54 100
209 556 67 117
210 516 40 125
212 245 49 132
213 639 66 138
214 597 64 174
214 228 54 157
215 609 49 180
215 534 46 196
216 609 67 164
217 399 64 196
218 574 44 179
219 613 67 137
221 386 62 138
230 493 41 107
231 457 51 144
237 534 57 111
237 422 64 127
242 470 56 91
249 373 56 156
252 346 52 101
255 543 67 198
258 367 63 164
263 575 67 124
267 630 40 148
270 331 68 143
271 554 54 110
273 298 68 109
278 533 70 164
280 408 65 106
282 285 69 185
286 409 49 105
287 325 42 130
288 374 52 117
289 648 64 158
291 468 66 98
292 512 64 166
296 552 55 199
296 621 59 159
300 494 55 148
302 321 41 165
303 425 49 171
305 486 56 104
305 392 45 200
310 403 43 167
311 559 65 158
312 627 63 136
314 479 60 176
318 552 43 170
318 485 44 132
320 506 41 189
322 369 60 192
335 391 44 167
351 636 48 137
351 634 50 122
366 459 54 172
368 455 56 175
375 419 49 159
379 555 65 91
380 435 68 99
384 618 42 127
389 541 67 128
397 580 51 130
401 530 65 124
403 491 40 189
405 532 68 91
409 509 68 102
414 443 42 102
421 594 48 187
425 613 58 167
428 550 48 200
431 525 53 112
442 627 60 134
444 612 65 162
459 564 51 174
461 607 64 166
465 616 49 124
468 499 45 188
488 635 60 99
491 602 47 119
494 565 50 115
497 600 63 137
517 559 55 190
518 607 55 95
527 639 66 96
532 578 67 131
570 603 61 140
584 587 68 150
586 613 40 118
597 625 50 119