192
0 32 8 2000 94
1 16 64 200 31
2 32 64 200 98
3 32 16 200 46
4 4 128 100 87
5 4 16 500 59
6 4 128 200 76
7 4 128 100 71
8 64 16 100 90
9 16 128 500 62
10 32 128 100 55
11 64 64 200 83
12 16 16 1000 33
13 64 8 2000 40
14 16 16 200 31
15 4 128 200 89
16 32 8 100 86
17 4 128 100 83
18 64 64 2000 98
19 4 64 2000 40
20 16 128 100 84
21 16 64 2000 68
22 64 8 500 57
23 32 16 100 98
24 16 8 1000 79
25 32 128 1000 83
26 4 8 2000 38
27 16 16 2000 92
28 4 128 2000 37
29 16 128 2000 47
30 32 16 100 83
31 32 16 2000 83
32 4 8 2000 50
33 4 64 500 44
34 64 8 1000 48
35 4 64 500 32
36 64 64 200 37
37 16 8 100 95
38 32 16 100 31
39 4 8 1000 33
40 64 128 100 86
41 32 64 2000 75
42 32 128 1000 39
43 16 128 500 79
44 16 64 500 82
45 32 128 1000 40
46 32 16 100 62
47 64 128 100 94
48 16 8 100 94
49 32 8 100 97
50 4 128 1000 34
51 16 128 500 91
52 16 128 200 46
53 16 8 500 92
54 32 128 200 86
55 16 16 100 97
56 16 64 500 91
57 4 64 2000 36
58 64 64 200 46
59 64 128 100 59
60 4 64 2000 52
61 16 16 500 88
62 32 8 2000 67
63 64 64 2000 30
64 4 128 2000 34
65 4 128 500 52
66 16 8 100 78
67 64 16 2000 38
68 16 128 500 98
69 16 16 1000 64
70 4 128 2000 83
71 64 16 1000 59
72 32 128 2000 80
73 32 128 2000 57
74 4 8 100 81
75 32 8 100 30
76 32 16 200 98
77 32 128 100 54
78 32 128 500 66
79 32 128 100 45
80 4 16 100 44
81 32 64 1000 42
82 32 64 2000 54
83 4 16 100 90
84 64 128 1000 90
85 4 64 200 94
86 4 8 500 55
87 64 16 1000 31
88 64 64 200 52
89 64 16 1000 91
90 64 128 100 32
91 32 16 100 48
92 32 16 100 84
93 16 128 1000 72
94 16 16 100 49
95 64 16 100 76
96 64 128 1000 42
97 32 64 100 43
98 32 128 2000 88
99 16 8 2000 62
100 64 8 500 69
101 32 64 1000 83
102 4 8 1000 87
103 4 16 100 46
104 64 8 500 95
105 4 64 500 96
106 16 64 1000 90
107 32 8 200 78
108 16 128 200 84
109 32 64 1000 30
110 64 8 100 99
111 16 64 1000 57
112 4 8 200 77
113 4 128 500 39
114 16 128 100 65
115 16 16 2000 84
116 16 64 1000 56
117 4 128 200 32
118 64 128 200 93
119 64 8 2000 73
120 32 16 200 60
121 64 8 1000 73
122 32 16 500 41
123 4 128 2000 49
124 64 16 1000 42
125 64 128 200 36
126 32 128 200 52
127 64 8 1000 90
128 16 128 100 94
129 16 16 100 49
130 16 16 500 97
131 32 128 200 50
132 64 16 1000 44
133 16 16 200 73
134 64 8 100 78
135 32 128 2000 38
136 32 8 200 36
137 32 8 200 60
138 64 128 500 76
139 32 8 200 87
140 4 64 500 75
141 4 64 200 57
142 32 8 1000 73
143 32 128 2000 75
144 16 8 1000 70
145 4 16 200 90
146 16 64 200 39
147 16 16 500 46
148 4 64 2000 77
149 32 128 2000 81
150 16 16 1000 37
151 64 8 100 76
152 64 128 100 74
153 64 128 200 46
154 16 8 500 51
155 32 64 200 77
156 4 8 500 64
157 4 128 100 70
158 64 16 1000 77
159 4 128 500 61
160 64 128 100 66
161 32 128 2000 33
162 4 64 1000 36
163 32 128 2000 87
164 32 64 1000 83
165 32 64 200 87
166 32 64 100 76
167 32 128 1000 40
168 4 64 2000 72
169 4 16 200 43
170 4 16 500 49
171 32 16 500 68
172 16 16 100 43
173 32 8 100 57
174 64 128 2000 36
175 16 64 200 84
176 16 128 100 39
177 4 8 500 69
178 4 128 2000 71
179 4 64 1000 37
180 16 8 200 73
181 64 16 200 91
182 32 128 200 50
183 4 16 1000 93
184 64 128 200 36
185 64 64 100 57
186 32 16 100 47
187 64 8 1000 67
188 32 8 200 44
189 32 64 200 46
190 16 128 100 47
191 64 64 500 64
89
1 80 17 56
2 94 45 72
2 35 32 85
4 153 30 77
8 62 37 38
8 119 49 89
9 20 42 80
9 26 34 93
14 75 29 50
14 42 44 59
15 119 35 39
18 165 10 45
19 59 36 66
22 145 19 40
22 128 23 77
24 155 18 49
24 85 27 84
25 96 47 91
26 186 12 95
27 115 31 88
27 150 48 60
27 111 27 90
27 119 33 93
30 167 39 51
32 36 35 74
32 74 16 98
33 173 24 30
34 139 44 30
37 118 50 75
39 176 31 36
41 46 23 40
42 85 34 72
42 54 47 87
45 96 45 91
48 95 42 87
49 113 29 78
51 60 47 80
51 124 41 91
57 118 39 41
58 79 44 41
58 154 46 44
63 118 31 30
64 129 13 57
64 165 42 94
65 108 33 81
65 123 36 95
67 96 31 33
67 157 23 100
71 154 34 61
75 141 16 83
76 98 40 96
77 93 38 82
77 95 31 40
80 185 47 53
83 151 16 42
85 168 40 84
87 150 29 91
90 188 31 37
93 146 18 49
93 143 30 83
94 162 14 37
96 172 19 69
97 165 42 70
98 118 38 56
98 149 38 37
99 116 37 69
102 142 28 90
106 171 46 57
107 151 29 67
108 117 10 67
111 112 50 45
111 192 46 85
111 114 43 81
113 174 21 80
115 191 23 76
115 171 12 39
116 126 45 61
118 133 18 40
121 139 33 69
124 165 37 35
126 149 50 94
127 190 46 66
131 136 20 58
137 190 46 36
141 175 29 59
153 188 15 65
154 168 28 75
162 172 35 80
166 182 42 85