300
0 2 64 200 92
1 16 128 1000 138
2 2 128 1000 148
3 16 16 500 102
4 2 16 300 124
5 2 128 1000 140
6 8 128 200 90
7 8 128 100 136
8 8 64 300 145
9 16 64 300 111
10 2 128 100 129
11 8 128 200 97
12 8 128 100 128
13 16 64 1000 110
14 2 64 1000 112
15 2 16 300 117
16 16 128 500 145
17 8 128 100 106
18 2 64 300 130
19 8 16 200 109
20 8 128 500 99
21 16 64 200 140
22 8 64 500 111
23 8 128 100 147
24 8 16 1000 107
25 2 64 100 91
26 16 128 100 106
27 8 64 100 126
28 8 16 1000 137
29 16 128 500 145
30 8 16 500 138
31 2 64 300 117
32 2 128 1000 94
33 2 16 300 123
34 16 16 500 108
35 8 16 500 95
36 8 128 500 117
37 16 16 1000 137
38 16 16 1000 149
39 2 16 100 133
40 16 64 100 90
41 8 64 100 148
42 8 128 300 92
43 8 64 200 111
44 16 16 100 93
45 16 128 200 118
46 2 16 500 118
47 8 64 300 117
48 16 16 500 150
49 16 128 100 134
50 2 128 100 140
51 2 128 200 145
52 2 16 300 136
53 16 64 1000 114
54 8 64 300 120
55 8 128 1000 117
56 2 128 100 138
57 16 64 500 117
58 16 16 200 91
59 8 64 100 145
60 8 16 1000 131
61 8 64 1000 127
62 16 16 300 145
63 16 16 1000 136
64 8 16 1000 136
65 2 16 200 119
66 8 16 300 100
67 2 16 200 141
68 8 16 500 137
69 2 128 200 111
70 16 16 200 94
71 8 16 1000 96
72 16 16 1000 90
73 16 16 300 144
74 2 128 100 148
75 16 128 300 141
76 2 64 200 135
77 2 16 1000 106
78 2 64 300 121
79 8 16 1000 133
80 2 128 200 142
81 8 64 100 90
82 8 64 300 143
83 8 64 300 118
84 2 64 500 115
85 16 16 1000 150
86 16 16 1000 146
87 16 128 300 135
88 16 64 300 147
89 8 64 200 138
90 16 64 100 99
91 2 64 200 131
92 2 64 1000 114
93 16 16 200 132
94 2 64 200 124
95 8 64 100 123
96 8 128 300 148
97 8 16 100 106
98 16 64 500 145
99 2 64 500 145
100 8 128 500 131
101 2 128 300 95
102 2 16 300 103
103 8 16 200 118
104 2 16 100 134
105 16 16 100 104
106 8 128 100 90
107 16 128 500 135
108 8 128 1000 130
109 16 16 300 107
110 2 64 500 124
111 8 16 1000 126
112 2 64 1000 130
113 16 64 500 145
114 16 64 100 122
115 16 16 300 141
116 16 16 1000 91
117 8 16 500 99
118 16 128 1000 140
119 16 64 300 112
120 8 128 300 99
121 16 64 1000 149
122 16 64 500 91
123 16 64 1000 120
124 16 64 300 93
125 8 128 200 125
126 16 64 300 99
127 8 64 300 96
128 8 128 500 138
129 8 128 100 123
130 2 16 100 100
131 16 64 200 108
132 2 128 1000 111
133 16 64 200 120
134 16 64 300 132
135 8 16 500 124
136 2 16 1000 140
137 2 64 200 96
138 16 64 300 148
139 8 16 300 91
140 8 16 300 141
141 16 128 200 99
142 8 16 100 147
143 8 64 300 121
144 2 16 300 142
145 16 16 300 103
146 16 64 300 132
147 8 64 1000 137
148 8 16 300 105
149 8 128 300 149
150 16 64 100 106
151 2 64 300 124
152 8 64 200 134
153 8 64 200 138
154 16 64 100 90
155 16 128 100 104
156 16 128 200 146
157 16 128 500 135
158 8 128 300 131
159 16 64 1000 150
160 16 128 100 125
161 16 64 200 126
162 2 64 100 138
163 8 16 500 106
164 16 64 200 109
165 2 64 100 145
166 16 64 200 141
167 2 16 1000 101
168 8 128 100 148
169 2 128 200 146
170 2 64 300 128
171 2 16 500 114
172 8 128 500 107
173 2 64 1000 121
174 8 128 200 126
175 2 64 200 148
176 2 16 300 101
177 16 64 300 120
178 16 128 1000 141
179 16 16 300 117
180 2 16 200 103
181 16 64 300 108
182 2 64 300 90
183 8 64 1000 112
184 2 16 500 124
185 16 128 300 141
186 16 16 500 102
187 16 16 100 124
188 16 64 500 108
189 16 128 300 132
190 16 64 500 113
191 2 64 1000 146
192 2 128 300 101
193 2 64 300 104
194 8 128 300 113
195 2 16 300 91
196 8 16 300 144
197 16 128 1000 138
198 8 64 500 97
199 8 16 200 129
200 16 128 200 98
201 16 64 100 144
202 8 64 100 102
203 16 16 500 130
204 8 16 500 138
205 2 128 200 146
206 8 128 300 135
207 8 64 1000 118
208 2 128 1000 133
209 2 16 100 150
210 2 16 300 92
211 16 16 100 103
212 2 16 500 107
213 16 16 500 100
214 8 128 500 104
215 2 16 100 104
216 8 16 300 113
217 8 64 500 116
218 2 16 500 129
219 8 16 500 145
220 8 64 1000 141
221 2 64 500 91
222 16 64 300 147
223 16 64 100 120
224 2 64 200 128
225 8 16 200 134
226 2 128 100 104
227 16 128 1000 103
228 8 16 100 94
229 2 64 500 129
230 8 64 1000 140
231 16 64 200 103
232 2 16 200 126
233 16 64 300 127
234 16 128 200 139
235 8 128 100 129
236 2 16 100 94
237 16 64 1000 131
238 8 16 500 109
239 2 128 100 136
240 8 128 1000 112
241 2 64 200 150
242 8 16 100 149
243 16 64 500 103
244 2 64 1000 101
245 8 64 1000 124
246 8 64 1000 123
247 2 128 100 132
248 16 64 500 133
249 8 64 500 150
250 8 16 200 96
251 16 16 200 146
252 8 16 100 107
253 2 16 500 97
254 16 64 500 129
255 8 128 200 118
256 8 16 1000 131
257 2 128 200 91
258 16 64 200 110
259 8 64 1000 108
260 2 128 300 136
261 2 128 100 108
262 2 64 1000 145
263 8 64 100 92
264 8 128 200 106
265 8 64 100 99
266 16 128 100 112
267 2 128 300 147
268 16 16 100 111
269 8 64 300 105
270 8 16 200 93
271 2 128 300 144
272 16 16 100 105
273 16 16 1000 125
274 2 128 100 111
275 8 128 1000 146
276 16 128 500 95
277 16 16 500 111
278 8 16 500 146
279 8 128 500 90
280 16 16 500 109
281 16 64 200 145
282 8 16 500 115
283 8 128 100 119
284 2 128 300 96
285 16 64 100 131
286 8 16 500 113
287 8 16 100 149
288 16 64 500 123
289 16 16 100 121
290 2 64 300 112
291 8 128 300 95
292 8 16 300 108
293 8 64 100 150
294 8 128 1000 149
295 2 128 300 91
296 2 64 200 128
297 2 16 100 98
298 16 128 500 116
299 16 128 1000 136
138
1 86 44 174
1 8 43 192
4 127 62 200
5 149 56 170
5 121 54 140
6 240 61 168
6 277 41 155
6 71 45 160
7 116 60 164
8 282 58 126
10 64 47 110
10 205 42 116
13 129 51 121
15 77 68 168
16 296 50 90
19 74 46 109
19 270 44 122
19 20 46 180
19 300 42 176
19 44 57 189
20 284 44 178
20 189 70 149
21 171 53 95
24 231 44 110
27 76 68 109
27 239 45 140
28 77 70 126
28 100 64 131
30 44 56 155
31 186 59 129
34 243 41 177
34 93 43 193
35 41 55 139
36 275 70 120
36 264 53 163
36 102 41 194
39 283 41 144
40 117 47 126
42 294 47 93
42 266 48 187
43 177 65 192
45 118 46 157
47 135 52 136
47 70 41 152
48 257 63 104
49 188 48 174
52 278 58 117
54 167 56 149
55 273 46 127
57 132 41 98
59 182 52 138
61 113 45 174
63 133 42 150
63 228 53 94
63 118 46 120
65 186 46 103
66 222 51 158
70 156 45 162
73 218 59 95
75 251 61 188
79 288 52 93
79 162 49 114
80 243 41 99
80 125 55 92
81 262 65 99
83 136 58 135
83 265 68 198
84 146 40 156
86 215 57 92
87 148 53 91
87 214 55 193
88 104 40 157
89 287 70 179
93 163 70 175
93 108 42 110
95 131 53 137
96 271 58 183
99 275 58 200
99 168 67 163
102 145 53 97
105 174 55 129
105 195 48 181
107 173 53 118
112 262 70 182
114 133 41 113
115 279 58 119
115 200 68 147
122 147 44 112
124 236 55 126
124 225 40 155
126 256 63 193
128 248 69 140
129 267 63 192
130 153 68 106
131 221 69 173
132 208 42 121
132 267 56 199
137 300 42 191
138 149 50 154
142 143 43 150
143 289 57 190
149 289 60 185
151 248 48 187
152 202 48 196
153 158 66 141
158 274 43 149
161 172 56 154
162 170 42 126
163 190 62 193
164 207 41 199
164 295 52 100
170 217 49 155
172 279 54 147
185 193 51 112
188 196 45 139
189 218 63 181
190 211 58 175
191 271 58 197
193 205 56 123
194 214 53 167
196 290 57 121
200 234 48 186
200 221 64 143
202 234 50 176
207 248 40 148
213 258 59 111
216 237 66 133
217 275 40 92
219 235 66 114
220 265 62 123
220 278 48 113
226 299 50 174
234 286 55 110
239 261 59 120
241 285 52 181
241 258 67 112
250 251 52 120
262 292 55 135