668
0 32 16 200 43
1 4 16 1000 42
2 16 8 2000 57
3 16 64 200 54
4 64 8 100 89
5 4 8 1000 90
6 16 128 2000 47
7 32 64 2000 74
8 64 16 2000 58
9 16 16 2000 49
10 32 8 200 66
11 32 16 2000 72
12 16 64 200 34
13 64 16 500 85
14 32 8 200 90
15 16 128 2000 85
16 32 8 200 59
17 64 8 100 85
18 4 64 100 53
19 16 8 500 71
20 32 8 500 42
21 4 128 200 32
22 16 64 100 52
23 16 64 1000 43
24 32 64 2000 59
25 32 8 1000 37
26 16 128 200 45
27 64 8 500 31
28 4 8 500 85
29 64 64 2000 66
30 16 8 200 85
31 32 8 2000 30
32 64 64 500 80
33 16 8 100 94
34 4 16 500 44
35 4 8 500 100
36 4 16 500 81
37 16 16 1000 64
38 16 16 500 44
39 16 64 1000 53
40 32 16 100 58
41 4 128 2000 44
42 64 8 2000 33
43 16 16 200 92
44 16 16 100 69
45 4 8 100 41
46 16 64 1000 83
47 16 16 1000 31
48 4 64 200 48
49 32 64 500 77
50 32 8 1000 99
51 16 8 100 59
52 32 128 2000 32
53 16 8 2000 85
54 16 64 100 79
55 64 16 100 43
56 4 16 1000 53
57 4 64 2000 58
58 16 128 200 79
59 32 64 500 78
60 64 64 1000 67
61 32 16 100 93
62 16 64 1000 56
63 4 128 500 45
64 16 128 500 41
65 16 128 200 60
66 32 64 100 74
67 32 16 1000 30
68 32 8 200 76
69 32 16 2000 90
70 4 64 500 31
71 16 64 200 95
72 16 8 100 59
73 4 8 1000 87
74 16 8 200 69
75 64 8 1000 57
76 32 16 2000 44
77 32 16 500 55
78 32 64 500 93
79 32 64 1000 63
80 4 8 100 75
81 64 128 1000 50
82 16 128 2000 66
83 4 8 1000 85
84 4 8 1000 85
85 16 64 100 31
86 64 64 500 78
87 4 64 100 96
88 4 8 200 85
89 64 16 200 58
90 32 64 2000 57
91 4 128 100 86
92 32 16 100 88
93 64 128 100 73
94 64 16 200 55
95 32 128 1000 84
96 16 64 500 85
97 16 16 1000 50
98 32 128 500 72
99 64 128 100 30
100 64 16 500 78
101 4 16 1000 71
102 32 16 100 86
103 64 8 2000 51
104 16 8 100 33
105 4 16 200 91
106 32 128 100 80
107 32 128 500 38
108 64 16 1000 35
109 32 8 1000 70
110 64 8 1000 44
111 32 16 2000 67
112 4 128 2000 57
113 32 16 200 90
114 32 8 2000 94
115 4 128 100 95
116 32 128 1000 67
117 32 128 100 58
118 4 16 500 87
119 64 128 2000 78
120 64 8 200 79
121 16 16 1000 96
122 32 8 1000 94
123 4 16 2000 58
124 4 8 500 75
125 32 128 500 33
126 32 16 2000 76
127 64 16 1000 46
128 64 8 100 57
129 4 64 1000 36
130 4 128 500 46
131 64 64 2000 67
132 64 8 2000 75
133 16 8 100 77
134 32 64 500 88
135 16 64 2000 63
136 16 128 1000 92
137 4 128 200 90
138 32 128 100 93
139 32 8 200 40
140 4 8 500 70
141 4 16 1000 77
142 4 8 500 65
143 32 128 500 61
144 4 16 200 55
145 32 128 2000 56
146 16 64 200 43
147 32 16 500 97
148 4 128 200 92
149 16 8 1000 53
150 64 16 2000 88
151 4 128 200 40
152 32 16 1000 59
153 16 8 500 65
154 32 16 500 55
155 64 16 2000 85
156 32 16 200 31
157 4 128 100 56
158 64 128 200 52
159 32 16 1000 88
160 32 64 100 82
161 32 8 1000 79
162 32 16 500 42
163 4 128 500 79
164 32 128 200 83
165 4 16 200 96
166 4 8 2000 34
167 64 8 200 30
168 32 128 2000 87
169 4 128 500 36
170 4 128 100 42
171 32 16 500 31
172 4 16 2000 46
173 4 128 200 78
174 16 16 2000 61
175 64 8 1000 68
176 64 128 1000 66
177 32 128 500 41
178 16 8 100 33
179 4 64 200 72
180 16 128 100 67
181 32 16 500 87
182 32 8 500 86
183 32 128 2000 35
184 64 128 2000 49
185 16 128 500 73
186 4 64 500 99
187 4 8 1000 46
188 16 64 2000 84
189 4 16 100 79
190 4 64 200 56
191 64 8 200 35
192 64 16 500 36
193 32 8 2000 72
194 32 8 100 99
195 32 16 2000 100
196 4 64 1000 61
197 16 16 2000 35
198 32 16 1000 75
199 64 128 100 84
200 4 128 200 46
201 32 64 200 55
202 16 8 200 78
203 64 64 1000 60
204 32 8 1000 83
205 64 16 100 34
206 4 16 500 81
207 64 128 2000 41
208 32 128 1000 51
209 64 16 500 54
210 4 128 1000 62
211 64 16 200 71
212 16 64 500 50
213 64 16 2000 43
214 16 64 500 67
215 32 16 100 43
216 64 16 2000 90
217 32 64 500 62
218 64 128 500 94
219 32 8 100 32
220 32 16 200 64
221 16 128 500 77
222 32 8 200 48
223 16 64 1000 62
224 64 8 500 86
225 64 128 500 81
226 32 8 500 32
227 32 64 1000 62
228 64 128 2000 92
229 16 64 1000 61
230 64 64 1000 72
231 4 16 100 96
232 16 128 100 56
233 4 16 100 57
234 4 128 2000 39
235 32 8 500 35
236 32 8 200 45
237 64 16 200 35
238 4 64 2000 53
239 64 8 200 36
240 32 64 200 43
241 16 16 200 61
242 16 128 2000 84
243 64 64 500 30
244 32 8 2000 66
245 32 16 1000 100
246 64 16 1000 89
247 16 8 100 81
248 4 128 1000 65
249 4 16 100 67
250 16 64 500 77
251 16 16 200 45
252 32 8 500 82
253 32 16 1000 100
254 16 16 500 70
255 64 8 2000 54
256 32 128 200 65
257 64 128 2000 43
258 16 64 1000 63
259 16 8 1000 99
260 32 128 100 53
261 32 16 500 44
262 32 8 100 65
263 16 64 1000 72
264 32 64 100 81
265 16 8 2000 58
266 32 128 200 98
267 64 8 2000 89
268 4 8 100 63
269 32 64 2000 95
270 4 8 500 59
271 32 8 200 55
272 16 64 500 98
273 16 8 2000 59
274 64 128 100 97
275 64 64 100 85
276 4 8 1000 38
277 64 128 200 33
278 16 8 1000 69
279 4 128 100 98
280 4 16 200 32
281 64 64 200 58
282 32 128 100 57
283 16 16 100 53
284 4 8 1000 39
285 4 16 2000 97
286 16 64 2000 48
287 64 128 1000 83
288 4 128 200 33
289 4 128 1000 32
290 64 16 100 64
291 16 8 1000 67
292 4 16 100 60
293 16 128 1000 52
294 64 8 2000 64
295 64 16 200 86
296 4 16 100 35
297 16 128 100 100
298 64 16 2000 72
299 16 16 500 100
300 4 64 2000 76
301 4 8 500 33
302 32 8 2000 78
303 64 64 500 33
304 64 16 200 46
305 32 64 100 69
306 64 8 200 89
307 32 8 100 39
308 4 64 200 59
309 16 64 100 35
310 16 128 100 43
311 32 64 200 91
312 16 8 500 95
313 4 16 1000 41
314 4 16 2000 70
315 32 128 200 44
316 32 128 500 58
317 4 128 100 87
318 32 128 2000 89
319 16 8 200 53
320 16 8 2000 96
321 16 16 100 70
322 64 16 1000 43
323 32 128 500 48
324 32 8 1000 80
325 16 16 500 37
326 64 64 2000 88
327 32 128 100 58
328 64 64 500 60
329 64 64 500 75
330 32 64 100 71
331 16 128 100 73
332 4 8 2000 47
333 64 128 100 31
334 64 8 2000 91
335 32 64 1000 46
336 16 16 2000 64
337 64 8 500 33
338 4 16 100 46
339 16 16 1000 80
340 16 8 500 45
341 16 16 200 44
342 4 8 2000 74
343 16 8 200 92
344 4 128 2000 79
345 16 16 1000 60
346 16 8 200 94
347 32 16 100 69
348 16 64 200 58
349 32 128 500 66
350 32 8 2000 31
351 4 128 2000 57
352 4 8 2000 65
353 32 64 500 95
354 16 128 1000 34
355 32 8 200 98
356 16 64 1000 72
357 32 128 100 81
358 16 128 200 36
359 4 64 200 55
360 4 128 200 100
361 4 128 500 63
362 4 128 1000 69
363 32 128 500 44
364 64 64 1000 56
365 32 16 500 78
366 4 128 100 62
367 32 128 2000 97
368 32 16 2000 84
369 32 8 200 33
370 16 64 2000 39
371 64 128 2000 71
372 4 8 2000 52
373 16 8 500 90
374 4 8 100 37
375 64 8 1000 93
376 16 16 200 54
377 32 128 1000 92
378 16 128 1000 75
379 4 64 2000 96
380 16 8 2000 87
381 64 64 100 87
382 4 16 2000 45
383 64 8 200 39
384 32 128 500 89
385 32 8 200 40
386 16 128 100 59
387 32 8 2000 51
388 64 16 1000 95
389 16 16 100 69
390 32 16 500 38
391 16 8 500 62
392 4 64 1000 84
393 16 8 1000 94
394 4 16 500 41
395 4 64 500 82
396 4 16 100 95
397 16 64 500 71
398 4 128 500 75
399 4 128 500 99
400 32 128 500 93
401 4 64 100 98
402 32 128 500 66
403 16 128 1000 63
404 4 64 2000 49
405 64 16 100 87
406 64 64 100 36
407 4 16 500 56
408 64 16 100 48
409 32 16 200 92
410 64 8 100 86
411 16 64 500 30
412 16 8 200 53
413 16 16 2000 50
414 16 128 200 84
415 64 128 200 61
416 32 16 100 62
417 4 16 2000 69
418 4 8 500 60
419 32 128 2000 99
420 64 8 2000 86
421 32 16 500 82
422 16 8 200 32
423 64 16 100 96
424 16 16 100 72
425 64 16 100 42
426 32 64 2000 48
427 32 128 100 50
428 32 64 1000 90
429 4 16 500 31
430 16 16 2000 67
431 32 64 2000 77
432 64 64 1000 69
433 16 8 1000 34
434 16 8 1000 87
435 64 64 1000 60
436 64 8 200 33
437 32 16 1000 33
438 64 16 1000 71
439 16 128 100 94
440 16 8 100 57
441 4 8 1000 66
442 16 64 2000 46
443 4 8 2000 89
444 32 8 500 58
445 32 8 2000 56
446 4 16 100 78
447 4 16 100 41
448 64 16 100 56
449 64 8 500 75
450 32 16 100 84
451 64 8 200 97
452 32 64 500 70
453 32 128 100 98
454 4 64 2000 77
455 64 128 1000 30
456 4 64 100 56
457 64 64 2000 79
458 64 8 500 52
459 4 16 200 44
460 64 64 1000 74
461 64 8 100 81
462 32 64 500 53
463 16 16 2000 90
464 16 8 500 70
465 32 64 2000 98
466 64 16 2000 56
467 16 128 1000 53
468 4 64 100 54
469 64 128 1000 53
470 32 16 500 90
471 64 128 200 49
472 16 64 100 95
473 4 128 500 45
474 32 64 100 73
475 64 16 1000 50
476 32 64 200 42
477 32 8 200 38
478 64 8 1000 70
479 4 64 2000 48
480 4 8 200 38
481 16 8 100 53
482 64 64 2000 54
483 64 128 200 40
484 16 16 100 38
485 16 128 200 91
486 64 8 100 93
487 16 64 1000 69
488 32 128 2000 82
489 16 64 1000 56
490 16 64 200 73
491 64 16 200 51
492 16 64 500 31
493 32 64 200 56
494 16 64 100 67
495 16 64 100 67
496 4 128 1000 64
497 16 16 500 90
498 4 64 1000 30
499 64 16 100 36
500 4 8 200 35
501 64 16 100 69
502 4 16 200 74
503 64 16 2000 52
504 32 8 100 88
505 32 16 1000 67
506 4 64 500 32
507 4 8 100 31
508 32 16 2000 78
509 64 16 1000 49
510 64 8 2000 73
511 4 64 2000 82
512 32 128 1000 83
513 64 16 200 37
514 32 8 200 62
515 32 128 2000 52
516 64 8 500 69
517 16 128 500 34
518 64 64 1000 57
519 16 128 200 47
520 32 128 500 77
521 64 64 1000 98
522 64 16 1000 61
523 64 8 2000 66
524 64 128 100 54
525 64 8 100 84
526 4 16 1000 79
527 32 128 1000 92
528 64 64 500 72
529 64 16 200 49
530 64 64 2000 99
531 16 16 2000 59
532 4 16 100 65
533 16 8 500 44
534 32 128 500 53
535 16 64 200 89
536 16 8 200 99
537 4 16 1000 34
538 4 16 200 83
539 16 64 500 86
540 16 16 200 86
541 32 8 200 52
542 32 128 1000 96
543 4 16 500 100
544 16 128 500 81
545 16 64 100 73
546 64 64 100 36
547 16 8 1000 87
548 16 8 2000 65
549 32 8 1000 75
550 64 8 100 43
551 32 64 2000 89
552 16 8 1000 92
553 16 64 100 84
554 4 64 200 57
555 4 128 100 46
556 32 128 100 81
557 16 16 1000 60
558 32 128 1000 87
559 4 16 200 71
560 4 8 200 49
561 32 128 2000 48
562 4 64 1000 99
563 32 8 200 69
564 32 64 100 77
565 64 8 2000 40
566 16 16 2000 82
567 16 64 2000 80
568 16 64 2000 64
569 16 64 200 79
570 16 128 2000 53
571 64 8 100 83
572 4 128 200 43
573 4 8 200 78
574 32 16 2000 49
575 4 8 100 100
576 64 8 200 64
577 64 16 100 39
578 32 128 200 76
579 32 16 500 36
580 16 16 500 72
581 32 8 200 80
582 4 8 2000 85
583 64 128 100 56
584 64 8 1000 50
585 32 8 2000 46
586 4 64 1000 45
587 64 64 100 53
588 64 128 200 74
589 32 64 500 33
590 16 128 500 55
591 16 128 200 70
592 64 16 500 78
593 64 128 100 95
594 16 16 200 64
595 64 64 2000 75
596 16 128 1000 86
597 4 8 1000 40
598 64 64 100 56
599 16 8 200 61
600 4 128 500 51
601 4 128 2000 52
602 4 8 100 86
603 32 8 1000 52
604 4 8 2000 58
605 16 16 200 60
606 4 128 100 40
607 16 64 2000 76
608 4 64 1000 62
609 16 16 200 81
610 4 8 2000 56
611 4 8 1000 69
612 32 64 100 66
613 4 128 200 75
614 16 16 500 75
615 4 128 500 92
616 16 64 1000 63
617 4 128 200 32
618 64 128 100 60
619 32 128 1000 46
620 4 16 2000 94
621 4 128 100 57
622 4 16 100 70
623 32 64 2000 57
624 16 64 2000 74
625 64 16 100 34
626 32 8 2000 58
627 4 64 1000 49
628 4 8 500 99
629 16 128 2000 99
630 16 8 100 69
631 4 64 200 57
632 16 16 500 31
633 16 8 200 58
634 32 128 500 50
635 32 128 100 30
636 64 128 2000 70
637 16 8 100 59
638 32 128 500 38
639 64 16 100 42
640 4 8 1000 68
641 4 16 1000 88
642 32 64 2000 95
643 16 16 2000 94
644 32 128 500 40
645 32 128 100 48
646 32 64 200 81
647 64 128 100 94
648 16 64 500 37
649 64 8 200 71
650 64 128 100 89
651 4 128 100 91
652 64 64 500 84
653 64 16 1000 42
654 4 64 100 68
655 64 64 200 84
656 16 64 2000 81
657 32 64 500 36
658 4 64 200 86
659 16 16 2000 42
660 4 128 2000 44
661 4 16 100 38
662 16 128 100 50
663 16 16 100 78
664 64 128 2000 83
665 64 16 500 39
666 64 16 500 75
667 64 8 100 45
160
5 539 36 93
7 262 29 37
8 423 13 78
8 588 15 53
9 601 43 87
11 123 50 80
12 583 32 78
12 435 25 43
17 452 42 59
18 516 29 50
20 345 41 67
25 534 12 51
26 497 15 36
26 42 24 47
32 177 35 94
33 434 31 100
36 37 34 68
37 350 17 42
37 139 13 69
38 182 46 100
41 481 44 31
41 453 17 31
42 441 19 31
43 562 44 99
44 111 28 31
44 373 40 82
44 142 27 75
45 547 22 39
47 83 41 78
48 581 42 51
54 279 21 74
56 457 21 94
57 107 18 98
61 277 41 59
62 162 12 35
64 577 16 88
72 370 35 55
74 95 11 56
77 168 30 65
80 244 36 41
84 113 50 53
88 211 48 71
90 558 23 81
90 375 15 82
94 397 32 81
96 274 19 35
97 191 49 58
106 626 24 87
107 603 15 96
109 292 45 37
113 489 47 88
114 513 17 38
116 169 13 70
123 640 23 46
123 133 16 99
126 483 50 80
127 510 47 66
128 639 44 80
131 590 35 47
134 478 30 70
146 526 26 97
152 661 39 70
154 446 31 75
155 250 31 98
158 402 22 94
159 341 36 80
160 648 21 77
163 388 41 80
166 175 22 82
167 367 35 100
168 373 23 54
171 439 37 53
185 426 42 100
187 247 18 57
196 603 17 64
202 513 26 35
202 223 46 46
206 616 33 78
207 345 50 72
209 451 47 67
209 393 28 71
211 454 47 31
213 641 46 97
216 322 21 75
216 632 32 49
218 227 31 66
220 657 17 64
226 665 17 66
226 245 14 54
227 353 42 69
229 535 49 78
234 508 36 71
236 331 29 94
238 353 41 85
241 511 13 67
243 662 16 40
244 283 29 39
248 583 26 58
256 352 22 80
256 504 28 80
263 570 35 55
267 285 35 95
292 619 45 56
292 452 10 67
292 488 47 63
303 523 38 48
303 569 35 59
307 343 42 65
324 643 20 31
327 663 42 36
337 655 26 41
342 537 22 47
348 605 38 80
348 657 12 80
350 543 10 99
356 372 17 66
363 484 33 76
366 576 38 80
368 659 48 76
370 622 29 46
371 550 46 46
379 497 10 74
380 583 22 97
382 419 49 39
390 556 41 92
392 568 47 67
395 400 22 96
399 410 48 39
401 487 50 69
408 551 37 54
412 532 23 81
412 606 42 36
413 515 42 77
416 570 18 46
421 581 23 56
435 491 19 97
436 471 21 89
437 644 38 83
443 504 20 82
444 451 30 36
448 488 43 32
450 540 20 93
455 490 29 40
456 457 22 91
475 512 48 65
484 578 12 96
491 633 34 85
498 560 21 79
499 657 34 63
503 660 46 59
508 595 41 98
515 588 43 58
518 667 37 46
525 572 28 50
529 640 23 82
530 660 12 35
533 546 34 76
564 611 47 38
573 632 24 52
644 651 33 93