345
0 2 128 200 135
1 16 16 1000 109
2 2 128 100 109
3 2 128 300 101
4 16 16 100 108
5 8 128 100 137
6 8 16 1000 108
7 16 128 300 95
8 2 64 200 110
9 16 16 500 147
10 8 64 1000 106
11 2 128 500 133
12 8 16 100 116
13 2 64 500 96
14 2 64 500 95
15 2 16 300 109
16 8 16 100 115
17 16 16 100 101
18 8 16 1000 133
19 16 16 500 134
20 8 64 1000 149
21 2 64 500 136
22 8 16 200 111
23 16 128 500 99
24 2 64 300 119
25 2 128 200 137
26 2 16 1000 117
27 8 128 500 127
28 16 128 300 104
29 8 16 200 118
30 2 128 200 92
31 2 64 100 105
32 16 16 300 146
33 8 16 1000 126
34 2 64 300 108
35 16 128 100 110
36 16 16 500 109
37 8 64 500 91
38 8 128 200 149
39 2 64 500 128
40 8 16 300 141
41 8 64 200 147
42 16 64 1000 90
43 8 16 1000 145
44 16 64 500 90
45 8 16 1000 136
46 8 128 1000 133
47 8 128 1000 133
48 2 16 500 129
49 2 64 100 132
50 8 128 300 144
51 8 16 200 103
52 8 128 100 139
53 2 64 100 110
54 2 128 500 120
55 2 16 500 148
56 8 16 500 107
57 16 16 200 138
58 2 128 300 132
59 16 16 100 144
60 16 64 100 118
61 8 64 500 123
62 16 128 500 146
63 8 16 1000 141
64 16 128 1000 92
65 16 128 500 104
66 8 16 200 116
67 16 64 200 147
68 16 128 300 118
69 2 128 500 105
70 8 16 300 130
71 16 16 200 118
72 16 128 1000 137
73 8 64 300 140
74 16 128 300 119
75 16 16 100 150
76 2 16 500 138
77 16 16 100 94
78 2 16 500 139
79 16 128 300 130
80 8 64 1000 138
81 8 128 100 148
82 8 64 100 119
83 2 128 1000 137
84 8 128 100 92
85 8 128 200 132
86 8 16 100 124
87 8 64 1000 111
88 16 128 500 146
89 16 64 300 94
90 8 16 300 103
91 16 64 200 120
92 16 128 100 137
93 2 16 200 103
94 16 16 500 135
95 16 64 1000 120
96 16 16 300 132
97 16 128 100 97
98 2 128 1000 104
99 2 128 100 133
100 2 64 500 127
101 8 16 100 94
102 8 64 500 146
103 2 16 100 116
104 8 16 1000 130
105 16 64 1000 145
106 16 16 1000 109
107 8 64 300 110
108 2 16 300 124
109 8 64 500 118
110 2 128 1000 137
111 16 16 500 114
112 16 64 300 116
113 16 16 300 103
114 2 64 300 148
115 2 16 100 147
116 2 16 1000 136
117 2 64 100 116
118 16 64 100 150
119 16 16 200 95
120 2 64 300 102
121 16 64 300 114
122 2 16 500 92
123 8 128 100 125
124 2 128 500 122
125 8 16 100 102
126 2 16 500 91
127 16 64 300 106
128 8 16 100 112
129 8 16 100 126
130 8 16 1000 137
131 16 128 1000 113
132 16 64 1000 99
133 16 64 300 108
134 2 16 200 142
135 8 64 500 150
136 2 64 500 149
137 8 128 500 110
138 16 64 500 99
139 8 64 100 133
140 16 64 1000 103
141 2 64 300 109
142 8 16 500 129
143 2 64 1000 110
144 16 128 100 149
145 8 16 100 146
146 8 128 100 107
147 2 128 500 125
148 16 128 100 132
149 8 128 500 136
150 16 64 300 143
151 16 128 200 133
152 2 64 500 145
153 2 16 100 129
154 8 16 1000 91
155 2 16 1000 92
156 2 16 100 92
157 8 16 1000 150
158 16 128 100 130
159 8 128 500 97
160 8 64 1000 128
161 8 16 100 101
162 8 16 500 108
163 16 128 300 91
164 8 128 300 132
165 2 128 500 131
166 16 64 1000 92
167 8 128 1000 108
168 8 64 200 116
169 8 64 200 98
170 2 128 1000 130
171 16 64 100 91
172 16 64 500 128
173 2 128 200 146
174 8 64 300 133
175 16 64 300 140
176 2 128 500 101
177 2 16 1000 146
178 16 64 500 146
179 8 128 200 143
180 16 16 200 135
181 8 128 300 119
182 8 64 1000 116
183 2 128 500 101
184 8 64 200 127
185 2 128 500 101
186 8 128 1000 140
187 16 64 500 145
188 8 16 500 132
189 2 64 200 126
190 2 16 300 149
191 8 16 200 104
192 2 128 100 125
193 16 128 300 134
194 8 128 100 129
195 16 16 200 146
196 8 16 300 99
197 2 16 300 146
198 2 128 200 149
199 2 16 1000 142
200 16 64 100 145
201 16 64 100 120
202 16 16 200 118
203 8 128 1000 128
204 16 128 300 114
205 16 128 500 137
206 8 16 100 104
207 16 128 300 141
208 8 128 500 93
209 8 128 500 134
210 16 16 500 90
211 2 64 1000 91
212 8 16 1000 92
213 8 128 1000 104
214 2 128 200 103
215 2 16 1000 126
216 2 64 300 91
217 2 16 1000 99
218 8 16 200 104
219 8 16 200 110
220 16 128 1000 112
221 2 64 100 146
222 16 64 1000 123
223 16 16 1000 104
224 2 64 1000 128
225 8 64 300 106
226 2 64 200 138
227 16 128 100 125
228 8 16 300 132
229 8 64 500 118
230 2 64 1000 118
231 8 128 200 113
232 8 64 500 108
233 16 64 1000 127
234 8 16 300 124
235 8 64 100 104
236 8 16 100 96
237 8 128 300 141
238 2 64 200 133
239 8 16 200 135
240 2 16 100 136
241 2 128 500 106
242 16 128 300 106
243 2 16 300 119
244 16 64 100 116
245 2 128 1000 113
246 2 16 100 104
247 16 16 200 134
248 8 64 200 93
249 16 128 1000 145
250 2 128 200 129
251 2 64 500 148
252 2 16 100 136
253 2 128 500 122
254 2 16 500 118
255 2 64 100 100
256 2 16 1000 106
257 2 16 100 131
258 8 64 1000 137
259 8 64 100 145
260 8 64 500 134
261 2 128 1000 142
262 8 64 500 120
263 8 128 300 116
264 2 128 200 116
265 2 16 100 98
266 8 64 300 127
267 16 16 200 125
268 16 64 300 111
269 16 128 200 113
270 16 64 500 105
271 8 16 1000 119
272 8 16 1000 99
273 16 16 200 124
274 2 64 200 103
275 2 16 300 113
276 16 16 500 128
277 8 128 500 102
278 16 128 500 118
279 16 64 500 123
280 16 64 200 95
281 2 64 300 131
282 16 64 500 94
283 16 128 200 114
284 16 64 200 91
285 16 128 500 140
286 2 64 1000 125
287 2 128 300 101
288 8 128 500 123
289 16 64 200 131
290 16 128 500 106
291 2 64 300 95
292 2 16 300 148
293 16 64 1000 115
294 8 128 300 96
295 16 64 100 92
296 2 128 1000 140
297 8 16 1000 95
298 2 128 1000 99
299 2 128 300 136
300 2 16 200 124
301 2 16 300 99
302 16 16 1000 102
303 8 128 300 124
304 2 64 300 149
305 16 64 200 119
306 2 16 500 130
307 8 64 100 93
308 8 16 200 93
309 2 128 1000 149
310 8 128 100 115
311 2 128 200 103
312 16 128 1000 113
313 16 64 300 149
314 2 64 300 94
315 8 64 100 118
316 8 16 200 116
317 8 16 500 114
318 2 16 200 114
319 16 16 200 127
320 16 16 300 117
321 2 64 1000 101
322 16 16 200 105
323 2 64 300 104
324 2 16 1000 117
325 16 128 500 130
326 2 64 100 130
327 16 16 1000 109
328 16 128 300 108
329 16 64 100 135
330 2 64 1000 91
331 8 16 1000 100
332 2 16 300 97
333 8 64 1000 116
334 16 64 500 137
335 8 128 500 117
336 16 128 200 129
337 16 128 200 106
338 2 16 100 105
339 8 128 1000 132
340 8 16 500 130
341 8 16 100 113
342 2 128 500 100
343 2 64 500 143
344 8 64 100 90
143
0 147 48 128
1 108 52 112
4 232 47 145
4 245 58 145
5 23 65 178
7 224 46 173
7 115 55 195
8 208 55 179
8 244 60 193
8 27 67 162
9 177 62 160
10 60 65 120
11 308 44 138
14 278 55 131
17 285 69 93
20 56 57 189
21 100 59 188
22 65 70 164
22 274 58 126
23 179 46 90
25 93 58 170
26 318 60 149
31 234 42 122
33 344 40 135
36 209 51 191
36 100 47 110
38 101 56 141
39 259 55 153
40 242 65 159
42 55 46 114
43 207 61 101
43 61 67 140
44 270 42 99
45 301 51 146
46 342 67 93
48 340 54 99
48 135 56 95
50 129 69 174
53 233 62 183
54 168 63 94
55 133 65 200
55 165 43 128
57 305 67 135
57 127 57 98
59 162 47 146
60 222 61 129
61 263 45 176
65 217 59 165
65 310 52 92
68 178 56 169
70 286 61 161
70 301 60 115
72 204 70 135
73 297 56 136
73 198 54 105
74 247 45 157
77 270 67 184
81 279 69 144
81 117 57 133
91 236 50 192
92 167 62 167
95 229 45 115
98 244 52 181
102 190 60 105
103 214 54 146
104 182 65 159
106 186 52 162
107 226 49 196
107 233 67 107
108 194 52 96
110 152 69 121
112 135 59 176
113 183 41 124
113 170 52 115
114 139 67 181
116 162 70 103
117 319 47 146
118 325 69 137
120 327 64 110
120 211 54 171
122 293 41 90
126 154 49 130
127 213 41 162
128 143 67 114
129 315 55 192
130 334 44 166
135 221 63 95
138 197 43 136
139 305 70 151
143 327 63 140
145 232 48 172
145 232 66 148
147 344 54 184
147 322 41 196
148 290 60 147
151 163 55 184
154 196 69 110
165 250 48 130
169 266 57 151
173 225 69 93
175 205 49 116
176 240 45 115
176 257 68 182
179 212 43 140
180 235 51 142
180 314 68 126
180 308 64 198
181 254 51 124
183 344 46 112
190 216 53 172
195 227 69 105
195 232 62 133
197 327 60 133
200 266 55 98
204 247 65 166
204 337 69 144
204 226 67 129
210 245 55 98
210 332 63 170
211 223 59 198
214 344 45 197
214 271 61 164
218 306 63 103
221 331 45 122
221 335 48 94
222 281 60 129
225 243 66 137
226 235 53 142
226 331 49 124
230 246 42 180
234 248 52 133
236 326 51 125
247 337 60 156
249 319 53 109
250 284 47 119
252 255 49 138
252 314 46 174
260 283 50 182
269 316 55 158
270 344 68 189
288 339 62 101
290 306 63 184
297 312 48 104