483
0 32 16 1000 66
1 64 64 2000 43
2 16 8 2000 93
3 16 8 1000 70
4 32 64 500 48
5 4 128 500 72
6 32 8 2000 78
7 4 64 1000 38
8 4 64 500 96
9 64 128 2000 36
10 16 64 2000 88
11 32 8 100 32
12 16 128 100 94
13 64 128 100 98
14 32 64 2000 52
15 4 8 100 81
16 4 16 2000 88
17 4 16 200 32
18 16 64 2000 84
19 64 64 1000 98
20 4 128 1000 68
21 16 64 1000 59
22 16 8 500 90
23 16 128 1000 77
24 16 128 1000 38
25 32 8 2000 73
26 4 8 1000 67
27 16 8 200 73
28 64 8 2000 76
29 4 64 1000 89
30 4 64 200 50
31 16 8 1000 60
32 4 8 100 80
33 64 128 500 93
34 32 16 2000 38
35 32 16 1000 73
36 4 64 1000 70
37 16 16 500 71
38 16 128 1000 74
39 4 64 200 53
40 32 128 100 34
41 16 64 500 56
42 32 16 2000 62
43 16 16 2000 41
44 64 64 500 46
45 4 16 2000 44
46 64 128 1000 53
47 4 64 1000 50
48 32 128 2000 96
49 32 16 200 46
50 4 64 2000 32
51 4 8 2000 84
52 4 8 2000 79
53 32 16 1000 49
54 64 64 500 99
55 16 64 2000 30
56 16 128 2000 81
57 16 8 1000 88
58 16 8 200 33
59 32 64 2000 85
60 16 16 200 86
61 4 8 200 60
62 4 16 1000 92
63 64 128 100 50
64 32 128 200 96
65 32 64 500 55
66 16 128 2000 40
67 4 128 2000 74
68 32 8 500 58
69 16 16 100 32
70 4 8 100 57
71 64 64 2000 75
72 32 64 1000 48
73 64 64 100 93
74 32 128 500 78
75 4 8 500 96
76 32 128 500 36
77 16 16 100 39
78 16 64 200 83
79 64 8 200 43
80 64 16 200 43
81 64 64 200 76
82 32 64 2000 91
83 4 16 2000 83
84 64 8 1000 31
85 32 128 500 65
86 4 64 500 39
87 4 8 100 53
88 32 8 100 98
89 32 64 200 33
90 64 128 100 90
91 4 64 200 63
92 4 16 200 59
93 64 16 1000 99
94 64 64 100 92
95 32 128 100 55
96 4 16 1000 33
97 32 8 200 90
98 4 8 1000 85
99 64 64 500 62
100 64 8 500 53
101 64 128 500 33
102 4 16 100 64
103 16 16 1000 83
104 32 64 2000 90
105 64 64 2000 45
106 4 8 100 41
107 16 16 200 36
108 4 16 1000 94
109 16 16 200 50
110 32 8 2000 75
111 64 16 2000 41
112 16 128 100 73
113 4 16 2000 30
114 16 8 2000 47
115 16 16 1000 40
116 4 16 500 100
117 16 8 500 66
118 32 16 500 91
119 4 128 100 94
120 32 128 100 36
121 16 8 100 40
122 4 128 1000 90
123 32 8 200 76
124 64 64 500 89
125 4 128 2000 89
126 32 16 500 96
127 64 128 500 88
128 16 128 2000 76
129 16 8 2000 87
130 64 16 1000 99
131 4 8 100 44
132 64 128 2000 81
133 4 64 200 93
134 16 128 100 69
135 64 128 1000 36
136 64 64 2000 94
137 4 64 200 65
138 4 8 200 43
139 64 8 500 84
140 16 8 2000 34
141 64 128 2000 33
142 32 128 200 41
143 16 8 100 86
144 16 64 2000 55
145 4 64 2000 69
146 16 16 1000 79
147 4 16 200 64
148 64 8 500 44
149 4 64 100 36
150 32 64 200 90
151 16 8 200 86
152 16 64 500 36
153 4 64 100 61
154 64 128 1000 52
155 16 16 100 62
156 64 8 1000 47
157 64 128 500 39
158 4 16 100 87
159 32 128 500 55
160 4 128 2000 42
161 4 64 2000 54
162 4 16 1000 94
163 32 64 200 38
164 64 128 200 65
165 4 128 2000 56
166 16 8 100 50
167 32 128 500 84
168 4 16 500 69
169 64 64 500 83
170 64 64 1000 70
171 4 8 200 98
172 32 16 500 72
173 64 64 500 53
174 16 8 1000 95
175 64 128 2000 37
176 32 128 100 90
177 32 8 2000 80
178 64 128 100 63
179 64 64 500 31
180 16 8 500 73
181 32 64 200 61
182 4 128 1000 41
183 16 16 2000 36
184 32 8 500 60
185 4 64 1000 38
186 4 64 100 59
187 64 128 100 60
188 64 16 500 48
189 4 64 500 93
190 32 128 200 42
191 32 64 1000 54
192 32 64 200 79
193 32 128 1000 73
194 64 64 100 61
195 32 8 2000 59
196 4 8 1000 78
197 16 64 2000 63
198 32 8 1000 36
199 64 8 2000 94
200 16 16 100 62
201 4 128 2000 86
202 32 8 200 95
203 4 16 200 48
204 32 8 2000 81
205 64 128 1000 62
206 64 8 2000 43
207 64 16 500 49
208 16 16 500 67
209 64 16 2000 33
210 16 16 1000 88
211 4 8 1000 41
212 16 128 200 56
213 4 8 200 83
214 32 16 1000 45
215 64 64 2000 86
216 16 16 500 31
217 4 16 1000 31
218 32 16 1000 73
219 32 8 200 65
220 4 128 500 47
221 32 128 2000 100
222 4 16 500 37
223 32 16 200 84
224 32 16 200 73
225 16 128 1000 71
226 32 8 200 83
227 32 128 2000 78
228 64 16 500 69
229 4 128 1000 99
230 16 8 200 54
231 16 8 200 89
232 16 16 2000 83
233 4 8 100 80
234 16 16 200 77
235 64 16 1000 96
236 32 128 2000 83
237 4 64 100 75
238 16 128 500 54
239 4 128 100 34
240 4 128 100 30
241 16 64 100 76
242 32 64 200 84
243 4 64 2000 89
244 4 8 1000 51
245 16 16 200 39
246 64 64 2000 45
247 16 8 2000 35
248 64 128 500 83
249 64 64 100 36
250 32 16 500 64
251 16 8 2000 96
252 16 16 2000 91
253 64 64 2000 58
254 32 8 200 42
255 64 16 100 75
256 16 16 100 35
257 32 64 1000 94
258 4 8 100 74
259 32 16 200 89
260 16 128 500 67
261 4 16 100 79
262 32 16 1000 99
263 4 8 200 44
264 4 64 100 55
265 32 16 2000 34
266 16 8 100 65
267 16 8 1000 45
268 4 64 100 31
269 4 128 500 100
270 16 64 1000 50
271 16 128 2000 86
272 32 8 500 64
273 16 8 1000 55
274 4 16 500 87
275 16 8 1000 35
276 32 16 2000 95
277 16 128 1000 92
278 16 128 100 54
279 16 16 500 78
280 64 128 500 86
281 32 128 2000 52
282 64 128 100 49
283 16 8 200 66
284 32 64 100 42
285 16 64 1000 60
286 16 16 100 53
287 4 128 2000 83
288 16 64 100 93
289 32 128 500 96
290 16 128 2000 77
291 32 16 2000 99
292 64 64 200 92
293 64 8 200 70
294 64 8 200 47
295 16 64 200 42
296 64 128 200 71
297 32 64 2000 30
298 16 8 100 97
299 32 8 1000 88
300 32 128 2000 78
301 64 128 1000 65
302 16 8 2000 99
303 32 8 200 48
304 4 128 500 46
305 32 16 500 43
306 16 16 100 63
307 64 128 2000 77
308 64 128 500 75
309 64 128 500 88
310 32 64 100 40
311 4 8 2000 50
312 32 64 2000 66
313 32 64 100 32
314 32 128 500 78
315 4 128 500 61
316 16 64 1000 98
317 32 64 200 81
318 16 8 1000 69
319 64 64 1000 66
320 16 8 500 61
321 4 128 100 99
322 16 128 2000 88
323 16 64 500 53
324 64 16 500 99
325 64 64 500 77
326 4 64 200 73
327 64 16 2000 99
328 4 8 200 96
329 32 16 1000 68
330 16 128 100 58
331 4 8 100 90
332 64 128 2000 78
333 4 8 2000 60
334 32 16 500 74
335 4 16 2000 83
336 4 16 200 94
337 32 128 1000 50
338 64 64 500 58
339 64 64 2000 50
340 32 16 100 71
341 32 64 200 62
342 16 64 2000 85
343 4 128 2000 96
344 64 64 500 43
345 16 64 200 62
346 4 8 200 99
347 4 16 200 73
348 64 8 200 72
349 64 16 100 76
350 16 16 1000 74
351 32 128 100 79
352 16 128 1000 43
353 16 128 500 80
354 32 64 500 83
355 16 16 100 79
356 32 8 100 49
357 16 128 100 68
358 4 128 2000 44
359 16 8 200 63
360 64 64 200 81
361 64 8 500 82
362 32 64 2000 32
363 64 128 200 66
364 32 64 200 76
365 4 128 500 88
366 64 8 2000 70
367 4 16 2000 95
368 16 128 100 78
369 64 128 200 57
370 16 64 2000 89
371 64 64 1000 35
372 32 128 100 63
373 4 8 2000 64
374 16 128 500 56
375 32 64 2000 57
376 4 16 2000 47
377 16 16 2000 63
378 4 16 200 48
379 4 16 2000 99
380 4 64 200 40
381 16 16 200 98
382 32 8 2000 67
383 32 64 200 40
384 4 128 100 41
385 16 128 2000 69
386 4 16 100 91
387 32 128 500 69
388 4 16 500 94
389 16 128 2000 64
390 16 64 100 45
391 64 64 100 85
392 32 128 1000 63
393 4 16 500 46
394 32 8 500 91
395 16 64 100 95
396 16 128 2000 47
397 32 128 2000 44
398 64 128 200 80
399 4 128 500 94
400 4 64 200 98
401 16 64 500 30
402 64 64 1000 97
403 16 128 1000 78
404 32 8 500 92
405 64 64 1000 77
406 16 64 200 45
407 64 128 1000 65
408 4 128 200 84
409 32 16 200 68
410 16 128 200 36
411 16 64 200 79
412 32 128 200 52
413 4 64 1000 67
414 16 128 100 71
415 64 128 1000 35
416 64 128 500 61
417 16 16 1000 60
418 16 8 2000 48
419 4 16 1000 72
420 32 128 100 88
421 32 8 1000 89
422 16 64 200 42
423 4 64 2000 77
424 16 8 200 34
425 16 64 500 77
426 4 64 200 54
427 4 16 2000 100
428 16 8 1000 51
429 4 8 500 37
430 4 8 200 33
431 32 16 100 44
432 4 64 2000 95
433 64 128 2000 92
434 16 8 2000 90
435 4 64 500 33
436 16 8 200 45
437 4 16 2000 57
438 32 128 1000 70
439 64 16 1000 32
440 4 8 500 66
441 32 8 100 34
442 64 16 500 48
443 4 16 200 96
444 4 128 100 70
445 16 64 2000 46
446 32 16 200 73
447 16 128 1000 62
448 32 16 200 74
449 4 8 1000 74
450 64 8 500 30
451 64 16 200 57
452 32 64 500 96
453 32 128 500 62
454 4 64 100 41
455 4 8 2000 92
456 16 128 1000 72
457 16 128 1000 81
458 64 64 1000 69
459 32 128 2000 90
460 16 64 100 64
461 32 8 200 87
462 64 128 2000 75
463 64 64 200 81
464 4 16 200 41
465 32 8 2000 49
466 32 128 2000 86
467 64 8 100 96
468 16 64 2000 90
469 16 128 500 86
470 4 8 200 33
471 4 8 1000 45
472 4 128 200 52
473 16 16 500 57
474 4 8 500 46
475 4 128 200 51
476 64 128 1000 45
477 32 8 500 47
478 32 64 1000 92
479 64 128 200 85
480 4 8 500 41
481 4 8 500 35
482 16 16 2000 32
180
0 411 16 94
0 343 24 79
4 120 29 90
5 47 37 74
7 448 21 30
8 162 15 84
10 307 25 91
12 264 50 68
14 100 30 53
15 474 10 66
17 378 38 60
21 95 19 92
26 353 28 34
26 444 39 76
29 290 10 88
32 190 26 78
35 90 12 84
38 76 21 48
38 366 24 99
38 418 26 94
40 119 30 33
42 161 36 51
43 201 26 43
43 227 21 34
46 226 42 79
47 207 16 86
48 280 10 69
49 79 38 87
49 466 36 76
50 164 47 65
52 338 10 91
55 187 45 79
55 469 23 48
57 149 18 86
58 282 22 42
61 295 37 95
61 334 42 86
63 307 49 87
65 407 45 36
68 433 18 76
69 243 43 75
70 473 12 53
71 255 25 75
71 439 21 32
73 435 43 34
78 260 25 79
79 478 24 55
79 481 19 72
80 141 14 98
81 297 13 78
82 226 31 67
84 210 36 91
84 475 30 79
85 130 34 30
86 408 36 49
86 199 15 96
88 139 20 36
89 386 50 49
95 272 45 99
97 215 25 83
99 332 14 99
99 233 20 84
100 260 25 51
102 359 11 81
102 256 29 50
102 104 49 30
103 199 22 77
105 326 10 89
105 253 43 88
110 343 36 71
111 248 22 71
112 202 14 58
114 332 18 52
117 349 39 79
119 480 27 58
124 224 33 95
126 354 40 49
128 398 32 83
128 287 41 85
130 381 26 99
135 194 20 60
140 335 34 68
142 218 16 71
142 219 16 65
143 400 43 94
144 186 29 30
149 237 36 42
149 477 46 93
151 298 22 87
152 316 26 33
154 449 12 68
155 244 38 50
157 320 36 100
161 457 48 71
166 284 11 86
167 232 27 91
170 442 20 88
174 416 17 37
176 452 49 70
179 203 30 69
179 281 15 95
180 318 38 99
181 302 19 100
182 345 19 84
183 184 27 30
184 303 44 58
186 359 46 40
188 276 38 52
191 460 42 82
193 272 20 85
195 248 15 91
196 482 15 38
196 243 46 96
197 447 30 49
197 436 49 39
200 371 23 57
202 204 50 71
207 414 30 70
209 228 24 61
210 391 15 30
212 327 24 43
212 320 26 66
213 222 10 35
222 390 11 67
226 406 25 52
226 242 16 74
228 409 38 64
237 332 35 86
248 262 29 73
249 458 31 68
250 311 22 82
251 280 49 57
254 350 46 75
254 387 42 92
259 470 41 31
264 482 11 41
269 399 46 98
274 361 36 72
276 320 44 39
280 312 49 70
284 361 25 47
286 321 46 75
288 370 25 58
292 360 15 85
297 376 17 99
299 377 49 67
304 325 16 49
309 466 16 87
312 320 35 70
315 374 15 54
315 323 38 74
320 374 17 94
329 464 29 43
331 360 30 43
332 432 33 45
333 473 47 39
334 426 27 39
336 407 38 58
337 408 30 80
339 449 31 83
340 447 23 94
340 435 11 69
343 405 16 68
346 464 40 99
347 362 24 46
347 399 30 68
352 418 50 77
360 422 34 74
366 413 24 36
372 400 28 96
401 418 29 87
404 452 45 87
411 475 11 98
415 464 13 79
417 443 31 64
427 428 17 98
447 468 36 58
447 479 50 33
450 465 21 96
456 471 20 68