756
0 32 40 2000 121
1 16 64 400 151
2 32 40 800 100
3 32 96 2000 152
4 16 40 800 163
5 32 64 5000 124
6 32 40 5000 125
7 16 96 1000 100
8 16 64 400 183
9 32 64 5000 151
10 16 40 800 126
11 16 40 2000 121
12 32 96 400 162
13 32 40 5000 99
14 32 96 400 96
15 16 64 800 99
16 16 64 2000 128
17 16 96 1000 130
18 32 40 400 199
19 32 40 800 144
20 32 40 1000 135
21 32 64 1000 171
22 16 64 1000 180
23 32 96 2000 110
24 32 64 2000 129
25 32 64 2000 180
26 16 96 1000 162
27 32 40 1000 197
28 16 64 400 127
29 16 64 5000 130
30 16 40 400 155
31 16 40 800 192
32 16 64 400 92
33 32 40 2000 105
34 32 96 2000 148
35 32 64 800 187
36 16 64 5000 158
37 16 40 5000 161
38 32 64 800 116
39 16 64 5000 129
40 16 96 400 139
41 32 96 400 164
42 16 96 800 145
43 32 64 5000 139
44 32 40 5000 101
45 16 64 5000 153
46 32 40 5000 126
47 16 96 800 100
48 32 64 800 131
49 32 40 5000 171
50 32 40 5000 114
51 32 40 2000 180
52 32 40 800 124
53 16 64 800 104
54 16 96 400 118
55 16 64 1000 189
56 16 64 800 199
57 32 40 800 129
58 16 40 800 169
59 32 64 1000 96
60 16 96 400 145
61 16 64 400 160
62 32 64 2000 196
63 32 96 5000 103
64 32 96 1000 150
65 16 96 5000 117
66 16 64 400 93
67 32 64 5000 185
68 16 96 1000 121
69 16 96 2000 118
70 32 64 800 153
71 16 96 5000 168
72 16 64 400 127
73 32 64 2000 192
74 16 96 800 114
75 16 40 400 122
76 32 64 2000 143
77 16 64 2000 110
78 32 64 400 149
79 32 64 2000 120
80 32 64 2000 170
81 32 96 5000 110
82 16 40 1000 172
83 16 96 2000 178
84 16 40 800 146
85 16 40 2000 144
86 32 96 800 129
87 32 40 800 141
88 32 96 5000 156
89 16 96 5000 129
90 16 64 800 168
91 32 40 400 112
92 32 96 2000 200
93 32 96 400 199
94 16 64 5000 145
95 32 96 800 166
96 32 96 1000 124
97 16 64 5000 175
98 32 64 5000 175
99 32 40 2000 92
100 16 96 400 164
101 16 96 1000 114
102 32 96 5000 173
103 16 96 400 165
104 32 40 800 136
105 32 40 1000 135
106 32 64 5000 119
107 32 64 400 174
108 16 64 2000 137
109 32 64 1000 140
110 32 40 5000 158
111 32 96 1000 168
112 16 64 2000 123
113 16 96 800 127
114 32 64 800 175
115 16 96 2000 103
116 32 64 400 120
117 16 64 400 164
118 32 40 800 181
119 16 96 400 90
120 32 64 5000 139
121 32 96 400 158
122 16 40 800 143
123 16 64 2000 149
124 32 96 800 186
125 16 64 2000 121
126 16 96 1000 190
127 32 64 2000 120
128 16 64 400 111
129 16 40 2000 192
130 16 96 1000 195
131 32 40 5000 185
132 32 96 1000 120
133 16 40 400 127
134 16 96 1000 183
135 32 96 2000 144
136 16 40 2000 180
137 16 40 1000 176
138 32 96 5000 196
139 16 40 800 175
140 32 64 800 110
141 16 40 800 147
142 16 64 800 158
143 32 40 800 198
144 32 64 800 110
145 32 40 2000 153
146 32 64 5000 116
147 32 64 800 115
148 32 64 1000 134
149 32 64 400 167
150 32 64 800 91
151 16 96 2000 123
152 32 64 400 193
153 16 96 2000 141
154 16 64 2000 199
155 32 40 2000 158
156 16 96 800 173
157 16 96 5000 193
158 16 40 5000 160
159 16 96 5000 100
160 32 96 800 98
161 32 96 2000 170
162 16 96 800 173
163 16 64 1000 148
164 32 40 5000 151
165 32 64 2000 189
166 16 96 2000 120
167 16 96 1000 160
168 32 96 2000 107
169 32 96 800 174
170 32 40 1000 97
171 32 64 1000 90
172 16 64 2000 117
173 32 40 5000 91
174 16 96 2000 114
175 16 64 400 195
176 16 64 2000 174
177 16 64 1000 145
178 32 64 5000 187
179 16 40 400 135
180 16 64 400 135
181 32 40 800 102
182 16 96 5000 172
183 32 40 1000 139
184 32 96 800 125
185 16 64 2000 196
186 32 96 1000 197
187 32 64 800 134
188 32 96 400 116
189 32 40 2000 130
190 32 64 2000 189
191 16 40 400 104
192 32 64 5000 163
193 32 64 800 101
194 16 96 800 90
195 16 64 2000 152
196 32 96 400 167
197 32 96 2000 152
198 32 96 400 133
199 16 40 5000 114
200 16 64 400 139
201 32 64 400 100
202 16 64 800 138
203 16 40 1000 137
204 32 64 2000 111
205 32 96 1000 90
206 32 40 1000 91
207 32 64 1000 148
208 16 96 1000 193
209 16 40 2000 106
210 16 40 400 141
211 16 96 1000 117
212 16 64 1000 163
213 32 64 2000 162
214 16 64 5000 168
215 32 96 1000 116
216 16 40 5000 196
217 32 96 1000 104
218 32 64 2000 159
219 16 64 5000 163
220 32 96 1000 136
221 16 40 1000 165
222 32 64 1000 110
223 16 96 800 149
224 32 64 1000 193
225 16 64 5000 148
226 32 40 5000 164
227 32 96 800 176
228 32 40 1000 170
229 16 40 1000 180
230 16 40 800 153
231 16 40 800 97
232 32 96 5000 139
233 16 40 1000 149
234 16 64 1000 181
235 16 96 400 96
236 16 64 400 99
237 16 40 400 125
238 32 64 2000 174
239 16 40 2000 165
240 16 40 400 177
241 32 40 800 107
242 32 96 5000 174
243 32 64 400 169
244 16 40 800 134
245 16 96 2000 101
246 32 40 5000 145
247 32 64 2000 113
248 32 64 800 182
249 32 40 1000 155
250 16 96 400 158
251 32 64 1000 143
252 32 64 1000 155
253 32 40 5000 122
254 32 40 5000 193
255 16 40 1000 151
256 16 40 400 133
257 32 40 400 181
258 16 40 2000 195
259 32 64 1000 107
260 32 96 400 182
261 16 64 800 189
262 16 64 2000 98
263 32 40 400 200
264 16 40 2000 99
265 16 96 800 174
266 32 40 1000 145
267 32 96 400 176
268 16 64 5000 133
269 16 64 1000 105
270 32 96 5000 106
271 16 40 800 190
272 16 96 400 143
273 32 40 400 141
274 16 40 400 103
275 32 64 1000 109
276 32 96 400 118
277 32 40 400 175
278 16 96 5000 132
279 32 96 5000 123
280 32 96 5000 132
281 16 96 2000 181
282 16 96 2000 114
283 16 40 800 147
284 32 96 400 151
285 32 40 800 136
286 16 96 1000 185
287 32 40 800 167
288 32 96 5000 137
289 32 96 1000 124
290 16 40 5000 193
291 32 64 800 154
292 16 64 2000 198
293 32 96 800 182
294 32 96 5000 124
295 32 40 2000 177
296 16 64 800 109
297 32 96 1000 154
298 16 64 800 90
299 32 64 800 198
300 16 64 1000 188
301 32 40 400 137
302 16 96 800 172
303 16 96 5000 134
304 16 96 800 192
305 32 96 1000 121
306 32 96 2000 131
307 16 40 800 148
308 16 96 5000 181
309 32 96 400 91
310 32 40 5000 93
311 32 64 400 125
312 32 96 5000 154
313 16 64 5000 194
314 16 40 800 116
315 16 96 1000 173
316 16 40 800 170
317 32 96 400 115
318 16 64 400 117
319 16 96 800 182
320 32 64 800 94
321 16 96 1000 96
322 16 64 400 126
323 16 40 2000 145
324 32 40 400 183
325 16 40 1000 140
326 16 64 2000 153
327 32 96 1000 166
328 16 96 2000 137
329 16 96 1000 129
330 16 64 400 177
331 32 64 1000 182
332 16 40 5000 171
333 32 40 5000 93
334 16 40 400 174
335 16 64 5000 179
336 32 96 800 91
337 32 64 400 114
338 32 64 2000 196
339 32 96 2000 139
340 16 96 400 143
341 16 40 400 190
342 16 64 1000 91
343 32 64 2000 142
344 32 64 1000 142
345 16 96 1000 189
346 32 40 1000 138
347 16 64 2000 132
348 16 40 5000 192
349 16 64 2000 192
350 32 40 1000 96
351 32 64 2000 132
352 32 40 5000 194
353 32 96 800 187
354 32 64 2000 107
355 32 96 5000 167
356 16 96 2000 144
357 16 64 2000 185
358 16 96 5000 170
359 32 64 800 164
360 32 40 2000 113
361 16 64 1000 143
362 32 40 400 126
363 16 64 5000 164
364 16 64 1000 106
365 32 64 2000 185
366 32 64 1000 131
367 32 40 2000 97
368 32 96 800 93
369 16 96 800 195
370 32 64 400 166
371 32 96 5000 184
372 16 96 400 128
373 16 64 800 144
374 16 96 400 176
375 32 40 1000 99
376 32 40 800 98
377 32 40 800 107
378 16 40 400 158
379 32 96 400 171
380 32 96 800 176
381 16 64 5000 175
382 16 96 1000 165
383 16 40 800 131
384 16 64 400 147
385 32 40 1000 193
386 32 40 5000 198
387 32 40 400 137
388 16 64 800 171
389 32 96 800 187
390 32 40 1000 107
391 32 96 1000 165
392 32 64 800 170
393 16 40 5000 111
394 32 96 2000 168
395 32 96 1000 196
396 32 64 5000 160
397 16 64 400 168
398 16 64 2000 199
399 32 64 5000 177
400 32 96 800 129
401 16 96 1000 177
402 32 64 1000 163
403 32 40 800 105
404 32 96 400 171
405 16 96 2000 173
406 32 64 1000 116
407 16 64 1000 129
408 16 96 400 155
409 32 40 800 183
410 32 64 800 144
411 32 96 1000 171
412 32 40 1000 148
413 16 64 1000 159
414 16 96 2000 103
415 16 64 800 187
416 32 96 5000 168
417 16 96 1000 160
418 32 96 1000 140
419 16 40 800 126
420 16 64 2000 199
421 16 96 800 184
422 16 64 2000 104
423 32 40 400 151
424 16 64 800 122
425 16 96 800 155
426 32 40 800 163
427 16 96 800 181
428 32 64 5000 146
429 16 96 800 156
430 16 96 1000 137
431 32 40 5000 138
432 16 64 400 105
433 16 64 5000 164
434 32 64 400 114
435 32 40 5000 186
436 16 64 400 153
437 32 40 800 150
438 16 96 400 132
439 16 96 1000 105
440 16 96 400 163
441 16 64 800 159
442 16 40 400 104
443 16 64 1000 150
444 32 64 800 167
445 16 64 800 105
446 16 40 2000 150
447 16 96 1000 93
448 32 64 2000 181
449 16 40 5000 174
450 32 64 800 180
451 32 96 800 129
452 32 40 2000 197
453 32 64 5000 172
454 16 64 400 119
455 16 96 800 108
456 16 64 1000 170
457 16 40 400 142
458 16 40 5000 121
459 32 64 800 188
460 32 64 5000 91
461 16 64 5000 101
462 16 64 400 184
463 16 40 5000 136
464 32 96 2000 179
465 16 40 2000 196
466 32 96 400 175
467 32 96 400 157
468 32 64 400 146
469 16 96 1000 151
470 32 96 2000 171
471 32 64 5000 154
472 16 96 5000 110
473 16 40 2000 115
474 32 40 400 152
475 16 64 5000 191
476 32 96 2000 183
477 16 64 1000 170
478 16 40 800 146
479 32 64 800 180
480 16 64 5000 101
481 32 40 1000 144
482 32 96 400 142
483 16 64 400 143
484 32 64 2000 116
485 32 96 2000 155
486 16 96 2000 100
487 32 40 2000 105
488 32 40 1000 90
489 32 64 2000 123
490 32 40 5000 94
491 16 40 5000 105
492 16 40 800 145
493 16 64 800 156
494 32 96 5000 162
495 16 40 2000 118
496 32 40 1000 131
497 32 64 1000 182
498 32 40 5000 99
499 16 40 800 149
500 32 40 400 186
501 32 96 2000 159
502 16 64 5000 109
503 32 64 5000 152
504 16 40 800 192
505 16 96 2000 155
506 16 64 1000 148
507 32 64 800 185
508 32 96 800 161
509 32 64 400 113
510 16 64 800 186
511 16 96 5000 182
512 16 96 5000 97
513 32 64 800 159
514 16 64 400 137
515 16 96 5000 127
516 16 96 400 168
517 32 64 800 172
518 16 40 400 96
519 16 40 800 199
520 32 96 1000 96
521 32 96 800 153
522 32 40 2000 165
523 16 40 2000 177
524 32 40 1000 146
525 32 64 400 111
526 32 96 5000 96
527 32 96 800 142
528 16 64 5000 150
529 16 40 400 143
530 32 40 400 165
531 32 64 2000 105
532 32 64 800 139
533 32 64 5000 102
534 16 64 1000 199
535 32 40 400 148
536 16 40 1000 142
537 32 96 400 144
538 32 40 2000 193
539 32 40 2000 186
540 16 64 400 170
541 16 64 1000 188
542 16 96 400 152
543 16 96 800 94
544 16 40 5000 161
545 32 64 1000 193
546 32 96 2000 149
547 16 96 800 200
548 16 96 2000 90
549 32 40 800 171
550 16 96 1000 147
551 32 64 1000 100
552 32 64 1000 172
553 32 64 1000 128
554 32 64 400 112
555 16 64 400 95
556 16 40 2000 108
557 32 64 800 96
558 32 64 1000 196
559 32 40 5000 140
560 16 64 5000 90
561 16 96 800 113
562 32 96 800 162
563 16 96 5000 96
564 32 40 400 130
565 16 64 1000 185
566 32 64 5000 197
567 16 96 5000 101
568 16 64 5000 95
569 32 40 400 117
570 32 64 2000 108
571 16 96 1000 175
572 32 64 2000 99
573 16 40 400 131
574 16 40 5000 140
575 16 64 400 186
576 32 40 2000 105
577 32 40 2000 100
578 16 64 800 90
579 16 40 400 195
580 16 96 5000 193
581 32 64 400 132
582 32 64 800 181
583 16 64 2000 119
584 16 40 2000 154
585 16 64 5000 196
586 16 64 400 172
587 16 64 1000 130
588 16 64 800 95
589 16 96 400 164
590 16 96 800 170
591 16 96 2000 181
592 16 40 2000 91
593 16 64 2000 173
594 16 40 2000 199
595 16 40 800 171
596 16 64 1000 115
597 16 64 1000 117
598 32 40 400 173
599 16 64 800 187
600 16 40 5000 110
601 16 96 400 123
602 32 96 2000 190
603 16 96 800 188
604 32 64 800 185
605 16 96 400 127
606 16 40 2000 106
607 32 64 5000 196
608 32 96 1000 154
609 32 40 400 146
610 16 96 1000 175
611 32 96 400 129
612 32 40 2000 114
613 32 64 1000 158
614 16 40 1000 122
615 16 96 5000 157
616 16 96 2000 165
617 16 96 5000 121
618 32 64 2000 132
619 16 40 1000 174
620 32 96 1000 138
621 16 40 2000 123
622 16 64 2000 151
623 32 96 5000 187
624 32 64 800 139
625 16 96 2000 150
626 16 40 2000 145
627 32 64 800 163
628 16 40 2000 143
629 32 40 400 122
630 32 64 800 120
631 32 64 5000 102
632 32 40 1000 132
633 16 64 400 110
634 16 64 400 152
635 16 40 2000 170
636 16 64 1000 185
637 16 96 2000 115
638 16 96 2000 113
639 16 96 800 126
640 32 64 2000 143
641 32 64 400 154
642 16 96 400 153
643 32 40 400 193
644 32 40 800 102
645 32 64 2000 96
646 32 40 400 97
647 32 40 1000 144
648 16 40 400 196
649 16 40 400 96
650 32 64 400 120
651 16 96 5000 175
652 32 96 1000 103
653 32 96 2000 118
654 32 40 2000 195
655 16 96 800 188
656 16 96 800 184
657 32 64 1000 166
658 16 64 2000 136
659 32 64 2000 181
660 16 64 400 164
661 16 64 400 165
662 32 64 800 105
663 16 40 800 94
664 16 40 5000 136
665 16 64 400 112
666 32 64 1000 126
667 16 96 2000 164
668 16 64 5000 179
669 32 64 400 133
670 32 96 400 102
671 32 96 1000 151
672 16 96 2000 152
673 16 64 400 128
674 32 96 2000 160
675 16 96 400 153
676 16 64 1000 161
677 32 40 1000 123
678 32 40 800 91
679 32 64 400 113
680 32 96 800 97
681 16 40 5000 162
682 32 96 1000 99
683 16 64 5000 115
684 32 64 5000 121
685 32 96 5000 94
686 32 64 800 127
687 32 96 800 136
688 32 96 1000 174
689 32 96 800 130
690 32 40 400 141
691 16 96 1000 116
692 16 40 400 135
693 32 96 2000 96
694 32 96 5000 130
695 32 40 400 191
696 32 64 400 101
697 16 96 2000 194
698 32 64 800 122
699 32 96 1000 175
700 16 40 2000 125
701 16 40 800 151
702 32 96 2000 187
703 16 64 1000 168
704 16 40 2000 185
705 16 64 2000 148
706 16 64 5000 162
707 16 96 800 129
708 32 40 400 119
709 16 40 5000 150
710 16 64 800 131
711 32 40 5000 191
712 32 40 5000 195
713 32 64 800 186
714 32 40 2000 159
715 32 64 5000 160
716 16 40 1000 170
717 16 64 800 129
718 16 96 2000 200
719 16 64 5000 118
720 32 64 1000 169
721 32 64 1000 189
722 32 96 5000 191
723 16 96 400 175
724 16 96 400 103
725 32 96 2000 138
726 16 96 1000 120
727 16 96 800 173
728 32 64 800 177
729 16 40 2000 194
730 32 40 1000 156
731 32 40 1000 176
732 32 96 1000 112
733 16 96 1000 93
734 16 96 5000 174
735 32 40 2000 195
736 32 40 5000 142
737 16 64 400 161
738 16 64 400 186
739 16 96 1000 153
740 32 96 400 187
741 32 96 400 144
742 16 64 1000 174
743 16 40 2000 170
744 16 40 1000 169
745 16 96 1000 115
746 32 40 400 104
747 32 40 2000 102
748 16 64 800 120
749 16 96 800 161
750 32 40 1000 133
751 32 40 400 178
752 16 96 400 197
753 16 64 1000 141
754 32 40 400 139
755 32 96 400 140
182
1 593 56 194
1 330 45 139
2 466 62 194
10 743 51 177
12 624 60 142
13 428 53 194
14 613 69 137
15 576 47 186
16 493 46 90
16 153 41 160
17 608 52 182
20 707 52 140
20 628 69 122
22 35 51 92
25 212 47 157
26 121 49 96
30 572 42 168
31 269 58 123
33 296 45 170
34 144 51 96
36 203 70 193
39 675 68 164
44 72 43 158
46 450 40 96
46 684 58 123
51 440 69 173
54 748 61 156
57 591 49 130
59 583 56 131
59 178 62 177
62 115 52 190
62 338 49 90
63 713 51 165
63 149 58 182
64 628 53 105
67 484 69 188
71 347 67 159
80 222 67 112
88 340 59 127
91 336 45 134
95 557 58 135
95 320 59 106
96 234 59 132
100 702 56 128
107 267 53 175
109 272 70 116
109 535 46 143
113 250 54 106
117 280 54 184
118 178 59 186
122 483 59 193
123 140 54 130
123 453 58 98
124 406 61 159
124 487 41 117
128 662 54 123
128 664 69 140
133 680 41 91
138 205 59 119
142 641 57 101
146 364 59 90
147 580 61 105
147 598 47 111
148 269 68 180
150 689 66 122
151 567 58 114
155 599 62 95
157 337 68 111
157 638 65 110
159 719 60 124
161 367 44 157
162 396 52 152
164 633 54 184
164 732 45 167
166 325 64 167
168 445 63 158
170 718 57 150
173 576 42 123
173 561 44 159
177 325 56 183
178 346 58 130
179 606 46 104
183 542 42 132
184 503 56 122
192 287 68 188
203 248 64 137
206 354 52 190
207 639 42 142
212 326 44 113
212 478 61 118
213 544 62 118
213 393 49 141
215 363 55 185
215 606 53 193
218 296 45 197
221 247 49 94
228 504 45 157
231 645 70 148
231 450 52 96
232 748 55 193
234 364 62 146
235 673 65 121
237 294 58 176
240 252 70 101
241 450 57 95
242 424 51 109
245 363 70 138
251 299 47 156
259 628 51 116
272 579 58 109
272 644 44 169
273 315 45 172
275 409 52 162
275 472 43 170
278 346 69 136
280 573 61 151
283 527 55 108
291 655 51 111
294 372 47 163
300 321 46 193
302 688 48 151
302 671 59 97
305 332 60 93
305 369 57 117
309 523 53 189
309 471 56 121
310 703 63 142
310 731 58 178
312 315 56 103
322 640 64 108
327 451 42 116
330 704 61 176
336 589 66 168
342 612 69 113
344 657 43 127
344 390 50 155
354 668 66 150
355 359 70 143
361 566 53 129
364 375 43 178
367 733 64 108
372 673 70 100
382 738 57 173
382 717 51 178
384 642 49 104
394 399 59 110
396 730 51 155
403 698 42 174
414 521 68 173
417 741 52 167
425 651 48 152
432 582 54 117
433 681 66 196
438 451 64 153
448 665 62 162
451 672 60 143
466 732 40 139
470 621 68 135
472 480 48 152
473 477 51 138
474 500 57 182
476 528 64 176
485 497 53 110
486 683 50 179
496 598 55 119
511 735 67 116
531 686 50 180
538 699 69 191
542 596 60 148
545 615 70 160
546 711 42 133
552 617 46 165
587 656 68 107
607 722 51 160
609 683 49 136
613 669 66 197
619 675 60 139
642 650 40 163
662 756 45 137
693 741 51 163
707 721 68 115
714 728 41 173