377
0 32 320 1000 122
1 8 128 800 192
2 32 320 400 100
3 8 320 2000 142
4 32 320 400 181
5 32 32 800 106
6 8 32 1000 108
7 8 320 1000 171
8 8 128 800 147
9 8 320 1000 144
10 32 128 800 165
11 32 32 400 135
12 32 32 400 92
13 32 320 2000 122
14 32 128 400 151
15 32 128 5000 123
16 8 128 2000 117
17 32 32 800 140
18 8 128 800 151
19 8 32 1000 107
20 8 128 5000 128
21 32 320 400 120
22 32 32 2000 122
23 32 320 400 101
24 32 128 400 157
25 32 32 2000 132
26 8 32 400 114
27 8 320 5000 115
28 8 320 400 163
29 32 320 2000 187
30 8 32 800 112
31 32 128 400 170
32 32 128 400 176
33 8 320 1000 198
34 32 32 5000 114
35 32 32 1000 162
36 32 320 400 142
37 8 32 2000 158
38 32 320 5000 111
39 32 128 1000 159
40 32 32 5000 195
41 8 32 800 96
42 8 32 5000 167
43 32 32 5000 126
44 32 128 2000 193
45 32 32 800 189
46 8 128 5000 168
47 8 32 1000 141
48 32 32 400 182
49 8 128 5000 110
50 8 320 400 134
51 32 32 5000 102
52 8 32 2000 141
53 8 320 1000 167
54 8 128 5000 138
55 8 32 1000 138
56 32 32 1000 109
57 32 320 1000 179
58 8 128 5000 104
59 8 320 1000 114
60 8 32 5000 145
61 8 32 5000 191
62 32 32 2000 200
63 32 128 2000 200
64 8 320 2000 176
65 8 320 1000 125
66 32 32 2000 176
67 8 32 400 196
68 32 128 5000 134
69 8 128 5000 154
70 8 128 5000 100
71 8 128 400 173
72 8 128 400 105
73 32 320 400 142
74 32 128 800 117
75 32 32 1000 160
76 32 320 1000 141
77 32 32 2000 108
78 32 32 400 180
79 32 128 5000 101
80 32 320 2000 174
81 8 320 1000 189
82 8 128 400 104
83 8 32 2000 108
84 8 32 5000 199
85 8 128 400 107
86 32 128 5000 101
87 32 320 400 189
88 32 128 400 174
89 32 128 2000 179
90 8 128 400 110
91 8 128 800 141
92 32 320 2000 173
93 32 128 800 127
94 32 32 1000 197
95 8 128 1000 177
96 8 320 1000 190
97 32 320 400 109
98 32 320 2000 107
99 32 128 1000 91
100 8 32 2000 160
101 32 320 5000 145
102 8 32 800 124
103 8 32 5000 109
104 32 320 400 130
105 8 320 1000 186
106 32 320 5000 141
107 8 320 1000 166
108 32 320 1000 182
109 32 320 5000 165
110 32 32 400 149
111 32 32 2000 199
112 32 320 400 180
113 8 320 400 141
114 8 128 2000 158
115 32 128 400 133
116 8 128 2000 193
117 8 32 1000 169
118 32 320 5000 100
119 8 320 800 142
120 32 128 800 143
121 8 320 800 168
122 32 320 2000 135
123 8 320 800 136
124 32 320 2000 191
125 32 32 1000 161
126 8 320 2000 183
127 32 128 2000 164
128 8 128 400 148
129 8 128 2000 183
130 32 32 1000 184
131 32 320 400 170
132 8 320 800 134
133 32 320 2000 100
134 32 320 2000 100
135 8 32 800 145
136 32 320 400 157
137 32 320 1000 133
138 8 320 2000 167
139 8 320 1000 139
140 8 32 2000 100
141 8 128 2000 94
142 8 32 400 143
143 8 320 2000 168
144 32 320 1000 105
145 32 128 1000 96
146 8 32 1000 155
147 8 320 1000 198
148 8 32 400 172
149 8 128 800 98
150 8 128 1000 189
151 8 320 800 197
152 32 32 2000 100
153 8 32 5000 124
154 32 32 2000 121
155 8 320 2000 188
156 32 320 800 140
157 8 32 1000 93
158 8 32 2000 112
159 8 320 800 188
160 8 320 400 104
161 32 320 2000 142
162 8 128 1000 153
163 32 128 800 142
164 32 128 1000 184
165 32 320 2000 178
166 8 128 800 120
167 32 128 400 140
168 8 128 800 178
169 32 128 800 143
170 32 128 1000 183
171 8 320 2000 180
172 32 320 2000 136
173 32 32 800 135
174 32 320 400 174
175 8 32 5000 131
176 8 32 2000 128
177 32 32 1000 138
178 32 320 1000 129
179 8 128 1000 152
180 8 32 5000 148
181 32 32 400 139
182 32 32 400 187
183 8 128 2000 181
184 8 320 800 200
185 8 320 400 108
186 32 320 1000 175
187 8 32 2000 168
188 8 32 400 154
189 8 32 5000 181
190 32 128 800 116
191 8 128 400 187
192 8 32 800 176
193 8 128 400 194
194 32 320 800 156
195 32 320 400 155
196 32 320 1000 174
197 32 32 400 171
198 8 128 1000 120
199 8 32 5000 176
200 8 320 2000 150
201 8 128 400 133
202 8 128 5000 181
203 32 32 400 137
204 32 32 2000 93
205 32 320 1000 133
206 32 128 400 97
207 8 32 1000 96
208 32 128 800 176
209 8 32 2000 177
210 32 320 1000 158
211 8 320 400 92
212 8 128 2000 143
213 8 128 400 131
214 32 320 800 111
215 8 320 800 160
216 8 32 800 117
217 32 32 800 195
218 32 320 800 136
219 8 32 800 164
220 32 320 800 168
221 32 32 400 102
222 8 128 800 189
223 32 320 2000 186
224 8 32 2000 99
225 8 128 2000 114
226 8 320 5000 121
227 8 320 400 174
228 32 128 5000 163
229 32 32 400 102
230 8 128 2000 160
231 32 320 5000 101
232 32 32 400 157
233 32 320 800 177
234 8 128 800 99
235 32 128 800 164
236 8 320 5000 167
237 32 32 800 116
238 32 320 800 182
239 32 320 800 162
240 8 32 5000 200
241 8 320 5000 191
242 8 128 400 113
243 32 320 800 111
244 32 32 5000 120
245 8 320 400 118
246 32 320 800 165
247 8 128 800 140
248 8 32 5000 91
249 32 32 400 128
250 8 32 2000 155
251 8 128 2000 148
252 8 32 400 157
253 8 128 400 131
254 8 320 5000 125
255 8 128 2000 168
256 8 32 800 179
257 32 320 5000 122
258 32 128 400 133
259 32 128 400 180
260 8 32 1000 166
261 8 320 800 182
262 8 320 1000 186
263 8 32 800 97
264 8 320 1000 110
265 32 128 800 111
266 8 320 2000 119
267 8 128 2000 158
268 32 32 2000 110
269 32 320 400 180
270 32 32 800 179
271 8 32 1000 193
272 8 128 2000 105
273 8 32 5000 172
274 8 128 1000 196
275 32 32 2000 132
276 8 128 5000 160
277 32 128 800 195
278 8 320 800 190
279 8 32 1000 194
280 32 320 1000 151
281 8 32 400 184
282 32 128 400 191
283 8 32 5000 174
284 8 128 800 142
285 8 128 5000 124
286 8 32 800 199
287 8 320 1000 139
288 32 32 800 143
289 8 32 400 141
290 32 320 800 163
291 8 32 800 169
292 32 32 400 166
293 8 32 400 164
294 32 128 800 158
295 8 32 5000 163
296 8 128 800 183
297 8 128 1000 160
298 8 320 800 161
299 8 32 2000 118
300 32 128 400 188
301 32 128 2000 171
302 32 320 400 165
303 32 320 1000 153
304 8 128 400 128
305 8 320 400 119
306 32 32 2000 122
307 32 32 5000 103
308 8 128 1000 190
309 32 32 2000 126
310 8 32 5000 196
311 32 32 400 165
312 8 320 800 151
313 32 128 400 190
314 8 32 2000 152
315 32 128 400 180
316 8 320 800 134
317 32 128 2000 145
318 8 128 1000 101
319 32 320 5000 198
320 8 32 1000 103
321 8 128 5000 156
322 32 128 2000 151
323 32 320 800 140
324 32 128 400 174
325 32 128 400 172
326 8 32 2000 163
327 32 320 400 149
328 8 320 800 163
329 32 320 5000 132
330 32 320 800 143
331 8 320 5000 194
332 8 128 800 182
333 8 32 2000 125
334 8 32 1000 116
335 32 32 5000 192
336 8 128 800 117
337 32 320 1000 99
338 32 320 2000 105
339 32 32 1000 189
340 32 128 1000 176
341 8 128 2000 188
342 8 32 5000 163
343 32 320 1000 118
344 32 32 400 94
345 32 32 1000 175
346 8 128 1000 165
347 32 32 5000 139
348 32 128 400 94
349 8 320 1000 168
350 8 320 5000 140
351 8 32 5000 156
352 8 320 1000 175
353 32 320 1000 134
354 32 32 1000 137
355 32 128 400 160
356 32 320 400 131
357 8 32 5000 117
358 32 320 2000 185
359 32 128 800 128
360 32 32 800 159
361 8 128 800 126
362 8 320 1000 174
363 32 32 1000 154
364 8 320 800 158
365 32 128 2000 106
366 8 32 400 120
367 32 128 800 189
368 32 320 400 171
369 32 32 1000 102
370 32 32 5000 94
371 8 32 5000 103
372 32 128 5000 140
373 8 32 5000 157
374 8 128 5000 112
375 8 32 800 189
376 8 320 400 184
187
0 81 50 131
1 192 48 156
8 108 49 96
9 313 60 112
10 61 56 156
10 370 70 173
11 48 46 129
11 136 49 180
12 91 54 194
13 89 40 154
13 253 44 127
15 194 43 167
16 336 58 107
18 66 69 161
19 177 43 199
19 323 57 116
20 109 64 154
21 74 44 178
22 233 44 131
23 120 46 114
27 357 63 171
27 95 64 146
27 194 68 165
27 172 52 136
27 247 68 94
29 206 61 164
29 80 52 165
30 64 59 179
31 98 68 100
31 144 61 121
34 124 66 100
36 157 64 157
37 175 40 182
38 260 65 91
39 205 69 198
39 198 63 127
40 323 55 141
41 107 70 150
41 171 50 144
42 114 46 191
47 173 57 103
51 162 61 145
54 76 42 193
55 162 68 161
55 327 63 149
57 287 42 175
59 95 51 183
63 368 59 167
64 309 46 114
65 270 60 159
67 94 44 156
70 348 50 97
74 333 63 173
77 347 68 163
78 323 48 105
82 376 43 122
83 352 43 145
84 169 51 183
84 99 47 149
85 338 48 131
86 267 64 151
87 149 68 187
88 234 45 171
91 223 44 124
92 105 53 177
92 268 43 132
94 368 50 131
94 261 48 114
95 96 61 125
98 150 70 174
103 189 40 193
103 224 57 145
104 136 69 104
107 301 60 91
110 286 61 184
112 210 69 152
112 377 69 187
113 278 46 128
114 167 58 146
115 282 64 136
116 247 67 152
116 199 48 180
120 362 50 187
120 303 46 138
121 164 65 103
123 195 60 175
125 321 60 91
126 318 56 187
127 279 57 111
128 235 56 109
130 239 64 183
130 249 49 197
132 279 69 140
132 312 63 156
135 290 65 126
136 309 54 193
137 322 42 108
137 315 61 118
137 217 46 97
138 238 55 104
138 259 70 104
140 320 40 110
141 269 65 176
142 162 43 130
142 356 67 193
143 321 51 106
143 310 54 120
143 375 61 115
145 284 40 196
145 203 69 160
145 318 70 147
148 158 42 163
150 209 41 179
155 284 44 155
159 373 48 194
162 267 61 166
162 312 69 120
162 371 47 189
164 227 41 190
166 279 53 108
167 358 63 169
168 296 70 113
170 242 61 120
172 200 54 124
177 334 53 144
179 222 62 187
180 337 70 195
181 370 40 132
182 304 45 138
183 226 62 146
183 240 56 190
184 205 54 192
184 344 67 94
185 354 53 172
188 344 47 132
197 286 68 188
197 344 46 183
198 334 62 179
199 230 50 118
199 282 56 175
200 233 64 194
205 328 56 185
206 276 41 117
207 226 58 115
209 282 59 185
209 221 56 193
210 307 50 92
213 233 63 91
216 217 48 123
217 348 57 120
225 239 54 168
225 231 67 103
226 281 52 191
226 321 57 121
228 279 52 197
230 248 43 173
233 283 44 185
237 280 65 96
240 360 62 136
244 356 68 120
244 376 54 156
244 338 64 173
244 368 51 177
245 363 59 122
248 360 65 132
248 291 54 167
251 333 69 112
254 331 44 111
259 375 43 111
261 292 53 183
262 359 63 102
274 280 59 132
282 305 57 160
282 322 66 193
283 374 52 162
290 332 44 178
293 360 40 165
303 344 50 149
311 367 44 94
318 324 45 107
323 342 67 189
331 364 47 130
335 347 58 122
337 340 57 96
340 346 43 123
341 370 57 170
347 372 65 174