377
0 64 256 1000 139
1 32 128 1000 147
2 16 256 2400 186
3 128 128 5000 200
4 32 256 2400 186
5 64 256 1000 146
6 64 256 500 104
7 32 128 5000 165
8 64 64 2400 144
9 128 256 5000 123
10 16 256 5000 164
11 128 64 500 157
12 16 128 500 200
13 128 256 5000 186
14 128 128 2400 148
15 128 128 5000 174
16 32 16 1000 110
17 16 64 2400 182
18 32 16 5000 138
19 64 16 2400 194
20 64 64 1000 107
21 64 16 1000 162
22 128 256 500 187
23 16 64 800 134
24 32 256 5000 191
25 64 16 2400 106
26 64 256 500 159
27 16 16 5000 183
28 64 256 5000 137
29 32 128 2400 192
30 32 64 2400 132
31 16 128 5000 188
32 128 256 800 179
33 64 128 800 130
34 64 16 5000 161
35 128 256 5000 94
36 128 256 500 166
37 128 16 5000 121
38 16 128 1000 130
39 16 128 500 176
40 16 256 500 141
41 64 256 5000 113
42 16 64 2400 189
43 16 64 5000 93
44 32 64 1000 195
45 32 128 800 200
46 128 16 2400 109
47 32 64 2400 157
48 32 16 5000 135
49 128 16 500 183
50 32 64 800 122
51 64 256 800 156
52 32 256 1000 131
53 64 64 5000 140
54 128 256 2400 114
55 128 256 800 143
56 16 64 2400 93
57 128 64 2400 158
58 128 256 5000 143
59 128 256 1000 156
60 16 128 5000 184
61 16 64 5000 154
62 128 16 500 176
63 32 256 5000 174
64 128 16 1000 105
65 64 128 800 91
66 16 16 1000 141
67 64 64 500 193
68 128 256 2400 172
69 16 256 500 92
70 16 256 2400 154
71 32 256 5000 199
72 32 256 2400 104
73 32 16 800 153
74 128 128 2400 121
75 128 128 2400 104
76 16 128 500 163
77 16 256 500 188
78 16 16 500 198
79 16 64 5000 142
80 16 256 5000 161
81 64 16 800 160
82 64 128 800 190
83 16 64 1000 162
84 16 16 5000 200
85 16 128 800 116
86 32 16 800 191
87 128 64 2400 185
88 128 128 800 153
89 32 256 1000 113
90 128 128 800 126
91 16 16 2400 91
92 64 64 1000 159
93 32 256 5000 110
94 64 64 800 125
95 32 128 2400 164
96 128 128 5000 96
97 32 128 500 193
98 32 16 2400 168
99 64 64 500 116
100 32 64 800 92
101 128 128 800 113
102 32 64 500 104
103 32 16 2400 112
104 32 16 800 159
105 64 16 500 189
106 128 16 800 93
107 16 16 2400 119
108 64 16 800 146
109 128 64 800 137
110 64 64 500 97
111 16 64 800 145
112 128 16 1000 187
113 32 128 1000 197
114 32 16 5000 175
115 16 64 5000 162
116 64 16 800 178
117 16 256 5000 158
118 64 256 2400 189
119 16 16 800 178
120 16 128 1000 119
121 16 128 800 199
122 128 16 1000 178
123 128 256 800 143
124 16 128 500 125
125 128 64 5000 132
126 64 64 500 197
127 64 128 1000 181
128 32 256 1000 117
129 16 128 500 110
130 16 16 2400 148
131 128 128 5000 116
132 32 256 1000 158
133 128 16 500 185
134 64 64 500 122
135 128 64 800 134
136 16 64 800 118
137 64 16 2400 188
138 64 64 5000 144
139 128 256 2400 161
140 64 256 5000 178
141 32 64 800 141
142 128 128 2400 183
143 128 256 800 172
144 128 16 2400 159
145 16 16 2400 171
146 32 64 5000 139
147 128 64 800 127
148 128 64 5000 129
149 32 256 1000 129
150 64 16 800 143
151 128 256 500 140
152 128 256 5000 144
153 128 128 1000 157
154 128 128 1000 179
155 64 256 2400 177
156 16 256 2400 107
157 16 64 500 162
158 16 64 800 151
159 64 256 5000 96
160 16 64 1000 181
161 128 256 1000 196
162 16 256 1000 190
163 128 64 1000 155
164 128 64 800 121
165 64 256 2400 146
166 128 64 2400 139
167 16 256 5000 192
168 16 16 800 195
169 128 64 500 165
170 16 64 2400 182
171 16 64 800 131
172 128 64 5000 161
173 32 16 800 194
174 32 256 1000 97
175 32 64 800 143
176 32 128 800 152
177 128 64 500 179
178 64 256 1000 164
179 64 128 1000 118
180 128 16 800 128
181 64 128 500 149
182 64 64 1000 99
183 64 256 5000 139
184 64 256 1000 131
185 128 256 800 140
186 128 64 500 195
187 128 16 800 151
188 64 16 500 198
189 64 128 2400 180
190 16 64 500 112
191 16 64 1000 129
192 32 64 1000 144
193 32 64 2400 101
194 128 128 500 115
195 16 16 800 180
196 32 16 1000 115
197 32 256 500 152
198 32 256 2400 97
199 16 128 500 180
200 16 64 5000 162
201 16 64 5000 102
202 64 256 5000 103
203 32 128 1000 170
204 16 64 1000 127
205 128 256 1000 163
206 32 64 1000 91
207 32 256 2400 127
208 128 256 500 198
209 64 16 1000 197
210 32 128 2400 152
211 32 64 800 94
212 64 256 2400 150
213 32 64 2400 92
214 64 128 1000 113
215 64 128 500 190
216 16 64 5000 163
217 32 16 1000 135
218 64 16 1000 116
219 16 16 5000 114
220 16 128 1000 164
221 32 256 5000 104
222 32 64 500 98
223 128 64 800 127
224 16 16 500 128
225 16 128 5000 95
226 16 16 1000 120
227 128 256 500 167
228 16 16 2400 140
229 128 16 2400 121
230 64 128 1000 125
231 128 128 1000 128
232 16 128 2400 102
233 64 64 5000 150
234 16 16 800 130
235 64 64 5000 169
236 32 64 2400 151
237 128 16 500 154
238 32 128 2400 132
239 128 256 5000 199
240 128 256 500 112
241 32 128 500 135
242 16 128 800 140
243 32 128 500 128
244 64 64 5000 156
245 128 128 1000 189
246 16 256 2400 178
247 16 16 1000 180
248 64 16 5000 160
249 64 128 500 159
250 32 256 800 177
251 32 128 5000 101
252 64 16 500 120
253 32 64 5000 189
254 32 128 500 117
255 32 256 1000 152
256 64 256 2400 197
257 64 16 1000 176
258 128 128 500 90
259 32 64 2400 105
260 32 256 2400 148
261 128 64 800 117
262 64 64 500 130
263 32 16 5000 198
264 32 64 800 147
265 64 128 1000 154
266 128 128 2400 198
267 16 256 500 153
268 32 64 2400 196
269 32 16 2400 145
270 128 16 800 141
271 64 128 5000 169
272 16 16 2400 194
273 64 128 2400 160
274 32 64 5000 93
275 32 64 2400 185
276 64 16 1000 104
277 16 64 5000 144
278 128 64 1000 147
279 64 16 2400 140
280 64 16 800 125
281 64 128 5000 165
282 128 128 5000 90
283 128 128 2400 128
284 16 16 2400 139
285 16 128 1000 170
286 16 64 5000 187
287 128 128 5000 150
288 32 256 2400 172
289 128 16 800 120
290 16 16 500 161
291 32 16 2400 158
292 32 128 500 166
293 128 128 5000 149
294 16 128 5000 146
295 16 256 1000 191
296 64 128 800 199
297 32 64 500 103
298 64 16 5000 98
299 16 64 2400 187
300 32 256 800 96
301 16 16 800 117
302 32 16 2400 120
303 128 16 5000 101
304 16 64 1000 106
305 32 64 500 131
306 64 256 5000 157
307 16 128 500 121
308 64 64 5000 144
309 16 128 2400 132
310 32 16 5000 92
311 128 64 1000 108
312 64 64 5000 128
313 16 256 2400 123
314 128 256 1000 113
315 32 16 1000 94
316 32 64 1000 178
317 64 256 800 200
318 32 16 2400 179
319 64 64 1000 128
320 32 256 5000 177
321 128 64 5000 138
322 16 256 5000 109
323 16 128 5000 96
324 128 64 500 102
325 128 256 1000 161
326 16 256 5000 159
327 16 64 2400 144
328 16 128 500 109
329 32 256 800 103
330 64 256 1000 146
331 128 256 500 154
332 16 16 2400 120
333 64 64 2400 136
334 64 64 800 149
335 32 16 1000 176
336 128 128 2400 93
337 32 16 2400 167
338 128 16 500 132
339 128 128 1000 144
340 16 16 800 154
341 32 256 2400 183
342 32 256 5000 179
343 32 16 800 179
344 16 64 800 189
345 64 256 5000 189
346 16 128 2400 196
347 32 64 800 121
348 128 64 500 181
349 32 16 1000 169
350 64 64 5000 103
351 128 16 5000 182
352 16 64 1000 195
353 32 64 2400 109
354 16 64 2400 109
355 32 64 5000 101
356 16 256 5000 194
357 128 16 1000 100
358 32 64 5000 133
359 128 256 5000 177
360 16 256 500 105
361 32 64 800 143
362 16 256 500 164
363 32 16 500 111
364 32 16 1000 98
365 32 128 5000 197
366 16 256 2400 152
367 32 128 500 149
368 16 128 800 157
369 16 64 800 151
370 32 16 1000 126
371 16 128 1000 187
372 16 256 2400 191
373 32 256 800 127
374 16 64 1000 146
375 64 128 2400 188
376 64 64 5000 193
68
7 27 50 146
8 301 56 120
12 307 45 187
15 101 50 129
19 40 67 167
21 357 70 166
22 30 49 177
22 240 59 153
28 32 62 94
29 246 48 103
35 39 65 107
36 310 41 100
39 181 43 110
48 307 55 186
51 111 50 157
52 270 69 158
58 142 50 107
59 97 48 127
61 120 61 144
61 303 50 115
64 159 47 110
65 345 57 91
65 137 63 187
68 144 67 126
74 332 64 190
75 168 42 143
78 301 64 113
88 269 55 91
88 221 57 105
96 189 52 94
98 203 63 170
99 283 59 170
99 253 65 93
103 175 65 107
113 165 47 94
114 363 51 134
121 309 55 137
137 337 58 194
141 194 59 184
147 226 61 112
148 268 46 114
151 220 54 157
151 294 53 158
158 186 61 196
160 341 68 123
163 295 70 198
163 247 42 162
166 262 42 170
168 250 46 115
169 299 68 147
170 354 61 138
175 343 68 130
175 320 61 175
182 297 48 164
205 206 47 165
210 255 42 94
213 331 55 183
219 288 48 92
221 291 56 93
236 240 67 121
244 373 42 152
261 338 70 183
277 314 40 120
279 307 65 91
281 359 65 191
293 341 52 162
306 368 46 172
308 343 65 147