39
0 32 40 1000 162
1 16 40 400 96
2 32 96 5000 173
3 16 96 2000 131
4 32 96 5000 92
5 16 96 400 114
6 16 40 1000 93
7 32 40 1000 146
8 16 96 2000 152
9 32 64 400 119
10 32 64 5000 134
11 16 64 800 126
12 16 40 400 169
13 32 64 400 108
14 32 40 1000 170
15 32 96 400 147
16 16 96 800 146
17 32 96 5000 91
18 32 64 1000 104
19 16 40 2000 90
20 16 40 1000 179
21 16 96 400 164
22 16 96 1000 186
23 16 96 5000 137
24 16 40 400 163
25 32 64 400 90
26 16 40 5000 190
27 16 96 1000 121
28 32 96 800 200
29 16 64 800 196
30 16 40 400 144
31 16 40 2000 110
32 32 64 400 147
33 32 40 5000 124
34 32 40 1000 91
35 16 40 1000 110
36 16 40 1000 193
37 16 64 400 111
38 32 64 5000 122
11
0 39 49 176
0 30 54 192
0 11 60 90
2 7 44 115
5 30 61 91
10 36 63 161
11 12 53 148
14 31 50 164
14 38 63 197
15 29 42 182
38 39 44 186