101
0 8 64 500 130
1 16 64 200 112
2 16 64 500 119
3 8 64 100 117
4 8 64 1000 137
5 2 64 200 123
6 16 128 300 123
7 8 64 100 93
8 8 16 300 145
9 16 16 500 106
10 8 16 500 128
11 8 64 500 125
12 8 128 300 140
13 16 16 100 101
14 8 64 300 118
15 2 64 500 142
16 2 16 1000 135
17 8 64 500 95
18 16 64 200 92
19 16 16 200 143
20 2 64 500 131
21 8 128 200 130
22 16 128 1000 131
23 8 64 500 130
24 16 128 1000 122
25 16 128 1000 126
26 16 64 300 93
27 16 16 100 97
28 8 64 500 119
29 16 128 300 133
30 8 16 100 148
31 8 128 300 96
32 16 16 100 118
33 16 16 500 120
34 2 64 1000 110
35 2 16 500 93
36 16 16 100 97
37 2 128 500 96
38 8 128 300 125
39 8 128 300 136
40 16 64 200 140
41 16 64 200 129
42 8 128 100 147
43 2 16 500 106
44 2 16 300 124
45 8 16 300 149
46 8 128 1000 101
47 2 64 500 98
48 8 128 100 144
49 8 64 200 138
50 8 16 100 126
51 8 16 500 148
52 16 16 1000 119
53 16 16 500 139
54 16 64 1000 111
55 8 64 1000 129
56 16 128 100 110
57 8 128 500 126
58 8 64 200 130
59 16 128 500 121
60 8 64 1000 132
61 8 64 300 140
62 8 128 500 118
63 16 128 100 131
64 2 64 300 108
65 16 16 100 119
66 2 16 200 92
67 16 64 500 114
68 16 64 500 119
69 2 128 1000 145
70 8 64 100 137
71 8 64 200 105
72 2 64 300 144
73 2 16 1000 112
74 2 64 100 133
75 2 128 200 138
76 2 16 200 91
77 8 128 100 106
78 2 64 1000 122
79 16 16 300 111
80 8 128 500 95
81 2 16 500 131
82 16 16 100 116
83 16 16 500 94
84 16 64 200 106
85 8 16 500 147
86 8 64 300 115
87 8 128 1000 129
88 16 16 1000 117
89 8 128 500 115
90 2 64 200 109
91 2 16 200 129
92 8 128 100 107
93 2 64 500 128
94 8 16 500 120
95 16 16 200 132
96 8 16 100 108
97 16 128 100 123
98 2 64 1000 114
99 2 128 1000 146
100 16 64 500 129
38
1 76 52 199
3 52 49 97
6 10 42 162
6 56 57 172
6 37 60 133
6 78 69 90
9 10 41 176
12 63 62 114
12 84 47 181
13 26 69 170
14 41 40 153
16 54 51 117
18 56 67 189
20 101 48 90
20 92 53 91
21 86 53 109
25 55 67 184
26 57 69 110
28 76 66 176
29 47 66 134
30 64 41 114
30 71 50 137
36 55 48 144
36 89 47 135
37 91 43 152
39 49 61 157
41 80 45 162
50 90 52 103
50 82 65 137
54 82 58 173
54 60 56 102
55 69 63 146
62 66 61 185
71 90 46 184
75 101 47 164
76 92 64 105
81 93 68 150
87 97 63 169