980
0 16 2 50 86
1 8 64 100 72
2 2 64 50 57
3 8 2 200 72
4 8 64 50 94
5 2 4 150 64
6 2 4 50 63
7 16 64 100 75
8 2 2 100 50
9 8 2 200 56
10 8 16 200 73
11 8 4 100 75
12 8 64 200 56
13 16 64 50 61
14 2 64 150 96
15 8 16 150 87
16 2 16 50 99
17 16 64 150 95
18 2 4 50 53
19 2 2 150 50
20 8 2 50 59
21 16 64 200 87
22 2 64 150 67
23 2 16 50 64
24 8 16 200 62
25 8 4 100 81
26 8 16 200 76
27 16 2 200 81
28 16 2 50 76
29 2 64 50 87
30 2 64 50 72
31 8 64 50 94
32 2 2 200 82
33 8 4 50 89
34 16 4 200 56
35 16 2 100 65
36 16 64 150 95
37 8 4 150 91
38 8 16 50 74
39 2 4 200 56
40 8 4 100 67
41 16 64 100 66
42 16 64 150 94
43 8 4 100 61
44 8 2 200 67
45 16 4 100 52
46 2 64 150 77
47 2 16 150 57
48 2 4 50 94
49 8 4 100 76
50 2 16 150 71
51 2 4 200 70
52 16 4 50 63
53 16 64 100 92
54 8 4 100 96
55 16 16 100 64
56 2 4 100 96
57 2 16 200 62
58 2 64 200 53
59 2 2 50 78
60 2 16 150 50
61 2 2 100 96
62 2 2 150 66
63 16 2 50 98
64 16 2 150 79
65 8 4 50 85
66 16 64 50 94
67 2 64 50 51
68 16 16 100 76
69 16 64 200 74
70 2 64 50 88
71 2 64 50 50
72 2 2 200 58
73 2 16 200 84
74 16 2 150 97
75 8 64 200 51
76 8 16 100 62
77 16 4 50 66
78 8 64 50 60
79 8 16 50 53
80 8 16 200 91
81 16 4 100 52
82 2 4 200 69
83 2 16 100 76
84 16 16 100 92
85 2 16 200 59
86 16 64 50 94
87 8 64 150 90
88 16 16 50 80
89 2 4 200 91
90 8 64 50 51
91 8 4 200 84
92 2 2 100 60
93 8 4 50 75
94 2 64 100 96
95 8 64 50 56
96 2 64 100 90
97 16 16 50 72
98 8 16 150 73
99 8 4 100 84
100 16 2 200 98
101 8 2 50 71
102 8 2 50 55
103 16 2 100 82
104 2 4 50 55
105 2 2 200 65
106 2 16 100 67
107 16 4 200 95
108 16 2 100 69
109 16 16 150 94
110 16 2 150 55
111 16 4 100 96
112 16 64 150 78
113 8 4 150 80
114 8 4 100 99
115 2 64 150 52
116 8 4 50 70
117 16 4 150 68
118 2 64 100 77
119 2 64 100 60
120 8 64 200 85
121 2 4 200 75
122 8 16 150 55
123 8 4 150 69
124 16 2 150 54
125 8 2 100 52
126 2 2 200 84
127 16 64 150 81
128 16 2 100 94
129 8 64 50 62
130 16 2 150 94
131 16 16 100 62
132 8 64 150 69
133 16 64 200 89
134 16 4 150 64
135 2 2 100 87
136 2 2 200 51
137 8 2 50 73
138 2 4 150 55
139 8 16 50 74
140 8 2 200 76
141 16 4 100 89
142 16 4 50 80
143 2 2 200 89
144 2 2 50 60
145 8 64 50 64
146 16 4 150 61
147 8 16 50 53
148 2 16 150 61
149 16 2 150 78
150 16 4 200 75
151 16 2 100 90
152 8 2 200 96
153 2 64 50 67
154 16 16 200 57
155 2 64 150 71
156 16 2 50 100
157 8 64 200 52
158 8 2 200 84
159 16 64 50 83
160 2 16 100 96
161 8 16 200 98
162 16 16 200 60
163 16 2 150 85
164 16 16 200 67
165 16 2 200 85
166 8 2 150 83
167 8 16 200 54
168 16 16 150 85
169 2 4 150 96
170 8 16 150 58
171 2 2 200 71
172 16 64 150 54
173 2 2 150 77
174 8 4 50 97
175 2 2 50 69
176 8 64 150 52
177 16 2 200 89
178 2 16 100 77
179 2 4 150 60
180 2 64 100 83
181 8 16 200 65
182 2 16 200 72
183 8 2 100 58
184 8 16 200 74
185 2 2 50 80
186 16 16 150 86
187 16 2 200 97
188 2 16 100 52
189 8 16 150 57
190 8 16 200 90
191 8 64 200 52
192 2 64 200 56
193 16 2 50 83
194 8 16 200 73
195 16 16 50 56
196 2 64 50 50
197 8 4 200 63
198 2 2 200 88
199 8 64 150 62
200 2 4 200 77
201 2 64 200 87
202 16 2 50 86
203 2 64 150 66
204 2 4 200 67
205 16 4 50 58
206 8 16 50 97
207 8 4 50 65
208 16 16 200 54
209 2 64 150 89
210 16 2 150 86
211 8 16 100 59
212 8 64 150 54
213 8 64 150 67
214 16 4 150 97
215 16 4 150 63
216 8 2 200 93
217 8 16 50 56
218 16 16 50 77
219 16 16 50 82
220 16 4 50 68
221 8 64 50 97
222 8 16 100 56
223 2 16 150 59
224 2 2 100 90
225 8 4 150 71
226 16 4 50 90
227 2 16 50 91
228 16 2 50 83
229 16 16 150 83
230 8 64 50 85
231 16 2 150 89
232 16 64 100 71
233 8 16 100 82
234 16 2 50 61
235 16 2 100 71
236 8 4 50 83
237 2 64 50 60
238 2 64 200 77
239 2 16 200 53
240 2 64 100 71
241 8 64 200 73
242 2 4 50 58
243 16 16 150 61
244 16 2 200 51
245 8 4 50 89
246 2 64 200 91
247 2 16 200 93
248 2 2 150 66
249 8 2 200 64
250 2 4 100 57
251 2 2 50 81
252 16 2 200 72
253 8 4 50 99
254 16 16 200 97
255 8 4 50 63
256 8 16 50 88
257 16 64 50 91
258 8 64 200 79
259 8 16 50 93
260 2 4 150 59
261 16 16 100 85
262 2 2 100 61
263 8 2 100 77
264 8 2 200 65
265 8 16 100 76
266 2 4 50 75
267 16 2 150 57
268 2 64 50 89
269 8 64 50 69
270 2 16 200 50
271 16 64 100 71
272 2 64 100 86
273 2 64 200 77
274 16 16 150 53
275 16 2 150 57
276 8 4 200 56
277 2 16 200 89
278 16 2 200 97
279 16 16 150 62
280 2 16 50 92
281 2 64 100 57
282 16 64 200 70
283 2 64 200 50
284 8 64 200 65
285 2 16 50 86
286 8 16 200 95
287 8 16 200 83
288 16 2 200 57
289 8 16 50 85
290 8 2 200 82
291 8 2 100 67
292 8 64 100 96
293 16 2 150 94
294 16 64 200 51
295 8 2 150 89
296 8 4 150 59
297 16 2 150 62
298 16 2 200 83
299 16 16 200 62
300 8 64 150 52
301 8 4 150 88
302 2 64 200 56
303 2 4 150 96
304 8 4 100 64
305 16 16 100 88
306 8 16 200 70
307 16 4 200 66
308 16 4 200 98
309 16 4 200 98
310 8 16 200 95
311 2 16 200 90
312 16 64 200 53
313 16 64 100 59
314 16 4 50 62
315 2 4 100 78
316 8 16 150 90
317 2 2 100 96
318 8 4 150 60
319 2 64 100 78
320 8 64 100 50
321 16 2 50 76
322 2 2 200 65
323 8 2 200 86
324 2 64 50 50
325 2 2 150 54
326 16 2 150 97
327 2 64 50 69
328 16 64 200 87
329 8 64 50 89
330 16 2 200 78
331 16 2 200 93
332 2 16 50 51
333 16 4 200 69
334 2 16 150 64
335 2 16 100 61
336 8 64 150 79
337 8 2 100 80
338 8 2 150 77
339 8 2 200 70
340 2 4 100 64
341 16 16 150 100
342 16 2 100 66
343 16 2 50 79
344 16 4 150 87
345 2 4 150 79
346 16 4 150 90
347 16 16 200 80
348 16 4 150 77
349 2 4 100 98
350 2 2 150 66
351 8 2 200 76
352 8 4 50 50
353 16 2 50 64
354 8 4 50 50
355 16 4 150 76
356 16 16 200 95
357 8 16 150 98
358 8 64 200 75
359 8 64 50 75
360 2 16 100 73
361 8 4 150 73
362 16 2 150 68
363 16 64 50 65
364 2 4 150 98
365 2 16 200 74
366 2 64 150 56
367 2 16 50 56
368 8 64 200 61
369 8 16 50 76
370 2 2 50 76
371 2 16 150 63
372 16 4 200 98
373 16 16 50 97
374 8 2 150 60
375 8 2 200 78
376 16 16 200 88
377 8 2 50 97
378 2 64 150 54
379 8 2 200 79
380 2 4 50 94
381 8 4 150 76
382 16 16 150 93
383 16 4 200 60
384 2 16 100 93
385 8 64 200 85
386 2 4 50 55
387 2 4 100 52
388 16 4 50 57
389 8 4 50 60
390 2 16 200 90
391 2 4 200 61
392 8 64 100 92
393 8 4 50 84
394 16 16 50 66
395 16 2 50 86
396 16 16 200 78
397 8 16 100 70
398 16 64 200 77
399 16 4 200 67
400 8 2 200 70
401 2 16 100 83
402 8 16 200 58
403 8 2 50 89
404 8 2 100 92
405 8 4 50 55
406 16 2 100 58
407 2 4 150 71
408 2 64 100 59
409 16 4 50 55
410 8 4 50 77
411 8 4 200 85
412 16 4 100 60
413 2 64 150 67
414 2 2 100 81
415 16 2 150 58
416 8 2 50 88
417 2 64 50 51
418 2 64 150 51
419 8 16 150 93
420 16 2 150 59
421 8 2 200 63
422 16 64 200 71
423 8 64 50 88
424 16 64 50 82
425 8 4 200 55
426 16 2 200 51
427 16 4 150 74
428 16 64 100 87
429 2 16 50 57
430 8 2 50 85
431 16 16 50 100
432 16 64 150 54
433 8 4 50 98
434 2 4 150 57
435 16 64 200 53
436 8 16 150 60
437 8 2 200 61
438 8 16 200 96
439 2 64 100 69
440 8 64 200 97
441 16 4 50 51
442 16 4 50 84
443 2 64 100 99
444 2 64 200 66
445 16 16 200 96
446 16 2 100 59
447 2 4 50 58
448 2 4 200 78
449 8 64 100 89
450 8 64 50 72
451 16 4 50 90
452 16 4 200 71
453 16 4 200 62
454 2 16 150 60
455 8 16 100 92
456 2 4 200 52
457 2 4 150 74
458 16 2 150 59
459 8 64 50 86
460 8 64 50 51
461 16 16 50 76
462 16 4 100 61
463 2 4 50 96
464 8 2 50 73
465 8 64 50 90
466 16 16 200 82
467 2 4 100 98
468 16 16 50 57
469 2 64 50 66
470 8 16 150 68
471 2 64 50 96
472 2 4 150 74
473 2 16 100 50
474 16 2 150 99
475 16 64 100 58
476 2 4 200 76
477 2 64 50 59
478 16 64 200 89
479 16 16 150 67
480 8 2 150 83
481 2 2 150 83
482 2 2 150 85
483 16 16 100 63
484 16 2 50 51
485 8 4 100 75
486 8 16 50 60
487 8 4 150 93
488 16 16 200 96
489 8 16 50 77
490 16 16 50 94
491 16 2 50 93
492 16 16 200 50
493 8 2 150 54
494 8 64 100 80
495 16 2 200 70
496 8 16 50 95
497 8 4 150 87
498 8 4 50 75
499 8 16 50 66
500 16 4 200 68
501 16 2 100 66
502 16 4 100 90
503 16 16 200 77
504 8 2 150 77
505 2 4 150 71
506 8 2 200 63
507 16 64 200 63
508 8 4 200 88
509 8 4 100 84
510 8 64 200 76
511 8 4 150 99
512 8 2 150 93
513 8 4 200 64
514 8 16 50 93
515 16 16 100 77
516 2 4 100 55
517 8 16 150 92
518 2 4 150 84
519 8 64 100 98
520 8 64 200 69
521 8 4 200 50
522 2 16 50 72
523 8 64 150 91
524 16 4 50 88
525 2 4 100 71
526 2 2 100 98
527 8 4 150 80
528 16 4 200 98
529 16 4 50 88
530 16 64 150 70
531 2 64 200 98
532 8 16 150 94
533 2 4 50 62
534 16 2 50 79
535 8 64 50 82
536 8 16 200 79
537 8 4 100 50
538 16 2 100 85
539 2 2 50 90
540 2 16 100 61
541 8 16 100 61
542 8 4 50 74
543 8 64 150 83
544 2 16 50 53
545 8 2 50 55
546 16 2 200 63
547 8 64 150 60
548 2 64 50 85
549 16 16 100 55
550 8 64 150 100
551 16 2 50 98
552 2 4 200 59
553 2 64 150 89
554 8 4 200 64
555 2 64 100 97
556 2 2 150 94
557 16 16 150 91
558 8 16 150 99
559 8 16 200 61
560 16 2 150 96
561 16 16 200 57
562 2 4 150 85
563 8 2 100 98
564 2 2 200 67
565 8 2 200 52
566 2 2 150 55
567 2 4 50 67
568 2 4 50 85
569 16 16 50 75
570 2 64 100 86
571 16 64 200 61
572 16 64 200 74
573 8 64 150 76
574 8 4 100 64
575 16 4 150 72
576 16 16 150 51
577 8 16 150 88
578 16 2 50 53
579 16 4 200 75
580 2 4 100 53
581 8 16 100 73
582 16 4 100 57
583 2 64 150 98
584 8 2 150 79
585 16 4 50 61
586 16 2 150 61
587 16 2 100 95
588 2 4 100 80
589 2 16 100 89
590 16 64 100 89
591 16 64 150 81
592 2 64 150 86
593 16 2 50 72
594 16 2 100 61
595 8 64 100 90
596 2 4 200 80
597 8 16 150 74
598 2 2 100 71
599 8 4 50 68
600 8 2 150 55
601 8 16 150 62
602 8 4 200 58
603 16 64 100 69
604 16 4 50 93
605 8 64 100 72
606 16 2 200 69
607 2 2 100 86
608 2 64 50 61
609 8 2 200 58
610 8 4 150 61
611 2 4 150 68
612 8 4 50 74
613 2 4 50 58
614 2 16 50 89
615 8 16 50 97
616 16 4 200 95
617 2 16 150 56
618 8 2 150 96
619 2 64 200 95
620 8 4 200 82
621 2 4 200 52
622 8 4 100 62
623 8 64 200 79
624 8 64 200 85
625 2 2 150 79
626 2 64 200 96
627 16 2 100 89
628 16 2 100 84
629 2 2 100 60
630 8 64 50 53
631 8 4 150 97
632 16 64 200 69
633 8 4 150 81
634 2 4 200 68
635 16 4 100 99
636 8 16 50 89
637 16 4 200 88
638 16 16 200 85
639 2 16 100 81
640 16 64 50 63
641 8 2 150 59
642 16 64 50 57
643 2 2 100 61
644 8 16 150 58
645 16 2 200 78
646 2 64 100 51
647 2 64 200 69
648 8 4 150 80
649 8 16 150 64
650 8 4 200 63
651 2 4 100 97
652 2 2 150 96
653 16 16 50 57
654 2 16 150 87
655 8 16 150 87
656 2 4 200 84
657 16 4 50 85
658 2 4 100 61
659 2 64 50 95
660 8 16 100 91
661 8 16 50 67
662 8 4 100 54
663 16 2 100 85
664 16 4 150 80
665 8 16 200 70
666 16 2 150 68
667 2 2 100 69
668 16 16 100 99
669 8 4 150 82
670 16 64 150 52
671 2 64 150 61
672 16 4 200 84
673 16 2 100 83
674 16 64 200 78
675 2 16 150 75
676 16 64 150 88
677 16 2 200 95
678 2 16 150 61
679 16 2 150 53
680 16 2 100 62
681 16 64 50 79
682 8 16 100 77
683 8 16 50 95
684 16 16 150 74
685 2 2 50 71
686 2 4 200 70
687 8 16 200 59
688 2 2 150 61
689 8 16 100 64
690 2 4 150 93
691 2 4 50 73
692 2 4 200 83
693 16 64 200 82
694 16 4 50 71
695 8 4 150 64
696 2 16 200 77
697 8 4 100 61
698 2 4 50 53
699 16 2 50 65
700 8 64 100 66
701 2 16 50 91
702 8 2 100 59
703 16 2 100 63
704 2 64 200 71
705 2 64 100 77
706 16 16 150 55
707 8 64 100 55
708 8 2 100 96
709 16 4 150 65
710 16 16 100 60
711 16 2 50 75
712 2 16 50 54
713 8 2 100 69
714 2 2 50 89
715 16 4 100 91
716 8 16 200 94
717 16 2 150 86
718 8 4 150 77
719 16 64 100 93
720 2 4 100 53
721 16 2 200 51
722 8 2 200 66
723 2 2 150 82
724 2 2 200 66
725 8 64 100 52
726 16 16 100 50
727 2 64 200 97
728 2 2 50 94
729 8 16 150 61
730 2 64 150 54
731 16 64 150 78
732 16 2 100 55
733 8 2 200 82
734 16 4 50 86
735 2 4 100 69
736 8 16 200 73
737 2 64 100 76
738 8 2 150 62
739 2 2 150 62
740 16 2 200 77
741 8 64 50 91
742 8 64 100 90
743 2 64 100 81
744 16 4 100 64
745 2 64 50 66
746 2 2 100 74
747 8 4 50 91
748 8 4 100 81
749 16 4 200 92
750 2 2 150 81
751 16 4 100 97
752 16 16 100 77
753 2 16 50 66
754 16 4 200 70
755 8 16 200 76
756 16 64 150 71
757 2 16 150 78
758 2 64 200 61
759 16 16 100 81
760 8 16 150 76
761 2 2 100 71
762 2 4 100 66
763 16 64 200 60
764 8 16 50 76
765 16 4 200 72
766 16 64 200 61
767 2 2 50 65
768 2 64 100 61
769 2 2 50 52
770 2 4 150 56
771 8 2 150 77
772 8 64 50 89
773 8 64 50 68
774 16 2 200 97
775 16 2 100 53
776 16 2 100 61
777 2 2 50 100
778 8 64 150 83
779 16 64 50 63
780 16 16 50 57
781 2 4 150 74
782 8 16 50 52
783 16 64 150 89
784 8 16 100 55
785 16 16 200 79
786 16 4 50 93
787 8 64 200 88
788 16 16 150 82
789 8 64 100 83
790 8 4 100 74
791 16 2 150 91
792 8 16 50 92
793 8 4 50 72
794 2 2 150 65
795 8 16 50 66
796 8 2 200 97
797 2 64 100 94
798 2 16 50 92
799 2 4 200 82
800 8 16 150 67
801 16 4 150 84
802 8 2 50 86
803 8 2 200 57
804 16 2 150 88
805 16 4 150 57
806 16 64 150 95
807 2 64 100 59
808 8 2 100 84
809 2 64 200 74
810 8 64 200 59
811 2 64 100 78
812 2 2 200 71
813 8 2 100 55
814 2 4 50 82
815 16 4 100 71
816 2 16 200 83
817 16 16 50 51
818 2 16 100 82
819 2 64 50 94
820 2 64 50 93
821 2 4 50 95
822 16 64 150 65
823 8 4 50 90
824 2 16 200 66
825 16 16 100 92
826 16 4 100 96
827 2 2 100 97
828 8 2 100 80
829 8 16 100 89
830 2 2 150 88
831 8 16 50 90
832 16 64 150 51
833 16 2 100 80
834 16 2 150 66
835 16 4 200 56
836 8 64 50 51
837 8 4 50 59
838 2 16 50 83
839 16 64 150 94
840 8 2 200 87
841 16 2 150 69
842 8 64 150 71
843 16 64 150 86
844 16 2 150 66
845 2 2 200 84
846 16 16 200 53
847 8 64 200 62
848 16 16 150 83
849 16 2 100 71
850 2 64 150 71
851 2 4 100 73
852 16 2 50 58
853 2 64 100 61
854 8 16 200 89
855 8 64 50 75
856 16 4 200 80
857 16 4 200 50
858 8 2 100 90
859 16 16 200 79
860 8 16 200 97
861 8 16 50 97
862 8 64 200 53
863 8 16 200 75
864 8 4 50 61
865 2 4 150 66
866 8 64 100 76
867 16 16 200 57
868 16 4 200 80
869 2 2 150 87
870 16 64 100 67
871 8 4 100 69
872 16 16 50 53
873 16 64 200 94
874 2 2 50 81
875 2 16 50 62
876 16 2 200 75
877 2 4 150 69
878 8 64 200 87
879 2 64 50 60
880 16 2 100 51
881 16 4 50 54
882 8 4 100 50
883 16 4 50 65
884 16 2 200 77
885 16 64 50 50
886 16 2 150 58
887 16 16 150 92
888 2 4 200 96
889 8 2 150 96
890 16 64 150 87
891 2 64 100 80
892 2 2 150 75
893 2 64 150 84
894 8 2 200 79
895 2 16 150 78
896 8 64 200 51
897 2 16 150 92
898 16 2 100 76
899 16 16 150 50
900 16 64 50 92
901 8 4 100 78
902 2 64 150 64
903 8 16 100 57
904 2 2 150 70
905 16 64 50 86
906 2 4 200 59
907 2 2 200 53
908 16 64 100 80
909 8 4 150 74
910 2 16 200 73
911 2 64 50 61
912 2 4 200 56
913 2 2 50 64
914 16 2 50 53
915 16 16 50 73
916 8 2 150 86
917 16 2 150 52
918 8 4 50 69
919 16 4 100 83
920 8 2 50 54
921 16 4 200 76
922 2 4 100 90
923 16 16 150 79
924 8 16 100 98
925 2 64 50 85
926 16 64 100 77
927 16 16 50 99
928 2 64 200 74
929 8 16 100 51
930 8 4 150 60
931 16 2 50 65
932 16 4 100 90
933 16 64 100 51
934 8 64 150 77
935 16 16 150 96
936 16 16 200 99
937 2 64 200 99
938 2 64 200 85
939 8 2 50 55
940 8 16 50 54
941 8 64 50 71
942 16 64 50 74
943 8 4 200 84
944 2 64 200 71
945 8 64 50 65
946 8 2 50 70
947 16 4 200 96
948 16 4 150 83
949 2 2 100 85
950 2 2 50 57
951 2 64 200 67
952 2 4 100 74
953 8 16 100 92
954 8 16 50 90
955 16 2 200 51
956 2 4 200 68
957 8 64 50 95
958 2 2 150 72
959 2 4 100 93
960 16 4 100 51
961 16 16 200 62
962 2 16 50 52
963 16 64 200 68
964 16 16 50 52
965 2 2 50 99
966 2 2 150 61
967 16 2 200 61
968 2 64 100 72
969 16 2 50 85
970 2 4 50 99
971 16 4 200 97
972 16 16 100 75
973 2 16 50 55
974 8 4 50 64
975 16 2 50 83
976 16 2 100 81
977 2 2 200 50
978 16 16 150 87
979 8 16 200 80
39
12 871 49 133
56 85 61 186
57 422 49 148
71 279 60 139
82 347 66 127
90 866 54 137
98 471 61 98
99 151 62 142
130 352 58 135
133 809 40 126
137 490 46 133
145 523 41 196
151 349 45 94
181 367 40 183
187 663 68 185
188 335 43 192
227 511 49 93
251 390 66 139
255 705 68 159
256 345 54 185
267 636 45 185
304 405 49 90
342 738 59 181
354 698 56 176
363 809 55 122
384 842 55 121
423 835 43 194
426 915 45 131
445 646 46 127
450 780 40 195
519 769 59 98
536 627 67 171
601 901 52 101
614 744 42 94
725 740 42 138
726 918 63 189
758 918 66 91
771 772 54 193
818 839 67 169