212
0 8 64 50 61
1 2 16 150 72
2 8 2 100 62
3 2 4 200 100
4 2 4 50 66
5 2 64 200 91
6 8 4 200 55
7 16 64 100 52
8 2 64 50 53
9 2 4 200 57
10 16 2 50 90
11 2 2 50 65
12 8 16 50 55
13 16 64 150 100
14 2 4 50 78
15 2 2 150 62
16 16 4 100 53
17 8 64 200 61
18 16 16 200 77
19 2 16 200 78
20 16 2 200 76
21 8 2 150 72
22 8 2 200 99
23 2 64 200 90
24 16 64 100 93
25 16 16 150 66
26 16 16 200 99
27 16 16 50 100
28 16 64 200 75
29 8 16 100 70
30 8 16 150 55
31 16 16 150 73
32 8 4 50 61
33 2 16 100 68
34 2 64 150 91
35 16 64 150 83
36 8 2 150 65
37 16 16 50 91
38 2 2 150 86
39 16 4 50 90
40 2 2 150 52
41 2 16 50 85
42 8 64 200 75
43 8 4 150 60
44 2 2 150 80
45 16 16 100 69
46 2 64 100 57
47 8 16 200 69
48 8 2 50 90
49 2 16 200 90
50 16 64 50 72
51 16 64 200 76
52 2 2 200 81
53 2 2 200 85
54 8 16 100 80
55 16 2 100 88
56 16 4 50 51
57 16 2 50 81
58 2 16 100 73
59 8 16 100 59
60 16 2 50 69
61 16 2 200 62
62 8 64 100 83
63 8 2 100 73
64 16 16 50 51
65 8 4 150 95
66 16 4 150 95
67 8 4 100 87
68 16 4 50 83
69 16 4 200 53
70 2 4 100 59
71 16 16 50 76
72 8 64 50 75
73 2 64 150 92
74 8 2 50 89
75 2 4 200 58
76 16 2 150 95
77 8 4 200 55
78 2 4 150 82
79 8 2 100 95
80 16 16 200 97
81 16 16 200 95
82 8 16 100 92
83 16 4 50 65
84 2 64 100 53
85 2 2 200 50
86 16 4 200 54
87 2 64 200 94
88 2 2 50 66
89 16 16 150 52
90 16 64 200 63
91 2 64 50 73
92 16 2 200 66
93 8 64 50 92
94 16 64 200 98
95 8 2 100 94
96 16 64 150 68
97 2 4 100 83
98 2 16 200 81
99 2 2 150 61
100 2 4 150 92
101 8 16 150 93
102 2 2 200 57
103 16 64 50 76
104 16 16 150 89
105 8 16 150 58
106 8 16 200 59
107 16 16 200 95
108 8 2 100 52
109 2 2 100 69
110 16 64 50 79
111 8 64 150 71
112 16 16 200 82
113 2 16 50 76
114 2 4 100 92
115 2 16 200 61
116 16 16 150 96
117 16 64 100 56
118 16 2 200 78
119 16 2 100 72
120 8 4 150 71
121 8 64 50 93
122 2 16 200 88
123 16 2 50 85
124 16 2 150 100
125 8 64 200 63
126 16 4 200 52
127 16 64 50 92
128 2 4 200 73
129 16 64 150 50
130 16 2 100 96
131 16 64 50 56
132 8 4 200 50
133 16 2 100 57
134 2 64 50 96
135 8 64 50 83
136 8 2 50 67
137 16 16 200 78
138 16 4 200 63
139 2 2 150 87
140 8 16 150 51
141 2 64 100 75
142 16 4 200 74
143 16 4 200 54
144 2 16 200 77
145 2 2 150 79
146 8 16 200 93
147 16 4 50 92
148 2 16 100 63
149 8 64 150 69
150 16 4 100 78
151 16 4 50 57
152 2 4 200 82
153 2 64 150 92
154 8 4 200 63
155 2 16 200 90
156 16 64 200 79
157 2 64 200 95
158 8 64 150 61
159 16 16 50 95
160 2 2 200 62
161 2 16 100 99
162 16 16 100 67
163 2 64 50 79
164 2 16 50 56
165 8 4 50 79
166 8 64 100 80
167 2 2 50 76
168 8 2 200 70
169 8 4 100 68
170 16 4 50 57
171 2 16 50 85
172 2 2 200 68
173 2 4 50 60
174 16 64 150 81
175 8 4 100 82
176 16 64 100 92
177 2 16 100 60
178 16 2 200 51
179 2 64 50 79
180 16 4 150 85
181 2 2 100 71
182 8 4 50 76
183 2 16 150 64
184 8 64 200 72
185 8 64 50 69
186 2 4 150 90
187 16 64 200 85
188 8 16 150 99
189 16 64 100 88
190 8 16 200 79
191 16 2 100 59
192 8 2 50 70
193 8 4 100 55
194 16 4 50 70
195 16 16 150 96
196 8 64 100 76
197 8 64 150 85
198 2 2 150 63
199 8 4 150 74
200 8 4 200 89
201 2 2 150 59
202 8 16 200 54
203 16 4 100 75
204 8 4 50 91
205 8 4 100 100
206 2 16 50 59
207 16 16 100 66
208 2 16 200 72
209 16 2 100 60
210 8 4 200 63
211 2 64 100 100
75
0 180 45 122
1 140 61 184
2 99 48 142
2 166 60 123
3 80 48 131
3 151 50 140
3 103 45 108
7 151 52 176
7 78 68 179
7 62 48 182
9 37 48 178
12 42 50 129
13 37 64 179
13 170 54 198
13 197 47 174
15 79 64 190
16 40 67 198
16 35 46 167
16 114 65 123
21 191 44 134
21 149 54 153
25 79 69 191
28 61 56 171
29 46 53 159
29 65 49 92
32 147 40 158
36 112 43 196
39 82 40 198
39 93 67 136
42 51 47 119
42 155 49 188
44 65 61 156
46 99 54 123
48 160 47 153
51 191 44 187
52 131 62 99
53 60 55 173
53 178 64 105
56 160 65 130
56 63 60 101
57 90 42 179
57 59 59 136
58 91 53 146
66 166 51 176
68 166 48 154
69 78 58 141
73 147 46 143
76 124 47 135
82 184 55 133
86 148 44 143
91 131 66 171
91 156 54 98
96 204 55 112
96 162 56 197
97 102 46 193
98 185 65 176
100 162 40 158
101 208 69 117
108 186 53 99
108 175 40 134
110 147 60 118
116 148 48 139
120 205 59 177
130 166 64 138
131 212 41 198
149 167 67 191
150 163 62 197
151 161 55 197
163 181 64 139
165 190 63 195
166 193 59 192
175 192 65 193
183 207 54 149
190 203 52 181
200 206 60 161