268
0 32 320 800 133
1 8 32 400 162
2 8 128 1000 163
3 32 32 1000 195
4 8 32 2000 179
5 32 320 400 190
6 32 128 800 107
7 32 32 400 136
8 8 320 800 131
9 32 320 2000 99
10 32 320 5000 183
11 8 128 800 98
12 32 128 400 105
13 8 32 2000 134
14 8 320 5000 161
15 8 320 2000 117
16 32 128 5000 154
17 32 128 400 170
18 8 128 400 106
19 32 32 800 113
20 8 320 2000 118
21 32 128 400 145
22 8 32 1000 182
23 32 320 400 147
24 8 32 5000 103
25 32 128 2000 173
26 8 128 400 150
27 32 128 1000 195
28 32 32 5000 174
29 8 320 2000 184
30 8 128 2000 99
31 32 32 2000 117
32 32 320 2000 192
33 8 128 400 125
34 8 128 400 185
35 8 320 800 91
36 32 32 400 183
37 32 320 400 158
38 8 320 5000 102
39 32 320 2000 152
40 8 320 2000 92
41 8 32 5000 153
42 8 320 400 195
43 8 320 2000 178
44 32 320 5000 137
45 32 128 800 106
46 8 320 2000 150
47 8 32 400 179
48 8 32 1000 159
49 8 320 800 135
50 8 128 400 172
51 8 128 800 130
52 32 320 400 173
53 8 32 2000 146
54 32 320 2000 191
55 8 320 2000 196
56 32 128 400 104
57 32 128 800 112
58 8 320 2000 167
59 32 32 800 158
60 32 128 400 104
61 8 128 5000 141
62 8 128 800 112
63 8 32 400 196
64 32 32 5000 170
65 8 128 2000 186
66 32 320 2000 127
67 8 320 800 128
68 32 32 1000 140
69 8 32 800 125
70 32 128 800 177
71 32 320 1000 98
72 8 32 1000 199
73 8 128 5000 148
74 8 320 400 120
75 32 320 400 160
76 32 320 800 117
77 8 32 400 101
78 8 32 400 114
79 32 32 5000 196
80 32 128 800 114
81 32 320 1000 169
82 8 32 400 190
83 8 32 800 104
84 32 128 800 111
85 32 320 2000 110
86 32 128 1000 184
87 32 128 1000 175
88 32 128 800 192
89 32 32 1000 130
90 8 32 1000 116
91 32 320 400 162
92 8 128 5000 149
93 8 320 1000 122
94 8 128 400 90
95 32 128 400 118
96 32 128 400 159
97 8 128 400 161
98 32 128 1000 192
99 32 128 1000 184
100 8 320 5000 189
101 32 128 400 105
102 8 32 1000 105
103 8 32 2000 141
104 32 128 5000 92
105 32 32 1000 90
106 8 32 5000 182
107 8 128 5000 107
108 8 32 800 199
109 32 320 400 141
110 32 320 800 104
111 8 32 800 165
112 32 128 2000 91
113 32 128 1000 198
114 32 320 800 92
115 8 32 1000 161
116 8 32 1000 189
117 8 320 800 154
118 8 128 5000 120
119 8 32 800 139
120 32 128 2000 116
121 32 32 1000 129
122 32 320 400 123
123 32 320 800 141
124 8 128 1000 102
125 8 128 400 123
126 8 128 800 118
127 8 320 2000 144
128 32 320 400 189
129 8 128 5000 122
130 32 320 800 132
131 32 32 800 132
132 8 320 400 179
133 8 32 5000 103
134 32 320 2000 161
135 32 128 400 94
136 8 320 400 192
137 8 32 2000 135
138 32 128 800 110
139 8 32 5000 90
140 8 320 2000 107
141 8 320 1000 110
142 32 128 5000 183
143 32 32 2000 170
144 8 32 2000 151
145 32 128 1000 147
146 32 32 1000 102
147 32 320 800 162
148 32 32 5000 150
149 32 32 2000 129
150 32 32 1000 126
151 8 320 400 178
152 8 32 800 135
153 32 320 1000 175
154 8 320 2000 157
155 8 320 400 152
156 32 128 800 195
157 8 32 400 148
158 8 128 1000 114
159 8 320 800 102
160 8 32 5000 100
161 32 128 400 111
162 8 32 2000 109
163 32 320 1000 115
164 8 32 5000 130
165 32 128 800 191
166 8 32 1000 104
167 8 128 1000 107
168 8 32 1000 151
169 32 320 800 99
170 8 128 400 99
171 32 320 800 92
172 8 320 5000 170
173 8 320 1000 140
174 32 32 1000 197
175 8 128 2000 146
176 8 128 800 155
177 8 128 800 142
178 8 32 400 164
179 8 320 400 183
180 32 320 5000 94
181 32 32 2000 190
182 32 32 5000 191
183 8 128 400 126
184 8 32 400 198
185 8 32 5000 159
186 32 128 2000 196
187 32 32 400 198
188 32 32 1000 110
189 8 128 800 142
190 32 320 1000 155
191 32 32 2000 198
192 8 320 5000 169
193 8 128 400 148
194 8 320 2000 160
195 32 128 1000 136
196 8 32 2000 97
197 32 32 1000 160
198 32 320 2000 140
199 32 128 800 91
200 32 128 1000 148
201 8 32 5000 153
202 32 32 1000 189
203 32 128 800 200
204 8 32 2000 145
205 8 32 400 119
206 8 320 2000 200
207 8 32 5000 187
208 8 128 2000 177
209 8 320 800 163
210 8 128 5000 148
211 8 320 1000 184
212 8 32 400 161
213 8 128 400 123
214 8 128 2000 160
215 32 128 1000 145
216 8 128 400 136
217 32 320 800 126
218 32 128 2000 195
219 8 128 800 117
220 32 32 400 188
221 32 32 400 169
222 32 320 2000 153
223 32 32 1000 108
224 32 32 400 173
225 32 128 400 110
226 32 32 800 100
227 32 320 800 175
228 8 128 2000 196
229 8 128 5000 178
230 32 320 1000 164
231 8 320 1000 103
232 32 128 800 174
233 8 32 5000 141
234 32 128 5000 199
235 32 32 400 135
236 32 320 5000 189
237 32 128 1000 189
238 8 32 5000 98
239 8 320 400 184
240 32 320 2000 160
241 32 320 1000 177
242 32 32 2000 147
243 8 128 2000 170
244 8 32 2000 173
245 8 32 5000 154
246 8 32 5000 96
247 8 320 1000 177
248 32 320 800 124
249 8 128 5000 198
250 32 128 5000 132
251 8 32 400 194
252 8 128 800 110
253 8 320 400 137
254 8 32 2000 160
255 8 320 800 152
256 8 320 800 196
257 32 128 800 170
258 32 320 2000 93
259 8 32 800 180
260 32 128 2000 132
261 32 128 2000 178
262 32 320 800 180
263 32 320 2000 95
264 8 320 800 179
265 32 320 2000 142
266 32 128 1000 185
267 32 320 5000 138
109
4 58 64 173
6 131 68 139
6 87 68 194
11 223 67 149
17 29 64 144
17 32 48 183
19 248 60 166
20 192 45 108
20 84 60 147
21 253 67 176
23 209 61 92
26 123 44 151
29 173 41 99
33 251 67 198
33 41 50 95
33 111 50 146
34 84 64 113
35 190 67 118
36 225 68 96
37 232 53 186
38 182 52 110
39 227 51 187
40 255 46 146
42 198 56 189
47 140 52 174
48 94 47 93
51 80 48 175
51 74 54 179
52 109 61 180
52 262 45 150
52 72 58 112
53 263 70 189
53 211 64 178
57 111 57 141
57 244 40 112
59 94 47 144
60 84 68 164
61 204 69 96
62 265 45 181
62 182 52 99
63 197 55 102
65 268 43 167
68 71 46 149
69 197 68 119
71 134 55 154
76 187 41 180
80 230 56 139
81 120 42 130
86 111 52 146
86 169 67 129
88 129 41 136
89 174 66 141
90 210 40 92
90 220 51 91
91 110 49 195
92 252 66 97
96 173 58 111
97 150 68 183
99 104 52 121
101 107 69 122
101 201 65 184
102 133 53 108
102 263 52 121
103 166 42 90
109 148 45 191
110 241 60 184
110 262 49 136
110 131 58 165
110 212 65 137
112 124 41 114
112 184 42 153
118 121 48 123
121 235 41 196
122 227 42 93
122 200 70 137
123 203 70 146
131 155 45 135
132 191 46 172
132 167 62 112
133 268 60 168
133 248 51 111
134 235 56 194
134 254 67 123
135 207 61 143
135 147 44 159
137 166 48 112
139 253 58 150
140 230 56 130
146 209 59 139
153 237 67 172
155 248 40 132
170 184 58 95
173 220 55 194
177 189 51 165
178 257 59 172
180 222 49 117
182 250 69 162
183 198 40 154
183 243 61 169
187 241 64 111
203 208 60 158
204 262 57 96
208 226 43 98
214 223 53 91
230 233 61 182
230 266 66 151
231 267 41 114
244 263 69 175
257 259 57 132