705
0 32 128 1000 92
1 32 32 800 115
2 32 32 1000 124
3 8 320 5000 162
4 32 320 400 192
5 32 320 1000 135
6 32 128 5000 175
7 8 32 1000 190
8 8 128 400 151
9 8 32 5000 121
10 8 32 800 149
11 8 32 2000 92
12 32 128 2000 111
13 8 128 5000 158
14 8 320 5000 159
15 32 32 1000 180
16 32 320 400 107
17 32 32 400 146
18 8 320 5000 113
19 32 32 2000 177
20 8 128 400 157
21 8 32 2000 186
22 8 32 2000 101
23 8 32 1000 114
24 8 320 5000 157
25 32 32 5000 168
26 8 128 800 114
27 32 32 2000 140
28 8 32 5000 161
29 32 320 1000 97
30 8 320 1000 90
31 32 128 800 134
32 8 128 5000 127
33 32 320 400 132
34 8 128 2000 151
35 8 128 5000 147
36 32 320 400 129
37 8 128 5000 109
38 8 320 400 190
39 8 32 2000 190
40 8 128 800 154
41 32 128 400 122
42 32 320 1000 158
43 32 128 800 122
44 32 320 2000 155
45 32 128 400 111
46 32 128 800 182
47 32 32 5000 187
48 32 320 1000 137
49 8 320 800 128
50 8 320 400 154
51 8 128 5000 90
52 32 320 5000 168
53 8 320 1000 102
54 8 128 2000 168
55 8 128 2000 192
56 32 320 1000 171
57 32 32 2000 115
58 32 128 5000 166
59 32 128 2000 196
60 8 320 400 115
61 32 320 800 115
62 8 128 2000 180
63 32 128 1000 91
64 8 320 400 196
65 32 320 800 122
66 8 32 1000 112
67 32 32 1000 176
68 32 32 5000 139
69 8 320 800 182
70 32 320 800 185
71 8 32 2000 189
72 8 32 400 132
73 8 128 5000 112
74 32 320 5000 161
75 8 128 400 184
76 32 320 800 102
77 32 32 400 127
78 8 320 800 111
79 32 32 1000 121
80 32 128 2000 168
81 8 32 800 151
82 32 320 1000 159
83 8 320 800 170
84 32 32 400 168
85 32 128 800 144
86 8 320 1000 180
87 8 32 1000 128
88 8 320 800 178
89 32 32 5000 90
90 8 128 400 183
91 32 128 1000 133
92 8 320 400 115
93 32 128 400 94
94 8 128 400 178
95 8 320 1000 130
96 8 128 1000 103
97 8 128 2000 194
98 32 320 800 180
99 32 320 2000 188
100 8 320 5000 115
101 8 32 800 140
102 8 320 1000 154
103 8 128 5000 176
104 8 128 1000 160
105 8 320 1000 123
106 32 320 5000 142
107 32 320 400 158
108 32 320 2000 158
109 32 320 5000 198
110 32 320 5000 127
111 8 128 400 121
112 32 320 5000 131
113 8 32 400 180
114 8 320 5000 164
115 32 32 1000 140
116 8 32 2000 198
117 8 320 400 135
118 8 320 400 108
119 8 32 2000 97
120 32 320 5000 198
121 32 320 5000 90
122 8 320 800 125
123 8 128 800 115
124 8 128 1000 181
125 32 32 1000 154
126 32 320 800 163
127 8 320 2000 168
128 32 32 2000 196
129 32 320 800 140
130 8 128 400 196
131 32 32 5000 180
132 8 128 1000 188
133 8 128 2000 130
134 8 320 2000 103
135 8 320 5000 123
136 32 128 5000 107
137 32 32 800 104
138 32 320 1000 95
139 8 32 2000 110
140 8 32 400 157
141 8 128 5000 187
142 32 32 2000 192
143 8 32 2000 126
144 32 320 800 168
145 32 320 400 194
146 32 320 5000 140
147 8 32 1000 134
148 32 128 1000 193
149 32 320 800 137
150 8 320 2000 138
151 8 128 400 156
152 32 128 5000 165
153 32 128 800 126
154 8 32 2000 181
155 8 32 800 187
156 32 320 5000 179
157 32 32 2000 160
158 8 128 2000 124
159 8 320 1000 199
160 32 320 1000 132
161 32 32 2000 176
162 32 320 400 182
163 32 320 1000 113
164 8 32 800 116
165 32 320 800 105
166 8 32 800 116
167 32 32 2000 129
168 8 320 1000 163
169 8 128 400 166
170 32 128 400 175
171 32 128 800 162
172 8 128 400 94
173 32 320 1000 91
174 32 128 2000 158
175 8 128 400 173
176 32 320 800 164
177 8 128 1000 153
178 32 128 2000 146
179 8 128 800 173
180 32 320 1000 94
181 8 320 5000 192
182 8 320 1000 169
183 32 128 2000 171
184 32 128 2000 112
185 8 32 400 113
186 32 128 1000 192
187 8 320 1000 138
188 8 32 400 140
189 8 128 800 91
190 32 32 800 147
191 32 320 1000 180
192 8 32 2000 91
193 32 32 5000 107
194 32 128 1000 199
195 8 320 400 165
196 8 32 400 141
197 32 128 2000 154
198 32 320 800 113
199 8 320 5000 168
200 8 320 5000 141
201 8 32 5000 157
202 32 320 400 166
203 32 128 800 93
204 8 32 400 104
205 8 128 800 96
206 32 320 2000 140
207 32 32 1000 109
208 32 32 400 177
209 8 320 5000 156
210 8 128 2000 152
211 32 128 5000 131
212 8 128 800 141
213 32 32 5000 164
214 32 128 800 191
215 8 320 1000 159
216 8 32 1000 157
217 32 32 2000 126
218 8 128 400 91
219 32 320 400 112
220 32 128 5000 178
221 32 32 1000 119
222 8 32 1000 96
223 8 320 2000 113
224 8 32 2000 125
225 32 32 5000 167
226 8 320 2000 96
227 32 320 800 116
228 8 320 800 97
229 32 320 1000 165
230 8 32 2000 165
231 8 128 1000 193
232 32 32 5000 134
233 32 128 400 163
234 32 320 5000 135
235 8 32 800 116
236 32 32 800 143
237 8 32 5000 156
238 32 320 5000 128
239 8 32 2000 182
240 8 320 2000 187
241 8 128 2000 129
242 8 32 800 110
243 8 32 400 199
244 32 32 400 109
245 32 320 800 136
246 8 320 5000 186
247 8 320 400 180
248 32 32 400 174
249 8 128 2000 146
250 32 320 1000 170
251 8 128 2000 137
252 8 32 1000 176
253 8 32 2000 116
254 32 32 1000 113
255 8 320 400 161
256 8 128 2000 126
257 32 320 2000 134
258 32 320 5000 191
259 32 128 400 102
260 8 32 400 167
261 32 128 1000 104
262 32 128 400 131
263 8 32 5000 96
264 8 128 1000 108
265 32 32 800 171
266 32 128 1000 139
267 8 320 400 128
268 32 32 1000 192
269 32 32 400 142
270 32 32 800 139
271 32 128 5000 137
272 8 128 5000 155
273 8 128 800 145
274 32 320 1000 101
275 32 32 400 127
276 32 320 400 161
277 32 320 2000 116
278 8 320 800 184
279 32 128 400 181
280 8 32 400 143
281 32 320 5000 146
282 8 32 5000 169
283 8 128 800 138
284 32 128 5000 190
285 8 320 2000 154
286 8 320 1000 121
287 32 32 5000 101
288 32 32 800 133
289 8 128 800 131
290 8 320 2000 175
291 32 32 5000 106
292 8 128 1000 105
293 8 128 400 167
294 32 32 1000 153
295 8 320 2000 182
296 8 128 800 162
297 8 32 1000 120
298 8 128 2000 164
299 32 128 800 137
300 8 128 5000 113
301 32 128 2000 164
302 32 128 1000 131
303 8 128 5000 109
304 8 320 400 170
305 32 128 400 148
306 32 320 2000 157
307 8 128 400 130
308 32 32 2000 142
309 8 320 800 103
310 32 320 1000 174
311 32 320 1000 187
312 32 320 5000 110
313 32 128 800 185
314 8 32 800 136
315 32 128 1000 98
316 8 128 800 185
317 32 32 400 166
318 32 32 5000 118
319 8 32 5000 171
320 32 320 5000 115
321 8 128 400 152
322 8 128 5000 134
323 8 128 5000 147
324 8 320 2000 168
325 32 320 1000 90
326 32 32 5000 161
327 8 128 5000 195
328 8 128 5000 134
329 32 128 800 90
330 8 32 1000 196
331 32 128 400 143
332 32 128 400 134
333 8 320 800 121
334 32 128 5000 103
335 8 128 5000 177
336 32 128 400 98
337 32 32 400 95
338 32 32 5000 105
339 8 32 5000 113
340 32 32 1000 181
341 32 320 2000 111
342 32 128 1000 138
343 32 128 2000 129
344 32 32 5000 92
345 32 320 2000 159
346 8 128 5000 93
347 8 320 400 168
348 8 320 400 103
349 32 320 5000 177
350 32 320 2000 133
351 8 32 400 120
352 8 320 800 149
353 32 128 400 158
354 32 320 2000 90
355 8 32 5000 140
356 8 320 2000 114
357 32 32 800 133
358 32 128 5000 169
359 8 128 2000 90
360 32 320 5000 127
361 8 128 5000 121
362 32 32 1000 147
363 32 320 2000 141
364 32 320 400 131
365 32 32 400 94
366 8 128 400 93
367 8 128 800 128
368 8 32 5000 147
369 32 320 1000 130
370 32 320 2000 169
371 8 128 5000 188
372 8 320 5000 133
373 8 128 2000 170
374 8 320 5000 182
375 8 320 2000 171
376 8 128 1000 194
377 32 32 400 188
378 8 320 5000 112
379 8 128 800 141
380 32 32 2000 191
381 8 128 2000 134
382 32 320 1000 156
383 8 32 800 148
384 8 320 800 104
385 32 32 800 173
386 8 320 400 196
387 32 320 800 94
388 32 320 2000 150
389 32 128 400 199
390 32 32 400 187
391 8 320 5000 163
392 8 320 800 146
393 32 32 800 127
394 8 128 800 110
395 8 128 2000 99
396 32 128 1000 133
397 32 320 5000 180
398 8 320 2000 118
399 32 32 5000 183
400 8 128 5000 181
401 32 320 2000 117
402 32 128 2000 143
403 8 32 2000 198
404 8 320 5000 194
405 32 320 2000 101
406 8 320 5000 193
407 32 32 5000 153
408 8 320 5000 159
409 32 128 2000 151
410 32 128 2000 192
411 32 128 400 122
412 32 32 5000 151
413 32 32 400 179
414 32 32 2000 152
415 8 32 5000 178
416 8 32 400 168
417 32 320 5000 169
418 8 128 800 174
419 8 320 2000 177
420 8 32 5000 94
421 32 32 1000 142
422 32 32 800 113
423 32 128 2000 176
424 32 32 1000 196
425 8 32 1000 183
426 8 32 2000 177
427 32 128 800 136
428 32 128 800 147
429 8 320 800 191
430 8 320 1000 129
431 32 32 1000 167
432 32 32 400 130
433 8 32 400 107
434 8 128 1000 116
435 32 320 400 168
436 32 128 5000 96
437 8 320 400 173
438 8 320 2000 141
439 32 32 2000 95
440 32 320 800 161
441 8 128 2000 194
442 32 32 5000 134
443 32 320 1000 129
444 32 320 400 174
445 32 32 5000 121
446 32 32 1000 161
447 8 32 400 143
448 32 128 5000 189
449 8 128 400 146
450 8 128 400 137
451 32 32 1000 150
452 32 32 400 186
453 8 128 800 180
454 8 320 800 133
455 8 320 2000 139
456 32 128 1000 138
457 8 128 1000 160
458 32 32 1000 174
459 32 128 2000 166
460 32 32 800 148
461 32 128 2000 174
462 8 128 1000 125
463 8 320 5000 97
464 32 128 400 157
465 8 32 400 128
466 32 32 1000 173
467 32 128 800 104
468 8 320 2000 172
469 8 320 800 114
470 32 320 2000 193
471 8 128 1000 164
472 8 128 400 124
473 32 128 400 140
474 32 128 400 123
475 8 320 400 162
476 32 32 800 136
477 32 128 400 130
478 32 128 2000 98
479 8 32 1000 180
480 32 128 5000 180
481 8 128 1000 126
482 8 128 400 125
483 32 128 400 199
484 8 128 5000 167
485 8 32 1000 123
486 8 320 1000 194
487 8 320 5000 185
488 8 320 2000 103
489 32 320 400 161
490 32 128 5000 170
491 32 32 800 104
492 32 128 400 187
493 8 128 400 158
494 32 128 2000 141
495 8 320 800 178
496 32 32 400 112
497 8 128 400 161
498 8 320 2000 165
499 8 128 800 184
500 8 128 2000 94
501 8 320 2000 188
502 8 128 5000 182
503 8 32 1000 147
504 8 32 800 181
505 32 128 800 179
506 32 32 2000 92
507 8 32 800 120
508 8 32 2000 128
509 8 128 5000 147
510 8 128 1000 116
511 8 32 5000 174
512 32 128 5000 174
513 8 320 800 188
514 32 128 2000 198
515 8 32 1000 176
516 32 32 800 101
517 8 320 400 175
518 32 32 1000 127
519 8 32 5000 200
520 8 320 2000 166
521 32 128 5000 109
522 32 32 400 132
523 8 128 400 165
524 8 128 800 152
525 8 32 5000 159
526 32 320 5000 176
527 32 32 400 105
528 8 32 400 138
529 32 128 1000 184
530 32 128 2000 123
531 8 32 800 185
532 32 32 800 188
533 32 320 800 92
534 32 320 2000 96
535 8 320 400 187
536 8 32 1000 161
537 8 128 1000 121
538 8 320 1000 135
539 8 32 1000 164
540 32 320 800 102
541 8 320 1000 94
542 32 320 800 164
543 32 32 5000 155
544 8 320 800 142
545 8 320 2000 143
546 32 320 400 109
547 32 320 2000 164
548 8 32 800 145
549 32 32 5000 127
550 32 32 2000 97
551 32 320 800 107
552 32 32 800 91
553 8 32 400 96
554 32 32 2000 183
555 8 320 400 131
556 32 320 1000 157
557 8 128 1000 126
558 32 128 5000 110
559 32 320 2000 158
560 32 320 5000 200
561 8 320 800 111
562 8 320 1000 93
563 8 32 800 125
564 8 128 1000 131
565 8 128 1000 188
566 8 32 800 152
567 32 320 400 161
568 32 320 1000 152
569 8 32 2000 95
570 8 128 2000 145
571 32 320 400 141
572 32 320 800 129
573 8 320 800 110
574 32 32 5000 160
575 32 32 2000 114
576 8 128 1000 157
577 32 128 5000 149
578 8 128 2000 196
579 8 128 5000 90
580 32 320 5000 132
581 32 320 2000 145
582 8 32 1000 194
583 32 320 400 142
584 32 320 5000 127
585 32 128 400 132
586 32 128 800 156
587 8 32 2000 167
588 32 320 800 176
589 32 32 800 106
590 32 320 400 105
591 8 320 2000 163
592 8 320 5000 100
593 8 320 2000 130
594 32 128 5000 186
595 32 320 2000 136
596 8 32 1000 172
597 8 320 400 122
598 8 32 2000 173
599 8 128 5000 111
600 8 128 800 193
601 32 32 800 179
602 8 128 1000 138
603 32 128 5000 184
604 32 128 800 110
605 32 128 400 155
606 8 320 800 141
607 8 320 2000 154
608 8 32 2000 144
609 32 32 1000 136
610 32 320 5000 152
611 32 128 2000 127
612 8 320 5000 104
613 32 32 400 95
614 8 128 400 189
615 8 320 5000 139
616 32 32 1000 148
617 32 128 5000 196
618 32 32 2000 123
619 32 320 2000 173
620 8 320 800 175
621 32 32 1000 166
622 8 32 2000 141
623 32 128 2000 187
624 32 128 1000 172
625 8 128 2000 108
626 8 320 400 94
627 32 320 5000 120
628 8 128 2000 108
629 32 128 400 177
630 32 320 2000 194
631 8 320 400 121
632 8 320 2000 158
633 8 320 2000 90
634 8 128 5000 113
635 8 32 1000 165
636 8 320 5000 164
637 32 320 5000 141
638 32 320 800 163
639 32 128 800 117
640 32 32 2000 94
641 32 128 1000 167
642 8 128 5000 139
643 8 128 1000 119
644 8 320 2000 178
645 8 32 400 116
646 8 32 800 131
647 32 32 800 197
648 32 320 800 156
649 8 128 2000 157
650 8 128 2000 100
651 8 128 1000 148
652 32 128 400 91
653 8 128 400 122
654 32 320 5000 113
655 8 32 800 126
656 8 320 800 190
657 8 320 1000 110
658 32 128 400 125
659 32 320 5000 198
660 32 128 400 195
661 32 128 2000 113
662 8 320 1000 132
663 8 32 800 133
664 8 128 2000 104
665 8 128 1000 163
666 32 128 800 140
667 8 32 800 186
668 32 320 800 98
669 8 128 400 120
670 32 128 400 185
671 32 128 5000 193
672 32 128 2000 189
673 8 128 1000 180
674 32 32 2000 146
675 32 128 800 178
676 8 32 5000 100
677 8 128 1000 161
678 8 32 5000 124
679 32 320 2000 175
680 8 128 5000 182
681 32 32 2000 187
682 32 320 400 160
683 8 32 2000 145
684 32 128 2000 156
685 8 32 2000 114
686 32 128 400 108
687 8 128 800 102
688 32 320 1000 181
689 8 128 800 147
690 32 128 800 186
691 8 320 400 147
692 8 32 2000 175
693 32 320 800 95
694 8 32 800 159
695 8 128 5000 132
696 32 320 1000 107
697 8 320 5000 187
698 32 128 1000 159
699 32 128 2000 151
700 8 128 1000 200
701 32 32 800 113
702 8 32 800 146
703 8 32 800 152
704 32 128 400 177
63
3 675 57 147
10 634 49 173
13 218 69 179
15 110 48 199
21 287 55 157
22 689 64 190
22 157 59 145
26 536 68 146
27 382 54 193
39 403 40 172
47 125 63 114
50 347 63 118
58 448 57 168
113 196 51 122
115 296 54 111
119 659 47 125
120 690 59 169
125 535 52 165
138 697 67 200
151 388 60 155
152 243 44 132
159 691 60 199
162 408 55 107
176 676 54 120
180 458 42 91
185 584 70 112
196 452 63 141
212 694 69 183
214 310 55 99
214 626 42 194
219 287 57 189
225 227 66 182
228 600 65 123
231 540 40 159
231 426 55 172
257 563 40 178
260 436 64 133
318 327 48 118
327 360 70 152
329 408 60 157
344 554 49 120
346 469 67 106
351 442 70 197
355 594 68 96
358 535 66 169
366 576 61 122
372 395 62 134
391 394 54 142
412 686 52 174
414 690 49 172
415 463 47 172
420 480 64 131
430 607 64 199
476 675 60 196
498 599 40 122
499 661 52 109
499 513 49 112
535 589 46 156
539 671 58 120
541 700 62 110
575 676 58 121
577 659 55 200
626 641 45 194