132
0 16 96 400 109
1 32 40 400 181
2 16 40 5000 132
3 16 40 2000 103
4 16 40 2000 168
5 16 40 400 105
6 32 64 800 149
7 16 40 800 153
8 16 96 1000 169
9 32 64 800 136
10 32 96 1000 124
11 32 40 5000 98
12 16 64 5000 150
13 32 96 1000 144
14 16 96 400 127
15 32 96 5000 151
16 32 40 400 191
17 32 40 800 148
18 16 96 800 192
19 32 64 5000 122
20 32 64 800 176
21 32 64 2000 176
22 32 64 2000 139
23 32 96 400 114
24 32 64 800 101
25 32 40 1000 173
26 16 96 1000 97
27 16 40 400 180
28 16 40 1000 119
29 32 64 2000 93
30 16 64 2000 130
31 16 96 400 165
32 32 40 400 186
33 16 40 400 143
34 32 96 5000 131
35 16 96 800 125
36 32 40 400 173
37 32 40 800 135
38 32 64 400 97
39 32 40 1000 144
40 16 96 1000 151
41 32 96 800 126
42 16 96 800 117
43 32 40 400 195
44 16 96 5000 132
45 32 40 400 170
46 16 40 2000 143
47 32 64 2000 102
48 16 96 1000 147
49 16 40 5000 132
50 32 64 800 137
51 32 96 400 162
52 16 40 800 145
53 32 40 5000 153
54 32 64 800 158
55 16 96 400 183
56 32 96 1000 178
57 32 64 1000 132
58 32 96 1000 124
59 32 96 1000 133
60 32 64 400 178
61 32 40 2000 129
62 16 96 5000 163
63 16 40 5000 109
64 32 96 5000 178
65 16 64 2000 161
66 16 40 2000 107
67 16 40 2000 173
68 16 40 2000 95
69 32 96 2000 113
70 16 40 1000 188
71 16 40 5000 155
72 32 40 800 110
73 32 96 400 198
74 32 64 1000 167
75 32 96 1000 107
76 32 96 800 166
77 32 96 400 192
78 16 64 400 99
79 16 64 800 158
80 32 96 2000 121
81 16 96 400 194
82 32 96 5000 112
83 16 64 400 152
84 16 64 400 98
85 16 40 2000 128
86 32 40 1000 187
87 16 40 1000 90
88 32 40 800 191
89 32 64 400 140
90 32 96 1000 108
91 32 64 400 130
92 32 96 5000 103
93 16 40 400 196
94 32 64 400 94
95 16 64 1000 163
96 16 40 2000 177
97 32 96 400 198
98 32 96 800 172
99 32 40 400 148
100 32 96 400 98
101 16 40 800 92
102 32 96 5000 196
103 16 96 800 160
104 32 40 5000 126
105 16 64 1000 199
106 32 64 1000 133
107 16 40 1000 161
108 32 96 1000 156
109 32 40 400 132
110 32 64 1000 144
111 16 64 1000 197
112 32 40 400 138
113 32 96 2000 102
114 32 96 1000 150
115 16 96 2000 185
116 32 64 2000 115
117 32 64 1000 149
118 16 64 400 93
119 16 96 400 200
120 16 64 400 179
121 32 40 1000 97
122 16 96 5000 191
123 32 64 400 114
124 32 96 1000 116
125 16 96 400 182
126 32 64 1000 184
127 16 40 400 166
128 16 64 400 193
129 32 40 2000 125
130 16 64 1000 137
131 16 96 2000 105
36
1 82 59 122
3 59 63 174
6 24 64 122
6 93 48 98
6 23 68 179
9 74 57 180
14 57 49 93
15 22 54 159
22 104 62 122
23 120 65 172
25 60 49 118
26 127 41 112
26 40 70 121
28 88 61 175
29 114 52 136
29 77 47 146
30 62 57 153
32 117 40 166
32 73 40 105
36 99 61 126
36 78 41 156
41 119 42 98
46 105 63 175
53 128 59 193
64 100 45 90
68 112 66 163
73 124 50 197
78 101 62 116
80 99 69 173
80 128 57 167
81 92 59 130
82 91 49 176
88 98 42 148
101 115 54 98
110 128 44 176
121 131 40 120