902
0 16 16 1000 100
1 8 64 1000 147
2 8 64 300 105
3 2 64 1000 96
4 8 64 500 92
5 16 64 100 148
6 8 128 200 100
7 2 64 1000 130
8 8 128 500 133
9 16 64 100 120
10 16 64 500 122
11 2 64 500 92
12 16 128 1000 123
13 8 64 300 97
14 16 128 200 124
15 2 128 100 135
16 16 64 500 135
17 8 16 100 143
18 16 16 1000 135
19 16 64 500 149
20 16 128 100 147
21 16 16 1000 118
22 16 128 1000 143
23 16 64 1000 110
24 2 64 200 99
25 16 16 300 94
26 8 128 500 118
27 16 16 1000 102
28 16 64 300 125
29 16 16 500 100
30 16 16 100 141
31 2 64 100 101
32 8 16 100 130
33 16 16 300 124
34 16 64 500 140
35 2 128 1000 143
36 2 16 100 142
37 2 16 200 148
38 2 128 500 133
39 2 128 200 126
40 8 16 200 130
41 8 16 200 97
42 16 128 300 149
43 16 16 100 92
44 8 128 500 117
45 8 64 500 145
46 8 128 100 97
47 8 64 100 114
48 2 64 200 112
49 2 128 200 134
50 8 128 500 144
51 8 16 1000 133
52 8 16 500 125
53 2 128 1000 99
54 16 64 500 104
55 16 16 300 90
56 2 16 100 118
57 2 64 500 127
58 2 64 300 149
59 2 16 300 110
60 16 128 200 104
61 16 16 100 148
62 8 64 1000 98
63 2 64 300 125
64 8 128 200 106
65 2 16 100 147
66 2 64 200 98
67 2 16 100 96
68 2 64 100 141
69 8 128 100 101
70 16 16 200 104
71 16 16 100 129
72 16 16 100 147
73 2 16 100 110
74 16 128 100 98
75 2 128 500 122
76 8 128 500 103
77 2 16 200 110
78 16 16 1000 130
79 2 16 300 102
80 2 128 500 148
81 16 128 100 119
82 8 128 200 141
83 2 128 100 113
84 16 16 200 109
85 8 128 1000 128
86 8 16 100 116
87 2 128 100 108
88 2 64 1000 133
89 2 128 100 100
90 2 16 300 95
91 2 64 200 137
92 16 64 200 97
93 2 64 500 104
94 16 16 100 148
95 16 16 1000 145
96 8 16 1000 121
97 2 64 300 102
98 2 128 300 97
99 8 64 500 138
100 8 64 100 103
101 8 128 200 145
102 2 16 300 103
103 16 16 1000 95
104 16 64 500 134
105 2 128 500 117
106 2 16 300 118
107 8 16 100 129
108 2 128 500 111
109 2 128 500 136
110 8 16 1000 113
111 2 128 200 133
112 8 16 1000 129
113 8 64 500 130
114 16 64 300 107
115 2 16 300 90
116 2 128 100 117
117 8 16 500 114
118 2 64 1000 120
119 2 16 200 142
120 8 128 500 111
121 2 64 500 102
122 2 64 200 113
123 16 16 500 117
124 8 16 500 115
125 16 128 300 118
126 8 64 1000 108
127 8 16 300 147
128 8 16 300 126
129 8 64 500 94
130 8 16 100 95
131 2 128 200 92
132 16 16 100 120
133 8 64 300 128
134 16 64 200 109
135 8 128 300 108
136 8 16 200 112
137 8 128 100 112
138 8 16 100 128
139 8 64 1000 123
140 8 128 100 101
141 16 128 300 137
142 8 128 1000 105
143 8 64 200 98
144 16 128 100 90
145 2 128 200 92
146 2 128 1000 122
147 2 16 300 136
148 8 128 300 121
149 2 64 100 94
150 16 16 100 117
151 8 16 1000 119
152 16 16 200 119
153 8 16 300 138
154 8 64 1000 102
155 2 128 100 106
156 16 16 300 111
157 8 128 500 142
158 2 128 1000 142
159 2 64 100 148
160 8 16 200 107
161 2 128 100 114
162 2 16 300 116
163 2 128 200 92
164 2 128 100 129
165 8 16 300 143
166 16 128 1000 131
167 2 16 300 107
168 16 16 300 138
169 2 64 100 98
170 16 16 100 123
171 16 128 300 138
172 2 64 200 134
173 2 16 100 104
174 16 16 500 149
175 2 16 300 140
176 16 64 300 137
177 2 64 200 114
178 8 64 1000 123
179 2 16 100 129
180 16 128 1000 94
181 2 128 500 114
182 2 128 1000 120
183 16 16 1000 122
184 16 64 100 97
185 16 64 500 96
186 2 16 300 132
187 8 128 1000 99
188 16 128 1000 109
189 8 16 1000 105
190 8 64 200 115
191 16 16 300 121
192 8 64 200 149
193 2 16 200 124
194 8 64 200 133
195 2 128 200 122
196 2 64 200 125
197 8 128 200 144
198 8 128 200 118
199 8 16 300 130
200 2 16 300 150
201 16 64 1000 146
202 16 16 1000 135
203 8 64 200 136
204 8 128 1000 148
205 16 16 200 134
206 8 128 500 91
207 8 16 500 93
208 8 128 500 140
209 2 64 200 100
210 2 16 500 148
211 16 64 100 135
212 16 128 1000 99
213 2 16 500 150
214 2 64 500 140
215 2 128 1000 150
216 16 64 200 138
217 2 64 1000 120
218 16 128 500 98
219 16 128 100 111
220 16 128 1000 131
221 8 128 500 114
222 8 64 500 134
223 8 128 500 94
224 2 16 100 94
225 2 64 1000 145
226 8 128 100 115
227 2 64 100 131
228 16 128 100 123
229 8 128 500 104
230 2 64 1000 116
231 2 64 500 140
232 2 16 100 103
233 2 16 100 145
234 16 16 200 100
235 2 16 100 108
236 16 16 500 105
237 8 128 500 93
238 2 16 500 140
239 8 16 200 97
240 16 64 300 127
241 2 16 200 144
242 8 128 500 126
243 8 16 200 93
244 8 16 100 144
245 8 64 100 113
246 16 128 500 130
247 16 16 100 149
248 2 16 300 132
249 2 16 200 121
250 2 128 500 97
251 2 64 200 135
252 8 64 100 125
253 8 16 300 128
254 8 128 1000 123
255 2 64 200 108
256 2 16 100 109
257 2 128 100 128
258 8 16 500 113
259 16 64 300 143
260 16 128 500 127
261 2 64 500 139
262 2 64 100 97
263 2 128 100 137
264 8 16 1000 113
265 8 16 200 122
266 16 64 1000 142
267 16 64 100 124
268 16 64 200 105
269 2 16 500 134
270 2 64 300 107
271 16 64 500 135
272 8 64 300 113
273 8 64 500 148
274 8 128 500 127
275 2 64 1000 101
276 8 64 200 137
277 8 64 100 110
278 2 128 1000 145
279 16 16 500 139
280 2 16 1000 108
281 16 16 1000 141
282 8 64 1000 120
283 16 64 300 127
284 16 16 1000 133
285 16 64 200 110
286 8 64 1000 112
287 8 16 200 124
288 2 64 300 102
289 16 16 1000 144
290 2 16 100 117
291 8 16 500 142
292 8 64 100 149
293 16 16 200 91
294 2 64 100 148
295 2 64 300 98
296 2 64 100 118
297 2 64 1000 111
298 16 64 500 150
299 2 128 200 101
300 2 64 300 91
301 2 128 200 95
302 2 64 500 120
303 16 16 1000 112
304 2 64 200 131
305 2 16 300 116
306 2 16 1000 99
307 8 64 500 145
308 8 128 100 112
309 16 64 500 133
310 8 16 1000 123
311 16 16 1000 105
312 8 128 500 99
313 16 64 500 114
314 8 16 200 143
315 16 64 100 99
316 16 64 300 148
317 8 64 300 145
318 2 64 500 130
319 2 16 200 104
320 16 128 1000 110
321 8 128 300 126
322 8 64 500 136
323 2 64 500 105
324 2 64 200 97
325 16 16 300 120
326 2 64 100 141
327 16 128 300 123
328 16 64 500 98
329 8 128 100 126
330 8 64 1000 149
331 16 64 500 95
332 2 64 300 149
333 2 64 1000 144
334 2 128 1000 113
335 2 128 300 145
336 16 16 300 116
337 2 128 500 98
338 16 64 100 120
339 8 16 200 107
340 16 128 1000 114
341 2 128 300 112
342 2 64 200 126
343 8 128 100 111
344 8 128 300 102
345 8 128 1000 121
346 2 16 300 142
347 16 128 1000 135
348 16 64 100 107
349 2 16 1000 114
350 8 64 100 99
351 8 128 1000 112
352 2 128 300 101
353 16 64 300 94
354 16 128 500 93
355 8 64 100 135
356 2 16 300 121
357 8 128 500 99
358 2 64 500 111
359 16 128 1000 102
360 2 128 1000 90
361 2 64 300 127
362 2 16 100 135
363 2 16 100 95
364 2 128 1000 125
365 8 64 100 147
366 2 64 100 117
367 8 64 1000 120
368 16 64 100 123
369 2 64 500 111
370 8 128 300 122
371 16 128 1000 90
372 8 16 200 119
373 8 128 500 101
374 8 64 100 132
375 2 128 300 116
376 2 64 100 124
377 2 128 100 101
378 2 128 300 101
379 2 16 200 111
380 16 64 100 109
381 2 128 300 105
382 8 16 200 126
383 8 16 200 93
384 16 16 1000 146
385 2 16 100 118
386 2 64 1000 98
387 16 64 300 104
388 16 128 200 144
389 8 64 200 118
390 16 16 100 145
391 8 64 100 136
392 16 16 200 103
393 2 128 200 102
394 16 16 300 112
395 16 64 200 105
396 2 16 300 117
397 2 128 300 138
398 8 16 100 93
399 2 16 1000 148
400 8 16 300 113
401 8 64 500 112
402 16 16 500 118
403 16 128 300 139
404 8 16 200 119
405 2 16 1000 100
406 8 64 100 127
407 8 16 100 91
408 2 16 300 119
409 16 64 100 91
410 16 128 1000 145
411 2 16 1000 145
412 16 16 100 90
413 2 128 200 120
414 2 16 300 144
415 2 64 200 146
416 8 16 500 94
417 8 128 100 131
418 8 16 1000 136
419 16 64 200 133
420 8 64 1000 97
421 16 16 100 108
422 2 16 1000 138
423 16 128 300 134
424 8 16 100 120
425 2 64 1000 108
426 2 64 1000 121
427 16 128 500 120
428 8 16 500 122
429 2 16 100 120
430 8 128 500 140
431 8 64 300 131
432 16 16 200 127
433 16 128 500 149
434 8 128 300 105
435 8 64 300 142
436 2 16 1000 91
437 8 64 300 111
438 16 64 200 149
439 8 64 500 112
440 16 64 300 146
441 2 64 300 97
442 2 128 500 104
443 8 128 1000 114
444 16 16 300 109
445 2 16 200 127
446 8 64 500 130
447 2 64 1000 145
448 16 16 300 117
449 8 16 300 127
450 2 64 200 149
451 2 16 1000 93
452 2 16 300 108
453 8 128 500 91
454 16 16 500 138
455 8 128 300 120
456 2 64 1000 116
457 16 16 300 102
458 16 16 100 105
459 16 64 200 141
460 16 64 1000 125
461 2 16 100 140
462 8 16 200 135
463 8 128 500 99
464 2 64 200 107
465 8 128 500 122
466 2 128 300 111
467 2 64 1000 126
468 8 128 200 114
469 16 16 300 127
470 16 64 100 108
471 8 128 500 115
472 8 128 300 113
473 8 128 100 100
474 8 16 100 144
475 2 128 1000 121
476 2 64 200 97
477 2 16 200 100
478 16 16 200 122
479 16 128 1000 139
480 16 128 300 139
481 8 16 1000 108
482 2 64 200 142
483 8 64 300 112
484 16 16 300 139
485 8 64 300 135
486 2 64 1000 127
487 8 128 100 150
488 16 128 500 150
489 16 128 100 100
490 2 128 300 117
491 8 16 200 108
492 8 16 1000 141
493 8 16 1000 115
494 8 128 100 129
495 2 16 200 104
496 8 64 500 114
497 16 128 1000 123
498 2 128 300 90
499 8 64 100 117
500 16 128 100 95
501 8 128 100 128
502 2 16 100 92
503 8 64 200 111
504 8 128 1000 93
505 8 128 200 128
506 16 16 500 114
507 16 16 500 101
508 16 16 100 91
509 8 64 200 95
510 8 64 300 134
511 2 16 300 98
512 8 128 300 134
513 2 16 100 114
514 2 128 200 144
515 2 64 1000 97
516 16 16 1000 124
517 16 128 500 148
518 8 64 1000 150
519 8 64 500 99
520 16 16 100 111
521 16 128 300 105
522 8 64 100 146
523 8 16 300 140
524 16 128 1000 95
525 2 128 200 138
526 16 128 200 92
527 8 128 500 113
528 2 64 500 148
529 8 16 300 147
530 16 128 500 119
531 2 64 500 104
532 2 128 200 130
533 8 128 500 96
534 8 64 200 129
535 2 16 500 137
536 8 128 100 115
537 16 64 300 140
538 16 128 500 145
539 2 64 200 125
540 2 128 500 114
541 16 128 500 134
542 16 16 100 129
543 16 128 300 136
544 8 64 100 101
545 2 16 100 110
546 2 16 100 141
547 8 128 100 98
548 16 64 500 140
549 8 16 1000 114
550 8 16 100 145
551 8 16 300 113
552 16 16 500 118
553 2 128 200 144
554 16 64 500 140
555 2 64 1000 102
556 8 128 100 103
557 16 64 300 148
558 16 16 100 134
559 8 64 300 102
560 16 128 1000 133
561 16 64 300 90
562 8 16 100 95
563 16 16 1000 103
564 16 64 300 129
565 8 128 200 101
566 2 128 300 92
567 8 16 200 132
568 16 64 100 119
569 16 128 200 148
570 2 128 500 127
571 8 16 300 133
572 16 16 1000 111
573 8 16 200 94
574 8 64 500 90
575 16 128 1000 143
576 8 128 100 108
577 16 64 1000 117
578 8 64 300 122
579 8 16 300 103
580 8 128 500 126
581 16 16 200 122
582 8 64 200 143
583 8 128 300 107
584 16 64 100 127
585 8 128 1000 118
586 2 64 500 100
587 8 16 100 118
588 8 64 100 143
589 8 128 200 120
590 8 128 1000 113
591 8 64 500 133
592 8 64 100 109
593 2 64 300 109
594 2 64 1000 94
595 8 64 300 131
596 8 128 200 95
597 2 128 500 125
598 8 128 100 96
599 2 16 300 90
600 8 128 1000 127
601 2 16 200 118
602 16 64 100 95
603 8 128 200 127
604 16 128 300 136
605 2 128 500 143
606 2 16 100 96
607 8 128 500 137
608 8 16 100 148
609 2 128 500 137
610 2 128 1000 108
611 16 64 200 110
612 16 64 300 116
613 16 16 300 142
614 16 64 300 107
615 8 16 200 112
616 16 128 200 121
617 16 16 200 149
618 8 64 1000 135
619 2 16 300 115
620 2 128 200 129
621 2 128 200 149
622 2 64 200 127
623 16 64 300 145
624 2 16 200 93
625 8 64 200 130
626 8 128 1000 94
627 16 128 500 101
628 8 128 300 141
629 2 16 300 126
630 8 128 500 113
631 16 128 200 122
632 2 128 200 106
633 8 64 1000 90
634 8 64 100 105
635 2 128 200 108
636 8 128 1000 129
637 2 16 100 108
638 2 64 500 130
639 8 128 300 143
640 2 128 300 134
641 2 16 100 142
642 16 128 500 123
643 16 64 500 102
644 8 64 1000 101
645 8 16 1000 140
646 16 16 100 141
647 16 128 100 150
648 16 16 1000 132
649 2 128 300 106
650 2 16 100 97
651 16 16 1000 148
652 8 128 1000 140
653 8 128 1000 107
654 8 128 100 118
655 8 128 1000 97
656 16 128 300 97
657 2 64 100 105
658 2 128 500 103
659 8 128 200 150
660 16 128 500 121
661 16 64 100 119
662 16 16 500 143
663 8 16 1000 115
664 16 64 1000 121
665 2 16 100 140
666 8 16 100 129
667 16 16 300 112
668 16 128 200 134
669 16 128 200 100
670 8 16 300 102
671 2 64 1000 125
672 8 128 500 129
673 8 16 300 121
674 8 128 500 150
675 2 16 1000 106
676 8 128 300 115
677 8 128 200 94
678 16 128 500 142
679 2 64 100 144
680 16 16 100 144
681 16 16 500 124
682 2 64 1000 109
683 2 128 1000 90
684 2 64 300 131
685 16 16 500 129
686 2 16 500 96
687 16 128 100 118
688 8 128 300 123
689 2 16 300 111
690 8 16 1000 131
691 16 64 200 116
692 2 64 100 94
693 2 64 500 133
694 2 64 500 111
695 8 64 100 128
696 2 64 500 132
697 2 16 1000 131
698 2 64 500 125
699 2 16 1000 120
700 8 16 500 135
701 8 64 200 111
702 2 16 100 145
703 2 128 200 140
704 16 16 1000 119
705 16 64 200 146
706 16 64 1000 127
707 16 64 100 98
708 2 128 200 105
709 16 128 1000 145
710 16 16 300 120
711 16 128 100 108
712 16 128 100 123
713 8 64 500 142
714 16 128 300 122
715 16 16 300 135
716 2 16 200 105
717 8 64 1000 140
718 16 128 300 95
719 16 64 500 116
720 8 128 1000 150
721 2 64 300 90
722 8 64 100 125
723 2 128 300 120
724 2 64 1000 92
725 8 128 500 100
726 16 16 200 106
727 2 16 500 96
728 16 128 100 102
729 2 128 100 127
730 8 16 200 127
731 2 64 100 114
732 2 16 1000 97
733 16 16 300 108
734 16 128 200 94
735 8 128 200 139
736 16 128 500 96
737 2 16 200 93
738 8 128 200 94
739 16 128 100 127
740 16 16 1000 145
741 8 128 100 134
742 8 128 500 120
743 8 64 200 102
744 8 16 1000 140
745 8 64 300 116
746 2 128 200 137
747 8 128 300 133
748 16 64 1000 95
749 16 16 100 141
750 2 64 300 145
751 2 64 300 122
752 2 128 100 106
753 16 16 100 100
754 2 128 500 140
755 2 64 1000 121
756 8 128 500 149
757 16 128 200 115
758 16 64 1000 129
759 2 16 1000 93
760 2 16 500 150
761 2 128 1000 147
762 8 128 1000 114
763 16 64 1000 110
764 16 16 300 146
765 2 64 200 119
766 16 16 200 93
767 16 64 200 121
768 8 128 500 132
769 2 16 1000 126
770 8 128 100 127
771 16 16 300 136
772 16 64 200 127
773 8 128 100 133
774 8 16 1000 131
775 16 128 200 131
776 2 128 300 96
777 8 128 1000 140
778 8 16 1000 127
779 8 16 500 98
780 8 16 300 121
781 8 128 1000 150
782 2 64 1000 113
783 8 64 200 132
784 16 16 1000 90
785 8 128 200 120
786 2 128 300 116
787 8 128 500 137
788 8 64 100 140
789 16 128 200 106
790 8 64 1000 132
791 8 128 1000 104
792 16 64 500 103
793 16 16 1000 146
794 16 16 500 105
795 8 16 1000 116
796 16 64 200 136
797 8 128 300 120
798 8 64 500 108
799 16 128 300 107
800 2 128 200 103
801 16 64 1000 105
802 2 64 200 141
803 8 64 1000 92
804 8 64 200 107
805 16 16 1000 92
806 16 16 1000 90
807 2 128 300 123
808 2 16 100 124
809 8 16 1000 133
810 16 16 1000 146
811 16 128 200 110
812 2 64 200 113
813 2 16 1000 139
814 16 128 1000 132
815 2 64 500 146
816 2 16 1000 129
817 2 128 100 146
818 2 16 300 115
819 8 64 300 93
820 8 64 500 94
821 8 64 200 121
822 2 64 500 140
823 2 16 300 135
824 8 128 300 149
825 2 16 100 91
826 16 64 200 140
827 16 16 500 127
828 16 16 300 115
829 16 16 100 113
830 8 64 1000 127
831 16 16 1000 138
832 2 64 200 113
833 2 128 300 121
834 2 16 1000 95
835 16 64 300 138
836 8 64 500 137
837 16 64 100 90
838 2 128 100 98
839 16 16 100 104
840 16 16 1000 91
841 2 128 500 150
842 8 64 200 100
843 16 128 500 119
844 16 64 300 128
845 8 128 500 104
846 2 16 200 148
847 16 128 200 115
848 2 128 300 121
849 16 64 200 127
850 8 64 100 104
851 2 128 100 145
852 2 128 1000 141
853 8 64 200 116
854 2 64 1000 141
855 8 128 1000 125
856 8 64 1000 124
857 8 16 100 129
858 16 16 100 105
859 16 16 100 114
860 16 128 500 96
861 2 16 1000 147
862 2 64 300 132
863 16 64 200 110
864 2 64 100 111
865 8 128 300 133
866 2 64 100 109
867 2 128 100 146
868 2 64 300 112
869 8 16 100 132
870 8 128 200 142
871 8 128 100 149
872 16 64 200 125
873 8 16 200 149
874 8 16 300 117
875 8 16 500 95
876 16 64 500 146
877 2 16 500 103
878 8 128 1000 122
879 2 128 500 98
880 2 16 500 124
881 16 16 200 127
882 8 128 100 97
883 8 64 300 136
884 16 16 300 103
885 16 128 200 125
886 16 128 500 132
887 2 128 500 94
888 16 64 200 139
889 8 64 200 132
890 8 128 100 110
891 2 16 500 147
892 2 16 500 107
893 2 64 500 109
894 16 128 1000 101
895 8 64 300 104
896 16 64 1000 141
897 8 128 1000 117
898 8 128 100 99
899 8 64 500 111
900 8 64 100 148
901 16 16 200 92
117
2 500 70 159
4 438 41 96
9 241 43 192
11 418 52 151
16 271 69 129
23 649 51 186
34 778 60 170
41 77 48 165
42 478 49 131
48 416 54 107
55 659 50 110
55 540 46 145
56 617 43 177
63 471 53 142
64 851 68 165
93 697 56 178
94 869 59 142
94 143 45 198
94 496 58 137
95 357 51 134
98 295 67 121
105 537 66 160
107 723 48 148
110 329 45 170
111 137 70 192
121 571 56 111
125 389 64 166
126 300 50 130
131 753 58 156
140 490 63 155
144 261 41 96
146 210 56 162
150 865 61 145
154 468 62 96
154 769 40 126
156 339 40 105
158 493 59 134
172 830 68 109
173 734 42 173
179 436 57 193
186 442 67 153
188 678 42 192
190 240 52 180
198 331 49 91
198 688 68 105
201 696 65 151
205 315 64 167
215 594 64 92
216 829 52 183
224 584 40 188
228 269 61 128
238 880 52 190
238 658 52 133
245 528 47 126
246 664 47 176
249 415 66 172
250 561 54 167
251 600 55 151
254 268 53 173
256 792 67 162
259 559 45 145
269 501 59 146
270 696 69 164
282 875 44 116
292 439 68 95
293 380 62 92
294 338 64 160
297 778 51 145
299 684 64 109
310 652 53 180
316 828 41 188
322 509 49 91
326 837 50 146
330 732 49 91
334 576 61 166
341 464 45 123
345 360 52 175
350 633 46 117
370 898 55 198
371 796 59 108
374 482 40 115
400 448 44 168
403 467 52 189
406 825 45 143
419 782 41 152
420 446 44 128
421 583 41 142
452 572 53 137
458 497 47 122
459 738 50 93
484 594 54 139
494 890 65 124
513 751 68 94
514 872 53 110
516 672 63 133
520 666 67 195
533 727 46 151
541 729 53 183
544 885 58 194
546 877 46 160
550 855 47 90
554 586 44 198
567 838 42 141
573 774 42 158
586 773 63 177
614 737 45 101
638 819 45 92
662 755 60 90
668 724 50 140
711 715 60 170
730 893 46 128
762 879 60 118
777 882 52 92
789 853 61 184
789 889 61 92
796 861 50 199
836 890 40 116