826
0 8 128 2000 117
1 8 128 800 121
2 32 320 400 105
3 8 320 2000 173
4 8 128 1000 137
5 32 32 1000 132
6 32 320 800 129
7 8 320 1000 192
8 32 128 800 140
9 8 320 800 139
10 8 32 5000 146
11 32 320 2000 179
12 8 128 5000 92
13 32 320 2000 152
14 32 320 800 115
15 8 32 2000 188
16 32 32 800 154
17 8 128 400 198
18 32 320 400 130
19 32 32 1000 137
20 8 128 400 158
21 32 128 800 164
22 8 128 800 93
23 32 320 1000 108
24 8 128 400 144
25 8 320 400 123
26 8 32 800 154
27 8 320 1000 176
28 8 320 800 172
29 8 128 400 127
30 32 320 800 100
31 8 32 1000 108
32 8 32 800 134
33 8 32 1000 187
34 8 32 2000 165
35 32 128 5000 156
36 32 128 1000 143
37 32 320 800 152
38 8 320 1000 169
39 32 320 5000 159
40 8 128 800 185
41 8 320 800 120
42 8 320 1000 185
43 8 128 400 159
44 32 128 800 134
45 32 320 400 130
46 32 320 800 138
47 32 32 1000 137
48 32 320 5000 200
49 32 320 5000 101
50 8 128 400 108
51 8 32 1000 184
52 8 32 2000 197
53 32 32 800 111
54 8 32 5000 108
55 32 320 400 137
56 32 320 400 173
57 32 128 800 90
58 8 320 800 121
59 32 128 5000 167
60 8 320 1000 125
61 32 320 400 170
62 32 320 2000 185
63 8 320 400 160
64 8 32 2000 152
65 32 320 2000 151
66 32 128 2000 111
67 8 320 400 103
68 8 320 400 142
69 8 128 1000 190
70 32 320 1000 184
71 8 128 2000 159
72 8 32 5000 178
73 8 32 400 158
74 8 128 1000 193
75 32 320 800 135
76 8 32 2000 177
77 32 32 800 184
78 8 32 5000 131
79 32 32 5000 154
80 32 128 1000 189
81 8 32 400 130
82 32 128 2000 180
83 8 320 5000 167
84 32 320 5000 106
85 8 32 400 186
86 32 32 2000 116
87 8 32 5000 177
88 8 128 2000 98
89 32 320 2000 113
90 8 320 2000 128
91 32 32 1000 124
92 8 32 400 118
93 8 128 400 179
94 8 128 800 183
95 8 320 5000 130
96 32 128 1000 159
97 8 32 400 125
98 8 128 400 196
99 8 128 800 108
100 8 320 400 173
101 8 320 2000 113
102 32 320 5000 180
103 32 320 2000 194
104 32 128 800 179
105 32 32 400 144
106 32 128 2000 161
107 32 320 1000 127
108 8 128 800 108
109 32 32 5000 146
110 8 320 1000 133
111 8 32 2000 135
112 32 320 800 96
113 8 128 5000 93
114 32 320 400 190
115 8 320 800 133
116 8 320 1000 190
117 8 32 2000 160
118 32 128 2000 170
119 32 128 800 108
120 8 128 800 163
121 8 128 2000 113
122 8 32 5000 178
123 32 32 1000 109
124 32 128 400 112
125 8 32 400 187
126 32 32 5000 161
127 8 320 2000 149
128 8 128 1000 156
129 32 320 400 172
130 8 32 400 179
131 8 320 800 161
132 32 32 400 102
133 32 320 400 200
134 32 320 5000 165
135 8 32 400 176
136 8 320 1000 138
137 8 128 400 120
138 32 32 1000 128
139 8 128 2000 98
140 32 32 5000 106
141 32 320 2000 100
142 8 32 5000 155
143 32 32 1000 176
144 32 320 5000 123
145 8 32 2000 173
146 32 320 2000 134
147 8 128 400 102
148 32 32 5000 167
149 32 128 1000 93
150 32 320 5000 134
151 32 32 5000 130
152 32 320 400 138
153 32 128 800 198
154 8 320 1000 188
155 8 32 400 162
156 32 128 2000 130
157 8 128 800 129
158 8 32 2000 97
159 32 128 1000 160
160 8 32 1000 134
161 8 320 5000 178
162 8 320 2000 162
163 32 320 5000 106
164 8 320 2000 101
165 8 320 1000 119
166 8 128 5000 135
167 32 320 1000 118
168 8 32 5000 116
169 32 128 400 164
170 8 320 400 115
171 32 128 400 161
172 8 32 5000 165
173 8 320 1000 101
174 8 128 400 179
175 32 320 800 180
176 32 320 800 140
177 32 32 400 94
178 8 128 5000 141
179 8 320 2000 149
180 8 32 1000 167
181 8 128 5000 188
182 8 32 400 129
183 32 320 5000 158
184 8 320 5000 100
185 8 32 1000 97
186 32 32 2000 174
187 8 32 1000 151
188 32 128 400 198
189 8 32 800 157
190 32 320 800 158
191 32 128 1000 155
192 32 32 800 118
193 8 320 1000 139
194 8 128 5000 96
195 32 32 2000 95
196 32 32 400 185
197 8 128 800 100
198 32 32 400 191
199 8 128 800 163
200 32 32 400 200
201 8 32 5000 130
202 32 320 400 123
203 8 32 2000 196
204 8 32 5000 115
205 8 32 2000 129
206 32 320 2000 164
207 32 320 2000 147
208 8 320 400 134
209 8 32 5000 191
210 32 32 1000 132
211 32 32 800 98
212 32 128 400 119
213 8 128 2000 142
214 32 128 800 143
215 8 320 400 159
216 8 32 5000 104
217 32 128 2000 113
218 32 32 1000 120
219 8 320 2000 102
220 8 32 1000 200
221 8 128 800 164
222 8 128 400 191
223 8 128 800 183
224 32 32 800 130
225 32 320 800 94
226 8 128 2000 135
227 32 320 800 160
228 8 128 2000 94
229 32 32 1000 126
230 8 128 1000 114
231 8 320 400 105
232 8 320 1000 174
233 8 32 1000 192
234 32 320 800 141
235 8 320 5000 158
236 32 320 2000 115
237 32 320 2000 118
238 32 320 800 101
239 8 128 2000 113
240 8 32 5000 198
241 8 32 800 176
242 32 320 2000 133
243 8 128 1000 191
244 8 320 1000 125
245 8 128 5000 155
246 32 32 5000 188
247 8 128 800 199
248 8 128 2000 193
249 8 320 1000 147
250 32 32 2000 159
251 8 32 1000 181
252 8 128 800 114
253 8 128 800 155
254 32 320 400 137
255 32 128 1000 153
256 8 128 800 153
257 32 128 400 110
258 32 128 400 101
259 32 32 1000 173
260 8 128 400 101
261 32 32 2000 143
262 8 128 400 100
263 32 128 2000 112
264 8 320 400 186
265 8 128 400 91
266 8 128 5000 150
267 32 128 800 152
268 32 32 2000 140
269 32 320 400 143
270 32 128 5000 134
271 32 32 800 92
272 32 128 5000 169
273 8 128 800 179
274 8 128 2000 138
275 8 32 400 96
276 32 128 800 121
277 32 32 2000 91
278 8 32 5000 100
279 32 320 5000 168
280 8 32 1000 162
281 8 128 800 185
282 8 128 2000 129
283 8 128 800 198
284 8 128 5000 197
285 8 32 1000 106
286 32 320 5000 188
287 32 320 800 158
288 32 320 800 169
289 32 128 2000 169
290 32 320 400 187
291 32 128 2000 130
292 8 320 2000 102
293 8 32 400 160
294 32 320 800 191
295 8 128 2000 177
296 32 32 1000 147
297 32 32 5000 128
298 32 128 400 125
299 32 128 400 99
300 8 320 800 200
301 32 32 1000 110
302 8 32 800 141
303 8 320 2000 162
304 32 32 2000 198
305 8 320 2000 184
306 32 32 5000 165
307 32 32 800 166
308 8 32 1000 179
309 8 128 2000 169
310 8 128 2000 186
311 32 128 800 94
312 32 32 2000 137
313 8 32 1000 117
314 32 32 800 92
315 8 320 5000 155
316 8 128 2000 200
317 8 128 800 142
318 8 320 2000 160
319 32 128 800 154
320 8 128 400 198
321 32 32 5000 137
322 32 128 5000 123
323 8 128 5000 180
324 32 320 5000 99
325 8 320 5000 199
326 32 128 800 101
327 32 32 5000 93
328 8 32 400 138
329 8 320 800 94
330 8 128 5000 168
331 8 320 1000 147
332 8 320 400 136
333 8 320 2000 92
334 32 32 5000 106
335 32 320 5000 169
336 8 320 800 113
337 8 128 800 157
338 8 128 400 159
339 8 128 5000 110
340 32 32 5000 150
341 32 320 5000 120
342 8 320 1000 156
343 32 32 2000 191
344 8 128 1000 125
345 8 320 400 119
346 8 128 400 107
347 32 32 2000 96
348 8 32 2000 190
349 32 128 400 134
350 8 32 2000 105
351 32 320 2000 119
352 32 128 5000 179
353 32 128 800 124
354 32 128 400 188
355 8 32 5000 102
356 8 128 2000 160
357 32 320 2000 131
358 8 32 1000 168
359 8 32 1000 103
360 8 32 1000 174
361 8 128 1000 127
362 32 32 2000 98
363 8 320 400 170
364 32 32 5000 150
365 8 128 400 92
366 32 128 5000 105
367 8 128 400 182
368 8 128 400 90
369 8 320 1000 197
370 8 320 400 186
371 8 128 400 135
372 32 128 5000 128
373 8 128 2000 146
374 8 32 400 195
375 32 320 5000 167
376 8 128 800 95
377 32 32 1000 165
378 32 32 800 98
379 8 320 2000 133
380 32 320 400 94
381 8 320 5000 115
382 8 32 400 159
383 8 32 2000 150
384 8 320 5000 171
385 32 32 400 123
386 8 320 5000 124
387 8 32 400 119
388 32 320 1000 95
389 32 32 5000 94
390 32 32 400 143
391 8 32 5000 113
392 32 32 800 132
393 8 128 800 172
394 32 32 400 94
395 8 32 400 183
396 32 320 5000 154
397 32 128 5000 190
398 8 32 5000 196
399 8 32 5000 198
400 8 128 5000 181
401 8 32 800 124
402 8 32 800 181
403 8 32 5000 199
404 32 320 400 103
405 8 320 2000 169
406 32 320 400 108
407 8 320 2000 158
408 8 128 5000 178
409 32 32 2000 131
410 8 128 1000 107
411 8 320 400 192
412 8 32 800 132
413 32 32 400 93
414 32 128 5000 114
415 8 32 5000 170
416 32 128 1000 193
417 32 32 800 130
418 8 32 5000 92
419 8 320 1000 132
420 32 32 400 95
421 8 32 800 198
422 8 32 400 138
423 32 32 400 96
424 8 32 5000 140
425 8 320 2000 143
426 8 320 5000 169
427 8 32 800 147
428 8 128 400 176
429 32 32 2000 191
430 8 32 5000 117
431 8 320 5000 97
432 8 32 1000 154
433 32 128 800 171
434 8 320 1000 186
435 32 32 800 140
436 32 320 1000 128
437 8 320 1000 119
438 8 320 400 95
439 32 32 5000 198
440 32 128 1000 156
441 32 320 400 99
442 8 128 800 101
443 8 128 400 171
444 8 128 1000 180
445 32 128 400 183
446 8 320 2000 162
447 8 128 800 124
448 8 128 1000 194
449 8 320 1000 185
450 8 32 800 146
451 32 32 2000 126
452 8 320 400 170
453 8 128 2000 103
454 8 32 5000 107
455 8 32 5000 119
456 32 320 2000 112
457 8 32 2000 197
458 8 128 800 122
459 8 32 2000 158
460 32 32 800 125
461 8 128 2000 128
462 32 320 800 106
463 32 320 1000 154
464 32 320 400 150
465 32 32 5000 137
466 32 320 1000 120
467 8 128 5000 187
468 8 128 1000 98
469 32 320 800 144
470 32 32 400 100
471 8 128 1000 177
472 32 320 1000 111
473 32 320 1000 194
474 8 32 2000 175
475 8 128 800 156
476 32 32 1000 100
477 32 128 5000 139
478 8 32 400 129
479 32 32 400 128
480 32 320 2000 96
481 8 320 1000 195
482 8 32 400 172
483 32 320 5000 130
484 32 320 5000 183
485 32 128 400 165
486 32 320 400 189
487 8 128 400 136
488 32 320 800 124
489 32 32 5000 113
490 8 32 2000 184
491 8 32 2000 98
492 8 32 1000 184
493 32 128 5000 176
494 32 320 400 187
495 32 128 1000 178
496 8 320 5000 192
497 8 320 5000 182
498 8 32 5000 141
499 32 32 800 127
500 8 320 400 173
501 8 32 1000 143
502 8 32 5000 127
503 8 32 800 120
504 8 32 5000 104
505 8 32 5000 107
506 8 32 1000 199
507 8 320 5000 172
508 32 32 5000 178
509 32 128 1000 184
510 32 320 1000 185
511 8 32 2000 103
512 32 32 5000 97
513 32 32 800 109
514 32 320 2000 101
515 32 320 1000 173
516 8 32 5000 153
517 8 320 1000 186
518 8 32 800 159
519 8 128 800 156
520 8 320 800 97
521 8 128 5000 99
522 8 320 400 158
523 8 128 400 184
524 32 320 800 104
525 8 128 1000 183
526 32 32 400 147
527 32 128 1000 126
528 32 128 2000 152
529 8 320 2000 149
530 8 320 800 121
531 32 320 800 199
532 8 320 2000 150
533 8 320 2000 176
534 32 32 400 126
535 8 128 400 173
536 32 32 2000 100
537 32 320 5000 106
538 32 32 400 140
539 8 32 400 112
540 32 320 5000 132
541 8 128 400 180
542 8 128 2000 155
543 32 320 5000 171
544 8 320 400 96
545 8 320 400 134
546 32 32 2000 92
547 8 320 800 161
548 32 128 1000 165
549 8 128 2000 194
550 32 128 800 130
551 8 128 2000 195
552 8 128 800 171
553 32 128 1000 132
554 8 320 5000 191
555 32 320 2000 179
556 8 32 1000 196
557 8 128 5000 106
558 32 128 2000 150
559 32 32 1000 145
560 32 32 400 152
561 32 32 1000 185
562 8 32 1000 183
563 8 32 800 103
564 32 128 400 126
565 32 320 5000 174
566 32 320 5000 164
567 32 32 400 176
568 32 128 2000 137
569 32 320 1000 176
570 32 32 2000 151
571 32 320 2000 132
572 32 320 800 106
573 8 32 2000 144
574 32 320 5000 135
575 32 32 400 133
576 8 128 800 167
577 32 32 2000 172
578 32 320 2000 99
579 32 128 5000 179
580 8 320 5000 143
581 8 32 5000 100
582 32 32 400 187
583 32 128 400 182
584 8 128 2000 126
585 32 128 800 193
586 8 128 800 189
587 32 32 1000 165
588 8 320 400 95
589 8 320 2000 140
590 8 320 5000 144
591 32 32 800 165
592 8 128 2000 125
593 32 320 5000 132
594 32 32 800 95
595 8 320 1000 196
596 32 128 1000 168
597 32 128 400 149
598 32 32 400 196
599 8 32 5000 181
600 32 128 800 122
601 8 128 2000 99
602 8 128 1000 155
603 32 128 5000 197
604 8 128 5000 97
605 32 320 400 98
606 8 128 800 181
607 8 32 800 96
608 8 320 800 103
609 8 128 2000 146
610 32 320 1000 120
611 32 32 800 117
612 32 128 400 199
613 8 320 1000 191
614 8 128 2000 179
615 32 128 800 131
616 32 128 1000 158
617 8 128 400 195
618 32 320 800 128
619 32 128 2000 118
620 32 32 800 150
621 8 32 800 144
622 8 32 400 190
623 8 320 400 178
624 32 320 2000 92
625 8 32 5000 170
626 8 32 1000 181
627 32 128 5000 185
628 8 128 5000 116
629 8 32 5000 189
630 8 320 2000 127
631 8 32 2000 94
632 32 128 1000 158
633 8 320 400 117
634 8 320 800 100
635 32 128 5000 167
636 8 128 800 123
637 32 320 2000 182
638 32 128 1000 199
639 8 32 2000 105
640 32 320 2000 173
641 8 320 2000 121
642 32 320 5000 169
643 8 128 5000 102
644 32 320 800 156
645 8 128 5000 167
646 8 128 800 200
647 8 128 400 115
648 32 320 1000 189
649 8 32 400 184
650 8 128 400 120
651 32 32 1000 193
652 8 32 2000 129
653 32 32 5000 144
654 32 32 1000 147
655 32 128 800 171
656 8 32 800 159
657 8 32 800 125
658 32 320 5000 167
659 8 32 400 133
660 32 32 400 104
661 8 128 1000 127
662 8 320 400 100
663 8 320 1000 95
664 32 320 2000 124
665 8 32 800 194
666 8 320 2000 130
667 32 128 400 140
668 32 32 5000 119
669 8 32 1000 172
670 8 320 5000 119
671 8 32 400 196
672 8 32 400 106
673 32 128 1000 149
674 32 32 800 155
675 8 320 1000 172
676 8 32 2000 122
677 32 320 800 118
678 32 128 2000 103
679 8 320 400 92
680 32 32 2000 94
681 8 32 800 93
682 8 128 5000 161
683 32 320 2000 127
684 8 320 2000 128
685 32 32 800 188
686 32 32 800 192
687 8 32 400 109
688 8 32 2000 170
689 32 32 400 100
690 32 320 2000 153
691 32 32 1000 167
692 8 32 5000 99
693 8 320 5000 189
694 32 128 1000 142
695 8 32 5000 192
696 8 32 400 161
697 32 320 800 104
698 32 32 2000 94
699 32 320 800 182
700 32 128 800 113
701 8 320 800 154
702 8 128 400 113
703 32 32 1000 123
704 32 128 400 118
705 32 32 800 172
706 32 128 5000 114
707 8 128 1000 145
708 32 128 1000 126
709 8 32 400 90
710 8 32 800 105
711 8 32 5000 150
712 8 32 1000 198
713 32 128 2000 99
714 32 128 1000 108
715 32 32 1000 191
716 8 320 2000 184
717 8 32 800 134
718 32 320 2000 150
719 32 128 800 95
720 32 128 1000 111
721 32 32 800 114
722 32 128 800 103
723 32 128 800 175
724 32 32 5000 146
725 8 320 400 110
726 8 128 1000 157
727 8 320 400 185
728 8 32 5000 183
729 8 32 800 134
730 8 32 800 151
731 32 320 5000 198
732 32 320 400 191
733 32 320 400 156
734 32 320 5000 139
735 8 320 5000 188
736 32 128 400 98
737 8 128 1000 110
738 8 128 800 107
739 32 128 5000 106
740 8 320 800 127
741 8 320 2000 126
742 32 320 400 154
743 32 32 5000 164
744 8 128 800 190
745 32 320 800 165
746 8 32 5000 105
747 8 32 400 191
748 8 128 1000 148
749 8 32 2000 167
750 8 32 400 163
751 32 32 5000 195
752 32 128 400 96
753 8 32 800 187
754 32 32 400 149
755 8 320 1000 144
756 32 128 800 103
757 32 32 2000 98
758 32 128 5000 136
759 8 128 2000 126
760 8 128 400 123
761 32 320 2000 131
762 32 32 400 190
763 32 32 1000 187
764 8 320 1000 140
765 32 320 2000 144
766 32 320 5000 167
767 32 32 1000 128
768 32 320 2000 149
769 32 32 800 137
770 32 128 400 191
771 8 32 2000 196
772 32 128 400 200
773 32 32 2000 156
774 32 320 1000 103
775 32 128 400 135
776 32 128 800 97
777 8 320 1000 150
778 8 32 400 152
779 32 320 2000 157
780 8 32 2000 175
781 32 128 400 175
782 8 32 800 192
783 32 320 1000 180
784 32 320 400 113
785 8 128 1000 106
786 32 128 2000 115
787 8 320 1000 185
788 8 32 5000 138
789 8 32 1000 97
790 32 320 2000 186
791 8 32 2000 96
792 32 320 800 172
793 8 128 800 116
794 8 32 2000 150
795 32 128 800 179
796 8 128 800 182
797 8 128 2000 128
798 32 320 5000 123
799 32 32 400 148
800 32 128 1000 195
801 32 128 800 161
802 32 128 1000 187
803 32 128 1000 101
804 32 32 5000 119
805 32 32 400 104
806 32 320 2000 104
807 8 32 5000 113
808 32 128 5000 200
809 32 320 800 177
810 8 32 5000 116
811 32 32 800 110
812 8 320 400 189
813 8 320 1000 173
814 32 320 1000 188
815 32 128 5000 183
816 8 128 1000 147
817 32 128 1000 139
818 8 320 800 161
819 8 128 400 135
820 32 320 1000 184
821 8 128 2000 144
822 8 32 2000 94
823 32 128 400 149
824 32 320 400 110
825 8 32 5000 165
188
1 806 67 115
1 749 67 185
1 429 70 99
4 118 41 131
7 554 69 179
10 46 43 139
10 253 46 118
13 400 67 96
13 391 49 163
17 94 64 90
21 57 68 97
23 407 61 188
27 589 41 161
29 767 61 142
31 354 53 143
35 348 56 156
36 510 59 120
41 359 55 127
42 330 48 94
42 195 41 189
43 107 64 199
44 786 40 200
45 302 44 184
49 533 43 154
50 269 69 165
54 519 70 109
57 334 40 133
64 523 42 149
70 613 47 195
72 104 50 188
73 524 56 161
74 644 53 200
77 198 54 122
84 749 55 119
84 241 54 185
86 212 48 149
86 151 68 162
88 267 57 182
88 392 68 114
89 370 65 195
90 405 55 157
94 773 46 134
95 295 46 196
97 681 60 95
98 777 70 119
98 114 66 196
99 777 41 168
99 431 58 90
102 262 43 180
102 552 51 190
102 504 60 127
103 539 60 194
103 782 62 118
104 252 59 91
109 650 47 199
109 111 48 98
109 327 49 116
109 125 59 158
110 753 67 135
113 533 63 125
118 418 51 128
120 266 44 126
126 450 51 126
126 569 61 142
129 672 45 189
134 704 49 93
135 440 58 124
140 453 52 99
143 667 42 146
144 612 40 198
144 620 58 165
147 150 46 105
148 824 63 172
152 669 46 185
156 320 55 129
156 756 42 171
157 341 41 111
157 524 70 119
162 388 41 123
174 613 52 125
176 756 45 149
177 579 70 151
177 559 41 186
191 334 64 94
192 568 58 105
194 573 44 100
202 818 41 115
206 479 69 177
206 466 64 125
209 676 46 135
210 426 62 136
211 326 55 128
213 699 68 110
214 812 52 199
215 309 68 179
219 514 53 164
222 373 57 99
223 274 56 159
227 766 57 122
229 313 46 149
232 745 57 136
233 279 53 92
234 621 61 115
235 510 57 174
237 575 50 110
239 405 49 170
239 618 51 165
243 703 40 124
244 757 66 142
251 528 56 125
253 527 53 148
255 600 62 94
256 613 40 106
256 687 44 161
256 397 55 185
257 460 61 141
262 704 56 174
262 793 42 167
265 624 44 103
267 819 41 95
271 272 54 147
271 640 66 142
271 604 45 95
278 408 58 132
280 689 45 114
282 636 50 168
285 707 70 148
300 459 65 131
305 527 48 162
310 590 40 118
320 637 50 152
333 719 44 169
336 772 62 119
338 609 58 200
342 457 68 180
346 497 61 113
355 593 57 118
359 559 62 133
359 402 44 96
359 664 43 134
362 748 54 126
365 379 47 178
376 531 40 103
381 770 42 123
387 690 68 193
392 516 65 136
393 616 48 148
393 621 53 162
393 799 67 186
395 397 57 105
402 631 65 118
404 576 48 173
418 764 57 157
427 588 63 162
443 639 65 176
446 517 55 135
456 724 44 104
458 702 41 113
463 535 50 93
471 478 44 93
480 487 40 92
486 729 41 119
487 589 54 101
500 624 58 102
503 526 69 108
504 780 51 98
515 647 47 144
523 525 62 104
541 820 65 188
542 668 68 94
551 680 56 94
554 729 46 153
554 719 46 185
587 663 64 103
590 704 67 174
604 728 49 161
619 704 63 120
633 640 53 136
655 814 52 133
662 742 46 114
664 794 44 116
665 713 69 147
678 788 57 165
693 819 48 160
693 735 53 181
713 736 60 200
713 743 47 154
713 769 67 150