423
0 8 2 100 84
1 16 16 150 89
2 2 16 50 68
3 16 64 150 75
4 8 4 200 92
5 8 16 150 63
6 16 64 50 54
7 16 4 100 60
8 8 4 100 88
9 2 2 100 95
10 2 64 50 92
11 8 64 200 80
12 8 16 50 75
13 8 2 100 98
14 16 16 50 100
15 16 64 50 75
16 16 16 200 92
17 2 2 150 54
18 16 4 150 75
19 16 64 50 77
20 8 2 200 95
21 16 16 50 75
22 8 4 50 54
23 2 4 100 77
24 16 64 200 100
25 2 64 50 76
26 16 2 50 61
27 2 16 50 96
28 8 2 200 74
29 8 4 150 68
30 16 64 50 89
31 16 16 200 85
32 8 4 50 54
33 2 4 50 53
34 8 16 200 70
35 2 16 100 89
36 2 16 150 68
37 8 16 50 60
38 8 4 100 94
39 16 4 50 76
40 16 16 50 75
41 2 2 100 89
42 2 4 200 66
43 2 64 50 56
44 8 4 100 72
45 8 4 50 76
46 2 64 200 77
47 8 16 150 54
48 2 2 100 78
49 16 64 150 73
50 8 4 200 69
51 8 64 200 96
52 16 16 50 61
53 8 16 200 71
54 16 2 100 51
55 16 64 50 98
56 8 2 200 87
57 8 2 100 99
58 16 2 100 90
59 2 64 200 66
60 2 2 100 79
61 2 2 200 65
62 16 16 200 61
63 8 4 200 83
64 2 16 200 74
65 2 16 200 93
66 16 64 150 74
67 8 2 200 73
68 8 4 100 65
69 2 2 150 76
70 8 16 50 66
71 8 4 200 85
72 2 2 150 62
73 16 16 200 51
74 16 16 100 98
75 8 64 100 60
76 2 4 150 90
77 16 16 50 59
78 16 2 50 76
79 2 4 150 94
80 2 64 200 59
81 16 2 50 51
82 16 2 200 76
83 8 64 50 60
84 16 64 200 50
85 2 4 100 71
86 8 2 100 72
87 8 64 150 84
88 2 4 50 56
89 16 4 50 83
90 16 2 50 96
91 2 4 150 93
92 16 64 150 69
93 2 4 100 64
94 8 16 100 61
95 16 4 200 66
96 16 64 150 97
97 16 2 200 77
98 2 4 150 50
99 16 16 50 56
100 16 4 150 80
101 2 64 50 97
102 2 16 100 53
103 2 4 150 89
104 8 16 100 99
105 8 64 150 72
106 8 64 150 74
107 8 4 150 54
108 2 2 100 97
109 16 4 200 51
110 16 4 150 71
111 16 64 100 91
112 16 16 50 75
113 16 2 150 88
114 16 4 200 88
115 2 16 100 94
116 8 16 100 85
117 8 4 100 84
118 8 16 200 96
119 2 16 200 56
120 2 4 200 63
121 16 16 200 86
122 2 64 200 75
123 8 2 100 95
124 8 64 200 72
125 2 16 100 69
126 8 4 100 58
127 8 4 50 77
128 2 4 50 56
129 16 4 150 65
130 16 4 100 97
131 2 64 200 86
132 8 4 200 93
133 8 16 150 73
134 16 4 200 86
135 16 4 150 69
136 8 2 200 71
137 2 4 150 78
138 8 64 200 55
139 8 16 200 52
140 8 64 50 96
141 8 2 50 61
142 2 64 100 79
143 8 16 100 87
144 16 2 100 55
145 8 2 150 68
146 16 64 100 66
147 16 2 50 80
148 8 16 100 68
149 16 64 200 86
150 8 4 200 97
151 8 2 150 77
152 2 2 100 69
153 2 64 50 93
154 8 4 150 88
155 2 64 50 66
156 8 4 100 71
157 16 16 100 54
158 8 64 150 62
159 16 4 200 94
160 16 16 150 69
161 16 64 200 52
162 8 16 50 69
163 2 4 50 98
164 16 64 200 81
165 16 2 100 80
166 8 4 100 60
167 16 4 100 50
168 8 64 150 69
169 8 64 200 59
170 2 4 200 62
171 8 2 150 79
172 16 16 50 54
173 16 64 150 99
174 8 2 50 59
175 2 2 200 59
176 16 4 50 81
177 2 64 200 65
178 2 4 100 51
179 16 64 100 67
180 8 64 150 70
181 16 64 200 76
182 16 16 150 93
183 16 16 150 88
184 8 64 200 81
185 2 16 200 60
186 8 4 50 63
187 2 2 200 73
188 8 64 100 97
189 2 2 100 82
190 16 64 100 86
191 16 2 200 76
192 8 16 150 65
193 16 2 50 89
194 2 16 200 52
195 16 4 200 89
196 16 2 100 63
197 2 2 150 79
198 2 64 100 53
199 8 4 50 60
200 8 2 200 77
201 16 16 50 85
202 2 16 50 87
203 8 64 50 80
204 8 2 100 60
205 16 64 150 90
206 8 64 200 62
207 8 2 200 90
208 8 64 200 94
209 2 2 200 83
210 2 64 150 56
211 2 64 150 86
212 2 2 200 99
213 16 2 50 84
214 8 2 150 55
215 2 16 100 59
216 8 16 100 92
217 8 64 50 85
218 2 64 200 57
219 2 4 100 69
220 8 2 50 71
221 16 64 50 90
222 8 64 50 58
223 2 64 200 73
224 2 4 150 97
225 16 16 50 63
226 16 2 150 50
227 16 4 200 71
228 16 16 50 85
229 2 64 200 78
230 2 64 50 61
231 16 4 150 68
232 16 2 200 76
233 8 4 150 62
234 8 16 50 76
235 2 4 50 95
236 2 64 200 68
237 2 64 150 63
238 8 4 200 88
239 8 64 150 72
240 8 4 100 74
241 16 4 150 92
242 8 2 150 52
243 8 2 150 82
244 2 4 100 85
245 2 64 200 50
246 16 4 50 78
247 16 2 150 84
248 8 64 100 80
249 16 16 100 87
250 16 64 100 61
251 2 64 200 99
252 16 16 50 89
253 2 16 50 99
254 8 4 200 72
255 8 16 100 64
256 8 64 200 72
257 16 16 150 86
258 8 16 150 86
259 16 2 150 79
260 8 2 200 65
261 2 16 100 72
262 2 64 50 60
263 16 4 150 70
264 2 16 50 55
265 8 2 150 92
266 8 4 100 65
267 2 16 200 52
268 8 16 50 76
269 16 2 150 52
270 8 16 50 65
271 16 4 200 77
272 8 64 200 60
273 2 64 200 78
274 2 16 200 96
275 16 2 150 88
276 16 2 50 88
277 2 2 200 92
278 8 4 150 59
279 2 16 200 82
280 2 4 100 83
281 8 4 150 59
282 2 64 100 78
283 2 64 100 74
284 16 64 150 72
285 2 64 150 94
286 2 64 150 88
287 8 16 50 54
288 2 2 100 50
289 2 2 150 86
290 2 64 200 76
291 16 64 150 78
292 2 16 50 100
293 16 2 50 88
294 8 2 200 84
295 8 2 200 72
296 2 64 150 74
297 2 16 200 59
298 16 2 150 92
299 2 4 200 73
300 2 16 100 67
301 2 4 100 54
302 8 64 150 66
303 8 2 100 72
304 16 4 150 50
305 8 64 150 78
306 16 64 150 60
307 8 2 200 92
308 8 4 50 68
309 16 2 200 56
310 16 4 50 59
311 16 4 50 75
312 8 64 100 84
313 16 64 100 99
314 2 16 100 69
315 16 4 50 65
316 2 2 200 99
317 2 64 150 55
318 16 2 200 91
319 16 16 100 99
320 2 16 200 89
321 16 2 100 91
322 16 64 150 61
323 16 16 200 88
324 2 4 100 73
325 2 64 200 56
326 2 16 200 51
327 2 16 150 97
328 16 2 150 99
329 16 4 150 74
330 16 2 100 82
331 2 2 100 95
332 8 64 50 75
333 2 16 50 91
334 8 2 100 89
335 16 4 100 54
336 8 4 100 90
337 16 64 200 87
338 16 64 50 72
339 2 4 100 91
340 8 64 200 71
341 8 16 150 96
342 2 2 100 99
343 8 64 150 96
344 2 16 150 50
345 8 4 200 78
346 2 64 50 63
347 2 4 200 83
348 8 2 50 99
349 16 4 200 77
350 2 4 50 71
351 8 64 200 92
352 16 4 100 80
353 2 16 150 91
354 8 2 200 86
355 16 64 100 94
356 8 2 200 75
357 16 16 200 70
358 16 4 100 74
359 16 64 50 82
360 8 64 200 90
361 2 64 50 96
362 16 64 100 61
363 2 64 200 62
364 2 16 100 61
365 16 4 100 56
366 2 64 200 65
367 8 64 200 88
368 2 2 50 62
369 2 4 50 80
370 16 16 100 86
371 16 4 50 63
372 16 4 200 73
373 8 16 200 75
374 8 2 150 70
375 2 2 100 76
376 2 2 200 83
377 2 4 200 65
378 2 2 50 59
379 16 16 200 53
380 8 16 150 88
381 8 64 50 81
382 16 4 100 55
383 16 64 100 56
384 8 16 150 78
385 8 2 100 74
386 16 2 200 90
387 2 16 150 78
388 2 4 50 78
389 16 64 200 77
390 16 64 150 79
391 2 2 200 99
392 2 2 200 73
393 16 4 100 70
394 16 2 50 73
395 16 4 100 63
396 2 4 50 50
397 2 64 200 90
398 8 64 150 82
399 2 16 150 82
400 8 16 50 89
401 8 64 100 91
402 2 64 200 52
403 2 64 100 69
404 8 4 200 63
405 2 4 50 86
406 16 16 150 59
407 2 4 150 65
408 8 4 100 90
409 16 2 100 79
410 16 64 200 96
411 8 4 100 63
412 8 2 200 80
413 2 4 150 95
414 16 2 200 100
415 16 2 200 61
416 8 4 150 58
417 2 2 150 78
418 16 4 150 68
419 2 16 50 68
420 8 64 100 72
421 2 64 150 71
422 8 16 200 51
54
3 309 40 154
4 140 42 163
8 155 44 172
13 225 57 189
18 307 68 120
19 418 53 177
22 25 49 93
24 317 54 145
27 231 58 189
31 33 62 112
34 156 68 133
37 130 60 173
38 301 70 155
42 376 67 168
50 72 57 125
53 347 67 117
68 344 46 116
68 232 64 119
71 222 43 126
79 288 42 127
85 376 69 172
86 384 69 178
88 334 51 107
88 278 69 199
94 183 51 112
99 419 42 174
107 297 46 100
107 181 67 108
113 354 51 177
131 175 41 179
133 365 66 197
135 154 40 94
139 323 69 141
144 290 52 108
145 409 44 179
147 269 63 93
153 414 40 155
157 228 46 92
164 270 51 188
177 323 63 121
181 373 41 163
181 318 56 193
182 311 55 160
187 254 56 102
193 229 58 127
195 316 66 142
197 285 70 181
202 283 55 109
220 411 60 141
227 241 44 93
295 308 64 127
310 358 66 99
343 363 50 115
409 423 55 108