852
0 8 320 400 175
1 8 32 400 167
2 32 32 400 188
3 8 128 2000 106
4 8 32 1000 124
5 8 128 400 90
6 32 128 1000 109
7 32 320 400 122
8 8 128 1000 120
9 32 32 5000 110
10 8 128 1000 137
11 8 128 5000 144
12 32 320 5000 116
13 32 128 800 115
14 32 128 1000 129
15 8 320 5000 111
16 8 32 5000 121
17 32 320 800 148
18 8 32 2000 134
19 8 32 1000 157
20 32 320 2000 180
21 32 128 1000 160
22 32 320 2000 130
23 8 128 400 165
24 32 128 1000 186
25 32 32 400 161
26 32 320 800 120
27 8 128 1000 173
28 8 128 800 179
29 8 320 2000 110
30 8 128 1000 154
31 8 32 800 145
32 8 128 1000 116
33 32 320 2000 144
34 8 128 400 114
35 8 32 2000 169
36 32 32 400 195
37 8 32 400 99
38 32 128 400 110
39 8 128 5000 131
40 32 32 1000 175
41 32 320 5000 122
42 32 32 400 149
43 32 128 800 185
44 8 128 800 99
45 8 128 1000 172
46 8 32 800 106
47 8 32 400 126
48 32 128 5000 128
49 32 128 1000 159
50 8 320 1000 133
51 32 32 800 148
52 8 128 1000 140
53 8 32 400 137
54 8 128 5000 99
55 8 32 5000 196
56 32 128 5000 117
57 32 128 400 158
58 32 128 5000 141
59 8 320 2000 180
60 32 320 2000 137
61 8 320 800 153
62 32 32 1000 177
63 32 320 800 127
64 8 128 400 179
65 8 128 400 100
66 8 128 5000 111
67 32 32 400 110
68 8 128 800 158
69 8 32 2000 146
70 32 128 5000 193
71 32 320 5000 96
72 32 320 400 93
73 8 128 2000 131
74 8 128 800 196
75 8 128 400 154
76 32 320 400 171
77 8 320 400 178
78 8 32 2000 115
79 8 128 400 115
80 8 32 800 93
81 8 32 800 175
82 32 128 400 127
83 32 320 2000 168
84 32 128 5000 139
85 8 128 5000 118
86 8 128 5000 162
87 32 320 400 97
88 32 32 400 195
89 32 32 5000 137
90 8 128 5000 129
91 8 320 2000 183
92 8 32 5000 136
93 8 32 5000 110
94 32 320 2000 180
95 8 128 800 158
96 32 128 2000 137
97 8 32 800 104
98 32 128 800 170
99 32 32 400 163
100 8 320 2000 134
101 8 32 1000 196
102 32 128 1000 114
103 32 320 2000 104
104 32 128 400 149
105 32 32 400 165
106 8 320 1000 176
107 32 32 5000 198
108 8 32 5000 173
109 8 32 1000 200
110 8 128 1000 174
111 32 320 2000 152
112 8 32 5000 92
113 32 32 800 136
114 8 320 2000 163
115 8 320 400 130
116 32 32 2000 104
117 8 320 2000 166
118 8 320 5000 92
119 8 32 800 135
120 8 320 1000 115
121 8 32 1000 104
122 8 128 800 184
123 8 128 2000 198
124 8 32 1000 166
125 32 32 1000 99
126 8 128 5000 175
127 32 128 400 183
128 8 32 400 92
129 8 32 800 177
130 8 128 2000 142
131 8 320 1000 163
132 32 32 400 158
133 8 320 5000 145
134 32 320 800 189
135 32 320 5000 168
136 32 128 5000 130
137 32 32 800 116
138 32 320 1000 198
139 32 320 5000 173
140 8 320 400 103
141 8 32 400 148
142 8 32 400 177
143 32 320 5000 131
144 32 320 1000 100
145 32 128 400 171
146 8 320 2000 172
147 8 32 400 182
148 8 128 400 140
149 8 320 1000 109
150 32 128 1000 155
151 32 32 2000 110
152 32 320 400 144
153 8 128 1000 111
154 32 320 5000 194
155 8 32 5000 133
156 32 320 800 95
157 8 32 800 142
158 32 320 800 131
159 32 320 2000 130
160 32 128 800 192
161 32 320 1000 118
162 32 320 1000 148
163 8 32 800 170
164 8 320 2000 164
165 8 32 800 138
166 8 128 800 123
167 8 32 1000 90
168 8 128 1000 124
169 8 320 2000 191
170 8 320 2000 109
171 32 320 800 121
172 32 128 2000 98
173 8 128 400 178
174 32 128 1000 153
175 32 128 1000 186
176 8 320 2000 116
177 32 320 1000 178
178 32 128 5000 106
179 32 128 5000 198
180 32 32 800 172
181 8 32 5000 179
182 32 128 800 162
183 32 320 400 137
184 32 128 1000 141
185 8 320 5000 115
186 32 128 5000 195
187 8 320 5000 181
188 8 128 800 132
189 32 320 800 148
190 32 320 400 154
191 32 320 1000 94
192 32 320 400 188
193 32 128 2000 179
194 8 128 2000 136
195 32 128 1000 112
196 8 128 800 137
197 8 128 400 123
198 32 128 2000 193
199 8 32 5000 109
200 32 320 2000 121
201 8 320 2000 197
202 8 320 2000 126
203 32 32 400 120
204 32 128 5000 153
205 32 128 1000 182
206 8 32 800 97
207 8 32 5000 179
208 8 32 400 158
209 8 32 1000 155
210 32 32 1000 96
211 8 320 1000 109
212 8 32 2000 158
213 32 128 5000 129
214 32 320 2000 120
215 32 320 5000 105
216 32 32 2000 151
217 32 128 800 132
218 8 32 400 140
219 32 128 800 186
220 32 32 5000 120
221 32 32 1000 121
222 8 32 2000 175
223 8 128 800 98
224 32 320 2000 187
225 8 32 5000 180
226 8 128 400 148
227 32 128 2000 199
228 32 32 1000 193
229 32 32 1000 100
230 8 320 2000 114
231 8 128 5000 105
232 8 128 400 101
233 32 320 400 147
234 8 320 2000 96
235 8 320 400 144
236 8 32 2000 90
237 8 320 2000 109
238 8 320 400 120
239 8 128 2000 95
240 8 320 5000 109
241 32 320 800 140
242 8 32 2000 135
243 32 320 400 175
244 32 320 400 173
245 32 128 2000 152
246 32 320 2000 175
247 8 32 2000 187
248 32 128 1000 154
249 32 32 2000 96
250 8 32 1000 173
251 32 320 400 153
252 8 128 5000 165
253 32 320 1000 126
254 8 128 800 111
255 8 32 1000 153
256 8 320 2000 132
257 8 128 2000 124
258 32 128 400 122
259 32 128 1000 112
260 32 128 1000 110
261 8 128 400 95
262 32 128 400 127
263 8 320 800 198
264 8 320 1000 177
265 8 320 400 98
266 32 32 5000 160
267 32 128 1000 115
268 8 320 2000 174
269 32 128 400 142
270 8 320 800 106
271 8 32 800 105
272 32 128 5000 179
273 32 320 800 92
274 8 320 2000 157
275 8 32 1000 119
276 32 128 5000 188
277 8 128 5000 108
278 8 32 400 159
279 32 32 800 193
280 8 128 800 170
281 32 32 2000 159
282 8 320 2000 157
283 8 128 1000 144
284 32 128 5000 161
285 32 320 5000 163
286 32 128 5000 135
287 32 32 400 131
288 8 128 800 180
289 8 128 2000 145
290 32 128 5000 100
291 32 32 400 179
292 32 32 2000 176
293 8 320 5000 125
294 32 32 800 131
295 32 128 5000 96
296 32 32 400 148
297 32 320 400 128
298 32 32 400 172
299 32 128 2000 129
300 8 32 800 169
301 8 128 2000 113
302 32 128 1000 98
303 32 128 400 197
304 32 128 2000 164
305 8 128 1000 102
306 32 128 2000 142
307 32 32 400 169
308 8 128 800 106
309 8 320 5000 186
310 8 32 1000 108
311 32 320 800 161
312 32 320 800 127
313 32 320 400 125
314 8 32 5000 135
315 8 320 800 117
316 32 128 1000 126
317 8 32 400 94
318 8 320 2000 154
319 32 128 800 184
320 32 32 800 164
321 8 320 5000 173
322 8 128 2000 169
323 32 128 2000 105
324 8 32 400 190
325 8 32 400 121
326 8 320 400 145
327 8 32 2000 179
328 8 128 1000 150
329 8 32 5000 168
330 8 128 400 156
331 32 32 800 148
332 8 128 1000 178
333 8 128 2000 149
334 32 128 2000 199
335 32 320 400 96
336 8 320 2000 143
337 8 128 1000 133
338 32 320 400 142
339 8 32 400 123
340 32 320 1000 116
341 8 128 5000 189
342 32 32 1000 190
343 8 320 1000 98
344 8 320 400 200
345 32 320 5000 121
346 8 320 400 188
347 8 128 5000 174
348 8 128 400 165
349 8 32 800 119
350 32 32 800 142
351 8 128 1000 134
352 8 32 2000 108
353 8 128 400 157
354 8 320 400 155
355 32 128 400 132
356 8 128 5000 133
357 32 320 800 194
358 8 320 5000 177
359 32 32 2000 126
360 8 32 400 123
361 32 128 2000 127
362 8 320 5000 134
363 8 320 5000 136
364 32 320 1000 104
365 32 128 400 104
366 32 32 2000 129
367 32 128 400 144
368 8 128 1000 132
369 32 320 1000 140
370 32 320 2000 126
371 32 320 2000 121
372 8 32 800 152
373 32 320 2000 134
374 8 128 2000 184
375 32 32 400 94
376 8 128 1000 164
377 32 128 1000 107
378 8 320 2000 165
379 32 32 2000 148
380 32 320 800 150
381 32 32 5000 102
382 8 128 800 110
383 8 32 5000 119
384 32 32 800 151
385 8 32 5000 109
386 8 32 2000 161
387 32 32 800 179
388 8 320 2000 100
389 8 320 5000 115
390 32 320 2000 120
391 8 32 400 174
392 8 320 1000 140
393 32 320 400 133
394 8 32 400 120
395 32 32 1000 117
396 32 128 2000 180
397 8 32 400 156
398 8 128 400 130
399 8 320 1000 114
400 8 32 400 111
401 8 128 400 166
402 8 128 400 178
403 8 32 400 134
404 8 128 800 133
405 32 320 5000 139
406 32 128 5000 107
407 32 32 2000 118
408 32 32 5000 137
409 32 320 1000 174
410 32 128 800 104
411 32 128 400 142
412 32 320 800 154
413 8 320 400 200
414 32 320 5000 100
415 32 32 800 110
416 32 32 2000 176
417 32 128 2000 116
418 8 320 2000 155
419 8 32 2000 146
420 8 320 1000 136
421 8 128 1000 117
422 32 32 1000 116
423 32 320 2000 133
424 32 128 5000 199
425 8 320 400 184
426 8 320 800 105
427 32 320 2000 91
428 8 128 5000 130
429 32 128 800 171
430 32 320 400 119
431 32 128 1000 133
432 32 32 400 118
433 32 320 400 164
434 8 32 5000 164
435 32 128 800 192
436 8 128 5000 131
437 32 320 800 161
438 8 320 2000 165
439 32 32 2000 199
440 32 128 5000 158
441 8 320 1000 164
442 8 320 400 133
443 8 320 400 198
444 32 128 2000 105
445 8 32 2000 129
446 8 320 2000 101
447 8 128 5000 155
448 8 320 800 109
449 8 320 5000 94
450 8 32 800 136
451 32 320 2000 141
452 8 320 1000 148
453 8 32 800 188
454 8 320 5000 175
455 8 128 400 163
456 8 32 400 170
457 8 128 800 189
458 32 32 2000 123
459 32 128 800 170
460 32 128 400 172
461 32 320 800 140
462 32 320 800 137
463 32 128 2000 91
464 32 320 400 148
465 32 32 2000 139
466 32 32 1000 161
467 8 128 2000 131
468 8 128 400 173
469 8 320 800 153
470 8 128 400 142
471 32 128 800 130
472 8 320 5000 187
473 8 32 1000 102
474 8 128 800 167
475 32 128 800 130
476 32 128 1000 121
477 8 32 2000 176
478 8 128 400 126
479 8 32 5000 158
480 32 32 800 125
481 8 320 5000 147
482 8 128 800 164
483 32 32 400 96
484 8 32 2000 196
485 8 128 400 177
486 32 128 800 152
487 8 32 5000 155
488 32 320 2000 190
489 8 128 800 195
490 32 320 1000 91
491 32 320 1000 136
492 32 320 5000 117
493 32 320 1000 178
494 32 320 2000 199
495 8 320 1000 107
496 8 32 1000 186
497 32 32 400 148
498 32 320 2000 193
499 8 32 2000 92
500 32 32 800 172
501 8 128 1000 99
502 8 32 5000 97
503 8 320 2000 190
504 32 128 400 144
505 32 320 5000 129
506 32 32 400 199
507 8 320 800 192
508 8 32 400 180
509 8 32 1000 95
510 8 320 2000 119
511 8 32 800 100
512 32 320 400 143
513 8 320 800 198
514 8 32 5000 179
515 32 128 1000 193
516 8 320 400 93
517 8 320 400 95
518 32 32 400 121
519 32 128 400 175
520 32 32 1000 179
521 8 128 800 106
522 32 320 400 199
523 32 32 1000 181
524 32 320 5000 188
525 8 320 2000 120
526 32 128 800 175
527 32 128 800 189
528 8 320 5000 186
529 8 320 5000 137
530 8 32 5000 113
531 32 32 5000 94
532 32 32 800 188
533 8 32 400 152
534 8 128 1000 167
535 8 128 400 179
536 8 320 5000 188
537 32 320 2000 178
538 32 320 5000 97
539 8 32 2000 104
540 32 32 800 183
541 32 320 5000 143
542 8 320 1000 138
543 32 320 2000 94
544 8 320 800 119
545 8 320 5000 128
546 8 128 1000 185
547 8 32 2000 147
548 32 128 400 115
549 32 32 1000 138
550 32 32 2000 127
551 8 320 1000 174
552 8 32 400 198
553 8 128 800 178
554 32 320 2000 177
555 8 128 2000 132
556 32 128 800 130
557 32 32 800 102
558 32 128 1000 154
559 32 128 800 111
560 8 32 1000 121
561 32 128 400 187
562 8 128 1000 199
563 8 320 800 189
564 32 320 1000 184
565 32 32 2000 177
566 32 320 5000 165
567 8 128 1000 199
568 32 32 1000 137
569 8 32 400 182
570 32 32 5000 94
571 32 128 800 158
572 32 32 1000 146
573 8 128 1000 151
574 8 32 5000 181
575 32 320 800 135
576 8 320 5000 147
577 8 320 5000 168
578 8 320 2000 111
579 32 320 800 139
580 8 32 1000 175
581 32 32 800 106
582 8 128 1000 163
583 8 32 400 160
584 32 128 800 174
585 8 128 1000 91
586 8 320 800 179
587 8 32 400 163
588 32 128 400 129
589 8 320 800 123
590 32 128 2000 194
591 8 128 1000 166
592 8 32 1000 138
593 32 320 2000 196
594 8 320 400 91
595 32 320 1000 90
596 32 32 1000 101
597 32 32 800 100
598 8 320 400 161
599 8 320 1000 100
600 8 128 1000 150
601 8 128 2000 174
602 32 128 2000 91
603 8 128 2000 194
604 8 320 5000 100
605 8 320 800 152
606 8 320 5000 194
607 32 320 1000 120
608 32 320 5000 169
609 32 128 2000 191
610 8 128 800 102
611 8 32 2000 192
612 8 320 1000 98
613 8 128 2000 169
614 8 320 800 121
615 8 32 1000 155
616 32 32 2000 134
617 8 128 5000 90
618 32 128 800 104
619 8 128 5000 104
620 32 128 5000 137
621 32 128 1000 149
622 32 32 5000 186
623 8 128 800 133
624 8 128 1000 154
625 8 128 800 143
626 8 320 5000 198
627 32 320 5000 104
628 8 32 400 192
629 8 32 2000 186
630 8 128 1000 200
631 32 32 2000 176
632 32 32 800 92
633 8 320 800 109
634 32 128 2000 105
635 8 32 800 125
636 8 32 800 112
637 32 32 5000 100
638 8 128 5000 188
639 8 320 5000 134
640 32 128 400 187
641 8 128 2000 105
642 8 128 800 99
643 32 32 1000 139
644 8 128 400 196
645 8 32 5000 186
646 32 320 5000 112
647 32 128 5000 179
648 32 32 2000 114
649 32 32 400 92
650 8 320 1000 119
651 32 32 2000 155
652 32 128 400 132
653 32 128 2000 94
654 32 320 1000 99
655 32 128 2000 122
656 32 32 1000 130
657 8 320 400 160
658 8 320 1000 182
659 32 320 2000 103
660 32 32 800 168
661 8 320 400 194
662 8 320 800 130
663 32 32 5000 135
664 8 320 1000 156
665 32 128 800 153
666 8 32 800 162
667 32 32 400 158
668 8 32 2000 98
669 32 128 5000 191
670 32 128 5000 188
671 8 320 2000 189
672 32 320 5000 153
673 32 32 1000 109
674 8 32 800 189
675 8 320 800 192
676 32 128 400 136
677 32 128 2000 169
678 32 320 800 158
679 32 320 5000 117
680 8 32 400 168
681 32 128 2000 135
682 8 32 1000 124
683 8 128 1000 155
684 8 320 800 102
685 8 32 2000 148
686 8 128 1000 138
687 32 32 5000 200
688 8 32 400 169
689 32 128 2000 147
690 32 128 2000 174
691 8 128 1000 122
692 8 32 800 149
693 8 128 800 90
694 32 320 2000 185
695 32 320 400 197
696 32 128 400 132
697 8 32 800 158
698 8 32 2000 199
699 8 32 400 123
700 32 128 800 163
701 8 32 400 97
702 32 32 800 110
703 8 128 400 122
704 8 320 5000 149
705 8 32 5000 185
706 8 320 1000 165
707 32 128 1000 131
708 8 128 800 135
709 8 320 5000 109
710 32 320 1000 90
711 8 320 800 172
712 8 32 2000 159
713 8 320 1000 115
714 32 320 2000 100
715 8 32 400 129
716 32 32 800 146
717 8 128 1000 156
718 32 32 2000 190
719 32 320 5000 174
720 32 128 5000 111
721 8 128 5000 156
722 32 128 2000 149
723 8 128 800 122
724 32 128 1000 181
725 32 320 400 151
726 8 32 5000 107
727 32 320 2000 167
728 8 32 1000 188
729 8 32 1000 184
730 32 128 400 179
731 8 128 1000 154
732 32 32 5000 175
733 8 128 5000 146
734 8 320 5000 140
735 32 32 800 158
736 32 320 5000 93
737 8 128 1000 146
738 8 32 800 178
739 8 320 400 112
740 8 128 400 158
741 8 128 2000 156
742 8 128 2000 151
743 8 32 1000 164
744 8 320 2000 188
745 32 32 2000 101
746 8 32 2000 136
747 32 320 1000 175
748 8 320 5000 156
749 32 128 5000 181
750 8 320 400 154
751 8 32 400 117
752 32 32 2000 106
753 32 320 5000 152
754 32 320 400 194
755 8 32 400 196
756 8 32 2000 160
757 32 320 800 164
758 8 128 400 132
759 8 128 5000 169
760 8 32 2000 100
761 32 128 1000 151
762 32 32 1000 192
763 8 128 5000 146
764 32 320 800 173
765 32 320 800 92
766 8 320 2000 149
767 32 32 2000 200
768 8 32 2000 166
769 32 320 1000 136
770 32 32 800 144
771 32 128 800 111
772 8 32 5000 107
773 8 320 1000 193
774 8 320 400 198
775 32 320 2000 164
776 32 128 800 139
777 32 128 5000 171
778 32 32 2000 91
779 32 320 2000 166
780 32 128 5000 96
781 32 32 800 191
782 32 32 1000 179
783 8 320 400 117
784 8 32 1000 113
785 8 320 400 97
786 32 128 1000 101
787 32 128 800 166
788 32 320 400 194
789 32 320 1000 118
790 8 32 2000 102
791 32 320 1000 129
792 32 320 5000 128
793 8 128 2000 102
794 32 32 5000 113
795 32 32 1000 197
796 8 128 5000 145
797 8 32 1000 98
798 32 320 1000 161
799 8 32 400 195
800 32 32 400 98
801 32 128 800 180
802 8 32 1000 119
803 32 320 5000 107
804 8 128 800 111
805 8 128 5000 141
806 8 320 800 91
807 32 128 1000 127
808 8 128 400 168
809 32 32 2000 153
810 32 32 1000 192
811 8 320 800 177
812 32 128 800 96
813 32 128 800 181
814 8 128 1000 161
815 8 128 400 113
816 32 128 5000 96
817 32 128 800 163
818 32 320 5000 194
819 8 32 1000 152
820 8 128 2000 182
821 8 128 2000 131
822 32 128 400 170
823 32 128 400 122
824 32 32 5000 112
825 8 128 1000 114
826 8 32 1000 156
827 8 320 2000 98
828 8 32 1000 120
829 8 128 800 172
830 32 320 2000 168
831 32 128 1000 184
832 32 320 800 101
833 32 128 2000 109
834 32 128 800 161
835 32 320 800 179
836 32 32 5000 191
837 8 32 5000 98
838 8 128 800 136
839 8 32 5000 177
840 32 128 2000 122
841 32 320 5000 105
842 32 128 800 165
843 32 32 5000 109
844 32 128 1000 174
845 8 32 800 142
846 8 32 400 187
847 8 320 800 155
848 8 32 5000 186
849 32 32 400 169
850 32 320 1000 197
851 8 128 1000 125
314
2 497 42 154
3 731 59 112
5 219 66 101
5 662 53 187
6 463 42 163
7 662 59 192
8 208 51 138
8 578 66 96
9 245 43 97
11 609 46 140
11 290 66 104
11 272 48 107
12 511 46 135
13 83 69 183
15 640 50 168
15 178 58 108
16 512 52 111
16 625 42 155
21 223 44 148
24 359 66 118
26 119 53 105
26 221 64 151
29 283 63 171
30 754 51 108
30 187 50 106
30 211 65 108
31 188 54 166
33 199 54 114
34 670 62 174
34 98 52 165
36 431 56 173
36 412 43 176
36 469 46 142
39 423 58 188
40 837 47 161
42 357 53 151
43 318 70 151
43 828 69 117
44 281 48 115
44 466 44 129
45 830 58 135
47 173 53 108
48 259 64 101
48 800 43 115
48 797 62 104
48 644 50 161
48 205 56 110
52 369 55 108
54 198 67 103
56 826 43 100
57 613 66 168
58 721 55 191
61 77 41 99
61 373 52 131
62 337 52 199
63 181 43 196
64 233 56 102
72 345 43 100
74 768 48 139
76 543 53 165
77 803 67 139
78 683 61 188
78 284 64 179
81 105 43 186
82 99 50 93
84 534 61 137
84 567 62 190
84 113 52 108
85 552 60 141
85 771 47 188
85 156 52 90
88 335 47 190
89 117 64 195
97 290 46 159
97 447 55 98
97 777 41 175
99 536 42 113
100 681 59 179
102 351 50 111
104 521 70 118
105 433 59 183
105 181 50 92
107 818 54 127
108 537 46 178
108 126 59 173
112 581 67 125
115 467 53 188
117 337 44 136
118 477 58 179
119 621 58 143
119 431 57 144
120 303 44 124
123 687 55 159
124 160 62 151
124 683 66 109
125 586 44 163
127 131 62 142
127 506 59 184
133 362 45 156
134 198 44 98
135 426 46 193
136 666 54 92
138 683 70 140
142 527 49 115
143 652 46 171
144 542 47 103
149 598 69 145
150 194 62 150
151 756 60 99
152 344 56 103
154 517 65 176
154 530 44 148
155 512 66 187
158 247 56 120
162 477 67 103
164 430 65 172
175 308 46 123
175 648 48 105
175 239 68 115
177 427 67 98
177 352 55 101
178 480 48 143
183 189 49 176
183 762 42 163
183 598 52 119
185 848 68 145
188 811 51 165
188 490 62 181
190 755 63 189
191 687 62 137
191 344 51 179
194 595 57 130
194 553 62 186
195 350 47 174
196 217 52 108
197 442 64 104
199 642 42 140
201 821 56 145
202 642 45 100
206 383 47 117
207 541 49 132
208 478 58 106
208 678 59 150
210 338 42 191
212 833 44 194
212 487 68 96
217 551 51 173
218 810 61 170
220 562 56 90
221 809 58 134
223 732 63 196
227 611 42 169
228 427 57 98
229 736 44 112
232 623 56 192
232 830 69 107
233 774 48 127
233 808 60 146
235 841 59 146
235 605 70 164
236 763 40 183
236 394 54 148
236 600 50 146
239 799 48 102
239 387 59 152
242 386 49 176
243 452 61 112
243 780 60 182
246 621 48 189
246 815 48 145
248 430 47 90
248 852 50 151
250 541 41 181
260 331 42 118
261 770 68 108
262 350 51 194
263 664 49 103
264 521 43 195
272 727 67 149
281 536 54 195
282 698 45 177
282 289 46 118
288 442 53 94
291 433 62 131
291 429 63 140
294 621 42 91
295 814 60 112
295 768 63 91
302 548 51 182
303 631 61 176
303 622 57 156
303 697 42 161
307 769 69 105
311 819 65 95
312 825 68 181
316 493 48 127
319 526 49 165
321 377 46 180
322 752 69 170
322 369 41 112
326 328 47 130
327 591 43 118
327 545 55 96
328 490 44 183
332 785 70 145
341 837 55 147
352 581 61 98
355 376 62 132
355 789 46 181
355 742 43 187
356 798 58 182
356 754 43 166
358 540 46 193
358 410 56 181
359 765 55 162
364 740 54 122
367 379 62 162
369 387 41 120
372 506 50 113
373 653 61 164
375 840 62 120
386 703 67 164
389 471 69 111
393 483 54 161
395 549 69 165
396 669 66 129
397 587 44 170
397 621 44 182
401 459 69 163
402 830 63 94
405 531 45 186
409 451 65 163
412 421 40 122
413 518 60 152
416 639 63 115
418 489 56 117
420 509 69 143
422 787 45 98
422 511 65 188
426 463 47 160
432 683 69 197
439 747 58 192
439 626 60 134
442 499 63 153
443 758 62 111
443 613 53 144
444 718 47 98
446 725 69 173
448 740 40 148
448 656 47 138
449 509 40 143
449 839 58 192
457 547 58 195
457 835 59 164
457 639 44 191
471 618 50 155
473 779 67 197
475 788 43 135
477 525 43 115
479 817 66 181
488 690 49 100
489 745 69 163
496 842 66 129
496 787 44 140
501 708 47 137
508 641 45 194
514 540 40 173
514 689 69 119
514 709 42 172
517 539 65 142
518 781 56 147
521 523 45 194
526 745 63 91
534 622 47 146
534 564 59 114
536 841 40 164
536 767 52 175
542 675 43 179
554 766 48 196
557 594 50 104
560 679 51 179
561 722 54 136
561 577 53 118
565 715 42 186
565 657 58 159
569 824 68 90
572 826 57 172
584 820 54 120
596 815 68 200
596 753 63 104
603 633 44 166
611 753 69 90
613 627 52 200
615 731 44 92
623 750 57 94
627 807 55 108
630 809 60 198
640 828 44 144
644 831 64 170
646 680 53 193
651 789 61 95
654 692 70 122
658 842 70 157
672 703 64 162
674 797 64 139
685 817 59 113
701 831 61 137
709 789 41 188
714 729 59 121
722 727 52 122
735 845 69 132
769 794 47 128
787 816 54 186
804 829 40 110