694
0 32 16 500 161
1 64 64 1000 188
2 32 16 500 194
3 64 128 500 140
4 16 64 5000 113
5 32 64 500 166
6 16 256 2400 120
7 32 128 2400 131
8 16 128 500 123
9 32 128 1000 193
10 16 256 1000 135
11 128 128 2400 194
12 16 256 1000 101
13 64 16 500 141
14 64 16 1000 181
15 16 64 2400 106
16 64 128 1000 126
17 16 256 800 96
18 128 256 800 160
19 128 64 500 132
20 32 128 800 113
21 16 64 800 152
22 64 16 2400 174
23 16 16 500 162
24 16 256 800 149
25 32 128 5000 95
26 32 16 2400 135
27 64 128 800 141
28 16 16 500 166
29 16 16 1000 194
30 128 64 500 115
31 16 64 800 146
32 128 16 500 144
33 128 16 500 149
34 32 128 2400 92
35 32 64 500 120
36 64 128 500 189
37 128 16 800 102
38 128 64 800 122
39 64 128 2400 180
40 64 128 500 104
41 128 16 500 140
42 32 64 500 116
43 64 64 5000 171
44 16 256 2400 158
45 64 16 500 176
46 64 128 5000 113
47 128 16 800 129
48 16 16 5000 182
49 32 16 500 190
50 128 16 500 142
51 16 16 500 124
52 32 256 2400 128
53 32 256 1000 100
54 32 16 800 196
55 16 256 500 187
56 64 128 5000 166
57 128 128 2400 197
58 64 128 1000 119
59 16 64 500 148
60 32 256 2400 148
61 64 64 800 115
62 64 64 5000 136
63 16 256 2400 158
64 32 128 500 106
65 32 128 5000 157
66 16 256 800 157
67 64 16 800 129
68 16 64 800 113
69 128 128 800 161
70 32 256 2400 136
71 16 64 5000 173
72 16 128 1000 118
73 128 64 500 159
74 64 256 5000 131
75 64 128 1000 114
76 64 64 2400 187
77 32 64 500 141
78 16 16 5000 157
79 128 256 800 90
80 128 64 1000 132
81 128 256 2400 115
82 32 64 5000 167
83 32 64 2400 131
84 16 128 2400 193
85 64 256 1000 148
86 32 128 1000 116
87 32 16 500 91
88 64 64 2400 179
89 32 128 1000 177
90 32 64 2400 199
91 16 16 5000 199
92 32 128 5000 195
93 32 256 800 196
94 16 64 1000 183
95 16 64 800 100
96 64 64 800 154
97 32 64 5000 151
98 16 64 800 174
99 64 16 1000 160
100 16 128 5000 102
101 16 64 500 190
102 128 128 1000 193
103 16 128 2400 109
104 64 256 2400 158
105 128 64 2400 121
106 32 128 800 165
107 32 256 1000 146
108 64 64 2400 101
109 128 16 2400 102
110 32 64 800 129
111 128 256 2400 151
112 32 128 1000 152
113 16 16 800 160
114 16 256 800 133
115 16 128 1000 188
116 16 256 2400 98
117 16 128 500 155
118 32 128 800 171
119 128 16 800 151
120 128 128 5000 152
121 64 64 2400 112
122 16 16 2400 148
123 32 64 500 96
124 16 128 1000 125
125 32 128 500 188
126 32 256 5000 112
127 16 256 500 176
128 64 16 500 150
129 128 128 800 139
130 128 16 2400 185
131 64 64 800 133
132 128 16 2400 129
133 32 128 500 177
134 32 64 2400 170
135 32 16 800 153
136 64 256 2400 196
137 64 64 5000 192
138 128 256 2400 135
139 16 128 500 129
140 16 256 800 97
141 128 64 5000 127
142 16 128 1000 191
143 64 256 2400 113
144 16 256 2400 178
145 16 256 2400 101
146 32 16 800 130
147 16 16 2400 171
148 32 128 500 143
149 16 64 500 101
150 128 64 2400 124
151 32 16 5000 120
152 128 128 5000 90
153 32 128 500 155
154 64 256 500 97
155 128 16 2400 188
156 16 128 1000 190
157 128 64 5000 107
158 64 256 5000 128
159 64 64 5000 164
160 16 256 5000 197
161 32 128 1000 172
162 16 16 500 166
163 128 16 800 95
164 32 256 5000 150
165 128 256 5000 200
166 128 16 5000 156
167 32 16 2400 194
168 16 256 2400 170
169 128 256 800 131
170 64 16 800 93
171 32 16 800 112
172 32 16 1000 198
173 32 256 800 114
174 64 16 5000 193
175 64 128 500 133
176 128 256 2400 126
177 16 64 1000 128
178 128 256 5000 135
179 32 64 500 108
180 64 256 500 174
181 32 256 800 198
182 16 128 800 146
183 16 128 2400 198
184 32 16 5000 111
185 32 64 2400 157
186 128 64 500 132
187 128 256 5000 176
188 64 64 800 109
189 128 16 5000 194
190 32 256 500 97
191 16 256 500 113
192 64 128 500 90
193 64 64 1000 116
194 32 128 500 138
195 64 16 5000 107
196 64 16 1000 112
197 32 128 1000 90
198 64 128 5000 168
199 64 256 5000 118
200 16 128 2400 125
201 16 256 5000 149
202 32 64 2400 94
203 32 64 1000 92
204 16 64 800 184
205 16 256 5000 158
206 16 64 2400 96
207 32 256 2400 200
208 64 16 5000 190
209 32 256 5000 126
210 128 64 2400 198
211 32 16 500 133
212 32 16 2400 180
213 128 256 2400 158
214 16 64 5000 175
215 128 128 500 126
216 128 64 800 119
217 16 16 5000 100
218 128 16 5000 173
219 32 256 5000 184
220 64 16 500 149
221 32 16 500 175
222 128 128 500 106
223 64 64 800 149
224 64 16 5000 93
225 16 128 2400 181
226 128 16 800 106
227 128 128 1000 136
228 16 128 800 177
229 64 64 500 131
230 64 256 5000 146
231 64 128 500 186
232 128 256 800 166
233 32 64 2400 127
234 16 64 2400 100
235 32 16 1000 163
236 128 16 5000 187
237 32 64 800 149
238 128 256 5000 100
239 16 128 2400 112
240 32 128 5000 151
241 32 256 2400 124
242 16 64 500 104
243 128 256 500 132
244 128 16 2400 99
245 64 64 2400 138
246 128 16 2400 159
247 32 256 500 154
248 128 64 5000 141
249 64 128 800 92
250 128 256 1000 199
251 64 256 2400 160
252 64 16 800 147
253 32 128 500 112
254 128 256 800 137
255 16 16 500 198
256 64 16 2400 131
257 128 64 1000 153
258 16 256 500 166
259 16 16 500 181
260 128 128 2400 112
261 32 128 500 136
262 64 128 5000 174
263 64 128 2400 142
264 32 256 500 183
265 128 256 1000 129
266 64 256 500 199
267 32 64 500 94
268 16 16 500 134
269 128 128 500 90
270 32 128 2400 173
271 16 128 800 98
272 16 128 500 120
273 32 64 2400 192
274 64 128 500 185
275 64 64 1000 123
276 32 16 800 128
277 16 64 800 172
278 32 64 2400 196
279 16 64 2400 173
280 16 16 1000 93
281 64 256 2400 174
282 16 256 5000 98
283 32 64 5000 154
284 32 16 500 143
285 128 64 5000 179
286 128 64 5000 161
287 64 256 800 186
288 32 16 1000 91
289 64 256 800 187
290 128 16 1000 140
291 16 64 500 198
292 128 16 2400 118
293 16 256 800 152
294 32 256 500 148
295 64 128 2400 120
296 16 128 2400 152
297 128 16 800 185
298 16 64 5000 133
299 16 128 800 193
300 128 256 500 138
301 64 128 2400 117
302 32 256 1000 186
303 32 64 2400 168
304 64 64 5000 160
305 16 256 2400 168
306 16 64 5000 145
307 16 16 800 136
308 16 64 2400 98
309 32 128 1000 196
310 16 64 5000 152
311 64 256 5000 97
312 128 16 500 181
313 16 64 5000 159
314 16 256 2400 197
315 64 256 1000 177
316 64 128 5000 106
317 32 128 500 145
318 128 16 5000 162
319 32 256 500 154
320 16 256 1000 126
321 32 16 5000 199
322 128 16 800 157
323 64 128 2400 196
324 16 64 500 130
325 32 256 800 187
326 64 128 5000 97
327 16 256 2400 96
328 16 256 1000 157
329 64 256 5000 132
330 16 16 2400 182
331 64 256 2400 182
332 64 128 1000 132
333 64 128 5000 123
334 64 128 5000 96
335 64 64 800 198
336 128 256 500 104
337 32 64 5000 117
338 16 128 500 160
339 16 16 2400 191
340 16 16 1000 150
341 128 128 1000 106
342 16 128 500 98
343 32 128 500 102
344 128 128 5000 141
345 32 16 1000 131
346 32 128 1000 165
347 32 128 2400 115
348 128 256 5000 167
349 32 128 500 120
350 64 256 5000 153
351 128 16 5000 110
352 128 256 5000 144
353 128 16 5000 147
354 32 64 1000 90
355 64 256 5000 159
356 64 256 2400 148
357 32 128 2400 94
358 32 16 2400 188
359 16 16 800 164
360 64 16 1000 145
361 64 64 500 200
362 128 16 2400 139
363 64 16 800 147
364 64 128 500 109
365 128 64 1000 110
366 16 128 500 146
367 128 128 500 102
368 64 128 500 128
369 64 64 500 182
370 128 256 2400 171
371 32 128 500 108
372 64 128 800 167
373 32 16 1000 144
374 128 64 800 125
375 64 256 500 191
376 128 64 800 106
377 32 64 5000 180
378 128 16 2400 179
379 16 128 5000 187
380 128 128 1000 167
381 16 16 5000 133
382 64 128 500 148
383 128 64 5000 194
384 32 128 5000 148
385 128 16 2400 187
386 16 128 800 94
387 128 16 2400 139
388 128 128 5000 155
389 64 256 1000 167
390 16 16 500 127
391 128 128 500 102
392 32 256 800 177
393 128 64 500 194
394 128 256 1000 99
395 128 64 5000 151
396 32 16 1000 106
397 32 64 500 93
398 128 256 800 193
399 64 128 2400 98
400 128 16 800 167
401 16 256 800 98
402 32 16 1000 104
403 32 16 2400 123
404 16 128 1000 151
405 16 128 1000 103
406 32 64 5000 118
407 128 256 500 147
408 64 256 500 169
409 32 128 5000 122
410 128 128 5000 166
411 32 256 500 174
412 128 16 1000 144
413 32 16 800 122
414 16 128 2400 124
415 32 128 5000 132
416 32 64 5000 188
417 32 16 1000 142
418 32 128 1000 168
419 128 256 800 94
420 64 64 800 165
421 128 16 1000 174
422 32 256 5000 166
423 32 16 5000 101
424 128 128 5000 109
425 64 16 500 130
426 64 256 5000 143
427 128 128 5000 181
428 32 128 2400 153
429 128 256 800 160
430 64 128 500 173
431 16 128 5000 129
432 32 128 1000 135
433 32 256 5000 140
434 64 128 2400 105
435 128 256 800 99
436 32 128 5000 93
437 128 128 5000 142
438 32 256 500 130
439 64 16 800 96
440 16 128 2400 164
441 64 64 1000 174
442 16 256 800 195
443 32 128 800 108
444 64 128 800 100
445 128 16 2400 110
446 64 128 800 154
447 32 16 800 103
448 64 128 500 95
449 64 128 800 150
450 32 64 800 101
451 64 128 500 109
452 32 16 500 180
453 128 64 2400 155
454 32 16 800 194
455 16 64 500 119
456 64 128 800 148
457 16 128 500 154
458 128 128 2400 111
459 16 256 1000 198
460 128 16 1000 146
461 64 256 1000 95
462 16 64 2400 163
463 16 256 5000 137
464 128 64 800 169
465 32 64 800 149
466 16 128 800 148
467 128 256 500 114
468 32 256 2400 136
469 64 16 500 191
470 64 16 2400 153
471 32 128 2400 134
472 16 16 2400 158
473 32 128 1000 193
474 16 128 2400 114
475 16 16 2400 164
476 64 64 1000 148
477 32 256 2400 198
478 128 64 5000 183
479 64 64 2400 153
480 32 64 2400 159
481 64 16 1000 109
482 16 16 800 116
483 32 16 1000 154
484 32 128 800 90
485 64 256 1000 192
486 32 64 500 101
487 64 16 2400 175
488 16 128 500 102
489 64 256 2400 151
490 128 128 800 169
491 64 64 800 144
492 128 16 800 176
493 16 128 5000 174
494 16 256 5000 124
495 64 128 800 151
496 32 256 2400 162
497 128 16 2400 183
498 64 16 1000 162
499 16 128 1000 149
500 128 16 1000 200
501 16 128 800 152
502 32 128 1000 146
503 32 256 800 141
504 128 256 500 120
505 16 256 500 129
506 128 64 1000 135
507 64 16 2400 130
508 16 256 1000 190
509 16 64 2400 197
510 64 256 500 176
511 16 256 500 194
512 16 256 5000 157
513 128 16 800 93
514 128 64 1000 158
515 64 256 5000 139
516 32 16 500 162
517 16 256 2400 113
518 128 256 800 98
519 32 128 5000 173
520 32 64 1000 146
521 128 128 500 111
522 128 256 1000 196
523 64 128 1000 91
524 16 256 1000 195
525 16 256 800 136
526 16 16 5000 183
527 128 128 1000 179
528 16 256 2400 192
529 64 128 500 115
530 32 16 800 151
531 32 16 1000 100
532 128 16 500 119
533 16 256 2400 131
534 128 128 5000 154
535 64 128 1000 101
536 64 64 500 194
537 128 128 800 138
538 16 16 500 152
539 128 256 500 121
540 32 16 500 93
541 16 16 2400 141
542 16 256 2400 98
543 16 256 5000 179
544 16 16 500 167
545 16 64 800 131
546 64 64 500 100
547 128 256 5000 189
548 32 64 500 174
549 16 64 5000 91
550 32 128 800 144
551 64 128 800 123
552 128 64 2400 143
553 128 128 1000 136
554 64 256 800 159
555 32 16 1000 176
556 16 128 1000 200
557 16 64 800 91
558 64 16 500 181
559 128 256 1000 100
560 32 64 5000 91
561 32 16 800 134
562 32 128 800 192
563 32 64 1000 137
564 16 16 5000 193
565 64 16 800 158
566 128 128 500 124
567 32 64 500 190
568 128 64 500 165
569 128 256 1000 149
570 128 128 500 142
571 16 256 1000 180
572 64 128 800 93
573 128 64 800 104
574 32 128 2400 162
575 128 256 1000 101
576 128 16 2400 147
577 16 256 500 172
578 16 256 1000 98
579 32 256 2400 187
580 16 16 2400 126
581 128 64 5000 145
582 32 256 2400 115
583 32 64 2400 160
584 16 256 500 134
585 64 64 1000 178
586 32 128 5000 130
587 64 64 800 93
588 128 16 1000 109
589 32 256 800 168
590 128 128 500 123
591 64 16 800 185
592 32 64 5000 185
593 16 64 2400 148
594 64 16 800 137
595 64 128 2400 151
596 32 128 800 151
597 64 256 5000 150
598 16 256 1000 104
599 32 256 5000 146
600 32 64 2400 164
601 128 64 5000 161
602 32 64 800 153
603 128 128 800 106
604 64 16 500 181
605 128 16 5000 170
606 64 128 800 171
607 16 64 5000 138
608 128 64 1000 189
609 64 128 1000 141
610 16 256 5000 124
611 128 128 800 185
612 64 128 2400 178
613 64 256 500 150
614 32 128 5000 137
615 16 256 2400 134
616 64 16 5000 197
617 16 256 2400 125
618 128 256 800 92
619 128 256 1000 135
620 64 128 5000 104
621 64 64 800 120
622 64 16 800 118
623 64 256 800 150
624 16 256 800 180
625 128 128 800 91
626 32 256 5000 198
627 16 64 800 156
628 64 256 500 133
629 16 64 1000 118
630 16 128 5000 131
631 32 256 500 182
632 64 128 2400 156
633 64 256 800 100
634 32 16 5000 169
635 128 128 1000 183
636 128 64 800 115
637 32 16 800 120
638 16 64 500 111
639 16 64 1000 110
640 64 256 2400 112
641 16 64 800 92
642 64 256 2400 114
643 16 128 2400 108
644 16 64 5000 160
645 64 128 1000 200
646 128 256 2400 150
647 128 128 500 166
648 32 64 5000 171
649 16 16 1000 118
650 16 256 500 123
651 16 128 800 190
652 128 16 500 148
653 32 16 1000 174
654 64 256 1000 186
655 64 256 800 195
656 64 256 800 184
657 32 128 500 109
658 64 128 5000 98
659 64 64 1000 191
660 32 16 1000 139
661 32 16 800 110
662 32 64 500 100
663 128 64 5000 183
664 64 256 800 137
665 32 16 2400 162
666 64 64 1000 178
667 64 64 800 158
668 128 16 500 141
669 64 64 1000 165
670 16 64 5000 123
671 32 256 1000 170
672 128 16 1000 187
673 32 128 800 107
674 16 16 500 167
675 128 16 5000 173
676 64 128 1000 172
677 128 128 800 121
678 64 128 500 191
679 32 128 5000 91
680 32 16 500 93
681 128 64 800 199
682 32 256 2400 147
683 16 256 2400 138
684 32 64 5000 95
685 32 256 800 193
686 32 256 800 153
687 64 128 5000 101
688 128 64 1000 166
689 32 128 2400 151
690 16 16 500 197
691 16 128 5000 147
692 16 256 1000 131
693 128 256 5000 190
100
1 688 55 194
2 410 62 90
7 14 43 191
10 43 40 171
15 606 54 105
18 616 53 111
20 683 63 200
28 305 58 150
29 342 64 186
37 41 46 179
43 683 53 108
45 125 66 186
50 433 56 127
52 545 68 126
53 479 46 159
54 403 50 149
56 283 62 158
56 287 54 97
57 144 59 199
63 201 61 111
64 469 49 95
70 178 48 144
71 642 50 93
72 417 63 141
87 219 59 195
93 285 50 137
94 154 62 160
106 654 61 155
114 294 65 199
115 457 52 141
116 469 70 103
116 130 62 154
118 174 63 160
120 633 70 145
124 243 41 116
127 260 54 119
131 413 58 120
144 363 47 154
144 314 58 144
146 613 45 180
161 436 42 90
161 508 56 163
173 655 40 179
174 504 43 113
182 568 54 184
183 492 44 195
193 575 59 193
205 692 57 101
221 483 49 140
223 651 59 161
228 632 41 142
233 504 54 103
236 361 66 119
243 299 55 182
243 246 62 166
244 594 67 138
249 396 46 100
251 439 54 137
261 600 43 100
262 694 43 158
277 482 63 111
282 341 67 105
298 692 51 118
306 571 45 189
307 465 59 124
313 561 53 123
322 393 54 172
328 410 44 166
330 341 69 90
331 429 43 140
335 424 68 111
336 640 41 168
346 390 69 158
350 684 53 162
362 509 67 195
371 639 64 190
376 537 49 192
391 479 44 125
395 569 50 186
396 595 69 119
403 549 59 187
411 622 56 149
435 440 69 138
439 612 64 161
440 633 56 156
440 599 44 105
442 466 44 117
448 515 58 124
448 450 51 175
451 658 43 168
482 657 50 97
486 487 59 123
499 644 52 157
541 679 46 175
565 573 61 119
581 647 49 127
582 645 60 153
612 616 47 133
619 649 56 136
630 634 68 177