853
0 8 64 200 140
1 16 128 300 137
2 16 128 200 141
3 2 64 200 125
4 8 128 1000 120
5 16 16 1000 109
6 8 16 100 131
7 8 16 300 136
8 16 64 500 90
9 8 16 300 128
10 8 16 100 91
11 8 128 300 103
12 2 64 200 109
13 2 16 200 107
14 16 64 200 149
15 8 128 500 135
16 16 128 100 137
17 16 16 100 133
18 2 64 300 141
19 16 128 100 109
20 16 16 200 136
21 2 128 300 120
22 16 16 300 115
23 16 64 500 104
24 16 64 1000 116
25 16 128 300 115
26 8 64 200 143
27 2 128 200 139
28 2 128 100 112
29 8 128 1000 106
30 8 16 500 95
31 16 128 1000 94
32 16 128 500 145
33 2 64 500 149
34 2 16 500 116
35 8 16 300 134
36 2 64 100 101
37 8 128 300 120
38 2 64 100 140
39 8 64 100 108
40 8 128 300 136
41 8 64 300 96
42 16 64 200 141
43 16 16 500 91
44 2 128 100 150
45 16 64 100 116
46 16 128 1000 110
47 8 16 300 103
48 16 16 200 97
49 8 64 200 130
50 8 64 500 108
51 2 16 300 112
52 16 64 200 118
53 16 128 500 130
54 16 64 100 112
55 2 128 1000 126
56 16 64 1000 115
57 8 128 300 102
58 16 64 200 127
59 2 64 100 121
60 16 16 100 110
61 2 128 1000 139
62 8 128 200 149
63 16 128 100 94
64 8 64 1000 149
65 8 128 200 126
66 16 16 300 132
67 16 128 500 112
68 2 128 100 136
69 16 64 200 116
70 8 128 100 96
71 2 16 100 119
72 2 64 200 137
73 16 16 1000 99
74 8 128 500 138
75 2 16 1000 97
76 8 64 1000 130
77 8 16 100 117
78 8 16 500 127
79 8 128 1000 136
80 2 64 1000 141
81 8 128 100 103
82 16 128 1000 148
83 2 128 300 137
84 8 16 200 94
85 2 16 500 108
86 16 64 100 133
87 2 64 100 109
88 8 64 100 120
89 8 64 200 140
90 16 128 500 95
91 16 64 200 135
92 16 128 100 149
93 8 16 200 121
94 16 128 200 128
95 16 128 300 137
96 2 16 100 129
97 8 64 100 118
98 8 16 1000 98
99 16 16 1000 94
100 8 128 300 97
101 16 16 200 127
102 2 64 1000 101
103 2 128 1000 123
104 2 128 500 114
105 8 64 100 129
106 2 16 300 135
107 2 64 500 147
108 16 64 200 141
109 16 128 300 146
110 2 16 100 134
111 8 128 100 143
112 2 128 100 90
113 16 128 300 119
114 16 64 500 133
115 16 128 500 133
116 2 16 100 138
117 8 128 1000 113
118 8 64 200 144
119 8 128 200 95
120 8 16 100 124
121 8 64 500 124
122 16 128 1000 138
123 2 64 200 146
124 2 16 100 140
125 8 64 100 141
126 8 64 200 137
127 2 128 1000 129
128 16 16 1000 138
129 8 64 500 110
130 2 128 300 108
131 2 128 200 97
132 8 128 500 92
133 8 16 1000 105
134 8 64 1000 148
135 8 64 300 137
136 16 64 100 148
137 2 64 100 106
138 16 64 100 146
139 16 64 500 146
140 16 128 1000 143
141 8 128 200 147
142 8 16 1000 126
143 2 128 500 146
144 8 16 100 116
145 8 16 200 118
146 8 16 1000 93
147 16 128 500 115
148 8 16 500 109
149 8 16 200 91
150 2 64 100 105
151 16 16 300 139
152 8 64 200 134
153 2 64 300 131
154 16 64 1000 127
155 8 16 100 150
156 2 16 300 118
157 2 128 500 137
158 8 64 100 92
159 16 64 500 90
160 2 16 500 123
161 2 16 300 95
162 16 64 300 124
163 8 64 200 120
164 8 128 100 150
165 8 128 500 140
166 16 128 100 126
167 2 16 200 138
168 2 128 500 126
169 8 64 200 134
170 16 128 100 90
171 2 128 300 109
172 16 128 500 125
173 8 64 1000 149
174 16 16 1000 125
175 16 64 300 117
176 2 64 500 126
177 2 16 200 148
178 2 64 500 91
179 16 16 1000 108
180 8 64 100 133
181 16 64 1000 147
182 2 128 1000 139
183 8 64 100 104
184 2 16 200 136
185 8 128 200 104
186 2 128 300 95
187 16 128 300 150
188 16 128 100 139
189 2 128 100 93
190 8 64 500 99
191 16 64 100 142
192 8 64 200 138
193 2 64 300 120
194 2 16 300 126
195 16 16 500 147
196 8 128 500 123
197 2 16 100 108
198 16 16 200 143
199 8 16 1000 96
200 8 128 200 112
201 8 16 100 140
202 2 64 100 144
203 2 128 100 132
204 2 64 1000 125
205 2 128 300 101
206 2 128 300 119
207 2 16 300 144
208 8 16 500 100
209 16 16 500 123
210 8 64 500 114
211 8 64 200 145
212 8 64 200 131
213 16 64 200 139
214 2 16 300 140
215 8 128 1000 149
216 2 128 100 116
217 2 128 1000 125
218 8 128 100 93
219 16 64 500 131
220 2 16 300 127
221 2 128 1000 132
222 16 16 100 113
223 16 16 200 145
224 16 128 100 111
225 2 128 500 147
226 16 64 500 143
227 16 128 300 145
228 2 16 200 147
229 16 64 200 123
230 8 128 1000 147
231 16 64 500 113
232 16 16 500 141
233 2 128 300 118
234 16 16 300 110
235 8 128 500 97
236 2 64 200 96
237 8 64 300 139
238 16 16 200 143
239 16 64 300 114
240 2 16 500 133
241 8 128 300 130
242 16 16 300 144
243 2 16 500 133
244 2 64 200 134
245 2 64 100 90
246 2 64 300 109
247 16 128 300 123
248 2 64 200 136
249 2 64 1000 139
250 8 128 1000 103
251 8 128 300 150
252 8 128 500 117
253 16 16 500 110
254 2 16 100 138
255 8 64 200 96
256 8 64 300 133
257 16 16 500 129
258 16 16 100 138
259 8 16 200 127
260 2 128 200 104
261 8 128 200 105
262 16 16 300 122
263 2 64 200 123
264 8 64 1000 127
265 2 64 200 143
266 16 64 500 122
267 8 64 500 138
268 8 128 100 111
269 16 128 1000 141
270 2 128 300 145
271 16 128 100 134
272 8 128 1000 127
273 2 128 1000 103
274 2 128 200 116
275 16 128 1000 117
276 2 64 100 124
277 8 128 1000 99
278 2 64 100 142
279 8 64 300 98
280 8 128 500 143
281 16 128 300 115
282 2 16 300 103
283 8 128 100 101
284 16 16 500 98
285 16 16 100 147
286 8 64 300 102
287 8 16 500 128
288 8 16 500 99
289 2 64 100 96
290 8 16 100 91
291 16 64 100 94
292 8 16 100 141
293 8 64 200 108
294 16 128 500 150
295 8 16 1000 124
296 8 64 1000 99
297 16 128 100 110
298 16 64 500 134
299 8 64 200 118
300 16 64 200 137
301 2 64 1000 148
302 16 128 100 138
303 2 128 100 139
304 16 128 200 90
305 2 64 1000 135
306 8 128 300 149
307 16 16 300 144
308 16 128 500 97
309 8 16 100 113
310 2 16 500 105
311 16 16 200 133
312 2 16 200 145
313 8 128 200 98
314 8 64 200 149
315 16 64 500 109
316 8 128 500 122
317 8 64 100 95
318 16 128 300 138
319 8 64 1000 97
320 16 16 500 124
321 8 128 300 115
322 8 16 1000 148
323 2 128 1000 122
324 8 128 300 94
325 16 64 100 138
326 2 64 500 140
327 16 64 200 120
328 2 16 200 92
329 16 128 300 139
330 8 64 200 139
331 16 64 1000 105
332 16 64 100 139
333 16 128 300 147
334 2 64 100 139
335 8 64 200 125
336 2 128 1000 133
337 16 128 100 148
338 16 128 200 112
339 2 128 1000 103
340 2 16 500 91
341 2 128 500 132
342 8 64 300 96
343 2 128 200 130
344 2 64 500 123
345 8 16 100 140
346 2 64 300 138
347 16 128 300 141
348 2 128 200 134
349 2 128 500 131
350 2 64 1000 149
351 2 128 300 116
352 16 128 200 131
353 8 16 300 91
354 2 64 500 136
355 8 16 100 130
356 16 128 300 149
357 16 128 1000 114
358 16 16 1000 95
359 2 128 300 123
360 2 128 100 137
361 2 16 500 101
362 2 128 100 98
363 2 16 500 98
364 8 128 100 148
365 2 16 200 149
366 8 64 200 104
367 8 128 1000 128
368 2 128 300 115
369 16 16 500 111
370 8 64 100 121
371 16 128 500 146
372 8 64 1000 102
373 16 16 1000 107
374 8 128 500 119
375 2 128 200 106
376 2 128 1000 116
377 16 16 300 91
378 8 128 300 138
379 16 128 1000 117
380 2 16 100 110
381 8 16 200 113
382 8 64 100 146
383 2 16 200 98
384 16 64 500 146
385 2 64 100 144
386 16 128 300 138
387 16 64 200 119
388 2 64 200 130
389 2 128 300 116
390 8 64 1000 130
391 8 64 100 92
392 2 128 1000 98
393 16 128 1000 138
394 16 128 1000 119
395 8 64 100 102
396 16 64 200 150
397 2 16 200 130
398 8 128 100 132
399 16 128 300 140
400 2 64 300 119
401 16 128 200 149
402 16 64 300 124
403 8 128 1000 136
404 8 64 300 146
405 16 128 500 128
406 2 128 200 128
407 16 128 500 127
408 8 128 300 117
409 16 16 300 123
410 16 128 1000 140
411 8 128 500 97
412 8 128 100 92
413 16 128 500 99
414 16 16 100 136
415 16 128 1000 143
416 16 128 1000 105
417 8 128 100 139
418 8 64 300 112
419 2 16 500 142
420 16 64 100 132
421 2 16 300 128
422 8 64 200 119
423 16 16 100 130
424 2 128 100 96
425 8 128 300 116
426 2 64 1000 96
427 16 64 200 131
428 2 16 1000 126
429 16 128 300 99
430 16 64 1000 141
431 16 128 1000 134
432 8 16 100 117
433 8 128 1000 93
434 2 64 300 138
435 8 16 200 129
436 2 16 200 123
437 8 16 300 146
438 16 16 500 103
439 16 16 300 117
440 2 128 200 117
441 2 16 500 101
442 16 128 1000 148
443 2 64 200 108
444 8 16 200 132
445 16 16 500 132
446 2 16 200 111
447 8 64 100 104
448 8 128 300 129
449 16 128 100 98
450 16 64 200 143
451 16 16 200 142
452 8 16 200 146
453 8 16 1000 92
454 16 64 1000 141
455 8 16 100 129
456 8 16 1000 136
457 8 64 200 131
458 16 128 500 142
459 16 128 100 110
460 8 128 200 109
461 8 64 500 124
462 16 16 1000 142
463 2 64 100 140
464 8 128 100 109
465 2 64 300 118
466 2 128 1000 129
467 8 16 200 122
468 16 16 1000 141
469 16 128 500 121
470 8 128 300 127
471 2 64 100 125
472 16 64 1000 105
473 16 64 500 101
474 8 64 300 95
475 16 64 500 142
476 8 64 100 91
477 16 64 300 133
478 8 16 100 96
479 2 64 200 105
480 2 16 300 133
481 2 128 300 103
482 16 128 300 128
483 2 16 300 125
484 16 16 300 148
485 2 64 1000 112
486 16 64 1000 138
487 8 64 500 142
488 8 128 1000 93
489 16 16 1000 114
490 8 128 500 114
491 8 64 200 147
492 8 128 200 108
493 16 16 300 91
494 2 64 1000 129
495 8 64 1000 149
496 8 128 300 130
497 2 16 200 115
498 8 128 100 138
499 16 64 1000 95
500 8 128 100 135
501 8 16 300 138
502 2 128 100 98
503 8 16 100 116
504 8 16 300 118
505 16 16 500 116
506 16 128 1000 117
507 8 16 1000 94
508 2 16 500 90
509 8 16 300 125
510 8 16 100 130
511 2 64 500 133
512 16 16 200 91
513 16 64 100 136
514 2 128 1000 109
515 8 64 100 139
516 2 16 1000 146
517 2 128 500 132
518 16 128 500 130
519 16 64 200 121
520 16 16 100 111
521 16 16 100 122
522 8 128 200 99
523 8 64 100 94
524 2 64 200 123
525 8 128 100 91
526 16 16 100 140
527 16 64 300 99
528 2 128 200 109
529 8 128 300 130
530 8 128 500 98
531 2 64 100 138
532 2 64 100 137
533 16 128 1000 93
534 8 64 1000 119
535 2 128 100 107
536 2 128 100 117
537 2 128 1000 119
538 16 64 100 146
539 2 128 200 117
540 8 64 1000 92
541 8 64 300 111
542 2 16 500 140
543 16 64 1000 142
544 16 64 500 114
545 8 16 500 149
546 2 128 100 150
547 8 16 300 91
548 2 128 500 127
549 16 128 500 136
550 8 64 1000 91
551 2 16 1000 127
552 2 128 200 121
553 8 16 200 136
554 8 128 500 95
555 8 16 100 119
556 16 128 500 90
557 2 16 200 147
558 16 128 300 140
559 16 64 500 112
560 8 64 1000 137
561 16 64 100 105
562 16 64 100 94
563 8 64 200 114
564 2 128 500 119
565 2 16 1000 141
566 8 16 300 94
567 16 16 200 109
568 16 16 500 105
569 2 64 300 103
570 16 16 1000 95
571 8 16 300 131
572 8 128 100 106
573 8 128 200 95
574 16 64 1000 99
575 2 64 1000 97
576 8 128 1000 110
577 2 16 200 118
578 16 128 300 95
579 16 64 100 106
580 2 128 300 139
581 2 128 1000 132
582 16 16 300 136
583 16 128 300 137
584 8 128 200 115
585 16 16 500 122
586 2 64 200 143
587 2 16 100 124
588 2 128 200 118
589 16 128 500 119
590 16 128 100 108
591 16 64 1000 110
592 16 128 200 142
593 2 16 500 142
594 16 64 200 132
595 8 64 200 131
596 16 128 200 106
597 8 64 300 137
598 2 128 200 139
599 2 128 100 142
600 8 16 200 104
601 16 16 100 90
602 8 128 1000 128
603 8 128 500 105
604 16 64 1000 118
605 16 16 100 134
606 16 64 500 134
607 16 64 100 118
608 16 16 500 99
609 2 16 500 90
610 16 64 1000 95
611 16 16 200 125
612 2 64 200 112
613 16 64 1000 132
614 8 64 200 103
615 2 128 100 111
616 8 16 200 111
617 16 64 200 91
618 2 16 1000 112
619 16 16 100 95
620 2 128 1000 102
621 8 64 200 134
622 2 64 500 107
623 2 16 300 121
624 2 16 300 136
625 2 16 100 140
626 2 64 1000 104
627 16 64 100 118
628 8 16 200 136
629 8 128 500 135
630 2 128 100 126
631 16 128 200 106
632 8 64 200 114
633 8 16 300 105
634 8 64 300 120
635 2 128 500 140
636 16 128 1000 106
637 16 128 300 102
638 2 64 100 111
639 16 64 1000 96
640 8 64 500 119
641 16 16 100 107
642 8 64 300 90
643 2 64 100 108
644 8 128 200 147
645 8 16 300 142
646 2 16 300 134
647 16 16 1000 112
648 8 16 200 137
649 16 64 500 134
650 2 128 100 119
651 16 128 100 99
652 2 128 200 138
653 8 128 500 147
654 8 128 1000 117
655 16 64 200 104
656 8 128 500 117
657 2 128 100 124
658 2 128 100 146
659 16 128 500 117
660 16 16 500 107
661 2 16 1000 105
662 8 64 200 97
663 16 64 1000 149
664 2 128 200 91
665 8 16 1000 91
666 8 16 300 97
667 2 16 500 133
668 2 64 1000 108
669 2 16 1000 146
670 16 128 200 145
671 8 16 200 110
672 16 16 1000 101
673 8 64 100 136
674 2 128 100 146
675 2 64 300 111
676 8 16 500 95
677 16 128 300 109
678 2 16 300 143
679 8 128 100 109
680 8 64 100 142
681 2 128 1000 106
682 16 128 300 101
683 16 128 300 123
684 16 16 500 129
685 16 64 1000 120
686 16 16 200 130
687 16 128 100 93
688 2 16 500 133
689 16 128 100 90
690 16 128 500 105
691 16 16 1000 98
692 16 16 200 101
693 2 16 1000 142
694 2 128 1000 90
695 16 64 100 106
696 8 128 100 120
697 16 16 100 142
698 16 64 500 132
699 16 128 300 98
700 2 64 500 124
701 8 16 100 92
702 2 16 200 108
703 16 16 1000 104
704 16 16 100 148
705 16 128 300 138
706 16 128 300 101
707 16 64 100 125
708 16 16 300 144
709 16 64 1000 128
710 2 64 100 144
711 16 16 500 101
712 16 64 100 127
713 2 16 1000 123
714 8 16 300 137
715 8 128 1000 96
716 2 64 300 115
717 8 128 1000 138
718 8 16 200 132
719 8 64 500 109
720 2 128 1000 105
721 16 128 100 139
722 8 16 1000 131
723 2 64 1000 103
724 16 128 200 93
725 2 16 1000 109
726 8 64 300 129
727 16 128 300 144
728 8 16 100 105
729 16 16 1000 92
730 8 64 100 149
731 16 128 300 98
732 8 64 100 99
733 16 16 500 123
734 8 128 200 111
735 16 128 1000 136
736 2 16 500 140
737 2 16 500 128
738 8 128 100 98
739 16 64 1000 139
740 16 16 1000 131
741 2 128 300 118
742 8 128 300 145
743 8 16 100 99
744 8 64 200 129
745 2 128 1000 132
746 8 128 300 101
747 2 128 1000 126
748 2 128 500 146
749 8 16 1000 120
750 2 64 200 91
751 2 128 200 98
752 16 64 300 120
753 8 64 300 132
754 2 16 200 131
755 2 128 300 137
756 16 128 300 122
757 8 16 500 123
758 16 128 1000 104
759 2 64 200 128
760 16 16 1000 127
761 16 64 200 123
762 8 128 200 137
763 16 16 500 118
764 2 16 300 106
765 8 16 500 134
766 16 64 300 105
767 2 128 100 110
768 8 128 500 112
769 8 128 500 109
770 16 64 300 104
771 16 128 200 143
772 8 16 100 103
773 2 16 300 91
774 2 16 300 99
775 8 64 1000 138
776 16 16 1000 95
777 8 128 300 140
778 2 16 1000 113
779 8 128 100 118
780 2 64 100 146
781 16 128 200 115
782 2 16 500 134
783 16 64 300 123
784 16 16 100 118
785 8 128 200 103
786 8 16 100 117
787 8 16 1000 111
788 16 128 1000 146
789 16 128 100 109
790 16 128 100 91
791 16 64 1000 108
792 2 128 200 94
793 8 16 100 139
794 16 128 200 144
795 8 64 500 116
796 16 64 200 105
797 8 128 500 109
798 16 16 100 129
799 16 64 100 105
800 8 16 200 106
801 2 128 200 125
802 8 64 300 140
803 16 16 200 98
804 16 128 200 114
805 8 128 300 130
806 16 16 500 121
807 16 128 300 90
808 8 128 500 150
809 2 64 1000 100
810 8 128 200 122
811 16 64 300 134
812 16 128 100 147
813 2 128 100 90
814 2 16 300 138
815 16 64 300 105
816 2 128 100 114
817 8 128 200 134
818 16 16 300 108
819 8 16 300 137
820 2 16 500 106
821 2 16 200 92
822 8 16 500 117
823 16 128 200 126
824 2 128 200 105
825 8 64 500 122
826 2 128 500 103
827 16 128 1000 111
828 2 128 100 128
829 16 16 100 118
830 16 64 100 132
831 8 64 1000 126
832 8 16 300 132
833 2 128 300 140
834 8 16 1000 131
835 16 128 200 146
836 8 64 1000 95
837 8 64 100 144
838 8 128 100 140
839 8 16 100 120
840 16 16 1000 114
841 8 128 100 144
842 16 64 1000 111
843 16 64 200 120
844 2 16 500 97
845 2 16 1000 149
846 2 16 300 139
847 2 128 1000 120
848 16 64 300 105
849 8 128 200 147
850 2 16 200 100
851 8 128 100 140
852 8 128 100 118
289
1 654 45 178
2 662 64 189
3 829 62 192
4 198 67 154
4 287 44 113
5 605 49 174
9 179 63 101
10 569 49 104
11 362 66 197
11 809 64 147
11 170 47 179
14 481 65 189
14 388 44 138
15 223 59 176
17 609 57 110
17 642 66 191
18 479 50 122
19 26 44 151
21 635 69 131
21 143 50 189
22 84 66 198
22 491 57 100
23 105 70 157
24 234 49 112
24 479 43 155
29 280 57 136
31 600 67 160
31 606 65 122
36 636 41 131
37 214 58 158
38 255 57 148
39 383 50 112
41 767 40 131
42 226 64 133
44 270 58 181
48 196 59 198
49 749 64 106
50 603 63 154
51 749 59 191
55 654 54 175
58 124 51 187
58 400 70 183
63 763 43 171
64 631 44 185
64 252 40 118
65 769 65 196
66 355 42 147
66 122 46 100
70 733 50 99
70 343 41 149
72 560 42 175
73 602 43 144
75 735 40 195
76 565 43 181
77 205 55 116
78 628 58 166
80 412 65 149
84 678 50 126
85 369 51 110
85 500 41 104
86 157 42 116
87 755 51 104
89 189 46 102
90 255 42 91
94 751 53 182
99 772 58 159
102 530 45 154
106 830 42 108
110 354 54 200
110 291 41 140
111 246 61 154
112 182 54 144
114 661 64 145
114 785 59 97
116 203 59 98
118 761 55 115
119 475 66 109
127 712 47 168
127 502 62 145
128 336 55 102
130 157 54 151
132 244 65 126
133 632 69 115
134 651 61 135
135 432 67 117
136 142 66 141
138 433 43 107
139 594 55 93
139 580 60 95
139 464 43 176
141 619 48 155
142 373 42 156
148 622 48 108
154 807 58 137
157 483 46 131
159 272 66 102
160 318 40 173
160 692 43 99
161 807 41 192
164 849 69 166
166 285 70 112
166 813 56 118
166 277 69 149
167 277 53 149
168 494 49 166
169 300 47 181
170 660 48 162
172 291 60 180
173 652 56 97
177 790 55 136
177 711 51 149
177 241 65 111
179 357 49 138
181 247 53 116
183 256 47 99
192 533 70 114
192 373 64 150
195 560 51 116
197 411 57 115
198 247 42 105
199 771 49 113
200 554 59 133
202 536 53 97
211 674 44 135
212 484 60 131
218 813 56 176
221 222 66 149
224 327 43 145
225 393 60 112
230 765 58 125
230 821 67 133
231 634 52 167
233 589 53 112
234 522 41 140
240 553 44 145
240 610 50 152
244 805 41 95
245 347 44 125
247 372 63 91
249 262 70 182
253 775 70 137
256 722 60 172
257 530 44 94
257 509 65 186
257 585 49 101
263 693 68 92
267 848 43 133
269 713 59 185
270 705 60 103
274 609 54 194
274 432 48 199
276 539 63 114
277 806 61 157
280 393 61 186
283 635 47 174
285 292 63 146
285 692 51 148
285 597 42 133
287 738 42 195
287 783 70 141
289 340 63 166
291 448 70 173
293 591 61 134
297 324 66 185
298 604 43 106
299 849 54 170
304 540 61 197
304 413 47 123
305 394 63 159
307 519 61 193
310 549 41 178
310 711 42 135
310 744 55 145
313 663 68 106
314 580 46 162
314 573 55 191
316 821 64 176
327 548 67 150
327 720 46 136
327 583 51 126
331 368 59 165
331 600 65 91
332 363 41 198
336 390 50 120
338 744 68 163
340 766 48 143
342 461 54 191
342 748 46 130
344 429 58 182
346 411 62 119
353 380 46 175
363 748 46 197
364 516 62 176
371 431 56 146
371 843 47 122
373 720 65 122
374 528 45 173
374 830 62 179
380 526 45 128
380 772 67 159
385 558 50 180
394 853 42 129
396 481 65 172
397 461 49 178
404 831 66 153
404 556 62 162
408 727 60 180
411 794 47 125
411 840 69 135
416 470 66 137
417 599 54 127
420 743 56 119
420 454 52 154
421 427 61 123
428 454 65 95
437 539 45 112
440 731 68 179
440 767 47 193
445 509 48 110
447 637 40 105
449 701 50 194
449 775 41 190
450 819 56 140
450 565 54 196
453 721 57 120
453 712 55 114
454 504 40 98
459 715 53 176
460 471 67 130
470 646 62 160
480 813 47 91
480 806 61 193
482 699 64 141
482 515 46 103
485 585 44 93
492 694 53 179
496 628 41 177
498 535 51 168
499 776 48 97
500 727 50 98
505 521 48 148
507 833 68 125
510 727 52 121
512 581 47 127
514 815 42 103
515 832 65 143
520 658 64 109
536 659 51 115
539 841 45 173
540 609 57 146
541 646 70 126
541 624 56 166
547 674 47 176
548 673 41 135
548 767 54 137
554 699 41 93
562 729 56 147
566 798 46 165
572 788 59 156
588 650 41 195
594 742 61 112
597 648 53 148
606 725 55 167
610 643 46 118
611 658 44 177
621 682 51 199
621 718 65 161
623 833 68 157
631 644 67 118
638 742 43 125
641 666 63 141
642 647 50 129
645 774 51 188
651 726 59 121
655 786 63 197
668 769 48 180
678 817 68 147
679 724 60 199
684 758 70 188
697 848 40 128
698 748 53 198
703 781 45 186
706 753 46 165
707 717 49 174
709 764 53 92
726 821 41 149
746 765 48 131
759 847 47 126
775 802 50 144