490
0 64 128 100 49
1 16 64 2000 31
2 4 8 500 65
3 32 64 2000 89
4 64 8 500 59
5 16 8 500 97
6 4 8 1000 53
7 32 16 500 61
8 32 64 1000 31
9 32 8 2000 30
10 64 128 1000 54
11 4 128 100 42
12 4 16 1000 50
13 64 8 2000 98
14 16 64 100 78
15 64 16 100 56
16 16 8 500 100
17 16 64 200 59
18 32 64 2000 62
19 16 8 1000 74
20 16 16 200 94
21 64 64 2000 33
22 4 128 500 34
23 32 128 200 100
24 16 64 100 98
25 32 16 1000 91
26 64 16 2000 43
27 64 128 100 57
28 16 64 100 38
29 32 16 1000 63
30 32 64 500 47
31 4 64 1000 48
32 4 128 200 41
33 16 64 100 75
34 16 16 200 73
35 64 8 2000 52
36 4 8 200 40
37 32 8 500 51
38 32 64 500 86
39 4 64 2000 100
40 32 128 1000 76
41 64 128 500 71
42 32 64 2000 90
43 64 8 2000 79
44 16 128 200 57
45 4 64 200 34
46 32 128 1000 94
47 64 16 2000 39
48 4 64 200 87
49 32 128 100 65
50 4 16 200 57
51 4 16 100 72
52 16 16 500 99
53 16 8 500 83
54 64 128 500 95
55 16 16 1000 100
56 16 16 500 35
57 32 128 100 98
58 64 8 100 76
59 64 64 100 85
60 4 64 200 74
61 16 16 1000 61
62 32 128 500 41
63 32 64 100 78
64 32 8 1000 46
65 4 64 100 46
66 32 64 2000 47
67 32 128 2000 67
68 16 16 1000 47
69 4 128 100 58
70 64 128 500 37
71 16 8 2000 42
72 32 64 500 69
73 16 16 100 76
74 16 64 100 73
75 32 16 500 55
76 4 16 100 62
77 64 8 200 93
78 64 8 500 70
79 32 64 1000 49
80 4 16 1000 74
81 4 16 200 100
82 64 128 100 43
83 16 64 100 35
84 16 128 200 32
85 16 128 2000 44
86 32 64 1000 61
87 16 8 1000 67
88 4 8 2000 40
89 64 128 1000 39
90 32 128 500 55
91 4 64 2000 55
92 16 128 100 48
93 16 64 500 47
94 64 64 500 71
95 16 64 1000 72
96 32 8 2000 87
97 64 64 100 59
98 16 8 2000 65
99 4 8 200 88
100 32 128 100 78
101 16 128 2000 79
102 16 64 100 35
103 32 64 1000 50
104 4 64 200 45
105 4 16 500 100
106 4 128 1000 77
107 64 128 200 94
108 32 8 200 87
109 64 64 500 55
110 4 16 200 91
111 4 8 2000 82
112 4 64 500 60
113 4 128 1000 83
114 16 16 100 57
115 32 64 1000 99
116 4 128 2000 96
117 64 128 500 55
118 32 128 100 53
119 16 16 2000 45
120 64 64 200 30
121 32 64 100 60
122 32 64 100 94
123 64 128 500 35
124 16 128 2000 60
125 64 8 100 93
126 64 64 100 92
127 32 128 2000 40
128 4 16 200 99
129 16 16 200 42
130 32 128 1000 57
131 4 16 1000 69
132 4 16 200 44
133 16 8 1000 100
134 16 16 500 82
135 32 8 1000 49
136 16 8 1000 76
137 32 64 100 80
138 32 64 1000 95
139 4 16 100 58
140 4 128 200 100
141 32 128 200 95
142 32 16 2000 32
143 64 64 500 81
144 32 64 500 33
145 32 16 1000 41
146 64 128 2000 97
147 16 64 500 90
148 16 128 100 46
149 16 8 500 37
150 16 8 100 41
151 32 128 500 65
152 64 16 100 31
153 4 128 1000 41
154 4 16 200 54
155 32 16 1000 43
156 16 16 1000 34
157 32 16 1000 92
158 4 16 200 73
159 64 64 2000 100
160 32 128 500 91
161 4 128 1000 55
162 4 16 100 77
163 16 16 100 74
164 16 64 1000 73
165 16 16 200 64
166 64 16 500 89
167 16 128 200 94
168 16 128 500 37
169 16 16 500 100
170 32 16 2000 94
171 4 16 100 76
172 16 8 100 98
173 32 128 2000 41
174 16 64 200 96
175 64 64 500 43
176 4 8 1000 62
177 16 128 2000 34
178 16 16 1000 84
179 32 128 200 63
180 64 8 1000 83
181 32 8 200 69
182 32 128 2000 69
183 4 16 100 93
184 64 64 100 89
185 4 128 500 57
186 64 16 200 42
187 64 64 2000 63
188 32 128 500 76
189 4 8 500 49
190 4 64 100 83
191 32 16 2000 34
192 64 16 2000 34
193 16 64 100 98
194 16 128 100 44
195 16 16 500 81
196 4 8 2000 98
197 32 8 100 56
198 16 64 2000 32
199 64 128 1000 48
200 64 128 500 42
201 16 128 200 77
202 32 128 1000 73
203 64 64 1000 97
204 64 128 2000 63
205 32 8 500 34
206 4 16 100 98
207 64 16 500 73
208 16 128 100 99
209 32 16 2000 84
210 16 8 100 33
211 32 64 100 52
212 64 128 200 52
213 32 16 1000 38
214 64 64 100 79
215 64 16 500 80
216 16 8 2000 98
217 64 64 500 83
218 64 8 500 94
219 64 64 500 51
220 4 64 2000 67
221 64 128 1000 89
222 16 8 100 67
223 4 128 100 55
224 64 64 200 56
225 16 8 500 50
226 64 8 200 62
227 16 8 200 73
228 64 16 100 52
229 16 16 500 46
230 64 16 2000 43
231 64 64 100 97
232 4 128 1000 33
233 64 64 500 83
234 16 16 1000 65
235 32 8 2000 85
236 64 128 200 56
237 16 8 1000 85
238 64 128 200 56
239 4 128 500 48
240 64 128 1000 74
241 64 16 100 45
242 32 8 100 88
243 4 16 100 83
244 4 16 500 32
245 4 128 200 70
246 4 16 500 66
247 64 16 2000 77
248 64 128 100 71
249 4 64 500 70
250 64 128 1000 82
251 64 64 100 44
252 32 64 500 44
253 4 64 100 38
254 32 128 2000 81
255 32 16 200 48
256 32 64 200 45
257 32 64 1000 85
258 64 64 500 53
259 32 8 100 31
260 4 8 2000 76
261 16 16 2000 79
262 4 64 200 41
263 64 128 500 91
264 16 128 100 65
265 4 16 1000 48
266 4 64 2000 40
267 16 128 2000 83
268 32 128 200 79
269 4 8 1000 33
270 64 16 2000 99
271 16 128 500 70
272 32 16 200 34
273 64 8 2000 58
274 64 128 2000 82
275 32 128 100 51
276 32 8 2000 79
277 32 16 2000 88
278 16 64 1000 71
279 64 8 1000 32
280 4 8 500 83
281 32 128 100 52
282 4 16 100 100
283 32 64 500 94
284 4 8 500 77
285 4 8 500 81
286 16 64 100 53
287 16 128 1000 85
288 64 8 100 46
289 32 8 1000 90
290 16 16 500 100
291 16 128 100 72
292 64 128 200 80
293 64 16 500 85
294 64 16 500 38
295 64 128 1000 65
296 16 64 2000 63
297 32 64 1000 57
298 16 64 500 49
299 16 8 1000 95
300 64 128 100 34
301 4 64 200 33
302 32 8 2000 75
303 16 16 1000 88
304 4 64 100 32
305 32 128 200 44
306 32 128 100 50
307 64 16 2000 52
308 32 64 500 42
309 4 64 100 66
310 64 8 1000 61
311 64 64 1000 69
312 32 8 200 61
313 4 128 500 97
314 4 64 2000 92
315 32 128 200 49
316 4 8 200 67
317 64 16 1000 70
318 64 8 500 58
319 4 128 1000 78
320 16 8 100 92
321 32 8 500 59
322 16 128 500 70
323 4 128 200 48
324 4 8 100 91
325 4 128 100 97
326 64 8 200 93
327 4 8 1000 91
328 16 8 500 96
329 4 8 500 42
330 32 8 2000 87
331 64 8 1000 90
332 16 128 100 40
333 4 8 100 69
334 32 64 100 58
335 64 8 1000 58
336 32 8 1000 53
337 64 16 200 61
338 64 128 500 81
339 16 16 100 72
340 16 16 100 60
341 4 128 500 68
342 16 16 200 80
343 4 64 1000 49
344 16 128 200 83
345 16 16 200 33
346 16 64 500 38
347 32 16 200 85
348 4 16 200 40
349 4 64 100 37
350 32 8 200 53
351 64 8 1000 32
352 32 64 100 39
353 16 128 200 95
354 64 64 1000 84
355 4 128 2000 44
356 64 16 500 69
357 64 64 2000 53
358 64 16 100 51
359 64 64 200 40
360 32 16 2000 98
361 64 8 2000 45
362 4 64 1000 33
363 64 8 500 89
364 32 16 100 99
365 32 64 500 48
366 4 8 500 47
367 64 64 1000 86
368 32 8 100 53
369 4 128 2000 96
370 16 128 1000 49
371 16 64 200 84
372 64 64 2000 46
373 64 64 1000 32
374 64 8 200 47
375 4 8 500 63
376 32 16 100 100
377 16 128 2000 97
378 32 128 100 39
379 16 64 500 79
380 32 128 1000 68
381 64 64 100 74
382 16 16 200 73
383 64 16 200 51
384 64 16 500 42
385 64 16 500 54
386 16 64 2000 64
387 64 16 1000 98
388 4 8 500 81
389 64 128 500 75
390 16 16 200 82
391 16 8 2000 64
392 32 16 100 45
393 64 64 2000 57
394 32 64 100 43
395 4 16 500 53
396 4 16 100 56
397 64 16 100 39
398 64 8 500 72
399 64 16 100 34
400 16 128 1000 65
401 64 64 500 34
402 4 128 200 91
403 4 16 500 84
404 16 64 100 60
405 4 64 200 86
406 64 8 2000 74
407 32 64 500 63
408 16 8 100 40
409 64 16 200 51
410 64 64 200 88
411 32 128 1000 58
412 16 8 1000 48
413 16 8 1000 85
414 32 64 200 74
415 16 128 500 51
416 64 16 1000 63
417 4 128 500 60
418 16 16 200 83
419 32 16 1000 38
420 16 16 1000 30
421 64 16 200 98
422 32 8 100 53
423 16 64 1000 95
424 64 128 1000 72
425 64 16 500 70
426 32 16 1000 30
427 4 64 100 79
428 64 8 200 90
429 4 128 2000 91
430 4 128 200 70
431 4 16 100 38
432 32 16 100 43
433 64 64 1000 51
434 16 16 500 43
435 4 64 100 36
436 64 64 1000 95
437 4 16 500 45
438 4 128 1000 75
439 64 128 2000 55
440 16 16 2000 52
441 32 16 2000 81
442 16 128 2000 68
443 4 128 1000 43
444 32 16 1000 51
445 4 16 2000 96
446 64 128 200 35
447 64 64 1000 45
448 16 8 500 33
449 16 16 200 86
450 4 16 2000 38
451 64 16 200 37
452 4 8 1000 64
453 4 64 200 61
454 32 16 100 89
455 4 8 2000 91
456 64 64 200 30
457 16 128 200 53
458 4 128 100 30
459 16 64 100 30
460 16 16 100 75
461 4 8 1000 56
462 32 64 1000 53
463 16 8 500 31
464 64 8 100 47
465 32 128 2000 59
466 16 16 500 63
467 4 16 500 41
468 4 64 200 53
469 4 64 200 55
470 32 16 1000 93
471 16 16 100 52
472 32 64 2000 58
473 4 8 100 65
474 32 8 500 93
475 4 16 100 55
476 64 16 500 42
477 32 64 200 65
478 16 128 1000 62
479 64 16 1000 85
480 64 8 1000 43
481 32 64 200 58
482 16 8 100 76
483 16 8 500 55
484 64 8 100 69
485 64 16 100 74
486 4 8 1000 65
487 4 8 2000 37
488 16 64 500 98
489 16 16 500 90
75
0 187 49 44
6 250 31 69
17 30 35 38
21 392 38 48
37 216 23 63
39 189 42 95
40 302 41 80
54 111 18 45
54 227 42 74
56 411 30 31
56 482 15 44
57 475 26 86
67 93 14 67
71 396 16 50
74 172 39 37
75 448 49 42
80 154 49 81
80 178 25 87
82 450 12 74
85 130 26 95
87 301 44 83
89 443 30 45
90 474 43 84
90 375 21 67
99 263 39 94
102 490 33 37
102 352 31 33
102 184 33 40
103 113 32 74
111 407 44 92
115 385 34 61
118 177 50 67
122 310 13 75
127 158 47 92
130 384 19 53
139 194 34 48
146 230 35 54
148 166 44 77
151 265 39 55
155 293 26 48
156 195 34 44
166 451 20 75
168 207 48 97
172 361 12 52
176 266 20 69
181 425 40 42
183 233 44 91
187 487 26 50
189 199 24 90
191 385 45 72
193 266 19 62
194 396 42 30
195 398 47 61
198 344 12 79
201 417 29 75
208 412 47 93
214 342 28 44
216 433 12 89
228 414 15 52
242 341 44 72
245 432 47 96
245 280 23 55
248 249 33 43
256 420 46 68
296 399 20 55
328 442 35 68
346 393 29 78
356 413 47 77
392 471 21 43
415 450 24 37
423 457 48 87
423 439 14 36
443 477 38 52
445 480 25 77
480 486 37 61