459
0 8 32 2000 197
1 8 128 1000 162
2 32 128 2000 193
3 8 32 800 174
4 8 320 1000 139
5 8 32 5000 197
6 8 32 1000 193
7 8 128 5000 132
8 32 320 5000 177
9 32 128 2000 96
10 32 32 5000 110
11 8 32 2000 189
12 32 32 1000 179
13 32 320 5000 128
14 32 128 1000 93
15 8 32 400 148
16 8 128 800 169
17 32 128 400 166
18 32 128 400 188
19 8 320 1000 180
20 8 32 1000 135
21 32 128 800 151
22 8 320 2000 169
23 32 320 2000 152
24 32 32 800 179
25 32 32 1000 114
26 32 320 2000 174
27 32 128 1000 109
28 32 32 1000 119
29 8 32 1000 135
30 32 128 1000 160
31 32 320 800 164
32 32 32 1000 113
33 8 32 5000 198
34 32 128 400 102
35 32 32 800 133
36 32 128 800 91
37 32 128 2000 111
38 32 320 2000 98
39 32 32 1000 197
40 8 128 800 171
41 32 32 800 137
42 32 32 800 121
43 32 32 5000 148
44 32 320 800 173
45 32 128 2000 120
46 32 320 800 184
47 32 128 1000 148
48 32 320 1000 104
49 8 128 800 193
50 8 320 2000 178
51 32 320 800 179
52 8 128 5000 200
53 32 32 5000 165
54 8 128 1000 102
55 32 128 1000 176
56 8 320 1000 176
57 32 320 5000 116
58 8 320 1000 94
59 32 32 2000 132
60 32 128 1000 161
61 32 320 1000 107
62 32 128 800 164
63 32 32 1000 101
64 32 128 2000 189
65 8 320 400 122
66 32 320 800 156
67 8 32 400 189
68 32 320 800 113
69 8 128 1000 160
70 32 128 400 186
71 32 32 800 95
72 8 32 2000 185
73 8 128 2000 150
74 32 32 1000 199
75 8 320 5000 144
76 8 320 800 197
77 8 128 2000 172
78 8 32 2000 91
79 32 128 800 117
80 8 32 1000 94
81 32 128 5000 118
82 32 128 800 153
83 8 128 2000 118
84 32 128 1000 162
85 32 128 2000 90
86 8 320 5000 188
87 8 32 400 171
88 32 32 1000 92
89 8 320 1000 197
90 8 128 5000 129
91 32 320 1000 108
92 32 32 800 111
93 8 32 5000 148
94 8 320 2000 139
95 8 128 1000 200
96 8 320 800 91
97 32 320 400 187
98 32 32 5000 92
99 32 320 5000 144
100 32 320 1000 148
101 32 128 2000 109
102 32 320 2000 136
103 8 320 5000 170
104 8 32 2000 98
105 8 320 400 150
106 8 128 5000 143
107 8 128 800 175
108 32 128 400 181
109 8 320 2000 167
110 32 32 5000 118
111 8 32 1000 101
112 32 128 1000 164
113 8 320 2000 137
114 32 32 5000 178
115 32 320 5000 199
116 32 128 1000 142
117 8 320 400 92
118 8 128 1000 168
119 32 320 5000 112
120 8 32 800 149
121 8 32 5000 187
122 32 128 800 164
123 8 32 5000 190
124 32 128 400 146
125 32 320 400 151
126 8 128 2000 138
127 32 320 2000 126
128 32 32 1000 170
129 32 128 800 158
130 8 128 5000 186
131 32 128 5000 90
132 8 32 400 171
133 32 320 2000 100
134 8 32 2000 141
135 8 32 5000 190
136 8 32 2000 117
137 8 32 800 91
138 32 128 2000 118
139 8 320 400 167
140 8 320 5000 193
141 8 320 2000 119
142 32 32 2000 180
143 8 32 1000 121
144 32 32 400 91
145 32 128 1000 184
146 32 32 400 147
147 32 320 5000 95
148 32 32 2000 145
149 8 32 2000 199
150 8 128 800 121
151 32 128 400 95
152 8 32 800 170
153 32 128 5000 98
154 32 320 5000 176
155 32 128 800 116
156 32 128 400 188
157 32 32 800 154
158 32 128 1000 97
159 8 128 2000 182
160 32 320 800 142
161 32 128 1000 167
162 8 32 400 102
163 32 32 5000 162
164 32 320 2000 144
165 8 32 1000 165
166 32 128 2000 172
167 32 128 800 197
168 8 320 800 94
169 8 32 1000 159
170 8 320 5000 119
171 8 32 400 193
172 8 32 5000 143
173 8 320 2000 120
174 32 128 5000 176
175 32 128 5000 115
176 32 320 800 104
177 32 320 400 185
178 8 32 1000 134
179 8 128 400 126
180 8 32 2000 194
181 8 32 800 110
182 8 128 800 195
183 32 128 2000 127
184 32 32 5000 99
185 8 320 800 99
186 8 32 800 160
187 32 128 400 199
188 8 128 400 91
189 32 320 5000 135
190 8 320 1000 125
191 8 32 1000 186
192 8 320 5000 184
193 8 320 800 184
194 8 320 800 103
195 32 32 5000 181
196 8 128 800 173
197 32 320 1000 144
198 32 128 5000 122
199 8 32 800 90
200 8 128 5000 109
201 8 32 800 114
202 32 128 5000 191
203 8 128 400 189
204 8 320 2000 162
205 32 128 1000 140
206 8 32 2000 117
207 8 320 800 103
208 32 128 800 93
209 8 320 1000 172
210 8 32 800 111
211 32 32 2000 146
212 32 320 2000 116
213 8 320 2000 104
214 8 128 800 114
215 8 128 1000 95
216 8 128 1000 143
217 32 128 800 152
218 32 32 400 98
219 32 320 400 187
220 8 320 400 103
221 32 320 1000 194
222 32 320 400 177
223 32 320 400 162
224 32 32 5000 113
225 32 128 5000 102
226 32 320 400 126
227 32 320 400 187
228 8 128 2000 193
229 32 128 400 192
230 8 32 1000 105
231 8 128 800 95
232 32 32 400 189
233 32 32 2000 97
234 8 128 1000 92
235 32 32 800 155
236 32 32 400 105
237 32 32 2000 144
238 8 128 5000 99
239 8 128 800 102
240 32 32 2000 92
241 8 32 800 149
242 32 32 800 161
243 32 128 2000 169
244 8 32 1000 138
245 8 320 1000 194
246 32 128 5000 92
247 32 32 400 106
248 8 32 2000 161
249 8 320 400 93
250 8 128 5000 101
251 32 320 5000 195
252 8 320 1000 195
253 8 128 1000 131
254 32 32 400 133
255 32 320 1000 150
256 8 128 5000 193
257 32 320 400 149
258 8 320 5000 155
259 32 320 1000 93
260 8 128 400 123
261 32 320 800 173
262 8 320 1000 130
263 32 32 2000 92
264 8 128 2000 172
265 32 320 2000 94
266 32 320 5000 192
267 32 320 2000 116
268 8 320 5000 180
269 8 32 2000 147
270 8 320 5000 123
271 8 320 400 127
272 32 128 400 132
273 32 128 400 170
274 32 320 2000 112
275 32 32 1000 112
276 32 128 400 166
277 32 128 2000 96
278 8 32 400 102
279 32 128 800 193
280 32 128 800 98
281 8 128 800 115
282 32 32 400 187
283 32 320 800 181
284 32 128 400 184
285 8 128 400 155
286 32 320 800 122
287 8 32 5000 164
288 32 32 1000 91
289 32 320 400 137
290 8 32 400 148
291 8 320 800 127
292 8 128 5000 181
293 32 32 400 186
294 32 128 5000 130
295 8 320 5000 133
296 8 320 400 173
297 32 128 400 192
298 32 128 400 131
299 32 320 5000 162
300 32 320 1000 155
301 32 128 1000 169
302 8 32 400 112
303 8 32 800 152
304 32 320 800 138
305 8 128 2000 170
306 8 32 800 107
307 8 320 1000 185
308 32 32 1000 137
309 32 32 800 178
310 8 320 5000 182
311 8 320 2000 153
312 32 320 5000 182
313 8 128 800 187
314 32 320 5000 103
315 32 320 1000 152
316 8 320 400 182
317 8 320 5000 110
318 8 128 400 142
319 32 32 5000 141
320 32 32 5000 101
321 8 32 400 145
322 8 320 2000 165
323 8 128 400 131
324 8 128 5000 186
325 8 320 400 198
326 32 32 1000 129
327 32 32 400 112
328 32 128 2000 173
329 8 32 400 191
330 8 32 400 145
331 32 32 1000 155
332 32 32 400 158
333 32 32 800 132
334 32 320 800 168
335 32 320 1000 125
336 8 320 5000 150
337 8 320 2000 173
338 8 32 1000 100
339 32 32 5000 140
340 32 128 1000 151
341 8 320 2000 179
342 8 32 2000 162
343 8 128 400 174
344 8 128 2000 188
345 8 32 400 160
346 8 320 2000 127
347 8 128 5000 168
348 8 320 5000 136
349 8 320 800 163
350 32 320 1000 138
351 32 320 400 163
352 32 320 5000 129
353 8 128 1000 99
354 32 32 1000 163
355 8 320 5000 116
356 8 320 5000 152
357 32 128 400 147
358 8 320 5000 99
359 8 32 800 155
360 8 32 5000 167
361 8 32 2000 146
362 8 320 5000 181
363 8 128 1000 145
364 8 128 400 103
365 32 32 800 104
366 8 128 1000 111
367 8 320 1000 180
368 8 32 400 101
369 8 128 1000 113
370 32 128 400 136
371 32 128 5000 94
372 32 128 400 128
373 8 128 1000 117
374 8 128 400 127
375 32 32 800 112
376 8 128 1000 139
377 32 128 2000 187
378 32 32 800 111
379 8 320 1000 131
380 32 32 400 123
381 8 32 400 120
382 8 128 800 132
383 8 128 2000 198
384 8 320 400 142
385 32 32 400 159
386 8 128 2000 127
387 8 128 800 169
388 8 320 800 189
389 8 128 400 121
390 8 320 5000 99
391 32 32 2000 120
392 32 320 5000 99
393 32 128 1000 128
394 32 128 5000 114
395 8 320 800 193
396 8 32 1000 189
397 8 128 1000 153
398 8 320 2000 177
399 8 320 5000 139
400 32 128 400 102
401 8 128 1000 181
402 8 32 800 146
403 8 128 800 192
404 8 320 5000 128
405 8 128 400 138
406 8 128 400 96
407 32 32 800 134
408 8 128 2000 121
409 32 32 2000 139
410 32 32 800 144
411 8 320 800 91
412 8 320 1000 167
413 8 32 2000 174
414 32 128 400 181
415 32 320 800 137
416 32 32 400 197
417 32 320 1000 152
418 32 32 2000 93
419 32 32 5000 106
420 8 32 1000 184
421 8 32 1000 90
422 8 320 1000 121
423 8 32 1000 152
424 8 128 400 117
425 32 32 1000 94
426 32 32 2000 160
427 32 32 1000 149
428 8 32 800 199
429 8 128 800 113
430 32 32 400 108
431 32 32 2000 137
432 32 32 400 193
433 8 32 2000 195
434 32 32 2000 132
435 32 32 1000 158
436 8 32 400 138
437 32 320 1000 153
438 8 320 800 107
439 32 32 400 183
440 8 320 2000 193
441 32 32 400 192
442 8 320 800 93
443 8 320 1000 161
444 32 320 5000 121
445 32 128 800 162
446 8 32 400 165
447 8 128 2000 140
448 32 320 400 111
449 8 128 400 146
450 32 320 800 184
451 8 32 5000 169
452 8 320 2000 92
453 32 32 2000 194
454 8 32 800 151
455 32 32 800 106
456 8 320 800 101
457 32 32 5000 137
458 32 128 400 109
193
1 338 61 141
3 9 45 198
4 209 62 167
4 19 69 164
6 136 70 136
7 316 42 120
8 36 41 171
10 246 59 162
12 338 59 122
12 89 56 198
13 166 57 109
13 77 58 127
14 374 41 117
15 100 69 190
18 73 63 116
19 384 48 125
23 340 60 166
30 377 57 127
31 318 57 148
32 95 43 180
33 323 66 94
33 67 43 107
33 68 53 106
35 347 66 193
38 72 53 197
38 156 54 181
41 227 48 145
42 66 41 137
43 394 43 141
43 379 65 139
46 74 57 98
46 207 68 118
47 53 59 171
50 374 59 135
51 146 60 144
53 82 50 151
53 389 59 99
55 214 56 181
56 90 41 119
56 338 56 181
58 396 55 121
59 239 67 191
62 394 67 104
62 139 61 193
63 332 42 149
64 235 52 153
66 377 47 198
67 229 48 151
68 458 45 113
69 413 42 106
71 245 61 178
78 195 40 164
83 234 68 111
87 337 47 150
87 91 62 113
89 377 58 197
90 234 62 197
91 195 65 137
92 252 46 190
93 160 42 104
95 418 68 142
96 284 52 194
98 255 41 151
99 434 43 150
99 265 58 164
104 434 60 155
107 132 41 98
109 203 47 98
115 210 55 103
118 241 54 106
123 170 46 102
125 328 56 111
125 241 50 180
127 306 49 117
128 420 52 137
131 132 55 156
131 231 45 186
131 172 41 91
131 226 63 181
132 291 43 182
133 134 60 152
136 198 63 119
137 152 66 162
138 185 70 171
146 321 54 153
147 394 55 163
149 180 51 158
152 407 59 162
152 175 59 191
153 370 68 166
153 200 43 184
154 232 42 134
157 332 40 123
157 235 46 193
157 347 60 184
161 335 43 101
164 434 70 177
165 323 61 154
165 289 56 160
166 243 64 112
166 261 43 127
171 277 67 127
171 218 45 174
175 334 45 103
176 425 56 184
176 452 52 151
182 224 48 183
184 237 70 124
186 197 53 103
189 305 54 172
191 283 60 108
191 257 57 158
197 252 55 161
199 253 50 110
200 258 51 133
201 324 46 180
205 293 67 123
206 284 48 116
206 332 68 165
207 454 48 194
208 342 52 137
208 305 42 166
208 401 65 181
209 244 45 151
212 416 55 158
213 436 53 164
213 339 43 154
214 285 63 166
214 256 58 198
217 299 49 139
217 306 66 125
219 358 56 145
222 434 49 184
225 339 50 135
227 434 56 138
227 232 62 176
229 446 70 90
235 453 63 187
235 399 48 184
236 388 51 181
240 310 50 152
240 416 57 144
242 402 53 152
245 300 52 172
252 265 62 129
254 280 51 114
257 350 68 105
257 376 56 167
262 267 68 122
263 396 50 90
276 412 43 157
277 412 44 105
278 282 51 163
279 283 68 113
279 421 67 174
279 432 65 114
279 297 59 174
281 366 55 135
287 398 53 150
288 399 53 93
288 450 43 179
289 372 53 124
291 338 42 138
291 333 44 96
293 410 66 120
296 404 57 165
302 451 70 175
305 449 60 178
306 450 49 99
316 363 43 127
320 453 63 91
324 345 52 160
332 415 43 179
334 383 56 176
341 415 40 162
342 431 40 176
342 453 47 113
346 382 41 136
347 447 70 182
350 355 53 178
354 416 63 168
355 357 44 132
374 423 51 189
380 405 46 146
382 450 61 100
383 447 61 200
402 452 44 113
413 440 58 191
415 436 41 122
415 427 63 186
432 434 61 156
434 444 69 156
451 454 66 178