524
0 32 128 1000 96
1 32 8 500 46
2 64 128 2000 62
3 4 8 100 33
4 4 64 500 62
5 4 64 1000 83
6 16 16 2000 84
7 16 8 100 34
8 16 16 500 91
9 4 16 1000 92
10 64 64 200 89
11 4 128 500 91
12 16 16 100 35
13 16 64 1000 62
14 4 8 2000 82
15 32 128 2000 66
16 32 128 500 89
17 4 64 1000 66
18 64 128 1000 51
19 64 8 2000 84
20 32 128 1000 76
21 64 8 1000 36
22 16 16 200 64
23 16 64 1000 100
24 32 16 2000 56
25 64 128 2000 40
26 32 128 1000 52
27 16 8 2000 58
28 32 16 1000 35
29 16 64 2000 85
30 4 16 500 56
31 4 64 1000 39
32 4 128 200 45
33 4 64 1000 51
34 64 128 2000 96
35 32 8 1000 47
36 64 64 200 94
37 16 8 1000 66
38 4 64 500 90
39 64 128 2000 41
40 4 8 1000 78
41 16 8 100 78
42 64 16 100 80
43 64 16 1000 100
44 16 64 100 68
45 64 8 500 44
46 64 128 200 47
47 4 16 100 41
48 32 128 500 59
49 4 16 500 49
50 64 8 500 48
51 32 16 200 100
52 32 128 1000 52
53 16 16 100 35
54 16 64 2000 72
55 64 8 500 51
56 4 8 200 86
57 32 8 100 41
58 4 128 1000 67
59 4 16 500 86
60 4 128 2000 93
61 4 64 500 45
62 16 64 100 68
63 4 128 200 41
64 64 8 1000 93
65 64 128 2000 60
66 16 64 2000 54
67 32 128 1000 33
68 4 16 100 47
69 64 128 500 41
70 32 8 2000 73
71 4 64 200 36
72 4 64 200 50
73 32 64 200 86
74 4 16 200 76
75 32 64 500 60
76 32 128 500 88
77 16 16 2000 71
78 32 8 100 75
79 4 16 200 54
80 32 128 500 77
81 16 16 500 56
82 32 16 500 43
83 16 16 2000 90
84 64 16 2000 31
85 16 8 100 65
86 32 64 2000 42
87 64 128 100 36
88 64 64 500 49
89 32 8 2000 48
90 32 16 2000 42
91 4 128 200 96
92 4 128 1000 77
93 4 8 2000 52
94 16 8 500 40
95 4 8 1000 43
96 4 8 1000 92
97 4 64 100 73
98 4 64 2000 54
99 4 128 200 52
100 64 128 1000 62
101 32 16 1000 82
102 32 16 2000 54
103 32 16 1000 98
104 4 8 100 59
105 32 16 500 85
106 16 128 2000 56
107 64 128 500 56
108 64 16 200 32
109 64 16 100 58
110 4 16 2000 54
111 32 64 100 97
112 32 64 1000 42
113 64 128 200 61
114 4 8 2000 90
115 64 8 100 42
116 16 128 1000 33
117 4 128 100 44
118 4 16 200 56
119 32 128 100 93
120 16 8 100 75
121 4 16 200 56
122 4 128 500 44
123 64 128 1000 94
124 64 128 1000 41
125 16 16 100 60
126 64 128 1000 90
127 32 8 200 97
128 32 64 100 49
129 4 64 1000 60
130 4 64 100 57
131 4 16 200 73
132 32 8 200 68
133 16 8 100 40
134 16 128 1000 60
135 32 64 200 86
136 32 64 2000 65
137 64 128 2000 61
138 32 8 500 75
139 64 16 200 34
140 64 128 500 88
141 32 16 500 60
142 16 8 1000 67
143 4 64 500 84
144 32 8 1000 80
145 16 16 1000 91
146 4 128 500 45
147 16 64 100 94
148 32 8 500 90
149 4 128 2000 58
150 32 128 1000 77
151 32 8 2000 54
152 16 128 2000 78
153 16 64 1000 91
154 32 16 2000 30
155 16 128 500 74
156 16 8 500 67
157 32 128 500 68
158 32 64 200 87
159 4 16 200 86
160 16 64 2000 42
161 32 8 100 69
162 16 8 100 78
163 32 128 100 33
164 16 16 2000 51
165 32 8 100 75
166 4 16 500 56
167 64 16 100 99
168 4 128 100 76
169 16 64 200 60
170 16 8 500 43
171 16 64 1000 70
172 4 8 2000 60
173 32 128 500 96
174 64 8 100 51
175 64 16 1000 40
176 16 8 500 72
177 32 128 100 64
178 64 8 100 37
179 4 16 1000 78
180 64 16 100 32
181 16 8 2000 52
182 64 128 2000 83
183 64 128 2000 81
184 16 128 500 48
185 32 16 500 31
186 32 8 2000 83
187 16 16 500 96
188 32 64 200 65
189 4 16 1000 81
190 16 64 100 91
191 64 8 500 73
192 16 16 1000 70
193 64 64 1000 81
194 32 64 1000 91
195 4 16 200 52
196 32 128 500 45
197 16 8 500 99
198 64 8 500 100
199 4 128 100 63
200 16 128 200 72
201 4 128 1000 46
202 4 16 200 76
203 32 128 1000 37
204 64 64 1000 34
205 16 64 100 97
206 4 64 100 38
207 16 8 100 37
208 32 64 2000 89
209 32 8 200 59
210 64 16 200 40
211 64 64 200 65
212 32 16 2000 67
213 32 64 200 53
214 4 64 2000 57
215 32 128 200 76
216 32 64 500 81
217 16 16 100 58
218 16 16 1000 56
219 16 128 1000 46
220 32 64 1000 35
221 64 128 1000 97
222 4 8 1000 38
223 4 8 2000 77
224 32 16 200 91
225 32 64 2000 65
226 16 64 500 78
227 16 128 1000 87
228 32 128 500 68
229 4 16 200 48
230 64 16 500 31
231 16 16 200 72
232 4 16 1000 94
233 32 128 100 56
234 16 128 2000 83
235 64 128 2000 87
236 64 16 500 55
237 4 64 1000 54
238 16 16 200 72
239 4 16 2000 62
240 64 128 100 77
241 64 16 200 83
242 64 16 100 57
243 32 16 500 52
244 64 64 2000 52
245 4 128 2000 47
246 16 128 100 63
247 32 16 100 52
248 16 16 100 30
249 16 16 1000 90
250 16 64 200 45
251 16 128 200 65
252 16 64 2000 94
253 32 8 1000 61
254 16 8 100 88
255 32 8 500 86
256 4 16 2000 42
257 4 128 200 82
258 16 16 200 81
259 32 8 1000 34
260 4 64 500 77
261 4 8 200 51
262 64 8 100 76
263 4 64 1000 93
264 16 128 2000 76
265 64 16 500 54
266 4 128 200 45
267 4 64 200 61
268 16 16 1000 80
269 4 16 200 52
270 16 128 1000 46
271 4 128 2000 59
272 4 8 2000 80
273 64 8 500 51
274 4 128 2000 52
275 16 16 100 37
276 64 128 200 91
277 64 128 200 51
278 4 8 100 32
279 16 16 500 58
280 4 64 1000 45
281 32 8 500 93
282 4 16 100 64
283 16 16 500 88
284 32 128 100 57
285 4 128 1000 31
286 64 128 200 83
287 32 128 200 35
288 64 64 1000 73
289 32 64 2000 77
290 64 8 500 58
291 32 16 2000 59
292 32 128 500 96
293 4 64 500 61
294 4 8 1000 88
295 64 64 100 66
296 4 64 100 57
297 16 128 500 40
298 32 16 1000 45
299 32 16 1000 71
300 16 64 1000 43
301 64 64 200 75
302 64 8 500 76
303 64 8 500 32
304 4 64 1000 73
305 64 128 500 38
306 64 64 200 49
307 16 8 500 34
308 32 128 1000 44
309 4 16 100 61
310 16 64 1000 89
311 32 64 500 52
312 4 8 200 34
313 32 8 2000 31
314 32 128 2000 65
315 32 8 500 35
316 4 8 200 90
317 4 64 2000 51
318 16 16 1000 31
319 32 8 200 51
320 16 128 1000 36
321 16 64 2000 35
322 16 64 500 100
323 64 16 200 80
324 64 128 2000 99
325 4 128 100 80
326 64 64 2000 51
327 4 16 1000 88
328 16 8 1000 75
329 4 16 500 54
330 64 64 500 92
331 16 16 1000 31
332 64 16 1000 86
333 16 8 500 46
334 64 8 200 60
335 64 128 1000 67
336 32 16 500 91
337 32 8 100 63
338 4 16 100 34
339 32 128 1000 97
340 64 64 2000 30
341 32 16 1000 51
342 4 16 2000 94
343 4 64 500 90
344 64 128 100 88
345 64 64 200 44
346 32 128 1000 93
347 16 128 100 77
348 64 64 100 30
349 4 16 2000 57
350 4 8 200 40
351 32 64 500 35
352 32 64 1000 91
353 16 128 100 30
354 16 8 200 87
355 4 8 1000 48
356 64 128 500 99
357 16 16 1000 59
358 16 64 500 60
359 4 16 500 95
360 64 128 100 87
361 64 64 1000 37
362 32 128 2000 38
363 4 64 1000 42
364 64 128 200 47
365 4 128 200 31
366 64 16 500 78
367 16 8 500 36
368 64 16 500 72
369 32 64 100 79
370 16 16 2000 55
371 64 16 200 69
372 32 16 100 33
373 32 64 200 33
374 16 8 500 34
375 4 128 1000 69
376 32 16 500 99
377 16 64 200 39
378 16 8 100 69
379 4 8 500 87
380 64 64 2000 35
381 16 64 200 54
382 16 8 1000 95
383 32 64 2000 46
384 16 8 1000 60
385 16 16 100 79
386 4 64 200 99
387 32 16 200 37
388 32 8 500 41
389 16 16 2000 92
390 32 128 100 45
391 4 8 200 87
392 32 8 1000 30
393 64 64 200 43
394 16 8 500 41
395 4 128 200 91
396 16 128 200 36
397 4 16 1000 64
398 4 8 200 43
399 4 64 500 54
400 32 8 200 88
401 64 64 1000 52
402 32 128 500 62
403 4 8 200 72
404 32 8 500 39
405 16 128 1000 42
406 4 16 500 98
407 4 16 2000 99
408 16 128 200 43
409 32 8 100 87
410 64 8 2000 65
411 32 64 200 98
412 32 64 100 41
413 16 64 200 92
414 32 128 2000 84
415 32 64 500 72
416 32 8 200 73
417 64 8 500 93
418 4 128 500 58
419 4 16 100 81
420 4 64 2000 33
421 64 8 2000 50
422 16 128 1000 36
423 16 8 200 48
424 4 128 2000 50
425 4 16 100 41
426 64 8 1000 81
427 16 128 100 52
428 32 128 1000 39
429 16 8 200 53
430 64 128 2000 52
431 64 64 100 79
432 16 8 500 70
433 32 64 100 91
434 4 64 1000 48
435 16 64 100 45
436 16 16 1000 97
437 16 128 200 47
438 4 128 100 100
439 64 64 100 62
440 4 16 100 86
441 32 64 500 48
442 64 64 1000 58
443 4 16 500 100
444 16 16 1000 63
445 16 64 1000 88
446 32 8 100 30
447 16 64 500 31
448 64 8 2000 59
449 4 8 200 36
450 16 64 2000 94
451 16 128 100 42
452 32 128 2000 37
453 64 128 500 64
454 4 16 200 84
455 64 64 1000 87
456 32 8 2000 33
457 4 8 100 97
458 64 128 1000 34
459 16 64 2000 57
460 64 64 500 42
461 16 128 100 47
462 32 8 500 100
463 32 128 200 86
464 16 128 100 30
465 64 128 2000 35
466 4 16 500 37
467 4 128 1000 52
468 64 8 2000 71
469 32 128 200 95
470 32 16 1000 70
471 64 64 500 77
472 64 128 500 74
473 64 128 2000 48
474 32 8 1000 65
475 64 8 1000 84
476 16 64 200 69
477 16 8 2000 59
478 64 64 2000 91
479 4 64 1000 95
480 32 8 1000 65
481 64 8 1000 65
482 4 8 200 94
483 32 16 500 68
484 4 8 200 44
485 16 128 1000 60
486 64 16 500 68
487 16 64 200 96
488 64 16 500 32
489 64 8 100 98
490 16 16 2000 61
491 4 8 500 39
492 64 64 500 95
493 32 16 2000 31
494 4 8 2000 68
495 32 16 100 47
496 16 16 2000 79
497 16 16 200 52
498 4 16 500 78
499 16 8 200 46
500 16 64 500 84
501 64 64 1000 42
502 4 128 1000 39
503 64 16 500 71
504 16 128 200 90
505 32 64 2000 87
506 16 128 500 97
507 4 8 500 35
508 16 16 2000 96
509 16 128 500 49
510 32 16 2000 63
511 16 64 2000 59
512 32 64 1000 79
513 16 64 500 36
514 64 8 200 55
515 16 16 2000 37
516 64 64 100 64
517 4 64 500 50
518 64 64 2000 99
519 32 16 2000 61
520 16 64 1000 49
521 16 8 2000 57
522 16 16 1000 43
523 16 64 1000 82
207
0 59 25 80
1 324 29 46
1 203 48 48
1 294 21 33
3 239 17 42
5 218 30 44
6 103 35 93
6 138 29 92
7 166 36 97
11 180 39 62
13 15 17 67
14 211 34 47
18 364 44 83
19 125 46 35
19 497 10 82
19 339 27 88
20 349 44 71
20 110 37 73
21 397 37 43
23 161 38 31
29 315 46 80
33 204 49 89
33 284 23 88
37 148 45 81
38 344 14 85
38 386 14 94
38 238 45 37
39 189 38 36
40 414 13 40
51 296 43 99
53 153 16 40
54 258 40 84
54 424 19 47
55 182 46 100
57 329 50 46
58 122 21 33
59 415 40 40
60 261 34 53
61 486 41 34
62 334 32 74
65 359 15 69
67 353 46 48
67 220 17 32
70 489 32 50
72 148 22 72
74 505 12 96
75 428 27 91
76 405 35 66
77 409 42 73
77 164 24 81
78 107 41 78
79 112 36 42
79 364 46 30
79 409 27 49
83 200 21 87
86 198 14 59
89 169 19 81
91 216 25 95
91 248 42 98
92 203 22 64
95 120 46 88
97 233 35 71
97 108 31 80
98 138 40 61
98 448 18 62
99 142 25 61
99 131 19 68
100 471 42 59
100 207 42 96
104 306 31 64
105 354 13 46
111 258 42 49
117 436 49 70
120 283 14 91
122 435 20 46
123 511 45 36
124 415 28 45
125 227 29 35
126 214 17 99
127 303 37 67
127 160 27 81
130 395 37 90
131 272 29 55
132 328 26 53
132 302 48 98
135 430 11 35
135 198 41 53
137 188 44 82
138 430 27 60
139 390 16 49
144 443 44 32
144 156 36 71
144 189 27 46
145 301 46 93
145 223 16 32
146 440 24 44
146 229 50 52
146 504 34 81
147 383 22 90
148 430 14 70
148 507 45 96
149 232 44 85
150 356 17 44
152 437 45 86
154 233 46 92
154 343 45 42
154 376 14 31
155 288 14 58
157 492 37 78
158 193 49 36
159 511 38 73
160 486 19 91
162 503 47 61
163 332 14 54
168 179 24 77
173 277 12 98
177 382 25 32
177 344 10 72
180 272 25 89
180 340 43 74
181 411 15 37
181 458 46 60
181 484 34 77
183 363 37 68
184 365 21 44
184 433 43 48
185 262 37 89
195 319 25 65
195 434 37 77
196 228 36 100
197 234 17 45
198 378 35 38
199 258 22 80
199 422 48 52
199 388 36 40
201 408 23 59
204 393 38 73
209 327 37 30
213 498 18 100
214 436 40 82
216 378 20 94
218 372 40 50
220 355 29 42
224 299 37 59
224 297 16 45
224 372 42 45
225 478 19 91
227 455 21 41
229 520 13 78
231 249 50 67
234 249 19 50
236 281 23 74
237 279 50 30
238 326 32 33
240 296 49 70
243 488 32 46
244 249 29 39
248 488 21 59
254 514 25 82
262 491 47 49
263 453 12 69
264 455 21 96
270 460 28 100
272 342 29 65
272 448 35 52
273 401 34 75
280 364 26 88
283 303 17 53
287 294 46 61
290 323 13 92
295 430 31 38
299 436 18 63
302 475 27 89
303 457 26 77
304 431 10 99
307 374 31 62
311 440 16 67
316 384 19 36
318 497 17 51
323 364 20 78
337 502 10 66
341 357 46 99
343 397 23 38
352 378 41 40
357 425 17 42
357 396 40 32
357 433 49 100
359 503 29 91
366 453 18 87
368 523 12 34
370 419 32 84
372 488 42 55
385 410 16 74
387 509 48 44
394 395 32 34
403 438 24 93
406 410 25 45
412 445 12 51
413 509 12 64
440 519 20 68
448 475 21 54
450 459 15 36
462 519 11 39
471 493 16 43
481 519 30 56
486 518 41 90
492 505 46 81