881
0 32 32 2000 172
1 8 32 400 102
2 8 32 5000 110
3 8 128 800 162
4 8 32 400 145
5 8 320 400 182
6 8 32 1000 153
7 32 320 400 133
8 32 320 5000 192
9 8 32 5000 105
10 32 32 800 141
11 32 128 2000 99
12 8 320 1000 175
13 8 32 5000 119
14 32 128 5000 117
15 8 320 2000 97
16 32 32 400 119
17 32 32 2000 125
18 32 32 800 181
19 32 320 5000 109
20 8 32 400 148
21 32 320 1000 122
22 8 128 800 128
23 8 320 5000 197
24 8 320 1000 177
25 32 128 2000 198
26 8 128 1000 187
27 32 128 5000 94
28 8 320 1000 165
29 32 32 5000 130
30 32 320 400 117
31 8 320 2000 105
32 32 32 400 199
33 32 32 800 155
34 32 320 2000 153
35 32 32 5000 119
36 8 320 5000 180
37 32 128 1000 145
38 8 128 800 112
39 8 32 400 157
40 8 128 5000 136
41 8 128 5000 107
42 32 128 2000 187
43 32 128 800 184
44 8 128 800 137
45 32 320 800 91
46 32 128 2000 158
47 8 32 800 149
48 8 320 800 178
49 32 32 800 115
50 8 320 400 109
51 8 320 1000 133
52 8 32 2000 132
53 8 32 1000 191
54 8 128 400 155
55 8 320 1000 93
56 32 128 800 92
57 8 32 1000 129
58 32 32 400 196
59 32 32 5000 139
60 32 32 5000 149
61 8 128 400 182
62 8 320 1000 154
63 32 32 1000 168
64 32 320 800 105
65 8 320 5000 131
66 8 128 400 119
67 32 32 2000 195
68 32 32 800 107
69 32 128 2000 141
70 8 320 400 190
71 32 32 400 147
72 32 128 2000 182
73 32 128 1000 193
74 32 320 1000 174
75 32 32 800 194
76 32 320 5000 126
77 32 128 400 197
78 32 32 2000 168
79 32 32 2000 138
80 32 128 5000 128
81 32 32 1000 99
82 32 32 2000 188
83 32 128 1000 177
84 8 32 1000 152
85 32 32 2000 137
86 32 32 400 134
87 8 320 400 172
88 8 320 1000 157
89 32 32 400 145
90 8 32 2000 168
91 32 320 800 92
92 32 320 5000 115
93 8 128 5000 111
94 32 320 5000 196
95 8 320 800 183
96 8 128 800 179
97 32 320 1000 199
98 8 320 1000 189
99 8 32 5000 148
100 8 128 400 143
101 32 128 1000 104
102 8 128 400 110
103 32 128 800 190
104 32 128 400 180
105 32 320 5000 93
106 8 32 1000 100
107 8 32 1000 103
108 32 320 5000 133
109 32 32 800 160
110 32 32 400 135
111 32 320 5000 153
112 8 128 5000 189
113 8 128 2000 152
114 32 32 800 95
115 8 128 5000 156
116 8 320 5000 171
117 8 320 1000 179
118 32 128 2000 163
119 32 320 1000 131
120 32 32 400 109
121 32 32 2000 164
122 32 32 1000 108
123 8 320 400 136
124 8 32 400 100
125 8 320 400 159
126 32 320 800 175
127 8 32 5000 148
128 32 320 2000 126
129 32 128 2000 151
130 8 32 5000 146
131 32 32 5000 96
132 8 32 2000 170
133 8 128 400 163
134 8 320 5000 155
135 8 32 5000 178
136 32 32 400 154
137 8 320 2000 138
138 32 32 5000 125
139 8 32 5000 117
140 8 320 400 144
141 8 128 5000 132
142 32 32 2000 126
143 32 32 400 115
144 32 128 2000 127
145 32 128 400 94
146 32 32 1000 159
147 32 320 1000 118
148 32 320 5000 124
149 8 128 2000 128
150 8 320 2000 167
151 8 32 5000 113
152 8 128 1000 150
153 8 32 2000 133
154 32 128 5000 172
155 32 128 2000 148
156 32 128 400 184
157 32 128 5000 124
158 32 32 1000 148
159 32 128 2000 104
160 32 128 800 170
161 32 320 1000 180
162 32 128 1000 178
163 8 128 5000 161
164 8 320 800 190
165 8 32 400 190
166 32 320 400 183
167 32 32 2000 152
168 32 32 5000 100
169 8 128 2000 159
170 8 320 2000 170
171 8 320 1000 160
172 8 32 2000 165
173 8 320 1000 93
174 32 32 400 105
175 32 128 1000 199
176 32 128 2000 134
177 8 32 5000 199
178 8 320 400 133
179 32 128 800 181
180 8 320 400 133
181 32 320 2000 173
182 32 128 2000 92
183 8 32 2000 135
184 8 32 400 200
185 8 128 800 100
186 32 320 1000 162
187 32 320 5000 111
188 8 32 5000 172
189 8 32 2000 199
190 8 320 5000 159
191 32 128 1000 115
192 8 320 2000 135
193 32 320 1000 159
194 8 128 1000 141
195 32 32 5000 184
196 32 128 1000 149
197 32 320 2000 119
198 32 320 800 94
199 32 320 800 140
200 32 320 2000 147
201 8 320 2000 171
202 8 320 1000 146
203 32 128 800 129
204 8 320 800 98
205 8 32 2000 99
206 32 32 400 119
207 32 320 5000 113
208 32 128 5000 99
209 8 32 5000 96
210 32 128 400 182
211 8 320 800 153
212 8 128 2000 119
213 8 32 5000 199
214 8 128 800 167
215 8 128 2000 140
216 8 128 2000 119
217 32 320 400 103
218 32 32 800 104
219 32 32 800 176
220 8 32 800 94
221 32 32 1000 134
222 32 128 400 190
223 8 32 800 169
224 8 320 2000 123
225 32 32 5000 182
226 8 128 400 181
227 8 32 400 157
228 32 320 5000 168
229 32 32 400 115
230 32 128 1000 158
231 8 128 5000 154
232 8 32 2000 181
233 8 320 400 169
234 32 128 800 162
235 32 320 800 151
236 8 32 5000 163
237 8 128 1000 198
238 32 320 400 166
239 32 32 1000 162
240 8 320 2000 165
241 8 320 800 159
242 8 128 1000 94
243 32 128 5000 177
244 8 32 1000 163
245 32 320 1000 103
246 8 32 800 90
247 8 320 1000 93
248 8 320 800 100
249 32 128 1000 182
250 32 128 5000 145
251 32 32 400 164
252 8 32 2000 190
253 32 128 800 172
254 8 32 5000 109
255 32 32 400 177
256 32 128 2000 179
257 32 320 1000 194
258 8 32 1000 112
259 8 128 400 152
260 32 32 1000 94
261 8 128 400 200
262 32 32 5000 186
263 32 128 400 110
264 8 320 800 121
265 8 320 1000 186
266 32 32 800 132
267 32 128 1000 151
268 32 128 800 195
269 8 128 5000 197
270 8 32 400 178
271 8 128 2000 97
272 32 320 400 99
273 8 320 400 172
274 8 128 800 90
275 32 32 400 112
276 8 32 400 176
277 32 32 2000 167
278 8 320 800 193
279 8 320 5000 115
280 32 128 400 115
281 8 32 400 154
282 8 32 2000 156
283 32 128 1000 181
284 8 32 1000 174
285 32 128 2000 110
286 32 32 1000 163
287 8 32 1000 174
288 32 128 5000 180
289 8 320 2000 166
290 32 128 1000 196
291 8 32 5000 110
292 32 320 400 183
293 8 32 400 155
294 32 32 2000 153
295 32 320 1000 166
296 32 32 1000 165
297 8 128 400 192
298 32 320 800 132
299 8 320 1000 137
300 8 32 800 183
301 8 32 1000 149
302 8 320 400 141
303 8 320 5000 90
304 32 128 1000 158
305 8 128 800 90
306 32 320 1000 160
307 32 32 5000 110
308 8 320 5000 192
309 8 128 2000 171
310 8 32 2000 107
311 8 32 5000 121
312 32 320 400 199
313 32 128 5000 100
314 8 32 1000 116
315 8 32 1000 188
316 32 320 400 113
317 32 32 1000 110
318 32 320 5000 136
319 8 32 5000 112
320 8 128 2000 102
321 32 320 400 114
322 32 320 800 96
323 32 320 800 106
324 8 128 5000 116
325 32 32 400 117
326 32 128 400 113
327 8 128 800 137
328 32 320 400 198
329 8 32 5000 163
330 8 128 2000 143
331 8 32 2000 102
332 32 32 2000 93
333 32 320 1000 139
334 32 128 1000 176
335 32 32 1000 188
336 8 32 800 131
337 32 320 400 114
338 32 320 800 123
339 32 32 400 101
340 32 320 400 184
341 8 128 2000 129
342 8 32 5000 168
343 32 128 1000 171
344 32 128 400 195
345 32 128 800 164
346 32 128 1000 133
347 8 320 5000 113
348 8 320 1000 129
349 8 32 5000 174
350 8 128 5000 180
351 32 128 800 148
352 8 128 800 129
353 32 320 800 151
354 32 320 1000 131
355 8 320 1000 113
356 32 320 5000 185
357 32 32 1000 191
358 32 128 800 139
359 8 32 400 185
360 8 320 800 126
361 8 128 1000 186
362 32 32 800 158
363 8 320 1000 177
364 32 32 5000 171
365 32 320 5000 124
366 8 32 400 177
367 8 128 1000 100
368 8 32 2000 117
369 32 32 800 121
370 8 320 1000 138
371 32 32 5000 108
372 8 320 1000 141
373 8 320 1000 164
374 8 320 2000 139
375 32 32 800 185
376 8 32 800 170
377 8 320 400 163
378 32 128 1000 106
379 8 32 1000 139
380 8 128 800 173
381 8 128 800 198
382 8 32 5000 127
383 8 32 800 153
384 8 320 2000 186
385 32 128 400 168
386 8 128 800 140
387 8 320 2000 114
388 8 320 5000 181
389 32 128 1000 170
390 32 128 2000 177
391 32 32 5000 189
392 32 320 2000 151
393 32 128 2000 172
394 32 320 400 124
395 8 32 400 191
396 32 32 5000 118
397 32 320 5000 94
398 32 32 2000 189
399 8 320 800 131
400 8 128 400 94
401 8 32 400 154
402 32 320 1000 193
403 32 32 400 126
404 32 32 800 198
405 32 320 2000 171
406 32 32 2000 105
407 8 128 5000 100
408 8 320 1000 116
409 32 320 2000 176
410 8 32 1000 90
411 32 32 2000 140
412 8 32 2000 129
413 8 128 400 115
414 8 128 2000 112
415 32 128 1000 187
416 8 32 5000 133
417 32 128 800 115
418 8 32 1000 90
419 32 32 800 153
420 32 320 2000 146
421 8 32 400 121
422 32 32 400 187
423 32 320 800 145
424 8 32 400 198
425 32 32 2000 166
426 8 128 5000 110
427 32 128 2000 116
428 32 32 800 104
429 32 128 2000 180
430 8 32 5000 108
431 32 320 400 154
432 8 320 800 199
433 8 128 1000 113
434 8 32 1000 105
435 32 128 5000 175
436 8 32 400 187
437 8 128 2000 150
438 8 320 1000 163
439 8 128 400 200
440 32 320 2000 173
441 8 320 2000 92
442 32 128 800 178
443 32 32 400 127
444 32 320 5000 148
445 8 320 800 162
446 32 32 1000 154
447 8 320 2000 181
448 8 128 2000 172
449 32 320 800 167
450 32 128 5000 144
451 8 320 2000 121
452 8 128 1000 179
453 32 128 400 129
454 32 32 2000 192
455 8 320 800 130
456 32 320 400 164
457 8 32 2000 125
458 32 320 400 197
459 32 32 400 137
460 8 32 1000 98
461 8 128 2000 143
462 8 128 400 142
463 32 128 2000 178
464 32 128 800 190
465 32 128 800 129
466 32 320 5000 172
467 32 128 5000 95
468 8 32 1000 129
469 32 128 400 184
470 32 128 1000 183
471 8 320 5000 90
472 32 128 1000 105
473 32 32 800 111
474 32 128 5000 161
475 32 320 5000 90
476 32 128 2000 176
477 8 320 400 172
478 8 128 800 163
479 32 128 400 103
480 32 320 1000 152
481 32 320 1000 176
482 32 32 400 171
483 8 320 400 105
484 8 128 2000 190
485 8 128 800 148
486 8 32 2000 125
487 8 128 800 166
488 32 32 5000 118
489 32 320 800 162
490 8 320 400 92
491 32 128 5000 91
492 8 320 2000 186
493 32 128 1000 195
494 8 32 1000 118
495 32 32 2000 187
496 8 32 5000 149
497 8 320 2000 128
498 32 128 5000 127
499 8 320 1000 198
500 32 32 2000 184
501 32 32 5000 110
502 32 32 2000 161
503 32 320 5000 172
504 32 128 2000 184
505 32 32 2000 129
506 32 128 400 122
507 32 320 400 120
508 32 32 400 198
509 8 320 1000 188
510 32 320 5000 138
511 32 128 1000 161
512 8 320 800 191
513 32 128 5000 95
514 32 320 400 142
515 8 128 400 97
516 32 32 400 185
517 32 128 2000 100
518 8 128 2000 183
519 8 32 800 194
520 32 32 800 165
521 8 32 400 152
522 32 320 2000 109
523 32 320 2000 198
524 32 128 400 106
525 8 128 400 175
526 32 32 2000 135
527 32 128 800 165
528 32 320 400 193
529 8 32 1000 178
530 8 128 400 148
531 8 32 1000 196
532 32 320 1000 120
533 32 32 800 189
534 8 128 400 144
535 32 32 1000 175
536 8 128 400 197
537 32 320 1000 198
538 32 32 800 185
539 32 320 5000 132
540 32 128 2000 189
541 8 320 800 166
542 32 320 400 117
543 32 320 800 156
544 8 128 2000 156
545 32 128 800 156
546 32 32 800 92
547 8 128 800 116
548 32 320 2000 138
549 32 32 800 99
550 32 320 1000 165
551 32 32 2000 194
552 8 320 400 118
553 8 128 2000 144
554 32 320 1000 101
555 32 320 800 173
556 32 128 800 120
557 32 320 400 114
558 32 128 800 98
559 8 320 400 170
560 8 320 2000 131
561 32 128 800 196
562 8 320 2000 175
563 8 320 800 193
564 32 32 1000 175
565 8 32 1000 134
566 32 32 2000 161
567 32 32 400 99
568 32 32 5000 177
569 32 32 2000 182
570 32 128 800 121
571 32 320 800 157
572 8 32 1000 98
573 8 128 1000 174
574 32 320 1000 141
575 8 128 400 180
576 32 128 400 113
577 32 320 800 190
578 8 320 1000 115
579 32 128 5000 193
580 32 128 800 170
581 32 128 1000 116
582 8 32 400 190
583 32 320 800 102
584 32 32 2000 160
585 32 128 2000 160
586 32 128 1000 170
587 8 32 800 184
588 8 320 800 192
589 32 32 800 164
590 32 320 400 165
591 8 128 400 184
592 32 32 2000 194
593 32 320 400 192
594 32 128 5000 165
595 32 128 800 132
596 8 32 400 152
597 8 128 800 111
598 32 320 2000 95
599 32 320 5000 96
600 8 320 1000 192
601 32 32 5000 100
602 8 32 800 199
603 32 32 400 127
604 32 128 400 156
605 8 320 800 140
606 32 320 2000 185
607 8 320 800 193
608 32 32 1000 115
609 8 128 800 142
610 32 320 5000 180
611 32 320 1000 145
612 32 32 1000 120
613 8 32 400 166
614 32 320 2000 112
615 32 320 5000 179
616 32 128 800 116
617 32 32 5000 97
618 8 32 1000 122
619 32 32 5000 149
620 32 320 1000 95
621 8 128 1000 150
622 8 128 5000 200
623 32 32 5000 172
624 32 32 400 152
625 32 128 800 104
626 32 32 2000 93
627 8 32 400 97
628 8 32 5000 180
629 8 128 1000 176
630 32 320 800 97
631 8 128 800 95
632 8 320 800 200
633 32 128 400 113
634 32 320 1000 158
635 8 320 400 129
636 8 128 5000 190
637 8 320 400 169
638 8 32 5000 125
639 32 320 5000 200
640 32 32 5000 150
641 32 32 1000 131
642 32 32 5000 171
643 32 32 5000 198
644 32 320 800 128
645 32 128 800 90
646 32 128 1000 176
647 32 32 2000 152
648 32 128 5000 132
649 8 320 5000 127
650 32 320 800 180
651 8 320 5000 192
652 8 320 2000 93
653 32 128 2000 171
654 32 32 800 171
655 32 128 2000 165
656 32 320 400 166
657 8 128 800 198
658 32 128 800 191
659 8 320 2000 134
660 8 32 5000 140
661 8 32 1000 144
662 32 320 2000 129
663 8 320 800 174
664 32 320 800 141
665 32 32 1000 110
666 8 320 5000 186
667 32 320 5000 98
668 8 320 400 134
669 8 128 5000 131
670 8 320 5000 185
671 8 32 2000 176
672 32 128 400 159
673 32 32 400 140
674 8 32 800 92
675 8 320 400 178
676 8 128 800 190
677 8 32 1000 115
678 8 32 1000 116
679 8 320 5000 189
680 32 32 2000 157
681 32 128 800 101
682 8 320 2000 105
683 32 320 800 100
684 8 320 800 167
685 32 320 1000 132
686 32 320 400 161
687 32 320 800 144
688 32 320 400 126
689 32 32 800 128
690 32 320 5000 190
691 32 32 1000 189
692 32 320 1000 192
693 8 32 1000 146
694 32 32 5000 149
695 32 32 400 181
696 32 320 5000 164
697 8 320 800 124
698 8 128 5000 131
699 8 32 2000 111
700 32 320 800 191
701 32 128 5000 134
702 32 32 800 169
703 8 128 1000 168
704 32 128 800 130
705 8 128 1000 190
706 32 32 1000 132
707 32 32 5000 124
708 32 32 5000 189
709 32 32 2000 164
710 32 320 2000 191
711 8 32 5000 145
712 8 320 400 166
713 32 320 2000 129
714 32 32 2000 114
715 8 32 800 192
716 32 128 5000 123
717 32 32 400 149
718 8 320 5000 103
719 8 128 5000 171
720 32 128 1000 183
721 32 320 5000 151
722 32 128 400 102
723 8 128 2000 108
724 8 32 1000 160
725 8 32 2000 163
726 32 32 800 104
727 8 128 400 111
728 32 32 2000 135
729 32 128 800 187
730 32 128 2000 180
731 8 128 400 169
732 32 320 800 96
733 32 320 5000 142
734 8 128 2000 180
735 8 320 5000 97
736 8 320 2000 168
737 8 320 800 112
738 32 320 400 176
739 32 32 800 117
740 32 128 5000 194
741 8 320 5000 132
742 32 32 5000 141
743 8 320 800 168
744 8 320 1000 141
745 8 320 5000 164
746 32 320 2000 160
747 32 32 1000 182
748 8 32 400 102
749 8 320 5000 175
750 8 320 800 163
751 32 128 2000 133
752 8 320 800 159
753 8 320 400 116
754 8 128 800 176
755 8 32 400 185
756 8 128 800 104
757 32 32 2000 90
758 8 32 1000 106
759 8 128 1000 182
760 32 320 1000 96
761 32 320 2000 138
762 8 320 5000 109
763 32 128 2000 159
764 32 320 5000 98
765 32 320 1000 167
766 32 128 1000 132
767 8 128 400 123
768 8 128 5000 143
769 32 320 400 151
770 8 128 5000 116
771 32 320 1000 110
772 32 128 1000 131
773 8 320 2000 125
774 8 128 1000 128
775 8 32 5000 124
776 32 128 800 139
777 32 32 5000 172
778 32 320 800 118
779 8 32 5000 153
780 32 32 1000 135
781 32 128 1000 166
782 32 128 1000 194
783 8 32 5000 134
784 8 320 2000 154
785 32 320 400 94
786 32 32 5000 142
787 32 320 400 117
788 8 32 1000 156
789 32 32 1000 130
790 8 128 800 172
791 32 320 800 176
792 32 32 400 104
793 32 32 800 146
794 8 32 400 113
795 32 32 800 135
796 32 128 400 144
797 8 32 2000 144
798 8 128 400 165
799 32 320 400 200
800 32 128 2000 124
801 32 128 5000 98
802 32 32 2000 160
803 32 32 1000 116
804 8 320 800 195
805 8 32 5000 163
806 32 128 5000 112
807 32 32 400 145
808 8 128 400 160
809 8 128 800 103
810 8 320 800 120
811 32 32 1000 133
812 32 128 1000 184
813 32 128 2000 157
814 8 32 400 185
815 8 128 1000 98
816 8 32 400 103
817 8 128 400 123
818 8 320 800 189
819 8 32 400 117
820 32 320 800 161
821 32 128 400 109
822 32 32 800 92
823 8 320 5000 143
824 32 32 400 168
825 8 128 1000 102
826 8 32 400 154
827 32 320 2000 173
828 32 32 400 103
829 32 128 2000 197
830 32 128 1000 140
831 8 128 2000 164
832 32 128 800 93
833 8 32 2000 152
834 8 128 400 158
835 32 128 400 165
836 32 32 5000 108
837 8 128 5000 183
838 32 32 800 181
839 8 32 800 163
840 8 320 800 101
841 8 320 400 161
842 8 320 400 127
843 32 32 800 113
844 32 128 2000 128
845 8 128 400 139
846 32 32 800 196
847 32 32 2000 176
848 8 32 800 178
849 8 32 800 171
850 8 320 2000 194
851 8 128 5000 140
852 8 320 400 196
853 32 128 800 142
854 32 320 800 178
855 8 128 1000 180
856 32 320 400 145
857 8 320 5000 100
858 32 32 5000 110
859 32 32 800 182
860 8 128 800 176
861 8 32 800 136
862 32 128 1000 177
863 8 320 800 141
864 8 320 1000 168
865 32 32 800 155
866 32 128 400 160
867 8 320 2000 172
868 32 32 400 160
869 32 320 5000 128
870 8 32 2000 177
871 8 32 2000 95
872 32 128 800 110
873 32 128 800 147
874 8 32 1000 161
875 32 32 5000 178
876 8 32 1000 141
877 8 128 1000 154
878 32 320 1000 190
879 8 32 2000 121
880 8 32 1000 192
415
0 670 48 147
3 322 53 148
4 648 44 138
5 763 52 109
7 823 48 162
7 238 68 92
7 156 45 90
7 413 69 198
8 874 65 174
8 842 63 132
9 845 70 179
9 454 70 143
9 457 47 193
10 761 58 92
10 559 65 190
15 777 52 163
16 582 63 182
17 732 47 198
18 305 61 132
18 524 67 145
18 330 51 90
20 75 54 185
21 680 68 93
22 224 54 164
24 383 47 144
24 264 69 162
24 250 42 128
26 159 43 133
27 487 49 119
27 719 63 175
29 510 48 121
29 542 51 199
31 316 49 127
34 322 63 161
37 508 52 159
38 527 59 132
38 472 47 177
38 106 51 156
39 877 47 154
42 587 40 126
43 450 63 196
43 231 53 151
44 663 45 139
44 526 40 140
45 775 41 168
45 646 58 166
46 225 62 156
47 704 53 120
47 786 59 102
47 483 53 112
47 306 47 111
50 80 53 152
51 522 68 193
52 288 61 128
52 406 60 90
55 340 49 133
55 60 56 188
56 535 68 149
57 683 68 136
57 180 59 176
57 260 50 103
58 683 40 125
61 881 40 164
61 104 66 111
62 806 61 195
63 729 51 193
63 232 61 196
63 569 60 108
65 572 49 141
66 190 46 176
67 403 44 94
70 253 41 147
72 454 54 196
76 346 41 156
77 459 54 169
77 579 66 176
80 704 54 166
82 564 56 198
83 416 55 170
84 477 64 111
84 771 58 115
86 716 68 178
86 713 67 141
90 145 49 130
91 180 48 183
93 825 45 135
93 490 52 133
95 271 52 140
96 678 47 144
96 251 68 141
96 277 56 117
98 386 44 134
99 413 40 177
99 242 67 92
99 384 47 115
101 549 42 160
103 181 56 111
104 425 59 107
105 575 47 186
107 546 63 151
107 337 67 199
108 491 68 187
109 771 68 120
112 123 44 191
112 183 43 180
114 296 59 145
114 774 44 200
114 691 61 131
115 407 42 133
117 352 54 137
118 643 44 183
119 667 57 124
119 676 43 187
120 165 55 195
121 762 51 103
122 203 41 173
123 656 70 157
123 861 50 162
124 793 44 134
125 256 65 196
126 141 44 185
126 264 62 196
128 314 66 180
128 359 53 98
131 207 64 184
132 330 55 150
132 872 40 100
133 466 54 171
133 164 53 127
133 490 61 137
134 537 40 132
138 222 59 183
139 638 40 137
141 787 43 119
143 595 41 156
143 744 64 132
144 649 63 172
147 247 63 152
149 730 57 166
150 181 42 168
154 559 64 114
156 329 60 184
156 850 45 142
157 410 70 187
157 876 70 175
160 385 67 104
162 862 53 148
162 671 67 168
163 303 49 184
163 605 69 166
163 350 44 179
163 868 48 110
167 540 58 192
172 494 61 125
173 852 43 104
174 464 42 197
175 635 49 136
176 306 47 92
176 538 67 197
177 594 53 109
178 577 66 152
178 612 43 189
180 482 50 142
180 220 42 191
180 568 42 117
183 196 42 124
184 722 46 93
187 284 59 109
188 663 47 107
188 274 54 159
188 428 43 169
190 692 57 154
190 723 56 187
190 537 57 180
196 486 55 187
197 333 43 200
202 259 42 193
206 524 53 145
206 417 41 105
206 738 48 109
208 765 49 103
216 673 49 200
218 312 66 120
219 349 49 100
229 863 63 115
230 734 44 185
230 243 63 145
236 457 61 156
239 816 70 184
239 770 65 186
239 240 70 151
242 359 65 187
243 397 51 112
243 829 64 91
248 862 60 170
249 393 68 194
249 632 55 136
250 302 69 133
251 584 41 119
253 536 67 188
255 465 61 120
258 498 67 185
259 497 66 120
261 397 60 96
262 868 64 185
263 300 55 130
263 802 68 189
265 377 58 125
266 832 63 187
266 303 48 180
266 670 58 199
269 637 53 150
270 389 48 105
270 709 50 179
271 865 49 167
271 669 40 182
272 453 65 170
273 817 43 152
274 376 51 108
279 857 44 173
280 743 66 183
280 756 60 140
281 330 55 164
282 819 48 116
282 565 66 128
285 648 54 185
288 738 55 181
288 742 59 94
289 627 67 185
291 535 44 99
291 323 68 147
292 843 55 191
293 588 63 93
297 667 59 147
301 866 50 188
301 875 48 165
302 772 54 97
304 656 57 157
308 564 67 101
311 663 43 90
311 347 70 141
318 417 53 127
320 755 60 184
322 852 40 193
325 343 47 195
325 662 59 128
327 847 59 143
328 539 60 181
333 691 68 190
337 478 49 126
353 692 41 190
355 368 63 162
355 508 41 130
356 601 63 158
358 846 53 168
358 742 69 103
360 659 65 116
360 848 51 167
363 823 42 102
365 717 51 140
366 781 60 116
368 545 56 184
371 582 49 146
373 405 43 164
374 518 47 191
374 472 60 114
375 515 64 149
375 649 67 168
377 602 40 125
378 584 65 160
382 710 61 130
383 557 40 184
383 840 55 167
386 467 55 133
388 455 42 152
390 674 62 101
390 763 52 189
390 674 48 110
391 397 66 122
394 815 42 141
395 823 54 188
398 723 55 100
399 571 67 113
400 735 42 161
402 761 54 96
404 420 41 187
404 875 44 134
405 630 70 186
406 845 50 179
408 806 64 165
411 434 42 119
411 538 48 145
412 499 57 99
417 569 68 127
417 425 42 99
418 455 59 168
421 717 65 157
421 488 70 110
426 643 52 159
427 646 68 146
427 841 47 137
428 534 43 104
429 474 61 126
431 746 59 194
436 741 54 102
438 763 51 96
439 736 51 113
443 752 53 169
454 563 68 90
456 589 55 183
457 519 59 169
458 611 50 97
459 801 46 190
463 476 40 110
465 623 51 109
465 783 45 106
466 842 52 170
470 644 60 125
472 741 47 165
473 522 50 175
474 705 47 173
476 775 52 200
477 803 52 104
481 721 58 160
488 529 49 120
491 537 52 113
495 619 70 190
500 799 66 197
501 830 47 138
503 792 43 153
505 608 42 160
505 686 56 92
508 721 45 200
513 570 48 190
515 852 50 136
516 677 68 132
519 685 57 93
519 600 42 146
520 793 66 162
523 620 49 147
525 533 68 159
527 704 45 159
528 862 40 187
531 765 63 169
531 532 43 111
531 545 60 185
534 663 69 191
536 838 45 112
538 861 40 167
539 813 41 164
540 684 61 154
542 603 70 149
543 599 55 182
546 634 57 139
555 844 67 147
558 753 60 106
560 783 45 187
567 784 54 145
572 837 44 125
575 686 53 169
577 839 62 94
579 730 45 181
579 666 62 112
581 591 52 94
584 629 57 159
584 627 50 145
598 790 58 144
600 612 56 191
606 772 46 154
612 754 43 105
614 660 65 141
615 745 70 108
616 688 51 131
618 839 62 102
618 652 54 90
622 693 65 94
626 772 40 159
628 842 43 121
632 683 48 190
633 722 45 145
640 643 60 113
641 719 69 91
642 644 57 147
644 668 63 167
645 792 61 179
648 712 53 137
653 783 62 147
653 872 62 191
655 659 43 157
656 763 50 188
672 730 60 173
672 816 51 166
681 825 51 161
682 785 51 196
693 709 64 152
695 840 67 112
698 738 47 167
705 757 54 127
712 742 64 197
717 734 54 200
720 756 59 92
733 770 62 196
738 849 60 145
740 871 45 174
743 757 42 130
762 809 67 114
779 821 62 192
787 876 62 90
796 809 62 101
797 856 60 143
802 804 40 149
816 855 67 196
838 877 68 129
854 880 47 99
860 862 54 178