836
0 32 96 5000 188
1 32 64 2000 146
2 16 96 2000 149
3 16 64 5000 101
4 16 40 400 132
5 16 64 2000 192
6 32 96 400 112
7 16 40 5000 192
8 32 96 400 195
9 32 96 800 101
10 32 40 5000 176
11 32 40 400 150
12 32 64 2000 115
13 16 64 5000 104
14 16 40 2000 173
15 16 64 1000 104
16 16 40 5000 138
17 32 64 1000 114
18 32 96 5000 187
19 32 64 1000 94
20 16 64 2000 136
21 16 40 800 105
22 16 40 2000 182
23 16 40 1000 154
24 32 96 400 118
25 16 64 2000 123
26 16 64 800 178
27 16 96 400 99
28 32 96 5000 198
29 16 64 800 173
30 32 96 2000 105
31 32 96 1000 91
32 16 96 400 102
33 16 40 2000 126
34 16 96 1000 118
35 16 40 800 103
36 32 40 1000 138
37 16 96 2000 134
38 16 64 5000 130
39 32 64 2000 168
40 16 64 400 90
41 32 40 5000 164
42 32 40 800 147
43 16 64 2000 172
44 32 96 400 191
45 16 96 2000 165
46 16 40 5000 172
47 32 96 5000 179
48 32 96 2000 180
49 32 64 2000 172
50 32 96 1000 167
51 16 96 400 182
52 32 64 1000 100
53 32 40 5000 145
54 32 96 5000 186
55 32 40 400 173
56 32 64 5000 97
57 32 40 2000 128
58 16 64 5000 171
59 32 96 1000 95
60 16 64 1000 90
61 16 96 2000 153
62 32 96 5000 174
63 16 96 400 200
64 16 64 1000 104
65 16 64 800 143
66 16 40 2000 192
67 32 40 1000 199
68 16 96 2000 122
69 32 96 400 135
70 16 64 1000 167
71 16 40 5000 107
72 16 40 5000 199
73 16 40 800 93
74 32 96 1000 197
75 16 64 5000 129
76 32 64 1000 121
77 32 96 800 170
78 16 40 400 169
79 16 96 800 176
80 32 64 400 157
81 16 64 400 182
82 32 64 2000 135
83 32 64 2000 140
84 32 64 5000 90
85 32 40 5000 135
86 32 96 2000 117
87 16 64 1000 154
88 32 64 400 188
89 32 96 1000 174
90 32 40 5000 106
91 16 40 1000 180
92 16 96 800 135
93 32 64 1000 170
94 16 40 400 108
95 32 64 5000 158
96 32 40 1000 90
97 32 64 800 104
98 32 40 5000 141
99 32 40 5000 198
100 16 96 400 151
101 16 96 2000 104
102 16 96 5000 163
103 32 96 400 98
104 32 96 1000 159
105 16 96 400 153
106 16 64 800 175
107 16 40 2000 159
108 16 96 1000 119
109 32 40 5000 184
110 32 96 400 103
111 32 64 1000 111
112 32 64 2000 184
113 32 64 400 173
114 32 40 800 103
115 32 64 400 114
116 16 96 800 118
117 16 64 800 172
118 16 64 400 156
119 32 40 400 100
120 32 64 800 159
121 32 40 5000 93
122 32 64 5000 150
123 16 64 800 186
124 32 40 1000 94
125 16 64 1000 172
126 32 40 800 122
127 32 40 5000 171
128 32 64 800 157
129 16 96 5000 142
130 32 96 2000 90
131 32 64 1000 93
132 16 64 1000 95
133 32 40 5000 141
134 32 96 2000 93
135 16 40 800 193
136 32 64 1000 94
137 32 96 5000 132
138 32 96 800 90
139 32 40 800 144
140 32 64 1000 134
141 16 64 400 95
142 32 96 2000 93
143 32 96 2000 153
144 16 64 1000 191
145 32 40 400 90
146 32 64 2000 195
147 32 96 1000 159
148 32 64 800 92
149 32 96 5000 111
150 32 96 1000 117
151 16 96 1000 127
152 16 40 2000 108
153 16 64 1000 126
154 16 64 5000 136
155 16 40 5000 106
156 16 64 400 109
157 16 64 1000 192
158 16 96 800 149
159 16 40 5000 148
160 16 64 800 153
161 32 96 2000 160
162 16 64 800 105
163 16 40 1000 179
164 16 64 1000 99
165 32 96 400 136
166 16 64 5000 181
167 32 96 2000 138
168 16 40 800 107
169 16 64 400 107
170 16 64 5000 184
171 16 40 2000 160
172 32 96 400 97
173 16 64 2000 200
174 32 64 5000 103
175 16 64 5000 121
176 16 64 5000 131
177 16 96 5000 90
178 32 40 2000 112
179 32 96 800 160
180 32 40 800 139
181 32 96 1000 186
182 32 64 2000 135
183 32 64 400 137
184 16 40 2000 122
185 32 40 400 111
186 16 64 400 129
187 16 40 5000 178
188 32 40 2000 130
189 16 96 400 101
190 32 40 1000 123
191 32 96 2000 146
192 32 96 5000 97
193 32 96 800 136
194 32 40 5000 114
195 32 64 1000 121
196 16 40 800 107
197 32 64 800 93
198 32 96 2000 133
199 32 40 2000 136
200 32 64 2000 149
201 32 64 400 114
202 16 96 400 102
203 16 64 2000 166
204 32 64 1000 112
205 32 40 5000 167
206 16 96 400 115
207 32 64 800 125
208 16 96 5000 124
209 32 40 800 121
210 32 96 5000 161
211 32 40 400 150
212 32 96 800 154
213 32 64 800 111
214 32 64 400 101
215 16 40 5000 143
216 16 96 1000 109
217 16 64 1000 144
218 16 40 5000 197
219 32 96 400 179
220 32 96 1000 125
221 16 40 400 99
222 16 64 5000 180
223 16 64 800 163
224 32 96 400 150
225 16 64 400 153
226 32 64 800 95
227 16 40 2000 164
228 32 64 2000 166
229 32 96 1000 108
230 32 96 5000 133
231 16 64 5000 167
232 32 40 2000 142
233 16 64 1000 112
234 32 64 800 94
235 16 64 800 121
236 32 96 1000 131
237 16 96 5000 156
238 32 40 800 164
239 16 96 5000 200
240 16 64 400 149
241 32 40 2000 128
242 16 64 400 100
243 32 96 5000 174
244 32 96 2000 164
245 32 96 1000 196
246 32 96 2000 198
247 16 96 2000 127
248 16 64 2000 184
249 16 96 800 112
250 16 64 5000 167
251 16 40 2000 123
252 16 64 800 123
253 16 64 2000 95
254 16 40 2000 179
255 16 40 5000 197
256 32 96 800 128
257 32 96 5000 90
258 32 96 2000 91
259 32 96 1000 135
260 16 96 5000 141
261 32 40 800 120
262 32 96 5000 111
263 32 96 2000 150
264 32 96 5000 165
265 32 64 400 184
266 16 40 2000 150
267 16 64 2000 102
268 32 64 5000 187
269 16 40 1000 180
270 32 96 800 200
271 32 64 400 108
272 32 96 2000 139
273 32 40 1000 118
274 32 40 1000 181
275 32 64 400 133
276 16 40 400 95
277 32 40 2000 114
278 16 96 1000 161
279 32 40 800 131
280 16 40 1000 179
281 32 96 800 186
282 16 64 5000 96
283 32 96 1000 123
284 16 40 5000 170
285 32 96 5000 153
286 32 96 2000 173
287 16 40 1000 152
288 16 40 800 175
289 32 64 2000 160
290 16 96 800 156
291 32 96 400 163
292 16 64 5000 187
293 16 96 2000 158
294 32 40 2000 169
295 32 64 5000 196
296 32 40 5000 196
297 16 96 1000 94
298 32 64 400 109
299 32 40 1000 99
300 16 64 2000 100
301 32 40 1000 191
302 16 40 400 174
303 16 96 800 175
304 16 64 1000 118
305 16 64 2000 131
306 32 96 5000 161
307 32 40 800 143
308 32 40 400 173
309 32 40 1000 103
310 16 64 2000 181
311 16 64 800 150
312 16 64 800 124
313 16 64 5000 148
314 16 40 5000 113
315 16 96 5000 159
316 32 64 5000 147
317 16 96 2000 92
318 32 64 1000 141
319 16 96 2000 103
320 16 96 2000 137
321 32 64 2000 178
322 32 64 800 195
323 32 64 400 90
324 16 40 5000 158
325 32 96 800 171
326 32 40 5000 108
327 16 96 400 145
328 32 64 5000 175
329 16 96 2000 158
330 32 40 400 144
331 32 96 2000 163
332 32 40 2000 101
333 16 96 1000 152
334 32 40 2000 106
335 32 96 2000 197
336 32 96 800 90
337 16 96 5000 192
338 32 96 5000 133
339 16 96 2000 127
340 16 64 2000 143
341 16 96 400 157
342 32 96 5000 189
343 16 96 800 197
344 32 96 5000 116
345 16 64 800 124
346 32 40 800 108
347 32 40 1000 129
348 16 40 2000 194
349 16 40 1000 177
350 32 40 800 200
351 16 96 2000 99
352 32 40 800 128
353 16 64 5000 150
354 32 40 800 196
355 16 64 2000 129
356 32 40 2000 185
357 16 64 5000 132
358 32 64 5000 104
359 16 40 1000 189
360 32 64 400 126
361 16 40 5000 197
362 16 40 400 140
363 32 64 400 140
364 16 40 1000 151
365 32 96 800 191
366 32 96 1000 101
367 32 40 400 176
368 16 40 800 161
369 32 64 800 167
370 16 64 800 111
371 32 40 400 124
372 16 40 400 192
373 16 64 2000 190
374 32 40 5000 164
375 16 64 5000 179
376 16 64 1000 115
377 32 40 2000 186
378 32 40 400 118
379 16 96 800 139
380 16 64 400 194
381 32 96 5000 193
382 32 96 1000 165
383 16 96 400 142
384 32 64 800 178
385 32 40 5000 137
386 16 64 400 155
387 16 96 1000 159
388 32 96 1000 102
389 32 64 400 167
390 16 64 1000 161
391 32 96 400 197
392 16 40 5000 119
393 32 96 400 134
394 16 64 800 130
395 32 96 5000 155
396 16 40 400 95
397 16 64 5000 129
398 16 96 400 124
399 32 40 2000 140
400 16 64 400 131
401 16 64 2000 125
402 32 40 5000 158
403 32 96 400 140
404 32 96 1000 93
405 16 64 5000 119
406 32 64 5000 108
407 32 40 5000 183
408 16 64 2000 121
409 16 96 1000 115
410 16 64 5000 122
411 32 40 2000 173
412 16 96 1000 158
413 32 64 800 98
414 16 96 800 176
415 32 96 1000 179
416 16 40 1000 108
417 16 40 800 194
418 32 64 800 146
419 32 64 2000 148
420 16 40 1000 161
421 16 64 2000 169
422 32 96 800 108
423 32 64 1000 100
424 16 40 400 133
425 32 96 1000 100
426 16 40 1000 133
427 32 64 800 120
428 16 96 5000 139
429 32 96 1000 104
430 32 96 2000 116
431 32 96 1000 94
432 32 64 400 133
433 32 64 1000 103
434 32 40 2000 107
435 16 40 5000 92
436 16 96 800 118
437 32 40 400 186
438 16 64 5000 195
439 16 96 5000 134
440 16 96 800 199
441 32 64 1000 128
442 16 64 400 101
443 16 96 400 198
444 16 96 800 142
445 32 64 400 115
446 16 40 5000 172
447 32 64 2000 180
448 16 40 1000 179
449 32 96 2000 91
450 32 40 2000 92
451 32 40 400 180
452 32 40 2000 139
453 32 96 2000 179
454 16 64 1000 197
455 32 40 400 188
456 32 96 5000 162
457 16 96 5000 160
458 16 40 2000 113
459 32 96 1000 132
460 32 64 800 148
461 32 96 2000 154
462 16 64 2000 177
463 16 96 400 199
464 32 40 2000 133
465 16 96 1000 159
466 32 96 400 139
467 16 96 1000 163
468 16 64 800 112
469 32 64 2000 153
470 16 96 5000 165
471 16 96 2000 118
472 32 96 2000 132
473 32 40 2000 166
474 32 96 800 121
475 16 40 1000 156
476 32 96 1000 108
477 32 64 2000 174
478 32 40 5000 153
479 32 64 1000 138
480 32 64 5000 163
481 16 64 1000 198
482 32 40 2000 91
483 32 64 400 127
484 16 40 1000 184
485 32 96 800 139
486 32 40 2000 160
487 16 64 2000 124
488 16 64 800 171
489 32 40 2000 107
490 32 40 2000 154
491 16 64 5000 186
492 16 96 5000 99
493 32 64 2000 104
494 32 40 400 96
495 16 96 400 157
496 32 64 400 134
497 32 40 400 148
498 16 96 5000 140
499 16 96 2000 133
500 16 40 2000 164
501 16 64 800 120
502 16 96 400 92
503 16 64 5000 99
504 32 64 800 104
505 16 96 2000 132
506 16 64 2000 171
507 16 40 1000 147
508 32 96 2000 181
509 16 40 400 147
510 32 40 400 172
511 32 96 1000 162
512 32 96 1000 188
513 32 40 400 141
514 16 96 2000 197
515 16 96 2000 146
516 32 64 5000 188
517 32 64 2000 148
518 32 40 1000 186
519 16 96 800 126
520 32 96 2000 141
521 32 64 2000 112
522 16 40 400 194
523 32 40 800 121
524 16 40 1000 181
525 32 40 400 173
526 32 40 1000 110
527 16 64 5000 171
528 32 40 400 187
529 32 96 400 131
530 32 40 2000 115
531 32 40 5000 136
532 16 64 800 123
533 16 40 400 159
534 32 64 400 144
535 16 40 400 153
536 32 40 2000 115
537 16 96 2000 176
538 16 64 800 168
539 32 96 400 126
540 32 64 5000 96
541 32 96 2000 196
542 16 40 400 109
543 32 40 400 190
544 16 96 400 136
545 16 64 1000 162
546 32 64 5000 162
547 32 40 800 108
548 16 64 2000 161
549 32 96 1000 132
550 32 96 400 163
551 16 40 5000 192
552 16 40 5000 124
553 32 64 2000 151
554 32 64 1000 178
555 32 40 2000 189
556 32 64 400 109
557 16 64 400 125
558 16 64 2000 120
559 32 96 5000 148
560 32 96 1000 128
561 32 40 1000 196
562 32 64 2000 198
563 32 40 1000 144
564 16 96 400 163
565 32 64 1000 137
566 32 40 2000 90
567 32 64 400 150
568 32 96 800 148
569 16 40 2000 149
570 16 40 2000 142
571 32 64 400 196
572 32 40 400 152
573 32 40 2000 150
574 16 96 2000 97
575 16 40 5000 187
576 32 64 5000 149
577 32 96 800 198
578 16 96 5000 171
579 32 64 400 109
580 16 40 5000 94
581 16 64 800 183
582 32 64 800 194
583 16 64 2000 184
584 32 96 5000 128
585 32 40 5000 144
586 16 40 400 168
587 16 64 400 194
588 16 64 2000 94
589 32 96 800 109
590 32 96 5000 174
591 32 40 1000 125
592 16 96 800 143
593 16 40 1000 173
594 32 96 2000 147
595 32 40 400 153
596 32 96 400 175
597 32 96 2000 165
598 16 96 2000 143
599 16 64 1000 132
600 32 40 800 105
601 32 64 400 95
602 16 96 1000 190
603 32 64 1000 107
604 16 40 1000 144
605 16 96 1000 90
606 32 96 1000 171
607 16 40 5000 95
608 16 64 5000 200
609 32 96 2000 200
610 16 64 1000 183
611 32 40 400 143
612 16 40 1000 102
613 32 40 1000 130
614 16 96 800 114
615 32 40 800 185
616 32 64 5000 109
617 16 40 5000 197
618 32 64 800 108
619 32 64 800 106
620 16 40 800 113
621 32 40 1000 149
622 16 64 1000 130
623 32 96 800 127
624 32 96 800 174
625 32 96 400 101
626 16 64 1000 190
627 32 64 2000 129
628 32 64 1000 195
629 16 40 800 130
630 16 64 1000 133
631 16 40 400 136
632 32 64 5000 114
633 16 40 400 104
634 32 40 800 186
635 32 96 1000 98
636 16 64 2000 143
637 16 40 5000 176
638 16 64 800 142
639 16 96 2000 92
640 16 64 800 134
641 16 40 2000 193
642 32 96 5000 131
643 32 40 400 189
644 16 40 1000 98
645 16 64 400 96
646 32 64 800 132
647 32 64 5000 155
648 32 96 5000 124
649 32 40 5000 166
650 32 96 5000 143
651 16 96 400 185
652 16 40 2000 195
653 32 96 400 117
654 16 40 5000 133
655 16 96 2000 148
656 16 40 5000 160
657 32 96 400 170
658 16 64 5000 111
659 32 64 2000 173
660 16 96 1000 105
661 32 40 800 128
662 32 64 400 145
663 32 64 2000 162
664 16 64 2000 194
665 16 40 2000 120
666 32 40 2000 139
667 32 64 1000 147
668 16 40 2000 107
669 32 64 1000 163
670 32 96 800 164
671 16 64 1000 143
672 16 40 800 199
673 16 96 400 128
674 32 64 1000 111
675 16 64 800 142
676 32 96 800 178
677 16 64 2000 193
678 16 64 400 102
679 16 64 400 100
680 16 64 5000 97
681 32 96 400 170
682 32 64 5000 126
683 32 96 400 126
684 16 40 800 165
685 32 40 5000 148
686 32 64 2000 172
687 16 96 800 113
688 32 64 1000 120
689 32 96 400 173
690 32 40 5000 98
691 32 40 800 113
692 32 40 400 113
693 32 96 5000 118
694 32 96 2000 166
695 32 64 400 141
696 32 96 400 158
697 16 96 400 133
698 32 40 400 136
699 16 40 5000 164
700 32 96 800 119
701 16 96 400 116
702 16 40 2000 118
703 32 64 400 116
704 16 40 800 138
705 16 40 400 189
706 32 64 1000 103
707 16 40 1000 190
708 16 96 5000 198
709 16 40 1000 142
710 32 64 800 120
711 16 40 5000 91
712 32 96 400 110
713 16 40 2000 145
714 32 64 1000 188
715 16 64 400 90
716 16 40 2000 193
717 32 64 2000 121
718 32 64 2000 171
719 16 96 5000 170
720 32 40 800 190
721 32 96 2000 90
722 16 96 5000 113
723 32 64 5000 111
724 16 96 400 146
725 16 40 5000 141
726 16 96 5000 107
727 32 40 2000 134
728 16 40 2000 174
729 16 96 1000 99
730 16 96 2000 96
731 16 40 1000 103
732 32 64 400 140
733 16 64 1000 148
734 32 64 400 173
735 32 64 800 161
736 16 96 5000 160
737 32 96 800 180
738 32 96 400 102
739 16 96 2000 139
740 16 96 800 120
741 16 64 2000 122
742 32 64 1000 173
743 16 96 1000 200
744 16 64 800 195
745 16 64 2000 132
746 32 96 1000 199
747 32 64 2000 130
748 16 64 2000 107
749 32 64 2000 185
750 32 40 1000 123
751 32 64 2000 110
752 16 40 400 104
753 16 96 800 160
754 32 64 800 161
755 32 96 400 152
756 16 64 2000 163
757 16 96 400 107
758 16 96 1000 121
759 32 64 2000 138
760 16 64 2000 198
761 32 40 2000 159
762 16 40 400 137
763 16 40 1000 148
764 32 96 2000 135
765 32 40 400 172
766 32 64 5000 110
767 16 64 5000 142
768 32 40 5000 134
769 32 64 400 137
770 32 64 5000 189
771 32 40 400 182
772 32 40 800 172
773 16 40 800 99
774 16 40 400 191
775 16 64 1000 180
776 32 40 2000 146
777 16 96 2000 174
778 16 40 1000 94
779 32 96 5000 199
780 32 96 400 132
781 16 40 5000 95
782 32 64 1000 149
783 16 96 5000 140
784 32 40 2000 174
785 32 64 400 171
786 32 96 800 138
787 32 64 800 152
788 32 96 5000 141
789 16 96 5000 162
790 16 40 5000 186
791 32 64 1000 177
792 16 96 800 173
793 32 40 400 172
794 32 40 1000 200
795 16 96 5000 174
796 16 96 800 113
797 32 40 400 106
798 16 96 2000 175
799 16 64 800 183
800 32 40 400 157
801 16 96 800 106
802 32 96 2000 128
803 16 64 1000 179
804 32 64 5000 150
805 16 96 1000 103
806 16 96 2000 190
807 32 96 800 121
808 16 96 5000 180
809 32 40 2000 163
810 32 40 5000 174
811 32 64 400 139
812 16 96 5000 166
813 16 96 2000 129
814 16 64 1000 197
815 16 40 2000 126
816 16 96 5000 167
817 32 96 5000 142
818 16 64 1000 180
819 32 64 400 117
820 32 96 1000 188
821 16 96 5000 185
822 16 64 1000 161
823 32 96 400 164
824 16 40 5000 96
825 16 40 5000 156
826 16 40 800 117
827 32 96 2000 163
828 16 64 1000 155
829 16 64 2000 156
830 32 96 800 184
831 32 40 5000 92
832 32 64 2000 185
833 16 96 800 140
834 16 40 2000 170
835 16 96 1000 107
208
3 199 52 160
10 408 42 144
12 454 58 169
17 612 44 110
18 645 51 185
19 816 43 164
23 746 60 181
24 69 62 139
25 269 42 172
30 55 43 155
31 64 63 123
32 191 47 175
33 159 70 177
34 466 70 167
35 583 68 198
36 342 63 168
36 767 42 136
38 367 56 92
39 829 41 148
41 496 47 142
42 167 63 155
46 521 52 113
46 536 54 154
47 447 46 106
51 663 51 179
52 265 62 93
58 549 54 186
59 671 64 100
60 508 48 153
61 148 58 106
61 69 47 161
62 434 43 180
63 484 67 120
63 351 65 114
64 225 54 194
67 479 48 197
69 591 55 188
70 244 48 128
83 583 67 111
84 265 66 125
84 371 65 93
87 832 70 175
95 256 62 174
97 240 47 134
100 461 44 158
101 816 48 100
109 166 50 100
118 810 56 133
118 241 68 150
119 348 52 99
119 575 40 110
120 396 61 102
124 467 57 156
131 241 55 168
131 768 54 169
137 366 40 179
137 385 64 176
139 648 58 127
139 560 64 170
140 469 42 118
141 475 60 175
147 206 56 124
151 793 50 171
152 605 57 159
155 309 64 117
158 296 62 144
161 181 45 157
163 766 54 153
163 512 50 171
163 677 59 165
168 723 61 157
170 171 63 149
170 649 40 175
172 753 63 124
172 567 52 142
174 323 41 143
174 739 44 196
175 788 65 99
178 378 69 106
178 185 64 106
180 236 57 169
184 266 45 197
184 689 63 162
186 440 49 188
188 510 65 165
193 667 46 145
198 431 59 170
202 652 54 182
202 319 51 109
202 746 50 113
203 260 59 164
203 584 40 181
204 311 47 171
207 513 51 143
210 712 53 187
214 382 64 92
227 317 70 142
229 767 53 152
231 610 52 183
232 358 67 131
234 540 43 109
235 807 57 120
236 832 47 97
240 402 48 139
240 281 70 133
242 373 41 170
249 705 66 163
250 752 58 186
254 280 51 101
255 356 60 99
256 460 60 151
257 675 46 175
260 376 70 194
267 480 63 125
272 433 62 147
273 397 50 149
276 376 44 198
277 387 40 108
281 594 63 151
284 479 52 191
285 690 41 180
290 363 57 161
292 658 42 134
298 517 65 128
299 835 55 118
300 732 55 178
307 747 47 183
308 609 56 167
312 777 66 192
314 813 41 170
315 676 63 99
319 389 49 187
320 579 69 159
330 464 48 140
336 482 52 186
344 758 70 109
346 475 59 192
346 406 42 132
352 450 41 111
354 475 61 136
364 729 56 115
369 445 47 162
371 495 65 90
375 497 56 198
379 677 48 137
379 793 48 107
381 783 48 92
387 607 47 114
389 614 58 154
390 468 50 162
393 462 48 189
395 789 41 97
396 760 59 118
413 703 60 193
418 678 54 141
424 549 48 145
425 462 69 108
435 689 65 112
439 737 67 147
443 787 66 195
445 478 56 198
450 590 60 166
450 824 57 107
458 675 57 158
466 515 46 152
467 733 58 197
471 597 47 121
473 584 52 160
479 556 45 172
482 706 61 105
494 806 47 99
501 784 44 174
502 724 41 193
511 828 50 121
516 617 52 122
538 656 61 105
546 777 62 173
546 758 56 119
549 677 67 116
560 793 61 141
564 833 48 93
565 701 69 147
580 591 46 171
589 664 49 187
591 648 52 184
600 636 43 184
608 611 66 95
609 661 46 155
615 716 70 145
623 719 63 158
637 810 58 160
642 793 65 189
643 721 56 149
647 778 52 151
685 687 44 108
686 773 56 93
691 737 63 161
701 809 40 174
703 798 69 104
710 719 67 145
715 775 51 96
716 725 44 94
720 834 62 140
729 747 69 108
776 779 44 100
785 800 46 167
785 794 45 167
802 818 64 185