598
0 16 128 200 83
1 16 8 2000 87
2 4 8 200 84
3 16 8 100 87
4 64 128 1000 75
5 4 64 100 95
6 32 128 100 42
7 16 8 2000 66
8 16 16 500 61
9 32 64 1000 82
10 32 64 2000 59
11 4 8 100 93
12 64 8 200 44
13 16 16 2000 81
14 4 128 500 85
15 16 64 100 43
16 4 128 1000 52
17 4 64 200 37
18 4 8 100 33
19 64 8 100 59
20 32 128 500 72
21 4 64 100 66
22 64 64 1000 79
23 4 8 100 57
24 16 128 1000 63
25 16 64 2000 50
26 4 64 1000 68
27 64 16 2000 75
28 16 16 200 48
29 32 16 100 44
30 4 16 1000 98
31 64 128 2000 86
32 32 8 100 47
33 32 8 2000 39
34 64 16 200 30
35 4 16 2000 50
36 32 128 500 72
37 32 128 2000 88
38 16 128 100 42
39 16 64 100 31
40 4 128 2000 76
41 16 16 2000 52
42 16 128 200 45
43 32 16 100 69
44 4 16 500 43
45 64 16 100 87
46 32 8 200 34
47 32 128 2000 35
48 16 8 500 64
49 64 64 2000 100
50 4 128 200 38
51 64 8 2000 65
52 32 128 1000 32
53 16 16 2000 47
54 16 16 200 68
55 32 8 1000 68
56 32 64 200 76
57 4 64 500 47
58 64 128 200 36
59 4 8 2000 57
60 4 16 2000 50
61 16 128 100 96
62 64 8 1000 44
63 64 8 500 48
64 32 64 2000 91
65 16 8 500 100
66 16 64 2000 32
67 4 64 200 55
68 4 8 200 64
69 64 128 100 43
70 64 8 200 53
71 4 64 100 44
72 64 128 500 84
73 32 16 100 34
74 64 128 2000 54
75 4 64 500 46
76 16 64 100 58
77 16 128 1000 54
78 16 16 200 60
79 4 16 100 51
80 32 8 1000 45
81 16 128 500 70
82 64 128 200 84
83 16 16 500 77
84 32 16 2000 47
85 4 64 1000 94
86 32 8 2000 43
87 4 64 200 60
88 32 16 1000 30
89 16 128 1000 81
90 32 128 200 90
91 32 8 2000 56
92 32 128 2000 60
93 64 8 500 76
94 4 16 500 89
95 4 16 1000 64
96 16 128 1000 81
97 64 8 100 30
98 4 128 2000 81
99 16 16 2000 42
100 64 128 2000 50
101 64 8 100 40
102 64 8 1000 97
103 64 16 2000 80
104 4 64 2000 81
105 32 16 100 79
106 16 8 200 85
107 32 16 1000 59
108 64 8 100 41
109 64 16 200 72
110 4 128 500 67
111 64 8 100 74
112 64 8 500 82
113 32 16 500 55
114 64 8 500 36
115 32 64 200 79
116 64 128 200 100
117 32 8 2000 85
118 4 64 200 79
119 16 64 2000 31
120 32 128 500 94
121 4 128 200 95
122 32 16 500 37
123 32 8 200 60
124 64 64 1000 90
125 64 64 100 81
126 64 64 2000 70
127 4 16 200 64
128 4 64 100 54
129 32 128 1000 86
130 16 8 200 69
131 32 8 1000 70
132 16 16 2000 66
133 64 128 500 74
134 64 16 500 69
135 32 64 500 70
136 4 16 200 88
137 64 8 2000 58
138 32 128 200 36
139 64 8 500 86
140 64 128 500 98
141 32 128 2000 89
142 16 64 2000 43
143 32 64 1000 76
144 16 64 500 45
145 4 128 100 45
146 4 128 100 74
147 64 64 500 34
148 64 64 2000 39
149 16 16 2000 86
150 32 128 100 83
151 16 64 500 44
152 16 8 200 45
153 4 8 100 65
154 16 64 2000 93
155 64 64 100 80
156 4 8 500 39
157 4 128 2000 70
158 64 64 2000 71
159 64 128 500 80
160 32 64 1000 36
161 4 8 500 86
162 32 128 1000 55
163 4 128 1000 92
164 16 64 2000 53
165 32 64 200 53
166 4 16 100 99
167 4 16 100 93
168 64 64 500 64
169 32 128 500 58
170 16 16 200 96
171 64 8 2000 79
172 64 128 200 59
173 16 128 500 34
174 4 64 200 63
175 4 8 2000 50
176 32 16 2000 46
177 4 128 200 70
178 32 8 2000 96
179 4 8 2000 91
180 16 8 200 63
181 64 64 2000 41
182 16 64 2000 58
183 64 8 100 37
184 64 128 1000 41
185 32 16 200 49
186 32 16 200 48
187 32 64 2000 60
188 32 8 100 44
189 16 64 2000 82
190 32 16 2000 63
191 32 16 1000 41
192 64 8 2000 34
193 4 8 1000 85
194 64 128 2000 79
195 4 8 100 62
196 4 8 2000 67
197 64 128 2000 53
198 16 128 1000 92
199 4 16 2000 98
200 64 64 500 55
201 64 8 500 34
202 64 8 500 100
203 64 8 200 98
204 32 128 2000 51
205 4 16 200 75
206 4 8 100 93
207 64 16 2000 88
208 4 128 2000 42
209 32 64 200 69
210 16 128 100 71
211 16 8 200 82
212 4 64 100 69
213 16 128 2000 87
214 16 64 200 49
215 64 8 1000 34
216 16 64 500 47
217 4 16 200 87
218 4 16 500 38
219 32 128 1000 44
220 64 8 1000 57
221 16 128 200 63
222 16 64 2000 69
223 64 64 1000 55
224 32 64 200 68
225 16 64 100 72
226 64 8 500 34
227 4 16 2000 54
228 4 64 100 83
229 4 64 200 88
230 4 16 2000 74
231 32 128 500 49
232 4 128 100 70
233 64 128 200 88
234 16 8 1000 46
235 64 128 500 96
236 32 16 1000 42
237 32 128 100 76
238 32 8 2000 78
239 64 64 1000 58
240 16 8 500 40
241 64 8 1000 58
242 64 8 1000 33
243 32 64 1000 46
244 16 16 200 100
245 32 64 200 58
246 4 8 500 51
247 32 16 200 38
248 16 64 1000 83
249 32 8 1000 48
250 32 8 1000 59
251 64 16 500 93
252 64 8 200 44
253 64 16 200 39
254 64 128 100 74
255 4 8 100 87
256 4 64 2000 36
257 4 16 2000 86
258 32 128 1000 74
259 64 8 500 95
260 64 8 200 37
261 32 128 1000 86
262 4 128 500 58
263 64 128 2000 35
264 32 16 2000 56
265 16 16 500 68
266 32 16 200 51
267 64 8 200 32
268 16 64 100 95
269 64 64 200 96
270 16 128 100 72
271 16 64 200 85
272 32 16 2000 59
273 64 128 100 98
274 16 64 100 93
275 4 8 1000 98
276 4 128 500 62
277 16 16 100 99
278 16 128 500 99
279 64 16 100 93
280 64 16 2000 42
281 16 8 100 63
282 16 64 1000 54
283 32 128 1000 77
284 4 64 100 100
285 4 8 1000 94
286 32 64 1000 86
287 64 8 100 87
288 32 16 200 83
289 32 16 100 61
290 16 128 200 30
291 32 64 100 66
292 16 8 2000 46
293 16 8 1000 57
294 4 128 2000 67
295 4 64 500 80
296 4 16 2000 99
297 16 16 200 63
298 4 128 2000 96
299 64 16 200 63
300 32 16 1000 58
301 32 16 500 38
302 32 128 2000 82
303 16 8 1000 69
304 64 16 100 47
305 64 64 500 55
306 32 128 1000 48
307 64 64 500 76
308 64 16 100 56
309 16 8 2000 38
310 64 8 200 85
311 4 16 200 64
312 32 64 2000 82
313 4 128 500 31
314 4 128 100 51
315 64 16 100 79
316 64 128 500 33
317 32 128 100 41
318 64 64 100 66
319 32 8 2000 49
320 64 64 2000 33
321 64 8 500 77
322 16 128 1000 33
323 64 64 1000 45
324 32 64 500 99
325 64 16 500 66
326 4 16 1000 50
327 32 128 100 99
328 64 64 2000 41
329 64 64 200 59
330 32 128 2000 48
331 32 16 500 98
332 16 128 100 51
333 16 16 1000 50
334 16 64 100 64
335 32 64 200 87
336 64 128 1000 77
337 4 16 2000 97
338 4 128 2000 38
339 64 8 200 77
340 4 8 2000 80
341 64 16 500 90
342 64 16 2000 95
343 16 16 100 66
344 32 8 1000 85
345 64 16 100 91
346 64 8 100 98
347 32 64 200 96
348 32 8 200 89
349 16 8 100 67
350 16 8 1000 54
351 64 128 100 68
352 32 8 2000 32
353 16 128 200 87
354 4 64 2000 75
355 64 64 500 81
356 64 16 1000 45
357 16 16 2000 72
358 4 16 2000 70
359 16 8 1000 79
360 16 16 200 77
361 32 64 100 81
362 64 64 500 51
363 32 64 1000 100
364 64 16 2000 68
365 64 16 1000 51
366 32 64 1000 84
367 32 128 1000 67
368 4 64 100 100
369 16 128 200 63
370 32 64 1000 78
371 4 64 200 99
372 32 128 200 45
373 16 8 1000 36
374 16 8 200 77
375 32 8 500 67
376 32 16 100 74
377 4 64 500 52
378 16 16 100 38
379 32 64 2000 81
380 64 8 1000 39
381 16 8 2000 68
382 16 64 100 78
383 4 8 500 94
384 64 8 100 59
385 4 16 100 55
386 32 16 500 39
387 64 16 500 35
388 32 16 500 61
389 16 64 500 72
390 4 128 1000 98
391 64 128 200 83
392 16 16 200 85
393 4 16 1000 98
394 4 128 200 66
395 32 128 1000 88
396 64 16 2000 75
397 16 16 100 92
398 16 128 1000 79
399 4 64 1000 31
400 4 64 1000 85
401 64 128 1000 48
402 4 64 1000 45
403 32 16 200 54
404 16 128 500 90
405 32 8 500 32
406 16 8 200 41
407 64 64 1000 42
408 4 16 100 51
409 16 8 100 47
410 4 16 200 99
411 32 16 1000 94
412 64 8 200 95
413 64 128 100 100
414 32 128 2000 95
415 64 16 1000 96
416 32 16 200 47
417 32 16 1000 65
418 64 128 200 65
419 16 16 500 90
420 16 128 500 85
421 64 16 500 60
422 32 16 200 84
423 64 128 1000 56
424 32 128 500 66
425 32 8 500 34
426 32 64 2000 65
427 16 128 500 30
428 32 64 1000 76
429 64 128 200 54
430 4 8 1000 44
431 16 8 100 30
432 32 64 1000 90
433 4 8 100 47
434 64 8 200 79
435 16 128 200 60
436 16 8 200 78
437 64 64 100 42
438 16 128 1000 66
439 64 8 2000 86
440 4 64 1000 38
441 32 16 500 67
442 32 128 2000 84
443 32 64 2000 82
444 4 8 200 55
445 32 128 1000 52
446 64 8 500 79
447 16 128 500 64
448 32 16 2000 91
449 32 64 100 89
450 16 128 100 48
451 64 16 500 41
452 16 16 100 36
453 4 8 500 65
454 64 16 1000 64
455 16 128 1000 70
456 4 128 1000 77
457 64 16 200 88
458 32 128 2000 100
459 4 16 100 78
460 16 128 200 64
461 32 8 2000 56
462 64 128 100 35
463 4 128 200 82
464 64 8 2000 80
465 4 64 100 81
466 32 128 500 72
467 64 128 500 89
468 16 128 2000 35
469 4 8 200 62
470 16 16 100 64
471 4 8 1000 54
472 32 128 1000 73
473 64 8 2000 66
474 4 128 200 53
475 4 128 500 65
476 16 128 500 35
477 32 128 500 63
478 64 8 200 44
479 64 8 2000 41
480 4 64 100 97
481 4 8 500 53
482 16 8 100 86
483 16 64 100 57
484 4 16 1000 40
485 64 128 1000 98
486 4 16 200 89
487 16 8 2000 79
488 4 128 100 60
489 32 16 100 88
490 4 128 100 70
491 32 64 200 31
492 64 8 1000 81
493 32 16 100 41
494 16 16 2000 54
495 4 128 500 34
496 16 64 1000 59
497 4 128 2000 84
498 64 8 1000 56
499 64 8 100 87
500 64 64 100 43
501 32 128 500 91
502 32 64 2000 70
503 4 8 2000 96
504 32 128 1000 38
505 4 16 1000 41
506 64 128 100 83
507 4 64 100 61
508 32 8 200 44
509 16 8 1000 86
510 4 128 500 58
511 64 8 100 86
512 32 8 200 55
513 4 128 2000 54
514 64 128 2000 98
515 32 128 2000 31
516 64 8 500 97
517 32 8 1000 69
518 16 16 200 95
519 64 64 1000 45
520 16 64 1000 58
521 16 64 2000 100
522 4 8 2000 77
523 16 128 1000 47
524 16 128 100 37
525 4 16 200 76
526 32 128 1000 79
527 16 8 100 74
528 16 128 500 40
529 32 16 200 97
530 4 128 100 33
531 4 8 1000 93
532 32 128 100 36
533 64 8 200 79
534 32 16 100 89
535 16 128 100 45
536 32 64 200 34
537 4 8 100 54
538 4 128 2000 67
539 4 64 500 99
540 32 64 2000 59
541 16 16 100 51
542 4 128 200 46
543 16 128 500 94
544 32 16 100 43
545 4 16 500 37
546 32 128 500 42
547 32 16 100 58
548 32 64 100 61
549 4 8 2000 53
550 64 128 1000 78
551 64 8 200 41
552 4 128 2000 31
553 4 128 1000 55
554 4 8 500 63
555 32 16 200 58
556 4 128 1000 55
557 32 64 1000 45
558 4 16 2000 47
559 16 16 1000 80
560 16 8 2000 58
561 16 8 500 61
562 32 8 2000 53
563 32 128 100 87
564 64 8 200 46
565 32 128 200 54
566 64 128 100 64
567 32 16 2000 94
568 16 128 1000 97
569 32 128 2000 80
570 64 64 2000 95
571 4 64 2000 48
572 16 64 200 86
573 64 64 200 36
574 32 64 200 86
575 64 128 100 82
576 16 64 1000 46
577 32 128 1000 36
578 4 64 500 95
579 64 8 500 80
580 4 64 500 88
581 16 8 200 88
582 4 16 100 80
583 32 16 500 50
584 64 128 100 90
585 32 128 200 82
586 32 128 2000 39
587 64 8 500 53
588 4 128 2000 35
589 32 64 100 62
590 4 8 2000 53
591 32 8 1000 59
592 64 128 200 62
593 4 64 500 90
594 4 16 1000 34
595 16 8 100 70
596 4 16 2000 49
597 4 8 1000 89
18
14 282 16 97
29 426 37 77
36 242 50 73
76 412 34 92
86 328 28 85
103 556 21 30
142 144 48 59
172 588 25 79
236 565 12 62
248 291 33 56
299 399 15 79
303 367 28 38
323 472 39 96
328 523 19 30
364 468 33 71
394 527 15 33
400 560 46 64
457 541 38 89