839
0 2 2 150 96
1 16 4 100 63
2 2 4 150 98
3 2 64 50 97
4 8 2 150 100
5 16 2 200 74
6 8 16 100 90
7 2 2 100 81
8 8 16 150 51
9 8 2 50 75
10 2 2 50 88
11 8 4 150 64
12 8 64 50 96
13 16 16 200 61
14 8 4 50 66
15 2 64 200 99
16 2 4 200 50
17 2 4 200 73
18 16 2 50 83
19 2 64 100 94
20 8 64 200 56
21 16 64 50 91
22 2 4 200 98
23 8 2 150 53
24 2 64 100 68
25 2 4 50 62
26 16 64 50 99
27 8 16 150 86
28 8 64 150 65
29 2 2 200 58
30 2 16 150 75
31 2 4 200 88
32 16 2 200 81
33 8 64 50 95
34 16 64 200 71
35 8 4 150 57
36 16 4 150 86
37 2 2 150 81
38 2 16 100 83
39 2 16 50 89
40 8 16 150 84
41 16 64 50 74
42 8 64 50 82
43 2 2 150 59
44 16 2 150 88
45 16 2 150 90
46 8 64 200 50
47 16 2 150 60
48 16 16 100 81
49 2 2 150 77
50 2 2 50 97
51 8 16 50 55
52 2 16 100 73
53 16 2 150 94
54 8 2 200 77
55 2 16 200 89
56 8 16 50 82
57 8 4 150 83
58 16 2 100 51
59 16 4 200 63
60 8 64 150 73
61 16 2 200 73
62 16 4 50 82
63 16 4 200 80
64 8 4 200 61
65 16 16 150 67
66 16 16 150 55
67 16 2 200 79
68 8 4 150 88
69 8 4 150 92
70 8 64 100 98
71 2 4 200 71
72 8 64 150 57
73 8 16 50 57
74 2 4 50 73
75 2 4 100 93
76 8 64 50 55
77 2 4 200 88
78 16 2 150 97
79 8 4 50 81
80 2 64 50 65
81 2 16 50 94
82 2 2 100 70
83 16 64 200 67
84 8 4 150 83
85 8 2 50 68
86 2 4 150 82
87 16 64 200 88
88 2 64 100 56
89 8 2 200 91
90 8 16 100 65
91 2 2 150 96
92 8 2 200 87
93 2 16 50 65
94 8 4 200 77
95 8 16 200 51
96 2 4 100 93
97 16 16 50 67
98 16 16 50 51
99 2 4 150 55
100 8 64 100 93
101 16 2 150 66
102 2 64 50 88
103 8 4 150 60
104 16 64 100 65
105 16 64 50 65
106 8 2 150 60
107 2 4 150 97
108 2 16 150 53
109 2 64 150 76
110 2 4 50 81
111 2 4 150 89
112 8 2 200 76
113 16 2 100 89
114 8 4 150 94
115 8 64 150 93
116 2 64 200 88
117 16 64 50 52
118 8 2 100 95
119 8 2 200 70
120 2 64 200 54
121 2 4 200 63
122 2 16 150 97
123 16 2 100 58
124 8 2 50 69
125 2 16 200 83
126 16 4 150 73
127 16 2 200 84
128 8 16 200 58
129 8 2 100 85
130 2 64 150 60
131 8 2 150 64
132 2 64 150 99
133 16 2 200 84
134 8 4 100 78
135 16 64 50 73
136 8 16 50 91
137 8 16 150 75
138 16 2 200 77
139 2 64 50 61
140 2 64 150 98
141 2 4 50 61
142 2 2 100 53
143 16 2 100 77
144 2 4 150 73
145 2 16 200 81
146 16 2 100 69
147 8 64 150 90
148 2 2 100 64
149 2 16 150 97
150 2 2 50 85
151 16 4 100 62
152 8 16 50 70
153 16 64 50 87
154 2 2 200 51
155 8 2 100 93
156 8 64 150 76
157 16 16 200 96
158 16 64 100 88
159 2 64 50 71
160 8 16 100 95
161 16 2 50 83
162 16 4 150 79
163 16 64 200 79
164 16 16 100 58
165 2 64 50 80
166 8 4 50 75
167 2 4 100 81
168 8 16 150 53
169 8 64 150 76
170 2 4 50 57
171 8 4 200 77
172 16 2 200 98
173 16 2 100 53
174 16 16 150 68
175 2 2 50 60
176 8 2 100 58
177 8 4 50 76
178 2 64 200 60
179 2 64 50 85
180 2 64 50 55
181 16 2 50 56
182 16 16 50 69
183 2 16 200 95
184 2 64 200 80
185 2 2 150 66
186 2 4 150 62
187 2 64 100 64
188 16 64 150 66
189 8 16 50 94
190 2 4 200 81
191 8 16 100 72
192 2 64 100 90
193 16 4 100 90
194 2 64 200 76
195 8 4 150 55
196 2 2 50 68
197 2 4 50 58
198 2 4 50 70
199 2 2 100 64
200 2 16 50 88
201 16 64 100 80
202 8 2 100 60
203 2 2 200 71
204 2 16 150 68
205 16 64 150 85
206 16 4 100 83
207 16 16 200 84
208 8 16 50 95
209 2 2 100 67
210 2 16 150 72
211 2 4 50 59
212 16 4 150 91
213 2 16 150 70
214 8 2 150 67
215 16 4 50 81
216 8 2 150 92
217 16 16 50 88
218 2 4 200 99
219 2 64 100 72
220 16 4 100 87
221 2 2 200 84
222 16 64 150 56
223 16 64 100 50
224 2 64 150 92
225 8 4 150 86
226 8 16 200 95
227 2 16 200 66
228 8 4 150 71
229 8 64 100 92
230 16 4 150 67
231 8 64 150 72
232 2 64 50 71
233 8 16 200 81
234 16 16 50 99
235 8 2 150 79
236 2 16 200 100
237 8 16 150 92
238 8 64 100 89
239 8 4 150 85
240 8 64 100 67
241 2 16 100 95
242 16 4 150 71
243 2 64 200 73
244 16 2 200 82
245 8 2 100 98
246 16 2 50 74
247 16 2 100 76
248 2 2 200 50
249 8 4 100 76
250 2 16 100 94
251 16 16 150 60
252 8 64 50 67
253 16 16 50 53
254 16 4 50 59
255 16 2 150 63
256 16 16 50 96
257 2 64 50 58
258 2 64 200 66
259 16 64 200 80
260 2 4 50 54
261 16 64 100 56
262 16 2 200 57
263 8 4 150 64
264 16 4 50 51
265 8 16 100 52
266 8 2 50 70
267 16 16 200 81
268 2 64 100 61
269 8 64 150 69
270 2 16 100 76
271 8 64 50 59
272 8 64 150 84
273 2 4 150 87
274 2 4 200 72
275 16 16 200 52
276 2 16 150 87
277 8 16 200 57
278 2 64 200 57
279 16 4 50 69
280 2 2 200 52
281 16 2 150 82
282 8 4 50 100
283 2 64 50 96
284 8 16 50 95
285 2 64 200 85
286 8 64 200 71
287 8 2 100 60
288 8 2 50 58
289 16 16 200 98
290 2 4 100 52
291 8 4 150 87
292 16 64 100 66
293 16 4 200 51
294 8 2 150 71
295 2 2 50 57
296 8 16 200 76
297 16 16 200 66
298 16 4 150 62
299 2 64 100 77
300 8 64 200 87
301 8 16 100 85
302 16 2 50 69
303 16 4 50 78
304 8 64 200 70
305 8 4 100 71
306 16 4 50 91
307 2 4 150 88
308 16 2 100 66
309 8 2 100 75
310 8 2 150 62
311 16 4 200 57
312 16 64 50 70
313 8 4 200 94
314 8 16 100 66
315 16 16 200 74
316 8 16 200 74
317 16 16 200 75
318 8 2 50 97
319 2 4 150 81
320 2 16 200 60
321 16 64 100 85
322 16 2 100 92
323 8 64 100 84
324 2 64 200 79
325 2 64 200 79
326 2 4 200 62
327 16 4 200 98
328 16 4 100 78
329 8 64 50 86
330 2 16 50 68
331 16 64 100 56
332 16 64 200 79
333 16 4 200 71
334 16 16 50 91
335 16 4 100 67
336 2 4 50 52
337 16 4 150 66
338 8 64 200 97
339 16 4 50 54
340 8 4 100 65
341 16 16 50 68
342 2 2 100 62
343 8 64 150 82
344 8 4 200 57
345 8 64 200 80
346 2 16 200 77
347 2 16 150 55
348 2 4 50 61
349 8 4 200 71
350 16 16 200 95
351 2 16 100 98
352 8 2 150 80
353 2 4 200 89
354 8 64 100 52
355 2 16 50 59
356 8 16 200 84
357 16 4 100 83
358 2 2 200 93
359 2 64 50 65
360 2 2 150 95
361 16 64 150 71
362 2 2 200 64
363 16 16 100 71
364 8 16 50 79
365 2 64 150 88
366 8 4 150 94
367 16 64 200 79
368 2 4 200 58
369 8 64 100 55
370 2 16 100 81
371 16 64 200 63
372 16 2 50 58
373 2 4 50 64
374 8 4 50 71
375 16 64 100 54
376 2 2 150 76
377 8 16 200 73
378 8 4 150 82
379 8 2 100 57
380 2 64 100 59
381 8 64 100 74
382 2 16 50 52
383 2 4 200 52
384 8 4 200 67
385 8 4 50 62
386 8 64 50 63
387 8 4 50 76
388 2 2 50 76
389 2 16 50 90
390 8 16 150 50
391 8 2 200 94
392 2 4 150 90
393 8 4 50 84
394 2 4 200 71
395 8 4 150 57
396 2 4 50 96
397 2 2 50 53
398 8 64 50 93
399 2 4 200 89
400 2 64 100 82
401 2 4 150 72
402 16 2 100 66
403 2 4 200 64
404 8 2 200 92
405 8 2 200 95
406 8 64 100 76
407 2 4 50 95
408 16 2 50 54
409 16 2 100 78
410 8 16 100 67
411 16 16 200 53
412 16 64 100 79
413 2 64 150 71
414 8 4 200 94
415 2 64 50 54
416 8 16 150 79
417 8 4 50 61
418 2 16 50 84
419 2 16 150 52
420 16 4 150 97
421 8 4 50 73
422 8 2 50 70
423 16 4 150 78
424 2 64 100 73
425 16 16 200 99
426 8 16 200 71
427 16 2 50 94
428 2 2 50 60
429 8 64 200 100
430 8 64 200 60
431 8 16 200 88
432 16 4 200 76
433 2 16 100 80
434 8 16 50 100
435 2 4 50 69
436 16 4 50 62
437 2 64 100 65
438 2 4 200 82
439 2 2 100 53
440 2 4 50 73
441 2 64 50 80
442 8 16 200 76
443 8 2 50 53
444 8 2 50 76
445 16 64 150 64
446 16 16 50 50
447 2 64 50 92
448 2 2 100 82
449 2 4 50 54
450 2 4 100 54
451 8 2 100 85
452 8 2 50 69
453 8 2 50 67
454 8 16 50 97
455 2 4 200 52
456 2 4 150 97
457 16 4 150 88
458 8 64 100 97
459 8 4 200 99
460 8 16 200 71
461 16 2 200 72
462 2 16 50 67
463 8 16 100 70
464 16 16 100 70
465 8 16 150 61
466 8 4 150 79
467 2 16 200 56
468 8 16 150 71
469 8 64 50 92
470 16 2 150 96
471 2 64 200 60
472 8 16 200 86
473 8 2 100 84
474 2 16 150 100
475 2 4 100 89
476 2 2 100 88
477 8 16 150 72
478 2 16 200 79
479 2 64 100 98
480 16 16 50 80
481 8 16 200 70
482 2 4 200 90
483 2 16 100 83
484 2 16 150 50
485 8 16 100 55
486 2 4 200 53
487 16 2 50 67
488 8 2 150 70
489 16 64 200 68
490 16 2 150 72
491 2 16 50 51
492 16 16 150 62
493 16 4 50 77
494 8 2 200 54
495 8 4 150 93
496 16 4 100 91
497 8 2 200 55
498 8 4 150 84
499 16 16 150 97
500 8 64 100 51
501 8 4 150 91
502 2 64 150 69
503 8 16 50 79
504 8 2 200 99
505 8 4 150 82
506 16 16 100 95
507 2 64 100 87
508 8 4 200 85
509 8 16 200 92
510 8 16 50 76
511 16 2 200 95
512 8 64 200 99
513 16 64 100 94
514 8 64 100 72
515 2 2 200 99
516 8 16 50 58
517 2 4 50 95
518 16 4 200 74
519 2 2 100 59
520 8 4 100 98
521 2 2 50 71
522 8 2 50 74
523 8 64 100 99
524 8 64 200 100
525 2 64 100 97
526 8 16 50 60
527 2 2 150 90
528 16 4 50 73
529 8 16 200 58
530 16 4 200 96
531 16 16 100 54
532 8 16 50 66
533 8 64 150 54
534 2 64 50 87
535 16 64 100 95
536 8 2 200 60
537 8 2 150 72
538 16 4 150 85
539 2 64 50 67
540 8 64 150 53
541 16 2 150 85
542 2 2 150 86
543 8 64 100 73
544 16 4 50 97
545 8 64 200 60
546 2 16 200 77
547 8 4 50 63
548 2 64 200 56
549 2 64 150 72
550 8 2 100 83
551 2 64 150 53
552 2 64 200 74
553 16 4 150 82
554 2 4 50 52
555 2 64 150 79
556 2 2 200 73
557 2 4 50 93
558 8 16 200 94
559 16 2 100 63
560 2 4 50 51
561 8 64 50 93
562 16 64 200 94
563 16 2 150 62
564 8 2 150 56
565 8 16 200 65
566 8 16 150 52
567 16 2 200 97
568 2 2 100 92
569 2 4 150 81
570 8 2 150 100
571 16 2 100 68
572 8 64 150 72
573 16 64 150 70
574 16 16 50 69
575 8 16 50 83
576 16 16 100 64
577 2 64 100 86
578 16 64 50 78
579 8 4 100 62
580 2 2 50 73
581 16 64 150 70
582 8 4 150 91
583 16 64 200 90
584 8 16 50 79
585 8 16 150 64
586 16 16 50 55
587 2 16 150 66
588 2 16 100 76
589 8 4 100 61
590 8 64 150 63
591 8 16 200 72
592 16 16 200 61
593 16 4 100 90
594 8 2 100 79
595 16 64 200 59
596 16 64 50 85
597 2 64 150 62
598 2 16 50 76
599 2 64 100 53
600 8 64 150 63
601 16 16 150 74
602 8 2 100 80
603 16 64 50 82
604 16 16 100 54
605 8 4 150 83
606 8 16 150 62
607 2 4 100 52
608 16 4 150 78
609 16 16 50 65
610 8 64 50 100
611 16 16 100 99
612 16 16 100 76
613 16 4 50 79
614 2 64 50 64
615 16 2 200 72
616 8 4 150 82
617 16 2 150 86
618 8 64 150 61
619 2 16 100 70
620 16 4 50 99
621 8 16 100 73
622 8 16 100 63
623 2 2 150 94
624 8 4 200 71
625 16 4 100 70
626 2 16 100 64
627 16 2 200 56
628 16 4 50 81
629 8 4 150 55
630 16 2 150 89
631 16 2 150 83
632 2 64 50 93
633 16 16 50 96
634 16 64 150 71
635 8 4 200 90
636 2 16 100 82
637 2 64 150 68
638 2 16 150 74
639 8 64 50 72
640 16 4 50 57
641 8 16 50 90
642 2 64 200 93
643 8 4 100 92
644 8 64 200 65
645 2 2 100 58
646 8 2 50 92
647 16 4 200 98
648 16 16 50 93
649 2 2 200 73
650 2 4 150 65
651 16 16 200 92
652 8 2 100 86
653 16 64 100 76
654 8 64 150 70
655 8 4 150 100
656 8 16 100 94
657 8 2 50 89
658 2 64 50 71
659 8 64 50 75
660 2 16 100 75
661 2 64 50 71
662 16 2 150 66
663 8 4 150 80
664 8 4 150 97
665 2 16 50 67
666 16 16 200 72
667 16 4 100 92
668 16 2 50 65
669 8 2 50 51
670 16 16 200 55
671 8 64 150 53
672 16 64 200 90
673 2 16 150 53
674 8 64 200 89
675 8 16 150 68
676 16 4 50 75
677 16 2 150 70
678 8 2 150 78
679 8 16 200 66
680 2 4 100 57
681 2 4 100 92
682 8 16 50 54
683 2 4 100 96
684 8 2 100 51
685 2 4 200 85
686 16 64 50 100
687 8 4 100 58
688 16 2 50 55
689 8 64 50 92
690 2 64 150 62
691 16 64 150 72
692 2 2 200 52
693 16 64 200 85
694 2 4 100 93
695 8 16 100 87
696 16 4 100 60
697 8 64 200 62
698 16 2 50 60
699 8 4 200 64
700 16 4 50 52
701 16 64 50 80
702 2 64 100 72
703 16 64 150 76
704 16 16 50 52
705 8 64 200 74
706 2 4 150 81
707 8 64 150 86
708 2 4 100 83
709 2 4 150 50
710 8 16 50 55
711 2 2 150 74
712 8 16 200 70
713 16 64 100 88
714 16 64 150 73
715 16 64 50 64
716 8 4 50 59
717 8 16 200 81
718 8 2 150 67
719 8 2 200 100
720 8 16 100 68
721 8 4 100 91
722 8 16 100 68
723 16 4 50 73
724 16 64 50 85
725 2 4 150 62
726 2 64 150 55
727 16 16 100 52
728 2 4 150 98
729 8 4 50 71
730 2 2 150 50
731 2 2 100 100
732 2 2 150 100
733 2 64 100 58
734 8 4 100 98
735 2 2 200 58
736 8 16 100 90
737 16 2 100 89
738 2 4 50 92
739 8 64 50 68
740 16 16 50 67
741 2 16 150 52
742 16 64 150 88
743 16 16 100 66
744 2 64 150 84
745 2 2 100 95
746 16 2 50 99
747 16 2 100 67
748 16 64 50 96
749 2 64 150 71
750 2 16 150 91
751 2 4 100 88
752 8 4 150 66
753 2 16 100 50
754 2 64 50 53
755 8 16 50 71
756 2 4 50 99
757 2 4 200 51
758 16 4 200 90
759 2 4 150 54
760 16 2 150 73
761 2 64 100 72
762 8 64 150 68
763 16 64 200 76
764 2 4 150 72
765 2 16 50 91
766 2 64 150 82
767 2 64 200 69
768 16 64 50 52
769 8 2 50 73
770 16 2 100 98
771 2 16 100 92
772 16 16 100 92
773 2 64 150 84
774 16 64 150 64
775 16 64 100 62
776 2 16 150 100
777 2 2 200 90
778 2 64 50 72
779 8 4 150 74
780 16 4 200 85
781 16 64 150 87
782 16 64 150 89
783 8 4 50 57
784 16 64 100 78
785 2 64 100 65
786 8 64 100 52
787 8 2 200 65
788 8 2 100 62
789 2 16 200 97
790 2 16 100 63
791 8 2 50 78
792 16 4 150 90
793 8 16 100 59
794 16 64 200 97
795 16 16 150 68
796 16 4 200 58
797 8 64 50 64
798 8 64 50 72
799 2 16 200 51
800 16 4 200 65
801 2 16 50 65
802 16 16 200 80
803 16 4 200 99
804 8 64 100 61
805 2 4 50 53
806 2 64 100 58
807 16 16 100 98
808 8 64 200 61
809 8 64 150 91
810 8 2 100 50
811 16 64 100 52
812 8 64 100 69
813 16 2 50 89
814 2 4 200 61
815 2 2 150 74
816 8 4 150 68
817 2 16 50 83
818 16 4 200 75
819 8 2 150 63
820 2 16 150 75
821 2 2 150 98
822 8 16 150 50
823 8 4 100 52
824 16 16 150 80
825 8 16 100 51
826 16 4 100 91
827 2 16 50 63
828 2 2 200 51
829 2 64 100 93
830 8 64 100 92
831 2 4 100 52
832 8 16 50 98
833 8 64 200 52
834 16 64 50 94
835 16 2 100 54
836 16 2 50 98
837 16 64 50 60
838 2 2 100 90
41
11 723 56 191
12 481 42 170
27 615 68 113
34 83 57 133
39 493 55 145
49 541 44 194
53 568 47 115
57 127 70 197
86 651 41 177
97 479 66 155
131 251 65 147
139 353 61 100
158 560 69 173
160 543 61 149
196 450 60 161
205 660 51 156
218 838 68 129
230 245 59 135
254 418 49 200
276 401 52 173
284 797 45 125
302 321 49 145
324 593 61 129
326 832 51 106
329 342 58 123
340 591 70 143
346 562 53 133
352 529 44 178
356 674 52 176
379 828 53 184
405 784 52 156
417 640 64 188
475 517 53 143
477 618 57 102
524 775 49 118
553 773 49 106
646 658 46 109
699 705 63 179
715 792 65 101
726 744 57 180
767 782 70 178