87
0 128 128 500 154
1 128 16 1000 146
2 32 64 800 129
3 128 16 1000 103
4 128 16 1000 123
5 64 256 1000 123
6 16 128 1000 162
7 32 128 800 93
8 16 16 800 189
9 128 256 800 127
10 64 128 800 199
11 64 64 5000 140
12 32 16 800 184
13 32 256 800 180
14 32 128 5000 156
15 16 256 1000 164
16 16 16 5000 175
17 64 16 800 174
18 128 256 500 149
19 16 256 500 133
20 64 64 500 139
21 32 64 5000 118
22 32 256 5000 198
23 32 128 1000 200
24 16 16 1000 183
25 128 16 800 128
26 16 16 5000 105
27 32 16 2400 101
28 16 128 800 90
29 64 64 1000 134
30 16 64 2400 141
31 32 16 2400 167
32 64 256 5000 121
33 128 16 500 144
34 16 16 2400 188
35 64 16 500 115
36 64 128 5000 139
37 16 256 5000 95
38 32 64 1000 107
39 64 256 1000 143
40 128 16 1000 167
41 64 64 500 190
42 128 256 1000 118
43 32 64 5000 142
44 32 16 5000 178
45 32 256 2400 162
46 32 128 1000 110
47 16 16 5000 104
48 16 128 5000 189
49 32 128 800 139
50 128 128 2400 180
51 128 16 800 192
52 32 64 5000 93
53 32 256 500 179
54 128 64 800 152
55 64 256 800 93
56 32 16 5000 144
57 128 64 2400 156
58 128 128 800 91
59 16 16 5000 97
60 32 16 2400 110
61 128 64 1000 175
62 64 128 800 116
63 128 64 5000 151
64 32 64 500 150
65 32 16 500 120
66 16 256 500 116
67 128 64 1000 97
68 32 128 1000 184
69 16 16 1000 165
70 128 128 2400 163
71 128 16 1000 120
72 32 256 500 116
73 16 128 800 131
74 128 128 500 157
75 32 64 800 127
76 32 256 1000 92
77 32 16 500 104
78 32 256 5000 124
79 64 128 5000 186
80 16 256 500 103
81 128 256 2400 191
82 32 16 1000 151
83 32 256 1000 107
84 64 64 500 198
85 128 128 5000 116
86 128 16 5000 113
1
22 50 61 163