466
0 16 16 200 60
1 2 16 200 88
2 16 2 100 78
3 8 16 150 60
4 2 4 200 80
5 2 16 100 75
6 16 2 200 100
7 2 4 150 66
8 8 16 100 71
9 8 64 100 67
10 2 16 200 68
11 8 16 150 84
12 16 16 100 84
13 2 4 100 79
14 8 64 150 51
15 8 4 150 78
16 2 2 100 73
17 8 4 150 51
18 2 64 50 83
19 8 64 100 65
20 2 64 50 96
21 2 2 50 58
22 8 2 50 56
23 16 4 100 87
24 16 64 150 50
25 8 4 200 83
26 16 16 50 50
27 2 64 200 93
28 16 64 200 90
29 16 2 150 84
30 16 16 50 81
31 16 4 150 76
32 2 2 100 85
33 8 16 100 73
34 16 2 100 77
35 16 16 100 60
36 16 2 150 83
37 16 64 50 92
38 16 64 200 75
39 2 64 200 88
40 16 64 200 73
41 16 2 50 83
42 2 2 200 90
43 8 16 200 54
44 8 2 50 67
45 16 2 100 52
46 16 2 50 96
47 2 2 50 94
48 8 2 100 94
49 16 16 150 64
50 16 64 100 50
51 8 4 150 91
52 8 16 50 97
53 8 16 50 58
54 8 4 200 88
55 16 64 200 84
56 8 4 50 65
57 2 16 200 70
58 2 4 50 81
59 8 4 200 64
60 16 64 100 88
61 2 16 50 52
62 8 4 150 75
63 2 2 100 91
64 2 16 100 79
65 2 64 150 57
66 2 16 100 92
67 16 64 50 64
68 2 16 200 97
69 8 64 150 63
70 8 16 150 59
71 16 16 100 81
72 2 2 150 80
73 2 64 100 72
74 8 2 50 100
75 16 16 150 66
76 16 2 200 74
77 16 16 100 75
78 2 2 100 55
79 2 64 150 67
80 8 2 100 85
81 16 2 100 92
82 8 2 200 68
83 8 64 50 86
84 16 64 50 90
85 2 2 200 94
86 16 16 150 78
87 8 16 150 78
88 8 16 150 51
89 2 2 50 61
90 8 4 200 77
91 8 4 50 84
92 8 4 150 63
93 8 64 150 59
94 2 64 100 59
95 16 2 100 80
96 8 4 200 99
97 2 2 50 57
98 8 64 50 94
99 8 2 200 61
100 8 4 50 97
101 8 64 50 77
102 8 16 150 67
103 8 2 200 89
104 8 16 50 68
105 16 2 100 90
106 8 64 200 50
107 8 2 150 57
108 2 64 150 85
109 2 16 150 86
110 8 4 100 89
111 16 64 200 53
112 8 16 50 56
113 2 4 200 80
114 8 64 200 90
115 16 2 200 68
116 16 4 200 69
117 2 4 150 65
118 16 4 100 79
119 2 2 150 52
120 16 16 150 68
121 2 2 200 78
122 16 16 100 86
123 2 64 200 58
124 16 2 50 53
125 16 2 50 54
126 8 4 50 78
127 2 2 50 81
128 16 2 200 90
129 8 16 50 78
130 2 64 100 77
131 16 16 50 50
132 16 64 200 94
133 2 64 150 97
134 2 4 150 60
135 8 4 150 64
136 8 16 100 73
137 16 16 200 70
138 16 4 50 72
139 16 16 200 85
140 8 16 100 76
141 2 16 50 52
142 16 16 50 67
143 8 16 200 52
144 8 2 200 60
145 16 4 150 53
146 16 2 150 84
147 8 2 50 90
148 2 16 50 57
149 2 64 150 59
150 8 2 150 83
151 8 16 200 89
152 8 16 150 51
153 2 16 150 80
154 16 4 100 76
155 8 4 100 58
156 16 4 50 95
157 8 64 200 72
158 16 4 50 57
159 16 4 50 77
160 2 64 50 66
161 8 2 50 99
162 8 16 200 59
163 8 4 150 58
164 16 16 200 77
165 2 2 100 64
166 16 64 100 69
167 2 2 100 59
168 16 4 100 87
169 2 2 200 77
170 8 2 200 98
171 16 2 200 93
172 2 64 150 70
173 2 2 200 89
174 8 16 200 72
175 2 16 150 71
176 8 64 200 73
177 16 64 50 88
178 8 64 50 57
179 2 4 100 76
180 8 2 50 91
181 2 16 50 95
182 16 64 50 69
183 16 16 150 99
184 16 16 100 81
185 2 2 50 99
186 8 64 150 72
187 2 2 100 62
188 2 64 200 67
189 8 64 150 82
190 8 64 50 57
191 8 64 150 80
192 2 16 50 70
193 16 16 50 86
194 8 2 200 80
195 2 64 150 69
196 2 16 50 77
197 16 2 50 55
198 8 16 150 56
199 8 64 150 50
200 2 4 200 79
201 16 64 50 63
202 8 4 150 53
203 2 2 200 85
204 2 2 150 95
205 2 64 50 52
206 8 4 150 89
207 8 2 100 88
208 16 2 150 56
209 16 2 200 60
210 16 4 100 90
211 8 64 150 70
212 2 64 50 79
213 2 16 50 72
214 16 64 200 82
215 2 16 50 97
216 8 4 100 56
217 16 64 100 54
218 8 16 100 60
219 16 2 50 88
220 8 64 100 80
221 16 2 200 100
222 16 16 100 52
223 2 4 200 66
224 16 2 100 73
225 8 64 50 95
226 16 2 50 55
227 2 16 50 95
228 16 2 150 63
229 16 64 100 72
230 8 2 50 51
231 2 64 150 84
232 8 16 100 77
233 2 2 50 86
234 8 4 150 99
235 2 2 50 75
236 16 16 100 57
237 8 2 200 52
238 16 64 100 75
239 16 2 150 94
240 2 64 200 77
241 16 16 100 52
242 2 64 50 88
243 8 2 150 52
244 8 2 150 69
245 2 4 150 50
246 2 16 100 61
247 2 4 100 78
248 16 16 50 93
249 2 4 200 78
250 16 16 150 66
251 2 64 50 80
252 8 64 200 80
253 2 64 100 88
254 16 2 100 52
255 16 64 50 84
256 8 2 200 89
257 16 2 150 71
258 2 16 100 96
259 16 4 200 85
260 2 16 200 70
261 16 4 150 61
262 8 4 100 67
263 16 64 150 83
264 8 16 200 94
265 16 64 50 79
266 8 16 200 66
267 8 4 200 87
268 16 16 100 67
269 2 2 100 100
270 8 2 50 94
271 2 4 150 80
272 16 2 200 53
273 8 64 50 74
274 8 4 150 50
275 16 4 50 92
276 16 4 200 63
277 16 2 50 69
278 16 4 150 51
279 8 16 200 89
280 8 16 150 80
281 8 64 50 79
282 2 64 100 81
283 8 4 200 54
284 16 16 50 74
285 8 64 100 87
286 2 16 200 78
287 8 4 100 69
288 2 16 100 72
289 2 64 200 91
290 2 4 200 71
291 16 4 100 50
292 2 64 100 81
293 2 16 200 87
294 8 64 50 99
295 8 16 200 67
296 8 4 200 100
297 2 16 150 69
298 8 64 200 53
299 16 16 200 82
300 2 2 100 62
301 16 16 150 90
302 8 64 50 89
303 2 2 150 87
304 8 64 150 74
305 8 2 50 83
306 8 4 200 95
307 2 2 100 79
308 2 4 50 92
309 16 16 100 56
310 16 2 100 88
311 16 4 200 74
312 16 64 100 99
313 16 64 100 82
314 8 2 100 67
315 8 16 100 81
316 8 2 200 51
317 16 4 200 65
318 2 2 50 63
319 8 4 50 90
320 16 4 50 94
321 2 64 200 76
322 2 4 200 96
323 2 16 100 81
324 8 2 100 52
325 2 16 200 53
326 16 2 50 56
327 16 16 100 54
328 2 16 100 85
329 2 4 100 66
330 16 2 200 60
331 2 2 150 77
332 16 16 150 81
333 8 64 200 57
334 8 4 150 64
335 16 2 50 73
336 8 2 200 100
337 8 16 50 54
338 2 64 150 72
339 2 4 200 67
340 2 16 200 90
341 8 2 50 95
342 16 4 100 61
343 2 16 50 53
344 16 4 50 100
345 16 64 100 100
346 8 4 150 60
347 16 64 100 56
348 16 2 50 51
349 8 2 100 76
350 2 4 100 85
351 8 64 100 72
352 2 4 50 80
353 2 2 150 59
354 16 64 200 89
355 8 16 200 71
356 2 16 200 70
357 16 64 100 85
358 8 4 150 84
359 2 16 150 52
360 8 16 50 66
361 16 16 50 54
362 2 64 100 100
363 16 4 100 70
364 16 16 50 78
365 16 4 150 78
366 2 2 100 62
367 16 16 50 82
368 16 16 100 59
369 16 16 100 57
370 16 16 100 96
371 16 64 150 54
372 2 64 50 61
373 8 16 100 71
374 8 4 150 88
375 8 64 200 56
376 8 64 150 58
377 2 16 100 56
378 8 16 200 63
379 8 4 150 80
380 16 2 150 66
381 2 16 200 59
382 16 4 50 73
383 2 64 50 88
384 2 64 200 61
385 16 16 100 98
386 8 4 50 56
387 16 2 150 87
388 8 2 100 71
389 8 16 100 66
390 16 2 200 98
391 8 64 100 63
392 16 16 50 56
393 2 4 50 51
394 8 16 150 62
395 2 16 50 83
396 16 64 50 70
397 16 16 100 72
398 16 64 50 58
399 2 16 100 52
400 2 4 200 73
401 16 4 150 87
402 8 16 200 52
403 2 2 150 90
404 8 4 100 74
405 16 4 200 59
406 2 16 100 60
407 16 2 100 60
408 8 64 100 100
409 8 16 50 98
410 2 4 50 52
411 8 2 200 92
412 8 16 150 67
413 16 4 50 96
414 2 4 50 88
415 16 4 50 90
416 8 2 150 83
417 8 2 150 62
418 16 16 50 86
419 8 64 100 98
420 8 4 50 67
421 2 16 200 92
422 8 16 200 58
423 16 4 50 96
424 8 64 100 83
425 16 16 100 63
426 8 2 100 76
427 2 64 100 67
428 8 16 50 90
429 16 4 200 57
430 16 64 200 78
431 16 64 150 69
432 16 4 100 57
433 16 2 50 70
434 2 16 50 69
435 8 4 150 81
436 16 2 100 56
437 8 2 150 52
438 8 64 150 69
439 2 2 100 99
440 16 64 100 70
441 16 2 200 50
442 16 4 200 80
443 2 64 100 73
444 16 16 150 59
445 16 2 50 58
446 16 64 50 71
447 16 4 200 89
448 8 4 200 71
449 8 16 200 85
450 16 4 150 98
451 2 2 200 65
452 2 4 100 60
453 8 16 50 68
454 16 16 50 70
455 2 64 50 67
456 16 4 200 89
457 2 4 150 72
458 16 64 200 51
459 16 4 50 70
460 2 4 50 85
461 8 16 200 67
462 2 4 150 70
463 2 64 50 95
464 16 16 200 50
465 8 2 200 92
65
2 175 46 91
7 166 67 182
7 134 63 174
10 278 57 157
14 395 46 139
16 358 60 167
16 340 70 131
25 298 53 157
30 76 53 147
32 95 46 152
35 261 66 160
39 350 63 194
42 140 43 183
52 340 63 164
56 466 53 142
57 163 67 162
59 375 60 160
83 93 55 153
87 153 53 140
91 273 45 162
95 408 47 123
101 450 68 129
108 394 48 91
110 224 46 186
121 126 49 195
129 445 63 145
129 354 52 122
131 360 62 101
143 290 68 120
144 270 56 102
146 463 66 159
146 365 40 95
148 313 65 199
150 378 51 142
150 410 54 146
160 161 51 184
164 219 65 177
166 285 57 96
166 383 52 181
171 223 52 109
173 357 44 115
181 297 41 125
189 383 67 111
190 256 44 170
197 298 40 185
205 291 59 99
206 258 59 153
208 324 40 185
215 238 43 186
227 378 64 144
235 398 51 156
241 343 51 144
242 279 50 103
248 314 53 177
264 319 66 128
272 463 66 121
272 446 51 191
274 280 63 181
277 316 40 106
282 399 64 147
301 459 61 190
370 426 56 145
383 423 59 177
392 425 54 91
412 441 68 126