77
0 64 8 200 67
1 4 128 100 65
2 64 64 200 56
3 16 16 2000 100
4 32 128 200 40
5 32 8 100 96
6 16 128 2000 80
7 64 8 500 57
8 64 128 100 58
9 16 64 100 98
10 64 64 1000 82
11 32 128 2000 86
12 4 8 100 60
13 64 128 1000 52
14 64 8 200 81
15 16 16 200 38
16 4 64 100 73
17 4 8 100 67
18 16 128 200 37
19 4 128 200 50
20 16 128 200 67
21 64 64 2000 78
22 32 8 100 57
23 4 64 500 51
24 64 64 2000 44
25 32 16 1000 89
26 64 8 1000 77
27 4 16 200 67
28 64 64 100 43
29 4 128 500 38
30 64 16 1000 44
31 32 64 100 44
32 16 64 1000 94
33 16 16 2000 34
34 16 64 100 85
35 64 16 500 56
36 4 128 100 35
37 64 64 100 65
38 16 64 200 37
39 16 64 500 97
40 4 128 100 41
41 64 8 2000 30
42 16 8 200 64
43 32 16 2000 46
44 32 8 100 83
45 32 64 1000 84
46 4 16 1000 74
47 16 8 2000 42
48 32 16 1000 91
49 16 8 100 45
50 4 16 2000 58
51 64 8 500 35
52 32 128 1000 50
53 4 8 100 70
54 16 64 200 51
55 4 128 100 76
56 16 8 200 44
57 16 8 200 84
58 16 128 100 58
59 16 16 2000 100
60 64 64 500 77
61 4 64 2000 62
62 16 8 200 54
63 16 8 1000 80
64 32 16 200 95
65 4 8 2000 80
66 32 16 100 64
67 64 128 2000 70
68 4 128 2000 63
69 16 16 100 77
70 64 128 500 80
71 16 8 200 46
72 64 16 2000 41
73 4 8 2000 90
74 32 8 1000 50
75 16 16 100 48
76 64 8 200 66
32
0 52 39 57
1 24 50 45
2 8 25 79
3 74 31 79
3 54 11 37
4 14 46 82
7 13 20 72
7 50 46 56
9 41 16 52
10 70 31 63
11 66 37 90
12 29 40 81
13 44 39 68
16 39 11 56
16 66 10 38
17 57 15 85
20 36 21 82
20 23 49 50
21 53 24 51
30 39 43 67
33 53 26 82
35 53 39 84
36 37 14 37
40 63 46 35
41 43 27 96
44 53 27 70
45 73 47 90
46 58 24 72
46 63 30 46
50 73 41 40
53 74 33 39
59 69 42 42