204
0 16 16 100 75
1 8 4 50 63
2 8 64 50 97
3 2 64 100 56
4 16 64 200 93
5 16 16 100 55
6 16 2 200 55
7 8 2 200 53
8 2 2 50 99
9 8 4 50 73
10 2 64 100 53
11 16 16 100 84
12 16 4 200 93
13 2 16 50 55
14 8 64 200 93
15 2 2 200 74
16 8 2 100 90
17 2 4 50 91
18 16 4 150 56
19 16 2 200 69
20 2 4 100 86
21 8 64 50 69
22 16 2 50 58
23 16 64 150 69
24 2 2 200 94
25 8 64 50 91
26 2 16 150 66
27 8 64 150 72
28 2 64 200 86
29 8 4 100 78
30 2 2 150 72
31 8 2 100 51
32 8 4 100 79
33 2 16 100 53
34 2 16 100 53
35 16 64 150 68
36 2 64 200 81
37 8 16 50 87
38 16 4 50 86
39 16 2 100 68
40 8 4 50 86
41 16 64 100 74
42 16 16 50 68
43 2 2 200 54
44 16 16 200 92
45 8 2 100 88
46 16 2 200 91
47 16 16 100 98
48 2 16 150 58
49 8 4 150 60
50 2 2 100 59
51 8 64 100 87
52 2 2 50 78
53 8 16 50 88
54 2 4 50 61
55 2 4 50 91
56 8 16 150 55
57 2 16 100 56
58 8 4 200 83
59 2 4 50 79
60 16 64 150 59
61 2 64 50 52
62 8 4 150 89
63 2 2 50 61
64 16 16 200 51
65 2 2 200 91
66 2 64 150 55
67 2 16 100 56
68 8 4 150 79
69 16 16 150 68
70 2 4 100 93
71 2 4 150 82
72 2 64 50 82
73 16 16 150 64
74 8 2 200 89
75 2 4 50 68
76 8 64 200 54
77 16 4 200 71
78 2 4 100 66
79 8 2 200 59
80 8 2 150 91
81 16 16 200 96
82 8 64 200 71
83 16 16 50 62
84 2 16 100 77
85 2 4 200 66
86 8 4 200 72
87 2 16 100 78
88 8 16 200 97
89 2 64 150 56
90 8 4 150 60
91 16 2 50 98
92 16 64 100 88
93 2 64 100 100
94 16 2 50 65
95 16 64 200 87
96 2 2 50 90
97 8 2 150 86
98 2 64 200 61
99 16 16 150 76
100 8 4 100 84
101 8 16 50 95
102 2 16 200 87
103 8 2 100 80
104 16 2 50 96
105 2 16 100 75
106 8 64 200 82
107 2 4 100 85
108 8 16 150 52
109 8 4 200 64
110 16 16 50 78
111 8 2 150 53
112 16 16 50 76
113 16 16 200 94
114 8 4 100 54
115 2 2 100 99
116 8 4 100 80
117 8 4 100 82
118 2 2 200 82
119 8 64 100 56
120 2 64 150 87
121 8 16 200 56
122 2 2 50 83
123 2 4 150 60
124 8 2 150 55
125 16 16 150 51
126 8 16 200 89
127 16 2 100 85
128 8 4 50 95
129 8 64 50 51
130 16 64 50 80
131 2 64 50 64
132 16 2 150 92
133 2 64 100 100
134 16 4 150 54
135 8 2 150 68
136 2 64 50 51
137 16 2 150 97
138 2 2 150 95
139 8 64 100 59
140 16 2 50 67
141 2 4 100 98
142 8 4 200 98
143 16 16 50 51
144 16 2 100 85
145 8 64 200 89
146 16 2 200 51
147 2 16 50 76
148 2 16 50 91
149 8 2 150 51
150 8 16 150 79
151 16 4 100 62
152 2 4 50 82
153 8 4 50 69
154 2 64 150 54
155 16 2 50 51
156 16 64 50 65
157 2 2 150 59
158 8 4 100 72
159 8 4 200 61
160 16 64 150 69
161 16 64 100 84
162 16 16 200 80
163 16 16 200 59
164 8 4 100 82
165 8 2 150 90
166 2 64 100 69
167 16 4 200 60
168 2 64 200 80
169 2 2 150 94
170 16 2 50 92
171 16 64 150 55
172 8 4 50 100
173 8 4 150 74
174 16 16 200 97
175 2 16 200 81
176 2 4 200 58
177 16 2 200 96
178 16 2 150 86
179 16 16 50 77
180 2 4 150 95
181 8 4 150 72
182 8 64 50 52
183 8 2 50 75
184 16 16 50 62
185 8 64 150 58
186 2 2 150 92
187 8 4 100 86
188 8 2 200 71
189 8 16 50 90
190 2 4 50 88
191 16 4 100 81
192 16 64 50 84
193 2 16 100 85
194 2 2 150 69
195 8 16 50 96
196 2 64 50 59
197 2 2 200 90
198 16 16 200 90
199 16 16 150 62
200 16 16 100 85
201 16 2 100 87
202 2 16 50 94
203 2 2 100 97
19
6 110 57 168
16 203 61 96
18 30 52 173
22 65 69 199
28 66 62 174
30 181 66 185
32 195 59 177
34 178 56 144
37 186 67 154
39 98 59 194
41 163 65 197
52 129 64 199
79 83 56 161
79 152 44 91
96 108 58 185
112 130 67 135
119 182 52 182
143 149 45 199
166 174 48 91